5.04335623e-01  5.07851966e-01  5.03537209e-01
5.00948503e-01  5.11487677e-01  5.00035917e-01
5.01474644e-01  5.11628024e-01  5.01893744e-01
4.99220996e-01  5.06466195e-01  5.02430444e-01
7.19720864e-01  4.32494274e-01  5.71682442e-01
5.00798682e-01  5.10132327e-01  5.05036350e-01
5.00943678e-01  5.10042196e-01  4.97793239e-01
5.02756009e-01  5.07128256e-01  5.02370538e-01
5.02067086e-01  5.11088351e-01  5.03096212e-01
5.00994200e-01  5.10856616e-01  5.04283281e-01
4.99384379e-01  5.12889680e-01  5.01663589e-01
5.01797408e-01  5.13197576e-01  4.97648426e-01
5.00634835e-01  5.10929898e-01  5.01229776e-01
5.00994897e-01  5.07427993e-01  4.99524898e-01
5.04192893e-01  5.11323660e-01  5.01473435e-01
5.02654838e-01  5.12932408e-01  5.01354208e-01
5.05687142e-01  5.07920078e-01  5.00606586e-01
5.02564053e-01  5.08571522e-01  5.02382807e-01
5.04403656e-01  5.06388549e-01  4.99351141e-01
5.06122958e-01  5.06489284e-01  5.04963286e-01
5.00720280e-01  5.12433086e-01  4.99380845e-01
4.98776758e-01  5.05802100e-01  5.01523479e-01
5.01077181e-01  5.08262817e-01  4.97430544e-01
4.98689443e-01  5.09930434e-01  5.00099381e-01
5.04247770e-01  5.06164692e-01  4.98163659e-01
4.98970348e-01  5.11611346e-01  5.04054668e-01
5.01459098e-01  5.05750010e-01  5.00592197e-01
5.03387053e-01  5.05411869e-01  5.04358238e-01
5.05176957e-01  5.12955587e-01  5.03976136e-01
5.03115134e-01  5.10955056e-01  4.97605967e-01
5.00427703e-01  5.06308369e-01  4.99987305e-01
5.05386998e-01  5.08752987e-01  5.04960731e-01
5.03033471e-01  5.10975502e-01  5.00061723e-01
4.98479449e-01  5.10459345e-01  5.03817048e-01
5.03646646e-01  5.09354784e-01  5.04245625e-01
5.04636703e-01  5.06801663e-01  4.97653882e-01
5.05469706e-01  5.07558539e-01  5.04933799e-01
5.03251452e-01  5.10756879e-01  4.97158971e-01
5.03243000e-01  5.06443744e-01  4.97251028e-01
8.53923926e-01  9.96677866e-01  4.38231608e-01
4.98631460e-01  5.12010258e-01  5.01706930e-01
5.03105704e-01  5.11319339e-01  4.97869769e-01
5.03467105e-01  5.07266040e-01  5.00987144e-01
5.00265465e-01  5.06682385e-01  4.97974056e-01
5.01768927e-01  5.08362485e-01  4.99339132e-01
5.05857587e-01  5.11560328e-01  5.03127066e-01
5.01230354e-01  5.08786564e-01  5.03658852e-01
4.99540436e-01  5.08947391e-01  4.99327896e-01
5.05804544e-01  5.05393946e-01  4.98147761e-01
5.06088728e-01  5.12622461e-01  5.00248610e-01
7.55605988e-01  3.00629109e-01  9.32607658e-01
5.00316318e-01  5.09182064e-01  5.01332434e-01
5.04846624e-01  5.09664158e-01  5.02025280e-01
4.99590695e-01  5.10953516e-01  5.00088717e-01
5.02343833e-01  5.10620564e-01  5.03240961e-01
5.05735240e-01  5.12935601e-01  4.99531323e-01
4.98453903e-01  5.06960345e-01  5.00789376e-01
5.05610978e-01  5.09452005e-01  4.99990358e-01
4.99750352e-01  5.12455484e-01  5.01833454e-01
5.01328899e-01  5.05670027e-01  4.97868635e-01
5.04545372e-01  5.08362952e-01  5.00137192e-01
4.99309002e-01  5.13149797e-01  4.98583861e-01
4.99731084e-01  5.09752531e-01  5.00870809e-01
5.03940189e-01  5.06027898e-01  5.02254907e-01
5.00840995e-01  5.05754438e-01  4.98359100e-01
5.01068898e-01  5.06058361e-01  5.04071585e-01
5.01212821e-01  5.11205033e-01  5.01729161e-01
4.98690191e-01  5.11069932e-01  5.00135413e-01
5.00262355e-01  5.12843406e-01  5.04826499e-01
5.03425062e-01  5.10228738e-01  5.03840282e-01
5.00801657e-01  5.12758963e-01  5.00286459e-01
5.00401587e-01  5.10267321e-01  4.98006813e-01
5.00062933e-01  5.12807636e-01  4.99687698e-01
5.00383944e-01  5.12378020e-01  4.99492738e-01
5.01865304e-01  5.12711772e-01  4.98106042e-01
5.06069687e-01  5.09691530e-01  5.00038862e-01
4.99831291e-01  5.09544305e-01  5.02443877e-01
5.03974760e-01  5.08324125e-01  4.99888711e-01
4.99172567e-01  5.05585289e-01  5.04859601e-01
5.00968063e-01  5.06798403e-01  4.99457009e-01
5.05825272e-01  5.07558097e-01  4.98331190e-01
5.04726033e-01  5.05632968e-01  5.04923205e-01
5.02143422e-01  5.07306543e-01  5.03205066e-01
5.05946400e-01  5.10415998e-01  5.02869716e-01
5.00858476e-01  5.06025393e-01  4.98117611e-01
5.05490197e-01  5.05970427e-01  5.00135568e-01
3.73764781e-01  8.32095873e-01  8.89933039e-01
5.03495847e-01  5.09770458e-01  5.03473140e-01
5.03388254e-01  5.11982451e-01  5.01989402e-01
5.03799701e-01  5.12136090e-01  5.03736603e-01
5.00619455e-01  5.09726372e-01  5.03820929e-01
4.99715453e-01  5.06688543e-01  5.04897891e-01
5.05344974e-01  5.10027702e-01  4.99859733e-01
5.02214874e-01  5.12340804e-01  4.99803701e-01
4.89430809e-01  9.81121526e-01  6.00620632e-01
6.41240267e-01  7.32466083e-01  5.39018818e-01
5.02939171e-01  5.08548549e-01  5.04855827e-01
5.00656973e-01  5.13378525e-01  5.02898842e-01
4.98565960e-01  5.07149429e-01  5.05053877e-01
4.99961538e-01  5.08144073e-01  4.98702302e-01
5.02459347e-01  5.09300844e-01  5.04307729e-01
5.00332074e-01  5.13264923e-01  5.01822696e-01
5.00153051e-01  5.10203317e-01  4.98413013e-01
5.00701833e-01  5.08039787e-01  5.01587924e-01
5.02479818e-01  5.08149002e-01  5.01376558e-01
5.02426787e-01  5.07177451e-01  4.98750685e-01
5.00055799e-01  5.10792510e-01  5.01751704e-01
5.01130549e-01  5.09365138e-01  5.00539351e-01
5.00967507e-01  5.05865953e-01  5.00668852e-01
5.00984856e-01  5.08934767e-01  5.05046716e-01
4.99140975e-01  5.10426430e-01  5.02915044e-01
5.05892042e-01  5.09711961e-01  5.00069665e-01
5.05387790e-01  5.12898442e-01  5.00954460e-01
5.04817217e-01  5.09003352e-01  5.04067040e-01
5.05999878e-01  5.11751376e-01  5.00548068e-01
4.99650391e-01  5.09305539e-01  4.97883497e-01
5.05508572e-01  5.11531247e-01  5.04952819e-01
5.00620894e-01  5.10916577e-01  5.02910642e-01
5.06175391e-01  5.06744176e-01  4.98714655e-01
5.00610789e-01  5.08091543e-01  4.98120664e-01
5.03493662e-01  5.05929175e-01  5.04342066e-01
5.04519294e-01  5.13245594e-01  5.02842082e-01
4.18600685e-01  7.68014793e-01  2.93444540e-01
4.99612048e-01  5.08775502e-01  4.97652146e-01
5.02115228e-01  5.08067359e-01  5.02431365e-01
5.05619956e-01  5.05684961e-01  5.01838377e-01
5.03217900e-01  5.11879944e-01  4.99890283e-01
5.02652262e-01  5.08492723e-01  5.00996561e-01
5.03311560e-01  5.11361594e-01  5.00860225e-01
5.03434860e-01  5.07324214e-01  4.97880997e-01
5.02526519e-01  5.13424841e-01  5.03694233e-01
4.99439093e-01  5.08102687e-01  4.99441390e-01
5.04318822e-01  5.07563335e-01  5.00978669e-01
5.02090449e-01  5.10312019e-01  4.97172287e-01
5.05966826e-01  5.08088095e-01  4.99308958e-01
4.99031491e-01  5.10338312e-01  4.97750378e-01
5.06093573e-01  5.09378134e-01  5.04501637e-01
7.64025705e-01  7.48562072e-01  8.89441482e-01
5.00518491e-01  5.06971131e-01  4.97728369e-01
5.00187790e-01  5.08784292e-01  5.02624941e-01
5.02616877e-01  5.13199401e-01  4.97139531e-01
4.98959839e-01  5.12328237e-01  4.98027000e-01
5.03502924e-01  5.06835399e-01  5.04735796e-01
5.01044164e-01  5.12510242e-01  5.04074585e-01
7.00784573e-01  9.79745219e-01  9.95277044e-01
5.02302746e-01  5.08248688e-01  5.02640826e-01
5.04947998e-01  5.11840711e-01  5.04333668e-01
5.04822289e-01  5.11081255e-01  5.02923170e-01
4.99380218e-01  5.07205053e-01  5.01530334e-01
4.99728175e-01  5.09005304e-01  4.99873261e-01
4.98775133e-01  5.12426497e-01  5.03168973e-01
5.00531212e-01  5.06581828e-01  4.98286698e-01
5.05577413e-01  5.09535161e-01  5.01072992e-01
5.04467027e-01  5.10751497e-01  4.98079998e-01
4.98507994e-01  5.11212491e-01  5.04205532e-01
5.06065877e-01  5.05426885e-01  4.97512664e-01
5.03818918e-01  5.11541617e-01  4.99854508e-01
5.01091381e-01  5.05703871e-01  5.03097785e-01
5.01944860e-01  5.05575868e-01  5.01834869e-01
5.01191842e-01  5.06957305e-01  5.03429013e-01
5.00014856e-01  5.12185243e-01  4.99333975e-01
5.06258320e-01  5.11067484e-01  5.00259745e-01
5.05165034e-01  5.06952371e-01  4.97731862e-01
5.04545961e-01  5.05658146e-01  5.03711654e-01
8.20404307e-01  5.12179806e-01  2.51841341e-01
5.01790924e-01  5.07223639e-01  4.98068005e-01
5.00358769e-01  5.12578960e-01  4.97941543e-01
5.04753924e-01  5.08452387e-01  5.01811920e-01
5.04568493e-01  5.11420479e-01  4.99518365e-01
4.98991108e-01  5.07154486e-01  5.04098159e-01
5.01369815e-01  5.08722333e-01  5.02178798e-01
4.99292252e-01  5.07119926e-01  5.01916848e-01
5.02386973e-01  5.10172870e-01  5.01904023e-01
7.25241721e-01  6.69291957e-01  2.50779692e-01
4.99271444e-01  5.11590558e-01  5.04298681e-01
4.98449772e-01  5.08952240e-01  5.03300098e-01
5.05050193e-01  5.08219784e-01  4.99690431e-01
5.01307372e-01  5.06004685e-01  5.00726146e-01
5.01279246e-01  5.11872711e-01  5.03951954e-01
4.99586754e-01  5.05723922e-01  5.02139000e-01
5.04348148e-01  5.09937802e-01  4.97738038e-01
5.00583641e-01  5.09939658e-01  4.98724923e-01
5.00713418e-01  5.07664262e-01  5.02894995e-01
5.03918555e-01  5.07215421e-01  5.03665125e-01
5.04870853e-01  5.09840807e-01  4.98393266e-01
4.99435895e-01  5.12644146e-01  4.98231471e-01
5.05385616e-01  5.06321983e-01  5.00162869e-01
5.04942577e-01  5.09173911e-01  4.98305534e-01
5.02970085e-01  5.05569972e-01  5.03371496e-01
4.98734877e-01  5.09003505e-01  5.00694153e-01
4.98566507e-01  5.05438098e-01  5.04788609e-01
5.02159104e-01  5.09233792e-01  5.01076531e-01
5.01572107e-01  5.08614676e-01  5.01897575e-01
5.03566428e-01  5.10849700e-01  5.01157222e-01
5.03260264e-01  5.08648238e-01  5.00938521e-01
5.01660085e-01  5.05480559e-01  5.02705573e-01
5.04948505e-01  5.10265955e-01  5.03486640e-01
4.98927962e-01  5.10354231e-01  5.05069953e-01
4.98871838e-01  5.06177671e-01  5.03665589e-01
5.06292700e-01  5.05879282e-01  5.03210681e-01
5.05545008e-01  5.06443200e-01  4.97673391e-01
5.06127571e-01  5.12314736e-01  5.01245263e-01
4.99611855e-01  5.11310758e-01  5.01242660e-01
4.99321789e-01  5.12379838e-01  5.03930828e-01
4.99474418e-01  5.07248731e-01  4.99176260e-01
5.05497237e-01  5.05654165e-01  5.04107576e-01
5.06289087e-01  5.13321010e-01  5.02337471e-01
5.02550516e-01  5.07545622e-01  5.02580451e-01
5.06253834e-01  5.08731991e-01  5.04890492e-01
5.05926523e-01  5.10611677e-01  5.04206818e-01
5.05185321e-01  5.10030044e-01  4.98485323e-01
4.98932924e-01  5.10479197e-01  4.99483207e-01
5.03982748e-01  5.07104264e-01  4.99473808e-01
4.99169808e-01  5.10340557e-01  4.97290951e-01
4.98527802e-01  5.13327161e-01  5.04125535e-01
5.00593770e-01  5.10182151e-01  4.98192644e-01
5.02051867e-01  5.09185446e-01  5.04428959e-01
5.05519248e-01  5.12150263e-01  5.01361703e-01
5.04883402e-01  5.11510320e-01  5.04066852e-01
5.05356620e-01  5.09644408e-01  5.02900514e-01
5.03033286e-01  5.09027876e-01  5.00764975e-01
4.99563204e-01  5.06109531e-01  4.99296794e-01
5.02707900e-01  5.08505796e-01  5.03945731e-01
5.01877284e-01  5.11955211e-01  4.99538136e-01
4.98486750e-01  5.12524621e-01  5.04628588e-01
5.04347040e-01  5.13059039e-01  5.01875882e-01
5.01155945e-01  5.06921812e-01  5.05025789e-01
4.99340011e-01  5.05438849e-01  5.01409533e-01
5.02714532e-01  5.09799106e-01  4.99987839e-01
5.00141138e-01  5.12110234e-01  5.02079815e-01
5.05588580e-01  5.05532141e-01  4.99069990e-01
5.00067937e-01  5.07042637e-01  5.02056120e-01
5.00222035e-01  5.13149268e-01  5.04617807e-01
5.00194699e-01  5.07438465e-01  5.02045415e-01
5.00694503e-01  5.08053571e-01  5.02932292e-01
5.01330260e-01  5.12190218e-01  4.98014243e-01
5.03352949e-01  5.10786751e-01  5.04888387e-01
5.13743407e-01  5.41680940e-01  9.81205233e-01
5.05191950e-01  5.05505211e-01  5.02254814e-01
5.03261322e-01  5.11849846e-01  5.00812614e-01
5.03940880e-01  5.08107756e-01  5.03507181e-01
5.01836297e-01  5.09924974e-01  5.02748871e-01
5.04527349e-01  5.07122385e-01  5.02016648e-01
5.04394331e-01  5.05596589e-01  5.02750102e-01
5.00299207e-01  5.11981749e-01  5.01237455e-01
5.00966330e-01  5.06781918e-01  5.03981283e-01
4.98883793e-01  5.06475983e-01  5.02407342e-01
5.05339664e-01  5.08872881e-01  5.05042155e-01
5.03433852e-01  5.09813885e-01  4.97562231e-01
7.37803527e-01  4.32213272e-01  2.98227854e-01
4.99188588e-01  5.11487877e-01  4.99187590e-01
5.00771752e-01  5.12068117e-01  4.97185859e-01
5.01436328e-01  5.11875328e-01  5.02517207e-01
5.01593173e-01  5.12422708e-01  4.99013256e-01
5.01172331e-01  5.13320151e-01  4.99146260e-01
5.04204020e-01  5.10631325e-01  5.04466336e-01
5.04330776e-01  5.09964570e-01  5.03719940e-01
5.00916633e-01  5.09715972e-01  5.04609450e-01
4.99320445e-01  5.11195672e-01  4.98493923e-01
4.99244052e-01  5.11825508e-01  4.97904660e-01
3.98550196e-01  8.30408305e-01  4.85518725e-01
5.03844764e-01  5.11088467e-01  5.03432263e-01
5.03119443e-01  5.07338453e-01  5.03514849e-01
5.01295993e-01  5.08564752e-01  5.04744771e-01
4.99397021e-01  5.05581380e-01  5.03950639e-01
5.03212663e-01  5.06197839e-01  5.04224907e-01
5.00198328e-01  5.05524443e-01  4.99543800e-01
5.02316190e-01  5.06996546e-01  4.97642152e-01
5.00428013e-01  5.11243743e-01  5.02362961e-01
5.03787388e-01  5.10720011e-01  5.00766627e-01
5.02992548e-01  5.13001568e-01  4.98376003e-01
5.02691174e-01  5.12506828e-01  5.03174570e-01
5.01012081e-01  5.05492556e-01  5.02216175e-01
5.06208859e-01  5.08507221e-01  4.98795816e-01
5.03312280e-01  5.07062465e-01  5.00802447e-01
5.04459437e-01  5.07199247e-01  5.01612147e-01
8.64471856e-01  4.19605727e-01  8.41576344e-01
4.98953803e-01  5.07297393e-01  4.99004649e-01
4.98725085e-01  5.09917742e-01  5.00267818e-01
4.98478239e-01  5.05990459e-01  5.01574854e-01
4.98828009e-01  5.12917429e-01  4.97637683e-01
5.02932491e-01  5.10681163e-01  5.00568184e-01
5.04145149e-01  5.10543861e-01  5.03398116e-01
5.04979382e-01  5.07959511e-01  4.99090491e-01
5.81379326e-01  4.42910324e-01  4.52965068e-01
5.03943110e-01  5.07270865e-01  4.97442529e-01
5.02962070e-01  5.09276696e-01  5.03676049e-01
5.01553320e-01  5.07500198e-01  5.03395160e-01
5.05974146e-01  5.06570813e-01  4.99680015e-01
4.99615398e-01  5.07488604e-01  5.00224252e-01
4.99673190e-01  5.09709282e-01  4.97506106e-01
4.98985330e-01  5.06181399e-01  5.02165151e-01
5.04064505e-01  5.11060174e-01  4.97753942e-01
5.03447381e-01  5.11805788e-01  5.00612926e-01
5.01969932e-01  5.05918635e-01  4.98594326e-01
5.05814376e-01  5.12407394e-01  5.02343806e-01
4.99119091e-01  5.10461402e-01  4.99278344e-01
9.38337766e-01  2.80759135e-01  8.19156136e-01
5.03085715e-01  5.06400575e-01  5.04916294e-01
5.05973288e-01  5.06660796e-01  5.04336017e-01
5.05959505e-01  5.06764403e-01  5.03449740e-01
5.06127820e-01  5.12142444e-01  5.02295273e-01
5.01537613e-01  5.12268162e-01  4.98494265e-01
5.04146746e-01  5.10984790e-01  5.02340001e-01
5.05674142e-01  5.05477647e-01  5.03811103e-01
5.05285720e-01  5.09376737e-01  5.00511438e-01
5.04870041e-01  5.11510289e-01  5.03966312e-01
4.99322616e-01  5.13323597e-01  5.01306396e-01
5.01362047e-01  5.12237288e-01  4.99718514e-01
5.03932967e-01  5.11034926e-01  4.97618454e-01
5.00176267e-01  5.07077366e-01  5.04726480e-01
5.03746992e-01  5.10645654e-01  4.97272039e-01
5.02781412e-01  5.08893085e-01  5.02783472e-01
5.01341276e-01  5.08140315e-01  5.01970649e-01
5.03934772e-01  5.10041497e-01  5.02863780e-01
4.99042195e-01  5.12383742e-01  5.03890262e-01
5.06312391e-01  5.06184341e-01  5.04049669e-01
5.04911793e-01  5.07513585e-01  5.01165699e-01
5.01683931e-01  5.06810925e-01  5.02165861e-01
4.99358096e-01  5.07309060e-01  5.00466228e-01
5.04832581e-01  5.08656018e-01  5.00769451e-01
5.05464760e-01  5.13046259e-01  4.97666783e-01
5.06163725e-01  5.10498879e-01  5.03469417e-01
5.02626762e-01  5.09546283e-01  5.03506721e-01
5.02014170e-01  5.09694949e-01  4.98497631e-01
5.01219070e-01  5.08910516e-01  5.01066212e-01
5.01953131e-01  5.07124686e-01  5.00380525e-01
5.04374260e-01  5.11417973e-01  4.97553374e-01
5.03149619e-01  5.06997807e-01  4.97797631e-01
5.00612087e-01  5.08585812e-01  5.05020528e-01
4.99115401e-01  5.12468938e-01  5.03175614e-01
4.98638313e-01  5.06777789e-01  5.01257817e-01
5.01235700e-01  5.08689605e-01  4.98011998e-01
5.01886739e-01  5.10465061e-01  5.04500224e-01
4.99577273e-01  5.08201508e-01  4.97191252e-01
4.99678072e-01  5.07859644e-01  4.99154862e-01
5.00775751e-01  5.06200144e-01  4.97664794e-01
4.98708535e-01  5.11663120e-01  4.98733825e-01
5.02797002e-01  5.13341946e-01  5.00701088e-01
5.00434725e-01  5.06539347e-01  4.97809463e-01
9.65052388e-01  8.28842092e-01  3.89639127e-01
5.01878593e-01  5.06805408e-01  4.98064201e-01
8.92644552e-01  5.96751106e-01  7.72474623e-01
3.99213707e-01  7.44610368e-01  4.29936931e-01
5.04733889e-01  5.13044017e-01  5.01609685e-01
4.99856634e-01  5.13031776e-01  5.02647890e-01
5.00303670e-01  5.05926733e-01  5.01222799e-01
5.00650335e-01  5.08518683e-01  4.98705737e-01
4.98677730e-01  5.07003502e-01  5.03118442e-01
5.03389793e-01  5.07522289e-01  4.97241560e-01
4.98418666e-01  5.10474915e-01  5.03597631e-01
5.02925377e-01  5.08772317e-01  4.97447044e-01
4.99567202e-01  5.05822471e-01  5.04144199e-01
5.05253763e-01  5.09729356e-01  5.05056772e-01
5.02809631e-01  5.13420455e-01  5.01309256e-01
4.98656684e-01  5.10520713e-01  4.99471327e-01
5.06000859e-01  5.07424336e-01  5.03638303e-01
5.03674807e-01  5.12226036e-01  4.98576627e-01
5.04852059e-01  5.11271349e-01  5.02011158e-01
4.98650752e-01  5.09126760e-01  5.00783482e-01
5.03401788e-01  5.10350532e-01  4.97314713e-01
7.09399974e-01  2.63123094e-01  9.62123446e-01
8.11609117e-01  3.89172388e-01  3.84375290e-01
5.03506027e-01  5.11442852e-01  5.04549034e-01
4.99175360e-01  5.10952220e-01  5.02379065e-01
5.03512984e-01  5.06378675e-01  5.00371016e-01
5.03398139e-01  5.10467964e-01  5.00756566e-01
5.04270393e-01  5.09804227e-01  4.97840336e-01
5.02462674e-01  5.11279326e-01  5.04221405e-01
5.00262176e-01  5.10672719e-01  5.00638328e-01
5.02031646e-01  5.08052935e-01  5.03803910e-01
5.04430100e-01  5.09357905e-01  5.01581438e-01
5.02456665e-01  5.13350550e-01  5.02949468e-01
5.01316422e-01  5.13167060e-01  5.00841060e-01
3.16257279e-01  3.53341329e-01  4.95675931e-01
5.04606461e-01  5.08953077e-01  4.97194461e-01
5.30009622e-01  2.52180969e-01  9.82456894e-01
5.02496357e-01  5.08549112e-01  5.04748350e-01
4.98495806e-01  5.12937420e-01  5.03366425e-01
5.03327128e-01  5.10292290e-01  5.04304202e-01
5.04904246e-01  5.11971455e-01  4.99129184e-01
4.99816827e-01  5.13351062e-01  4.99644043e-01
4.99394782e-01  5.06394941e-01  5.03215088e-01
4.98607185e-01  5.12985331e-01  4.97889745e-01
5.01213814e-01  5.08529811e-01  5.03277493e-01
5.02281423e-01  5.12755440e-01  4.99023856e-01
5.02807782e-01  5.08862334e-01  5.02000263e-01
5.05642759e-01  5.13134197e-01  5.02077338e-01
5.01478842e-01  5.10879314e-01  5.00689114e-01
5.04729683e-01  5.07827029e-01  4.97110269e-01
5.05971722e-01  5.05602085e-01  5.03662576e-01
4.99926067e-01  5.05957233e-01  5.03580060e-01
5.05911665e-01  5.06726187e-01  4.98141542e-01
5.00304156e-01  5.11052913e-01  4.98577702e-01
5.00430437e-01  5.10145928e-01  5.01191513e-01
5.02434475e-01  5.10065487e-01  5.01139505e-01
5.04648895e-01  5.12799630e-01  5.02607721e-01
5.04584617e-01  5.11798574e-01  5.00757475e-01
5.02550775e-01  5.09382358e-01  5.03262582e-01
5.01510033e-01  5.12188320e-01  5.04831520e-01
5.01821033e-01  5.05777089e-01  5.01551882e-01
4.99869051e-01  5.10929397e-01  5.01276756e-01
5.01274120e-01  5.06288416e-01  5.00034468e-01
5.02912719e-01  5.07746332e-01  4.98067087e-01
5.00285544e-01  5.07972336e-01  5.04590490e-01
5.03040856e-01  5.07982656e-01  5.01399508e-01
5.04905448e-01  5.10920771e-01  5.02181819e-01
5.03840776e-01  5.10045573e-01  5.05023127e-01
5.05542247e-01  5.11327034e-01  5.00168239e-01
5.04785160e-01  5.06809384e-01  5.04528926e-01
5.04199224e-01  5.06600147e-01  4.99530749e-01
5.04680880e-01  5.13000612e-01  5.01880841e-01
4.99780905e-01  5.07891973e-01  4.98891411e-01
5.02603235e-01  5.07332761e-01  4.97630012e-01
8.28496817e-01  6.92787352e-01  7.19248527e-01
5.03056191e-01  5.13379234e-01  4.98430212e-01
5.05126830e-01  5.11663074e-01  4.99168353e-01
5.00954289e-01  5.07260856e-01  5.01975081e-01
5.03293322e-01  5.12464974e-01  5.01228360e-01
5.02114967e-01  5.09323151e-01  5.00385874e-01
5.04537571e-01  5.11144574e-01  4.97743942e-01
5.05504469e-01  5.07922903e-01  5.03475806e-01
5.03890105e-01  5.12380886e-01  5.04370615e-01
4.99491207e-01  5.06592741e-01  4.98762806e-01
5.05862192e-01  5.09361886e-01  4.99131412e-01
5.03739425e-01  5.08344520e-01  4.99954925e-01
5.03421310e-01  5.10963631e-01  5.01349351e-01
4.99300213e-01  5.08655388e-01  5.02321602e-01
5.00486141e-01  5.12997789e-01  5.02239590e-01
5.01240989e-01  5.08211256e-01  4.98149675e-01
5.06366452e-01  5.11170790e-01  4.97198446e-01
5.04535144e-01  5.10755842e-01  5.00032672e-01
5.05601435e-01  5.06791160e-01  5.02497304e-01
5.00612317e-01  5.08178824e-01  5.02342408e-01
4.98895359e-01  5.08186907e-01  5.01952124e-01
5.01503199e-01  5.11143378e-01  5.02161636e-01
5.00366380e-01  5.06383911e-01  5.00392712e-01
5.03563777e-01  5.12764178e-01  5.02085946e-01
5.02528438e-01  5.13349958e-01  5.01044244e-01
5.03935217e-01  5.08595292e-01  5.00775353e-01
5.03830959e-01  5.07441551e-01  5.01234826e-01
5.03286575e-01  5.12424769e-01  5.03297997e-01
5.02820288e-01  5.08307364e-01  4.99308238e-01
4.71974889e-01  7.16754120e-01  8.45573296e-01
4.99046276e-01  5.08174751e-01  5.03356645e-01
5.04083852e-01  5.13090209e-01  4.97123470e-01
5.01818747e-01  5.05579225e-01  5.04116750e-01
5.03902117e-01  5.13350108e-01  5.03201576e-01
4.98658315e-01  5.05421813e-01  5.00941486e-01
5.05748266e-01  5.12591292e-01  5.02183677e-01
5.06260758e-01  5.10619042e-01  5.01904357e-01
4.99931990e-01  5.09164633e-01  4.99537498e-01
5.04031628e-01  5.06251781e-01  5.01409970e-01
4.98851981e-01  5.05651930e-01  5.03720801e-01
4.98945528e-01  5.12349121e-01  4.98008869e-01
5.06125216e-01  5.05877057e-01  4.97386525e-01
5.04578741e-01  5.10372935e-01  4.98178624e-01
5.06341788e-01  5.07187071e-01  5.01567632e-01
5.02138308e-01  5.13089171e-01  5.01038927e-01
5.02413004e-01  5.06374814e-01  5.00535710e-01
5.02833428e-01  5.09241389e-01  5.00968254e-01
5.02451901e-01  5.07425998e-01  5.02010531e-01
4.99719918e-01  5.13433445e-01  5.04435747e-01
5.03327607e-01  5.06409895e-01  5.04799482e-01
5.05297358e-01  5.12846005e-01  5.03488920e-01
5.04937752e-01  5.08999850e-01  5.02920497e-01
4.99226756e-01  5.06026682e-01  5.01485972e-01
5.04021899e-01  5.05538631e-01  5.03406463e-01
5.00038998e-01  5.09450114e-01  5.01415453e-01
5.00604439e-01  5.10978121e-01  4.99743702e-01
5.00950476e-01  5.07543052e-01  5.04177641e-01
4.99272118e-01  5.08140736e-01  5.00765177e-01
5.01361466e-01  5.11073677e-01  4.98629904e-01
4.98662008e-01  5.10606165e-01  5.00303855e-01
5.05235207e-01  5.13235007e-01  5.04736701e-01
5.05946679e-01  5.11157769e-01  5.02594945e-01
5.02075241e-01  5.11831445e-01  4.99390676e-01
5.04848537e-01  5.07228902e-01  4.98802740e-01
5.03466084e-01  5.12863732e-01  4.97379745e-01
5.01504808e-01  5.06803062e-01  5.00740992e-01
5.04453629e-01  5.12071997e-01  5.00281246e-01
5.04700156e-01  5.13051342e-01  5.04790840e-01
5.02759955e-01  5.12547110e-01  5.02652545e-01
5.04172904e-01  5.11947028e-01  5.04951562e-01
5.04073035e-01  5.12278808e-01  5.01110951e-01
5.03373458e-01  5.12372954e-01  5.00563580e-01
5.00158443e-01  5.05652606e-01  4.97265024e-01
5.04842514e-01  5.07737882e-01  5.03628096e-01
7.85937846e-01  4.75707525e-01  2.57202221e-01
5.00908851e-01  5.12594226e-01  4.99519537e-01
5.00941479e-01  5.06094807e-01  4.97374626e-01
4.99484480e-01  5.11569137e-01  4.98514606e-01
5.02298740e-01  5.12027034e-01  4.97565322e-01
5.02387639e-01  5.07415243e-01  4.99930754e-01
2.52963134e-01  9.97810094e-01  7.85549457e-01
5.03052555e-01  5.12483164e-01  5.00461596e-01
5.05890214e-01  5.12409884e-01  5.02177888e-01
5.02820595e-01  5.08179513e-01  4.99112011e-01
5.04175881e-01  5.13408878e-01  5.03052737e-01
5.75514895e-01  4.61096520e-01  9.68861495e-01
5.02038714e-01  5.06659984e-01  4.99535792e-01
5.02680823e-01  5.06469944e-01  4.99007714e-01
4.98726839e-01  5.06045823e-01  4.97940018e-01
2.85174420e-01  2.60623548e-01  7.61541373e-01
5.01782307e-01  5.05514951e-01  4.97595194e-01
5.01158677e-01  5.06075985e-01  4.97774867e-01
5.06077465e-01  5.12395722e-01  5.04180202e-01
5.01269738e-01  5.10824260e-01  5.00534896e-01
5.06058016e-01  5.12087537e-01  4.98570883e-01
4.98814335e-01  5.10679720e-01  5.04140298e-01
4.99112942e-01  5.12836489e-01  5.02008882e-01
5.02321191e-01  5.12992508e-01  4.97515070e-01
5.03360473e-01  5.10472262e-01  4.97178672e-01
5.06124302e-01  5.11808935e-01  5.02161331e-01
5.05628717e-01  5.08753535e-01  5.00607438e-01
4.98557676e-01  5.11215965e-01  4.99798965e-01
5.06074283e-01  5.07700171e-01  4.99734663e-01
4.68910636e-01  7.61248708e-01  6.30626985e-01
4.98955789e-01  5.10681475e-01  5.00315720e-01
5.05304533e-01  5.05674251e-01  5.01137196e-01
4.98436638e-01  5.10680334e-01  5.03283672e-01
5.06266849e-01  5.05995198e-01  4.97764263e-01
5.05382135e-01  5.06108076e-01  5.01558742e-01
5.06068077e-01  5.07557241e-01  5.03705974e-01
5.02707673e-01  5.09875524e-01  5.03896721e-01
5.02001930e-01  5.09875592e-01  5.00802438e-01
5.01704678e-01  5.06463798e-01  4.99543322e-01
5.01445987e-01  5.09626286e-01  5.03613416e-01
5.00593321e-01  5.06693229e-01  4.97981916e-01
5.01130319e-01  5.09551902e-01  5.01573101e-01
5.03343251e-01  5.09328698e-01  5.03931157e-01
5.03215863e-01  5.09087970e-01  5.01416213e-01
5.06127856e-01  5.12409397e-01  5.04820643e-01
5.05316756e-01  5.09228534e-01  4.99162956e-01
5.05635795e-01  5.06440125e-01  5.01746848e-01
8.15992007e-01  3.78084732e-01  4.09926362e-01
5.05875085e-01  5.05821783e-01  5.04345388e-01
5.04411727e-01  5.08107311e-01  4.98822917e-01
4.99388106e-01  5.13205232e-01  5.03393821e-01
5.05536850e-01  5.09289355e-01  4.98067075e-01
7.91322538e-01  6.19837654e-01  6.90966097e-01
5.03560394e-01  5.11806868e-01  5.01190298e-01
4.94137506e-01  4.90203617e-01  9.35601988e-01
5.01543573e-01  5.12336448e-01  5.00530933e-01
5.01364112e-01  5.05920652e-01  5.03376500e-01
5.05803318e-01  5.07967431e-01  4.98215916e-01
4.99507758e-01  5.12590548e-01  4.98679655e-01
5.02305960e-01  5.06311274e-01  5.03071418e-01
4.99477980e-01  5.07184027e-01  5.02878970e-01
4.99758935e-01  5.07461524e-01  4.99616414e-01
7.13330688e-01  2.85556591e-01  2.60370752e-01
5.00579609e-01  5.06323800e-01  4.99345824e-01
4.99783537e-01  5.05883231e-01  5.01062201e-01
5.05055618e-01  5.10145839e-01  5.00680096e-01
4.99463961e-01  5.10177521e-01  5.03812448e-01
8.71517658e-01  5.08352449e-01  6.33876331e-01
5.01101614e-01  5.10396832e-01  4.99838092e-01
5.06007377e-01  5.10651586e-01  5.03439737e-01
5.04386296e-01  5.07550781e-01  5.02398383e-01
4.99248694e-01  5.10094442e-01  5.02306566e-01
4.99005337e-01  5.12464045e-01  5.00991977e-01
5.05964590e-01  5.12401006e-01  5.03781861e-01
5.00643358e-01  5.07008211e-01  5.00420918e-01
5.06288337e-01  5.08570061e-01  5.00268086e-01
5.03715968e-01  5.05379300e-01  4.97462293e-01
5.05619014e-01  5.06348769e-01  5.04649528e-01
4.99383646e-01  5.11314245e-01  5.02627588e-01
5.03534031e-01  5.07083331e-01  4.99628709e-01
5.05139455e-01  5.06696435e-01  5.03850242e-01
5.05805893e-01  5.10399183e-01  5.03332447e-01
5.05381238e-01  5.09283167e-01  4.97901399e-01
5.00879650e-01  5.06805384e-01  4.99587740e-01
5.00343205e-01  5.10854416e-01  5.02939047e-01
5.02853712e-01  5.11219950e-01  5.03693519e-01
4.99860426e-01  5.08974896e-01  4.98663685e-01
5.00535349e-01  5.09012199e-01  5.01215666e-01
5.03894452e-01  5.10163194e-01  5.02592787e-01
5.03740446e-01  5.11235466e-01  4.99607975e-01
5.05526731e-01  5.12622654e-01  4.99973596e-01
4.98508888e-01  5.13297491e-01  5.03739186e-01
4.98918295e-01  5.07662631e-01  4.97306961e-01
5.06263733e-01  5.13012799e-01  5.03625416e-01
5.03155691e-01  5.10257661e-01  4.99932550e-01
5.03457922e-01  5.05547932e-01  5.00551430e-01
4.99667414e-01  5.10853706e-01  5.02972319e-01
5.05887026e-01  5.10216234e-01  5.04390713e-01
5.04460310e-01  5.05713807e-01  5.00993470e-01
4.99649377e-01  5.08635694e-01  5.02708567e-01
4.99073135e-01  5.11310416e-01  4.97433354e-01
3.76836009e-01  3.78433133e-01  7.56380002e-01
5.01383434e-01  5.10799250e-01  4.99010350e-01
3.35490836e-01  5.38858681e-01  4.04503617e-01
5.02407910e-01  5.05512144e-01  5.04334557e-01
5.05556567e-01  5.11276507e-01  4.99465719e-01
5.00900193e-01  5.11816805e-01  5.03857508e-01
5.02065925e-01  5.05372654e-01  4.99503488e-01
5.01412308e-01  5.06627683e-01  5.01132038e-01
5.03999663e-01  5.12738810e-01  5.02297431e-01
5.04073874e-01  5.09023977e-01  5.03032450e-01
5.03582418e-01  5.12996108e-01  4.99214267e-01
5.06101761e-01  5.05530630e-01  4.98674647e-01
5.05900097e-01  5.06637547e-01  5.01664387e-01
4.98614622e-01  5.07020103e-01  5.04810226e-01
5.02241956e-01  5.06536753e-01  4.99029384e-01
5.01057763e-01  5.05540707e-01  5.01191616e-01
5.03952285e-01  5.05588959e-01  5.04405111e-01
5.04016975e-01  5.13192020e-01  4.98897012e-01
5.01785776e-01  5.12608704e-01  4.98177125e-01
5.02547853e-01  5.07712227e-01  4.97303888e-01
5.02477857e-01  5.13218010e-01  5.02578353e-01
5.01380714e-01  5.09595652e-01  5.00443227e-01
5.03433829e-01  5.10663719e-01  5.02313523e-01
5.03349686e-01  5.11660956e-01  4.99935651e-01
5.02953783e-01  5.11784548e-01  4.98209698e-01
5.02378000e-01  5.08805071e-01  5.01427740e-01
5.02516293e-01  5.05481842e-01  5.00689471e-01
5.04891351e-01  5.08650519e-01  5.03533390e-01
5.02562092e-01  5.08613227e-01  5.02306028e-01
5.04408414e-01  5.07579747e-01  5.00693994e-01
5.02856428e-01  5.08556755e-01  4.98266622e-01
5.00352339e-01  5.11668595e-01  4.99453782e-01
5.02387308e-01  5.12638600e-01  4.99172477e-01
5.03329023e-01  5.10141053e-01  5.03077432e-01
5.03415718e-01  5.12061409e-01  4.99436065e-01
5.01326390e-01  5.10413328e-01  5.01992325e-01
5.02390969e-01  5.11082804e-01  4.97805279e-01
4.98407218e-01  5.10560324e-01  5.04029532e-01
5.01065856e-01  5.09599928e-01  5.00500208e-01
4.99522995e-01  5.06756158e-01  4.97194560e-01
5.04372208e-01  5.07775673e-01  5.00586189e-01
5.04174795e-01  5.12778995e-01  5.02817884e-01
5.01454032e-01  5.11972533e-01  5.01791331e-01
4.98777893e-01  5.09222389e-01  5.01665796e-01
4.99290622e-01  5.07134448e-01  5.02647218e-01
5.03636315e-01  5.10994391e-01  5.01874826e-01
5.04353354e-01  5.12913435e-01  4.97996768e-01
5.02393218e-01  5.10084262e-01  4.99431244e-01
5.04296201e-01  5.06155853e-01  4.99568229e-01
5.03093523e-01  5.09196969e-01  5.00247813e-01
5.04884253e-01  5.10287036e-01  4.97573098e-01
5.05542431e-01  5.08068231e-01  4.97984064e-01
4.99977178e-01  5.11851246e-01  5.02179676e-01
5.05266837e-01  5.07339491e-01  4.98911885e-01
4.99177849e-01  5.13445456e-01  5.01945611e-01
4.99780103e-01  5.05630239e-01  5.00471980e-01
5.05211573e-01  5.12242363e-01  4.99252391e-01
5.04745919e-01  5.07091973e-01  5.02471664e-01
4.99314230e-01  5.10056800e-01  5.01453251e-01
5.04339198e-01  5.09942940e-01  5.03240309e-01
5.04676284e-01  5.12638637e-01  4.98232789e-01
5.01666304e-01  5.10058416e-01  4.98366712e-01
5.06256641e-01  5.06397954e-01  4.97638128e-01
5.04997636e-01  5.09589376e-01  5.04439464e-01
5.05765832e-01  5.06197882e-01  5.00782843e-01
5.04523341e-01  5.08486736e-01  5.00947051e-01
4.98593435e-01  5.08755941e-01  4.99876214e-01
5.00604077e-01  5.11903931e-01  4.99936517e-01
5.05386728e-01  5.05942496e-01  5.02186066e-01
4.99840230e-01  5.07899001e-01  5.02716970e-01
5.03986888e-01  5.06229344e-01  4.98413879e-01
4.99902418e-01  5.10342327e-01  5.01462964e-01
5.01470582e-01  5.12036254e-01  4.98042730e-01
5.03131516e-01  5.11162033e-01  5.04078768e-01
5.04729034e-01  5.10982613e-01  4.99708443e-01
4.98403531e-01  5.07359273e-01  4.98488100e-01
5.05780995e-01  5.09511666e-01  5.02231426e-01
5.02306763e-01  5.13201915e-01  4.97362800e-01
5.02981531e-01  5.07199687e-01  5.01748636e-01
5.02801003e-01  5.06038682e-01  5.01794788e-01
4.98731293e-01  5.10879017e-01  5.02499623e-01
5.03528071e-01  5.05585687e-01  5.03381492e-01
5.02633740e-01  5.08669143e-01  4.97628350e-01
5.05492306e-01  5.06770595e-01  5.01261712e-01
4.99093178e-01  5.08842101e-01  5.04578653e-01
5.00090808e-01  5.06845996e-01  4.98599219e-01
5.02306820e-01  5.08825631e-01  5.02440167e-01
4.99579097e-01  5.09016263e-01  5.02407927e-01
5.02061691e-01  5.08808533e-01  5.02732141e-01
5.04900462e-01  5.10861638e-01  5.00044799e-01
5.05012702e-01  5.10588534e-01  4.99291606e-01
5.01151039e-01  5.07260849e-01  4.99693849e-01
5.06227641e-01  5.10751850e-01  5.01894197e-01
5.02157405e-01  5.12061148e-01  5.00667678e-01
4.99856609e-01  5.12401035e-01  4.98993767e-01
5.05655622e-01  5.11129269e-01  5.03942671e-01
5.00858564e-01  5.07255388e-01  5.00467874e-01
5.00551825e-01  5.11743059e-01  4.98422983e-01
5.04834799e-01  5.08733248e-01  4.98971476e-01
5.05571489e-01  5.07541735e-01  5.01188057e-01
4.98979287e-01  5.08414768e-01  5.02289872e-01
5.02587628e-01  5.09233146e-01  5.04121565e-01
4.75528678e-01  9.74361949e-01  3.94869021e-01
5.02010862e-01  5.08554642e-01  5.03291325e-01
5.04827136e-01  5.12382483e-01  4.98233686e-01
4.99328784e-01  5.10721094e-01  5.03006185e-01
5.01548123e-01  5.11520526e-01  5.01140497e-01
4.98870370e-01  5.08418852e-01  5.04538177e-01
4.99298860e-01  5.13055724e-01  5.02177238e-01
5.03666966e-01  5.08698331e-01  5.03128891e-01
5.05296460e-01  5.11967100e-01  5.04236617e-01
4.99108362e-01  5.11821941e-01  4.98296927e-01
5.05074420e-01  5.13254297e-01  5.04956264e-01
4.98523693e-01  5.13205971e-01  5.03442779e-01
5.00919339e-01  5.08792149e-01  4.97366188e-01
5.04878011e-01  5.09726614e-01  5.02654789e-01
4.99282359e-01  5.10231145e-01  4.97141736e-01
5.03743927e-01  5.09544952e-01  5.04760353e-01
4.99749612e-01  5.10836459e-01  5.03365470e-01
4.98725700e-01  5.10677642e-01  4.98275235e-01
4.99750987e-01  5.09935399e-01  4.97930045e-01
4.99856221e-01  5.07744487e-01  5.00898956e-01
6.23885029e-01  5.25929882e-01  7.57993248e-01
4.99819087e-01  5.06710590e-01  5.02453822e-01
5.04449168e-01  5.11932096e-01  5.01149647e-01
4.99454759e-01  5.10389585e-01  4.99911618e-01
5.03035587e-01  5.06692120e-01  5.01710072e-01
5.02622952e-01  5.10745932e-01  5.03903420e-01
5.02739809e-01  5.09409202e-01  5.03342561e-01
5.05104763e-01  5.07112058e-01  5.00433750e-01
4.98575251e-01  5.06620056e-01  5.02228897e-01
5.01759205e-01  5.06284821e-01  4.98421543e-01
9.12959340e-01  8.90475812e-01  2.50932081e-01
9.31493782e-01  9.58926687e-01  7.56906581e-01
5.05634316e-01  5.10207346e-01  5.01372425e-01
5.00852641e-01  5.11826001e-01  4.98156030e-01
6.34858536e-01  3.29077072e-01  2.99324653e-01
5.00673700e-01  5.10361366e-01  4.98847118e-01
5.01093485e-01  5.08045832e-01  4.97404620e-01
4.99014263e-01  5.06838586e-01  4.99101834e-01
5.01722203e-01  5.08357912e-01  5.02226983e-01
5.03530469e-01  5.05863094e-01  5.04508870e-01
4.99930455e-01  5.05384391e-01  4.99768970e-01
5.03312573e-01  5.13341683e-01  4.97196822e-01
5.02153484e-01  5.08155951e-01  4.99766790e-01
5.00193456e-01  5.12380896e-01  5.02769328e-01
5.01375232e-01  5.12807685e-01  5.01438129e-01
5.05465771e-01  5.06139785e-01  5.01938930e-01
5.05027298e-01  5.06344522e-01  5.01353640e-01
5.04684458e-01  5.06558790e-01  5.01570926e-01
4.99742551e-01  5.07351531e-01  5.04001638e-01
5.01232779e-01  5.05552509e-01  4.98483430e-01
5.04127408e-01  5.10260737e-01  5.00662599e-01
4.98460314e-01  5.10974181e-01  5.03140718e-01
4.99818646e-01  5.12394078e-01  4.99756917e-01
8.59472292e-01  8.19829702e-01  3.46821680e-01
5.01648413e-01  5.11968284e-01  5.02215011e-01
6.60694668e-01  6.97179286e-01  4.54523611e-01
5.01359310e-01  5.11590636e-01  5.01277245e-01
5.00346270e-01  5.07441146e-01  4.97615651e-01
5.03991170e-01  5.12754522e-01  4.98651905e-01
5.00931079e-01  5.11169525e-01  5.02985846e-01
5.04223136e-01  5.10010667e-01  4.98907708e-01
5.02707261e-01  5.06688478e-01  4.99067595e-01
4.99598791e-01  5.08415526e-01  4.97960397e-01
5.00645396e-01  5.11683694e-01  5.01189189e-01
5.01648524e-01  5.07987298e-01  5.04688121e-01
5.05794852e-01  5.10331922e-01  4.99019793e-01
5.02662925e-01  5.10348028e-01  5.04361485e-01
4.99036609e-01  5.09731522e-01  5.02987054e-01
4.99259959e-01  5.11890373e-01  5.03035650e-01
5.05968923e-01  5.08996760e-01  4.97598080e-01
5.05532302e-01  5.11586460e-01  5.03161853e-01
5.02887298e-01  5.05977253e-01  4.97300981e-01
5.05161640e-01  5.05608115e-01  5.00147703e-01
5.00280871e-01  5.10731096e-01  4.98816239e-01
4.99653699e-01  5.07508603e-01  4.97587671e-01
4.99664872e-01  5.12402786e-01  4.99627233e-01
5.05292002e-01  5.08868471e-01  4.97664191e-01
5.05219813e-01  5.12127144e-01  4.98859441e-01
5.03061085e-01  5.12386030e-01  5.02441588e-01
5.01897771e-01  5.08560090e-01  5.02933653e-01
4.99813907e-01  5.12917989e-01  5.02799592e-01
5.05743261e-01  5.06880491e-01  5.04579734e-01
4.98574095e-01  5.10556899e-01  4.98312381e-01
4.99146240e-01  5.10141519e-01  4.97713110e-01
2.65565992e-01  8.30637249e-01  9.21913326e-01
5.05564736e-01  5.09257813e-01  5.02436576e-01
5.01711339e-01  5.12596372e-01  4.98710942e-01
5.03226833e-01  5.07155819e-01  5.03136021e-01
5.00300832e-01  5.08442742e-01  5.03498348e-01
3.17846942e-01  9.06443902e-01  4.17310546e-01
5.05102441e-01  5.07416978e-01  5.04724290e-01
4.98813756e-01  5.05853779e-01  5.02296040e-01
4.98549317e-01  5.06200986e-01  5.00528743e-01
5.00925231e-01  5.09299193e-01  4.99269392e-01
5.01636965e-01  5.06075212e-01  5.04174379e-01
5.02327249e-01  5.10718925e-01  5.03821725e-01
5.03093045e-01  5.07213186e-01  5.05017749e-01
4.98725016e-01  5.09004320e-01  5.02322544e-01
5.02543934e-01  5.06765548e-01  5.02951622e-01
4.99481985e-01  5.07645055e-01  5.03655350e-01
5.05545852e-01  5.10971864e-01  5.02986458e-01
6.34149046e-01  7.92759787e-01  6.52138996e-01
5.04293383e-01  5.11319997e-01  5.04583169e-01
5.02527284e-01  5.12370822e-01  4.99774534e-01
5.03996285e-01  5.09351985e-01  5.03686102e-01
5.01306833e-01  5.13215276e-01  5.03283515e-01
5.04796969e-01  5.07722926e-01  4.97559170e-01
5.03258130e-01  5.06177680e-01  4.98236439e-01
5.03707278e-01  5.08830352e-01  5.00773906e-01
4.99036343e-01  5.10622564e-01  5.01957091e-01
5.00378838e-01  5.10158311e-01  5.04417450e-01
4.99253223e-01  5.10897740e-01  5.03885146e-01
5.03431432e-01  5.10123846e-01  5.02529647e-01
5.01376863e-01  5.09605712e-01  5.00613920e-01
5.05830157e-01  5.09777723e-01  4.98568876e-01
5.02626985e-01  5.07832224e-01  5.04223144e-01
5.06142808e-01  5.10012519e-01  5.00404753e-01
5.03688381e-01  5.11146022e-01  5.01919306e-01
5.02353390e-01  5.10878930e-01  4.98015554e-01
5.02762374e-01  5.10515891e-01  4.99175229e-01
5.05529770e-01  5.09517987e-01  4.97482209e-01
4.99303889e-01  5.07516150e-01  4.97595045e-01
5.03175358e-01  5.08992315e-01  4.98964050e-01
4.98823808e-01  5.08739757e-01  5.00441994e-01
5.03273829e-01  5.05982898e-01  4.98221405e-01
5.03016230e-01  5.09095041e-01  4.97391005e-01
4.99656961e-01  5.12418832e-01  4.99918617e-01
3.56630262e-01  7.76005568e-01  4.58459126e-01
5.02512603e-01  5.08723842e-01  5.01450017e-01
4.99093823e-01  5.13426873e-01  5.00991211e-01
5.00682673e-01  5.10124368e-01  4.98311747e-01
5.06152643e-01  5.12330324e-01  4.97432767e-01
5.00378704e-01  5.09831183e-01  5.02955959e-01
4.98689072e-01  5.05950558e-01  5.03525913e-01
5.04719739e-01  5.07053861e-01  4.98060475e-01
5.02731055e-01  5.11368102e-01  5.00162822e-01
5.06261753e-01  5.11636704e-01  5.01579347e-01
5.01246589e-01  5.09494385e-01  4.98727072e-01
5.04214117e-01  5.12857906e-01  5.00379929e-01
5.02926750e-01  5.09228021e-01  5.03821448e-01
5.04762852e-01  5.06241079e-01  5.03525256e-01
5.05272759e-01  5.07208340e-01  4.99861508e-01
4.99017548e-01  5.05795965e-01  5.04786176e-01
4.99842899e-01  5.10165687e-01  5.02757365e-01
5.03648354e-01  5.12331014e-01  5.02045426e-01
4.99144943e-01  5.08274344e-01  4.98314870e-01
5.05611229e-01  5.07553762e-01  4.97619744e-01
5.05488128e-01  5.11715836e-01  5.02598781e-01
4.99085842e-01  5.07676071e-01  4.98295966e-01
5.00710368e-01  5.06001294e-01  4.99871439e-01
4.99953868e-01  5.07530367e-01  5.04108728e-01
5.01169709e-01  5.11283717e-01  5.00861177e-01
6.56913298e-01  6.19055473e-01  5.39402128e-01
4.99058867e-01  5.09368450e-01  4.97847257e-01
4.99479756e-01  5.05370154e-01  4.97578030e-01
4.99071454e-01  5.05629251e-01  5.01520091e-01
5.03627663e-01  5.10993975e-01  4.98740261e-01
5.04795439e-01  5.12940657e-01  4.97741404e-01
5.05884359e-01  5.07036496e-01  4.99198824e-01
