3.51977972e-01  3.10409271e-01  5.75946525e-01
6.50956616e-01  4.17346884e-01  2.90717853e-01
8.56466025e-01  4.89037633e-01  2.67781325e-01
3.68302815e-01  4.07668749e-01  6.00946985e-01
5.44025861e-01  8.17157795e-01  7.73050371e-01
3.22172999e-01  3.87522456e-01  9.38493419e-01
3.31971310e-01  2.97326085e-01  3.11033919e-01
3.84777165e-01  2.85349846e-01  5.49750425e-01
4.86421366e-01  3.23645062e-01  5.58122758e-01
6.43382525e-01  3.86898779e-01  4.38453178e-01
7.26572447e-01  2.69876806e-01  5.88468754e-01
8.82045779e-01  6.81028894e-01  2.71334024e-01
5.17803642e-01  2.90028872e-01  8.93531683e-01
9.34349423e-01  4.56604547e-01  3.09237005e-01
5.32138693e-01  8.73130508e-01  3.11068606e-01
2.83252262e-01  3.33988299e-01  6.00713526e-01
5.80887502e-01  3.25242041e-01  9.45225017e-01
7.03001677e-01  4.74363937e-01  2.72585560e-01
7.92830480e-01  4.50255264e-01  3.42248575e-01
6.87422353e-01  3.88707885e-01  3.66053145e-01
9.44371832e-01  7.50333738e-01  2.66217235e-01
2.69215748e-01  2.61002037e-01  6.37611707e-01
5.21486462e-01  7.30576307e-01  8.16900637e-01
7.50898341e-01  5.62649650e-01  6.53941810e-01
3.03687254e-01  6.85113325e-01  9.86849872e-01
3.66424114e-01  6.62361811e-01  3.59078591e-01
8.16639786e-01  5.81000559e-01  8.62283410e-01
2.66721782e-01  9.40795146e-01  9.80884766e-01
6.97380984e-01  3.44414573e-01  5.12971770e-01
5.79176348e-01  2.65907742e-01  7.33020054e-01
5.57328970e-01  8.34980574e-01  8.85717845e-01
4.17714099e-01  5.77322006e-01  5.30981088e-01
2.64042619e-01  6.39064893e-01  8.13330165e-01
4.48806499e-01  8.34440829e-01  3.18937480e-01
8.68310526e-01  6.99670840e-01  9.57864895e-01
4.16208902e-01  3.33185837e-01  6.79486250e-01
6.20433287e-01  2.79164410e-01  6.87806129e-01
6.13080037e-01  5.48760209e-01  7.38787924e-01
4.52311122e-01  8.86450650e-01  3.60110624e-01
7.23191392e-01  7.12773111e-01  3.11501105e-01
3.65093944e-01  4.40142826e-01  5.81413759e-01
2.52963519e-01  9.40829331e-01  4.94365725e-01
8.50699727e-01  9.72773254e-01  3.18946376e-01
6.14326441e-01  3.12847842e-01  4.81093050e-01
6.99155508e-01  5.66821343e-01  5.79430804e-01
4.99720303e-01  3.41455318e-01  9.47037837e-01
2.67400838e-01  9.88210010e-01  8.64440609e-01
3.07216762e-01  6.58690041e-01  4.51476660e-01
3.82255664e-01  3.26204360e-01  3.04794674e-01
2.94106147e-01  5.89318855e-01  3.13600621e-01
6.68588509e-01  9.38961697e-01  9.06066372e-01
2.80462464e-01  3.04166427e-01  8.81608035e-01
3.83477903e-01  4.31312610e-01  3.76839650e-01
6.07589073e-01  5.80265013e-01  3.53792644e-01
5.05804604e-01  4.78115276e-01  4.01991182e-01
3.05860062e-01  2.64411505e-01  7.29466957e-01
2.68214412e-01  8.36429300e-01  3.29864101e-01
9.55084552e-01  2.60514045e-01  8.95702789e-01
3.73265584e-01  3.02812358e-01  2.95256391e-01
6.69105070e-01  2.95776170e-01  3.56521326e-01
6.95712129e-01  3.74425061e-01  5.79703948e-01
5.08368469e-01  4.33026086e-01  5.17954478e-01
5.52009971e-01  8.48809925e-01  6.71979565e-01
7.10577689e-01  4.45982334e-01  3.80819671e-01
2.60378067e-01  2.89066411e-01  2.64384361e-01
4.32784164e-01  8.18760974e-01  3.68726465e-01
5.34223239e-01  2.74423964e-01  4.85462208e-01
3.42390715e-01  4.51036135e-01  5.58938547e-01
3.87357787e-01  3.27725854e-01  9.99689506e-01
3.08353491e-01  5.33204664e-01  8.86721449e-01
2.92424561e-01  4.82853631e-01  8.29620432e-01
3.40240014e-01  4.53177921e-01  2.76354649e-01
4.79421791e-01  5.00116363e-01  3.38622964e-01
3.51403376e-01  2.99860778e-01  4.06886983e-01
2.55566244e-01  6.08166161e-01  5.35791031e-01
4.48364310e-01  3.72502444e-01  3.09892611e-01
3.56318578e-01  9.03678972e-01  3.32950259e-01
6.43386334e-01  2.71889135e-01  3.06409243e-01
3.56465986e-01  8.43252664e-01  4.06070414e-01
2.54567005e-01  4.84337769e-01  4.96612700e-01
9.23329354e-01  5.29136095e-01  3.59939369e-01
4.04147202e-01  5.45220924e-01  2.66058518e-01
9.14562094e-01  3.19360383e-01  6.58624135e-01
4.05526946e-01  4.70085805e-01  2.58902282e-01
3.50814023e-01  4.06112384e-01  7.89879448e-01
4.55960463e-01  3.28734962e-01  5.23356742e-01
9.37747803e-01  4.01530571e-01  6.49954593e-01
8.38496920e-01  2.73577441e-01  7.17043300e-01
3.85570268e-01  4.25738664e-01  5.53512805e-01
4.04665442e-01  6.39336354e-01  3.74755184e-01
2.81103385e-01  9.98530088e-01  6.97105894e-01
2.98477227e-01  7.45413988e-01  3.05130829e-01
7.45555780e-01  9.58143220e-01  3.02578897e-01
7.57074373e-01  7.77500810e-01  8.30661749e-01
8.81083278e-01  6.03874385e-01  9.26312042e-01
4.39430276e-01  3.92743068e-01  8.34777949e-01
8.53425775e-01  7.70356324e-01  9.54546586e-01
6.14352320e-01  5.62155473e-01  2.60278248e-01
5.57865512e-01  2.90647749e-01  3.80812813e-01
2.53918828e-01  6.21514558e-01  5.67089445e-01
2.86157508e-01  3.12536289e-01  6.87786267e-01
4.73586638e-01  5.14379387e-01  3.55735977e-01
2.71661742e-01  7.16905355e-01  4.22616086e-01
3.08675992e-01  4.94616151e-01  3.03433651e-01
3.85119637e-01  2.95129809e-01  8.65663541e-01
9.00739076e-01  9.07129910e-01  7.15212277e-01
3.19007786e-01  4.89667630e-01  5.99929336e-01
3.90776634e-01  8.96693519e-01  4.04561890e-01
3.91217572e-01  7.66594929e-01  4.39930809e-01
5.69750088e-01  9.74016498e-01  2.99618452e-01
3.56066785e-01  8.65452284e-01  5.41743257e-01
3.90994902e-01  8.11397457e-01  4.94991974e-01
6.73661249e-01  2.50125519e-01  6.36821798e-01
5.56471500e-01  2.65314853e-01  3.92239173e-01
7.24917540e-01  2.55707922e-01  9.36528109e-01
2.52357666e-01  7.15755084e-01  4.03463018e-01
3.71382778e-01  6.21766093e-01  2.64993639e-01
3.38450419e-01  7.46800481e-01  4.95241631e-01
2.69290049e-01  2.77931308e-01  7.02911635e-01
7.71144793e-01  6.32605684e-01  2.75978944e-01
4.81634113e-01  4.16797577e-01  4.36246984e-01
5.64100439e-01  7.49287320e-01  2.50521583e-01
4.78218678e-01  8.36423621e-01  2.78478921e-01
7.63521286e-01  2.77223589e-01  3.89482810e-01
3.65027746e-01  2.90291017e-01  6.39463937e-01
7.50063531e-01  5.57323287e-01  2.51095731e-01
3.62307072e-01  5.48758589e-01  3.28892236e-01
3.72474963e-01  3.96268352e-01  6.50416968e-01
8.40233148e-01  6.53476840e-01  2.61445463e-01
3.93806679e-01  9.40239810e-01  3.66330239e-01
6.05151860e-01  7.21791838e-01  2.88043252e-01
8.17788519e-01  2.80537933e-01  2.84952747e-01
5.04113295e-01  3.04764279e-01  8.44785475e-01
4.93809027e-01  2.95731453e-01  7.39523823e-01
6.81293012e-01  2.76194918e-01  3.85681314e-01
4.24567201e-01  7.97560958e-01  2.59633473e-01
3.54314386e-01  7.00830230e-01  4.64039591e-01
9.89672543e-01  6.30885496e-01  7.24163105e-01
2.94319165e-01  9.66038500e-01  5.71027022e-01
2.92430246e-01  3.32070352e-01  4.42900684e-01
3.45226717e-01  3.82546465e-01  5.52300337e-01
8.21674224e-01  5.09674913e-01  4.01887586e-01
8.22177822e-01  2.74042308e-01  2.79438611e-01
4.20814629e-01  9.61393498e-01  3.72155565e-01
3.02762380e-01  9.12411433e-01  9.86346234e-01
3.20374003e-01  6.41849597e-01  4.38548556e-01
2.57960228e-01  4.23109032e-01  9.81248155e-01
5.67547694e-01  3.68145513e-01  5.56685291e-01
4.33932657e-01  2.89699690e-01  9.40777151e-01
5.45991286e-01  4.26403282e-01  3.67253780e-01
5.18120301e-01  7.27789501e-01  2.73390018e-01
2.50157993e-01  3.79454258e-01  2.92715831e-01
5.66961517e-01  5.42004635e-01  2.80236920e-01
6.89693619e-01  4.59040648e-01  3.27249416e-01
9.59526216e-01  3.24844787e-01  8.04920374e-01
3.32742402e-01  4.75818725e-01  3.90171319e-01
9.67631760e-01  3.82686249e-01  2.76225587e-01
4.62598338e-01  4.04271445e-01  9.59569841e-01
8.18677388e-01  5.27926753e-01  2.63953250e-01
9.26508366e-01  5.41243356e-01  2.50632992e-01
2.59375451e-01  2.91216421e-01  8.22975248e-01
4.45705012e-01  3.14159233e-01  7.40692045e-01
2.92360612e-01  6.42931994e-01  5.78535838e-01
3.14853525e-01  6.91547947e-01  4.55283060e-01
7.90228112e-01  8.79002756e-01  9.57427285e-01
8.27624030e-01  3.47883866e-01  4.60630497e-01
3.14027570e-01  4.43633938e-01  4.69564457e-01
4.30370162e-01  3.98200778e-01  5.66011957e-01
2.51127869e-01  8.74151554e-01  9.68697038e-01
2.61649794e-01  9.80267726e-01  3.83762140e-01
5.66640508e-01  3.69507344e-01  4.15469280e-01
8.66330801e-01  2.53846160e-01  2.98150888e-01
3.25601044e-01  7.20735670e-01  2.52260779e-01
6.61727898e-01  8.40831081e-01  3.69922965e-01
9.26635231e-01  5.61499746e-01  7.43325126e-01
9.85451864e-01  7.53002563e-01  2.97816110e-01
4.35196103e-01  3.23555464e-01  7.82639530e-01
3.01627691e-01  4.94881219e-01  8.59319799e-01
3.03454288e-01  3.29561361e-01  4.06685963e-01
2.50100402e-01  6.16611823e-01  8.61419068e-01
3.03614667e-01  6.41320185e-01  4.84711921e-01
4.90492807e-01  9.28994486e-01  2.84337672e-01
3.46477387e-01  8.73707504e-01  4.53847044e-01
7.60286257e-01  6.69490857e-01  2.96150868e-01
4.50228806e-01  3.38559740e-01  3.71381525e-01
2.74100424e-01  9.76740002e-01  9.06901110e-01
6.00374976e-01  3.02058736e-01  5.64903170e-01
2.63067376e-01  3.65520574e-01  9.72201251e-01
6.10094848e-01  2.68661502e-01  4.98855957e-01
3.04343845e-01  3.30401892e-01  8.55995389e-01
3.61004930e-01  8.72905205e-01  5.42354270e-01
5.60447127e-01  4.55146788e-01  3.51439288e-01
2.99228772e-01  9.80788575e-01  8.32496855e-01
8.24188557e-01  3.94974778e-01  3.50149267e-01
4.67741243e-01  9.50550886e-01  2.57053903e-01
6.93220887e-01  2.85195188e-01  3.06664960e-01
5.50040078e-01  7.97874645e-01  2.85402216e-01
3.47669020e-01  5.92491914e-01  3.83517988e-01
2.96419094e-01  8.72864586e-01  7.08660391e-01
4.73146818e-01  7.07885803e-01  3.61960605e-01
5.60087929e-01  9.07215122e-01  7.61142911e-01
2.75529446e-01  9.72239461e-01  4.54695485e-01
3.31731195e-01  3.12247706e-01  6.45710388e-01
3.85996038e-01  8.35414452e-01  3.69931378e-01
2.98712828e-01  6.98705918e-01  4.63839333e-01
3.80666527e-01  9.31371104e-01  3.51691092e-01
7.57327148e-01  9.27163446e-01  2.83585629e-01
3.35879791e-01  3.87164248e-01  3.07475159e-01
2.53948335e-01  5.56646931e-01  8.11641421e-01
2.98344244e-01  9.71947660e-01  5.80487573e-01
2.61074696e-01  8.81067437e-01  9.21515758e-01
6.45145292e-01  2.71585462e-01  8.91111226e-01
8.25637308e-01  4.36620494e-01  3.26658691e-01
3.41777208e-01  9.15561795e-01  5.00654937e-01
2.56607260e-01  4.77412538e-01  6.60769469e-01
7.13293890e-01  3.42095520e-01  3.89741831e-01
4.24697141e-01  5.14104899e-01  2.53229535e-01
3.36428408e-01  4.43164226e-01  5.90195740e-01
6.51525471e-01  3.19818436e-01  5.46447953e-01
6.33815949e-01  2.73964883e-01  3.98374603e-01
2.80664679e-01  7.97082013e-01  2.77661415e-01
6.44653731e-01  7.04492159e-01  2.98795904e-01
4.13078873e-01  5.83173040e-01  4.80694091e-01
9.97392158e-01  3.96498925e-01  2.90892961e-01
3.47282105e-01  7.04508478e-01  4.88042544e-01
2.60098726e-01  8.18653995e-01  3.93716366e-01
9.93122116e-01  2.63843095e-01  2.64866460e-01
4.35885983e-01  7.56298342e-01  3.53665378e-01
5.14843406e-01  2.89485043e-01  7.02038379e-01
3.87911652e-01  3.54035376e-01  5.13385184e-01
8.55571582e-01  2.81262811e-01  5.63494668e-01
3.78535640e-01  5.76124673e-01  4.14369864e-01
7.73037357e-01  9.48041001e-01  2.51790031e-01
3.80933457e-01  9.21815034e-01  3.13511590e-01
2.67885855e-01  4.45666429e-01  7.13636047e-01
3.35639586e-01  9.58446646e-01  2.97123569e-01
6.91202378e-01  9.74148231e-01  3.51308862e-01
9.91161495e-01  6.60693694e-01  6.19759787e-01
7.06626992e-01  5.47177356e-01  3.60081274e-01
3.29833465e-01  2.89734190e-01  5.17116481e-01
4.39045006e-01  3.81994554e-01  6.97714090e-01
6.82071413e-01  4.05406895e-01  3.48484523e-01
7.53640418e-01  3.33089704e-01  4.38283719e-01
4.13540453e-01  2.63741414e-01  9.34044218e-01
6.19124250e-01  9.72666502e-01  8.98148091e-01
7.01312315e-01  9.87287349e-01  3.24623074e-01
2.57481409e-01  9.43490743e-01  2.74524981e-01
5.39667670e-01  3.46943494e-01  3.74794180e-01
3.26383535e-01  2.97066589e-01  3.30614616e-01
7.57910973e-01  7.17664394e-01  3.00644983e-01
8.47777571e-01  3.29409399e-01  4.91096298e-01
2.76385756e-01  6.34583607e-01  9.75262430e-01
7.49202500e-01  2.58929193e-01  5.69871476e-01
9.77343805e-01  9.80142232e-01  3.12937851e-01
9.48850185e-01  3.11539366e-01  5.26589783e-01
8.38789931e-01  3.20433557e-01  5.63384723e-01
3.06611565e-01  5.34265583e-01  5.85771238e-01
7.57998806e-01  3.81900451e-01  4.19566244e-01
4.62593203e-01  5.83249373e-01  5.39683892e-01
7.56352604e-01  2.93636888e-01  2.82160854e-01
5.12014764e-01  5.14354451e-01  4.58143399e-01
3.28648985e-01  5.61248513e-01  2.64964480e-01
2.53460107e-01  3.87126682e-01  6.60317088e-01
3.20065373e-01  4.87859112e-01  4.49638473e-01
6.29203601e-01  2.88419130e-01  9.43196523e-01
9.94590225e-01  2.82184821e-01  6.52783392e-01
7.06370830e-01  8.36221772e-01  2.73507754e-01
3.35791669e-01  7.97253387e-01  7.12685602e-01
4.99009736e-01  8.23482313e-01  7.78525198e-01
9.28647466e-01  7.05503447e-01  8.86977979e-01
6.00893383e-01  5.76316534e-01  2.92090949e-01
2.76736019e-01  2.91154028e-01  9.29183304e-01
4.14373838e-01  4.91538690e-01  6.21135543e-01
2.93499881e-01  7.94628825e-01  3.99744912e-01
9.31991451e-01  2.73816193e-01  8.70441879e-01
9.56101618e-01  6.36268049e-01  3.00871156e-01
9.72955467e-01  5.47019841e-01  3.88603945e-01
4.05825428e-01  4.88875185e-01  3.72236927e-01
4.59910066e-01  3.66196310e-01  9.08126042e-01
3.55692807e-01  4.59812265e-01  4.03005198e-01
3.18834511e-01  9.93874904e-01  3.47888035e-01
9.26166503e-01  3.17384435e-01  4.90719376e-01
9.91405432e-01  3.52474453e-01  6.84817292e-01
6.00970639e-01  9.36704582e-01  2.69679564e-01
9.32767209e-01  5.33888242e-01  7.35182372e-01
3.37407045e-01  5.06324509e-01  9.00505062e-01
2.65648545e-01  2.90089809e-01  5.41586623e-01
6.37298167e-01  4.68938361e-01  2.69447876e-01
3.28656513e-01  8.07129788e-01  3.72291307e-01
2.54786542e-01  9.21442076e-01  2.54177459e-01
4.01117871e-01  3.75567920e-01  3.71193871e-01
3.15185328e-01  3.63618831e-01  7.98798508e-01
3.43015755e-01  4.48827562e-01  4.24751080e-01
3.45516671e-01  4.10932993e-01  1.00018216e+00
3.91775857e-01  9.22280833e-01  3.84479699e-01
5.02339259e-01  6.45378712e-01  3.66743816e-01
4.43881247e-01  8.58951000e-01  3.53647222e-01
2.75811317e-01  9.97564272e-01  3.35803068e-01
2.75876388e-01  7.52421542e-01  9.85276177e-01
3.61459450e-01  4.15641571e-01  7.71261113e-01
8.74659077e-01  3.43608058e-01  3.02510757e-01
8.83230354e-01  3.12275534e-01  3.59006198e-01
7.23471047e-01  2.68665558e-01  4.46519689e-01
7.64559906e-01  6.86266677e-01  2.59303705e-01
4.86164462e-01  3.82043818e-01  4.39366659e-01
3.32499765e-01  6.85803218e-01  3.19182551e-01
2.79215345e-01  6.50378669e-01  2.96449686e-01
5.76076300e-01  2.53903027e-01  4.30135830e-01
4.73090687e-01  4.04943253e-01  4.60494255e-01
3.24957075e-01  9.73910253e-01  4.92024949e-01
9.35734028e-01  9.48982784e-01  9.69643459e-01
8.75732198e-01  9.22876369e-01  2.83400917e-01
3.88522163e-01  7.39703618e-01  3.68934084e-01
4.02204269e-01  4.93024619e-01  5.55765666e-01
4.13225597e-01  3.11991509e-01  5.56454402e-01
6.11951946e-01  2.67968452e-01  3.25750137e-01
3.72794249e-01  4.97761481e-01  4.91243420e-01
2.71716677e-01  6.26272049e-01  4.81158289e-01
9.53982381e-01  3.05826736e-01  3.98717068e-01
2.83920114e-01  2.99422500e-01  9.70837878e-01
2.76579747e-01  4.63251200e-01  7.14003809e-01
8.64235631e-01  8.31894613e-01  7.80837346e-01
3.73916897e-01  7.88708705e-01  3.69867998e-01
2.73432481e-01  4.90259415e-01  3.01650384e-01
8.64712293e-01  2.52922413e-01  4.10714472e-01
2.50320127e-01  6.68835051e-01  6.06283315e-01
9.00935853e-01  2.51336699e-01  8.66523410e-01
7.76280465e-01  5.70088491e-01  2.92320843e-01
9.02490363e-01  2.63071868e-01  4.86677943e-01
3.14752251e-01  5.94499712e-01  6.09750797e-01
2.99864651e-01  6.96342671e-01  4.35926167e-01
5.62046480e-01  7.28010325e-01  2.53862907e-01
6.76105763e-01  2.58258645e-01  6.13103745e-01
4.69673801e-01  3.19711515e-01  8.29743828e-01
3.10607865e-01  7.45532037e-01  4.59119265e-01
8.07593459e-01  3.17302120e-01  2.95200296e-01
9.12958389e-01  2.90790925e-01  5.77268029e-01
4.20520271e-01  6.73701997e-01  3.49646627e-01
2.93113892e-01  8.49718567e-01  4.86436618e-01
4.78450298e-01  7.92898057e-01  3.46493222e-01
6.65209244e-01  4.83282038e-01  5.82322635e-01
4.70284831e-01  3.56833233e-01  5.74838468e-01
6.13345083e-01  7.74174516e-01  3.41121207e-01
2.68758759e-01  3.43047288e-01  3.82854324e-01
2.59787253e-01  5.85746454e-01  9.22614627e-01
7.62680677e-01  3.89750322e-01  2.68379604e-01
5.02728027e-01  9.73311098e-01  8.64668663e-01
6.28469838e-01  2.64855465e-01  3.43745404e-01
9.33476633e-01  2.82973041e-01  2.83832397e-01
6.87145288e-01  2.55522897e-01  2.82121036e-01
4.51387887e-01  5.38487232e-01  2.93007850e-01
6.13209356e-01  2.56510883e-01  7.17808720e-01
5.77120493e-01  3.48262637e-01  3.50487941e-01
4.17578915e-01  5.00107773e-01  2.87604847e-01
3.56893343e-01  2.55769112e-01  7.93681171e-01
3.11329105e-01  2.57546622e-01  5.91276508e-01
7.05639063e-01  3.20465014e-01  5.11278717e-01
6.44137174e-01  2.61811079e-01  4.66644587e-01
3.10274554e-01  5.34767804e-01  3.29034067e-01
2.62999587e-01  5.06875059e-01  8.80337604e-01
4.83021010e-01  4.54968093e-01  3.32877919e-01
4.13277772e-01  5.43933564e-01  6.28692470e-01
8.55049682e-01  8.79332098e-01  4.54527179e-01
3.81887329e-01  5.79313285e-01  4.39336932e-01
5.20168271e-01  2.63585001e-01  4.45026572e-01
2.67009451e-01  4.54948961e-01  7.97146655e-01
6.58489451e-01  2.62951224e-01  6.92801660e-01
3.42722986e-01  9.71267644e-01  3.12895283e-01
9.51478306e-01  5.33776816e-01  8.24425322e-01
4.69213375e-01  6.54367436e-01  3.32899375e-01
3.84301891e-01  3.83536874e-01  9.01118704e-01
2.95745651e-01  6.91941860e-01  2.90606141e-01
4.65228512e-01  6.51754003e-01  2.98616712e-01
5.44636815e-01  4.23868663e-01  2.68180315e-01
3.88117730e-01  9.40349498e-01  8.49921800e-01
8.40402064e-01  8.51742691e-01  9.45798364e-01
5.88837241e-01  7.78715133e-01  6.01212701e-01
4.56686152e-01  5.59463833e-01  2.87761170e-01
8.50556357e-01  8.28571682e-01  5.19392357e-01
2.80639897e-01  5.74114873e-01  5.89792627e-01
6.22955722e-01  7.71192591e-01  8.62068814e-01
9.48949873e-01  7.62492750e-01  3.14755825e-01
2.89518733e-01  7.74522825e-01  4.50487740e-01
3.11558713e-01  8.40768546e-01  4.38589071e-01
3.73121442e-01  3.96098232e-01  7.93389824e-01
2.87430474e-01  5.39102277e-01  9.15088666e-01
6.78067457e-01  7.15387797e-01  8.23404450e-01
2.95982335e-01  9.51590163e-01  8.54959377e-01
8.33856378e-01  3.36124996e-01  4.93406646e-01
6.19798578e-01  2.90817713e-01  3.64992934e-01
2.62487747e-01  4.24324544e-01  7.40907477e-01
3.46840966e-01  9.20615887e-01  5.77742885e-01
3.92425023e-01  3.85427701e-01  9.94366254e-01
4.48585596e-01  8.32011228e-01  3.13898942e-01
3.24534823e-01  3.99226618e-01  7.88530814e-01
4.87398063e-01  6.56555734e-01  2.62570427e-01
8.40731196e-01  3.07502005e-01  4.00001628e-01
3.57680187e-01  3.49537916e-01  4.89451695e-01
5.74080490e-01  2.50121246e-01  9.59942037e-01
2.73678692e-01  7.03953484e-01  3.04193282e-01
3.90162407e-01  8.93953059e-01  3.04657008e-01
4.28223538e-01  3.41360234e-01  9.70236290e-01
4.57246990e-01  7.61559079e-01  3.61513903e-01
4.50398385e-01  4.58642543e-01  3.71965300e-01
3.52351157e-01  3.42895392e-01  8.33701584e-01
4.42658229e-01  7.92477983e-01  3.06970788e-01
9.40007002e-01  7.86392325e-01  9.40786780e-01
3.58910273e-01  5.55618650e-01  5.40654766e-01
9.85028945e-01  6.42715937e-01  9.80141184e-01
9.06601601e-01  3.35394433e-01  5.46881492e-01
6.23120111e-01  8.77106675e-01  3.32720940e-01
5.64735172e-01  2.87673961e-01  5.67814521e-01
7.74833579e-01  3.84378312e-01  4.01074391e-01
9.10869682e-01  5.34698150e-01  7.30333081e-01
4.60749209e-01  7.75862452e-01  5.82896138e-01
2.73753150e-01  7.42837352e-01  6.62594652e-01
4.26547974e-01  9.54420640e-01  4.03049458e-01
6.66799608e-01  5.32929594e-01  6.46431342e-01
3.85942467e-01  3.77431350e-01  6.27775033e-01
4.83864638e-01  2.73572980e-01  5.45861463e-01
3.53429696e-01  7.72789929e-01  9.84832916e-01
3.62339084e-01  2.56066151e-01  6.08242300e-01
3.36386688e-01  3.80913361e-01  3.49166676e-01
3.54789760e-01  5.85014394e-01  4.80967131e-01
8.55878313e-01  6.08992168e-01  9.18744263e-01
5.47938245e-01  9.98069148e-01  3.33753420e-01
9.93429034e-01  5.61350539e-01  3.32548027e-01
3.46600125e-01  5.27005354e-01  9.61955727e-01
4.16073273e-01  3.26890144e-01  2.69345868e-01
6.58622682e-01  6.29027093e-01  2.63260805e-01
4.99099983e-01  2.80192196e-01  4.16697854e-01
7.98855867e-01  2.85365584e-01  5.89855106e-01
9.87202209e-01  5.87100211e-01  2.84380597e-01
3.33439084e-01  5.33501294e-01  4.95992651e-01
2.71234568e-01  8.16932314e-01  3.27563928e-01
3.98075596e-01  3.82028795e-01  8.81563474e-01
2.73206730e-01  5.36813097e-01  2.82569649e-01
3.02412862e-01  4.10292637e-01  9.90600771e-01
2.62564557e-01  9.83499971e-01  8.29249695e-01
6.84367754e-01  2.94497976e-01  6.16727489e-01
6.68943691e-01  2.72966869e-01  6.59172407e-01
2.51222872e-01  8.82725227e-01  7.23570974e-01
6.66593189e-01  6.65162684e-01  9.86038226e-01
8.84700217e-01  4.53414450e-01  6.45511096e-01
7.54666101e-01  5.89506879e-01  2.67118708e-01
9.93329594e-01  3.08290693e-01  3.37989277e-01
4.13025948e-01  3.47030303e-01  6.39968184e-01
4.39440024e-01  2.60742843e-01  4.56482953e-01
4.97896541e-01  4.91428444e-01  4.02503020e-01
7.04352701e-01  4.73923415e-01  3.75001648e-01
2.93070953e-01  5.18694546e-01  9.40737207e-01
9.00350566e-01  9.62721996e-01  2.74510283e-01
4.97375170e-01  3.10743894e-01  2.84425819e-01
2.55737180e-01  4.00466109e-01  6.63548591e-01
3.47068054e-01  4.14452730e-01  4.68617650e-01
3.85754282e-01  8.55171257e-01  4.76710599e-01
2.98876392e-01  5.61596095e-01  7.28967455e-01
3.42050976e-01  7.63841080e-01  2.66728543e-01
3.67038990e-01  2.87115902e-01  4.18573116e-01
3.96609486e-01  4.26968596e-01  7.58416681e-01
2.70476122e-01  8.32653795e-01  2.71250250e-01
2.69394256e-01  4.11611001e-01  4.64229769e-01
3.22733204e-01  6.32993915e-01  6.48448899e-01
5.56372786e-01  2.62739134e-01  5.71450977e-01
5.37197574e-01  3.40435119e-01  4.57061269e-01
3.11597973e-01  6.09898269e-01  6.55804874e-01
6.14544860e-01  7.66139498e-01  3.10932287e-01
6.14051533e-01  7.44681797e-01  3.72921928e-01
5.61446272e-01  2.73272748e-01  2.93779089e-01
9.86965865e-01  9.79381956e-01  7.77652893e-01
6.34529478e-01  2.87274515e-01  5.66091678e-01
7.50980687e-01  2.67864791e-01  9.69181054e-01
3.51065416e-01  3.94387215e-01  3.95326778e-01
6.80588792e-01  5.87230916e-01  2.58755667e-01
4.35612391e-01  3.54801758e-01  7.06760206e-01
4.36220256e-01  4.16779237e-01  9.32575230e-01
4.52913149e-01  9.10850611e-01  2.85983688e-01
3.05784331e-01  4.81782154e-01  6.88427505e-01
3.51699866e-01  2.78056578e-01  8.45602508e-01
6.33732289e-01  2.73208706e-01  9.47437308e-01
9.94863451e-01  7.63099691e-01  2.98518920e-01
3.13050631e-01  4.88598349e-01  7.00872601e-01
2.84770607e-01  4.09469842e-01  6.42953489e-01
2.50346812e-01  6.47049962e-01  4.25667024e-01
6.68030935e-01  9.68220689e-01  3.80010679e-01
2.57077598e-01  9.57855005e-01  9.24745469e-01
7.43100959e-01  4.14631713e-01  2.71362166e-01
9.37670208e-01  6.52787978e-01  2.59493149e-01
9.81068821e-01  4.40976510e-01  6.38824130e-01
2.54025369e-01  6.85632386e-01  5.17031472e-01
5.32455266e-01  3.90981250e-01  4.65067974e-01
8.67999080e-01  4.07846103e-01  3.88347458e-01
7.17681384e-01  3.68276355e-01  3.86426754e-01
8.75527881e-01  6.66016863e-01  2.52982975e-01
2.84903879e-01  4.29668816e-01  8.12426455e-01
3.75642904e-01  3.25634094e-01  8.87364655e-01
3.02140572e-01  5.19420953e-01  5.42237389e-01
3.05337396e-01  9.98989223e-01  8.15068541e-01
3.17784076e-01  3.16716989e-01  7.60860635e-01
3.20354747e-01  7.73254455e-01  5.05166979e-01
9.97405056e-01  5.83884380e-01  2.66581697e-01
4.54588803e-01  3.67919459e-01  2.61389383e-01
4.32232596e-01  6.94684203e-01  2.91900205e-01
3.77220481e-01  4.88003882e-01  9.20218120e-01
3.47234858e-01  7.72670367e-01  3.52825640e-01
6.91215033e-01  9.69158714e-01  8.62684189e-01
5.38185808e-01  6.84597059e-01  3.73959285e-01
3.04427893e-01  9.29599182e-01  5.08660123e-01
7.77702222e-01  3.78941550e-01  3.58189532e-01
2.53672304e-01  3.25964784e-01  5.11151366e-01
6.12532564e-01  3.15008860e-01  3.03247997e-01
4.91983232e-01  3.53983850e-01  9.20270755e-01
7.24694962e-01  2.54958464e-01  6.32565035e-01
5.52024258e-01  8.53653583e-01  9.26367595e-01
2.83183065e-01  3.98884680e-01  6.10067891e-01
2.54668469e-01  7.98855458e-01  7.10818270e-01
4.71880782e-01  2.64092575e-01  5.95617810e-01
5.37087273e-01  9.80340705e-01  9.78025411e-01
7.81008668e-01  6.50080936e-01  3.01171000e-01
2.60514939e-01  6.72662705e-01  5.34414293e-01
3.71294913e-01  6.29950483e-01  2.96967383e-01
3.32716980e-01  3.97461106e-01  2.61797105e-01
7.71586696e-01  3.16498448e-01  9.44337156e-01
2.51001549e-01  8.42702821e-01  9.89470111e-01
5.50044350e-01  5.28362610e-01  3.25084366e-01
5.70841579e-01  3.25040775e-01  4.72903920e-01
3.99918279e-01  3.22637915e-01  2.68217474e-01
3.35679873e-01  5.15268755e-01  6.83470644e-01
2.79364700e-01  3.35727077e-01  3.05523509e-01
9.50899451e-01  2.76515359e-01  5.05093222e-01
9.63551361e-01  3.25527781e-01  4.66981484e-01
6.15947551e-01  3.29479250e-01  5.20190145e-01
2.55324193e-01  6.40051516e-01  4.17475261e-01
4.56819839e-01  6.78292340e-01  2.99366496e-01
5.82899737e-01  5.23959030e-01  3.51024908e-01
2.83683676e-01  6.30769685e-01  4.96348479e-01
3.71052914e-01  7.91459297e-01  2.68638780e-01
3.16383409e-01  9.92296559e-01  2.63947123e-01
3.73697354e-01  3.58004016e-01  7.44309538e-01
2.80434574e-01  5.42275027e-01  5.68967868e-01
3.69990079e-01  3.92369286e-01  7.05492575e-01
4.10016209e-01  2.53777986e-01  2.84035977e-01
7.49002052e-01  6.94786303e-01  5.95278373e-01
6.48936501e-01  3.47589975e-01  9.83252437e-01
4.34533502e-01  4.06821420e-01  3.92079194e-01
9.02896592e-01  5.99284054e-01  5.95900008e-01
7.06844072e-01  4.54033768e-01  3.54032346e-01
2.67669125e-01  9.95775210e-01  3.93394711e-01
3.04453863e-01  6.24183965e-01  5.12023804e-01
9.52679818e-01  6.16134245e-01  9.13714966e-01
7.64122172e-01  4.55307306e-01  8.40507248e-01
8.52638639e-01  2.93693409e-01  2.89810322e-01
9.54870244e-01  4.31031855e-01  4.39816522e-01
2.87989840e-01  7.11915704e-01  3.72080214e-01
9.79759744e-01  8.24934129e-01  8.32659963e-01
3.69496691e-01  3.14456991e-01  9.08573230e-01
9.28996294e-01  4.22408353e-01  4.52740521e-01
2.94882625e-01  3.09891567e-01  6.18269314e-01
8.53491722e-01  9.25252557e-01  2.71710305e-01
7.29931743e-01  2.91261204e-01  5.98492687e-01
9.12089257e-01  5.86326991e-01  8.57848187e-01
3.04914553e-01  5.19933183e-01  4.93773905e-01
4.25045030e-01  6.48411663e-01  4.02888432e-01
2.86344759e-01  7.10798410e-01  3.34279498e-01
6.82721775e-01  5.23258009e-01  8.83154439e-01
3.18398891e-01  2.52768803e-01  4.92797695e-01
9.97807715e-01  5.24025705e-01  4.12023514e-01
2.82686632e-01  5.51966053e-01  6.74490811e-01
5.46752919e-01  3.80663948e-01  9.92943137e-01
2.78965634e-01  4.58226662e-01  6.65666226e-01
4.91910865e-01  5.29560981e-01  3.43859711e-01
3.99742956e-01  8.70759798e-01  2.90491636e-01
3.85093729e-01  4.76873022e-01  5.17867609e-01
9.91554920e-01  2.66113737e-01  8.25717791e-01
5.86636161e-01  8.37764475e-01  6.10936139e-01
5.94497845e-01  6.05110831e-01  3.26448990e-01
6.75072427e-01  8.54077334e-01  5.33949974e-01
3.12160743e-01  8.96459779e-01  5.05222405e-01
8.93338224e-01  3.06761157e-01  5.15118743e-01
9.60372479e-01  8.65258862e-01  2.65333333e-01
4.51250439e-01  3.75230014e-01  6.11143146e-01
6.70850527e-01  4.83879654e-01  4.31626078e-01
4.07392314e-01  7.21234376e-01  3.42249848e-01
2.70334837e-01  4.72143403e-01  3.68516503e-01
4.74028707e-01  5.89679801e-01  3.47259559e-01
4.25726085e-01  3.54699116e-01  7.18991948e-01
2.76647823e-01  7.17374546e-01  9.67458590e-01
8.32091964e-01  6.72200958e-01  7.90977170e-01
3.92520961e-01  2.97998259e-01  5.72177483e-01
7.72832380e-01  9.65198722e-01  4.68645494e-01
8.67195861e-01  4.45007278e-01  3.36678453e-01
7.42142480e-01  8.10060442e-01  4.43461536e-01
3.79199578e-01  4.58832505e-01  6.24533058e-01
6.26076901e-01  2.55131776e-01  4.26069163e-01
9.68630721e-01  4.14852366e-01  4.46918069e-01
3.67451157e-01  2.87064090e-01  8.58435300e-01
2.99806591e-01  3.59175307e-01  7.48345440e-01
2.66996644e-01  6.67229924e-01  9.83612280e-01
6.16168629e-01  3.06116981e-01  3.11924593e-01
4.03182585e-01  4.23782398e-01  3.90711857e-01
6.27595977e-01  3.09110181e-01  6.58544523e-01
5.80213372e-01  6.39413779e-01  2.51459545e-01
2.63019566e-01  4.77860141e-01  6.73719799e-01
3.82300151e-01  2.90268879e-01  5.97962018e-01
4.53555780e-01  3.30795749e-01  3.48315998e-01
2.81983442e-01  2.66697525e-01  7.63365107e-01
9.36737764e-01  2.75401950e-01  4.07365631e-01
3.55845801e-01  9.95599456e-01  9.98641962e-01
7.42960903e-01  3.24787240e-01  5.44070831e-01
5.73560685e-01  4.73620592e-01  2.81623216e-01
9.60356434e-01  2.78742200e-01  8.51535708e-01
8.62877120e-01  3.89930576e-01  3.29744434e-01
8.19123520e-01  3.47565426e-01  4.11165042e-01
4.50668516e-01  3.39468531e-01  8.85015075e-01
7.30187997e-01  2.63665004e-01  5.26238300e-01
6.20009643e-01  2.64518402e-01  6.86433323e-01
6.31949098e-01  4.96562333e-01  4.17106824e-01
9.15397223e-01  9.78939606e-01  8.97836741e-01
5.76785505e-01  2.55965769e-01  8.31359700e-01
7.53744222e-01  5.71546013e-01  3.14675707e-01
3.42795172e-01  9.78939311e-01  4.71154071e-01
3.51049587e-01  4.87781760e-01  5.18361292e-01
4.61249368e-01  3.61210650e-01  5.90990462e-01
5.01470856e-01  5.11163453e-01  3.13072069e-01
3.26518104e-01  6.04055060e-01  6.29139249e-01
3.14415221e-01  9.92317308e-01  4.34286999e-01
8.35269209e-01  9.26837466e-01  2.93047289e-01
4.65987750e-01  3.60162950e-01  4.56141813e-01
4.75791415e-01  2.70578760e-01  8.13086101e-01
6.59062511e-01  5.64394622e-01  2.90079944e-01
5.67759696e-01  7.95303621e-01  8.56506631e-01
2.80783678e-01  4.56924366e-01  7.93980633e-01
7.77999975e-01  2.62039460e-01  3.33704584e-01
9.36908052e-01  2.56110526e-01  7.48669186e-01
2.68460158e-01  6.02715490e-01  9.82459693e-01
3.25261886e-01  3.72130809e-01  2.86138807e-01
5.32459366e-01  4.12863637e-01  2.76200081e-01
3.71791798e-01  3.08457624e-01  3.04804852e-01
7.16017410e-01  9.58661391e-01  9.41883200e-01
2.97992988e-01  3.34279826e-01  5.25763497e-01
4.80385885e-01  3.10543404e-01  9.84146917e-01
2.84424476e-01  3.43047966e-01  6.87476790e-01
2.61891859e-01  5.25430884e-01  7.18902751e-01
6.85722206e-01  6.17809785e-01  2.50676515e-01
2.57193481e-01  3.27631627e-01  4.95136215e-01
8.19197263e-01  9.93101304e-01  2.56400839e-01
5.39045168e-01  6.45008880e-01  3.36325867e-01
5.78302430e-01  3.06033482e-01  3.43123952e-01
3.64803137e-01  5.36867964e-01  3.68889883e-01
9.02877779e-01  2.56010417e-01  7.10463984e-01
8.07502208e-01  8.36984544e-01  2.51977539e-01
5.81050555e-01  3.80495183e-01  3.17793467e-01
3.19747116e-01  9.22443447e-01  4.72593392e-01
5.91253576e-01  7.37562583e-01  8.32244497e-01
6.83543320e-01  7.72583433e-01  9.18184393e-01
2.87646436e-01  8.77312099e-01  5.07807123e-01
3.21494810e-01  5.09989475e-01  4.57340138e-01
5.62339146e-01  6.47418664e-01  8.72560510e-01
3.93071092e-01  3.74628674e-01  3.70192763e-01
4.82629259e-01  5.37365548e-01  3.63676420e-01
7.36670111e-01  4.16148672e-01  2.77793695e-01
2.52011429e-01  7.63854895e-01  5.04616368e-01
2.78791752e-01  2.61187909e-01  5.34029007e-01
3.58865343e-01  4.03449223e-01  2.84628994e-01
3.21049137e-01  3.63218412e-01  3.10503828e-01
2.55358363e-01  8.51184932e-01  5.44221562e-01
5.14895580e-01  2.58518580e-01  6.62111166e-01
3.11843104e-01  9.84325073e-01  2.62427844e-01
8.06723034e-01  3.81738756e-01  2.98080900e-01
2.86676683e-01  4.42772648e-01  6.81441980e-01
9.07329534e-01  7.82615349e-01  5.10989267e-01
2.85330506e-01  9.31579299e-01  5.21930661e-01
5.59671407e-01  3.20578741e-01  4.92010220e-01
3.86867990e-01  6.28762289e-01  4.41113742e-01
3.88996523e-01  3.83730776e-01  5.41985920e-01
3.11109783e-01  9.02405661e-01  3.03284178e-01
9.81824000e-01  5.06165423e-01  3.06841946e-01
3.19488550e-01  9.24340846e-01  8.98007231e-01
4.40030915e-01  3.54571612e-01  6.05630106e-01
3.22619593e-01  2.74144701e-01  5.02766295e-01
4.06249011e-01  8.47457829e-01  3.39109933e-01
7.13056063e-01  9.52321667e-01  8.58842606e-01
2.86408896e-01  4.21189471e-01  8.57140303e-01
5.48850387e-01  8.15999304e-01  6.94701089e-01
3.61683654e-01  3.05154883e-01  4.08763952e-01
4.03215333e-01  7.93005151e-01  3.69148572e-01
3.67375226e-01  4.29661407e-01  4.00247390e-01
2.50886759e-01  9.82523209e-01  9.29277023e-01
7.08079372e-01  9.02642484e-01  5.82059684e-01
4.13606187e-01  6.27512725e-01  2.92824986e-01
9.75816394e-01  2.85411507e-01  4.87361970e-01
3.81228561e-01  6.80846144e-01  7.91472401e-01
4.11495064e-01  6.33768367e-01  3.65172032e-01
2.58114422e-01  5.75403023e-01  3.17641897e-01
6.11936972e-01  3.23771728e-01  3.06454134e-01
6.13688185e-01  9.59518610e-01  9.05017614e-01
3.64060320e-01  3.07602351e-01  4.48387861e-01
2.80909266e-01  9.52533127e-01  9.85123059e-01
9.97100466e-01  4.05279874e-01  3.78165800e-01
3.42399735e-01  3.80897360e-01  2.99400439e-01
6.77448391e-01  7.58406294e-01  8.55448693e-01
2.55344030e-01  4.52219819e-01  4.28452751e-01
6.29739165e-01  2.92462908e-01  9.88938791e-01
3.40773088e-01  7.45206167e-01  4.47126595e-01
2.79858385e-01  4.61009626e-01  2.88769408e-01
7.09644564e-01  4.49717015e-01  7.64025484e-01
3.16776122e-01  7.99579867e-01  4.21067978e-01
5.55734521e-01  2.60534086e-01  7.95755302e-01
9.78205934e-01  2.64880564e-01  9.72795201e-01
5.54937799e-01  6.80305909e-01  9.89602102e-01
7.39136916e-01  8.52530971e-01  6.22752687e-01
3.78770363e-01  6.69406648e-01  5.66827281e-01
3.22920783e-01  4.40127192e-01  5.29891348e-01
2.91194238e-01  3.01329879e-01  5.92625101e-01
3.46798781e-01  9.76860809e-01  5.07387820e-01
8.17841790e-01  4.03293559e-01  3.08612698e-01
2.75026178e-01  3.01409332e-01  6.61334556e-01
2.56114383e-01  8.91535342e-01  8.55942381e-01
3.29811261e-01  2.88129441e-01  9.50002243e-01
2.58488488e-01  8.66174474e-01  5.05262731e-01
5.93782151e-01  2.76419577e-01  2.67736398e-01
7.31613960e-01  8.90685989e-01  5.06388753e-01
8.46224870e-01  3.15266442e-01  5.24564224e-01
8.40742020e-01  2.64991954e-01  5.40368234e-01
3.53253033e-01  5.67331679e-01  8.39551377e-01
3.17789250e-01  3.08238090e-01  6.17911859e-01
6.65264903e-01  5.14456953e-01  6.56903637e-01
6.88043526e-01  7.48294532e-01  7.63579520e-01
3.91873833e-01  7.88603172e-01  2.53220605e-01
4.71246334e-01  2.94950743e-01  4.67573614e-01
6.66721677e-01  5.38770822e-01  3.29733430e-01
8.30897560e-01  5.43042140e-01  3.02013347e-01
3.33819341e-01  6.51031781e-01  2.51562022e-01
4.23953607e-01  4.45813295e-01  4.94237340e-01
3.61547443e-01  9.30974859e-01  4.28553565e-01
3.08436179e-01  3.61898071e-01  3.07066675e-01
3.54342100e-01  5.23341642e-01  7.69559530e-01
4.11891286e-01  4.53674560e-01  4.57384429e-01
5.71078595e-01  2.84943551e-01  8.65225307e-01
2.53145215e-01  9.80859654e-01  6.59555327e-01
4.70482380e-01  8.83017038e-01  4.83013235e-01
5.48941142e-01  9.53064540e-01  3.71933298e-01
2.75063447e-01  5.79192031e-01  4.90420391e-01
3.06712234e-01  3.00225845e-01  3.93015524e-01
9.67229973e-01  5.82687721e-01  4.50184749e-01
3.69826827e-01  2.94830307e-01  4.09943525e-01
8.30457922e-01  6.52150510e-01  4.28415704e-01
4.61450639e-01  2.81195719e-01  3.10278532e-01
2.86477921e-01  5.60405448e-01  3.70335705e-01
2.81975081e-01  9.63400395e-01  9.01768882e-01
6.21404811e-01  5.66369819e-01  2.74037144e-01
2.51163428e-01  6.87624437e-01  4.72373447e-01
2.51957389e-01  9.82038586e-01  8.99013168e-01
6.39755787e-01  9.15518778e-01  5.67761695e-01
8.87483068e-01  5.21023434e-01  7.36734026e-01
9.32140900e-01  8.92263685e-01  9.51354754e-01
6.48503111e-01  3.64352388e-01  5.18696969e-01
3.53475355e-01  7.28882509e-01  4.16402527e-01
2.54525993e-01  5.19305470e-01  3.16775100e-01
5.07440799e-01  5.79727344e-01  9.07498030e-01
3.19085337e-01  5.36002041e-01  6.18819573e-01
9.21440102e-01  2.84984443e-01  8.73625336e-01
3.40376682e-01  9.77557627e-01  5.88905707e-01
2.71178776e-01  8.36954380e-01  3.50137886e-01
4.58354349e-01  3.93324515e-01  5.49253765e-01
6.49274040e-01  3.65374702e-01  2.93755245e-01
2.87279581e-01  7.04640803e-01  2.67087093e-01
8.42730830e-01  8.16768557e-01  7.64134859e-01
2.54962695e-01  9.79089126e-01  5.61768894e-01
3.83302316e-01  7.91502903e-01  3.90716709e-01
9.69474730e-01  5.99281298e-01  2.85807004e-01
3.52302744e-01  2.55727262e-01  3.22850542e-01
3.14107134e-01  5.14842969e-01  8.03334515e-01
2.63368922e-01  4.17530859e-01  9.65316687e-01
5.12489912e-01  4.01240532e-01  4.75513739e-01
4.26388558e-01  7.38781173e-01  8.66899157e-01
4.13092910e-01  3.54494577e-01  7.67179368e-01
4.85059889e-01  2.70297714e-01  5.12391878e-01
9.17935112e-01  4.01531035e-01  2.62547300e-01
3.17220600e-01  8.33755167e-01  4.32983983e-01
4.17867392e-01  8.93602037e-01  3.92093137e-01
3.89229261e-01  5.17025753e-01  2.72220964e-01
3.41075750e-01  5.88727385e-01  2.70516346e-01
3.24027059e-01  9.04762866e-01  4.97461111e-01
7.45406791e-01  4.58302470e-01  3.39214484e-01
2.63183572e-01  6.29480152e-01  3.62704160e-01
9.97285357e-01  5.90575426e-01  3.04091605e-01
2.66884187e-01  9.89389124e-01  7.68684295e-01
3.77569256e-01  2.80886662e-01  7.76595081e-01
4.37749187e-01  7.57361531e-01  2.94996083e-01
2.51583959e-01  3.24881875e-01  9.69416156e-01
9.03682086e-01  9.97969595e-01  9.72279388e-01
8.17081980e-01  3.77745226e-01  6.63929391e-01
5.63024024e-01  8.24052926e-01  3.45493994e-01
9.29921759e-01  2.63068414e-01  8.81920490e-01
7.70936149e-01  2.87529841e-01  4.53973775e-01
3.69848430e-01  3.67637539e-01  5.74557420e-01
2.61640122e-01  3.42668729e-01  7.47194270e-01
7.00712587e-01  7.05491534e-01  2.93357771e-01
9.74812325e-01  5.30299149e-01  2.57759355e-01
9.55210984e-01  3.79975695e-01  2.53505761e-01
7.84138995e-01  3.55190958e-01  5.03213209e-01
3.43008121e-01  3.01282244e-01  4.20836909e-01
6.39422830e-01  5.67147490e-01  6.96612254e-01
3.37512750e-01  3.62546725e-01  4.66830313e-01
9.73907557e-01  3.69142858e-01  2.67795813e-01
7.61543976e-01  3.15590826e-01  4.65964418e-01
5.07888480e-01  2.96913379e-01  8.40216890e-01
3.11894446e-01  8.19473501e-01  2.83241363e-01
5.26817645e-01  7.78585338e-01  2.65131763e-01
3.08041788e-01  6.27263523e-01  9.77014464e-01
6.62090836e-01  3.36692616e-01  2.64725136e-01
3.08375986e-01  4.82372175e-01  3.55372303e-01
2.89833599e-01  4.04888038e-01  8.53172634e-01
3.62177948e-01  5.81648276e-01  5.20544675e-01
2.63876307e-01  8.42262583e-01  3.53524140e-01
8.34583590e-01  7.46569512e-01  8.11837203e-01
3.37080131e-01  4.06157545e-01  3.20269005e-01
5.73651048e-01  4.61155748e-01  9.99677180e-01
7.51576811e-01  2.81214661e-01  6.41923743e-01
2.82594189e-01  9.57206221e-01  6.16499359e-01
8.89789129e-01  3.99764681e-01  2.83850142e-01
2.58488331e-01  9.55744845e-01  3.29192742e-01
6.35191211e-01  5.34163524e-01  3.00972454e-01
8.17659328e-01  2.68759976e-01  5.05582179e-01
3.72549351e-01  4.21084145e-01  9.32533875e-01
3.04514548e-01  4.54249056e-01  7.35939223e-01
3.27974037e-01  3.16794349e-01  4.17026959e-01
2.67410914e-01  8.75953121e-01  6.10551821e-01
2.67386166e-01  3.72513787e-01  8.49285430e-01
3.18309646e-01  9.63566891e-01  8.67751982e-01
7.35270180e-01  2.64290933e-01  3.42749246e-01
7.43108010e-01  3.02652771e-01  9.40249630e-01
5.60178356e-01  4.29632929e-01  2.70136320e-01
4.40959604e-01  9.82143448e-01  4.65721003e-01
4.63083279e-01  4.13482207e-01  2.95954440e-01
2.86463365e-01  8.96504710e-01  9.81596727e-01
4.57018775e-01  3.71163664e-01  5.71700018e-01
2.55195811e-01  9.75795553e-01  7.21656703e-01
9.88409073e-01  2.58901166e-01  9.68951243e-01
3.02900246e-01  5.06900681e-01  7.01121157e-01
4.94592208e-01  5.24196938e-01  5.25032928e-01
4.30058968e-01  4.83988409e-01  4.83617737e-01
4.16628045e-01  7.91575344e-01  5.80843765e-01
5.44279980e-01  7.27589688e-01  2.69523357e-01
2.61850774e-01  4.84503689e-01  6.09299071e-01
3.39327611e-01  8.01224568e-01  4.82260727e-01
3.08212452e-01  5.61302744e-01  3.78425958e-01
4.40581131e-01  6.33166000e-01  4.17611186e-01
2.66662538e-01  8.70481701e-01  9.91431755e-01
