6.58622682e-01  6.29027093e-01  2.63260805e-01
4.21665586e-01  3.79326673e-01  4.07660409e-01
9.74034115e-01  5.29129611e-01  4.65315372e-01
2.84770607e-01  4.09469842e-01  6.42953489e-01
6.92244757e-01  6.56287230e-01  6.07872079e-01
2.69290049e-01  2.77931308e-01  7.02911635e-01
5.53887029e-01  7.03177853e-01  4.49350269e-01
2.63067376e-01  3.65520574e-01  9.72201251e-01
3.90162407e-01  8.93953059e-01  3.04657008e-01
4.50398385e-01  4.58642543e-01  3.71965300e-01
2.61456061e-01  3.07156300e-01  7.12556569e-01
8.01281145e-01  4.58215317e-01  4.27268165e-01
2.86945376e-01  6.96673104e-01  2.79886152e-01
8.83230354e-01  3.12275534e-01  3.59006198e-01
9.28996294e-01  4.22408353e-01  4.52740521e-01
6.40862409e-01  8.72164068e-01  3.71744488e-01
6.20651027e-01  4.10513446e-01  5.31305097e-01
3.96740771e-01  3.25810971e-01  6.55566436e-01
3.52679523e-01  8.62594730e-01  5.04179034e-01
6.67618884e-01  3.98438296e-01  6.00983925e-01
2.87646436e-01  8.77312099e-01  5.07807123e-01
3.18542223e-01  2.73901366e-01  9.72024354e-01
7.11876496e-01  7.34642821e-01  4.05157797e-01
6.58583746e-01  4.52832099e-01  8.73608631e-01
3.49594196e-01  9.22108666e-01  4.73856432e-01
5.70841579e-01  3.25040775e-01  4.72903920e-01
5.52330340e-01  5.37553311e-01  7.90623326e-01
9.55669007e-01  3.63450982e-01  5.23980835e-01
4.19667285e-01  5.61984633e-01  5.50230063e-01
2.57193481e-01  3.27631627e-01  4.95136215e-01
6.02156616e-01  2.88457291e-01  8.93524084e-01
3.40773088e-01  7.45206167e-01  4.47126595e-01
3.18945961e-01  3.44917377e-01  6.02957747e-01
5.73560685e-01  4.73620592e-01  2.81623216e-01
6.82937110e-01  9.09342077e-01  4.37357753e-01
2.75529446e-01  9.72239461e-01  4.54695485e-01
5.81050555e-01  3.80495183e-01  3.17793467e-01
6.83824940e-01  5.97191601e-01  3.80554992e-01
7.25848154e-01  6.73149681e-01  3.37605520e-01
7.54431328e-01  9.67758681e-01  6.46477299e-01
6.75825177e-01  4.76899701e-01  2.51100686e-01
3.68302815e-01  4.07668749e-01  6.00946985e-01
7.44975795e-01  7.09325081e-01  6.17232687e-01
5.36753999e-01  5.25265268e-01  5.57581526e-01
2.60200149e-01  6.39477075e-01  7.67126258e-01
6.83037689e-01  4.65454922e-01  4.33113786e-01
2.88025936e-01  5.83992540e-01  4.46725517e-01
2.92360612e-01  6.42931994e-01  5.78535838e-01
5.82274429e-01  4.63115256e-01  5.48086928e-01
4.07980155e-01  6.35921096e-01  7.01587529e-01
6.46106894e-01  8.87066786e-01  4.88882615e-01
2.86676683e-01  4.42772648e-01  6.81441980e-01
3.08041788e-01  6.27263523e-01  9.77014464e-01
2.59375451e-01  2.91216421e-01  8.22975248e-01
7.01268567e-01  3.74497119e-01  6.89736330e-01
4.67741243e-01  9.50550886e-01  2.57053903e-01
9.00176090e-01  2.55576808e-01  4.08684379e-01
8.71990298e-01  5.70090557e-01  3.87581969e-01
4.93418934e-01  2.58387341e-01  6.22307448e-01
3.41403120e-01  6.21319094e-01  4.02661312e-01
4.84273458e-01  9.73178662e-01  6.88346262e-01
5.95820322e-01  4.18225964e-01  6.67806144e-01
8.40742020e-01  2.64991954e-01  5.40368234e-01
2.56107267e-01  3.08239617e-01  3.17559482e-01
9.24110968e-01  2.91090974e-01  8.09939384e-01
4.40959604e-01  9.82143448e-01  4.65721003e-01
8.22119323e-01  3.34065423e-01  2.90328433e-01
5.39328963e-01  3.25778056e-01  6.45607716e-01
2.86860372e-01  2.65143528e-01  6.37313640e-01
2.51127869e-01  8.74151554e-01  9.68697038e-01
9.74760505e-01  3.97460259e-01  7.95284262e-01
5.55413130e-01  7.89188693e-01  3.63297934e-01
5.33442098e-01  6.53551182e-01  2.61183459e-01
5.50044350e-01  5.28362610e-01  3.25084366e-01
3.14637842e-01  6.96257297e-01  5.01399271e-01
4.05825428e-01  4.88875185e-01  3.72236927e-01
3.45602002e-01  7.03004530e-01  3.11454984e-01
5.47704101e-01  2.53170163e-01  6.05380171e-01
2.83252262e-01  3.33988299e-01  6.00713526e-01
2.86157508e-01  3.12536289e-01  6.87786267e-01
4.42119993e-01  3.92307978e-01  2.98280007e-01
4.16073273e-01  3.26890144e-01  2.69345868e-01
7.06864025e-01  8.86343061e-01  4.89015723e-01
2.55358363e-01  8.51184932e-01  5.44221562e-01
7.35199469e-01  6.57773227e-01  4.10936767e-01
6.30176003e-01  6.86057946e-01  3.20573471e-01
3.53919944e-01  2.53248870e-01  9.13994827e-01
2.79858385e-01  4.61009626e-01  2.88769408e-01
2.51048248e-01  7.12236433e-01  4.08999926e-01
2.83920114e-01  2.99422500e-01  9.70837878e-01
5.46752919e-01  3.80663948e-01  9.92943137e-01
3.68163706e-01  9.50876641e-01  3.61300770e-01
3.09429332e-01  4.12302193e-01  4.16131649e-01
3.65450418e-01  9.29422161e-01  5.13014874e-01
9.07393238e-01  2.51277725e-01  4.95684909e-01
9.55790684e-01  3.26193412e-01  8.81851382e-01
9.81690415e-01  4.74913122e-01  3.22568948e-01
3.03687254e-01  6.85113325e-01  9.86849872e-01
3.42399735e-01  3.80897360e-01  2.99400439e-01
2.67382229e-01  3.30270289e-01  5.33432129e-01
3.75642904e-01  3.25634094e-01  8.87364655e-01
2.73678692e-01  7.03953484e-01  3.04193282e-01
8.66001992e-01  6.77163214e-01  2.67174676e-01
7.57472114e-01  3.76905493e-01  2.76566978e-01
2.91444605e-01  4.78201710e-01  5.16446613e-01
5.07888480e-01  2.96913379e-01  8.40216890e-01
6.62090836e-01  3.36692616e-01  2.64725136e-01
6.84543068e-01  3.32963327e-01  2.76573519e-01
3.71140701e-01  9.59088410e-01  8.53913633e-01
2.57481409e-01  9.43490743e-01  2.74524981e-01
2.93070953e-01  5.18694546e-01  9.40737207e-01
2.59787253e-01  5.85746454e-01  9.22614627e-01
3.35170292e-01  6.55440904e-01  7.29486883e-01
9.53901289e-01  2.95765237e-01  3.35597891e-01
4.82745937e-01  3.80661189e-01  5.55926535e-01
2.50516052e-01  6.24102333e-01  2.67831366e-01
5.33043103e-01  3.80714843e-01  3.39178764e-01
5.84888143e-01  3.22637426e-01  7.40261289e-01
3.17784076e-01  3.16716989e-01  7.60860635e-01
4.69949664e-01  3.77044279e-01  8.74963088e-01
4.93809027e-01  2.95731453e-01  7.39523823e-01
4.02832953e-01  5.95862107e-01  2.89446882e-01
8.81451083e-01  4.43985944e-01  9.38748977e-01
2.61100841e-01  8.37927590e-01  4.17605209e-01
9.73741476e-01  9.78531850e-01  2.91237795e-01
4.99464882e-01  5.75242125e-01  3.48720554e-01
9.94747454e-01  2.93209949e-01  2.91991215e-01
9.66220780e-01  4.99875213e-01  3.78490966e-01
5.60178356e-01  4.29632929e-01  2.70136320e-01
6.74166153e-01  3.53300616e-01  8.14132924e-01
4.13768500e-01  8.01747863e-01  7.09746956e-01
4.63744460e-01  4.96011652e-01  8.37877926e-01
3.85925926e-01  4.75317977e-01  5.40231074e-01
2.90658483e-01  7.68069199e-01  9.04393999e-01
8.55894108e-01  8.67763621e-01  2.85401461e-01
2.57960228e-01  4.23109032e-01  9.81248155e-01
5.69521987e-01  4.97042093e-01  7.50004284e-01
5.97587450e-01  2.84676407e-01  7.75275316e-01
3.56893343e-01  2.55769112e-01  7.93681171e-01
2.55482676e-01  3.31347227e-01  2.82085112e-01
5.77120493e-01  3.48262637e-01  3.50487941e-01
9.92804270e-01  9.79276266e-01  4.70633537e-01
2.51144164e-01  7.85057236e-01  2.55887541e-01
4.76267226e-01  9.14826172e-01  2.58215110e-01
7.16182958e-01  3.72303906e-01  8.66105260e-01
6.47336269e-01  2.76071474e-01  5.93617406e-01
9.21440102e-01  2.84984443e-01  8.73625336e-01
4.13888185e-01  7.31779418e-01  5.64979634e-01
8.24674520e-01  8.16313065e-01  2.91912890e-01
2.72624075e-01  5.06484824e-01  6.42796300e-01
3.63934400e-01  9.82282643e-01  6.48772021e-01
2.82951540e-01  4.69863210e-01  5.38363326e-01
9.97285357e-01  5.90575426e-01  3.04091605e-01
3.67451157e-01  2.87064090e-01  8.58435300e-01
6.80845287e-01  3.47143438e-01  3.15039605e-01
5.67633653e-01  2.56108812e-01  8.64350647e-01
7.05923852e-01  6.90636813e-01  3.25997611e-01
9.22074443e-01  3.72674747e-01  4.51048393e-01
2.65648545e-01  2.90089809e-01  5.41586623e-01
9.13923780e-01  5.97554546e-01  3.37067070e-01
5.45991286e-01  4.26403282e-01  3.67253780e-01
2.67410914e-01  8.75953121e-01  6.10551821e-01
5.32459366e-01  4.12863637e-01  2.76200081e-01
6.02699536e-01  2.86500661e-01  3.52942484e-01
9.03711922e-01  5.22836620e-01  9.78281012e-01
2.85883927e-01  9.52620915e-01  5.46838719e-01
4.23953607e-01  4.45813295e-01  4.94237340e-01
2.81103385e-01  9.98530088e-01  6.97105894e-01
9.22445596e-01  7.94935773e-01  3.44511497e-01
2.77588673e-01  8.87868826e-01  3.64809141e-01
7.59052884e-01  3.79545547e-01  5.65229203e-01
2.85352320e-01  9.16200930e-01  2.71928269e-01
2.93261896e-01  4.81054531e-01  5.98947746e-01
8.23193062e-01  9.14840952e-01  3.73892836e-01
7.91029195e-01  5.11534488e-01  5.12663026e-01
3.32742402e-01  4.75818725e-01  3.90171319e-01
5.09655114e-01  4.01707385e-01  9.80471117e-01
6.53783711e-01  9.88436166e-01  3.67083258e-01
3.68387820e-01  4.26461145e-01  5.60655779e-01
3.55576663e-01  2.60123268e-01  8.83996980e-01
2.51721996e-01  9.42869887e-01  4.14465903e-01
3.24654642e-01  6.69414700e-01  7.87896025e-01
3.15277085e-01  5.95020192e-01  8.83313494e-01
3.21311104e-01  2.83833302e-01  6.08666264e-01
5.69574321e-01  4.48748402e-01  7.63669162e-01
4.71880782e-01  2.64092575e-01  5.95617810e-01
3.71052914e-01  7.91459297e-01  2.68638780e-01
4.13473746e-01  7.67641191e-01  3.89335365e-01
4.81380476e-01  5.60700801e-01  6.73671279e-01
4.27681286e-01  5.44853686e-01  3.76968453e-01
5.31420989e-01  6.27566661e-01  8.04993565e-01
6.88429809e-01  9.22523560e-01  3.99240711e-01
3.36386688e-01  3.80913361e-01  3.49166676e-01
7.88217135e-01  3.11685204e-01  9.85942010e-01
3.04740424e-01  6.72063322e-01  2.74651583e-01
7.76258418e-01  8.37247371e-01  3.12044369e-01
9.38079148e-01  6.09777955e-01  3.76818179e-01
5.64110102e-01  7.42446520e-01  5.37936592e-01
8.85451902e-01  5.96096955e-01  6.80010803e-01
8.19281054e-01  5.09200865e-01  4.26313656e-01
5.83625708e-01  4.74661886e-01  9.55001137e-01
5.32138693e-01  8.73130508e-01  3.11068606e-01
5.39667670e-01  3.46943494e-01  3.74794180e-01
2.74584270e-01  9.54662582e-01  2.94592800e-01
3.24580584e-01  3.94088986e-01  8.84624409e-01
7.59181479e-01  4.26188210e-01  4.44624672e-01
3.60636906e-01  5.48582737e-01  6.11444460e-01
6.37975058e-01  3.22299798e-01  9.06484175e-01
6.12329649e-01  3.92114519e-01  9.98218463e-01
3.37080131e-01  4.06157545e-01  3.20269005e-01
2.68214412e-01  8.36429300e-01  3.29864101e-01
5.78858090e-01  2.95477061e-01  7.79658062e-01
5.25742165e-01  4.25466814e-01  8.85251236e-01
7.81008668e-01  6.50080936e-01  3.01171000e-01
3.62339084e-01  2.56066151e-01  6.08242300e-01
6.33109183e-01  7.80643075e-01  4.14064462e-01
2.80212653e-01  8.67667639e-01  4.02412611e-01
7.26327389e-01  4.86751115e-01  2.67690675e-01
7.67923005e-01  2.67654870e-01  7.21472093e-01
6.59062511e-01  5.64394622e-01  2.90079944e-01
3.03614667e-01  6.41320185e-01  4.84711921e-01
3.83477903e-01  4.31312610e-01  3.76839650e-01
6.51297927e-01  3.34706842e-01  3.27247982e-01
2.54631251e-01  7.40900367e-01  3.55441196e-01
3.59386488e-01  5.04295046e-01  5.55631665e-01
7.17681384e-01  3.68276355e-01  3.86426754e-01
2.50886759e-01  9.82523209e-01  9.29277023e-01
4.41733191e-01  8.78187881e-01  6.77836591e-01
4.70284831e-01  3.56833233e-01  5.74838468e-01
5.61446272e-01  2.73272748e-01  2.93779089e-01
2.92095360e-01  5.29956144e-01  4.71753626e-01
3.07257393e-01  3.78493982e-01  6.72422162e-01
8.40731196e-01  3.07502005e-01  4.00001628e-01
3.71294913e-01  6.29950483e-01  2.96967383e-01
3.93071092e-01  3.74628674e-01  3.70192763e-01
5.55805257e-01  3.29753480e-01  4.78292262e-01
6.30226212e-01  9.75900705e-01  5.93259201e-01
6.47255500e-01  7.08377527e-01  9.61118855e-01
5.60047983e-01  2.70639898e-01  6.15308040e-01
2.63096879e-01  5.86369782e-01  3.35694675e-01
3.30021137e-01  5.94991503e-01  7.90850701e-01
3.32034979e-01  9.55907063e-01  9.15141718e-01
5.64370247e-01  5.78983373e-01  5.68886910e-01
3.26226261e-01  6.64087032e-01  3.87806507e-01
6.27416123e-01  4.34150489e-01  9.75907057e-01
7.91488222e-01  9.65690489e-01  4.91109033e-01
6.16168629e-01  3.06116981e-01  3.11924593e-01
3.71791798e-01  3.08457624e-01  3.04804852e-01
3.42722986e-01  9.71267644e-01  3.12895283e-01
5.50657594e-01  4.89926236e-01  5.94168768e-01
5.44636815e-01  4.23868663e-01  2.68180315e-01
3.00772624e-01  8.93782911e-01  7.01317802e-01
2.67386166e-01  3.72513787e-01  8.49285430e-01
3.12034619e-01  3.30613032e-01  3.63785326e-01
4.13645544e-01  3.63166451e-01  3.01778746e-01
6.12104606e-01  6.71852949e-01  7.20225660e-01
2.55324193e-01  6.40051516e-01  4.17475261e-01
2.51957389e-01  9.82038586e-01  8.99013168e-01
6.57654830e-01  6.93661643e-01  6.28177208e-01
2.87989840e-01  7.11915704e-01  3.72080214e-01
7.01207021e-01  4.46514346e-01  8.17543296e-01
6.95984562e-01  8.09104934e-01  3.66111346e-01
9.87089525e-01  4.37380035e-01  4.94496230e-01
3.36124104e-01  3.16639005e-01  4.68954244e-01
3.04736360e-01  4.19300774e-01  5.25760177e-01
5.47119395e-01  2.76228891e-01  4.87928771e-01
8.22177822e-01  2.74042308e-01  2.79438611e-01
5.48617838e-01  8.85436298e-01  6.32054290e-01
3.62235808e-01  8.60581736e-01  7.74753993e-01
5.48272330e-01  5.78049318e-01  7.00567751e-01
4.75452663e-01  4.87762274e-01  9.29231433e-01
2.71178776e-01  8.36954380e-01  3.50137886e-01
5.96248803e-01  6.84469767e-01  9.26126910e-01
7.23263161e-01  3.82486574e-01  3.37883253e-01
6.14974924e-01  2.65810458e-01  3.08140418e-01
4.14089574e-01  5.87185164e-01  3.26867662e-01
9.75289425e-01  9.94513015e-01  8.58159207e-01
9.88766139e-01  6.01975756e-01  3.34700182e-01
6.07280302e-01  7.94429892e-01  4.95933054e-01
3.34241842e-01  5.88823480e-01  4.21212120e-01
3.04343845e-01  3.30401892e-01  8.55995389e-01
3.07791225e-01  7.06246156e-01  3.14807080e-01
4.01117871e-01  3.75567920e-01  3.71193871e-01
3.87911652e-01  3.54035376e-01  5.13385184e-01
4.30304706e-01  5.72745971e-01  6.16167083e-01
9.87182495e-01  3.86293879e-01  2.99836494e-01
9.32683594e-01  5.86349201e-01  3.85877498e-01
7.49480461e-01  8.20459988e-01  3.51486937e-01
2.76605596e-01  2.90763248e-01  5.08008298e-01
2.50425571e-01  7.07939566e-01  4.12290851e-01
7.70553561e-01  3.81414267e-01  5.36437838e-01
6.92282163e-01  4.38740175e-01  4.53003063e-01
3.36055798e-01  2.52695441e-01  7.13284339e-01
7.27395862e-01  4.81337367e-01  5.28884631e-01
2.92948609e-01  6.04159254e-01  4.24136081e-01
9.72544906e-01  4.14646252e-01  5.16695647e-01
4.27555792e-01  4.86562789e-01  7.54844297e-01
6.97549053e-01  8.38489236e-01  6.25428333e-01
4.96878995e-01  4.24816517e-01  3.23449473e-01
3.34397618e-01  7.49008283e-01  3.00416386e-01
3.72465476e-01  2.55322455e-01  3.51986636e-01
2.53460107e-01  3.87126682e-01  6.60317088e-01
7.50702890e-01  5.65917526e-01  2.67632347e-01
5.59812281e-01  3.07025831e-01  7.06993426e-01
6.75705703e-01  8.24135093e-01  2.74853731e-01
8.67505685e-01  4.69461826e-01  4.85429777e-01
9.65288615e-01  5.90079026e-01  2.53428627e-01
4.10493164e-01  5.38092076e-01  3.32336446e-01
6.17300392e-01  6.52683728e-01  4.75430503e-01
3.28016255e-01  8.80936669e-01  6.01259485e-01
7.38782279e-01  3.75714608e-01  9.22572887e-01
3.89369415e-01  3.01316647e-01  2.64465277e-01
4.83021010e-01  4.54968093e-01  3.32877919e-01
4.16803226e-01  9.13310397e-01  4.19183195e-01
5.01470856e-01  5.11163453e-01  3.13072069e-01
6.03848392e-01  2.58180258e-01  7.16586611e-01
9.99548412e-01  8.89860968e-01  2.57820270e-01
7.13293890e-01  3.42095520e-01  3.89741831e-01
9.55084552e-01  2.60514045e-01  8.95702789e-01
7.72269846e-01  7.90718778e-01  2.67536844e-01
3.83885195e-01  6.18211015e-01  2.71002308e-01
5.89325546e-01  9.03816240e-01  4.26780893e-01
3.50936475e-01  5.76783144e-01  9.08342691e-01
6.99537688e-01  6.52998380e-01  3.92184502e-01
4.73930201e-01  2.95212158e-01  5.24680788e-01
5.56029753e-01  9.15112565e-01  5.04639227e-01
2.74039657e-01  3.31732427e-01  5.24521279e-01
3.17270550e-01  7.57955275e-01  6.18002092e-01
8.69892307e-01  9.93735561e-01  3.64803600e-01
6.50065400e-01  7.77933852e-01  4.64723656e-01
2.86548063e-01  9.49797303e-01  9.36883439e-01
7.06326494e-01  5.28958470e-01  5.74540833e-01
7.77818879e-01  3.49310367e-01  3.87572421e-01
6.46917458e-01  8.01079855e-01  4.51961407e-01
5.49735395e-01  4.74579404e-01  2.79924455e-01
8.50408705e-01  4.93338981e-01  4.38986226e-01
4.33932657e-01  2.89699690e-01  9.40777151e-01
6.66953891e-01  7.62392440e-01  3.39503677e-01
4.55125280e-01  5.15562597e-01  7.36155845e-01
6.55283586e-01  8.57979927e-01  4.86028957e-01
5.16693739e-01  5.07365635e-01  2.99475936e-01
3.05784331e-01  4.81782154e-01  6.88427505e-01
8.89527711e-01  4.27756292e-01  9.49571654e-01
9.50726473e-01  2.73706783e-01  5.41297154e-01
7.65175097e-01  3.09167391e-01  7.36520236e-01
3.57680187e-01  3.49537916e-01  4.89451695e-01
4.63082032e-01  4.13664496e-01  9.32070969e-01
4.30538714e-01  7.19592557e-01  4.03234955e-01
7.86505117e-01  2.76840228e-01  4.17278620e-01
2.60098726e-01  8.18653995e-01  3.93716366e-01
7.03001677e-01  4.74363937e-01  2.72585560e-01
5.63597093e-01  2.81717207e-01  4.71582182e-01
9.48949873e-01  7.62492750e-01  3.14755825e-01
4.60601022e-01  3.41007766e-01  3.62396760e-01
6.27720528e-01  5.76696531e-01  5.17937988e-01
4.85359688e-01  2.91364047e-01  5.99124011e-01
3.64060320e-01  3.07602351e-01  4.48387861e-01
5.77286990e-01  2.70701959e-01  3.62210619e-01
9.60372479e-01  8.65258862e-01  2.65333333e-01
3.65851775e-01  6.01940669e-01  7.07592173e-01
6.72960533e-01  7.72924645e-01  2.53078463e-01
7.19839575e-01  7.02494226e-01  6.64163392e-01
7.15816305e-01  9.53210235e-01  8.83617947e-01
3.91687698e-01  8.81316194e-01  6.74387364e-01
3.32499765e-01  6.85803218e-01  3.19182551e-01
9.91405432e-01  3.52474453e-01  6.84817292e-01
6.32523004e-01  8.39447063e-01  2.91701684e-01
2.51163428e-01  6.87624437e-01  4.72373447e-01
7.43575588e-01  4.27502428e-01  7.76900175e-01
7.22843691e-01  3.78623450e-01  2.52623646e-01
7.29983590e-01  4.14112349e-01  6.09760607e-01
2.80752173e-01  2.93630108e-01  2.89512023e-01
3.99633252e-01  9.80600776e-01  5.86382363e-01
2.54991776e-01  7.16441594e-01  5.52307714e-01
8.42469158e-01  5.43536774e-01  7.88698462e-01
6.04645780e-01  8.10431648e-01  4.96789108e-01
3.64807772e-01  5.51451809e-01  9.74850663e-01
2.65444466e-01  3.41610517e-01  3.86091191e-01
8.41525578e-01  5.07434817e-01  5.40972628e-01
4.21762345e-01  5.04909241e-01  4.90722987e-01
8.11025501e-01  5.58215002e-01  3.59933312e-01
2.87279581e-01  7.04640803e-01  2.67087093e-01
3.11558713e-01  8.40768546e-01  4.38589071e-01
7.01766737e-01  8.94183415e-01  3.34946108e-01
8.66330801e-01  2.53846160e-01  2.98150888e-01
3.59885564e-01  7.87129152e-01  7.27442386e-01
7.99099392e-01  4.69548774e-01  6.04122209e-01
4.71794908e-01  8.12594056e-01  5.29528304e-01
4.04147202e-01  5.45220924e-01  2.66058518e-01
7.93441897e-01  6.95415767e-01  3.56131524e-01
5.88584635e-01  4.54385300e-01  6.08703029e-01
2.76579747e-01  4.63251200e-01  7.14003809e-01
5.63637556e-01  4.50481415e-01  5.62071893e-01
4.54588803e-01  3.67919459e-01  2.61389383e-01
7.30209780e-01  4.06477696e-01  4.04052439e-01
7.12354213e-01  3.33003772e-01  3.56578810e-01
6.26076901e-01  2.55131776e-01  4.26069163e-01
2.52963519e-01  9.40829331e-01  4.94365725e-01
7.25545684e-01  3.73901218e-01  5.11948445e-01
4.13606187e-01  6.27512725e-01  2.92824986e-01
2.86563759e-01  6.34992350e-01  4.60363782e-01
9.28417371e-01  9.63348273e-01  2.55031596e-01
3.42712006e-01  7.65517338e-01  7.61746863e-01
3.89229261e-01  5.17025753e-01  2.72220964e-01
7.54666101e-01  5.89506879e-01  2.67118708e-01
3.24957075e-01  9.73910253e-01  4.92024949e-01
4.38049971e-01  7.75680217e-01  7.02465445e-01
6.83031938e-01  6.98830018e-01  5.30316615e-01
7.57265380e-01  5.20336903e-01  3.97267825e-01
7.20003623e-01  5.55548142e-01  8.48576816e-01
7.76392743e-01  8.06286223e-01  5.68783703e-01
4.24697141e-01  5.14104899e-01  2.53229535e-01
6.10057995e-01  2.54839234e-01  8.07115239e-01
5.15729692e-01  7.38637928e-01  6.54728511e-01
3.91159837e-01  4.90248139e-01  6.43489513e-01
2.94106147e-01  5.89318855e-01  3.13600621e-01
3.46840966e-01  9.20615887e-01  5.77742885e-01
3.85835240e-01  4.39480763e-01  7.38319650e-01
6.69942567e-01  5.39516694e-01  4.94220810e-01
2.94803625e-01  4.74682882e-01  7.02239716e-01
5.29833465e-01  6.61729479e-01  9.52932420e-01
4.14208159e-01  5.47304907e-01  2.96885377e-01
3.26625170e-01  7.69617417e-01  3.73808117e-01
5.06131174e-01  7.14255652e-01  6.98433331e-01
8.76409828e-01  6.46451954e-01  4.40958607e-01
2.80664679e-01  7.97082013e-01  2.77661415e-01
2.55344030e-01  4.52219819e-01  4.28452751e-01
3.51231995e-01  3.81587586e-01  4.50495584e-01
4.39909381e-01  3.48660322e-01  2.92541192e-01
8.32208287e-01  3.43988991e-01  6.63690260e-01
5.48941142e-01  9.53064540e-01  3.71933298e-01
9.08314182e-01  8.14219985e-01  4.41191710e-01
3.35679873e-01  5.15268755e-01  6.83470644e-01
2.96419094e-01  8.72864586e-01  7.08660391e-01
4.13529201e-01  8.66200329e-01  4.58130002e-01
9.93122116e-01  2.63843095e-01  2.64866460e-01
3.16383409e-01  9.92296559e-01  2.63947123e-01
2.75812607e-01  4.34293003e-01  6.47597377e-01
3.51403376e-01  2.99860778e-01  4.06886983e-01
2.98833869e-01  7.35101044e-01  4.94452268e-01
7.09803930e-01  2.74333538e-01  7.32431232e-01
4.52913149e-01  9.10850611e-01  2.85983688e-01
4.92545624e-01  3.85041950e-01  9.09479486e-01
7.06618811e-01  6.02171030e-01  6.68192176e-01
3.89251822e-01  7.54777682e-01  5.22436942e-01
5.48275842e-01  3.39125728e-01  3.04242358e-01
2.94882625e-01  3.09891567e-01  6.18269314e-01
4.86164462e-01  3.82043818e-01  4.39366659e-01
9.23329354e-01  5.29136095e-01  3.59939369e-01
7.35270180e-01  2.64290933e-01  3.42749246e-01
3.10613398e-01  9.14662271e-01  2.58590236e-01
4.15325920e-01  7.04813859e-01  8.45323318e-01
5.12886569e-01  5.97107621e-01  3.08783551e-01
2.68438272e-01  5.04946125e-01  6.68452064e-01
3.92425023e-01  3.85427701e-01  9.94366254e-01
6.22992899e-01  9.25301483e-01  4.97731128e-01
7.37853678e-01  9.21840606e-01  2.90878133e-01
6.61517044e-01  3.87281107e-01  6.94432117e-01
5.76589799e-01  3.60804435e-01  7.38864042e-01
2.84466281e-01  3.42727059e-01  5.91756994e-01
5.30573718e-01  4.11600444e-01  5.20415104e-01
2.88164746e-01  2.98657769e-01  9.92744108e-01
5.40024918e-01  5.71149715e-01  3.57682934e-01
9.75117615e-01  4.32947907e-01  4.80234329e-01
4.34533502e-01  4.06821420e-01  3.92079194e-01
3.43015755e-01  4.48827562e-01  4.24751080e-01
4.73462712e-01  9.84867345e-01  7.40747240e-01
4.96157904e-01  7.31368848e-01  7.68210634e-01
3.02740946e-01  8.97782699e-01  4.26443953e-01
4.20828613e-01  6.27539703e-01  5.62474012e-01
6.65536318e-01  7.12427472e-01  4.16026515e-01
2.86477921e-01  5.60405448e-01  3.70335705e-01
6.91707533e-01  4.50171732e-01  3.12774441e-01
5.47547190e-01  4.74209654e-01  6.20189762e-01
3.24623720e-01  9.34898256e-01  5.39764346e-01
3.67038990e-01  2.87115902e-01  4.18573116e-01
6.33818023e-01  2.78875231e-01  8.06354918e-01
7.74383123e-01  4.79283211e-01  4.11146830e-01
3.45953993e-01  6.78073995e-01  3.14971451e-01
5.34789579e-01  5.92043535e-01  2.83399033e-01
5.96598181e-01  9.30207423e-01  6.18302483e-01
5.19535033e-01  3.25444222e-01  4.23767766e-01
3.25601044e-01  7.20735670e-01  2.52260779e-01
2.51774837e-01  8.56885551e-01  9.29580324e-01
6.79873478e-01  8.63420265e-01  5.10882072e-01
8.95450768e-01  3.02784859e-01  7.90285104e-01
3.25261886e-01  3.72130809e-01  2.86138807e-01
2.82594189e-01  9.57206221e-01  6.16499359e-01
7.29140998e-01  7.54826210e-01  8.19721695e-01
2.78832253e-01  5.20664229e-01  3.00141704e-01
3.41075750e-01  5.88727385e-01  2.70516346e-01
8.14516030e-01  3.85805230e-01  4.43282752e-01
8.60722051e-01  4.70465833e-01  5.63127970e-01
3.61280449e-01  5.27825670e-01  5.08973183e-01
2.75327727e-01  6.96691114e-01  5.88388898e-01
5.38772141e-01  8.90079940e-01  5.13554261e-01
9.59117541e-01  4.33947058e-01  5.93327356e-01
5.50683929e-01  4.62370132e-01  4.90522357e-01
5.14323275e-01  5.43691469e-01  2.71822189e-01
8.93540236e-01  7.07891838e-01  6.33900621e-01
6.06878619e-01  5.92471057e-01  2.96315516e-01
3.20065373e-01  4.87859112e-01  4.49638473e-01
5.80887502e-01  3.25242041e-01  9.45225017e-01
8.87170786e-01  4.00599828e-01  4.86658179e-01
4.73090687e-01  4.04943253e-01  4.60494255e-01
7.20719450e-01  7.72084980e-01  4.07143696e-01
7.29931743e-01  2.91261204e-01  5.98492687e-01
4.35482976e-01  3.23277004e-01  3.90280132e-01
2.96724996e-01  7.53477598e-01  8.86339849e-01
6.68030935e-01  9.68220689e-01  3.80010679e-01
3.25106992e-01  2.82213361e-01  6.13706144e-01
2.60136523e-01  3.01393889e-01  9.73422858e-01
3.29178776e-01  3.98119277e-01  9.56959869e-01
4.40470249e-01  4.46897260e-01  8.13144848e-01
6.43386334e-01  2.71889135e-01  3.06409243e-01
4.18594172e-01  7.96662220e-01  3.67793551e-01
8.30983151e-01  6.11731777e-01  3.59860514e-01
4.21761757e-01  7.11125130e-01  7.79595617e-01
9.95174552e-01  7.22177954e-01  5.33855904e-01
6.04455648e-01  3.66551181e-01  6.87564742e-01
3.05340023e-01  2.73447394e-01  9.89137117e-01
6.96835214e-01  3.03115885e-01  8.57917527e-01
3.54941521e-01  4.43641367e-01  4.63988375e-01
9.93366560e-01  5.57346078e-01  3.77833867e-01
8.16877871e-01  7.85173497e-01  4.29472648e-01
6.14544860e-01  7.66139498e-01  3.10932287e-01
3.77569256e-01  2.80886662e-01  7.76595081e-01
6.42449833e-01  2.70296578e-01  8.87362662e-01
4.87398063e-01  6.56555734e-01  2.62570427e-01
3.80933457e-01  9.21815034e-01  3.13511590e-01
4.58354349e-01  3.93324515e-01  5.49253765e-01
4.71246334e-01  2.94950743e-01  4.67573614e-01
6.72225986e-01  8.59285439e-01  3.74745181e-01
3.54342100e-01  5.23341642e-01  7.69559530e-01
4.31433055e-01  2.73523729e-01  5.67459624e-01
2.54575225e-01  7.14151663e-01  5.80362646e-01
6.05855018e-01  7.74686663e-01  3.61743805e-01
2.54525993e-01  5.19305470e-01  3.16775100e-01
3.85570268e-01  4.25738664e-01  5.53512805e-01
3.08469510e-01  4.33209552e-01  5.76997062e-01
9.22847859e-01  8.11495705e-01  4.54916820e-01
3.69111658e-01  3.85198216e-01  5.75341089e-01
8.62440255e-01  6.86033063e-01  9.43338578e-01
7.77999975e-01  2.62039460e-01  3.33704584e-01
3.30470854e-01  3.79080307e-01  7.93149640e-01
7.44630010e-01  5.31111298e-01  3.86352925e-01
4.17578915e-01  5.00107773e-01  2.87604847e-01
5.56372786e-01  2.62739134e-01  5.71450977e-01
4.46335992e-01  2.53798218e-01  9.60408489e-01
8.31324432e-01  8.71652437e-01  3.81328876e-01
9.28534451e-01  3.90715657e-01  5.13306370e-01
9.19265558e-01  4.14056745e-01  3.36850594e-01
5.73287095e-01  4.51212936e-01  5.10813500e-01
5.01657351e-01  4.64006212e-01  3.51818877e-01
4.35597156e-01  8.22173575e-01  6.65882860e-01
9.16521074e-01  4.88654829e-01  3.32941030e-01
8.52638639e-01  2.93693409e-01  2.89810322e-01
2.99806591e-01  3.59175307e-01  7.48345440e-01
3.28365508e-01  4.76694499e-01  2.75310648e-01
2.63714524e-01  3.60809716e-01  3.02684431e-01
2.53145215e-01  9.80859654e-01  6.59555327e-01
7.50063531e-01  5.57323287e-01  2.51095731e-01
4.02605681e-01  4.88520098e-01  9.70655545e-01
5.26392082e-01  4.24008539e-01  7.00526929e-01
5.02255766e-01  9.93423508e-01  3.57910325e-01
6.82071413e-01  4.05406895e-01  3.48484523e-01
4.51117108e-01  3.41379920e-01  4.00715605e-01
3.43008121e-01  3.01282244e-01  4.20836909e-01
3.09480961e-01  2.61174988e-01  8.81018317e-01
2.70476122e-01  8.32653795e-01  2.71250250e-01
2.75026178e-01  3.01409332e-01  6.61334556e-01
2.83782535e-01  4.03283428e-01  3.80623758e-01
2.59739385e-01  8.57721098e-01  2.98013947e-01
2.86344759e-01  7.10798410e-01  3.34279498e-01
7.24694962e-01  2.54958464e-01  6.32565035e-01
7.05434751e-01  9.24434181e-01  4.40018102e-01
9.21117259e-01  3.80770839e-01  9.31733992e-01
5.27409654e-01  2.87450046e-01  5.03769960e-01
3.49732522e-01  8.58222939e-01  8.43459102e-01
5.81308078e-01  6.87325846e-01  3.24759816e-01
7.31495015e-01  6.73198201e-01  3.50457035e-01
4.88828666e-01  8.78272957e-01  9.04953478e-01
3.07216762e-01  6.58690041e-01  4.51476660e-01
2.91759440e-01  4.45179580e-01  7.23968687e-01
5.67163694e-01  7.06432991e-01  4.49010774e-01
3.70613161e-01  3.07526300e-01  8.78495858e-01
6.49577527e-01  3.81213601e-01  8.85098513e-01
2.76385756e-01  6.34583607e-01  9.75262430e-01
5.78218523e-01  2.85616073e-01  4.66471337e-01
9.29510741e-01  5.05856352e-01  3.18004231e-01
2.70334837e-01  4.72143403e-01  3.68516503e-01
4.38203574e-01  6.32091002e-01  3.63795752e-01
2.63876307e-01  8.42262583e-01  3.53524140e-01
5.84982446e-01  2.81417213e-01  3.36491287e-01
3.19007786e-01  4.89667630e-01  5.99929336e-01
8.89789129e-01  3.99764681e-01  2.83850142e-01
8.42420007e-01  8.75524218e-01  2.89634564e-01
5.69545100e-01  3.38713401e-01  2.99797601e-01
9.02490363e-01  2.63071868e-01  4.86677943e-01
6.82990846e-01  2.77115397e-01  3.04910858e-01
3.73916897e-01  7.88708705e-01  3.69867998e-01
8.50183881e-01  5.26732908e-01  4.87313772e-01
3.70689483e-01  3.00886425e-01  2.50421757e-01
4.02204269e-01  4.93024619e-01  5.55765666e-01
7.61768925e-01  6.21792103e-01  3.75421986e-01
5.84678774e-01  8.33041543e-01  4.01144393e-01
4.87384707e-01  2.51046259e-01  7.36414413e-01
8.08825365e-01  8.40952064e-01  5.30007172e-01
8.99958181e-01  5.81880932e-01  5.77074711e-01
3.14853525e-01  6.91547947e-01  4.55283060e-01
5.37197574e-01  3.40435119e-01  4.57061269e-01
8.87286610e-01  3.96042592e-01  2.86245641e-01
3.24521358e-01  6.77565306e-01  9.86645758e-01
6.28469838e-01  2.64855465e-01  3.43745404e-01
6.69984072e-01  3.31511078e-01  7.78804586e-01
3.35735996e-01  7.87106840e-01  6.76974159e-01
5.81146197e-01  6.63930263e-01  9.72377167e-01
2.73753150e-01  7.42837352e-01  6.62594652e-01
2.73432481e-01  4.90259415e-01  3.01650384e-01
9.89140837e-01  9.88625057e-01  5.01510965e-01
7.36670111e-01  4.16148672e-01  2.77793695e-01
3.89383030e-01  6.97322992e-01  7.48486506e-01
3.64803137e-01  5.36867964e-01  3.68889883e-01
3.56358070e-01  5.68432285e-01  3.79474038e-01
8.33856378e-01  3.36124996e-01  4.93406646e-01
6.73523600e-01  3.64376486e-01  9.42206540e-01
6.88471071e-01  5.73084999e-01  8.74237944e-01
2.85348443e-01  5.38503714e-01  3.86636084e-01
8.65999921e-01  3.39408499e-01  7.26082442e-01
7.07017721e-01  8.41521638e-01  2.99923094e-01
8.03614837e-01  4.03034383e-01  9.37895955e-01
9.58482632e-01  3.29322624e-01  6.90591799e-01
7.44053805e-01  5.05682865e-01  4.33965266e-01
6.49086210e-01  8.49042093e-01  5.71081619e-01
5.75885333e-01  8.15492199e-01  4.48720617e-01
4.45705012e-01  3.14159233e-01  7.40692045e-01
3.59603316e-01  9.46532451e-01  3.76880745e-01
2.71540499e-01  9.98128150e-01  6.98098261e-01
4.72195749e-01  5.80020519e-01  9.18733670e-01
4.58875637e-01  7.09103496e-01  5.06262978e-01
2.66942702e-01  7.12025168e-01  4.91273309e-01
3.71181884e-01  7.40772666e-01  6.29619013e-01
5.36402958e-01  3.28485366e-01  4.59455317e-01
2.89722337e-01  2.54474049e-01  4.76671283e-01
3.52351157e-01  3.42895392e-01  8.33701584e-01
4.23642191e-01  6.40423986e-01  9.36973059e-01
5.61413100e-01  3.05319865e-01  3.93314805e-01
5.74080490e-01  2.50121246e-01  9.59942037e-01
3.32716980e-01  3.97461106e-01  2.61797105e-01
7.63728879e-01  5.03495747e-01  2.66616631e-01
3.52691220e-01  8.66807394e-01  4.75882670e-01
6.73661249e-01  2.50125519e-01  6.36821798e-01
5.51107639e-01  5.02930598e-01  8.80871711e-01
9.03158385e-01  4.23956421e-01  6.03505067e-01
7.40085672e-01  6.80801470e-01  2.67475714e-01
2.98477227e-01  7.45413988e-01  3.05130829e-01
6.37298167e-01  4.68938361e-01  2.69447876e-01
9.43539940e-01  9.61993011e-01  3.53620844e-01
4.07747275e-01  3.51530132e-01  8.05861403e-01
9.66695968e-01  8.79232189e-01  2.70086781e-01
4.39335999e-01  3.04895649e-01  8.05146424e-01
8.96115593e-01  3.52615705e-01  8.78515144e-01
6.96124385e-01  3.84570419e-01  6.80904142e-01
8.54255458e-01  2.56597354e-01  3.56223679e-01
8.74659077e-01  3.43608058e-01  3.02510757e-01
4.75005077e-01  3.79066226e-01  6.05319796e-01
5.18120301e-01  7.27789501e-01  2.73390018e-01
3.15185328e-01  3.63618831e-01  7.98798508e-01
2.93803635e-01  2.60638942e-01  2.51060458e-01
4.70482380e-01  8.83017038e-01  4.83013235e-01
8.70247182e-01  6.99997727e-01  4.32237254e-01
3.35639586e-01  9.58446646e-01  2.97123569e-01
4.90069377e-01  3.28214888e-01  3.88290843e-01
2.86412064e-01  3.05935012e-01  3.84064719e-01
3.40376682e-01  9.77557627e-01  5.88905707e-01
5.44859041e-01  2.56299267e-01  9.45029194e-01
2.74005656e-01  5.28115730e-01  7.64046896e-01
2.60952718e-01  8.02099100e-01  3.20294036e-01
3.28656513e-01  8.07129788e-01  3.72291307e-01
4.62400346e-01  4.17859703e-01  8.69161025e-01
8.19973569e-01  3.72840267e-01  3.39170956e-01
3.76879814e-01  5.36608282e-01  7.43448949e-01
3.59460034e-01  3.41182555e-01  7.42938954e-01
5.92201633e-01  3.75473030e-01  7.09593415e-01
7.52988690e-01  4.93144539e-01  5.34284052e-01
4.90331052e-01  2.67129215e-01  7.22195156e-01
7.13499573e-01  4.28045914e-01  6.97633764e-01
9.29547157e-01  7.62970835e-01  3.47143468e-01
6.78641421e-01  9.27088628e-01  3.93461524e-01
3.18568961e-01  3.74658996e-01  8.51728816e-01
8.82045779e-01  6.81028894e-01  2.71334024e-01
7.51023276e-01  6.75131981e-01  7.11751931e-01
8.42069515e-01  5.65704641e-01  3.17319213e-01
3.10274554e-01  5.34767804e-01  3.29034067e-01
5.64100439e-01  7.49287320e-01  2.50521583e-01
5.33242304e-01  5.72815454e-01  4.82632333e-01
6.31504052e-01  5.91891475e-01  4.76154307e-01
5.32455266e-01  3.90981250e-01  4.65067974e-01
9.65464541e-01  4.82087744e-01  6.18221470e-01
6.44627564e-01  5.15816736e-01  5.90794794e-01
5.36903446e-01  7.40672484e-01  5.29447281e-01
4.29662909e-01  7.74767665e-01  6.33886909e-01
3.28260608e-01  2.98816494e-01  7.64543051e-01
4.67559401e-01  6.19269141e-01  2.50786103e-01
7.82794148e-01  3.30364366e-01  8.62830739e-01
8.30897560e-01  5.43042140e-01  3.02013347e-01
3.54682720e-01  5.96921137e-01  7.41254510e-01
8.42330640e-01  3.81882798e-01  7.99287848e-01
9.06032638e-01  3.11823098e-01  8.53122846e-01
5.04860269e-01  3.48104692e-01  6.75655729e-01
3.32558023e-01  8.88301720e-01  7.87656362e-01
7.36892389e-01  7.11054609e-01  9.86978594e-01
4.48806499e-01  8.34440829e-01  3.18937480e-01
2.75876388e-01  7.52421542e-01  9.85276177e-01
3.11329105e-01  2.57546622e-01  5.91276508e-01
3.97030585e-01  8.99547718e-01  4.57027895e-01
8.15288755e-01  4.59630887e-01  2.91550905e-01
6.73161017e-01  4.55025811e-01  7.55178181e-01
5.77898632e-01  5.29310237e-01  6.02960512e-01
5.57610922e-01  7.67825645e-01  5.02662671e-01
7.77170745e-01  4.69196772e-01  2.99057349e-01
9.49115384e-01  4.18384241e-01  5.57353382e-01
2.99454875e-01  6.50961783e-01  7.19212784e-01
4.41299383e-01  5.52243865e-01  8.24962238e-01
5.94125337e-01  6.28575898e-01  9.06468079e-01
7.56924827e-01  6.20618330e-01  2.72390757e-01
2.75940124e-01  7.35346056e-01  8.05554229e-01
7.90760557e-01  7.00199817e-01  4.50474627e-01
5.04674206e-01  3.32514073e-01  7.15458581e-01
4.53555780e-01  3.30795749e-01  3.48315998e-01
3.11481750e-01  4.60166270e-01  9.02784894e-01
2.55195811e-01  9.75795553e-01  7.21656703e-01
7.40833947e-01  2.67058259e-01  5.28002131e-01
4.21962414e-01  5.33940103e-01  8.55225634e-01
2.58114422e-01  5.75403023e-01  3.17641897e-01
4.90492807e-01  9.28994486e-01  2.84337672e-01
8.66634034e-01  9.42109375e-01  4.39878047e-01
3.45099701e-01  3.33594070e-01  7.65294295e-01
3.04914553e-01  5.19933183e-01  4.93773905e-01
5.98110226e-01  4.67636605e-01  3.66905797e-01
7.48630292e-01  6.54342992e-01  5.50815566e-01
3.52302744e-01  2.55727262e-01  3.22850542e-01
3.78071844e-01  8.45718877e-01  4.74223739e-01
3.51065416e-01  3.94387215e-01  3.95326778e-01
7.26439713e-01  3.94809100e-01  9.43680281e-01
3.47669020e-01  5.92491914e-01  3.83517988e-01
4.69797757e-01  2.99052522e-01  4.09857828e-01
9.63551361e-01  3.25527781e-01  4.66981484e-01
4.57087034e-01  4.67322609e-01  3.66233439e-01
3.56066785e-01  8.65452284e-01  5.41743257e-01
7.80324721e-01  2.92201062e-01  9.07773886e-01
3.28648985e-01  5.61248513e-01  2.64964480e-01
7.20975738e-01  5.23674667e-01  4.81630922e-01
4.41760202e-01  8.74890391e-01  3.30052242e-01
6.76346747e-01  3.41751437e-01  5.19217853e-01
5.84721393e-01  4.70807926e-01  4.90127533e-01
4.14373838e-01  4.91538690e-01  6.21135543e-01
2.97518546e-01  2.73529298e-01  5.35272334e-01
4.85059889e-01  2.70297714e-01  5.12391878e-01
6.45145292e-01  2.71585462e-01  8.91111226e-01
7.89878472e-01  3.42523429e-01  3.06294104e-01
3.07230527e-01  3.22682249e-01  9.25191124e-01
4.61450639e-01  2.81195719e-01  3.10278532e-01
3.39245480e-01  3.19551438e-01  9.18064831e-01
5.42501332e-01  9.98837444e-01  3.93969646e-01
2.77305602e-01  3.35019462e-01  2.75115932e-01
3.58954240e-01  8.20066274e-01  7.62149872e-01
2.89217230e-01  6.71263465e-01  8.84963719e-01
8.34830620e-01  9.84829212e-01  3.07152841e-01
2.69541960e-01  3.18145274e-01  5.20607640e-01
4.05209311e-01  4.48392258e-01  4.45745809e-01
4.65831088e-01  5.72056862e-01  5.70785863e-01
9.56076027e-01  6.73637988e-01  3.73322105e-01
2.86641196e-01  9.41432087e-01  8.15460994e-01
8.49338173e-01  3.44036087e-01  7.05383314e-01
4.85715998e-01  3.68992927e-01  7.12814575e-01
6.23047655e-01  3.39159063e-01  4.05617914e-01
2.51001549e-01  8.42702821e-01  9.89470111e-01
3.99918279e-01  3.22637915e-01  2.68217474e-01
3.99987799e-01  4.65499441e-01  8.92647108e-01
4.10558533e-01  6.14955552e-01  7.39595066e-01
5.81803870e-01  4.03379987e-01  8.33278327e-01
2.91684223e-01  4.58305351e-01  8.52407494e-01
9.14796577e-01  5.54118784e-01  3.37508909e-01
2.95741886e-01  3.63917521e-01  5.04932350e-01
4.63083279e-01  4.13482207e-01  2.95954440e-01
3.71436848e-01  7.76082895e-01  7.55986966e-01
6.51391863e-01  3.83238628e-01  7.66407770e-01
9.78205934e-01  2.64880564e-01  9.72795201e-01
5.13583262e-01  7.13441175e-01  4.53607181e-01
3.35729547e-01  9.21710026e-01  6.79620130e-01
4.16280979e-01  7.98219805e-01  6.89377793e-01
8.10558522e-01  2.97855339e-01  3.58616640e-01
4.54767600e-01  6.09291754e-01  3.65581253e-01
2.90330941e-01  3.02546202e-01  4.49654687e-01
9.69852387e-01  3.35712164e-01  9.51205722e-01
3.47873471e-01  2.69298074e-01  6.94839053e-01
3.05860062e-01  2.64411505e-01  7.29466957e-01
3.58865343e-01  4.03449223e-01  2.84628994e-01
8.93302435e-01  4.36852947e-01  3.26922809e-01
2.93499881e-01  7.94628825e-01  3.99744912e-01
3.35879791e-01  3.87164248e-01  3.07475159e-01
6.06451979e-01  5.06623373e-01  4.09828517e-01
5.43515425e-01  8.44870288e-01  5.45801983e-01
4.75716904e-01  6.38907271e-01  6.63324459e-01
8.30575354e-01  5.90658540e-01  4.19807166e-01
5.30275155e-01  3.55764767e-01  3.16021983e-01
6.32836539e-01  9.70005001e-01  3.36334563e-01
7.18188275e-01  3.36207677e-01  7.22068482e-01
2.84424476e-01  3.43047966e-01  6.87476790e-01
2.52357666e-01  7.15755084e-01  4.03463018e-01
4.25726085e-01  3.54699116e-01  7.18991948e-01
8.64712293e-01  2.52922413e-01  4.10714472e-01
4.48364310e-01  3.72502444e-01  3.09892611e-01
3.61683654e-01  3.05154883e-01  4.08763952e-01
4.32027764e-01  5.35118197e-01  9.15413308e-01
7.42960903e-01  3.24787240e-01  5.44070831e-01
6.30461554e-01  4.34749592e-01  3.17961779e-01
8.45784662e-01  8.99310657e-01  5.84632651e-01
7.92534622e-01  4.54399301e-01  2.84958976e-01
3.71382778e-01  6.21766093e-01  2.64993639e-01
8.89772134e-01  2.97697619e-01  3.78725387e-01
3.14532545e-01  2.66868134e-01  9.56279869e-01
5.82669958e-01  5.43829934e-01  5.64112876e-01
5.46360704e-01  9.93052731e-01  4.82083974e-01
2.67885855e-01  4.45666429e-01  7.13636047e-01
3.35791669e-01  7.97253387e-01  7.12685602e-01
7.31498892e-01  2.52321212e-01  6.20225880e-01
7.01134814e-01  5.06363223e-01  4.65924649e-01
9.32031943e-01  2.52944680e-01  8.84077448e-01
4.57246990e-01  7.61559079e-01  3.61513903e-01
2.80783678e-01  4.56924366e-01  7.93980633e-01
9.56705848e-01  4.23840391e-01  7.90780012e-01
2.95807425e-01  6.89718511e-01  4.37447522e-01
3.46872899e-01  9.30800844e-01  6.98675006e-01
2.69394256e-01  4.11611001e-01  4.64229769e-01
7.71586696e-01  3.16498448e-01  9.44337156e-01
3.08436179e-01  3.61898071e-01  3.07066675e-01
8.47676579e-01  3.95266347e-01  4.76977870e-01
6.23964678e-01  6.32959411e-01  4.43160434e-01
3.92520961e-01  2.97998259e-01  5.72177483e-01
8.34749865e-01  5.26257008e-01  6.29081965e-01
2.84464466e-01  4.11539503e-01  3.49235300e-01
9.85817661e-01  6.98032129e-01  8.44761795e-01
4.28851552e-01  2.86370606e-01  5.96302936e-01
4.04665442e-01  6.39336354e-01  3.74755184e-01
5.21963645e-01  5.87620751e-01  7.59672455e-01
7.56352604e-01  2.93636888e-01  2.82160854e-01
7.70327252e-01  4.86521134e-01  3.76059477e-01
5.54277649e-01  6.11933447e-01  7.45251076e-01
