8.93278292e-01  9.36258001e-01  2.87741044e-01
5.80220552e-01  3.27065861e-01  8.70915126e-01
2.62159048e-01  2.92984268e-01  8.82700516e-01
2.58366520e-01  3.93513507e-01  4.10943498e-01
5.81379326e-01  4.42910324e-01  4.52965068e-01
7.72237108e-01  6.76123875e-01  5.46352816e-01
2.65439542e-01  3.41739466e-01  3.86034451e-01
4.27268313e-01  8.63546242e-01  8.57973753e-01
2.62994708e-01  5.07066390e-01  8.80208228e-01
9.74794240e-01  5.30499322e-01  2.57721474e-01
4.20555218e-01  2.83181517e-01  3.65850532e-01
9.65655218e-01  8.08379469e-01  4.27637526e-01
9.55394148e-01  7.27419376e-01  6.47242387e-01
3.54256858e-01  7.89504260e-01  6.30200846e-01
9.55193263e-01  3.80119125e-01  2.53468505e-01
6.08480618e-01  5.20102807e-01  9.41931678e-01
3.35723319e-01  9.22057946e-01  6.79520252e-01
9.89389755e-01  4.65205258e-01  7.09332005e-01
9.01657792e-01  3.42839223e-01  3.26581556e-01
9.38061745e-01  6.10008130e-01  3.76762801e-01
8.29794365e-01  5.85796843e-01  6.70788750e-01
8.92630107e-01  3.81276985e-01  8.80600676e-01
7.99460752e-01  4.46566141e-01  9.39353475e-01
8.81540219e-01  3.42391821e-01  7.08731662e-01
2.71270193e-01  3.36598913e-01  6.39742203e-01
9.36356002e-01  9.02000777e-01  5.55770823e-01
9.73528213e-01  9.36617818e-01  3.51840991e-01
9.73776962e-01  3.74969418e-01  8.43693013e-01
4.57780981e-01  9.07625963e-01  2.92352112e-01
4.05595758e-01  9.66267155e-01  3.18485900e-01
8.22537650e-01  7.95677230e-01  2.99347385e-01
9.48990663e-01  4.17910420e-01  5.71143961e-01
2.96413595e-01  8.73194068e-01  7.08556245e-01
7.71748399e-01  8.80082912e-01  2.60185295e-01
3.05854388e-01  2.64511314e-01  7.29359753e-01
9.60611513e-01  3.31138576e-01  5.79134696e-01
8.07487227e-01  8.37300482e-01  2.51940508e-01
5.09645659e-01  4.01859018e-01  9.80327025e-01
5.71068000e-01  2.85051109e-01  8.65098152e-01
5.76774804e-01  2.56062389e-01  8.31237521e-01
6.54236178e-01  3.19804766e-01  3.40716496e-01
5.94732438e-01  7.21405570e-01  3.16191843e-01
8.65732792e-01  2.91561939e-01  4.26795707e-01
7.37679169e-01  9.42433135e-01  6.45913726e-01
9.48119191e-01  5.81822314e-01  5.46806904e-01
6.26065286e-01  2.55228081e-01  4.26006547e-01
5.20158621e-01  2.63684497e-01  4.44961170e-01
9.27638165e-01  3.74207821e-01  5.79969097e-01
9.14377313e-01  2.76187550e-01  7.73427096e-01
8.53242195e-01  3.39083125e-01  4.86111274e-01
3.11967604e-01  6.10301414e-01  7.18863352e-01
2.69285053e-01  2.78036219e-01  7.02808334e-01
4.40951423e-01  9.82514180e-01  4.65652560e-01
8.80428263e-01  9.95148405e-01  8.14549729e-01
4.59901534e-01  3.66334539e-01  9.07992582e-01
9.49310791e-01  6.74608509e-01  7.41310127e-01
7.45664142e-01  2.86553336e-01  9.52390122e-01
9.33696805e-01  4.21976763e-01  4.66195431e-01
6.15853543e-01  5.75283122e-01  4.27989199e-01
4.37970497e-01  4.18560731e-01  2.87043945e-01
9.93103692e-01  2.63942688e-01  2.64827534e-01
6.93455849e-01  8.26099215e-01  9.54452210e-01
6.94629091e-01  3.20351682e-01  3.07320476e-01
3.31050361e-01  9.47899475e-01  3.46405084e-01
2.61451210e-01  3.07272243e-01  7.12451850e-01
3.73837292e-01  3.88589040e-01  2.71880678e-01
9.92570644e-01  6.25958743e-01  3.89467302e-01
9.59573844e-01  5.48956755e-01  8.54178140e-01
7.15940644e-01  3.87464090e-01  9.77860689e-01
8.57296472e-01  5.85139076e-01  6.07831185e-01
3.25255851e-01  3.72271278e-01  2.86096755e-01
9.22057337e-01  3.72815422e-01  4.50982106e-01
3.50982369e-01  6.52718564e-01  5.21917836e-01
8.83296099e-01  2.97257396e-01  4.99078655e-01
3.08206734e-01  5.61514620e-01  3.78370344e-01
9.66425317e-01  4.23005700e-01  3.67924738e-01
8.89487320e-01  8.56453559e-01  9.87161626e-01
3.45774051e-01  5.22467922e-01  8.98490866e-01
2.83405354e-01  7.44116625e-01  4.64922022e-01
3.49116214e-01  8.54446308e-01  8.18212194e-01
7.84851900e-01  9.89193297e-01  7.42299925e-01
7.33926420e-01  4.14613663e-01  5.35839793e-01
2.80904055e-01  9.52892682e-01  9.84978284e-01
3.84294761e-01  3.83681649e-01  9.00986274e-01
7.92165195e-01  6.00416844e-01  9.76087458e-01
2.68523856e-01  5.71623783e-01  2.72570102e-01
3.80933937e-01  9.41227857e-01  7.67728196e-01
4.17236607e-01  2.81069126e-01  9.97830109e-01
9.28228053e-01  3.98370918e-01  9.21330097e-01
4.02738202e-01  7.34523684e-01  7.23824909e-01
5.28691509e-01  2.71425497e-01  2.96380291e-01
8.40715599e-01  3.07618079e-01  3.99942843e-01
3.30746317e-01  8.13609574e-01  9.46277318e-01
2.61069853e-01  8.81400016e-01  9.21380330e-01
4.47159039e-01  6.66000489e-01  9.89476297e-01
9.97386553e-01  5.84104780e-01  2.66542520e-01
3.73909960e-01  7.89006421e-01  3.69813641e-01
9.99725497e-01  7.68166160e-01  7.47622407e-01
5.79292566e-01  9.78985882e-01  8.86634006e-01
4.61163716e-01  6.52967785e-01  8.09828410e-01
4.26540061e-01  9.54780908e-01  4.02990226e-01
9.25182054e-01  6.75408179e-01  9.53151784e-01
7.99602565e-01  8.31228805e-01  5.48181647e-01
9.57233779e-01  5.36529499e-01  7.27050129e-01
8.69957619e-01  8.37046436e-01  3.37141362e-01
8.82060618e-01  6.83384083e-01  6.31381453e-01
4.22172045e-01  9.58682507e-01  5.37179731e-01
9.28979059e-01  4.22567800e-01  4.52673985e-01
7.97841899e-01  8.61422928e-01  9.62444227e-01
8.82030073e-01  3.73847289e-01  9.17576497e-01
2.59734566e-01  8.58044864e-01  2.97970151e-01
6.68653770e-01  9.71625499e-01  8.10823470e-01
3.56459372e-01  8.43570969e-01  4.06010738e-01
9.14545128e-01  3.19480933e-01  6.58527343e-01
5.91820123e-01  7.83845215e-01  9.76905188e-01
4.85037528e-01  7.31165009e-01  6.93952418e-01
7.68836834e-01  6.06983669e-01  7.67468116e-01
3.49307885e-01  4.67452284e-01  3.83501433e-01
7.24904091e-01  2.55804445e-01  9.36390475e-01
3.90769384e-01  8.97031996e-01  4.04502435e-01
4.57610263e-01  7.81181329e-01  9.70489610e-01
3.05331731e-01  9.99366314e-01  8.14948757e-01
7.68133098e-01  7.70544570e-01  7.17960116e-01
8.03131968e-01  2.94930206e-01  3.24664002e-01
5.44672456e-01  9.80240805e-01  3.54230759e-01
4.48577274e-01  8.32325290e-01  3.13852811e-01
2.86403582e-01  4.21348458e-01  8.57014336e-01
9.72504266e-01  9.08812553e-01  4.04989531e-01
6.31325378e-01  2.66163162e-01  4.71969964e-01
3.17778181e-01  3.16836541e-01  7.60748817e-01
6.12252032e-01  9.99673584e-01  9.45143993e-01
4.39106131e-01  3.75608138e-01  8.99320390e-01
4.24689262e-01  5.14298959e-01  2.53192320e-01
7.10290978e-01  4.34848106e-01  9.38811722e-01
9.57058368e-01  9.39917523e-01  4.51188713e-01
9.94044995e-01  7.13564292e-01  7.07795752e-01
9.42352034e-01  9.00574961e-01  9.98134054e-01
9.65882612e-01  9.35824959e-01  6.15393202e-01
5.55921293e-01  2.60467267e-01  9.11168367e-01
2.86458050e-01  8.96843116e-01  9.81452470e-01
1.00000000e+00  5.57428920e-01  3.55985608e-01
4.01169384e-01  5.39428440e-01  9.99090224e-01
6.83572240e-01  3.30116489e-01  8.90599842e-01
3.62117465e-01  8.02707060e-01  9.21962982e-01
5.11808213e-01  3.53476568e-01  8.68568578e-01
3.67368411e-01  4.29823593e-01  4.00188569e-01
5.32991495e-01  4.50618817e-01  6.70891077e-01
8.83803365e-01  9.79223581e-01  8.88132901e-01
3.49726034e-01  8.58546894e-01  8.43335145e-01
9.48932268e-01  7.62780570e-01  3.14709568e-01
5.60224468e-01  8.51454717e-01  7.33688709e-01
3.42044630e-01  7.64129409e-01  2.66689344e-01
9.53376446e-01  6.84962152e-01  4.06500369e-01
9.21260647e-01  9.52947452e-01  6.84349199e-01
9.67564654e-01  2.63571218e-01  6.87146164e-01
4.02708630e-01  6.83498357e-01  9.58531463e-01
4.10008603e-01  2.53873780e-01  2.83994234e-01
3.20964783e-01  7.03598155e-01  3.46983761e-01
6.00959490e-01  9.37058162e-01  2.69639931e-01
8.27732401e-01  7.74557669e-01  3.14437800e-01
9.34556017e-01  4.82564795e-01  8.50889843e-01
9.71666955e-01  4.52335211e-01  9.75965835e-01
8.99122817e-01  4.08306814e-01  8.48104712e-01
5.83614881e-01  4.74841057e-01  9.54860788e-01
2.69389258e-01  4.11766373e-01  4.64161545e-01
3.63615565e-01  6.49138968e-01  3.15578852e-01
8.24173267e-01  3.95123870e-01  3.50097809e-01
8.13846817e-01  9.78633160e-01  8.32099849e-01
9.67696577e-01  4.09243849e-01  6.61724769e-01
9.91647864e-01  3.43296901e-01  7.59712791e-01
7.21432451e-01  8.43072998e-01  4.65391433e-01
2.69051894e-01  3.69609496e-01  4.26365213e-01
9.93846235e-01  5.24876800e-01  8.55663373e-01
2.53307670e-01  9.19109331e-01  8.31473516e-01
3.02554458e-01  9.64814422e-01  5.65335055e-01
9.27063629e-01  2.55063293e-01  4.73237872e-01
4.82716471e-01  8.17531250e-01  7.11447815e-01
8.06708068e-01  3.81882852e-01  2.98037094e-01
2.52501138e-01  4.50760282e-01  8.11730146e-01
6.64453603e-01  4.59613983e-01  6.20675243e-01
5.15342356e-01  6.92562160e-01  8.98756153e-01
8.02605661e-01  8.59948923e-01  9.49636521e-01
8.83113963e-01  5.92619903e-01  9.99554413e-01
9.70545265e-01  6.51946258e-01  4.85206216e-01
5.08094660e-01  3.69659360e-01  9.75065551e-01
4.86818434e-01  9.75634566e-01  7.17270355e-01
2.75871270e-01  7.52705560e-01  9.85131379e-01
3.31965152e-01  2.97438317e-01  3.10988209e-01
2.80457261e-01  3.04281241e-01  8.81478473e-01
7.12340998e-01  3.33129472e-01  3.56526407e-01
9.64797150e-01  3.43865914e-01  6.96772246e-01
6.13676800e-01  9.59880802e-01  9.04884611e-01
5.12597262e-01  9.59306175e-01  8.07827425e-01
4.67013717e-01  7.19768569e-01  8.86675218e-01
7.71572381e-01  3.16617918e-01  9.44198375e-01
2.87641099e-01  8.77643260e-01  5.07732494e-01
3.45595590e-01  7.03269895e-01  3.11409212e-01
3.71046030e-01  7.91758051e-01  2.68599301e-01
3.71818054e-01  9.80931750e-01  7.91376938e-01
9.78187787e-01  2.64980550e-01  9.72652237e-01
2.82946290e-01  4.70040570e-01  5.38284207e-01
3.99910860e-01  3.22759702e-01  2.68178056e-01
3.24528802e-01  3.99377315e-01  7.88414930e-01
2.71229536e-01  8.17240683e-01  3.27515789e-01
2.85343150e-01  5.38706985e-01  3.86579263e-01
3.55570066e-01  2.60221458e-01  8.83867066e-01
7.86246978e-01  8.39563255e-01  5.59040897e-01
3.55809440e-01  7.82462535e-01  4.46307840e-01
8.89755627e-01  2.97809992e-01  3.78669729e-01
4.74334336e-01  9.47536716e-01  4.56038827e-01
9.43662059e-01  9.44256961e-01  9.75550923e-01
9.65705131e-01  3.32279696e-01  3.59184095e-01
3.85988877e-01  8.35729798e-01  3.69877012e-01
8.88153682e-01  8.95648349e-01  9.83367588e-01
7.55874137e-01  9.85151957e-01  4.83079452e-01
8.50683945e-01  9.73140449e-01  3.18899503e-01
4.50220454e-01  3.38687537e-01  3.71326946e-01
3.71288025e-01  6.30188272e-01  2.96923740e-01
5.32449487e-01  4.13019482e-01  2.76159490e-01
6.42580508e-01  7.41732922e-01  9.92552169e-01
5.58665661e-01  3.92000409e-01  9.97077206e-01
7.23457625e-01  2.68766972e-01  4.46454068e-01
9.68612751e-01  4.15008961e-01  4.46852389e-01
6.59379608e-01  9.09561366e-01  2.85429692e-01
6.80466308e-01  4.10274263e-01  9.70276335e-01
3.84396672e-01  4.92345678e-01  3.33069149e-01
9.68058085e-01  7.93803244e-01  6.64425752e-01
9.40069326e-01  5.86624056e-01  3.35133931e-01
8.77172187e-01  4.64024867e-01  8.52151402e-01
8.98050151e-01  3.82940331e-01  9.53727764e-01
3.75635935e-01  3.25757012e-01  8.87234246e-01
7.01137265e-01  2.84899512e-01  8.82707818e-01
9.21075625e-01  8.18954983e-01  3.68685740e-01
4.71310524e-01  2.93036967e-01  9.43048867e-01
2.70471104e-01  8.32968099e-01  2.71210387e-01
2.86152199e-01  3.12654263e-01  6.87685188e-01
7.09527681e-01  2.68669916e-01  9.67872067e-01
6.91722806e-01  9.09922601e-01  9.78594533e-01
3.26619111e-01  7.69907926e-01  3.73753182e-01
9.22428483e-01  7.95235839e-01  3.44460867e-01
4.48343267e-01  9.69844750e-01  7.46546268e-01
9.02473621e-01  2.63171170e-01  4.86606420e-01
2.57057075e-01  6.71120559e-01  4.54001317e-01
9.53883593e-01  2.95876881e-01  3.35548571e-01
5.18517381e-01  7.38624240e-01  5.68708358e-01
9.56342127e-01  7.21004718e-01  4.65242439e-01
9.08235149e-01  4.57336065e-01  8.60141079e-01
2.79359517e-01  3.35853805e-01  3.05478609e-01
9.62039593e-01  9.31201889e-01  6.85012388e-01
8.19030221e-01  9.58631314e-01  7.65389329e-01
2.58109633e-01  5.75620222e-01  3.17595215e-01
3.31725040e-01  3.12365571e-01  6.45615493e-01
9.83003875e-01  5.33611402e-01  5.82101634e-01
8.78820927e-01  4.92762348e-01  8.96262796e-01
9.35193449e-01  7.28096231e-01  8.49884905e-01
9.61559159e-01  8.61141151e-01  5.09825085e-01
4.14080178e-01  4.41197968e-01  4.98079498e-01
6.20158146e-01  3.30567896e-01  9.00226823e-01
3.33813148e-01  6.51277528e-01  2.51525051e-01
8.33956090e-01  9.04195705e-01  7.27527981e-01
8.81761332e-01  8.53922700e-01  3.25613171e-01
7.45862016e-01  3.86378324e-01  8.89035690e-01
7.53320366e-01  3.74047328e-01  3.51358142e-01
9.31343200e-01  3.63991202e-01  6.64705480e-01
9.08297332e-01  8.14527331e-01  4.41126872e-01
2.62482877e-01  4.24484715e-01  7.40798591e-01
2.95740164e-01  6.92203049e-01  2.90563433e-01
4.51564193e-01  9.81979480e-01  4.94666742e-01
2.78786579e-01  2.61286500e-01  5.33950525e-01
5.86584696e-01  2.57161929e-01  9.16691246e-01
2.62684367e-01  3.26897640e-01  3.93344508e-01
2.70329822e-01  4.72321624e-01  3.68462345e-01
4.06241475e-01  8.47777721e-01  3.39060096e-01
9.67613809e-01  3.82830702e-01  2.76184992e-01
8.58800732e-01  8.76200779e-01  8.15202972e-01
4.09893058e-01  4.30590040e-01  6.34201777e-01
2.97513026e-01  2.73632547e-01  5.35193669e-01
3.24515337e-01  6.77821068e-01  9.86500759e-01
2.53455405e-01  3.87272812e-01  6.60220047e-01
2.77300457e-01  3.35145923e-01  2.75075500e-01
6.64582787e-01  4.08137771e-01  3.70300848e-01
5.32550753e-01  4.18999982e-01  9.87245652e-01
2.84461003e-01  3.42856429e-01  5.91670028e-01
2.60373236e-01  2.89175526e-01  2.64345507e-01
3.00628882e-01  9.04472816e-01  8.20514863e-01
6.45133324e-01  2.71687978e-01  8.90980266e-01
9.97266855e-01  5.90798352e-01  3.04046915e-01
7.01753718e-01  8.94520944e-01  3.34896884e-01
6.11429689e-01  4.86963680e-01  3.17508746e-01
9.50753141e-01  9.98841877e-01  5.58342580e-01
8.25318602e-01  6.82003585e-01  3.07723504e-01
7.60388253e-01  9.95714872e-01  4.09868991e-01
7.91525958e-01  7.74572568e-01  4.02863966e-01
9.14779606e-01  5.54327948e-01  3.37459308e-01
2.66657591e-01  8.70810284e-01  9.91286052e-01
2.58483693e-01  8.66501431e-01  5.05188476e-01
4.19362751e-01  4.97734294e-01  6.96752811e-01
9.87272969e-01  9.75688838e-01  9.45373624e-01
3.68156876e-01  9.51235571e-01  3.61247672e-01
7.35256539e-01  2.64390696e-01  3.42698875e-01
9.54852529e-01  4.31194557e-01  4.39751886e-01
4.10934547e-01  9.67343672e-01  8.06296023e-01
7.15676208e-01  2.90520170e-01  8.86589423e-01
2.53943623e-01  5.56857050e-01  8.11522141e-01
7.55675234e-01  5.96824831e-01  4.03814683e-01
6.33804191e-01  2.74068297e-01  3.98316057e-01
3.37845422e-01  9.78892696e-01  8.13584432e-01
6.46368852e-01  4.16126713e-01  9.44456987e-01
9.48652218e-01  5.20694901e-01  2.86852886e-01
3.05334358e-01  2.73550613e-01  9.88991752e-01
4.94360765e-01  2.96726646e-01  8.54167160e-01
9.49982972e-01  4.39168988e-01  4.56449133e-01
3.74932628e-01  7.63020229e-01  3.91026436e-01
8.71962562e-01  9.71879657e-01  4.81966169e-01
5.69739518e-01  9.74384162e-01  2.99574420e-01
2.76642691e-01  7.17645336e-01  9.67316411e-01
2.78960459e-01  4.58399630e-01  6.65568398e-01
9.79741568e-01  8.25245519e-01  8.32537594e-01
3.19741184e-01  9.22791644e-01  4.72523938e-01
2.50996892e-01  8.43020918e-01  9.89324696e-01
3.27967952e-01  3.16913931e-01  4.16965672e-01
7.12434280e-01  9.34944132e-01  8.80117419e-01
8.75511638e-01  6.66268266e-01  2.52945796e-01
6.28458179e-01  2.64955440e-01  3.43694886e-01
6.73511105e-01  3.64514028e-01  9.42068071e-01
2.97441130e-01  8.46550578e-01  4.49749755e-01
4.52904746e-01  9.11194432e-01  2.85941659e-01
6.11897862e-01  4.22540972e-01  2.73067472e-01
9.31974161e-01  2.73919551e-01  8.70313957e-01
7.65757911e-01  2.54456132e-01  7.58761110e-01
4.00367923e-01  4.63987981e-01  3.84182212e-01
2.51952715e-01  9.82409279e-01  8.98881047e-01
9.82435854e-01  7.64599561e-01  6.44630104e-01
6.06283325e-01  9.65986777e-01  9.91601769e-01
6.48924462e-01  3.47721181e-01  9.83107936e-01
9.56600776e-01  3.08442707e-01  8.99355127e-01
3.68479581e-01  7.35500311e-01  6.01860677e-01
9.47848578e-01  5.24361591e-01  2.71798414e-01
4.68519034e-01  7.63582123e-01  4.76201719e-01
3.43654866e-01  8.64569282e-01  8.48798117e-01
3.18303741e-01  9.63930611e-01  8.67624456e-01
6.49531780e-01  9.29641203e-01  5.14162077e-01
7.22830281e-01  3.78766370e-01  2.52586520e-01
4.20582401e-01  2.95934060e-01  6.52747058e-01
9.93145326e-01  5.04248410e-01  3.53020610e-01
2.75428991e-01  3.87859006e-01  7.03845891e-01
7.80310244e-01  2.92311359e-01  9.07640478e-01
9.06829177e-01  5.23186119e-01  9.28964957e-01
3.41069423e-01  5.88949614e-01  2.70476591e-01
3.64470693e-01  3.82706492e-01  7.44387575e-01
3.42788812e-01  9.79308833e-01  4.71084830e-01
8.21837811e-01  3.05591188e-01  7.09807370e-01
3.83878073e-01  6.18444373e-01  2.70962481e-01
6.69092657e-01  2.95887817e-01  3.56468931e-01
9.91536525e-01  2.66214187e-01  8.25596442e-01
2.77486080e-01  4.92027287e-01  7.50629246e-01
3.41871561e-01  5.77665502e-01  9.81391130e-01
9.75434614e-01  5.96615844e-01  9.84046313e-01
3.40291100e-01  5.56542211e-01  9.19319557e-01
9.78912798e-01  9.48106923e-01  9.87795090e-01
2.87754526e-01  9.39677832e-01  6.11028506e-01
4.22811016e-01  4.13773690e-01  9.73119356e-01
6.11558653e-01  2.88390626e-01  8.29188444e-01
3.14021744e-01  4.43801397e-01  4.69495449e-01
5.78638197e-01  8.10172160e-01  9.50405431e-01
4.26734664e-01  5.12710788e-01  9.85190510e-01
7.56432269e-01  9.33787066e-01  8.23930846e-01
4.45696743e-01  3.14277819e-01  7.40583192e-01
8.96664916e-01  8.12100963e-01  8.95857159e-01
3.02976790e-01  2.88381177e-01  2.72333512e-01
8.86513054e-01  9.05815078e-01  8.21940754e-01
9.56643821e-01  9.38161065e-01  6.95691864e-01
9.44004893e-01  5.08024338e-01  9.22494171e-01
8.99606131e-01  8.66767537e-01  7.83756794e-01
9.67601522e-01  4.05331773e-01  9.33447579e-01
8.56450136e-01  4.89222231e-01  2.67741971e-01
9.56058290e-01  6.73892268e-01  3.73267240e-01
2.61845916e-01  4.84686576e-01  6.09209528e-01
3.45947575e-01  6.78329950e-01  3.14925162e-01
5.48265671e-01  3.39253738e-01  3.04197646e-01
3.29827346e-01  2.89843556e-01  5.17040484e-01
9.92196368e-01  8.46899806e-01  2.56230212e-01
9.90495548e-01  7.38507535e-01  7.38515251e-01
9.44354312e-01  7.50616968e-01  2.66178112e-01
3.29558625e-01  9.58113051e-01  4.90418524e-01
3.18563051e-01  3.74800420e-01  8.51603644e-01
4.28029600e-01  6.59497673e-01  5.22662812e-01
4.57688349e-01  9.39657963e-01  4.43551258e-01
5.09179499e-01  2.90528058e-01  5.73013364e-01
8.49972183e-01  9.22381698e-01  9.39670936e-01
2.53667598e-01  3.26087827e-01  5.11076246e-01
2.67377268e-01  3.30394957e-01  5.33353734e-01
3.33894518e-01  7.69098393e-01  8.68632512e-01
4.79766424e-01  7.65892214e-01  8.91664554e-01
3.47228416e-01  7.72962029e-01  3.52773788e-01
6.54658913e-01  9.16024649e-01  7.25565701e-01
3.06383936e-01  4.33832714e-01  9.18919553e-01
9.86719619e-01  7.06547051e-01  4.30711594e-01
2.67004497e-01  4.55120691e-01  7.97029505e-01
6.29191928e-01  2.88528000e-01  9.43057909e-01
