8.97837676e-01  4.70217012e-01  6.13526036e-01  9.61702124e-01  3.47864413e-01  6.33785790e-01
8.92658496e-01  4.81663966e-01  6.23681089e-01  9.60249040e-01  3.50069050e-01  6.42583844e-01
8.93036206e-01  5.06491310e-01  6.06279693e-01  9.62175341e-01  3.80590632e-01  6.23046444e-01
8.87722299e-01  4.88156781e-01  6.36227440e-01  9.58305770e-01  3.52947212e-01  6.54366388e-01
8.87752894e-01  5.14398106e-01  6.19086719e-01  9.60355722e-01  3.79711045e-01  6.34920844e-01
8.97084437e-01  4.98320431e-01  5.97838158e-01  9.63779836e-01  3.69922302e-01  6.15270266e-01
8.97049673e-01  4.97809822e-01  5.98287688e-01  9.63627376e-01  3.71667843e-01  6.15836862e-01
8.88642978e-01  5.11241798e-01  6.18113478e-01  9.60561820e-01  3.76954034e-01  6.34248473e-01
8.90199784e-01  4.82842627e-01  6.31264815e-01  9.59019662e-01  3.51936997e-01  6.50026782e-01
8.91386463e-01  5.10397862e-01  6.09345399e-01  9.61701845e-01  3.82243377e-01  6.25693354e-01
8.92328642e-01  4.53875259e-01  6.42842575e-01  9.57776913e-01  3.26325661e-01  6.64025235e-01
7.91168005e-01  5.53464801e-01  9.22005874e-01  9.14630956e-01  3.82556771e-01  9.27957254e-01
8.99471350e-01  4.81152270e-01  6.00879147e-01  9.63541348e-01  3.56028401e-01  6.20070635e-01
8.90888676e-01  5.05923723e-01  6.13940525e-01  9.61283293e-01  3.72836234e-01  6.30591919e-01
8.92887839e-01  4.99954605e-01  6.11027326e-01  9.61499645e-01  3.75897048e-01  6.28484041e-01
9.00626296e-01  4.72038367e-01  6.02874364e-01  9.63251380e-01  3.51257645e-01  6.23053127e-01
8.94252158e-01  4.66851718e-01  6.27886156e-01  9.59798584e-01  3.38644511e-01  6.48161968e-01
9.26979500e-01  3.52677876e-01  5.91178147e-01  9.65555890e-01  2.86285739e-01  6.24089995e-01
8.95805462e-01  4.70302397e-01  6.20371337e-01  9.60804894e-01  3.43937408e-01  6.40463376e-01
8.89863462e-01  5.10770807e-01  6.14274860e-01  9.60936245e-01  3.82248716e-01  6.30601089e-01
8.94726113e-01  5.00031017e-01  6.04735599e-01  9.62562937e-01  3.74017300e-01  6.22108829e-01
9.00625117e-01  4.80428040e-01  5.97431539e-01  9.63998476e-01  3.57663365e-01  6.16754616e-01
8.83251323e-01  4.99894402e-01  6.43788974e-01  9.57054074e-01  3.60017798e-01  6.60727507e-01
8.93346572e-01  4.99984337e-01  6.09450366e-01  9.61930230e-01  3.71434193e-01  6.26773888e-01
8.92953632e-01  4.97627425e-01  6.12314829e-01  9.61480008e-01  3.70404137e-01  6.29903206e-01
8.90809253e-01  5.16009737e-01  6.07662021e-01  9.61991398e-01  3.84261111e-01  6.23361692e-01
8.97407909e-01  4.93649321e-01  5.99772324e-01  9.63241253e-01  3.73417166e-01  6.17900804e-01
8.95214449e-01  4.80551597e-01  6.15724097e-01  9.61360140e-01  3.52578673e-01  6.34868650e-01
9.00647301e-01  4.61396496e-01  6.09712069e-01  9.62339534e-01  3.42718474e-01  6.30910318e-01
8.89839032e-01  4.80891453e-01  6.33756591e-01  9.58703904e-01  3.49388789e-01  6.52651364e-01
8.85634195e-01  4.82114425e-01  6.47240881e-01  9.56674314e-01  3.48697637e-01  6.65827765e-01
8.67252971e-01  6.66622448e-01  5.90164987e-01  9.57673656e-01  6.33859011e-01  5.92797520e-01
8.91295824e-01  4.76264895e-01  6.31813566e-01  9.59209707e-01  3.42346150e-01  6.51066301e-01
8.88158111e-01  4.91894666e-01  6.32320754e-01  9.58681316e-01  3.60181371e-01  6.50255173e-01
8.93479023e-01  4.91107801e-01  6.14763519e-01  9.61122453e-01  3.66816594e-01  6.33040494e-01
8.83651536e-01  4.98971387e-01  6.43029214e-01  9.57118074e-01  3.60931703e-01  6.60101971e-01
8.90108163e-01  4.84096900e-01  6.30761579e-01  9.58940518e-01  3.56320634e-01  6.49502160e-01
8.99250984e-01  4.71592357e-01  6.07834032e-01  9.62624458e-01  3.47542440e-01  6.27947636e-01
9.07101730e-01  7.05669637e-01  4.29504329e-01  9.81287639e-01  7.52274721e-01  4.13507762e-01
8.87710497e-01  5.12151414e-01  6.20689312e-01  9.60128190e-01  3.78119664e-01  6.36754452e-01
8.91154377e-01  4.95747742e-01  6.19644826e-01  9.60338430e-01  3.69509646e-01  6.37433556e-01
8.82826256e-01  5.07849629e-01  6.40067552e-01  9.57547862e-01  3.65491523e-01  6.56272608e-01
8.92101457e-01  4.66157699e-01  6.35639807e-01  9.58628361e-01  3.37758620e-01  6.55873977e-01
8.82357725e-01  5.00957230e-01  6.46133261e-01  9.56447713e-01  3.66430964e-01  6.63105556e-01
8.88893315e-01  5.08765992e-01  6.18870780e-01  9.60409922e-01  3.76635901e-01  6.35297336e-01
8.93860551e-01  4.95832968e-01  6.10400280e-01  9.61859305e-01  3.67621326e-01  6.28126362e-01
8.91820988e-01  4.86295169e-01  6.23518230e-01  9.60128513e-01  3.55693376e-01  6.42032457e-01
8.84382849e-01  4.89528668e-01  6.46676431e-01  9.56559730e-01  3.56769639e-01  6.64661987e-01
8.93459904e-01  4.87445498e-01  6.17206205e-01  9.61120391e-01  3.55937520e-01  6.35615098e-01
8.90034061e-01  5.02190623e-01  6.19266143e-01  9.60450361e-01  3.71147379e-01  6.36330265e-01
8.93997150e-01  4.64147733e-01  6.30507574e-01  9.59347760e-01  3.38608085e-01  6.51061211e-01
8.96384729e-01  4.65213510e-01  6.21708251e-01  9.60801494e-01  3.36712617e-01  6.42186189e-01
8.87083888e-01  4.95528109e-01  6.33609562e-01  9.58648303e-01  3.57705082e-01  6.51049871e-01
8.91872529e-01  4.97159476e-01  6.16289751e-01  9.61116938e-01  3.63925003e-01  6.33756649e-01
9.02051306e-01  4.75023583e-01  5.96097403e-01  9.64059824e-01  3.58677867e-01  6.16122407e-01
8.92470663e-01  4.88151771e-01  6.20106740e-01  9.60440283e-01  3.61841435e-01  6.38585896e-01
8.81957644e-01  5.03596741e-01  6.45778172e-01  9.56577028e-01  3.65741598e-01  6.62438697e-01
8.91396209e-01  5.22236719e-01  6.01626152e-01  9.62776941e-01  3.91221799e-01  6.16686004e-01
8.87380199e-01  4.81915276e-01  6.41441294e-01  9.57531233e-01  3.49506294e-01  6.60142832e-01
8.88002613e-01  5.16605609e-01  6.16805564e-01  9.60636841e-01  3.82580330e-01  6.32442775e-01
8.95608045e-01  4.58930010e-01  6.28425048e-01  9.59785428e-01  3.33473037e-01  6.49463900e-01
8.86538851e-01  4.81525426e-01  6.44551366e-01  9.57131924e-01  3.47384175e-01  6.63202823e-01
8.89688985e-01  4.73654964e-01  6.38964287e-01  9.58018759e-01  3.43376725e-01  6.58459987e-01
8.91903094e-01  5.21551505e-01  6.00349803e-01  9.62948057e-01  3.91628257e-01  6.15493117e-01
8.95156711e-01  4.78625026e-01  6.17170945e-01  9.61155066e-01  3.51229473e-01  6.36501233e-01
8.88131312e-01  5.01095185e-01  6.26438444e-01  9.59392285e-01  3.69203928e-01  6.43572178e-01
8.88898949e-01  5.06321413e-01  6.20438779e-01  9.60320473e-01  3.71733013e-01  6.37025219e-01
9.26353501e-01  3.43726134e-01  5.99115959e-01  9.66446691e-01  2.31402010e-01  6.31300104e-01
8.89348348e-01  4.83162476e-01  6.33948338e-01  9.58541736e-01  3.53616107e-01  6.52695896e-01
8.94933088e-01  4.87762441e-01  6.11997991e-01  9.61846167e-01  3.58152549e-01  6.30439943e-01
8.91506379e-01  4.86300651e-01  6.24583010e-01  9.60091664e-01  3.52565382e-01  6.43005194e-01
8.96412253e-01  4.79191681e-01  6.12539660e-01  9.61839097e-01  3.52344800e-01  6.31852656e-01
8.87106780e-01  5.19946270e-01  6.17678650e-01  9.60499490e-01  3.84132036e-01  6.32958131e-01
8.86136750e-01  4.84809756e-01  6.43784435e-01  9.57095741e-01  3.52558762e-01  6.62216515e-01
8.99952671e-01  4.82071819e-01  5.98647735e-01  9.63783150e-01  3.59054189e-01  6.17807819e-01
8.83576652e-01  5.07055824e-01  6.38034737e-01  9.57582249e-01  3.72018478e-01  6.54515406e-01
8.94298458e-01  5.01806259e-01  6.05035267e-01  9.62688220e-01  3.70664795e-01  6.22094839e-01
8.97009558e-01  4.60529916e-01  6.22627229e-01  9.60494491e-01  3.38664626e-01  6.43695101e-01
8.95315719e-01  4.64525726e-01  6.25784772e-01  9.60152757e-01  3.36887037e-01  6.46304803e-01
8.98187977e-01  4.82941023e-01  6.04075662e-01  9.62799021e-01  3.62785061e-01  6.23239602e-01
8.90402760e-01  4.76559476e-01  6.34654856e-01  9.58738647e-01  3.43268507e-01  6.53869566e-01
8.94083010e-01  4.65272922e-01  6.29485577e-01  9.59741377e-01  3.33330694e-01  6.49779867e-01
8.88067003e-01  4.74312993e-01  6.44044794e-01  9.57201455e-01  3.44528689e-01  6.63429295e-01
8.99272180e-01  4.79071413e-01  6.02906383e-01  9.63113122e-01  3.57775709e-01  6.22405013e-01
8.99102238e-01  4.91121161e-01  5.95660337e-01  9.63879537e-01  3.72362481e-01  6.14056473e-01
8.86383088e-01  4.81875064e-01  6.44853343e-01  9.57269880e-01  3.43019475e-01  6.63345889e-01
9.00314939e-01  4.75281039e-01  6.01826380e-01  9.63373154e-01  3.53776171e-01  6.21679358e-01
8.94799529e-01  5.09489356e-01  5.98345622e-01  9.63267374e-01  3.85763806e-01  6.14826410e-01
8.94736538e-01  4.61723918e-01  6.29570510e-01  9.59634795e-01  3.34065354e-01  6.50290302e-01
8.91056980e-01  5.00630738e-01  6.16805378e-01  9.60819103e-01  3.70806573e-01  6.34046148e-01
8.89777994e-01  4.68589939e-01  6.41950509e-01  9.57900044e-01  3.32884346e-01  6.61691532e-01
8.99191137e-01  4.80645989e-01  6.02159291e-01  9.63108365e-01  3.61459378e-01  6.21568229e-01
8.87571687e-01  4.88538356e-01  6.36491110e-01  9.58152467e-01  3.55862297e-01  6.54663029e-01
8.90943492e-01  3.83781946e-01  6.93350623e-01  9.49940689e-01  3.06696023e-01  7.19408935e-01
8.83270140e-01  5.00497288e-01  6.43333643e-01  9.57045593e-01  3.62208151e-01  6.60266189e-01
9.00647168e-01  4.69319311e-01  6.04568815e-01  9.63153981e-01  3.45955440e-01  6.24926003e-01
8.07598032e-01  6.43451493e-01  8.07783091e-01  9.29401554e-01  4.70564591e-01  8.12524820e-01
8.49836928e-01  7.93699035e-01  5.66801515e-01  9.58922984e-01  7.68922780e-01  5.52987548e-01
8.91637391e-01  5.07704342e-01  6.10242079e-01  9.61702060e-01  3.77562346e-01  6.26794082e-01
7.90783027e-01  4.64269238e-01  9.81230702e-01  9.10280493e-01  2.56214789e-01  9.85600798e-01
8.95346046e-01  4.93719365e-01  6.06728275e-01  9.62461350e-01  3.65951548e-01  6.24659211e-01
8.90811728e-01  5.15513700e-01  6.07975611e-01  9.61738470e-01  3.88978786e-01  6.23872723e-01
8.85812175e-01  5.13673781e-01  6.26147046e-01  9.59419924e-01  3.75287570e-01  6.41962614e-01
8.91384165e-01  4.96448550e-01  6.18409563e-01  9.60548935e-01  3.69386733e-01  6.36112747e-01
8.91419268e-01  4.97437577e-01  6.17648304e-01  9.60839304e-01  3.65653966e-01  6.35129760e-01
8.87671339e-01  4.87612505e-01  6.36753844e-01  9.58216878e-01  3.52893637e-01  6.54948969e-01
8.91437326e-01  5.20669204e-01  6.02504199e-01  9.62606199e-01  3.91256881e-01  6.17772532e-01
8.86346575e-01  4.84736412e-01  6.43119568e-01  9.57248500e-01  3.51298612e-01  6.61533719e-01
8.91096413e-01  4.77773535e-01  6.31511238e-01  9.59243174e-01  3.43328629e-01  6.50620399e-01
8.93254514e-01  4.65308391e-01  6.32275812e-01  9.59177067e-01  3.36632670e-01  6.52620783e-01
7.54176511e-01  8.00359214e-01  8.87322935e-01  9.17212276e-01  5.02376389e-01  8.83193864e-01
8.85064000e-01  5.07313294e-01  6.32817009e-01  9.58315326e-01  3.74034235e-01  6.49340345e-01
8.92485502e-01  4.91163456e-01  6.18101083e-01  9.60783316e-01  3.62445601e-01  6.36244137e-01
8.95681748e-01  4.64865311e-01  6.24321358e-01  9.60245175e-01  3.40289715e-01  6.44911090e-01
7.66847771e-01  6.03519260e-01  9.72099506e-01  9.08740300e-01  3.46415455e-01  9.74238936e-01
8.89288481e-01  4.68581338e-01  6.43618304e-01  9.57576549e-01  3.34526605e-01  6.63379116e-01
8.35728184e-01  6.64731192e-01  6.98442818e-01  9.46673848e-01  4.75327309e-01  7.00652798e-01
8.87994588e-01  4.84645650e-01  6.37582332e-01  9.57946621e-01  3.55083437e-01  6.56166284e-01
8.87873319e-01  5.20916629e-01  6.14445743e-01  9.60933647e-01  3.86361832e-01  6.29649349e-01
8.38275382e-01  3.68303789e-01  8.82253476e-01  9.24646034e-01  2.44761775e-01  8.96182585e-01
8.96138006e-01  4.87383162e-01  6.08152675e-01  9.62140049e-01  3.65412162e-01  6.26846372e-01
8.85164095e-01  4.85013882e-01  6.46954805e-01  9.56848834e-01  3.46730954e-01  6.65171784e-01
9.02501187e-01  4.76256501e-01  5.93769337e-01  9.64466213e-01  3.58223074e-01  6.13623736e-01
8.87333411e-01  5.06375042e-01  6.25719991e-01  9.59442494e-01  3.73076382e-01  6.42338505e-01
8.83662614e-01  5.10601820e-01  6.35440684e-01  9.58053711e-01  3.71907938e-01  6.51518429e-01
8.89188256e-01  4.69949613e-01  6.43070257e-01  9.57477905e-01  3.39579521e-01  6.62821947e-01
8.92759459e-01  4.87361584e-01  6.19639173e-01  9.60816903e-01  3.54076905e-01  6.37999111e-01
8.93180385e-01  4.97670431e-01  6.11516957e-01  9.61703840e-01  3.68009663e-01  6.29031766e-01
8.83907694e-01  5.07498168e-01  6.36623459e-01  9.57869496e-01  3.70551126e-01  6.53019063e-01
8.85203594e-01  5.04250752e-01  6.34331298e-01  9.58103605e-01  3.72104716e-01  6.51152181e-01
8.99048882e-01  4.80501894e-01  6.02735950e-01  9.63293511e-01  3.54704760e-01  6.21971396e-01
8.88921255e-01  4.69296741e-01  6.44400844e-01  9.57526888e-01  3.33103482e-01  6.64032604e-01
8.98322968e-01  4.70031761e-01  6.11998422e-01  9.61936005e-01  3.47852196e-01  6.32289037e-01
8.87525585e-01  5.08141928e-01  6.23920328e-01  9.59782991e-01  3.72413726e-01  6.40311266e-01
8.84751375e-01  5.08229602e-01  6.33283759e-01  9.58520131e-01  3.67667401e-01  6.49526162e-01
8.80504022e-01  5.15205545e-01  6.43177386e-01  9.56944841e-01  3.71616820e-01  6.58697010e-01
8.99586727e-01  4.64702409e-01  6.11167112e-01  9.62100545e-01  3.44556604e-01  6.32009930e-01
8.87455767e-01  5.10061013e-01  6.22911427e-01  9.59727185e-01  3.78480678e-01  6.39240677e-01
8.98724454e-01  4.92707333e-01  5.95913397e-01  9.63955457e-01  3.70313199e-01  6.14052166e-01
8.86056451e-01  4.98657967e-01  6.35066361e-01  9.58273868e-01  3.62703956e-01  6.52273791e-01
8.93896490e-01  4.69181866e-01  6.27581087e-01  9.59862475e-01  3.39256806e-01  6.47608136e-01
8.88601173e-01  4.86848688e-01  6.34092301e-01  9.58542571e-01  3.54660439e-01  6.52444659e-01
8.90460890e-01  4.66009372e-01  6.41306950e-01  9.57807908e-01  3.36459572e-01  6.61440544e-01
8.96183342e-01  4.92301828e-01  6.04805404e-01  9.62704242e-01  3.66692470e-01  6.22927357e-01
8.97859413e-01  4.93396626e-01  5.98403299e-01  9.63746507e-01  3.66235755e-01  6.16351938e-01
8.86264084e-01  5.01658471e-01  6.32413270e-01  9.58625028e-01  3.65506915e-01  6.49362235e-01
8.92530585e-01  5.16768889e-01  6.01324095e-01  9.62895427e-01  3.86887712e-01  6.16946698e-01
9.02081166e-01  4.67933088e-01  6.00599388e-01  9.63537348e-01  3.50997665e-01  6.21280725e-01
8.95215960e-01  4.67618881e-01  6.24115336e-01  9.60343810e-01  3.39876736e-01  6.44375879e-01
8.99744202e-01  4.84567703e-01  5.97735177e-01  9.63716977e-01  3.65306578e-01  6.16760050e-01
8.91175616e-01  4.62825981e-01  6.40946757e-01  9.57969115e-01  3.32516347e-01  6.61335293e-01
8.98417713e-01  4.87172798e-01  6.00548171e-01  9.63318293e-01  3.65536895e-01  6.19262167e-01
8.90293291e-01  4.63526227e-01  6.43488275e-01  9.57754171e-01  3.28531112e-01  6.63651797e-01
8.91388107e-01  5.18793119e-01  6.03889379e-01  9.62566352e-01  3.86029861e-01  6.19258682e-01
8.80630730e-01  8.07358727e-01  4.53369838e-01  9.77622090e-01  8.12427194e-01  4.22848589e-01
8.85552845e-01  5.01897802e-01  6.34673057e-01  9.58403256e-01  3.62456704e-01  6.51502371e-01
8.86273629e-01  4.96223727e-01  6.35909261e-01  9.58073394e-01  3.63343254e-01  6.53408712e-01
8.83489288e-01  5.02555476e-01  6.41253220e-01  9.57274907e-01  3.65369268e-01  6.58051576e-01
8.86519983e-01  5.10881624e-01  6.25556285e-01  9.59368592e-01  3.77529149e-01  6.41763992e-01
8.92583899e-01  5.15227118e-01  6.02144036e-01  9.62825818e-01  3.84706925e-01  6.17906476e-01
8.91093234e-01  4.62846591e-01  6.41213150e-01  9.58043141e-01  3.29714278e-01  6.61520363e-01
8.94118119e-01  4.80598740e-01  6.19416216e-01  9.60649188e-01  3.55958786e-01  6.38631422e-01
8.91157812e-01  4.94698746e-01  6.20314229e-01  9.60342416e-01  3.66398046e-01  6.38140595e-01
8.80809125e-01  5.04432895e-01  6.49135307e-01  9.56009428e-01  3.67272799e-01  6.65717624e-01
7.93753795e-01  4.62738125e-01  9.72135277e-01  9.10764726e-01  2.77951222e-01  9.77377889e-01
8.92990735e-01  5.08022729e-01  6.05439859e-01  9.62322867e-01  3.80927654e-01  6.22021167e-01
9.36779709e-01  3.74363427e-01  5.43821673e-01  9.72257787e-01  3.09819955e-01  5.75576935e-01
8.89748882e-01  5.20936791e-01  6.08063846e-01  9.61761683e-01  3.90629424e-01  6.23335257e-01
8.96252264e-01  4.81407638e-01  6.11644256e-01  9.61946063e-01  3.54144662e-01  6.30743035e-01
8.97101158e-01  4.78537666e-01  6.10624971e-01  9.62083688e-01  3.53337261e-01  6.30050684e-01
8.89920653e-01  4.94259291e-01  6.24800539e-01  9.59755910e-01  3.63487807e-01  6.42586442e-01
9.03246026e-01  4.72891880e-01  5.93424584e-01  9.64745723e-01  3.51144929e-01  6.13498015e-01
8.89890615e-01  5.18000401e-01  6.09489008e-01  9.61744968e-01  3.84206381e-01  6.24954676e-01
9.01218279e-01  4.78789272e-01  5.96481303e-01  9.64121911e-01  3.57496010e-01  6.16002563e-01
8.86055879e-01  5.17861613e-01  6.22600616e-01  9.59878127e-01  3.79530108e-01  6.38025765e-01
9.03209582e-01  4.68595210e-01  5.96337845e-01  9.64275465e-01  3.49494643e-01  6.16901830e-01
9.01041000e-01  4.81798675e-01  5.95129512e-01  9.64418064e-01  3.56864920e-01  6.14252230e-01
8.69889908e-01  5.46071996e-01  6.59477151e-01  9.52556803e-01  4.32206808e-01  6.73083780e-01
8.95257884e-01  4.77940249e-01  6.17271952e-01  9.61048575e-01  3.53132871e-01  6.36735907e-01
8.89516927e-01  4.79290207e-01  6.35889914e-01  9.58309773e-01  3.50275126e-01  6.54969841e-01
8.95187482e-01  4.76435330e-01  6.18488103e-01  9.61079467e-01  3.47105148e-01  6.37957004e-01
9.00234637e-01  4.79789402e-01  5.99172101e-01  9.63770608e-01  3.56292864e-01  6.18538365e-01
8.94278596e-01  5.10051114e-01  5.99749837e-01  9.63146511e-01  3.83601979e-01  6.16110359e-01
8.91094373e-01  4.77701761e-01  6.31564770e-01  9.59256566e-01  3.42768246e-01  6.50666464e-01
8.96967684e-01  4.65127208e-01  6.19784755e-01  9.61065846e-01  3.37473941e-01  6.40311925e-01
8.83187770e-01  5.81221779e-01  5.91501737e-01  9.63555590e-01  4.42438626e-01  6.00151019e-01
8.81648570e-01  3.93161023e-01  7.18824686e-01  9.47018224e-01  2.88883652e-01  7.42341653e-01
8.99763843e-01  4.80089000e-01  6.00576216e-01  9.63441416e-01  3.59106796e-01  6.19986613e-01
8.92167290e-01  5.02532371e-01  6.11800555e-01  9.61612728e-01  3.71397545e-01  6.28818325e-01
8.89574910e-01  5.16822861e-01  6.11325534e-01  9.61489339e-01  3.82855621e-01  6.26911782e-01
8.87060262e-01  5.10038272e-01  6.24269202e-01  9.59552880e-01  3.77552680e-01  6.40576804e-01
8.81343417e-01  5.05247799e-01  6.46791966e-01  9.56398389e-01  3.66978089e-01  6.63292999e-01
8.89521322e-01  5.13985360e-01  6.13349708e-01  9.61247825e-01  3.79683156e-01  6.29207292e-01
8.94828777e-01  4.88442619e-01  6.11910603e-01  9.61853524e-01  3.58617573e-01  6.30283281e-01
8.94800384e-01  4.91891177e-01  6.09768043e-01  9.61891833e-01  3.67407242e-01  6.27968200e-01
8.87500149e-01  4.92778010e-01  6.33981527e-01  9.58592426e-01  3.56455213e-01  6.51702425e-01
8.92612093e-01  5.12348679e-01  6.03917045e-01  9.62472162e-01  3.85155314e-01  6.20068529e-01
8.93971160e-01  5.09098464e-01  6.01412266e-01  9.62873563e-01  3.83427371e-01  6.17901599e-01
8.94506248e-01  4.98608139e-01  6.06405935e-01  9.62211347e-01  3.75539678e-01  6.24004777e-01
7.66179497e-01  6.34827124e-01  9.54040254e-01  9.10547322e-01  3.75090311e-01  9.55900334e-01
8.92854990e-01  5.09192303e-01  6.05141458e-01  9.62266371e-01  3.83990352e-01  6.21662333e-01
8.92849847e-01  5.15999230e-01  6.00739655e-01  9.62870762e-01  3.89354903e-01  6.16523975e-01
8.83448533e-01  5.01477576e-01  6.42091465e-01  9.57315781e-01  3.60728650e-01  6.58882089e-01
9.65363441e-01  4.14843235e-01  4.20483515e-01  9.88999106e-01  4.05214200e-01  4.45773898e-01
8.88680108e-01  4.81771049e-01  6.37120894e-01  9.58327769e-01  3.46266502e-01  6.55798249e-01
8.41794374e-01  8.06849768e-01  5.85574181e-01  9.60783003e-01  6.54590671e-01  5.67979536e-01
8.85446775e-01  5.05742180e-01  6.32537321e-01  9.58640623e-01  3.66460605e-01  6.49037700e-01
8.87764222e-01  5.19878036e-01  6.15490509e-01  9.60864242e-01  3.83577722e-01  6.30749865e-01
8.14158651e-01  6.41276763e-01  7.86916291e-01  9.32956963e-01  4.62094865e-01  7.91721420e-01
8.12340913e-01  4.03376440e-01  9.47555871e-01  9.15433413e-01  2.43598153e-01  9.55529659e-01
8.96106202e-01  4.95563131e-01  6.02950035e-01  9.63086208e-01  3.65995423e-01  6.20642325e-01
8.94036926e-01  5.09667732e-01  6.00819366e-01  9.62982627e-01  3.83313470e-01  6.17229100e-01
8.47602228e-01  8.08825895e-01  5.64569636e-01  9.63599645e-01  6.75183318e-01  5.45071166e-01
8.89603123e-01  4.90441436e-01  6.28357502e-01  9.59489346e-01  3.54816156e-01  6.46337308e-01
8.96966049e-01  4.79400573e-01  6.10523518e-01  9.62049120e-01  3.54958728e-01  6.29890577e-01
8.86437224e-01  4.85711019e-01  6.42179064e-01  9.57594373e-01  3.46804997e-01  6.60373979e-01
8.91853848e-01  5.07086889e-01  6.09907916e-01  9.61675872e-01  3.79185185e-01  6.26579919e-01
8.96694942e-01  4.68605656e-01  6.18452534e-01  9.61062207e-01  3.44141056e-01  6.38765545e-01
8.97616777e-01  4.91615245e-01  6.00383675e-01  9.63208981e-01  3.70913752e-01  6.18697138e-01
8.85314007e-01  5.17598768e-01  6.25290425e-01  9.59515601e-01  3.77991126e-01  6.40712606e-01
8.81550261e-01  5.02498748e-01  6.47874382e-01  9.56295825e-01  3.64215045e-01  6.64601175e-01
7.89398062e-01  4.58690914e-01  9.89555193e-01  9.06299038e-01  3.25661891e-01  9.94779457e-01
8.91578795e-01  5.11545733e-01  6.07947118e-01  9.62096805e-01  3.78512057e-01  6.24039392e-01
8.81740701e-01  5.03534904e-01  6.46555037e-01  9.56631812e-01  3.61432832e-01  6.63101884e-01
8.80184113e-01  8.05716040e-01  4.55953033e-01  9.79837313e-01  7.48360341e-01  4.23728609e-01
8.77553925e-01  8.25904248e-01  4.51777153e-01  9.76805183e-01  8.52482404e-01  4.18656001e-01
8.95062296e-01  4.72226237e-01  6.21645903e-01  9.60762261e-01  3.41028022e-01  6.41421726e-01
8.83593019e-01  5.15325083e-01  6.32610497e-01  9.58439549e-01  3.75339729e-01  6.48236464e-01
8.84976667e-01  5.09713489e-01  6.31555323e-01  9.58666491e-01  3.71320370e-01  6.47727646e-01
8.90876298e-01  5.13468361e-01  6.09084296e-01  9.61781483e-01  3.82739789e-01  6.25065842e-01
8.05197137e-01  7.40078688e-01  7.53199876e-01  9.36585482e-01  5.37461410e-01  7.50710483e-01
8.88836454e-01  4.80500171e-01  6.37415077e-01  9.58240637e-01  3.46736813e-01  6.56246202e-01
8.90529371e-01  5.25906292e-01  6.02187225e-01  9.62631721e-01  3.94354105e-01  6.16879674e-01
8.83354839e-01  5.11933300e-01  6.35621332e-01  9.57971523e-01  3.73814972e-01  6.51596419e-01
8.88747969e-01  4.96136812e-01  6.27563639e-01  9.59335732e-01  3.64102027e-01  6.45135993e-01
9.00480666e-01  4.81061867e-01  5.97510509e-01  9.63816323e-01  3.62087730e-01  6.16880900e-01
8.87879956e-01  4.93870839e-01  6.31982267e-01  9.58674093e-01  3.62508165e-01  6.49753664e-01
8.98261367e-01  4.92017537e-01  5.97933716e-01  9.63665515e-01  3.69334835e-01  6.16141603e-01
8.88833619e-01  4.96776998e-01  6.26857173e-01  9.59443879e-01  3.64427312e-01  6.44365971e-01
8.94761827e-01  5.04990455e-01  6.01394517e-01  9.63065974e-01  3.76870072e-01  6.18211721e-01
8.97154325e-01  4.69877585e-01  6.16066847e-01  9.61413769e-01  3.45145213e-01  6.36274928e-01
8.90823974e-01  5.04037776e-01  6.15384653e-01  9.61096971e-01  3.71005917e-01  6.32217540e-01
8.96264195e-01  4.65572713e-01  6.21884340e-01  9.60777762e-01  3.36787814e-01  6.42320652e-01
8.89867229e-01  4.91514335e-01  6.26764093e-01  9.59601310e-01  3.58594038e-01  6.44729927e-01
8.95545417e-01  4.66061135e-01  6.24007939e-01  9.60342501e-01  3.39623813e-01  6.44443818e-01
8.89092051e-01  4.69226447e-01  6.43866495e-01  9.57550179e-01  3.34512125e-01  6.63551606e-01
8.89363465e-01  4.81107361e-01  6.35231287e-01  9.58484423e-01  3.49280199e-01  6.54084238e-01
8.82990088e-01  4.95851922e-01  6.47300558e-01  9.56519482e-01  3.58083827e-01  6.64610636e-01
9.04097973e-01  4.65804168e-01  5.95133201e-01  9.64431259e-01  3.48953096e-01  6.16030390e-01
8.95000143e-01  5.03027540e-01  6.01859613e-01  9.62784875e-01  3.80994695e-01  6.19043010e-01
8.92113260e-01  4.96478935e-01  6.15914126e-01  9.61119879e-01  3.64968874e-01  6.33492022e-01
8.94148466e-01  4.65938426e-01  6.28831220e-01  9.59749060e-01  3.35896364e-01  6.49126537e-01
8.85532824e-01  5.05044933e-01  6.32697736e-01  9.58360222e-01  3.72388041e-01  6.49440058e-01
8.98496394e-01  4.91708877e-01  5.97336018e-01  9.63672860e-01  3.71284077e-01  6.15635576e-01
8.88482617e-01  5.10659390e-01  6.19036115e-01  9.60371378e-01  3.77810940e-01  6.35267824e-01
8.96711514e-01  5.01589584e-01  5.96982012e-01  9.63753504e-01  3.75387730e-01  6.14152322e-01
8.89903156e-01  4.87122544e-01  6.29493422e-01  9.59335946e-01  3.52793624e-01  6.47797088e-01
8.97243102e-01  4.75899865e-01  6.11855555e-01  9.62061545e-01  3.48012518e-01  6.31446327e-01
8.89793856e-01  4.66847606e-01  6.43027765e-01  9.57515759e-01  3.37498534e-01  6.63069184e-01
8.85468819e-01  5.10211808e-01  6.29560613e-01  9.58985948e-01  3.71330391e-01  6.45676934e-01
8.96749937e-01  4.65387069e-01  6.20355413e-01  9.60863293e-01  3.40378899e-01  6.40926746e-01
8.95806218e-01  4.88164390e-01  6.08772143e-01  9.62152013e-01  3.63132569e-01  6.27306370e-01
8.84997688e-01  4.97738684e-01  6.39258411e-01  9.57649587e-01  3.61679159e-01  6.56517943e-01
9.00453006e-01  4.76250350e-01  6.00728267e-01  9.63623313e-01  3.52309345e-01  6.20420698e-01
8.88302020e-01  4.81667598e-01  6.38471900e-01  9.58033983e-01  3.48305756e-01  6.57201868e-01
8.91205537e-01  5.01402073e-01  6.15800181e-01  9.61077116e-01  3.68698379e-01  6.32888140e-01
8.95579958e-01  4.55758637e-01  6.30579370e-01  9.59448169e-01  3.32241091e-01  6.51916446e-01
8.86368967e-01  5.08533892e-01  6.27593325e-01  9.59137273e-01  3.74368116e-01  6.43991442e-01
8.83632644e-01  5.01574386e-01  6.41403399e-01  9.57306081e-01  3.63613885e-01  6.58264975e-01
8.86116881e-01  4.82544775e-01  6.45322478e-01  9.57127175e-01  3.45027138e-01  6.63788221e-01
8.85293025e-01  5.12900873e-01  6.28411710e-01  9.59097976e-01  3.74170952e-01  6.44289829e-01
8.93399351e-01  4.76272044e-01  6.24666033e-01  9.60254985e-01  3.43803331e-01  6.44020938e-01
8.99698215e-01  4.87283635e-01  5.96128081e-01  9.63990469e-01  3.66061456e-01  6.14828704e-01
8.90955091e-01  5.02298824e-01  6.16068405e-01  9.61001069e-01  3.69941357e-01  6.33083098e-01
8.92437701e-01  4.72341613e-01  6.30483184e-01  9.59184203e-01  3.46268848e-01  6.50306267e-01
8.96295105e-01  4.71697457e-01  6.17802924e-01  9.61035658e-01  3.48627670e-01  6.37879440e-01
8.88131420e-01  4.98959497e-01  6.27824693e-01  9.59423116e-01  3.62238013e-01  6.45014554e-01
8.83521226e-01  4.96975604e-01  6.44767407e-01  9.56751405e-01  3.62466422e-01  6.62091705e-01
8.94177693e-01  4.67181883e-01  6.27924627e-01  9.59657436e-01  3.42090110e-01  6.48255762e-01
9.49085968e-01  3.51116624e-01  5.17127174e-01  9.77377929e-01  2.74403771e-01  5.51085382e-01
8.93070166e-01  5.09381687e-01  6.04287879e-01  9.62568562e-01  3.79993383e-01  6.20665750e-01
9.02142326e-01  4.66354283e-01  6.01416738e-01  9.63508611e-01  3.47870596e-01  6.22201230e-01
8.86852521e-01  5.07812965e-01  6.26419398e-01  9.59373487e-01  3.72746666e-01  6.42858604e-01
8.83961523e-01  4.95530005e-01  6.44210851e-01  9.56920308e-01  3.59820888e-01  6.61631573e-01
8.99726673e-01  4.76128476e-01  6.03273719e-01  9.63043264e-01  3.56710171e-01  6.23103808e-01
8.93333889e-01  4.87254928e-01  6.17757781e-01  9.60823276e-01  3.60999843e-01  6.36328305e-01
8.91184814e-01  4.62900511e-01  6.40867166e-01  9.58088484e-01  3.29926952e-01  6.61179551e-01
8.89231548e-01  4.69295944e-01  6.43347703e-01  9.57688988e-01  3.33095234e-01  6.62995165e-01
8.93069861e-01  5.12318549e-01  6.02382191e-01  9.62736070e-01  3.84593007e-01  6.18508758e-01
8.89526656e-01  4.90053914e-01  6.28868702e-01  9.59221596e-01  3.59243565e-01  6.47011717e-01
8.87267704e-01  4.79139755e-01  6.43625314e-01  9.57445403e-01  3.42189873e-01  6.62415763e-01
8.79822180e-01  5.09631684e-01  6.49111451e-01  9.56067473e-01  3.68156120e-01  6.65137467e-01
8.73998050e-01  2.86273379e-01  8.14202992e-01  9.37046951e-01  1.61305373e-01  8.36315882e-01
8.96826372e-01  4.89846785e-01  6.04215753e-01  9.62651467e-01  3.69067137e-01  6.22706656e-01
8.87797114e-01  5.23617641e-01  6.12950930e-01  9.61162548e-01  3.87764781e-01  6.27851331e-01
8.95171241e-01  4.81171670e-01  6.15468242e-01  9.61375145e-01  3.53462971e-01  6.34564233e-01
8.84548768e-01  5.01207253e-01  6.38530848e-01  9.57587884e-01  3.67449316e-01  6.55555043e-01
8.94982428e-01  5.06859635e-01  5.99431880e-01  9.63238967e-01  3.81048176e-01  6.16118803e-01
8.84475360e-01  4.96565193e-01  6.41793926e-01  9.57221311e-01  3.62045546e-01  6.59177774e-01
8.90156082e-01  4.69385391e-01  6.40150206e-01  9.58160316e-01  3.33626241e-01  6.59847999e-01
8.81925942e-01  5.01452642e-01  6.47277888e-01  9.56515973e-01  3.60640603e-01  6.64031165e-01
8.99156618e-01  4.71687434e-01  6.08092735e-01  9.62565905e-01  3.48032994e-01  6.28207575e-01
8.96835388e-01  5.00616203e-01  5.97193274e-01  9.63481283e-01  3.80725241e-01  6.14641124e-01
8.95259294e-01  4.81038333e-01  6.15255816e-01  9.61435587e-01  3.52734048e-01  6.34348304e-01
8.90826843e-01  4.69573424e-01  6.37750387e-01  9.58320457e-01  3.38817037e-01  6.57599047e-01
8.82339672e-01  4.97150929e-01  6.48665831e-01  9.56391759e-01  3.56600114e-01  6.65778922e-01
8.93098904e-01  4.74917017e-01  6.26565919e-01  9.59749764e-01  3.48361009e-01  6.46187332e-01
8.94058022e-01  4.88072835e-01  6.14767858e-01  9.61264922e-01  3.61943930e-01  6.33274209e-01
8.99298342e-01  4.78781497e-01  6.03005764e-01  9.63077684e-01  3.58125304e-01  6.22549932e-01
8.85252347e-01  5.06082277e-01  6.32976677e-01  9.58362833e-01  3.71724059e-01  6.49579646e-01
8.82700088e-01  4.95943892e-01  6.48225623e-01  9.56463899e-01  3.55986601e-01  6.65460814e-01
8.94069867e-01  4.72300643e-01  6.24967533e-01  9.60186815e-01  3.42567825e-01  6.44748928e-01
8.86960210e-01  4.90289842e-01  6.37430416e-01  9.58189267e-01  3.52173793e-01  6.55295496e-01
8.91432378e-01  5.21303562e-01  6.02109155e-01  9.62653856e-01  3.91914859e-01  6.17312045e-01
8.90817601e-01  4.78751082e-01  6.31823336e-01  9.59188622e-01  3.43910833e-01  6.50833108e-01
8.88330898e-01  5.17634016e-01  6.15023123e-01  9.60810063e-01  3.85641567e-01  6.30611341e-01
8.92788311e-01  4.96758695e-01  6.13440227e-01  9.61392870e-01  3.67848247e-01  6.31063691e-01
8.88546231e-01  5.12878103e-01  6.17379633e-01  9.60561808e-01  3.80501977e-01  6.33413214e-01
9.04143874e-01  4.66165510e-01  5.94742728e-01  9.64417799e-01  3.50927920e-01  6.15651743e-01
8.96444690e-01  4.98336157e-01  6.00000305e-01  9.63451277e-01  3.69668932e-01  6.17436624e-01
8.98287389e-01  4.80914163e-01  6.05054012e-01  9.62753220e-01  3.59245532e-01  6.24366631e-01
8.96264445e-01  4.63271595e-01  6.23377416e-01  9.60440910e-01  3.38362478e-01  6.44109796e-01
8.92117418e-01  4.56781844e-01  6.41672785e-01  9.57989350e-01  3.26736609e-01  6.62566337e-01
8.90797018e-01  4.76383655e-01  6.33430252e-01  9.58994090e-01  3.41568351e-01  6.52631960e-01
8.96923343e-01  4.71281479e-01  6.15939776e-01  9.61603208e-01  3.41643028e-01  6.35884806e-01
8.89880553e-01  5.17519680e-01  6.09835260e-01  9.61624894e-01  3.85577743e-01  6.25401713e-01
9.00415547e-01  4.69830700e-01  6.05023302e-01  9.63049778e-01  3.47008385e-01  6.25346241e-01
8.93937408e-01  4.71705611e-01  6.25803645e-01  9.60105484e-01  3.41136461e-01  6.45607421e-01
8.90824639e-01  5.11905384e-01  6.10274438e-01  9.61578953e-01  3.82392469e-01  6.26446227e-01
8.94274349e-01  4.73371071e-01  6.23578211e-01  9.60342537e-01  3.44484112e-01  6.43299274e-01
8.91815098e-01  4.94950426e-01  6.17918904e-01  9.60689780e-01  3.67136298e-01  6.35739496e-01
8.92801910e-01  4.80144036e-01  6.24180879e-01  9.60133548e-01  3.50319596e-01  6.43265388e-01
8.93539026e-01  4.76481575e-01  6.24055703e-01  9.60317435e-01  3.44677188e-01  6.43414769e-01
8.89092933e-01  4.84417660e-01  6.34000806e-01  9.58779333e-01  3.48161973e-01  6.52456557e-01
8.91516201e-01  5.13323670e-01  6.07005363e-01  9.62190321e-01  3.80669775e-01  6.22931759e-01
8.85596747e-01  5.10947910e-01  6.28648283e-01  9.59014014e-01  3.74444247e-01  6.44763850e-01
8.93020138e-01  5.06376752e-01  6.06408686e-01  9.62402760e-01  3.74516407e-01  6.23018368e-01
8.94457290e-01  4.71842429e-01  6.23949426e-01  9.60209392e-01  3.45653023e-01  6.43877782e-01
8.97523173e-01  4.96064636e-01  5.97812851e-01  9.63596491e-01  3.73395938e-01  6.15628035e-01
8.81693245e-01  5.05517044e-01  6.45429306e-01  9.56784124e-01  3.62821477e-01  6.61798319e-01
8.95436841e-01  5.07095935e-01  5.97735442e-01  9.63507141e-01  3.81127986e-01  6.14380500e-01
8.90051286e-01  4.68295006e-01  6.41213897e-01  9.57718929e-01  3.39957661e-01  6.61187482e-01
8.95643256e-01  4.78380024e-01  6.15677838e-01  9.61266706e-01  3.54044199e-01  6.35122695e-01
8.92776238e-01  5.06818142e-01  6.06950321e-01  9.62309926e-01  3.74915123e-01  6.23519742e-01
8.99993047e-01  4.78207003e-01  6.01019785e-01  9.63452374e-01  3.56275867e-01  6.20582871e-01
8.94271182e-01  5.02088436e-01  6.04944658e-01  9.62558334e-01  3.74299845e-01  6.22071822e-01
8.84608343e-01  5.03189347e-01  6.37041754e-01  9.57990379e-01  3.64124641e-01  6.53757029e-01
8.94314595e-01  5.01207714e-01  6.05369043e-01  9.62538462e-01  3.72752489e-01  6.22563554e-01
8.94663494e-01  4.64274054e-01  6.28162866e-01  9.59642961e-01  3.40272819e-01  6.48776445e-01
8.87992657e-01  4.78383561e-01  6.41654539e-01  9.57694071e-01  3.43209702e-01  6.60581200e-01
8.95048241e-01  4.79916193e-01  6.16700958e-01  9.61020292e-01  3.56874532e-01  6.36036317e-01
8.94696967e-01  5.08680222e-01  5.99219240e-01  9.63319020e-01  3.80785469e-01  6.15667363e-01
8.82432025e-01  5.05657067e-01  6.42829673e-01  9.56965519e-01  3.68299156e-01  6.59345540e-01
8.93244686e-01  4.74381073e-01  6.26418883e-01  9.59929872e-01  3.44283769e-01  6.45992434e-01
8.89023154e-01  4.78921389e-01  6.37806141e-01  9.58334187e-01  3.42294234e-01  6.56692334e-01
8.91126604e-01  4.60677463e-01  6.42508087e-01  9.57779590e-01  3.30383473e-01  6.63052687e-01
8.93492796e-01  5.10606980e-01  6.02057292e-01  9.62956076e-01  3.79676651e-01  6.18255602e-01
8.98384312e-01  4.62838100e-01  6.16460503e-01  9.61473843e-01  3.39027062e-01  6.37330201e-01
8.80982742e-01  5.03772893e-01  6.48974274e-01  9.56097574e-01  3.65444812e-01  6.65582818e-01
8.85001692e-01  5.09419041e-01  6.31661499e-01  9.58599811e-01  3.72413361e-01  6.47897859e-01
9.01345496e-01  4.69559399e-01  6.02041631e-01  9.63391172e-01  3.49855208e-01  6.22486979e-01
8.86013872e-01  4.98502505e-01  6.35311851e-01  9.58136658e-01  3.65056964e-01  6.52599585e-01
8.89313278e-01  5.01863225e-01  6.21926277e-01  9.60202613e-01  3.66927168e-01  6.38912427e-01
8.85780318e-01  5.06691003e-01  6.30788633e-01  9.58598487e-01  3.74549759e-01  6.47403351e-01
8.90770299e-01  4.63130916e-01  6.42125079e-01  9.57667281e-01  3.35606538e-01  6.62543081e-01
8.91557821e-01  5.22886247e-01  6.00655670e-01  9.62871127e-01  3.92964231e-01  6.15671846e-01
8.87995869e-01  4.86918331e-01  6.36102517e-01  9.58293658e-01  3.53176676e-01  6.54390021e-01
9.02156660e-01  4.74988439e-01  5.95762543e-01  9.64414804e-01  3.51309694e-01  6.15581062e-01
8.93898040e-01  4.91032438e-01  6.13389607e-01  9.61336199e-01  3.66789513e-01  6.31676335e-01
8.85922716e-01  4.87829354e-01  6.42550827e-01  9.57353111e-01  3.52209245e-01  6.60648557e-01
8.91999401e-01  5.14680876e-01  6.04483440e-01  9.62543489e-01  3.82362599e-01  6.20268705e-01
8.92974785e-01  4.92197691e-01  6.15768223e-01  9.61281722e-01  3.59624594e-01  6.33712555e-01
8.03238269e-01  4.03109456e-01  9.78643098e-01  9.10820507e-01  2.45598176e-01  9.84637814e-01
8.86783450e-01  5.19728327e-01  6.18918088e-01  9.60400227e-01  3.81716732e-01  6.34163258e-01
8.92045695e-01  5.18086434e-01  6.02115235e-01  9.62822376e-01  3.86263324e-01  6.17562103e-01
8.86072955e-01  4.80788978e-01  6.46611561e-01  9.56944605e-01  3.43893214e-01  6.65225827e-01
9.03585294e-01  4.69395121e-01  5.94542739e-01  9.64558614e-01  3.49792252e-01  6.15016227e-01
8.91069001e-01  4.97181829e-01  6.19003758e-01  9.60744770e-01  3.62693325e-01  6.36432967e-01
8.89264519e-01  4.89579143e-01  6.30067092e-01  9.59128136e-01  3.56780400e-01  6.48190912e-01
8.92137489e-01  4.94845464e-01  6.16892337e-01  9.60917087e-01  3.65447634e-01  6.34679599e-01
8.91229811e-01  5.22810583e-01  6.01818591e-01  9.62646679e-01  3.93922317e-01  6.16885422e-01
8.88660382e-01  1.90313059e-01  8.26715133e-01  9.35422430e-01  1.35762628e-01  8.52746487e-01
9.37871929e-01  4.10613091e-01  5.16578677e-01  9.74341830e-01  3.81054321e-01  5.45442838e-01
8.79801969e-01  7.65705925e-01  4.83226048e-01  9.75317293e-01  7.08953412e-01  4.61988201e-01
8.94283913e-01  4.94553958e-01  6.09793026e-01  9.61815090e-01  3.70412261e-01  6.27752763e-01
8.89747162e-01  4.96405127e-01  6.23996529e-01  9.59946144e-01  3.62859759e-01  6.41514533e-01
8.98594384e-01  4.85919318e-01  6.00762102e-01  9.63506637e-01  3.59557409e-01  6.19462326e-01
9.04050515e-01  4.69013470e-01  5.93210785e-01  9.64716549e-01  3.50821353e-01  6.13761266e-01
8.83751969e-01  5.00070259e-01  6.41974745e-01  9.57248849e-01  3.62199489e-01  6.58964954e-01
8.99902040e-01  4.66467293e-01  6.08950605e-01  9.62436882e-01  3.45537372e-01  6.29622438e-01
8.87118659e-01  4.82102523e-01  6.42207839e-01  9.57434175e-01  3.49070051e-01  6.60867875e-01
8.89191884e-01  5.01471920e-01  6.22592541e-01  9.60121080e-01  3.66206404e-01  6.39604911e-01
8.93865114e-01  4.65608413e-01  6.30007672e-01  9.59675317e-01  3.33125820e-01  6.50251680e-01
8.90638550e-01  5.07418647e-01  6.13819300e-01  9.61228153e-01  3.75330459e-01  6.30358230e-01
8.96412603e-01  4.69516761e-01  6.18819751e-01  9.61033450e-01  3.43865739e-01  6.39014755e-01
8.91207988e-01  4.94205584e-01  6.20464034e-01  9.60357103e-01  3.65248884e-01  6.38316984e-01
8.99550453e-01  4.82070236e-01  6.00014518e-01  9.63425319e-01  3.62559953e-01  6.19276816e-01
8.87765986e-01  4.97206669e-01  6.30203552e-01  9.58956397e-01  3.63827691e-01  6.47632868e-01
7.69893106e-01  7.03323653e-01  8.96953442e-01  9.16800278e-01  4.53115995e-01  8.97433985e-01
8.92903307e-01  5.12401243e-01  6.02894058e-01  9.62629208e-01  3.85272562e-01  6.19033952e-01
8.88348741e-01  4.94496961e-01  6.29983912e-01  9.58896455e-01  3.64923168e-01  6.47759290e-01
9.02463716e-01  4.71277596e-01  5.97129027e-01  9.64013872e-01  3.54117612e-01  6.17490716e-01
9.01820776e-01  4.74947497e-01  5.96929651e-01  9.64175754e-01  3.52671326e-01  6.16793253e-01
9.02334134e-01  4.66429435e-01  6.00716649e-01  9.63688478e-01  3.46179237e-01  6.21446146e-01
8.88441830e-01  4.91004381e-01  6.31935330e-01  9.58708881e-01  3.60575177e-01  6.49985711e-01
8.85509208e-01  4.84507509e-01  6.46111658e-01  9.56950856e-01  3.47199028e-01  6.64407419e-01
8.89095530e-01  4.74682602e-01  6.40312278e-01  9.57749312e-01  3.45331105e-01  6.59727531e-01
9.00402820e-01  4.73330427e-01  6.02794355e-01  9.63198412e-01  3.53449700e-01  6.22876656e-01
8.24265604e-01  5.25676422e-01  8.27650575e-01  9.30004117e-01  3.47499721e-01  8.37636351e-01
8.99952976e-01  4.77017819e-01  6.01927895e-01  9.63286224e-01  3.56316273e-01  6.21638702e-01
8.96767587e-01  4.99076114e-01  5.98423388e-01  9.63378407e-01  3.77799407e-01  6.15989622e-01
8.89325389e-01  4.77231686e-01  6.37876821e-01  9.58184266e-01  3.44963896e-01  6.57025075e-01
8.90769563e-01  4.74375909e-01  6.34826969e-01  9.58768078e-01  3.40953911e-01  6.54225806e-01
8.91793468e-01  4.72392011e-01  6.32638139e-01  9.59127284e-01  3.39563029e-01  6.52250060e-01
8.88475030e-01  5.23576156e-01  6.10675877e-01  9.61440261e-01  3.89693426e-01  6.25616571e-01
8.92347624e-01  4.67676523e-01  6.33817833e-01  9.58887147e-01  3.38942178e-01  6.53935987e-01
8.89835466e-01  4.65682306e-01  6.43643081e-01  9.57643137e-01  3.31577893e-01  6.63646402e-01
8.90128916e-01  4.67603294e-01  6.41399374e-01  9.57696731e-01  3.39509385e-01  6.61435355e-01
8.95832660e-01  4.88646078e-01  6.08369615e-01  9.62159534e-01  3.64700165e-01  6.26889068e-01
8.95983819e-01  4.55701220e-01  6.29245270e-01  9.59654068e-01  3.32194144e-01  6.50607282e-01
8.83663653e-01  4.96570304e-01  6.44546959e-01  9.56987143e-01  3.57360802e-01  6.61782239e-01
8.89249804e-01  5.22940532e-01  6.08457669e-01  9.61750136e-01  3.90347777e-01  6.23475606e-01
8.86892532e-01  7.88529659e-01  4.44331343e-01  9.74238137e-01  9.15810366e-01  4.20205798e-01
7.99516351e-01  6.43974082e-01  8.34887633e-01  9.23777666e-01  5.06343367e-01  8.40161757e-01
8.91274296e-01  5.15646686e-01  6.06318614e-01  9.62267000e-01  3.82524425e-01  6.22003435e-01
8.90981530e-01  4.77428920e-01  6.32125063e-01  9.59092341e-01  3.44546090e-01  6.51300895e-01
8.87416629e-01  5.04822148e-01  6.26445598e-01  9.59344527e-01  3.72011157e-01  6.43217461e-01
8.96436501e-01  4.69486630e-01  6.18758156e-01  9.61010274e-01  3.44649497e-01  6.38978831e-01
8.82896783e-01  4.98670042e-01  6.45787737e-01  9.56612620e-01  3.62726795e-01  6.62920288e-01
8.93787309e-01  7.06197471e-01  4.74372028e-01  9.79001282e-01  6.18074543e-01  4.59763255e-01
8.93091791e-01  4.72118637e-01  6.28406874e-01  9.59502920e-01  3.46212716e-01  6.48275885e-01
8.98040940e-01  4.73249017e-01  6.10867375e-01  9.62190416e-01  3.47399586e-01  6.30764328e-01
8.94957598e-01  4.74974520e-01  6.20217070e-01  9.60645733e-01  3.50491068e-01  6.39940902e-01
8.80820517e-01  5.09403590e-01  6.45869504e-01  9.56588724e-01  3.67600474e-01  6.61926040e-01
8.90775963e-01  4.76101991e-01  6.33684602e-01  9.58919064e-01  3.42319639e-01  6.52936138e-01
8.93042330e-01  4.85035064e-01  6.20189052e-01  9.60595437e-01  3.56343210e-01  6.38885563e-01
8.92852106e-01  4.81212137e-01  6.23316994e-01  9.60304565e-01  3.49889521e-01  6.42270088e-01
8.85169689e-01  4.95081552e-01  6.40399498e-01  9.57670706e-01  3.55694378e-01  6.57791594e-01
8.89243669e-01  4.82382843e-01  6.34810022e-01  9.58649213e-01  3.47398446e-01  6.53470648e-01
8.93878590e-01  5.01600184e-01  6.06594727e-01  9.62200239e-01  3.76491291e-01  6.23851956e-01
8.87588611e-01  5.15238161e-01  6.19099160e-01  9.60265644e-01  3.82242463e-01  6.34902426e-01
8.90863283e-01  5.06330091e-01  6.13762880e-01  9.61131072e-01  3.77405250e-01  6.30492218e-01
8.94419104e-01  4.74782051e-01  6.22170576e-01  9.60372659e-01  3.49689255e-01  6.41880623e-01
8.99532131e-01  4.86816328e-01  5.96995455e-01  9.63960376e-01  3.63272448e-01  6.15678305e-01
8.60995354e-01  3.53427119e-01  8.14757483e-01  9.35574589e-01  2.12508565e-01  8.33701177e-01
8.91073398e-01  4.99212628e-01  6.17670333e-01  9.60794615e-01  3.67468334e-01  6.34989125e-01
8.86167160e-01  4.98958896e-01  6.34495067e-01  9.58400870e-01  3.61899017e-01  6.51648978e-01
8.95079595e-01  4.73762272e-01  6.20589915e-01  9.60901622e-01  3.42301940e-01  6.40228214e-01
9.02502608e-01  4.62359936e-01  6.02786597e-01  9.63341095e-01  3.44915014e-01  6.23971196e-01
8.73907159e-01  7.37290261e-01  5.21690272e-01  9.66700385e-01  7.34093412e-01  5.11319853e-01
8.94817639e-01  4.71806737e-01  6.22748976e-01  9.60390419e-01  3.45748441e-01  6.42694581e-01
8.81120539e-01  5.88527368e-01  5.93777937e-01  9.61269298e-01  4.92608096e-01  6.02998661e-01
8.81889369e-01  5.04586487e-01  6.45367472e-01  9.56765408e-01  3.63114178e-01  6.61849413e-01
8.91193548e-01  4.63727622e-01  6.40300529e-01  9.58195548e-01  3.29787679e-01  6.60525850e-01
8.89488052e-01  4.89054934e-01  6.29648359e-01  9.59101283e-01  3.58788417e-01  6.47890319e-01
8.98162712e-01  4.76799069e-01  6.08149053e-01  9.62476698e-01  3.52344182e-01  6.27764539e-01
8.87713959e-01  4.97138146e-01  6.30424701e-01  9.58907169e-01  3.64160687e-01  6.47870111e-01
8.87732409e-01  4.89377241e-01  6.35400726e-01  9.58342602e-01  3.55703291e-01  6.53481326e-01
8.89025078e-01  4.79373605e-01  6.37505999e-01  9.58326905e-01  3.43799029e-01  6.56384736e-01
8.96373948e-01  4.71482705e-01  6.17674653e-01  9.61184737e-01  3.45381910e-01  6.37687739e-01
9.01780313e-01  4.68448543e-01  6.01286329e-01  9.63427736e-01  3.51305127e-01  6.21911163e-01
8.95309110e-01  5.04782408e-01  5.99671174e-01  9.63186212e-01  3.80425900e-01  6.16603576e-01
8.93885900e-01  4.70520503e-01  6.26747977e-01  9.60038003e-01  3.38700723e-01  6.46613586e-01
8.92645663e-01  4.93782879e-01  6.15856582e-01  9.60952722e-01  3.68025591e-01  6.33844149e-01
8.97564432e-01  4.70695658e-01  6.14143129e-01  9.61620283e-01  3.47745267e-01  6.34338605e-01
8.84517518e-01  4.91449568e-01  6.44972051e-01  9.56910107e-01  3.55449674e-01  6.62726152e-01
8.92018497e-01  4.63694753e-01  6.37520537e-01  9.58349598e-01  3.36447678e-01  6.57970044e-01
8.98252036e-01  4.66129616e-01  6.14772714e-01  9.61715242e-01  3.40989753e-01  6.35320260e-01
8.83395262e-01  4.97708317e-01  6.44719436e-01  9.56745185e-01  3.63113665e-01  6.61979205e-01
8.94335640e-01  4.92036343e-01  6.11251945e-01  9.61834734e-01  3.63229544e-01  6.29317918e-01
8.93298169e-01  5.05826190e-01  6.05822003e-01  9.62377193e-01  3.77116270e-01  6.22570189e-01
9.01355602e-01  4.70888175e-01  6.01144669e-01  9.63667050e-01  3.47161408e-01  6.21352294e-01
8.92102969e-01  4.70861675e-01  6.32580723e-01  9.59168174e-01  3.38114786e-01  6.52328849e-01
8.96369241e-01  4.80369081e-01  6.11921324e-01  9.61983695e-01  3.51703560e-01  6.31076480e-01
8.96047026e-01  4.62835072e-01  6.24399112e-01  9.60316823e-01  3.37352451e-01  6.45143239e-01
8.84888586e-01  4.93465332e-01  6.42403315e-01  9.57279956e-01  3.56973380e-01  6.59995944e-01
8.85069897e-01  5.07080689e-01  6.32948010e-01  9.58333621e-01  3.72987367e-01  6.49469515e-01
7.85506020e-01  6.95125354e-01  8.49255082e-01  9.22807851e-01  4.87925468e-01  8.50716743e-01
8.99707061e-01  4.74196748e-01  6.04594496e-01  9.63057539e-01  3.50464619e-01  6.24482737e-01
8.85321886e-01  4.84138204e-01  6.46987499e-01  9.56780818e-01  3.47901592e-01  6.65332288e-01
8.96945527e-01  4.71061397e-01  6.16007301e-01  9.61464380e-01  3.44671232e-01  6.36062002e-01
8.93899437e-01  4.99103664e-01  6.08144764e-01  9.62034154e-01  3.73464036e-01  6.25629624e-01
8.88461881e-01  5.06622119e-01  6.21727641e-01  9.59930058e-01  3.76480575e-01  6.38410776e-01
8.88917167e-01  5.14382083e-01  6.15143601e-01  9.60773728e-01  3.84561558e-01  6.31098604e-01
8.92598207e-01  4.80206990e-01  6.24831679e-01  9.59897721e-01  3.53641380e-01  6.43995413e-01
8.99431615e-01  4.75962429e-01  6.04383446e-01  9.62932047e-01  3.55135291e-01  6.24187719e-01
8.98062864e-01  4.65096506e-01  6.16085765e-01  9.61360693e-01  3.44212213e-01  6.36834912e-01
8.56334686e-01  1.99963677e-01  9.30227529e-01  9.21274645e-01  1.30532210e-01  9.44695924e-01
8.88091192e-01  5.09232781e-01  6.21291498e-01  9.60176092e-01  3.73330483e-01  6.37574878e-01
8.86580055e-01  4.87602318e-01  6.40466088e-01  9.57578432e-01  3.54472978e-01  6.58670824e-01
8.46933947e-01  2.79888261e-01  9.10257013e-01  9.22301998e-01  1.87339952e-01  9.24732914e-01
8.94092343e-01  4.70903318e-01  6.25798428e-01  9.60175909e-01  3.39083210e-01  6.45639283e-01
8.86119010e-01  4.87357322e-01  6.42190779e-01  9.57575306e-01  3.47932532e-01  6.60230764e-01
8.93735549e-01  5.02768024e-01  6.06322245e-01  9.62221169e-01  3.77567280e-01  6.23464419e-01
9.60264253e-01  2.87709594e-01  5.20335417e-01  9.76564795e-01  2.49405942e-01  5.62184616e-01
8.83194869e-01  5.05867717e-01  6.40102530e-01  9.57351050e-01  3.69306402e-01  6.56636379e-01
8.89399148e-01  5.03310940e-01  6.20694737e-01  9.60183070e-01  3.72739410e-01  6.37669295e-01
8.88179606e-01  4.73063243e-01  6.44473857e-01  9.57323198e-01  3.39406538e-01  6.63854654e-01
8.89946467e-01  5.22514532e-01  6.06368628e-01  9.62132885e-01  3.88839005e-01  6.21376666e-01
8.92197951e-01  5.03866292e-01  6.10830398e-01  9.61666050e-01  3.74411914e-01  6.27766715e-01
8.99607859e-01  4.75397167e-01  6.04152027e-01  9.63228390e-01  3.48542355e-01  6.23839830e-01
8.88671832e-01  5.03373395e-01  6.23123905e-01  9.59783052e-01  3.73286066e-01  6.40105488e-01
8.86564255e-01  4.86811107e-01  6.41033469e-01  9.57680326e-01  3.49499420e-01  6.59188471e-01
8.90060156e-01  4.68082614e-01  6.41321750e-01  9.57994920e-01  3.32711324e-01  6.61123925e-01
9.02605146e-01  4.68854491e-01  5.98221954e-01  9.63969345e-01  3.49923013e-01  6.18763804e-01
8.91967397e-01  5.17458386e-01  6.02788804e-01  9.62491950e-01  3.91412827e-01  6.18468376e-01
8.94172195e-01  4.63231719e-01  6.30507876e-01  9.59324091e-01  3.38786243e-01  6.51171027e-01
8.85370951e-01  4.96480817e-01  6.38807559e-01  9.57643346e-01  3.62992344e-01  6.56248781e-01
8.98092936e-01  4.71162874e-01  6.12045230e-01  9.62138008e-01  3.43271889e-01  6.32072193e-01
8.52161613e-01  5.05457044e-01  7.46047133e-01  9.40735945e-01  3.81035910e-01  7.60927110e-01
8.97545344e-01  4.91277183e-01  6.00845766e-01  9.63364231e-01  3.65224961e-01  6.19041054e-01
8.99344406e-01  4.63905906e-01  6.12507089e-01  9.62012457e-01  3.41286723e-01  6.33344614e-01
8.94359186e-01  4.75574612e-01  6.21859496e-01  9.60469246e-01  3.48861959e-01  6.41456093e-01
8.88961385e-01  4.99644835e-01  6.24561444e-01  9.59847444e-01  3.64578104e-01  6.41742828e-01
8.95701058e-01  4.98219817e-01  6.02600903e-01  9.62853203e-01  3.74238554e-01  6.20195567e-01
8.88614742e-01  4.88936086e-01  6.32691016e-01  9.58734710e-01  3.56178165e-01  6.50855334e-01
8.94883275e-01  4.61043755e-01  6.29513821e-01  9.59629092e-01  3.34121245e-01  6.50313710e-01
8.93913892e-01  5.01329076e-01  6.06650893e-01  9.62312397e-01  3.73423505e-01  6.23855086e-01
8.85276976e-01  5.16018348e-01  6.26442229e-01  9.59331279e-01  3.77381838e-01  6.42037924e-01
8.95365093e-01  4.86107871e-01  6.11605265e-01  9.61987601e-01  3.55438758e-01  6.30172012e-01
8.80957957e-01  5.09076885e-01  6.45614909e-01  9.56626970e-01  3.67490307e-01  6.61706744e-01
8.92787683e-01  5.17099719e-01  6.00236313e-01  9.63133374e-01  3.85430385e-01  6.15764109e-01
8.85859922e-01  4.81279896e-01  6.47016246e-01  9.56919482e-01  3.43191026e-01  6.65552243e-01
8.89390899e-01  5.05180465e-01  6.19509000e-01  9.60374545e-01  3.73432761e-01  6.36278323e-01
8.99610302e-01  4.75718755e-01  6.03934877e-01  9.62949733e-01  3.56290286e-01  6.23802384e-01
8.94579830e-01  5.04925115e-01  6.02054938e-01  9.62981805e-01  3.76364405e-01  6.18870466e-01
9.39523038e-01  3.29105661e-01  5.63888859e-01  9.70067981e-01  2.66321896e-01  5.99859024e-01
8.87339643e-01  4.76692369e-01  6.44969931e-01  9.57150138e-01  3.43311460e-01  6.64044928e-01
9.00226204e-01  4.76237151e-01  6.01506955e-01  9.63414368e-01  3.54431224e-01  6.21260869e-01
8.86580839e-01  4.95014598e-01  6.35651154e-01  9.58384418e-01  3.56194788e-01  6.53097483e-01
8.84298456e-01  5.15607605e-01  6.30031618e-01  9.58749465e-01  3.77718623e-01  6.45689200e-01
8.99178329e-01  4.72541849e-01  6.07464298e-01  9.62650750e-01  3.48737821e-01  6.27497613e-01
8.93908697e-01  4.97179689e-01  6.09362471e-01  9.62056395e-01  3.67396198e-01  6.26915632e-01
8.89620958e-01  4.74072954e-01  6.38923953e-01  9.58166933e-01  3.40085284e-01  6.58284842e-01
8.85727018e-01  4.82274181e-01  6.46821953e-01  9.56698355e-01  3.49755084e-01  6.65424648e-01
8.96005378e-01  4.87694092e-01  6.08401220e-01  9.62318136e-01  3.60280804e-01  6.26912622e-01
8.90205466e-01  5.16771296e-01  6.09217850e-01  9.61767463e-01  3.84118957e-01  6.24831022e-01
8.81799629e-01  4.99216580e-01  6.49158577e-01  9.56383748e-01  3.55809038e-01  6.66016541e-01
8.80513189e-01  5.09973635e-01  6.46543016e-01  9.56538131e-01  3.66528016e-01  6.62502940e-01
8.84523125e-01  5.00988815e-01  6.38759742e-01  9.57571109e-01  3.66897039e-01  6.55792636e-01
8.83301068e-01  5.05750489e-01  6.39818065e-01  9.57561165e-01  3.65199609e-01  6.56256041e-01
8.97533437e-01  4.93953844e-01  5.99148428e-01  9.63594304e-01  3.67360307e-01  6.17063086e-01
8.89212759e-01  4.71338152e-01  6.42085576e-01  9.57647500e-01  3.39722598e-01  6.61700824e-01
8.91317423e-01  5.10632317e-01  6.09427646e-01  9.61805885e-01  3.79509003e-01  6.25670037e-01
8.88991614e-01  4.89988404e-01  6.30728110e-01  9.59131991e-01  3.54365873e-01  6.48734668e-01
8.97756561e-01  4.92357720e-01  5.99426981e-01  9.63354479e-01  3.71369121e-01  6.17656998e-01
8.62013140e-01  5.80812816e-01  6.63669343e-01  9.51974507e-01  4.45159898e-01  6.73767740e-01
8.95377062e-01  4.55284626e-01  6.31576081e-01  9.59304370e-01  3.31808829e-01  6.52940255e-01
8.94346520e-01  5.08262998e-01  6.00680127e-01  9.63184080e-01  3.78283675e-01  6.17121613e-01
8.86044108e-01  4.99017081e-01  6.34875161e-01  9.58438754e-01  3.59558991e-01  6.51957004e-01
8.92835623e-01  4.95462182e-01  6.14121346e-01  9.61442423e-01  3.63458574e-01  6.31779470e-01
8.88785508e-01  4.94841736e-01  6.28277016e-01  9.59401323e-01  3.59222030e-01  6.45864380e-01
