7.98401946e-01  4.96232437e-01  9.34303971e-01  9.16350867e-01  2.80995354e-01  9.40325299e-01
8.12160629e-01  8.36999863e-01  6.66329897e-01  9.49725231e-01  6.03914094e-01  6.50296402e-01
8.84068335e-01  3.02932879e-01  7.68890959e-01  9.41126521e-01  2.23866076e-01  7.94911424e-01
9.26353501e-01  3.43726134e-01  5.99115959e-01  9.66446691e-01  2.31402010e-01  6.31300104e-01
7.78824298e-01  5.87587882e-01  9.41471255e-01  9.09753266e-01  4.34722621e-01  9.46435314e-01
8.02560018e-01  3.89262807e-01  9.89639485e-01  9.07984950e-01  2.73422699e-01  9.95752587e-01
8.15360286e-01  8.73096473e-01  6.32028505e-01  9.51950587e-01  7.09972844e-01  6.11056950e-01
8.53561062e-01  2.40328038e-01  9.13140086e-01  9.22584161e-01  1.61587659e-01  9.28470804e-01
9.65363441e-01  4.14843235e-01  4.20483515e-01  9.88999106e-01  4.05214200e-01  4.45773898e-01
8.18254718e-01  8.10492172e-01  6.62845956e-01  9.50584986e-01  5.84400501e-01  6.49377997e-01
9.88028291e-01  3.05806684e-01  4.14014847e-01  9.92105174e-01  2.85448686e-01  4.53539322e-01
8.16593641e-01  5.31365285e-01  8.50010744e-01  9.27584569e-01  3.25094722e-01  8.58425973e-01
7.41807133e-01  7.44955728e-01  9.65004416e-01  9.05068974e-01  4.84122364e-01  9.64840783e-01
8.41794374e-01  8.06849768e-01  5.85574181e-01  9.60783003e-01  6.54590671e-01  5.67979536e-01
8.36411789e-01  3.02514894e-01  9.31002061e-01  9.19506638e-01  1.84680280e-01  9.42767324e-01
8.67920291e-01  8.32346586e-01  4.80009172e-01  9.75830452e-01  7.56200355e-01  4.47057997e-01
9.58142392e-01  4.95670081e-01  3.92231291e-01  9.92111285e-01  4.98618036e-01  4.03312119e-01
9.68748164e-01  3.70138207e-01  4.37716105e-01  9.86389499e-01  3.69518873e-01  4.70394196e-01
8.42393948e-01  6.30916034e-01  6.97463261e-01  9.43605850e-01  5.38817463e-01  7.04860314e-01
9.63703225e-01  2.66237859e-01  5.22300521e-01  9.77181310e-01  2.14562986e-01  5.65918793e-01
7.97504502e-01  8.57147742e-01  7.03315170e-01  9.43548599e-01  6.14501504e-01  6.87924294e-01
8.83837560e-01  7.65046573e-01  4.69652807e-01  9.70799637e-01  8.69809104e-01  4.52567175e-01
8.55115960e-01  2.24323923e-01  9.18251311e-01  9.22433019e-01  1.44855104e-01  9.33379641e-01
8.45374992e-01  8.78630403e-01  5.26515390e-01  9.66572437e-01  8.07448873e-01  4.94353342e-01
7.45791877e-01  7.82388460e-01  9.27167765e-01  9.11602118e-01  4.77022073e-01  9.24620611e-01
9.36779709e-01  3.74363427e-01  5.43821673e-01  9.72257787e-01  3.09819955e-01  5.75576935e-01
7.72403667e-01  7.30414521e-01  8.70540536e-01  9.20667555e-01  4.64205129e-01  8.69509274e-01
8.46859785e-01  8.53725410e-01  5.37642547e-01  9.64451574e-01  7.93871520e-01  5.11148692e-01
8.91554886e-01  2.72296879e-01  7.63358785e-01  9.42537083e-01  1.99905089e-01  7.91508310e-01
8.62402258e-01  7.88142064e-01  5.27444467e-01  9.64654251e-01  7.89354231e-01  5.10912716e-01
8.81648570e-01  3.93161023e-01  7.18824686e-01  9.47018224e-01  2.88883652e-01  7.42341653e-01
8.53823692e-01  3.65769301e-01  8.30800819e-01  9.33358798e-01  2.10528063e-01  8.47859168e-01
8.90943492e-01  3.83781946e-01  6.93350623e-01  9.49940689e-01  3.06696023e-01  7.19408935e-01
8.83187770e-01  5.81221779e-01  5.91501737e-01  9.63555590e-01  4.42438626e-01  6.00151019e-01
1.00064770e+00  2.87424730e-01  3.83099159e-01  9.96757045e-01  2.83019119e-01  4.24284167e-01
8.87471901e-01  2.29270045e-01  8.05159719e-01  9.37565486e-01  1.64650633e-01  8.31687159e-01
8.77553925e-01  8.25904248e-01  4.51777153e-01  9.76805183e-01  8.52482404e-01  4.18656001e-01
8.33696902e-01  5.73583506e-01  7.64519082e-01  9.39354455e-01  3.67666854e-01  7.72932950e-01
8.38275382e-01  3.68303789e-01  8.82253476e-01  9.24646034e-01  2.44761775e-01  8.96182585e-01
7.96805723e-01  5.47865811e-01  9.06495621e-01  9.17385730e-01  3.71049647e-01  9.13002475e-01
7.87309327e-01  7.36329340e-01  8.16377964e-01  9.25735928e-01  5.55562957e-01  8.16016572e-01
7.74794788e-01  7.02881147e-01  8.80594252e-01  9.18222694e-01  4.81700524e-01  8.81583039e-01
7.78393580e-01  8.33918544e-01  7.82996241e-01  9.30728187e-01  5.94324780e-01  7.74363311e-01
8.91898347e-01  7.65723503e-01  4.42140410e-01  9.81464336e-01  7.39619351e-01  4.15354335e-01
7.97199936e-01  7.06636317e-01  8.02070436e-01  9.30716822e-01  4.78917570e-01  8.02124519e-01
8.88089808e-01  5.77074408e-01  5.77548166e-01  9.62456877e-01  5.21179739e-01  5.88657077e-01
9.69906580e-01  2.45463388e-01  5.14723735e-01  9.78246973e-01  2.06206050e-01  5.61053409e-01
8.62143714e-01  7.68351149e-01  5.41171097e-01  9.62117462e-01  7.80618163e-01  5.29235136e-01
9.26479125e-01  2.45230184e-01  6.62338110e-01  9.57031252e-01  1.91764241e-01  7.00487918e-01
9.90095458e-01  2.99458111e-01  4.11117268e-01  9.92007671e-01  2.94846225e-01  4.51951960e-01
9.54026035e-01  2.92265683e-01  5.38262389e-01  9.74546118e-01  2.32472563e-01  5.78598809e-01
7.69242451e-01  5.76265276e-01  9.81365531e-01  9.07192150e-01  3.44422322e-01  9.84119139e-01
7.96962162e-01  8.86205271e-01  6.85993191e-01  9.44504331e-01  6.73809759e-01  6.67316286e-01
9.50271877e-01  3.01675106e-01  5.45198882e-01  9.74271077e-01  2.20217671e-01  5.83763840e-01
8.61529969e-01  2.67495680e-01  8.68437854e-01  9.29101699e-01  1.60946498e-01  8.86830163e-01
7.63371564e-01  7.28375795e-01  9.02536759e-01  9.15406531e-01  4.69121075e-01  9.02086324e-01
8.32087694e-01  5.07927322e-01  8.12611749e-01  9.32805959e-01  3.29377361e-01  8.23937505e-01
9.34323579e-01  2.64185356e-01  6.23692333e-01  9.62576050e-01  2.03137930e-01  6.62773083e-01
8.00375835e-01  8.40731561e-01  7.03925388e-01  9.43572787e-01  6.02057460e-01  6.90182856e-01
7.93753795e-01  4.62738125e-01  9.72135277e-01  9.10764726e-01  2.77951222e-01  9.77377889e-01
7.34431746e-01  7.45290332e-01  9.89834962e-01  9.02316166e-01  4.54296585e-01  9.89515020e-01
8.55362872e-01  3.93740924e-01  8.07709980e-01  9.35567397e-01  2.48544709e-01  8.25262694e-01
9.26979500e-01  3.52677876e-01  5.91178147e-01  9.65555890e-01  2.86285739e-01  6.24089995e-01
7.96438128e-01  4.45559935e-01  9.73875067e-01  9.09766323e-01  2.92642645e-01  9.79804558e-01
7.66434868e-01  7.36157312e-01  8.87080901e-01  9.16619942e-01  5.01606049e-01  8.86657182e-01
8.67252971e-01  6.66622448e-01  5.90164987e-01  9.57673656e-01  6.33859011e-01  5.92797520e-01
7.90783027e-01  4.64269238e-01  9.81230702e-01  9.10280493e-01  2.56214789e-01  9.85600798e-01
9.22365128e-01  4.89089745e-01  5.17987474e-01  9.76573929e-01  3.63392161e-01  5.34772978e-01
8.40209211e-01  7.50894768e-01  6.27283971e-01  9.50421290e-01  7.04882941e-01  6.22577319e-01
9.14838913e-01  2.74216542e-01  6.83045678e-01  9.53821844e-01  2.07303452e-01  7.17408059e-01
9.00699399e-01  2.01834856e-01  7.78053973e-01  9.41997508e-01  1.42367881e-01  8.08515013e-01
8.65032749e-01  7.32295984e-01  5.54769079e-01  9.60859517e-01  7.33508021e-01  5.48392522e-01
9.30250807e-01  2.97431483e-01  6.15640416e-01  9.64688948e-01  1.92065638e-01  6.51315911e-01
8.42872754e-01  8.06631262e-01  5.81756011e-01  9.57782915e-01  7.40296704e-01  5.66521069e-01
8.69690752e-01  2.66170196e-01  8.41584319e-01  9.31777718e-01  1.89079755e-01  8.63047227e-01
7.94520630e-01  8.50315611e-01  7.17585749e-01  9.40764348e-01  6.19284087e-01  7.04134670e-01
8.14823934e-01  5.92561762e-01  8.16286629e-01  9.30502525e-01  3.95958121e-01  8.23031119e-01
9.48752956e-01  4.96273862e-01  4.24019069e-01  9.87798242e-01  4.73577235e-01  4.37378446e-01
9.56886460e-01  3.49236843e-01  4.91860499e-01  9.81623492e-01  2.66513494e-01  5.25720908e-01
8.45403184e-01  7.52503919e-01  6.08305913e-01  9.59590947e-01  5.58200397e-01  5.97800834e-01
8.18455607e-01  4.00720072e-01  9.28217180e-01  9.18602809e-01  2.32153491e-01  9.37385246e-01
7.96967389e-01  7.04449452e-01  8.03981094e-01  9.27262476e-01  5.54663081e-01  8.05923890e-01
8.80630730e-01  8.07358727e-01  4.53369838e-01  9.77622090e-01  8.12427194e-01  4.22848589e-01
9.14210339e-01  6.75024457e-01  4.24964351e-01  9.79859922e-01  7.79871302e-01  4.15648638e-01
8.24152514e-01  4.06721662e-01  9.05270025e-01  9.20023724e-01  2.83976377e-01  9.16588579e-01
8.20441522e-01  3.70427932e-01  9.41142015e-01  9.17440709e-01  2.09643629e-01  9.50136849e-01
7.68641544e-01  5.90275472e-01  9.74307806e-01  9.04975864e-01  4.29672124e-01  9.78258285e-01
9.19180868e-01  4.22614690e-01  5.72254363e-01  9.66713533e-01  3.61187797e-01  5.99032252e-01
7.66847771e-01  6.03519260e-01  9.72099506e-01  9.08740300e-01  3.46415455e-01  9.74238936e-01
7.91168005e-01  5.53464801e-01  9.22005874e-01  9.14630956e-01  3.82556771e-01  9.27957254e-01
8.48596678e-01  4.17005352e-01  8.15284942e-01  9.34649081e-01  2.47521591e-01  8.30875703e-01
8.83931851e-01  6.80362115e-01  5.24311931e-01  9.66498136e-01  6.90979293e-01  5.22251187e-01
8.62033111e-01  3.79078382e-01  7.94578001e-01  9.36087791e-01  2.79662298e-01  8.14599362e-01
7.49825171e-01  7.25351076e-01  9.50504816e-01  9.08893060e-01  4.42278659e-01  9.50172024e-01
8.05197137e-01  7.40078688e-01  7.53199876e-01  9.36585482e-01  5.37461410e-01  7.50710483e-01
8.14158651e-01  6.41276763e-01  7.86916291e-01  9.32956963e-01  4.62094865e-01  7.91721420e-01
8.92194598e-01  2.50870162e-01  7.75098111e-01  9.41717766e-01  1.72722703e-01  8.03161810e-01
8.88162390e-01  2.11956466e-01  8.14056249e-01  9.36976246e-01  1.43971239e-01  8.40334326e-01
9.27807522e-01  3.64860861e-01  5.80159274e-01  9.66310768e-01  3.12131216e-01  6.12648476e-01
9.14744404e-01  4.71806324e-01  5.55382599e-01  9.69779789e-01  3.75513650e-01  5.75998738e-01
8.12012897e-01  3.70022706e-01  9.70029939e-01  9.13319666e-01  2.08037897e-01  9.76940006e-01
8.83270431e-01  6.89492530e-01  5.20927767e-01  9.67131914e-01  6.97131126e-01  5.17255285e-01
8.69889908e-01  5.46071996e-01  6.59477151e-01  9.52556803e-01  4.32206808e-01  6.73083780e-01
9.49100305e-01  5.22041497e-01  4.05813335e-01  9.90688124e-01  4.95436895e-01  4.13186169e-01
8.05037529e-01  8.83867437e-01  6.60089200e-01  9.49049870e-01  6.69319919e-01  6.39227549e-01
7.80951069e-01  5.47182816e-01  9.60485867e-01  9.11469829e-01  3.12475336e-01  9.64211595e-01
7.57472576e-01  6.94840833e-01  9.44344199e-01  9.10167491e-01  4.29696675e-01  9.44962541e-01
7.54176511e-01  8.00359214e-01  8.87322935e-01  9.17212276e-01  5.02376389e-01  8.83193864e-01
7.75847044e-01  6.38317689e-01  9.18644571e-01  9.15304499e-01  3.91072035e-01  9.21117206e-01
8.16611949e-01  7.58291006e-01  7.02612210e-01  9.41018247e-01  6.36562853e-01  6.98954741e-01
8.79674044e-01  7.83637688e-01  4.71721287e-01  9.78537273e-01  6.92842091e-01  4.44619135e-01
9.60725570e-01  2.74530941e-01  5.27027249e-01  9.75794607e-01  2.34811417e-01  5.70042938e-01
9.30748123e-01  4.21545033e-01  5.33670964e-01  9.72127639e-01  3.75349902e-01  5.60983080e-01
9.11904965e-01  2.98349044e-01  6.77341207e-01  9.55822646e-01  1.87008805e-01  7.09357128e-01
9.66674679e-01  2.80932729e-01  5.02670516e-01  9.79507962e-01  2.38256150e-01  5.45422187e-01
7.67583089e-01  5.99418826e-01  9.71965469e-01  9.05144344e-01  4.35569862e-01  9.75789310e-01
8.36559277e-01  3.26053055e-01  9.15217120e-01  9.20363757e-01  2.23600136e-01  9.28107605e-01
7.60276933e-01  7.12584461e-01  9.23298922e-01  9.11717471e-01  4.76810658e-01  9.23930741e-01
8.00293549e-01  4.21804268e-01  9.76206670e-01  9.09793464e-01  2.80602930e-01  9.82465307e-01
8.56346912e-01  9.11061919e-01  4.68203273e-01  9.70924225e-01  9.81587583e-01  4.25451513e-01
7.71723296e-01  6.73287607e-01  9.10239259e-01  9.13177826e-01  4.86235309e-01  9.12863870e-01
7.71864327e-01  7.87829237e-01  8.35093260e-01  9.23676437e-01  5.45193906e-01  8.31147354e-01
8.72838950e-01  8.08898347e-01  4.78530398e-01  9.74514861e-01  7.76405573e-01  4.50736323e-01
7.84611894e-01  7.32109511e-01  8.27980338e-01  9.23937517e-01  5.51227557e-01  8.28052696e-01
8.38962147e-01  2.80908969e-01  9.36369757e-01  9.18885840e-01  1.78066301e-01  9.48305281e-01
8.49506820e-01  2.40618631e-01  9.26720302e-01  9.21385053e-01  1.43651046e-01  9.40382901e-01
8.73998050e-01  2.86273379e-01  8.14202992e-01  9.37046951e-01  1.61305373e-01  8.36315882e-01
8.36123840e-01  9.17824179e-01  5.32483242e-01  9.66068094e-01  8.20474549e-01  4.94520378e-01
7.70142412e-01  6.86065890e-01  9.07013970e-01  9.14441036e-01  4.67310306e-01  9.08703602e-01
9.20440377e-01  4.90374902e-01  5.23688768e-01  9.75512380e-01  3.67449088e-01  5.40624367e-01
7.63471093e-01  6.46763767e-01  9.55189851e-01  9.09826608e-01  3.88385265e-01  9.56875186e-01
8.30932475e-01  6.66586631e-01  7.13224419e-01  9.40356085e-01  5.71704933e-01  7.17954692e-01
8.70366690e-01  3.19904046e-01  8.04401460e-01  9.37418235e-01  1.93339716e-01  8.25876575e-01
8.70423076e-01  7.88532946e-01  4.99954938e-01  9.66246437e-01  8.66386697e-01  4.82567443e-01
8.08022300e-01  6.45255002e-01  8.04873199e-01  9.28309944e-01  5.07439468e-01  8.10326063e-01
8.90649372e-01  6.14597633e-01  5.44198761e-01  9.70827098e-01  4.69141720e-01  5.46723508e-01
7.86030582e-01  5.59217589e-01  9.35421067e-01  9.14847821e-01  3.24555360e-01  9.39706903e-01
8.36612484e-01  3.35717808e-01  9.08761578e-01  9.22253686e-01  2.00763921e-01  9.21365796e-01
8.81774085e-01  5.38543523e-01  6.23713081e-01  9.60664882e-01  3.65567028e-01  6.36268603e-01
9.07101730e-01  7.05669637e-01  4.29504329e-01  9.81287639e-01  7.52274721e-01  4.13507762e-01
8.41876896e-01  2.45622194e-01  9.49383360e-01  9.17576711e-01  1.60062625e-01  9.60938703e-01
8.49529832e-01  3.26114787e-01  8.71129450e-01  9.28105147e-01  1.87728902e-01  8.86914314e-01
8.06974926e-01  8.62118960e-01  6.67630122e-01  9.47077688e-01  6.75314720e-01  6.50461678e-01
8.16247682e-01  3.47290700e-01  9.70407660e-01  9.11850975e-01  2.41460892e-01  9.78488122e-01
8.60993933e-01  8.15244950e-01  5.14630602e-01  9.65443157e-01  8.41876384e-01  4.93488622e-01
8.39291945e-01  7.41289915e-01  6.36337164e-01  9.50127985e-01  6.68900195e-01  6.32413587e-01
8.59823097e-01  2.03955840e-01  9.15490597e-01  9.22906781e-01  1.39614861e-01  9.31575604e-01
9.25054431e-01  5.65818977e-01  4.59338863e-01  9.83052078e-01  4.89779186e-01  4.63995652e-01
7.89398062e-01  4.58690914e-01  9.89555193e-01  9.06299038e-01  3.25661891e-01  9.94779457e-01
8.48893261e-01  3.47870426e-01  8.59462519e-01  9.28120692e-01  2.36119520e-01  8.75937351e-01
7.74139118e-01  7.92217949e-01  8.24519327e-01  9.26296009e-01  5.23513072e-01  8.19455080e-01
9.63253574e-01  3.12019591e-01  4.94105148e-01  9.81984896e-01  2.27141727e-01  5.32157078e-01
7.40222127e-01  7.96935829e-01  9.36637125e-01  9.09861094e-01  4.85340845e-01  9.33825745e-01
7.70384584e-01  6.17209661e-01  9.50899691e-01  9.08467581e-01  4.35285740e-01  9.54546815e-01
8.39790057e-01  8.18734395e-01  5.84366041e-01  9.57258248e-01  7.49132091e-01  5.67804987e-01
8.87322506e-01  7.58060883e-01  4.62355250e-01  9.79404394e-01  6.93855126e-01  4.38820776e-01
8.55356151e-01  9.06561472e-01  4.74489464e-01  9.72223877e-01  9.20166282e-01  4.31579173e-01
8.45038656e-01  4.92808309e-01  7.78448653e-01  9.38663090e-01  3.07116039e-01  7.91622441e-01
7.86281910e-01  6.02329047e-01  9.06573783e-01  9.15408781e-01  4.28564382e-01  9.11620979e-01
9.53764892e-01  3.05013279e-01  5.31170893e-01  9.76648973e-01  2.16122255e-01  5.69481174e-01
9.36115576e-01  2.40822506e-01  6.32477573e-01  9.61340205e-01  1.90676441e-01  6.73115062e-01
9.51998652e-01  4.69655699e-01  4.29981624e-01  9.88583429e-01  4.11592747e-01  4.46421209e-01
8.88660382e-01  1.90313059e-01  8.26715133e-01  9.35422430e-01  1.35762628e-01  8.52746487e-01
9.37871929e-01  4.10613091e-01  5.16578677e-01  9.74341830e-01  3.81054321e-01  5.45442838e-01
8.79801969e-01  7.65705925e-01  4.83226048e-01  9.75317293e-01  7.08953412e-01  4.61988201e-01
8.12794695e-01  4.79742901e-01  8.96132286e-01  9.22155538e-01  2.75035897e-01  9.04507806e-01
8.01440761e-01  8.43692327e-01  6.98386734e-01  9.44031800e-01  6.14778630e-01  6.84244567e-01
9.09013642e-01  3.10455713e-01  6.79299206e-01  9.55524484e-01  1.91652225e-01  7.10175679e-01
8.74256076e-01  3.16837370e-01  7.93184743e-01  9.39068692e-01  1.91689050e-01  8.15682330e-01
8.97722911e-01  2.50529874e-01  7.56843388e-01  9.43893588e-01  1.85242197e-01  7.86778833e-01
8.08581395e-01  5.76556055e-01  8.47878554e-01  9.27578497e-01  3.44147622e-01  8.53978940e-01
8.29652408e-01  2.53057812e-01  9.86071989e-01  9.12273116e-01  1.64314229e-01  9.93945620e-01
9.40433294e-01  3.89422812e-01  5.21341382e-01  9.76992158e-01  2.86056749e-01  5.50299135e-01
7.69893106e-01  7.03323653e-01  8.96953442e-01  9.16800278e-01  4.53115995e-01  8.97433985e-01
8.48772208e-01  6.31390527e-01  6.75794931e-01  9.50458595e-01  4.56917783e-01  6.80719422e-01
8.03930195e-01  5.15745523e-01  9.02859888e-01  9.20578218e-01  2.96185581e-01  9.09642171e-01
8.04484579e-01  5.12217149e-01  9.03268081e-01  9.20442714e-01  2.97415931e-01  9.10221357e-01
8.80184113e-01  8.05716040e-01  4.55953033e-01  9.79837313e-01  7.48360341e-01  4.23728609e-01
8.18244570e-01  8.64357522e-01  6.27908053e-01  9.52924369e-01  6.98833814e-01  6.07435703e-01
7.75721104e-01  8.69261138e-01  7.69125130e-01  9.32857938e-01  6.10832829e-01  7.56820509e-01
8.59389153e-01  8.74618925e-01  4.81532655e-01  9.68607113e-01  9.50000562e-01  4.47745255e-01
8.07598032e-01  6.43451493e-01  8.07783091e-01  9.29401554e-01  4.70564591e-01  8.12524820e-01
9.47162735e-01  4.11537120e-01  4.84133646e-01  9.79280703e-01  3.84987694e-01  5.12333012e-01
8.72149730e-01  2.88002189e-01  8.19058795e-01  9.34447190e-01  2.07365079e-01  8.41625012e-01
8.88717394e-01  7.42493899e-01  4.67724758e-01  9.73063123e-01  8.08801497e-01  4.52417476e-01
8.96630488e-01  3.43163804e-01  7.00113504e-01  9.52214503e-01  2.09482803e-01  7.27201225e-01
8.14449870e-01  6.54915356e-01  7.76773823e-01  9.31787557e-01  5.32649278e-01  7.82091816e-01
9.38143379e-01  2.46261481e-01  6.22060890e-01  9.63420950e-01  1.79070532e-01  6.62505882e-01
8.33666336e-01  3.68902248e-01  8.97517184e-01  9.22273431e-01  2.49015753e-01  9.10394520e-01
9.49085968e-01  3.51116624e-01  5.17127174e-01  9.77377929e-01  2.74403771e-01  5.51085382e-01
8.17906890e-01  7.71277463e-01  6.89783844e-01  9.44065882e-01  6.18736925e-01  6.83610307e-01
8.18058918e-01  5.14737752e-01  8.55531730e-01  9.24025758e-01  3.87618553e-01  8.66008235e-01
9.12864827e-01  6.20768775e-01  4.64757433e-01  9.81801569e-01  5.31799940e-01  4.61604283e-01
7.78845118e-01  5.65026043e-01  9.56050408e-01  9.08440437e-01  4.08740247e-01  9.60971052e-01
8.74884641e-01  7.43384942e-01  5.14116681e-01  9.67287305e-01  7.53206662e-01  5.02540406e-01
8.49836928e-01  7.93699035e-01  5.66801515e-01  9.58922984e-01  7.68922780e-01  5.52987548e-01
8.38699479e-01  8.18614961e-01  5.88147501e-01  9.60429652e-01  6.57202541e-01  5.69114054e-01
8.49250811e-01  3.28229134e-01  8.70704068e-01  9.27915809e-01  1.94450561e-01  8.86545774e-01
8.93787309e-01  7.06197471e-01  4.74372028e-01  9.79001282e-01  6.18074543e-01  4.59763255e-01
9.48525705e-01  3.50681443e-01  5.19014680e-01  9.77955649e-01  2.51224949e-01  5.52322102e-01
8.24265604e-01  5.25676422e-01  8.27650575e-01  9.30004117e-01  3.47499721e-01  8.37636351e-01
8.42599044e-01  9.14300140e-01  5.12783319e-01  9.65314905e-01  9.21012234e-01  4.75679371e-01
7.99516351e-01  6.43974082e-01  8.34887633e-01  9.23777666e-01  5.06343367e-01  8.40161757e-01
9.81179783e-01  3.19195625e-01  4.28577026e-01  9.91687773e-01  2.47901612e-01  4.65055636e-01
8.76719604e-01  8.10932562e-01  4.64032682e-01  9.77187052e-01  7.77422935e-01  4.33363094e-01
7.52352919e-01  6.53937261e-01  9.88289318e-01  9.02615090e-01  4.42554463e-01  9.90362985e-01
8.52491577e-01  7.09404434e-01  6.12216679e-01  9.54373841e-01  6.46231705e-01  6.10526478e-01
9.72557739e-01  2.89196903e-01  4.77329030e-01  9.83315474e-01  2.45461069e-01  5.19312464e-01
8.76176276e-01  6.97261499e-01  5.39973721e-01  9.69983555e-01  5.56527438e-01  5.32074399e-01
9.23135129e-01  3.23160553e-01  6.23098650e-01  9.63255225e-01  2.10672647e-01  6.56128025e-01
9.90317048e-01  3.62515306e-01  3.69427382e-01  9.97972959e-01  3.59041215e-01  3.98589479e-01
7.69907994e-01  5.60523616e-01  9.89326498e-01  9.05850726e-01  3.46124015e-01  9.92320041e-01
8.60995354e-01  3.53427119e-01  8.14757483e-01  9.35574589e-01  2.12508565e-01  8.33701177e-01
9.39085056e-01  2.60865318e-01  6.09679605e-01  9.64898504e-01  1.95348829e-01  6.49715454e-01
7.58995996e-01  6.17062671e-01  9.89672252e-01  9.03367469e-01  4.13976279e-01  9.92267347e-01
8.41615285e-01  2.54358582e-01  9.44897184e-01  9.19174355e-01  1.38824347e-01  9.56211039e-01
8.03238269e-01  4.03109456e-01  9.78643098e-01  9.10820507e-01  2.45598176e-01  9.84637814e-01
7.72444505e-01  6.90046795e-01  8.96610862e-01  9.14973053e-01  4.95564540e-01  8.98639781e-01
9.75783970e-01  2.59448770e-01  4.85687173e-01  9.82434709e-01  2.19407208e-01  5.31093938e-01
8.81120539e-01  5.88527368e-01  5.93777937e-01  9.61269298e-01  4.92608096e-01  6.02998661e-01
9.87000024e-01  3.16251979e-01  4.10725192e-01  9.93390948e-01  2.74342103e-01  4.47910011e-01
7.68297160e-01  6.01906291e-01  9.67926394e-01  9.08231810e-01  3.73120693e-01  9.70695487e-01
8.44093999e-01  2.12648482e-01  9.63264736e-01  9.16553504e-01  1.32752357e-01  9.73929998e-01
8.97777506e-01  7.33568957e-01  4.42755199e-01  9.82679867e-01  6.82575370e-01  4.20474595e-01
7.66179497e-01  6.34827124e-01  9.54040254e-01  9.10547322e-01  3.75090311e-01  9.55900334e-01
7.60657487e-01  6.16625018e-01  9.84314615e-01  9.05940726e-01  3.69364127e-01  9.86270982e-01
8.28230558e-01  3.14035799e-01  9.51305318e-01  9.15387247e-01  2.17247807e-01  9.61513710e-01
7.86816897e-01  4.73691688e-01  9.88581334e-01  9.07505233e-01  3.00122665e-01  9.93058278e-01
8.48047215e-01  9.35531815e-01  4.80499444e-01  9.71461751e-01  9.33754606e-01  4.33266612e-01
8.30374680e-01  2.99056319e-01  9.53750966e-01  9.17108543e-01  1.62817338e-01  9.63292089e-01
8.35728184e-01  6.64731192e-01  6.98442818e-01  9.46673848e-01  4.75327309e-01  7.00652798e-01
7.58973915e-01  6.11153738e-01  9.93584609e-01  9.04112912e-01  3.79122747e-01  9.95693723e-01
9.76606668e-01  3.27035158e-01  4.39015525e-01  9.88443971e-01  2.89599402e-01  4.76037251e-01
8.86591283e-01  2.49008163e-01  7.95335337e-01  9.39739469e-01  1.49867320e-01  8.21228038e-01
8.98011534e-01  6.41354706e-01  5.01827700e-01  9.71510922e-01  6.38311011e-01  5.02509904e-01
8.73907159e-01  7.37290261e-01  5.21690272e-01  9.66700385e-01  7.34093412e-01  5.11319853e-01
8.86892532e-01  7.88529659e-01  4.44331343e-01  9.74238137e-01  9.15810366e-01  4.20205798e-01
8.47655355e-01  4.55359130e-01  7.93876943e-01  9.36540128e-01  2.91732840e-01  8.08856953e-01
7.91928572e-01  7.08694091e-01  8.18336361e-01  9.25006227e-01  5.55843971e-01  8.20113115e-01
8.38101213e-01  2.23514439e-01  9.76562123e-01  9.15131380e-01  1.22721905e-01  9.85410703e-01
8.06097954e-01  8.61796005e-01  6.70817953e-01  9.47221986e-01  6.58497259e-01  6.53495973e-01
7.47696568e-01  7.83705356e-01  9.19844330e-01  9.12601926e-01  4.81570535e-01  9.17138716e-01
7.73979539e-01  6.36346449e-01  9.26266877e-01  9.14744152e-01  3.75198839e-01  9.28447602e-01
7.85506020e-01  6.95125354e-01  8.49255082e-01  9.22807851e-01  4.87925468e-01  8.50716743e-01
7.88076189e-01  5.39033336e-01  9.41578286e-01  9.11015580e-01  3.95025298e-01  9.47687867e-01
8.82745533e-01  7.93542377e-01  4.54860919e-01  9.74274693e-01  8.71827423e-01  4.29810413e-01
7.85404558e-01  4.87538804e-01  9.84088731e-01  9.07532535e-01  3.15627986e-01  9.88716226e-01
9.74906491e-01  3.95650090e-01  4.00242787e-01  9.94042280e-01  3.51783980e-01  4.25501039e-01
8.75978719e-01  7.18415750e-01  5.26612223e-01  9.65483853e-01  7.29151614e-01  5.19767417e-01
8.47602228e-01  8.08825895e-01  5.64569636e-01  9.63599645e-01  6.75183318e-01  5.45071166e-01
8.49666525e-01  9.03720527e-01  4.95653719e-01  9.70542280e-01  8.64787853e-01  4.55399470e-01
8.51187347e-01  2.82157245e-01  8.94339075e-01  9.24648391e-01  1.85473107e-01  9.10126958e-01
8.41517049e-01  9.44011033e-01  4.97168272e-01  9.67635377e-01  9.56218047e-01  4.52512048e-01
8.56334686e-01  1.99963677e-01  9.30227529e-01  9.21274645e-01  1.30532210e-01  9.44695924e-01
7.94769014e-01  6.01831834e-01  8.78074058e-01  9.18599753e-01  4.57637251e-01  8.84314762e-01
9.65816050e-01  4.64582171e-01  3.86358011e-01  9.95974407e-01  4.10176104e-01  3.99364848e-01
8.46933947e-01  2.79888261e-01  9.10257013e-01  9.22301998e-01  1.87339952e-01  9.24732914e-01
7.84723002e-01  5.57327580e-01  9.41385961e-01  9.13010162e-01  3.50161613e-01  9.45977567e-01
9.39349259e-01  4.75587466e-01  4.69082000e-01  9.79299250e-01  4.80754864e-01  4.89666817e-01
9.60264253e-01  2.87709594e-01  5.20335417e-01  9.76564795e-01  2.49405942e-01  5.62184616e-01
9.01874549e-01  5.20235056e-01  5.67642814e-01  9.69029062e-01  3.71513934e-01  5.81754022e-01
8.54728435e-01  8.74681813e-01  4.97615753e-01  9.70784682e-01  8.31417065e-01  4.62218148e-01
8.61209107e-01  2.24510128e-01  8.97437763e-01  9.25523873e-01  1.40463678e-01  9.14594454e-01
8.52161613e-01  5.05457044e-01  7.46047133e-01  9.40735945e-01  3.81035910e-01  7.60927110e-01
8.68014777e-01  7.33859268e-01  5.43926885e-01  9.69461415e-01  5.74903183e-01  5.31095938e-01
8.92995246e-01  6.44448914e-01  5.16852102e-01  9.68968934e-01  6.40293871e-01  5.18342006e-01
8.82042797e-01  7.66368131e-01  4.74889658e-01  9.77006365e-01  7.02946860e-01  4.52056075e-01
8.23739524e-01  9.05836205e-01  5.82318913e-01  9.57322714e-01  8.07876965e-01  5.53560769e-01
9.35316578e-01  3.11371491e-01  5.89388174e-01  9.66128196e-01  2.58455611e-01  6.26456564e-01
8.62193349e-01  8.38967206e-01  4.95157213e-01  9.72484416e-01  7.74536408e-01  4.64195329e-01
7.95702643e-01  4.23213633e-01  9.91181187e-01  9.08706684e-01  2.54782184e-01  9.96029798e-01
8.94666180e-01  4.40309533e-01  6.44009483e-01  9.55850189e-01  3.65496410e-01  6.67673112e-01
8.19886585e-01  4.57990867e-01  8.86171597e-01  9.23812327e-01  2.66343128e-01  8.95930905e-01
8.38111451e-01  4.10896065e-01  8.54858554e-01  9.29114886e-01  2.39170620e-01  8.68327841e-01
7.95850256e-01  8.35920978e-01  7.22416405e-01  9.40248877e-01  6.06154451e-01  7.10531155e-01
8.53315694e-01  7.11755727e-01  6.07891707e-01  9.54978954e-01  6.50049981e-01  6.05747558e-01
8.03636734e-01  7.88625212e-01  7.26682562e-01  9.41482739e-01  5.39089809e-01  7.18409540e-01
7.70176487e-01  6.35917826e-01  9.39756983e-01  9.10558157e-01  4.30678678e-01  9.42742530e-01
8.12340913e-01  4.03376440e-01  9.47555871e-01  9.15433413e-01  2.43598153e-01  9.55529659e-01
7.98513088e-01  6.57473531e-01  8.29232214e-01  9.24441434e-01  5.13107813e-01  8.33796724e-01
9.62411108e-01  4.75193463e-01  3.91030501e-01  9.93511556e-01  4.56196336e-01  4.04321420e-01
9.39523038e-01  3.29105661e-01  5.63888859e-01  9.70067981e-01  2.66321896e-01  5.99859024e-01
7.71195456e-01  8.35279736e-01  8.06556758e-01  9.28021701e-01  5.66388588e-01  7.98294917e-01
7.71039414e-01  7.48604087e-01  8.63362215e-01  9.19206309e-01  5.33799058e-01  8.62493233e-01
7.79196947e-01  5.64388791e-01  9.55270493e-01  9.11060909e-01  3.45171781e-01  9.59135255e-01
8.29067345e-01  8.94546089e-01  5.71557251e-01  9.58511321e-01  8.18039402e-01  5.43546904e-01
9.02810319e-01  4.91440112e-01  5.82862282e-01  9.67293589e-01  3.38525474e-01  6.00132379e-01
8.34991873e-01  9.75095081e-01  4.99144764e-01  9.68263322e-01  9.56192879e-01  4.48491674e-01
8.24754906e-01  9.23073213e-01  5.67680252e-01  9.60044335e-01  8.15850308e-01  5.34232765e-01
8.98524308e-01  5.27278413e-01  5.74445469e-01  9.63676451e-01  4.78218067e-01  5.90952165e-01
9.62979209e-01  4.66101415e-01  3.95301741e-01  9.92649331e-01  4.54516107e-01  4.10761662e-01
9.77993144e-01  2.40054617e-01  4.90776745e-01  9.81335424e-01  2.16788271e-01  5.38759058e-01
8.45123502e-01  7.67734140e-01  5.99366333e-01  9.54317063e-01  7.30011699e-01  5.91165350e-01
9.10158401e-01  6.67446528e-01  4.43643025e-01  9.82962317e-01  6.23972273e-01  4.32460916e-01
8.62013140e-01  5.80812816e-01  6.63669343e-01  9.51974507e-01  4.45159898e-01  6.73767740e-01
8.86831660e-01  7.07089942e-01  4.97113090e-01  9.70931059e-01  7.13239538e-01  4.88586878e-01
8.47796264e-01  4.40948202e-01  8.02754296e-01  9.33901102e-01  3.20817231e-01  8.18930821e-01
8.07927527e-01  4.21776463e-01  9.50298303e-01  9.12811770e-01  3.00222124e-01  9.58491831e-01
8.67468865e-01  7.53683470e-01  5.32612383e-01  9.69774718e-01  6.24265359e-01  5.16949104e-01
8.61168750e-01  8.25317900e-01  5.07497390e-01  9.66536749e-01  8.52840788e-01  4.83895204e-01
