4.82177015e-01  5.14451082e-01  4.94828977e-01
4.90391208e-01  4.79908148e-01  5.05099342e-01
5.19318900e-01  5.08413903e-01  4.81256220e-01
5.02913616e-01  4.86116632e-01  5.19004177e-01
5.26311710e-01  4.82942643e-01  4.95118056e-01
4.97690345e-01  4.65816853e-01  4.72632489e-01
5.00956284e-01  4.81856295e-01  4.73227017e-01
5.21907127e-01  4.80676511e-01  4.94424164e-01
4.98867221e-01  5.01570843e-01  5.13863868e-01
5.23427060e-01  5.02991826e-01  4.84272042e-01
4.71893730e-01  5.12368838e-01  5.31464477e-01
7.64025705e-01  7.48562072e-01  8.89441482e-01
4.82740085e-01  4.78853307e-01  4.78619899e-01
5.13294124e-01  4.75063184e-01  4.90280100e-01
5.17518248e-01  5.25917313e-01  4.87722254e-01
4.79114664e-01  5.05452760e-01  4.82223699e-01
4.78550892e-01  4.95541727e-01  5.12073396e-01
3.98550196e-01  8.30408305e-01  4.85518725e-01
4.80852804e-01  4.98577562e-01  5.02798793e-01
5.27449767e-01  5.11420845e-01  4.89984742e-01
5.09330789e-01  4.98740800e-01  4.80384324e-01
4.82849759e-01  4.87612776e-01  4.74745520e-01
5.17438588e-01  4.81172139e-01  5.26402921e-01
5.09029047e-01  4.91280510e-01  4.85881971e-01
5.10327845e-01  5.04458831e-01  4.89555551e-01
5.23677085e-01  4.79885150e-01  4.81500287e-01
5.06112644e-01  5.22661940e-01  4.75546308e-01
4.88743985e-01  4.88844345e-01  4.95941093e-01
4.73347264e-01  5.24455491e-01  4.91635564e-01
4.97024704e-01  4.99804059e-01  5.17072279e-01
5.05613092e-01  5.13383475e-01  5.32914664e-01
8.53923926e-01  9.96677866e-01  4.38231608e-01
4.85121747e-01  4.72220388e-01  5.15407676e-01
5.10948225e-01  5.08072619e-01  5.13865841e-01
5.08271189e-01  5.24256387e-01  4.93339956e-01
5.18622910e-01  4.91743516e-01  5.25622300e-01
5.05418946e-01  5.25024018e-01  5.13093834e-01
4.77018087e-01  4.91345425e-01  4.88023887e-01
7.25241721e-01  6.69291957e-01  2.50779692e-01
5.25658903e-01  4.88613362e-01  4.97321379e-01
5.15276216e-01  5.25143522e-01  4.98402018e-01
5.21602781e-01  4.65690966e-01  5.20884667e-01
4.82863848e-01  5.08515241e-01  5.21271629e-01
5.29760863e-01  5.25274221e-01  5.29071434e-01
5.22685623e-01  4.94661184e-01  4.95661126e-01
5.04799306e-01  4.91754564e-01  4.87579870e-01
4.98254305e-01  4.92098076e-01  5.04267304e-01
5.16896151e-01  5.26195250e-01  5.31265457e-01
4.93506317e-01  4.73944119e-01  4.96709130e-01
5.15875428e-01  4.96748474e-01  4.97053685e-01
4.81085567e-01  5.17853976e-01  5.15523470e-01
4.71338358e-01  4.78884183e-01  5.05065335e-01
5.06890787e-01  4.70842759e-01  5.14891476e-01
5.03142511e-01  4.70182583e-01  4.94268681e-01
4.84910849e-01  5.26082795e-01  4.73981164e-01
5.05177737e-01  5.18116308e-01  5.00005812e-01
5.27620561e-01  5.03717986e-01  5.28250464e-01
5.27876964e-01  4.76652014e-01  4.73559209e-01
5.02702430e-01  5.09393467e-01  5.26022745e-01
5.28464807e-01  4.84631271e-01  4.92122805e-01
4.72431950e-01  5.07629736e-01  5.13787281e-01
5.01557878e-01  5.02013186e-01  5.29762167e-01
4.92733211e-01  5.10305912e-01  5.24190926e-01
5.27617100e-01  4.80461541e-01  4.72175992e-01
4.88165710e-01  4.93941090e-01  4.97903840e-01
5.18748969e-01  5.04568801e-01  5.05648347e-01
5.16654400e-01  4.78655867e-01  4.97848897e-01
3.16257279e-01  3.53341329e-01  4.95675931e-01
5.03605902e-01  5.17349341e-01  5.16989335e-01
4.92978571e-01  4.77090483e-01  4.90580893e-01
4.93945483e-01  4.71550807e-01  5.05514529e-01
4.86299585e-01  4.88982722e-01  4.92423490e-01
5.30782923e-01  4.77479084e-01  4.92677041e-01
5.08838539e-01  5.18697750e-01  5.28443235e-01
4.85559291e-01  4.90045527e-01  4.75911663e-01
5.31067250e-01  5.12061080e-01  5.18564803e-01
5.03729301e-01  4.65687821e-01  4.80477759e-01
4.76409426e-01  5.25833040e-01  5.06781680e-01
4.74734015e-01  4.92744500e-01  5.09927321e-01
4.95544249e-01  5.23272503e-01  4.82062220e-01
4.88650652e-01  4.82860244e-01  5.18720442e-01
4.71347374e-01  4.68114230e-01  5.14168204e-01
4.98232594e-01  5.24809613e-01  5.30173103e-01
4.87659440e-01  5.08801468e-01  4.81259090e-01
5.01794909e-01  5.21710241e-01  4.71158058e-01
4.94359925e-01  4.67882283e-01  5.30073441e-01
4.81461325e-01  5.01192962e-01  4.80552418e-01
5.20065823e-01  5.08022246e-01  4.71600641e-01
4.73508714e-01  4.96469644e-01  5.14751260e-01
5.13771904e-01  4.98602576e-01  4.94388366e-01
4.78618542e-01  4.67829458e-01  5.28409813e-01
4.92545246e-01  5.23947022e-01  4.80169955e-01
5.07859619e-01  5.05612714e-01  5.19262031e-01
4.89430809e-01  9.81121526e-01  6.00620632e-01
5.20592896e-01  4.92335356e-01  5.25784211e-01
4.72632123e-01  4.87068332e-01  4.84569662e-01
8.28496817e-01  6.92787352e-01  7.19248527e-01
9.65052388e-01  8.28842092e-01  3.89639127e-01
5.17392053e-01  4.89069963e-01  4.85704746e-01
5.30009622e-01  2.52180969e-01  9.82456894e-01
4.99764835e-01  4.85020150e-01  4.83603784e-01
5.31652103e-01  5.15061691e-01  4.81938659e-01
5.25088065e-01  4.71648501e-01  5.03547155e-01
5.13899685e-01  5.17390869e-01  4.96854756e-01
5.06949626e-01  4.83484272e-01  4.95824676e-01
5.03362843e-01  4.90099454e-01  5.19699068e-01
5.29135431e-01  4.87910286e-01  4.74811496e-01
5.06239513e-01  5.08483107e-01  5.27630253e-01
4.86134680e-01  4.69658658e-01  5.14846571e-01
4.78789439e-01  4.98679518e-01  5.17443432e-01
9.38337766e-01  2.80759135e-01  8.19156136e-01
5.30150720e-01  5.14100125e-01  5.12331087e-01
5.03780667e-01  4.99718039e-01  4.97235352e-01
4.79188791e-01  5.13689212e-01  5.08166163e-01
7.09399974e-01  2.63123094e-01  9.62123446e-01
4.82552855e-01  4.83659988e-01  5.30417903e-01
7.19720864e-01  4.32494274e-01  5.71682442e-01
5.08418262e-01  5.26175461e-01  5.21111214e-01
5.31398390e-01  4.79888262e-01  4.88740185e-01
4.71974889e-01  7.16754120e-01  8.45573296e-01
5.01772731e-01  5.23181952e-01  4.86161549e-01
5.01345711e-01  4.80286506e-01  5.32192809e-01
4.82028342e-01  5.09769749e-01  4.71127618e-01
5.23094146e-01  4.98526239e-01  5.04062429e-01
5.27857812e-01  4.85106124e-01  5.14990734e-01
4.90302737e-01  5.12798070e-01  5.29560580e-01
4.92367229e-01  4.66053465e-01  4.99568434e-01
5.05808872e-01  4.85742113e-01  4.88622028e-01
5.27382829e-01  4.96341587e-01  5.16827544e-01
5.29000319e-01  5.22090611e-01  5.14547788e-01
4.82238471e-01  4.77302286e-01  4.80857138e-01
4.80548327e-01  4.69723504e-01  5.31239399e-01
4.81063413e-01  5.12331981e-01  4.93077915e-01
5.20077006e-01  4.79759552e-01  5.01696311e-01
5.19754940e-01  4.65323873e-01  5.12755095e-01
5.32348199e-01  4.71444143e-01  5.23598172e-01
4.76516255e-01  5.20050045e-01  4.92857512e-01
5.28652724e-01  5.08090297e-01  5.00236295e-01
4.98300773e-01  4.98190131e-01  4.71223760e-01
5.15467688e-01  4.90613245e-01  5.16191279e-01
4.78742598e-01  4.84857483e-01  5.11400193e-01
5.04476822e-01  5.02454331e-01  5.16654923e-01
4.84799428e-01  5.10469809e-01  5.28015386e-01
4.99800091e-01  4.94702605e-01  4.81574213e-01
4.93664955e-01  4.71028751e-01  4.74000768e-01
5.17239505e-01  4.87232263e-01  5.12631675e-01
5.22292499e-01  4.79173865e-01  4.74003394e-01
4.78081823e-01  5.24896269e-01  4.80181354e-01
4.77645666e-01  4.92512323e-01  5.07546310e-01
4.94094969e-01  5.17233393e-01  4.74501278e-01
4.78731771e-01  4.99551142e-01  5.28010187e-01
4.95976583e-01  5.08836194e-01  4.77375746e-01
4.73664315e-01  4.68913947e-01  5.30954915e-01
5.22533431e-01  4.67333035e-01  4.76695102e-01
7.85937846e-01  4.75707525e-01  2.57202221e-01
5.13903779e-01  4.68795141e-01  5.15278285e-01
5.17836061e-01  5.11608958e-01  5.17525773e-01
5.23720553e-01  4.98426630e-01  5.23019114e-01
5.29034040e-01  5.02169149e-01  5.03238967e-01
5.19965283e-01  4.75451068e-01  4.75183466e-01
4.74223666e-01  4.78102019e-01  5.28336311e-01
4.97059866e-01  5.21014504e-01  5.00253501e-01
5.11008344e-01  5.10877985e-01  4.99336755e-01
5.32623083e-01  5.16159315e-01  5.32186778e-01
5.75514895e-01  4.61096520e-01  9.68861495e-01
5.18730003e-01  4.99693395e-01  4.80055659e-01
3.99213707e-01  7.44610368e-01  4.29936931e-01
5.32833077e-01  4.94349753e-01  4.81258398e-01
4.87939387e-01  4.86478579e-01  4.91067310e-01
4.86624509e-01  4.96286823e-01  4.90288507e-01
5.09905893e-01  5.02112433e-01  5.04667002e-01
4.71495825e-01  4.78786888e-01  4.71215523e-01
5.24573946e-01  4.71900477e-01  4.83349401e-01
4.82295182e-01  4.94557241e-01  4.73885715e-01
5.27967244e-01  4.68892028e-01  4.98773511e-01
4.72260984e-01  5.00174641e-01  4.75179020e-01
4.79432263e-01  4.68476286e-01  4.71892902e-01
6.41240267e-01  7.32466083e-01  5.39018818e-01
4.91520918e-01  5.12438568e-01  4.98116318e-01
5.00518970e-01  5.20655180e-01  5.19810782e-01
4.83019702e-01  4.79880534e-01  4.99746617e-01
4.82200014e-01  4.85513000e-01  4.76845254e-01
5.17658088e-01  4.93231777e-01  4.73149918e-01
4.85269360e-01  4.66046252e-01  5.14920865e-01
4.71211463e-01  4.81350790e-01  5.02828215e-01
5.81379326e-01  4.42910324e-01  4.52965068e-01
4.68910636e-01  7.61248708e-01  6.30626985e-01
4.87694767e-01  5.06994951e-01  4.78420529e-01
5.10173767e-01  4.80760632e-01  4.88258719e-01
5.24267013e-01  4.73619854e-01  4.85668874e-01
5.28257678e-01  5.04673293e-01  5.01838353e-01
5.30063669e-01  5.04605002e-01  5.29281761e-01
5.21636234e-01  4.73129129e-01  4.88443773e-01
4.93474822e-01  4.76096820e-01  4.90387269e-01
5.05028335e-01  5.12963877e-01  4.87402093e-01
5.05820153e-01  4.79106152e-01  5.15712894e-01
5.22988620e-01  4.99250000e-01  4.77660669e-01
5.19043293e-01  5.01391165e-01  4.75215159e-01
5.13540105e-01  5.21608819e-01  4.82528958e-01
7.55605988e-01  3.00629109e-01  9.32607658e-01
5.23056683e-01  5.12890201e-01  4.79540908e-01
5.25936635e-01  4.98754110e-01  4.73436915e-01
5.16901093e-01  4.73523016e-01  5.24149711e-01
4.18600685e-01  7.68014793e-01  2.93444540e-01
4.94119945e-01  4.77794693e-01  5.20935630e-01
8.15992007e-01  3.78084732e-01  4.09926362e-01
5.17824867e-01  4.69987929e-01  5.12214725e-01
5.28069170e-01  4.69591690e-01  4.90113575e-01
7.91322538e-01  6.19837654e-01  6.90966097e-01
4.94137506e-01  4.90203617e-01  9.35601988e-01
4.96317352e-01  4.66146154e-01  4.78952618e-01
5.18204750e-01  4.95931812e-01  4.74446521e-01
8.11609117e-01  3.89172388e-01  3.84375290e-01
4.99432702e-01  4.70269939e-01  5.09386946e-01
4.88925662e-01  5.02530212e-01  4.90045490e-01
4.97758999e-01  4.67489644e-01  5.26404373e-01
5.19901755e-01  5.03110344e-01  4.85400375e-01
4.80212146e-01  5.06999442e-01  5.00791310e-01
5.03189901e-01  5.19001861e-01  4.76545302e-01
5.27748086e-01  4.65527263e-01  5.01985426e-01
5.26976079e-01  5.03481520e-01  5.30907215e-01
7.00784573e-01  9.79745219e-01  9.95277044e-01
5.15960667e-01  4.67980075e-01  4.82472105e-01
5.21003527e-01  4.74972592e-01  5.29213564e-01
7.13330688e-01  2.85556591e-01  2.60370752e-01
8.20404307e-01  5.12179806e-01  2.51841341e-01
4.76542401e-01  4.67318302e-01  5.04024156e-01
5.29981408e-01  4.75483606e-01  5.10975999e-01
5.24001313e-01  4.78460914e-01  5.10500552e-01
5.23148437e-01  4.87614486e-01  4.83526034e-01
8.71517658e-01  5.08352449e-01  6.33876331e-01
4.95448340e-01  4.89691992e-01  5.21440451e-01
5.32286522e-01  4.77191090e-01  4.73681998e-01
5.30807548e-01  4.90806853e-01  5.15021481e-01
5.12579534e-01  5.00710326e-01  5.07663267e-01
4.89769774e-01  5.15658778e-01  4.74745796e-01
5.14016133e-01  5.12081313e-01  5.13195357e-01
4.98579355e-01  5.00009980e-01  4.73656227e-01
5.12384325e-01  4.97696862e-01  5.06741059e-01
5.09754842e-01  4.81336385e-01  4.75789721e-01
4.79748549e-01  5.01537018e-01  4.97834617e-01
5.12017312e-01  4.76640453e-01  4.92242407e-01
4.71498125e-01  4.77549483e-01  5.05220925e-01
5.04131094e-01  4.87752698e-01  5.07359277e-01
4.77555807e-01  5.00308158e-01  5.07634538e-01
4.82544498e-01  4.79955149e-01  5.30626219e-01
4.97895836e-01  5.00550046e-01  5.18784471e-01
5.17940881e-01  4.98286862e-01  5.31136181e-01
4.71246088e-01  5.11411165e-01  4.74197698e-01
5.17267990e-01  5.22379789e-01  4.76615574e-01
5.04723131e-01  4.80798767e-01  4.93926912e-01
4.74937446e-01  4.82249051e-01  5.13306745e-01
5.27941818e-01  5.15953072e-01  5.12504191e-01
5.01278512e-01  5.14264507e-01  4.73007417e-01
5.24215575e-01  4.91859114e-01  4.95587254e-01
5.04717156e-01  4.81850311e-01  4.71168051e-01
4.97831058e-01  4.78004207e-01  5.11182943e-01
4.79659400e-01  4.76255051e-01  4.92089052e-01
4.87562119e-01  5.16479973e-01  5.29946018e-01
5.22284709e-01  4.71630488e-01  5.08069120e-01
4.76305764e-01  5.02945194e-01  5.03460902e-01
4.98366633e-01  5.03351762e-01  4.86771212e-01
5.17266866e-01  4.97128894e-01  5.21313955e-01
4.78024362e-01  4.82041136e-01  4.79144433e-01
4.98547899e-01  4.96217237e-01  5.22569055e-01
5.09340536e-01  4.77204949e-01  4.93098807e-01
4.72731052e-01  5.22993114e-01  5.16746187e-01
5.26143733e-01  4.98478940e-01  5.05976972e-01
5.21166071e-01  4.92132017e-01  5.23339678e-01
4.97907396e-01  4.79624465e-01  5.30565227e-01
5.25304597e-01  4.73125875e-01  5.06336656e-01
4.82258095e-01  4.68906588e-01  5.07001793e-01
4.93254018e-01  5.02140715e-01  4.72254932e-01
5.11320841e-01  4.81033934e-01  4.93288122e-01
4.91641844e-01  5.23718483e-01  5.14376425e-01
4.86240944e-01  5.19653832e-01  4.99603124e-01
5.08966785e-01  4.71074029e-01  5.07577615e-01
5.23072793e-01  5.18263509e-01  5.27980959e-01
4.84187307e-01  5.19855178e-01  5.12075664e-01
3.35490836e-01  5.38858681e-01  4.04503617e-01
5.15898476e-01  4.82830892e-01  4.78518679e-01
4.74116156e-01  5.13479142e-01  4.81347301e-01
5.22729156e-01  4.89127686e-01  5.04689795e-01
5.18572394e-01  5.06814496e-01  5.27467605e-01
4.87044951e-01  5.20405420e-01  4.82102342e-01
5.02211167e-01  5.12686066e-01  4.97382996e-01
4.74316866e-01  4.78761065e-01  5.27920145e-01
4.79784769e-01  4.67680169e-01  5.29972399e-01
5.20806555e-01  4.92296673e-01  4.75879468e-01
5.07209928e-01  5.05605775e-01  5.10043195e-01
4.92765059e-01  4.76113492e-01  5.28990438e-01
5.32721102e-01  4.91405182e-01  5.31470318e-01
2.85174420e-01  2.60623548e-01  7.61541373e-01
5.03821795e-01  5.25339299e-01  4.81237423e-01
5.31633647e-01  4.70449664e-01  4.86596209e-01
4.89820010e-01  4.90953927e-01  4.95559774e-01
5.25415582e-01  5.15967600e-01  5.19957610e-01
5.14239946e-01  4.94299388e-01  4.73245117e-01
5.20164260e-01  5.11868213e-01  5.24448676e-01
4.78385947e-01  4.65139803e-01  5.26188414e-01
5.20774715e-01  4.83065326e-01  5.30337335e-01
4.77978568e-01  4.94951074e-01  4.88313784e-01
5.13636649e-01  5.24791813e-01  4.71554833e-01
4.88509786e-01  4.86004401e-01  4.95326547e-01
4.85279817e-01  4.99032374e-01  5.23322793e-01
5.16147250e-01  4.82356173e-01  5.32602953e-01
4.91512102e-01  5.15186864e-01  5.09418787e-01
5.01190719e-01  5.08131790e-01  4.93770044e-01
4.88377461e-01  5.13369235e-01  4.81416585e-01
5.26786227e-01  5.05620134e-01  5.12686916e-01
5.15089809e-01  4.84328351e-01  5.32212420e-01
4.81476654e-01  4.85009663e-01  5.07903340e-01
5.01988301e-01  4.69933192e-01  5.20138757e-01
5.29665631e-01  4.87675421e-01  4.74260457e-01
4.87077438e-01  4.68572876e-01  5.15081030e-01
5.31635293e-01  4.95417804e-01  4.89885159e-01
5.07336698e-01  4.94188936e-01  4.90995434e-01
5.26603015e-01  4.93620862e-01  4.93327909e-01
4.73985533e-01  5.22915971e-01  4.73698825e-01
4.99028034e-01  4.68669854e-01  4.75132917e-01
4.91187364e-01  5.12541898e-01  4.83483907e-01
4.75748884e-01  5.07274861e-01  5.07280774e-01
4.71051479e-01  4.94460472e-01  5.29683277e-01
4.84986425e-01  4.68839916e-01  5.17299602e-01
4.73605985e-01  4.66269186e-01  4.97488618e-01
5.27195150e-01  4.84545301e-01  4.83821755e-01
4.74517793e-01  4.92573107e-01  4.85021419e-01
4.79896777e-01  4.79649534e-01  5.08963723e-01
5.24024638e-01  4.97048065e-01  4.85141298e-01
4.83319656e-01  4.89878066e-01  5.06127602e-01
5.10244119e-01  5.09552175e-01  4.96489046e-01
4.91573319e-01  4.92131801e-01  5.05898123e-01
4.83190889e-01  4.72877095e-01  5.06258101e-01
4.94274224e-01  4.69529136e-01  5.16877877e-01
5.18133567e-01  4.70127210e-01  4.81119665e-01
5.26468714e-01  4.86902093e-01  5.06888187e-01
5.09740944e-01  4.67957466e-01  4.81421443e-01
4.85908955e-01  5.09028381e-01  5.06771883e-01
5.03791648e-01  5.03339765e-01  4.72930706e-01
5.21948132e-01  4.70963330e-01  5.27589460e-01
5.12882267e-01  4.89675951e-01  4.71244690e-01
4.90021327e-01  5.22681387e-01  5.27580981e-01
4.91674429e-01  5.13059653e-01  4.96195887e-01
5.10699703e-01  4.69211678e-01  4.81990735e-01
4.84035044e-01  4.99268746e-01  4.79203615e-01
5.09381807e-01  4.88780574e-01  4.80330417e-01
5.18181786e-01  4.77592610e-01  5.17912835e-01
5.07495104e-01  4.84302381e-01  4.80953893e-01
4.82109645e-01  5.25138207e-01  5.12752558e-01
4.93218991e-01  4.84677141e-01  5.26776586e-01
4.96651347e-01  5.26346405e-01  4.97170000e-01
5.13126481e-01  4.81237759e-01  4.72734172e-01
5.29048567e-01  5.03762936e-01  5.24458946e-01
4.84828525e-01  4.87734708e-01  5.09321701e-01
4.88746239e-01  4.67119433e-01  5.22113249e-01
4.76790836e-01  4.99689315e-01  5.30163389e-01
5.13193689e-01  4.68656962e-01  4.75751192e-01
4.71923517e-01  5.01003468e-01  4.99269751e-01
5.29583010e-01  5.06738100e-01  5.32102219e-01
5.25972568e-01  4.87963628e-01  5.10667391e-01
4.76902946e-01  5.09062639e-01  4.81613186e-01
5.19608783e-01  5.08834081e-01  5.16501885e-01
5.11217225e-01  4.74761451e-01  5.00226080e-01
5.29535885e-01  5.17284491e-01  5.10014582e-01
4.84674957e-01  5.23990103e-01  5.29346604e-01
5.29623407e-01  4.82152051e-01  4.72335388e-01
5.03518473e-01  4.95138076e-01  5.19022499e-01
4.72979121e-01  4.71950311e-01  4.73601488e-01
5.07152155e-01  5.21629701e-01  4.91744493e-01
5.06535420e-01  4.95050395e-01  5.26537778e-01
5.18352690e-01  4.68097504e-01  4.77985687e-01
4.97106180e-01  4.68545134e-01  4.94360721e-01
5.13743407e-01  5.41680940e-01  9.81205233e-01
5.27960680e-01  4.65188145e-01  4.94168156e-01
5.21606089e-01  4.69115868e-01  4.74733924e-01
4.97389017e-01  4.84380942e-01  5.32348456e-01
4.71153764e-01  4.93351470e-01  4.73005499e-01
5.03281210e-01  4.66988794e-01  4.97448228e-01
5.04198342e-01  4.93100334e-01  5.11522033e-01
5.06713411e-01  4.96081714e-01  4.95302028e-01
5.32170773e-01  4.91424849e-01  4.73703614e-01
2.52963134e-01  9.97810094e-01  7.85549457e-01
4.75528678e-01  9.74361949e-01  3.94869021e-01
7.37803527e-01  4.32213272e-01  2.98227854e-01
5.09158153e-01  5.17886754e-01  4.87050882e-01
5.07666458e-01  4.83011394e-01  5.03422308e-01
4.86973178e-01  4.74547289e-01  4.77800269e-01
4.71872571e-01  5.00441798e-01  4.71531842e-01
5.19641305e-01  4.92160095e-01  5.24224479e-01
4.75982818e-01  5.11366677e-01  4.90040498e-01
5.02493839e-01  5.06503995e-01  5.26896314e-01
5.10678645e-01  4.73430010e-01  5.01061758e-01
4.71298327e-01  4.65451839e-01  5.14735416e-01
5.16814038e-01  4.83094011e-01  4.89926983e-01
4.79797612e-01  4.99847599e-01  5.01093695e-01
5.09389647e-01  5.06012101e-01  4.99578375e-01
4.92217237e-01  5.18213549e-01  4.77486616e-01
5.13911935e-01  4.97623160e-01  5.10629915e-01
8.64471856e-01  4.19605727e-01  8.41576344e-01
5.22295880e-01  4.97492854e-01  4.76462608e-01
5.16281357e-01  5.21533341e-01  5.10748568e-01
4.79490253e-01  5.18890665e-01  4.75705591e-01
4.76040302e-01  4.84611903e-01  4.74951125e-01
4.70872140e-01  4.98860543e-01  4.80529419e-01
5.11537631e-01  5.15623291e-01  5.13534439e-01
5.01636121e-01  4.85247607e-01  5.31256804e-01
4.96736106e-01  5.21246608e-01  5.25673316e-01
4.82213811e-01  5.13224017e-01  4.81946342e-01
6.23885029e-01  5.25929882e-01  7.57993248e-01
4.85130492e-01  5.08970236e-01  4.80423396e-01
5.10442240e-01  5.16810352e-01  4.73203754e-01
4.93672098e-01  4.97687692e-01  5.22419382e-01
4.85495952e-01  4.79376340e-01  5.19223444e-01
4.82102307e-01  4.77023584e-01  5.16907066e-01
5.32811943e-01  4.78546389e-01  4.83938560e-01
4.83125983e-01  5.04324621e-01  5.18938610e-01
4.78347584e-01  4.79218944e-01  5.30829560e-01
4.89578300e-01  5.24034899e-01  5.27891304e-01
5.00448170e-01  5.10722964e-01  4.86235119e-01
4.71716618e-01  5.20351463e-01  5.15187683e-01
5.14427846e-01  4.83444863e-01  5.27759033e-01
5.32144034e-01  4.81753998e-01  4.81433485e-01
9.12959340e-01  8.90475812e-01  2.50932081e-01
9.31493782e-01  9.58926687e-01  7.56906581e-01
5.19882261e-01  4.67525000e-01  4.79985008e-01
4.88683461e-01  4.82045501e-01  5.15615761e-01
5.22353908e-01  5.01868261e-01  5.05135336e-01
4.81039356e-01  5.05850103e-01  5.01024981e-01
5.23855176e-01  5.11850202e-01  5.28949567e-01
6.34858536e-01  3.29077072e-01  2.99324653e-01
4.90066707e-01  5.20518875e-01  5.11965703e-01
4.78631735e-01  4.86241602e-01  4.91311843e-01
4.90228396e-01  5.17736608e-01  5.01970932e-01
5.29287929e-01  4.82583860e-01  5.27581653e-01
4.86486350e-01  4.76686918e-01  5.17635722e-01
4.97096824e-01  4.97751880e-01  5.00535240e-01
4.89939705e-01  4.80620487e-01  5.04733478e-01
5.08865345e-01  4.72331094e-01  5.23033565e-01
4.94132736e-01  4.77921996e-01  5.18113922e-01
5.14381606e-01  5.10425431e-01  4.82322844e-01
5.30205337e-01  4.95176933e-01  4.95015875e-01
5.20419004e-01  5.03673046e-01  4.90017072e-01
4.90440761e-01  5.16989251e-01  5.04283350e-01
4.89649828e-01  4.87188301e-01  4.73321955e-01
3.76836009e-01  3.78433133e-01  7.56380002e-01
5.09427814e-01  4.85600272e-01  4.95599609e-01
5.13612241e-01  4.81956152e-01  5.15472614e-01
4.77451746e-01  4.65150712e-01  5.02576095e-01
4.71485492e-01  5.20059740e-01  4.83494429e-01
8.59472292e-01  8.19829702e-01  3.46821680e-01
4.85186473e-01  5.07543568e-01  5.05370766e-01
6.60694668e-01  6.97179286e-01  4.54523611e-01
5.22627065e-01  4.78385470e-01  5.27663385e-01
4.73485388e-01  4.71378010e-01  5.27117722e-01
5.07329170e-01  5.10032251e-01  5.11101987e-01
4.83591757e-01  4.94657956e-01  4.87658011e-01
5.14657307e-01  5.00877381e-01  5.10902177e-01
5.06548396e-01  4.97143767e-01  5.17855327e-01
4.90912831e-01  4.74968134e-01  5.21685292e-01
4.80905719e-01  4.96454572e-01  4.99487148e-01
4.78956312e-01  5.25334055e-01  4.80898934e-01
5.14040962e-01  5.03013843e-01  4.73819011e-01
4.76890377e-01  4.70626135e-01  5.10238668e-01
5.10372371e-01  5.18695212e-01  4.94242441e-01
4.82324068e-01  5.11800420e-01  4.95479285e-01
5.12867834e-01  5.01374954e-01  5.28948599e-01
4.82654262e-01  5.17901826e-01  5.23851405e-01
4.73021439e-01  4.91404534e-01  4.96852021e-01
5.23926472e-01  5.18380955e-01  5.27782080e-01
4.99432781e-01  4.85640786e-01  4.89110256e-01
5.13561182e-01  4.87681530e-01  4.80817188e-01
4.71571480e-01  4.78809005e-01  4.80387285e-01
4.80049574e-01  4.75516322e-01  5.17047217e-01
4.84484498e-01  4.75716356e-01  4.91537328e-01
4.74937425e-01  5.04354674e-01  5.08538464e-01
5.12949089e-01  4.95192618e-01  5.25604796e-01
5.28588486e-01  5.08446996e-01  5.12515711e-01
8.92644552e-01  5.96751106e-01  7.72474623e-01
4.78570873e-01  4.89669485e-01  4.83904169e-01
5.03563342e-01  4.94402280e-01  5.32345773e-01
4.78620339e-01  4.90379170e-01  4.97598658e-01
5.11478976e-01  5.07908239e-01  4.84486348e-01
5.25361622e-01  5.12374799e-01  4.99321367e-01
5.30905625e-01  5.07536911e-01  4.90491556e-01
4.97503926e-01  5.17553011e-01  5.06651617e-01
4.85421427e-01  5.12346562e-01  4.83409530e-01
4.79507290e-01  5.25184762e-01  4.98519304e-01
2.65565992e-01  8.30637249e-01  9.21913326e-01
5.19151790e-01  4.74253761e-01  4.98444049e-01
5.08815715e-01  5.09017013e-01  5.24084178e-01
3.73764781e-01  8.32095873e-01  8.89933039e-01
4.76727804e-01  4.69231579e-01  5.09071820e-01
4.99234896e-01  4.65841681e-01  5.26206694e-01
5.15551415e-01  5.10181887e-01  4.81839450e-01
3.17846942e-01  9.06443902e-01  4.17310546e-01
5.28509933e-01  5.04220217e-01  5.21207633e-01
5.19317066e-01  5.04101188e-01  4.98574202e-01
4.90233457e-01  4.94493129e-01  5.30815584e-01
5.28072664e-01  4.69752011e-01  4.79050903e-01
5.13871929e-01  4.91563510e-01  4.86939492e-01
4.74849074e-01  4.67202161e-01  4.83223352e-01
5.22164006e-01  5.12612862e-01  5.01420953e-01
5.01126522e-01  4.78444740e-01  5.24864698e-01
4.78010506e-01  4.68494502e-01  5.27731737e-01
4.74304475e-01  5.05776180e-01  4.77312473e-01
5.30552527e-01  5.08378670e-01  4.75606803e-01
4.81620052e-01  5.25135208e-01  5.15646806e-01
5.19443558e-01  5.13309837e-01  5.20942106e-01
4.73392985e-01  4.71141911e-01  4.92971965e-01
6.34149046e-01  7.92759787e-01  6.52138996e-01
4.94584636e-01  4.82098148e-01  4.77130377e-01
4.72424299e-01  5.03172912e-01  4.94524650e-01
4.88640883e-01  5.05167691e-01  5.03810825e-01
5.10061731e-01  4.76904225e-01  5.03636210e-01
5.08448162e-01  5.06591926e-01  4.78166374e-01
5.05382758e-01  4.97914241e-01  5.14710803e-01
4.73734004e-01  5.01182929e-01  5.14778396e-01
5.09577211e-01  4.90974307e-01  4.82426284e-01
5.28122733e-01  4.72904531e-01  5.03568290e-01
4.88746066e-01  4.66935819e-01  4.90357158e-01
5.28984199e-01  4.83227811e-01  5.27337119e-01
5.18971755e-01  4.65211680e-01  4.72691414e-01
4.96377449e-01  4.76903182e-01  5.32753016e-01
5.18978188e-01  4.95240949e-01  4.96919188e-01
4.86998531e-01  5.21366241e-01  4.82927054e-01
5.09512154e-01  4.79752300e-01  4.76568374e-01
3.56630262e-01  7.76005568e-01  4.58459126e-01
4.96248074e-01  5.02312778e-01  5.30945170e-01
4.82000633e-01  4.99235613e-01  4.80046688e-01
5.06089456e-01  4.67115490e-01  5.17384893e-01
5.31724140e-01  4.84873518e-01  5.07878466e-01
4.78411477e-01  4.93450243e-01  4.87465701e-01
5.03240054e-01  4.79853509e-01  4.86177608e-01
4.87102196e-01  4.82681760e-01  5.24101843e-01
5.07047735e-01  5.19481870e-01  5.32377352e-01
4.93619497e-01  4.85128057e-01  4.86405131e-01
5.24542705e-01  4.77854318e-01  4.83209767e-01
5.14661769e-01  4.65291128e-01  5.32920321e-01
5.27874814e-01  4.73046805e-01  5.28336366e-01
5.24728648e-01  5.13802285e-01  5.20259157e-01
5.21467295e-01  4.75455092e-01  5.20868547e-01
4.95889734e-01  4.77138247e-01  4.74777523e-01
4.89479885e-01  5.03162469e-01  5.28213438e-01
5.19034937e-01  4.83254953e-01  4.84330470e-01
5.00614549e-01  4.74464921e-01  5.12245641e-01
5.02929662e-01  5.15486460e-01  4.75330831e-01
6.56913298e-01  6.19055473e-01  5.39402128e-01
4.72835377e-01  5.24696972e-01  5.17980674e-01
5.10493114e-01  4.70045430e-01  4.74486915e-01
5.10019699e-01  4.65754651e-01  5.15912022e-01
5.01141018e-01  4.72574059e-01  4.91975484e-01
5.05456037e-01  4.75192869e-01  5.08681367e-01
