4.57238508e-01  7.61846546e-01  3.61460775e-01
9.78730361e-01  2.73227810e-01  5.50701010e-01
7.46910617e-01  7.79309654e-01  5.45338000e-01
7.01085642e-01  8.46628801e-01  2.70225670e-01
8.18165221e-01  6.96596240e-01  3.85516475e-01
5.21476788e-01  7.30852080e-01  8.16780584e-01
2.95157635e-01  7.17788671e-01  6.24941061e-01
5.26961569e-01  3.28045604e-01  8.81737485e-01
4.38081522e-01  8.58222442e-01  9.24963372e-01
3.24021048e-01  9.05104389e-01  4.97388003e-01
7.09399974e-01  2.63123094e-01  9.62123446e-01
5.60436730e-01  4.55318593e-01  3.51387640e-01
7.98611155e-01  4.24247049e-01  4.22068697e-01
9.01466652e-01  4.89540224e-01  6.83907396e-01
8.67378043e-01  6.37842756e-01  8.07763365e-01
5.97221649e-01  5.49502396e-01  6.95629834e-01
8.64929010e-01  3.24536355e-01  8.72335601e-01
6.58571529e-01  4.53003031e-01  8.73480244e-01
5.13490775e-01  7.63479911e-01  6.73521644e-01
4.41298926e-01  4.51706274e-01  7.37209851e-01
6.97824549e-01  8.40149581e-01  7.80832682e-01
9.55193263e-01  3.80119125e-01  2.53468505e-01
9.15923298e-01  5.43558952e-01  9.29041096e-01
9.42352034e-01  9.00574961e-01  9.98134054e-01
9.63715570e-01  5.75849887e-01  4.44927768e-01
7.59479860e-01  8.67709748e-01  4.78683568e-01
3.01629539e-01  5.05157635e-01  2.96593304e-01
6.51436726e-01  5.18929246e-01  8.14830643e-01
3.36380448e-01  3.81057146e-01  3.49115362e-01
6.61429513e-01  8.66968590e-01  6.85960089e-01
6.80132802e-01  3.14958811e-01  5.89444875e-01
9.31503922e-01  3.54161312e-01  9.02137877e-01
9.88473942e-01  9.74023156e-01  4.63065354e-01
8.32288740e-01  5.98730341e-01  7.11992025e-01
9.42698445e-01  6.22021644e-01  9.63832466e-01
9.44552018e-01  2.61036663e-01  2.57538898e-01
6.11679753e-01  6.23276073e-01  9.23601489e-01
9.27172301e-01  7.69735915e-01  5.27508683e-01
7.62336804e-01  3.55855452e-01  8.78900828e-01
8.72253677e-01  9.24267874e-01  3.55772553e-01
5.32049475e-01  3.41019225e-01  6.44624252e-01
7.74926413e-01  3.13662737e-01  5.43803081e-01
5.58995544e-01  3.83282514e-01  9.83418778e-01
2.51043590e-01  7.12505282e-01  4.08939819e-01
3.87506876e-01  6.28278948e-01  7.48234619e-01
8.76135223e-01  9.27431483e-01  6.30602192e-01
3.47275662e-01  7.04774410e-01  4.87970820e-01
7.63755913e-01  2.97621220e-01  6.11276709e-01
7.92476802e-01  7.13513572e-01  8.09069864e-01
9.41004263e-01  6.99170350e-01  4.05395849e-01
2.93494436e-01  7.94928776e-01  3.99686165e-01
4.99509283e-01  2.72919023e-01  5.24695128e-01
9.68058085e-01  7.93803244e-01  6.64425752e-01
6.89680824e-01  4.59213924e-01  3.27201323e-01
8.36973879e-01  9.59381542e-01  7.06397866e-01
9.13380669e-01  5.45348536e-01  5.98402778e-01
4.57078554e-01  4.67499010e-01  3.66179616e-01
9.78583057e-01  6.66473975e-01  5.53454493e-01
7.01235305e-01  9.89568041e-01  7.16609779e-01
7.05149555e-01  3.88394929e-01  6.51634875e-01
7.57750382e-01  8.78288144e-01  9.35490924e-01
7.26071001e-01  4.69457281e-01  7.81113437e-01
5.82318902e-01  8.18060477e-01  3.83688272e-01
6.58762494e-01  8.90692662e-01  9.32442784e-01
6.67519151e-01  6.52517075e-01  7.19052169e-01
8.81243262e-01  9.28381067e-01  8.67961783e-01
6.56379107e-01  6.30914848e-01  3.80531869e-01
4.97887304e-01  4.91613945e-01  4.02443868e-01
3.51978149e-01  6.71205630e-01  3.01584019e-01
9.74207549e-01  3.31011444e-01  7.24651588e-01
6.75812639e-01  4.77079718e-01  2.51063784e-01
5.32991495e-01  4.50618817e-01  6.70891077e-01
7.20357671e-01  3.59131177e-01  6.03326698e-01
8.50722122e-01  4.48738971e-01  3.69870251e-01
5.80220552e-01  3.27065861e-01  8.70915126e-01
3.29591258e-01  8.59490416e-01  6.90673155e-01
9.00919139e-01  2.51431572e-01  8.66396064e-01
9.66802920e-01  6.59689543e-01  5.70215664e-01
5.86244898e-01  6.70510476e-01  8.71442353e-01
4.22481802e-01  6.81574733e-01  4.19120929e-01
8.54400491e-01  7.72491801e-01  9.78217301e-01
9.23312225e-01  5.29335829e-01  3.59886471e-01
5.42491267e-01  9.99214477e-01  3.93911748e-01
9.70545265e-01  6.51946258e-01  4.85206216e-01
4.68519034e-01  7.63582123e-01  4.76201719e-01
6.98697095e-01  8.96134277e-01  2.99587848e-01
4.39327848e-01  3.05010739e-01  8.05028098e-01
8.22919931e-01  8.43611354e-01  2.96736029e-01
9.13868179e-01  4.28581313e-01  2.96399432e-01
9.05701591e-01  4.58733995e-01  2.61416104e-01
8.06281193e-01  8.70491377e-01  9.86937988e-01
5.65247281e-01  9.99776558e-01  3.43515689e-01
7.83114506e-01  7.31968985e-01  7.62526650e-01
9.86947555e-01  9.79751646e-01  7.77538607e-01
6.75693167e-01  8.24446182e-01  2.74813338e-01
9.85634949e-01  4.31905673e-01  3.63638242e-01
8.27182565e-01  8.69993802e-01  6.81152198e-01
3.78697660e-01  2.86709773e-01  3.33059276e-01
4.22148440e-01  8.51883118e-01  9.41551375e-01
8.45788585e-01  5.33064657e-01  7.85363505e-01
6.11247479e-01  8.34370902e-01  6.91468041e-01
9.27317766e-01  7.33092093e-01  7.89844364e-01
2.50420925e-01  7.08206793e-01  4.12230260e-01
6.55006406e-01  8.81691677e-01  9.62448669e-01
8.53923926e-01  9.96677866e-01  4.38231608e-01
3.53502867e-01  7.62936465e-01  4.80469591e-01
6.75059903e-01  8.54399724e-01  5.33871504e-01
4.91681486e-01  8.84432455e-01  9.64973739e-01
4.16795494e-01  9.13655146e-01  4.19121591e-01
6.30214520e-01  9.76269081e-01  5.93172015e-01
7.55403464e-01  4.88268935e-01  4.85051770e-01
2.56102516e-01  3.08355969e-01  3.17512813e-01
8.62273538e-01  6.86710260e-01  4.49024090e-01
8.69876169e-01  9.94110669e-01  3.64749987e-01
3.07251693e-01  3.78636853e-01  6.72323342e-01
8.34260587e-01  7.73799849e-01  4.53489892e-01
3.46470959e-01  8.74037304e-01  4.53780346e-01
3.02894627e-01  5.07092022e-01  7.01018119e-01
7.49188601e-01  2.59026932e-01  5.69787727e-01
4.56409928e-01  9.06649992e-01  4.23714035e-01
5.02718700e-01  9.73678496e-01  8.64541590e-01
8.95521733e-01  9.21957106e-01  3.44260845e-01
8.95434155e-01  3.02899152e-01  7.90168962e-01
2.73748071e-01  7.43117753e-01  6.62497276e-01
4.32019749e-01  5.35320189e-01  9.15278777e-01
9.00722366e-01  9.07472327e-01  7.15107168e-01
5.44848933e-01  2.56396013e-01  9.44890311e-01
7.18269761e-01  6.33868715e-01  7.77580979e-01
8.62861112e-01  3.90077764e-01  3.29695974e-01
9.49745516e-01  8.37322751e-01  7.23281946e-01
4.52677952e-01  7.82525606e-01  7.26777769e-01
4.12443231e-01  8.24642499e-01  7.37092785e-01
5.61402685e-01  3.05435115e-01  3.93257003e-01
9.97373655e-01  3.96648592e-01  2.90850211e-01
7.19534959e-01  8.77211954e-01  7.04693197e-01
2.70329822e-01  4.72321624e-01  3.68462345e-01
3.45177183e-01  7.12039401e-01  9.81481688e-01
8.69157131e-01  8.33883431e-01  6.26590031e-01
8.17328681e-01  4.87404023e-01  6.19802239e-01
8.52088467e-01  3.12986155e-01  4.25139565e-01
5.93890381e-01  3.81930179e-01  6.68018513e-01
2.95127976e-01  9.86440541e-01  5.91639424e-01
7.53430304e-01  8.98120644e-01  3.43539143e-01
8.91476103e-01  4.04243500e-01  8.37526522e-01
2.86558443e-01  6.35232042e-01  4.60296126e-01
5.36611307e-01  9.26424335e-01  6.48195852e-01
7.54931411e-01  5.95922438e-01  7.59982684e-01
5.76065612e-01  2.53998869e-01  4.30072617e-01
8.70934041e-01  4.39255883e-01  8.18459952e-01
4.52813345e-01  5.54701194e-01  4.04196268e-01
8.38503523e-01  5.17861196e-01  9.26366969e-01
4.59901534e-01  3.66334539e-01  9.07992582e-01
6.83025017e-01  4.65630618e-01  4.33050135e-01
9.13781578e-01  8.30694267e-01  4.41620842e-01
9.86484831e-01  6.63359506e-01  5.05231991e-01
5.66525993e-01  9.73204690e-01  8.61330370e-01
6.98034073e-01  3.74880771e-01  2.52944143e-01
3.19335578e-01  5.99338551e-01  7.72382278e-01
4.30050989e-01  4.84171101e-01  4.83546664e-01
5.18738634e-01  4.53182348e-01  6.97243530e-01
5.09437044e-01  5.33593083e-01  3.83151460e-01
6.65358977e-01  4.10129713e-01  8.87677114e-01
4.05986703e-01  2.71518173e-01  7.05995793e-01
2.51123210e-01  8.74481523e-01  9.68554677e-01
7.89675599e-01  8.16805110e-01  9.39381237e-01
6.07512355e-01  9.29908334e-01  8.26673729e-01
5.77299676e-01  9.50268225e-01  9.73096723e-01
6.62216591e-01  6.34174706e-01  3.38105384e-01
4.98194657e-01  3.77512369e-01  5.67118069e-01
6.52976972e-01  6.80762272e-01  6.15532834e-01
7.91259316e-01  5.19285976e-01  8.87275631e-01
4.07339829e-01  7.88494080e-01  4.04392892e-01
3.93061991e-01  6.36811668e-01  6.09295431e-01
4.46938072e-01  9.51536660e-01  5.00252580e-01
4.79206037e-01  6.01102961e-01  6.92856673e-01
7.60717960e-01  6.67118354e-01  9.72370176e-01
6.26979501e-01  7.79108421e-01  5.66053217e-01
7.33809705e-01  8.96534775e-01  8.10684048e-01
5.16647091e-01  7.86165422e-01  6.77312481e-01
7.65757911e-01  2.54456132e-01  7.58761110e-01
6.05983672e-01  7.98867380e-01  9.83334210e-01
6.94629091e-01  3.20351682e-01  3.07320476e-01
5.63383937e-01  5.72630947e-01  2.59953044e-01
2.86635878e-01  9.41787452e-01  8.15341153e-01
9.52761101e-01  8.93137005e-01  6.52702768e-01
5.13664706e-01  4.96736482e-01  6.30329369e-01
3.19482623e-01  9.24689759e-01  8.97875258e-01
7.80310244e-01  2.92311359e-01  9.07640478e-01
6.79860865e-01  8.63746182e-01  5.10806991e-01
3.64053566e-01  3.07718462e-01  4.48321965e-01
5.78207796e-01  2.85723885e-01  4.66402783e-01
7.47425870e-01  8.18470569e-01  5.70040703e-01
6.34008370e-01  9.84956043e-01  8.56247807e-01
2.86472606e-01  5.60616985e-01  3.70281280e-01
7.06028007e-01  8.98175905e-01  6.29799344e-01
8.27732401e-01  7.74557669e-01  3.14437800e-01
8.85828461e-01  4.56034603e-01  9.04068129e-01
3.14409388e-01  9.92691881e-01  4.34223175e-01
9.94044995e-01  7.13564292e-01  7.07795752e-01
6.53035626e-01  6.40841936e-01  6.59866642e-01
3.79806392e-01  9.22828331e-01  8.93142739e-01
8.16134185e-01  7.94286193e-01  7.50418876e-01
8.99122817e-01  4.08306814e-01  8.48104712e-01
6.04789543e-01  9.04768153e-01  2.87094596e-01
4.35506282e-01  7.35728262e-01  9.04493609e-01
3.66417316e-01  6.62611834e-01  3.59025820e-01
6.87409600e-01  3.88854612e-01  3.65999349e-01
7.17011588e-01  8.12620466e-01  9.24646335e-01
7.37839990e-01  9.22188576e-01  2.90835385e-01
5.87801195e-01  8.81563722e-01  2.95741707e-01
8.13776275e-01  2.74625217e-01  8.60436917e-01
6.44955372e-01  9.82608109e-01  6.74439671e-01
8.36950033e-01  3.39681084e-01  9.34096869e-01
5.20080589e-01  5.86530962e-01  7.87761770e-01
8.48424534e-01  3.54711237e-01  4.03269653e-01
7.52974721e-01  4.93330688e-01  5.34205533e-01
9.17587434e-01  8.85378512e-01  3.53470279e-01
4.71737127e-01  4.21342117e-01  4.55986466e-01
4.13532782e-01  2.63840969e-01  9.33906949e-01
9.24777930e-01  4.43034959e-01  3.03809833e-01
7.86387494e-01  7.98798343e-01  9.70269916e-01
3.72787333e-01  4.97949372e-01  4.91171226e-01
2.71362499e-01  3.49334791e-01  9.84522354e-01
6.58076901e-01  3.52985634e-01  5.06368826e-01
3.14746412e-01  5.94724120e-01  6.09661187e-01
9.43662059e-01  9.44256961e-01  9.75550923e-01
4.86499473e-01  4.06831987e-01  6.31942465e-01
3.21305143e-01  2.83940441e-01  6.08576813e-01
2.98774187e-01  8.53231784e-01  4.96018335e-01
7.88346869e-01  5.04312175e-01  4.61900320e-01
6.57603807e-01  3.72189317e-01  4.33180282e-01
7.12340998e-01  3.33129472e-01  3.56526407e-01
6.91189555e-01  9.74515945e-01  3.51257233e-01
9.91485343e-01  8.27306019e-01  5.90475261e-01
6.55846616e-01  4.86138590e-01  9.92966505e-01
7.78309002e-01  4.24225781e-01  9.40038198e-01
5.33990819e-01  4.43121687e-01  8.85072691e-01
8.73582309e-01  4.04209456e-01  7.42019784e-01
5.51235496e-01  4.71403895e-01  4.25763258e-01
4.60589092e-01  8.11535107e-01  8.81263567e-01
7.17484011e-01  8.77004139e-01  6.76932265e-01
3.60064528e-01  8.04574904e-01  5.51199925e-01
7.59167395e-01  4.26349084e-01  4.44559329e-01
5.15755878e-01  6.16446810e-01  7.18285933e-01
6.32824799e-01  9.70371151e-01  3.36285135e-01
6.90643772e-01  5.82849947e-01  6.43533009e-01
3.97290302e-01  8.25486551e-01  8.06872030e-01
9.89101507e-01  4.97184540e-01  7.42147669e-01
8.17644159e-01  2.68861426e-01  5.05507878e-01
3.17846942e-01  9.06443902e-01  4.17310546e-01
4.23618407e-01  5.40906761e-01  9.31418424e-01
5.07295380e-01  9.33329183e-01  6.62788797e-01
3.11552933e-01  8.41085913e-01  4.38524615e-01
3.74266297e-01  8.17780397e-01  6.35370356e-01
4.20083219e-01  2.92814394e-01  2.68986251e-01
4.08194489e-01  9.79570739e-01  2.97856447e-01
8.50540578e-01  8.28884445e-01  5.19316026e-01
5.48607660e-01  8.85770526e-01  6.31961402e-01
2.59159993e-01  6.93736372e-01  5.36377647e-01
5.63725319e-01  7.16068092e-01  5.15927490e-01
9.48203671e-01  3.42645889e-01  9.83538707e-01
4.71493174e-01  6.13957713e-01  6.38958589e-01
9.14351262e-01  6.06034994e-01  4.53334678e-01
2.83177811e-01  3.99035248e-01  6.09978234e-01
5.39035168e-01  6.45252353e-01  3.36276440e-01
4.32539930e-01  5.98445192e-01  9.10041279e-01
3.57552408e-01  2.93285284e-01  2.66228055e-01
7.00175679e-01  9.72860707e-01  7.34938637e-01
4.97191581e-01  9.54096954e-01  8.44571106e-01
9.83070911e-01  7.42611739e-01  9.00103253e-01
4.97190724e-01  4.01380187e-01  9.99329738e-01
3.89222040e-01  5.17220916e-01  2.72180958e-01
7.30912125e-01  9.57864173e-01  3.20538417e-01
9.82818059e-01  8.05368812e-01  5.64394466e-01
9.66178764e-01  6.67260033e-01  8.52694897e-01
7.68517848e-01  8.58907130e-01  8.84435464e-01
6.74560975e-01  6.39647897e-01  2.56150309e-01
9.00312266e-01  2.67336097e-01  5.94824859e-01
4.66554727e-01  5.21983751e-01  8.51794985e-01
4.24689262e-01  5.14298959e-01  2.53192320e-01
3.22538221e-01  2.65893954e-01  5.44584347e-01
3.55451763e-01  9.31953346e-01  2.54969478e-01
8.69990949e-01  4.43575213e-01  8.11249143e-01
8.92184797e-01  6.02157831e-01  4.25867218e-01
8.57508917e-01  8.28496945e-01  7.36458353e-01
5.01875749e-01  5.55761137e-01  5.59499436e-01
9.07399868e-01  4.42481343e-01  6.78624134e-01
3.77790049e-01  6.42638469e-01  8.37650540e-01
3.88107526e-01  5.70808393e-01  6.19913516e-01
8.85834630e-01  8.69411409e-01  4.52390183e-01
3.05778658e-01  4.81964014e-01  6.88326332e-01
7.64025705e-01  7.48562072e-01  8.89441482e-01
8.87572574e-01  6.25687649e-01  3.44971253e-01
8.27872127e-01  3.69402027e-01  4.50537851e-01
7.91398452e-01  9.83686936e-01  6.39797698e-01
3.85918766e-01  4.75497397e-01  5.40151681e-01
8.93563057e-01  7.97324900e-01  4.55570173e-01
3.38444140e-01  7.47082377e-01  4.95168849e-01
8.55555709e-01  2.81368980e-01  5.63411856e-01
7.73023016e-01  9.48398860e-01  2.51753027e-01
3.25595003e-01  7.21007728e-01  2.52223706e-01
9.01515582e-01  4.34309673e-01  8.55348088e-01
9.31281314e-01  6.98927850e-01  6.72868387e-01
4.83012049e-01  4.55139831e-01  3.32828999e-01
7.98245828e-01  4.79771900e-01  7.84442261e-01
6.59641316e-01  8.94051587e-01  6.75183219e-01
3.60630215e-01  5.48789812e-01  6.11354601e-01
6.95346811e-01  3.27152888e-01  8.85036718e-01
5.85048276e-01  9.51595375e-01  6.38986175e-01
7.74620787e-01  3.97605079e-01  5.17394301e-01
9.79387816e-01  9.86462579e-01  6.13361016e-01
2.63330792e-01  7.58452837e-01  3.85179772e-01
6.58731707e-01  4.39891253e-01  9.86286080e-01
3.81880244e-01  5.79531960e-01  4.39272367e-01
6.13197980e-01  2.56607709e-01  7.17703230e-01
4.96148699e-01  7.31644919e-01  7.68097736e-01
3.22919232e-01  9.88042382e-01  6.49335641e-01
3.94943319e-01  4.23522452e-01  5.26153215e-01
8.07846676e-01  8.91763968e-01  6.82117076e-01
9.10926884e-01  9.03757599e-01  7.79550994e-01
9.32014652e-01  2.53040160e-01  8.83947522e-01
3.89410641e-01  3.32551751e-01  9.84453171e-01
7.63371119e-01  6.56660517e-01  9.71110245e-01
2.88078346e-01  7.69897279e-01  8.97325243e-01
9.12072336e-01  5.86548313e-01  8.57722116e-01
6.40850520e-01  8.72493286e-01  3.71689855e-01
4.62589756e-01  4.04424046e-01  9.59428821e-01
4.93742794e-01  5.40431435e-01  9.26724413e-01
6.22764245e-01  6.45302847e-01  7.94110082e-01
3.10350086e-01  7.38121150e-01  2.55121443e-01
6.65412039e-01  3.66623046e-01  8.15921162e-01
3.22956840e-01  8.62016819e-01  7.59067712e-01
4.57325014e-01  7.67341861e-01  5.30690788e-01
5.14753353e-01  5.65793084e-01  9.82907100e-01
3.29571032e-01  7.15884009e-01  4.95987165e-01
5.88844619e-01  7.07019386e-01  8.38868988e-01
8.78939481e-01  8.75428108e-01  3.35332477e-01
8.68272873e-01  7.09093730e-01  3.05808101e-01
4.98622743e-01  6.03646651e-01  7.77132343e-01
9.44354312e-01  7.50616968e-01  2.66178112e-01
4.39431872e-01  2.60841266e-01  4.56415867e-01
7.01255557e-01  3.74638481e-01  6.89634965e-01
8.13751869e-01  8.13604133e-01  3.04114232e-01
7.26313914e-01  4.86934850e-01  2.67651335e-01
7.69682117e-01  7.43515443e-01  6.74716694e-01
6.98984120e-01  6.54375665e-01  6.13623448e-01
3.56023324e-01  4.25573591e-01  9.48620619e-01
4.97509710e-01  7.78151385e-01  9.81186200e-01
5.58885999e-01  4.24614264e-01  9.64974605e-01
4.44305802e-01  9.12266495e-01  7.58208920e-01
4.79412897e-01  5.00305143e-01  3.38573199e-01
5.73938914e-01  7.23778456e-01  4.10330108e-01
5.26866162e-01  7.86837560e-01  8.76813116e-01
5.79399302e-01  8.90634309e-01  6.85034819e-01
7.62922050e-01  9.12418776e-01  3.57409376e-01
5.17563370e-01  5.32030822e-01  9.07376414e-01
8.32192848e-01  3.44118837e-01  6.63592723e-01
7.16004126e-01  9.59023259e-01  9.41744779e-01
8.42315014e-01  3.82026948e-01  7.99170383e-01
6.58048532e-01  5.16598370e-01  5.10425920e-01
7.77687794e-01  3.79084590e-01  3.58136892e-01
5.30326645e-01  9.37880517e-01  3.69807044e-01
2.68950015e-01  5.28122868e-01  7.58306276e-01
9.28228053e-01  3.98370918e-01  9.21330097e-01
3.59562159e-01  7.77632334e-01  7.34502731e-01
5.98099130e-01  4.67813125e-01  3.66851876e-01
9.60224950e-01  5.52878066e-01  6.55947470e-01
3.60998233e-01  8.73234703e-01  5.42274565e-01
6.35192240e-01  9.56537597e-01  4.70520861e-01
4.83390827e-01  4.42266999e-01  3.98740644e-01
8.65536294e-01  7.19943239e-01  8.36591222e-01
4.07972586e-01  6.36161138e-01  7.01484423e-01
4.32085613e-01  4.71716782e-01  8.97594013e-01
4.69940945e-01  3.77186603e-01  8.74834502e-01
4.43080162e-01  7.04207489e-01  9.10639053e-01
4.57780981e-01  9.07625963e-01  2.92352112e-01
4.25037145e-01  6.48656421e-01  4.02829222e-01
4.93409780e-01  2.58484875e-01  6.22215993e-01
5.11139866e-01  9.71755106e-01  9.71644677e-01
9.36356002e-01  9.02000777e-01  5.55770823e-01
8.70849770e-01  8.29782312e-01  6.70175970e-01
6.47433605e-01  9.22347444e-01  3.54689077e-01
3.45947575e-01  6.78329950e-01  3.14925162e-01
7.64945861e-01  6.65841252e-01  4.91721284e-01
4.71872028e-01  2.64192262e-01  5.95530277e-01
5.83776839e-01  5.80445554e-01  7.69313976e-01
7.36265200e-01  6.43639536e-01  5.28890060e-01
6.24483071e-01  9.79390403e-01  3.46446595e-01
9.17730010e-01  7.80795838e-01  5.99449531e-01
9.97081968e-01  4.05432856e-01  3.78110224e-01
3.69819966e-01  2.94941598e-01  4.09883279e-01
8.05887902e-01  6.69068777e-01  9.36710792e-01
9.61559159e-01  8.61141151e-01  5.09825085e-01
3.84750508e-01  7.58893191e-01  4.14393486e-01
3.85988877e-01  8.35729798e-01  3.69877012e-01
9.02879841e-01  5.99510267e-01  5.95812434e-01
7.50931765e-01  5.09356050e-01  4.17664959e-01
9.56427871e-01  4.36868427e-01  5.03796406e-01
6.15936124e-01  3.29603619e-01  5.20113697e-01
9.66678034e-01  8.79564075e-01  2.70047088e-01
8.32165455e-01  9.66856878e-01  3.59705678e-01
8.59715527e-01  6.13939230e-01  7.32682411e-01
4.44538431e-01  5.68746395e-01  5.96678460e-01
7.21968549e-01  7.46345581e-01  3.39600793e-01
6.42197035e-01  6.52900888e-01  3.18630915e-01
2.79210165e-01  6.50624169e-01  2.96406119e-01
8.06327855e-01  3.03747331e-01  4.29717705e-01
7.80413172e-01  3.62696943e-01  8.27299214e-01
4.86515842e-01  5.10767905e-01  6.61158227e-01
8.76409338e-01  3.01619918e-01  9.74000231e-01
2.55732436e-01  4.00617274e-01  6.63451075e-01
6.60936015e-01  8.58389859e-01  9.49736925e-01
7.38768573e-01  3.75856430e-01  9.22437304e-01
9.76647296e-01  4.84337538e-01  3.58098204e-01
9.54790948e-01  7.37600156e-01  9.22400102e-01
6.82978175e-01  2.77220001e-01  3.04866048e-01
8.49370681e-01  5.75783567e-01  5.74269533e-01
6.00742578e-01  4.48801658e-01  4.91433369e-01
2.82946290e-01  4.70040570e-01  5.38284207e-01
8.04691468e-01  5.76238984e-01  6.16250565e-01
9.03665321e-01  9.98346301e-01  9.72136500e-01
4.65979105e-01  3.60298902e-01  4.56074777e-01
5.35577954e-01  8.42828367e-01  9.64735511e-01
5.47928079e-01  9.98445892e-01  3.33704371e-01
8.14229033e-01  8.68506625e-01  6.21047391e-01
6.65252561e-01  5.14651146e-01  6.56807098e-01
8.79606192e-01  6.77316950e-01  6.60876065e-01
5.80376221e-01  9.83401911e-01  9.72823829e-01
2.63871411e-01  8.42580514e-01  3.53472185e-01
2.76642691e-01  7.17645336e-01  9.67316411e-01
6.76062539e-01  8.73461108e-01  7.65446927e-01
5.78847351e-01  2.95588595e-01  7.79543482e-01
8.12284981e-01  8.26044160e-01  5.06308535e-01
5.34083038e-01  3.89934222e-01  5.74470253e-01
7.33606125e-01  5.16165275e-01  9.37048299e-01
4.68910636e-01  7.61248708e-01  6.30626985e-01
8.88391665e-01  6.81776844e-01  4.75673890e-01
4.84264474e-01  9.73546010e-01  6.88245101e-01
9.38061745e-01  6.10008130e-01  3.76762801e-01
2.63062495e-01  3.65658548e-01  9.72058375e-01
2.80056564e-01  6.84708954e-01  4.91969063e-01
8.13730140e-01  6.63550935e-01  9.07033276e-01
7.68855686e-01  7.46464747e-01  5.80368400e-01
3.97205714e-01  7.42160592e-01  4.43385285e-01
8.33840908e-01  3.36251874e-01  4.93334134e-01
7.07826748e-01  4.58949705e-01  2.89625610e-01
6.20421777e-01  2.79269787e-01  6.87705048e-01
8.85266642e-01  3.31395873e-01  7.85704040e-01
8.29191858e-01  2.92392485e-01  7.81132692e-01
9.32963037e-01  9.01727735e-01  4.06728184e-01
2.81305510e-01  6.59400955e-01  3.20950105e-01
8.78634629e-01  3.72134847e-01  8.71422883e-01
7.37458142e-01  3.08527639e-01  3.36642562e-01
3.85563115e-01  4.25899369e-01  5.53431460e-01
6.42437914e-01  2.70398607e-01  8.87232253e-01
9.33251173e-01  6.30156629e-01  4.92307065e-01
8.46502177e-01  4.53105175e-01  8.71223936e-01
3.51693342e-01  2.78161537e-01  8.45478237e-01
7.38277892e-01  7.15309672e-01  3.96172285e-01
7.40582034e-01  9.78903566e-01  9.60676821e-01
4.71826384e-01  3.35019080e-01  5.81997964e-01
2.78706280e-01  5.27473110e-01  6.53600583e-01
5.41764035e-01  4.93872019e-01  5.50754260e-01
9.33395839e-01  3.81446248e-01  5.07984341e-01
7.47233837e-01  4.51438727e-01  8.70556029e-01
8.13846817e-01  9.78633160e-01  8.32099849e-01
5.17445030e-01  4.20619027e-01  6.67894974e-01
4.63284169e-01  6.67473181e-01  6.89077741e-01
3.69869831e-01  2.69314921e-01  6.80120734e-01
3.71011330e-01  3.82799175e-01  5.91179501e-01
3.22164568e-01  7.90163080e-01  5.11946778e-01
7.19641763e-01  4.27842579e-01  6.68947067e-01
8.81611726e-01  8.19232808e-01  7.41840004e-01
8.79008088e-01  7.32407227e-01  7.29148300e-01
4.49640195e-01  4.58340074e-01  3.82036343e-01
6.29191928e-01  2.88528000e-01  9.43057909e-01
4.88907046e-01  8.52064468e-01  6.53762438e-01
5.76382521e-01  6.98574236e-01  3.76047306e-01
8.60616576e-01  7.52461903e-01  2.98810979e-01
7.28531881e-01  4.18794191e-01  7.92626097e-01
7.46996448e-01  5.71538716e-01  2.68473750e-01
3.45093299e-01  3.33719993e-01  7.65181826e-01
9.83171495e-01  7.53259149e-01  4.25091208e-01
4.26734664e-01  5.12710788e-01  9.85190510e-01
3.71429957e-01  7.76375845e-01  7.55875865e-01
6.91792917e-01  9.54564115e-01  5.84494738e-01
9.34671729e-01  3.52743290e-01  4.51192064e-01
3.22883107e-01  5.35917689e-01  7.24724354e-01
5.95728079e-01  5.59667903e-01  6.01050822e-01
7.44239659e-01  2.75632000e-01  7.49254805e-01
9.13906825e-01  5.97780106e-01  3.37017534e-01
5.93985850e-01  8.12746413e-01  7.21266357e-01
6.85775544e-01  9.06907566e-01  2.85355046e-01
8.34760287e-01  7.11998097e-01  8.89783630e-01
5.77016421e-01  4.58674065e-01  6.73920307e-01
2.99074354e-01  3.28998453e-01  4.39315561e-01
8.00366121e-01  8.62989506e-01  8.82872759e-01
7.31816814e-01  7.33440241e-01  9.00389984e-01
6.71636888e-01  4.07589796e-01  3.25808845e-01
9.48832582e-01  3.11656963e-01  5.26512395e-01
9.07187076e-01  5.08658700e-01  8.30525169e-01
4.80865808e-01  7.43626868e-01  4.38669259e-01
3.71375888e-01  6.22000792e-01  2.64954695e-01
9.20041373e-01  7.21935372e-01  5.15676953e-01
5.83426116e-01  4.72444417e-01  6.49745109e-01
3.90769384e-01  8.97031996e-01  4.04502435e-01
9.38799078e-01  8.71647734e-01  4.58602560e-01
7.34109289e-01  5.69747024e-01  7.84145838e-01
6.85709484e-01  6.18042991e-01  2.50639675e-01
6.33806264e-01  2.78980499e-01  8.06236415e-01
4.32224578e-01  6.94946428e-01  2.91857306e-01
5.83103872e-01  6.84710639e-01  9.81088048e-01
8.09425101e-01  3.74702982e-01  6.59281357e-01
6.70904915e-01  4.27995690e-01  8.37617141e-01
9.29994051e-01  5.27274446e-01  7.97041207e-01
3.10782906e-01  7.04406134e-01  9.83910766e-01
4.03683078e-01  4.21858078e-01  6.20633916e-01
6.03695953e-01  5.09768797e-01  8.27864015e-01
5.09645659e-01  4.01859018e-01  9.80327025e-01
3.43138907e-01  7.78588069e-01  8.91682981e-01
3.04009579e-01  4.89180360e-01  8.34189004e-01
3.10634178e-01  6.74239741e-01  4.60890286e-01
6.01087549e-01  4.19322588e-01  7.93781597e-01
2.67664159e-01  9.96151088e-01  3.93336897e-01
8.58931705e-01  9.66431622e-01  7.86239300e-01
7.51677927e-01  4.12419963e-01  9.98129263e-01
7.53626437e-01  3.33215436e-01  4.38219308e-01
4.44570791e-01  8.65219308e-01  5.39242577e-01
7.88202513e-01  3.11802857e-01  9.85797115e-01
5.27588974e-01  7.47489019e-01  3.06285033e-01
9.31974161e-01  2.73919551e-01  8.70313957e-01
6.67996556e-01  7.10787137e-01  4.63660620e-01
7.03846601e-01  9.67912437e-01  4.08275678e-01
2.91125900e-01  6.12279030e-01  7.67821432e-01
8.91564863e-01  5.30968576e-01  9.60942268e-01
7.86957091e-01  4.08427136e-01  9.66497522e-01
3.63468905e-01  6.77623505e-01  5.50903279e-01
5.01166774e-01  2.69130469e-01  4.97162349e-01
5.79165604e-01  2.66008115e-01  7.32912328e-01
6.57096718e-01  9.79646607e-01  9.61397559e-01
9.87071213e-01  4.37545133e-01  4.94423558e-01
9.55612071e-01  8.04001023e-01  3.24766023e-01
6.15467576e-01  3.26404212e-01  8.17969509e-01
7.85937846e-01  4.75707525e-01  2.57202221e-01
8.23567860e-01  9.61418444e-01  3.07817640e-01
4.93425308e-01  4.69222381e-01  7.38716722e-01
7.25834688e-01  6.73403777e-01  3.37555905e-01
9.75968054e-01  9.05336077e-01  5.10354124e-01
3.61376999e-01  7.80637396e-01  8.50298797e-01
4.11957251e-01  5.18116155e-01  3.36139955e-01
5.36393006e-01  3.28609360e-01  4.59387794e-01
5.79292566e-01  9.78985882e-01  8.86634006e-01
8.33548756e-01  4.17316330e-01  9.86466863e-01
4.96270849e-01  7.73798583e-01  4.60494786e-01
6.83572240e-01  3.30116489e-01  8.90599842e-01
5.52238390e-01  8.36188471e-01  6.06977240e-01
8.57032053e-01  7.33003811e-01  8.95188751e-01
7.88224185e-01  8.74531256e-01  7.53597419e-01
6.77435823e-01  7.58692571e-01  8.55322975e-01
9.93889405e-01  5.10864236e-01  3.88919916e-01
5.73562656e-01  4.84754600e-01  5.34530791e-01
6.87881152e-01  9.72851730e-01  4.99295716e-01
7.69064574e-01  8.02508381e-01  5.51767378e-01
4.42808085e-01  9.08653408e-01  6.89871916e-01
4.87246539e-01  4.76451945e-01  4.61555743e-01
3.93166481e-01  5.66343600e-01  8.99513552e-01
8.74465366e-01  5.42808090e-01  3.44154957e-01
6.40231789e-01  8.34616813e-01  6.02765768e-01
6.25528450e-01  3.74353897e-01  4.96117754e-01
5.20851728e-01  6.90446741e-01  7.81660330e-01
4.47555796e-01  9.85201374e-01  7.53043407e-01
3.47629815e-01  9.03715480e-01  9.10086988e-01
7.77985542e-01  2.62138372e-01  3.33655542e-01
8.53344962e-01  9.07488843e-01  5.97185203e-01
4.68369403e-01  5.56357547e-01  8.75019006e-01
6.89472639e-01  3.63533549e-01  7.69209324e-01
5.99722062e-01  7.02160097e-01  6.96410878e-01
2.57955442e-01  4.23268744e-01  9.81103949e-01
7.07641447e-01  7.58366863e-01  7.64035289e-01
9.21471884e-01  8.17554090e-01  9.48548375e-01
3.42788812e-01  9.79308833e-01  4.71084830e-01
9.47271015e-01  9.65899441e-01  9.08797310e-01
9.69138021e-01  7.45835006e-01  8.07757875e-01
8.58800732e-01  8.76200779e-01  8.15202972e-01
8.50440556e-01  8.28126882e-01  8.33081425e-01
8.34700613e-01  8.40533314e-01  3.90451095e-01
3.65660142e-01  4.06636874e-01  9.31304043e-01
6.15918503e-01  7.97062873e-01  8.61340854e-01
6.12300070e-01  4.52477952e-01  3.02237072e-01
6.05856322e-01  8.65642320e-01  9.43280418e-01
5.24115119e-01  3.73770707e-01  6.40746759e-01
3.86414364e-01  8.33064223e-01  5.98149986e-01
7.36577381e-01  3.19513273e-01  5.06964270e-01
3.42393383e-01  3.81041139e-01  2.99356439e-01
2.72725724e-01  9.43873079e-01  6.64085964e-01
2.84445488e-01  7.18159671e-01  3.67889201e-01
7.01412948e-01  4.31707492e-01  9.38543219e-01
5.11722377e-01  6.97899628e-01  8.56382166e-01
9.27075729e-01  3.87171942e-01  9.74589041e-01
8.35014215e-01  4.85825191e-01  5.77645283e-01
