8.43783024e-01  8.74268230e-01  3.69231475e-01
6.07589073e-01  5.80265013e-01  3.53792644e-01
3.21494810e-01  5.09989475e-01  4.57340138e-01
6.61441784e-01  8.66641457e-01  6.86060914e-01
4.41607671e-01  5.48206532e-01  5.15415458e-01
5.93225264e-01  8.79911851e-01  5.00388780e-01
5.52024258e-01  8.53653583e-01  9.26367595e-01
8.79138889e-01  2.58901484e-01  3.58737226e-01
7.94357501e-01  6.98827391e-01  5.81091607e-01
6.75825177e-01  4.76899701e-01  2.51100686e-01
6.66799608e-01  5.32929594e-01  6.46431342e-01
5.89855883e-01  9.03373336e-01  5.02733021e-01
4.26547974e-01  9.54420640e-01  4.03049458e-01
2.75123395e-01  6.53241800e-01  8.76084692e-01
6.07280302e-01  7.94429892e-01  4.95933054e-01
3.73265584e-01  3.02812358e-01  2.95256391e-01
9.57570708e-01  7.36808826e-01  8.97265250e-01
3.34604440e-01  4.86622688e-01  9.14439605e-01
5.14843406e-01  2.89485043e-01  7.02038379e-01
4.13277772e-01  5.43933564e-01  6.28692470e-01
9.19861716e-01  9.49769336e-01  8.73359269e-01
3.16025671e-01  7.39560003e-01  9.14254880e-01
9.69070029e-01  7.14857671e-01  6.68641601e-01
9.00350566e-01  9.62721996e-01  2.74510283e-01
4.23082031e-01  3.75128550e-01  8.02130013e-01
9.93366560e-01  5.57346078e-01  3.77833867e-01
7.44975795e-01  7.09325081e-01  6.17232687e-01
8.75585461e-01  7.81982388e-01  3.33813004e-01
9.53982381e-01  3.05826736e-01  3.98717068e-01
4.93913414e-01  4.53766426e-01  5.11870093e-01
4.18594172e-01  7.96662220e-01  3.67793551e-01
2.86463365e-01  8.96504710e-01  9.81596727e-01
3.11329105e-01  2.57546622e-01  5.91276508e-01
8.63777034e-01  9.26303590e-01  3.09708222e-01
7.52639501e-01  4.95936596e-01  7.80033388e-01
2.83410611e-01  7.43835847e-01  4.64990358e-01
9.18320985e-01  7.51469871e-01  8.50872853e-01
4.70016522e-01  8.15480417e-01  8.36307182e-01
8.30575354e-01  5.90658540e-01  4.19807166e-01
6.12322822e-01  9.03124770e-01  9.55856144e-01
4.71246334e-01  2.94950743e-01  4.67573614e-01
6.82721775e-01  5.23258009e-01  8.83154439e-01
4.70376288e-01  6.97108668e-01  4.14811895e-01
6.28380481e-01  4.42113267e-01  6.23254921e-01
2.74100424e-01  9.76740002e-01  9.06901110e-01
7.07143836e-01  5.15241959e-01  6.26150490e-01
4.13473746e-01  7.67641191e-01  3.89335365e-01
9.01435921e-01  3.68957567e-01  9.42583551e-01
7.38060624e-01  9.54255879e-01  9.12587952e-01
5.67547694e-01  3.68145513e-01  5.56685291e-01
8.28689841e-01  2.75651923e-01  5.92164395e-01
8.66391627e-01  9.48213646e-01  7.58988671e-01
6.85553359e-01  6.97600475e-01  7.59572172e-01
8.68310526e-01  6.99670840e-01  9.57864895e-01
5.50227103e-01  9.71413375e-01  7.99918707e-01
3.84301891e-01  3.83536874e-01  9.01118704e-01
4.80385885e-01  3.10543404e-01  9.84146917e-01
3.42712006e-01  7.65517338e-01  7.61746863e-01
9.63523215e-01  7.50527137e-01  4.18678368e-01
5.46334710e-01  7.81341644e-01  9.05529495e-01
5.79076994e-01  8.62211171e-01  8.77599345e-01
5.55734521e-01  2.60534086e-01  7.95755302e-01
9.74034115e-01  5.29129611e-01  4.65315372e-01
8.82045779e-01  6.81028894e-01  2.71334024e-01
5.24179903e-01  3.47329569e-01  7.89724715e-01
9.73907557e-01  3.69142858e-01  2.67795813e-01
8.11444250e-01  7.82411676e-01  5.91310938e-01
5.72727470e-01  5.30618623e-01  8.37312046e-01
9.52689301e-01  6.49449488e-01  7.17429759e-01
6.68008949e-01  7.10518936e-01  4.63728770e-01
8.13766966e-01  8.13297136e-01  3.04158931e-01
9.44371832e-01  7.50333738e-01  2.66217235e-01
7.60995113e-01  8.90238893e-01  3.27237761e-01
7.60212240e-01  2.55147982e-01  6.94554288e-01
5.32419728e-01  7.74005442e-01  8.29170128e-01
8.73590325e-01  9.29818546e-01  6.36839552e-01
8.17788519e-01  2.80537933e-01  2.84952747e-01
7.91210772e-01  9.59231807e-01  8.68457564e-01
4.17441814e-01  3.82895780e-01  6.55345106e-01
3.44091491e-01  7.05609126e-01  9.94587090e-01
6.37298167e-01  4.68938361e-01  2.69447876e-01
2.75399409e-01  5.13313293e-01  9.60856951e-01
4.73146818e-01  7.07885803e-01  3.61960605e-01
3.08901512e-01  3.74082968e-01  2.83793819e-01
5.76393214e-01  6.98310643e-01  3.76102578e-01
9.58482632e-01  3.29322624e-01  6.90591799e-01
2.63067376e-01  3.65520574e-01  9.72201251e-01
9.65900531e-01  9.35471844e-01  6.15483655e-01
5.52330340e-01  5.37553311e-01  7.90623326e-01
7.19744520e-01  4.16589978e-01  8.88051809e-01
8.69390974e-01  3.13167389e-01  4.11472943e-01
6.75072427e-01  8.54077334e-01  5.33949974e-01
4.98721367e-01  5.66400389e-01  6.54724977e-01
8.18180400e-01  6.96333394e-01  3.85573140e-01
3.07446860e-01  9.01832974e-01  6.96072944e-01
3.18542223e-01  2.73901366e-01  9.72024354e-01
4.31433055e-01  2.73523729e-01  5.67459624e-01
9.45396140e-01  5.28660401e-01  9.90451807e-01
6.18674810e-01  8.40860603e-01  4.85747874e-01
9.14562094e-01  3.19360383e-01  6.58624135e-01
4.44314044e-01  9.11922269e-01  7.58320365e-01
8.40179096e-01  7.31025154e-01  8.05692111e-01
3.22205489e-01  9.39575760e-01  3.24777218e-01
9.60065722e-01  5.42713826e-01  8.09710717e-01
6.54041280e-01  4.92690916e-01  8.91308466e-01
4.79214927e-01  6.00876146e-01  6.92958512e-01
8.13553824e-01  6.50059296e-01  9.20503471e-01
5.50044350e-01  5.28362610e-01  3.25084366e-01
7.00438355e-01  6.70873673e-01  2.75387295e-01
7.68532105e-01  8.58583039e-01  8.84565461e-01
4.99644046e-01  3.70868165e-01  8.78415140e-01
5.25149073e-01  9.06879978e-01  5.36439249e-01
8.50532569e-01  6.57668182e-01  6.03033298e-01
3.12160743e-01  8.96459779e-01  5.05222405e-01
3.64929516e-01  5.05594957e-01  6.16229346e-01
5.78387162e-01  8.50725866e-01  3.23611354e-01
2.60378067e-01  2.89066411e-01  2.64384361e-01
8.11208221e-01  3.34927636e-01  3.60082081e-01
8.20182731e-01  7.98739454e-01  4.05703000e-01
4.59910066e-01  3.66196310e-01  9.08126042e-01
2.96724996e-01  7.53477598e-01  8.86339849e-01
8.99139498e-01  4.08152747e-01  8.48229370e-01
9.15897924e-01  9.51279945e-01  9.35149309e-01
6.87368636e-01  8.46930912e-01  9.54655381e-01
9.22445596e-01  7.94935773e-01  3.44511497e-01
2.76330933e-01  5.63321788e-01  7.81558111e-01
5.46507083e-01  4.84452249e-01  5.47490265e-01
6.76936385e-01  7.85019911e-01  7.05458778e-01
8.35793934e-01  6.54284304e-01  8.38880109e-01
4.32639459e-01  8.22500208e-01  6.49611020e-01
6.11509668e-01  4.84780508e-01  6.01762423e-01
3.41867885e-01  3.15382364e-01  5.38432364e-01
7.97409989e-01  6.82569544e-01  3.42319547e-01
5.84678774e-01  8.33041543e-01  4.01144393e-01
2.69290049e-01  2.77931308e-01  7.02911635e-01
4.79279213e-01  9.16228130e-01  5.67822338e-01
3.54687580e-01  7.69308755e-01  3.55539149e-01
9.74159158e-01  8.15965217e-01  8.58712032e-01
3.38450419e-01  7.46800481e-01  4.95241631e-01
9.15260274e-01  7.01972494e-01  7.46462582e-01
5.32455266e-01  3.90981250e-01  4.65067974e-01
6.57654830e-01  6.93661643e-01  6.28177208e-01
8.13813021e-01  7.73554833e-01  3.86148313e-01
4.45698917e-01  6.08096092e-01  8.38737249e-01
9.47516001e-01  4.66580037e-01  7.67890897e-01
7.31305193e-01  4.31527554e-01  2.85594108e-01
5.81587117e-01  8.53101563e-01  8.07267370e-01
9.94747454e-01  2.93209949e-01  2.91991215e-01
6.57457873e-01  9.80801751e-01  7.88451012e-01
5.21486462e-01  7.30576307e-01  8.16900637e-01
9.92628911e-01  4.86311434e-01  9.43809880e-01
4.93480352e-01  5.77625766e-01  9.15091045e-01
6.23964678e-01  6.32959411e-01  4.43160434e-01
9.23556381e-01  3.14440321e-01  9.36882480e-01
3.85343418e-01  9.36736726e-01  2.87675997e-01
2.88164746e-01  2.98657769e-01  9.92744108e-01
9.08935605e-01  6.65573099e-01  7.85991536e-01
6.49249920e-01  8.99371274e-01  7.01615415e-01
9.18648739e-01  8.31541522e-01  9.24990541e-01
4.75452663e-01  4.87762274e-01  9.29231433e-01
8.92878219e-01  8.91001911e-01  6.31452714e-01
3.28260608e-01  2.98816494e-01  7.64543051e-01
8.18966624e-01  5.28152233e-01  6.34755992e-01
6.95966434e-01  9.69084137e-01  4.43564194e-01
8.67485711e-01  8.92657305e-01  2.82354901e-01
9.57789274e-01  2.50512291e-01  5.16514501e-01
3.71181884e-01  7.40772666e-01  6.29619013e-01
4.51387887e-01  5.38487232e-01  2.93007850e-01
6.99782862e-01  6.95018253e-01  7.43424877e-01
5.15111095e-01  5.00165578e-01  4.93659560e-01
6.76655163e-01  4.94471297e-01  8.22454880e-01
4.62288546e-01  8.56693952e-01  4.06622681e-01
3.91217572e-01  7.66594929e-01  4.39930809e-01
5.40170478e-01  7.70167940e-01  4.27286672e-01
4.02217101e-01  4.17478738e-01  3.73654502e-01
5.62046480e-01  7.28010325e-01  2.53862907e-01
6.14352320e-01  5.62155473e-01  2.60278248e-01
9.22733792e-01  8.97223163e-01  8.07190745e-01
4.43971158e-01  3.62857948e-01  3.57427689e-01
6.05855018e-01  7.74686663e-01  3.61743805e-01
3.30021137e-01  5.94991503e-01  7.90850701e-01
3.97765373e-01  7.86834404e-01  7.32402836e-01
8.09638434e-01  3.67478579e-01  6.32610811e-01
9.31521203e-01  3.54027676e-01  9.02270476e-01
3.25632416e-01  9.96007852e-01  9.37594040e-01
6.94164042e-01  4.50611527e-01  6.57539252e-01
3.10788671e-01  7.04140340e-01  9.84055385e-01
3.51977972e-01  3.10409271e-01  5.75946525e-01
5.56552901e-01  8.96600602e-01  4.66838275e-01
8.39331831e-01  6.75229990e-01  5.65503925e-01
7.34421986e-01  8.64622954e-01  5.94819021e-01
9.78601212e-01  6.66222495e-01  5.53535841e-01
6.84530021e-01  8.21025138e-01  7.42640786e-01
5.73424269e-01  5.31428290e-01  7.71899959e-01
6.30461300e-01  8.81140920e-01  2.74411111e-01
2.81656130e-01  9.15793086e-01  6.88024853e-01
5.48941142e-01  9.53064540e-01  3.71933298e-01
6.14072870e-01  3.59337403e-01  8.93275458e-01
9.66196688e-01  6.67008256e-01  8.52820229e-01
7.21334371e-01  7.08353952e-01  6.16701274e-01
8.45523411e-01  5.47517679e-01  7.17400021e-01
9.73546274e-01  9.36264404e-01  3.51892706e-01
5.38901605e-01  4.87313945e-01  6.31134989e-01
4.91033153e-01  4.31671085e-01  8.87214968e-01
3.77011321e-01  7.68908806e-01  9.76383159e-01
8.00380970e-01  8.62663874e-01  8.83002526e-01
5.69789014e-01  7.29201297e-01  9.80409158e-01
2.79215345e-01  6.50378669e-01  2.96449686e-01
5.82699713e-01  8.92809871e-01  7.20391781e-01
7.18283086e-01  6.33629537e-01  7.77695271e-01
3.62235808e-01  8.60581736e-01  7.74753993e-01
5.39045168e-01  6.45008880e-01  3.36325867e-01
3.62339084e-01  2.56066151e-01  6.08242300e-01
8.44775247e-01  9.25429894e-01  5.32769066e-01
3.15935104e-01  8.13242472e-01  5.20297802e-01
5.02266775e-01  3.49076020e-01  8.26314145e-01
4.82833348e-01  4.67067085e-01  5.91430525e-01
6.54560927e-01  3.38064212e-01  9.64224138e-01
3.86421533e-01  8.32749883e-01  5.98237905e-01
6.44967338e-01  9.82237341e-01  6.74538802e-01
5.50901913e-01  8.80664842e-01  5.44773168e-01
6.78746582e-01  3.97676321e-01  3.80695469e-01
6.84367754e-01  2.94497976e-01  6.16727489e-01
6.65371321e-01  4.09974959e-01  8.87807588e-01
7.51691873e-01  4.12264344e-01  9.98275972e-01
5.80213372e-01  6.39413779e-01  2.51459545e-01
7.07654575e-01  7.58080708e-01  7.64147589e-01
7.79004143e-01  9.97137146e-01  8.34020136e-01
7.87802280e-01  6.76000454e-01  5.91372560e-01
9.16083453e-01  5.61617154e-01  5.74257351e-01
8.89503822e-01  8.56130393e-01  9.87306722e-01
3.09188495e-01  4.08326070e-01  9.77681080e-01
3.87168597e-01  9.55724280e-01  7.95186302e-01
5.50665115e-01  3.65936378e-01  6.89172684e-01
9.01483376e-01  4.89355505e-01  6.84007919e-01
6.16953832e-01  9.21784874e-01  9.55882587e-01
8.06447173e-01  6.14514075e-01  8.53988948e-01
6.52989086e-01  6.80505399e-01  6.15623308e-01
3.04740424e-01  6.72063322e-01  2.74651583e-01
5.86636161e-01  8.37764475e-01  6.10936139e-01
6.39755787e-01  9.15518778e-01  5.67761695e-01
3.53909620e-01  7.98079245e-01  5.15631915e-01
6.93947344e-01  4.46832536e-01  7.57327106e-01
7.98527653e-01  6.64654621e-01  6.70742971e-01
3.43087373e-01  7.21448845e-01  4.58294640e-01
5.37240546e-01  5.69440546e-01  8.26537297e-01
3.96740771e-01  3.25810971e-01  6.55566436e-01
8.93398691e-01  3.06274346e-01  5.54669879e-01
3.49732522e-01  8.58222939e-01  8.43459102e-01
8.19230289e-01  4.42964344e-01  4.37237096e-01
9.21117259e-01  3.80770839e-01  9.31733992e-01
8.82177558e-01  9.51947050e-01  8.22199889e-01
5.09834590e-01  2.53902524e-01  4.98584408e-01
8.21748670e-01  2.70825792e-01  6.39897297e-01
8.25877289e-01  6.74012638e-01  5.19972865e-01
5.24225720e-01  8.72688293e-01  6.74342760e-01
7.56333443e-01  5.34280004e-01  8.09611372e-01
2.53948335e-01  5.56646931e-01  8.11641421e-01
5.07576635e-01  5.36059578e-01  8.41752824e-01
2.91684223e-01  4.58305351e-01  8.52407494e-01
8.70865926e-01  8.29469210e-01  6.70274475e-01
2.83683676e-01  6.30769685e-01  4.96348479e-01
9.01169845e-01  7.74364911e-01  3.95070426e-01
9.41970265e-01  6.39788589e-01  3.61498135e-01
4.99009736e-01  8.23482313e-01  7.78525198e-01
9.90286876e-01  3.49895983e-01  6.39755315e-01
8.52468367e-01  3.75929883e-01  6.04432703e-01
6.02313087e-01  9.16594700e-01  8.18378648e-01
8.56466025e-01  4.89037633e-01  2.67781325e-01
9.20106012e-01  3.03018574e-01  7.84564227e-01
4.40959604e-01  9.82143448e-01  4.65721003e-01
5.93082838e-01  8.76097255e-01  7.74567794e-01
8.27624030e-01  3.47883866e-01  4.60630497e-01
2.74039657e-01  3.31732427e-01  5.24521279e-01
6.68030935e-01  9.68220689e-01  3.80010679e-01
6.54628595e-01  5.07145057e-01  9.17765269e-01
5.52248635e-01  8.35872951e-01  6.07066456e-01
3.40142243e-01  4.00518436e-01  7.46131745e-01
4.37978622e-01  4.18402796e-01  2.87086135e-01
9.05408164e-01  3.52303971e-01  8.13352805e-01
4.61885691e-01  9.94161792e-01  4.99642600e-01
9.53404027e-01  4.05848565e-01  2.83226778e-01
5.10532557e-01  7.10752636e-01  9.10903949e-01
8.50456334e-01  8.27814405e-01  8.33203874e-01
6.01255069e-01  5.04383266e-01  3.64153013e-01
3.06611565e-01  5.34265583e-01  5.85771238e-01
5.91335937e-01  7.34797322e-01  8.19812116e-01
3.40376682e-01  9.77557627e-01  5.88905707e-01
3.62695563e-01  6.18118168e-01  3.39797853e-01
6.51593522e-01  9.18988537e-01  8.40548180e-01
6.11936972e-01  3.23771728e-01  3.06454134e-01
8.59941711e-01  9.70611955e-01  8.71844342e-01
5.54153048e-01  8.05691512e-01  6.13935816e-01
7.41988873e-01  6.18388084e-01  5.49216038e-01
8.20586926e-01  5.69840152e-01  7.66807756e-01
8.43374063e-01  5.39936510e-01  5.48418486e-01
8.03420975e-01  7.85779490e-01  7.43873340e-01
8.22935198e-01  8.43293034e-01  2.96779644e-01
3.58865343e-01  4.03449223e-01  2.84628994e-01
2.87430474e-01  5.39102277e-01  9.15088666e-01
8.75638074e-01  9.57538376e-01  7.18783299e-01
5.82899737e-01  5.23959030e-01  3.51024908e-01
3.28365508e-01  4.76694499e-01  2.75310648e-01
5.46752919e-01  3.80663948e-01  9.92943137e-01
3.34378214e-01  7.99556671e-01  7.89801493e-01
3.30752453e-01  8.13302575e-01  9.46416405e-01
5.73287095e-01  4.51212936e-01  5.10813500e-01
4.21762345e-01  5.04909241e-01  4.90722987e-01
3.02900246e-01  5.06900681e-01  7.01121157e-01
5.14323275e-01  5.43691469e-01  2.71822189e-01
2.98344244e-01  9.71947660e-01  5.80487573e-01
2.70476122e-01  8.32653795e-01  2.71250250e-01
3.94632666e-01  4.37854354e-01  8.94940555e-01
4.39335999e-01  3.04895649e-01  8.05146424e-01
5.09343094e-01  4.07725295e-01  8.35289713e-01
5.44068342e-01  3.26112051e-01  8.10094248e-01
4.99099983e-01  2.80192196e-01  4.16697854e-01
6.02862514e-01  8.10087889e-01  8.91527953e-01
6.11915901e-01  9.86484637e-01  5.64432045e-01
7.62891785e-01  6.76446314e-01  2.77932883e-01
3.61547443e-01  9.30974859e-01  4.28553565e-01
9.55328596e-01  9.55442597e-01  5.77548000e-01
6.03224084e-01  2.74485237e-01  6.57150645e-01
9.91666262e-01  3.43167364e-01  7.59824456e-01
5.20861391e-01  6.90186215e-01  7.81775221e-01
4.14628710e-01  6.23876546e-01  7.57372234e-01
7.78548742e-01  5.80593559e-01  5.09147626e-01
2.61456061e-01  3.07156300e-01  7.12556569e-01
2.86090307e-01  7.80668689e-01  7.65969294e-01
6.59741453e-01  8.32308079e-01  3.66320435e-01
3.68163706e-01  9.50876641e-01  3.61300770e-01
9.97392158e-01  3.96498925e-01  2.90892961e-01
3.84156873e-01  9.19674548e-01  5.19602988e-01
5.19861724e-01  6.51765298e-01  5.28462548e-01
3.12301041e-01  9.96288152e-01  8.99021968e-01
5.96676436e-01  7.71969939e-01  5.00460059e-01
4.75791415e-01  2.70578760e-01  8.13086101e-01
8.00325837e-01  9.72473443e-01  3.75470875e-01
3.68302815e-01  4.07668749e-01  6.00946985e-01
6.56240776e-01  5.22998561e-01  5.48835335e-01
6.83746288e-01  7.73713339e-01  4.77389770e-01
7.16017410e-01  9.58661391e-01  9.41883200e-01
6.79111993e-01  7.69576996e-01  5.06526287e-01
9.67112488e-01  9.98204644e-01  5.12515198e-01
2.76736019e-01  2.91154028e-01  9.29183304e-01
4.49104022e-01  3.00823670e-01  7.01019494e-01
5.16570762e-01  9.94853313e-01  4.16262938e-01
5.63394389e-01  5.72414876e-01  2.59991253e-01
4.78450298e-01  7.92898057e-01  3.46493222e-01
9.97100466e-01  4.05279874e-01  3.78165800e-01
4.53749310e-01  3.87328229e-01  6.37921936e-01
7.86128762e-01  7.66096398e-01  3.44205995e-01
6.23644721e-01  5.89661786e-01  7.89832020e-01
6.74899975e-01  2.54293166e-01  3.27448367e-01
9.03682086e-01  9.97969595e-01  9.72279388e-01
9.51860440e-01  9.43756129e-01  3.31666138e-01
6.73890336e-01  6.68910741e-01  3.97458490e-01
5.30336484e-01  9.37526626e-01  3.69861400e-01
4.62593203e-01  5.83249373e-01  5.39683892e-01
8.40233148e-01  6.53476840e-01  2.61445463e-01
6.49622349e-01  5.84843845e-01  7.14151271e-01
7.30209868e-01  8.77163765e-01  7.86657431e-01
3.29811261e-01  2.88129441e-01  9.50002243e-01
9.59526216e-01  3.24844787e-01  8.04920374e-01
9.00739076e-01  9.07129910e-01  7.15212277e-01
2.54786542e-01  9.21442076e-01  2.54177459e-01
7.03928150e-01  7.04710133e-01  3.40484776e-01
7.07300879e-01  3.82916690e-01  8.91126549e-01
2.80639897e-01  5.74114873e-01  5.89792627e-01
4.61450639e-01  2.81195719e-01  3.10278532e-01
8.81556573e-01  3.42262626e-01  7.08835834e-01
9.85972691e-01  4.34813598e-01  6.82814479e-01
8.34830620e-01  9.84829212e-01  3.07152841e-01
8.69517299e-01  6.03140550e-01  7.17388197e-01
7.12930696e-01  9.50557391e-01  9.53725179e-01
6.33250063e-01  9.98998990e-01  5.98344832e-01
6.49249879e-01  5.10676205e-01  5.12139890e-01
5.26817645e-01  7.78585338e-01  2.65131763e-01
7.05923852e-01  6.90636813e-01  3.25997611e-01
4.41930995e-01  3.85693898e-01  7.01055436e-01
4.16812120e-01  3.18067787e-01  5.76836149e-01
5.11364474e-01  9.65958000e-01  6.80328416e-01
7.40011243e-01  5.34055592e-01  7.24839689e-01
3.43008121e-01  3.01282244e-01  4.20836909e-01
9.29700846e-01  9.87132850e-01  2.83319374e-01
3.38345989e-01  6.20847485e-01  8.69333892e-01
5.19322948e-01  9.53082835e-01  9.69651222e-01
7.43196839e-01  3.70111360e-01  5.43923456e-01
3.40583515e-01  8.79475589e-01  6.75494483e-01
4.93751954e-01  5.40227514e-01  9.26860626e-01
7.32105517e-01  9.95756835e-01  8.88413135e-01
9.79119445e-01  8.94450877e-01  4.52993245e-01
6.19771377e-01  9.93118517e-01  5.77858814e-01
9.45434855e-01  7.85918946e-01  7.14260202e-01
4.30512633e-01  9.36290697e-01  5.26781432e-01
6.76157677e-01  9.31913429e-01  6.67450821e-01
5.49139409e-01  9.90052002e-01  7.62436735e-01
9.26059281e-01  9.74950634e-01  4.06426530e-01
6.14872059e-01  5.73374044e-01  3.41394687e-01
8.62289535e-01  6.86451144e-01  4.49090089e-01
4.12450883e-01  8.24331337e-01  7.37201126e-01
4.26316202e-01  7.80252387e-01  7.14947563e-01
7.35270180e-01  2.64290933e-01  3.42749246e-01
3.22544205e-01  2.65793624e-01  5.44664392e-01
4.05825428e-01  4.88875185e-01  3.72236927e-01
4.49631432e-01  8.32690712e-01  3.72526373e-01
4.23626266e-01  5.40702660e-01  9.31555327e-01
2.91709133e-01  7.56070889e-01  3.23324861e-01
3.11481750e-01  4.60166270e-01  9.02784894e-01
7.61896568e-01  7.87890908e-01  7.47187249e-01
3.18309646e-01  9.63566891e-01  8.67751982e-01
8.01612628e-01  8.01793174e-01  3.24463374e-01
4.07587109e-01  9.76821283e-01  2.99960502e-01
2.59757817e-01  7.56519868e-01  6.29524919e-01
5.99733189e-01  7.01895151e-01  6.96513239e-01
5.06495121e-01  2.65762139e-01  6.31089965e-01
4.93512559e-01  9.41858795e-01  8.24441678e-01
8.70311489e-01  8.36146612e-01  5.31465732e-01
8.66002062e-01  6.29136728e-01  9.05072183e-01
8.79576206e-01  8.80403219e-01  2.69215774e-01
4.15325920e-01  7.04813859e-01  8.45323318e-01
5.87812100e-01  8.81231081e-01  2.95785176e-01
9.41997589e-01  7.84905042e-01  3.54365778e-01
3.45780466e-01  5.22270779e-01  8.98622929e-01
4.30370162e-01  3.98200778e-01  5.66011957e-01
7.02362334e-01  7.60091737e-01  5.85369656e-01
7.02468501e-01  4.43526306e-01  6.48068949e-01
7.89817782e-01  3.88734814e-01  6.54533714e-01
9.18558736e-01  5.35728528e-01  5.28170692e-01
5.70841579e-01  3.25040775e-01  4.72903920e-01
7.78805653e-01  5.42124404e-01  6.20254112e-01
3.56664432e-01  5.64530613e-01  9.12993640e-01
6.46313597e-01  6.00913303e-01  3.52395295e-01
4.40030915e-01  3.54571612e-01  6.05630106e-01
4.94471333e-01  6.70880232e-01  4.80259286e-01
7.08158680e-01  5.51859250e-01  8.98574706e-01
2.50425571e-01  7.07939566e-01  4.12290851e-01
7.55022799e-01  6.74458752e-01  8.18090978e-01
7.11969953e-01  7.33548702e-01  7.93900647e-01
9.30169935e-01  5.05842159e-01  6.56298569e-01
4.98260879e-01  4.99315749e-01  4.86985257e-01
4.59806633e-01  4.86624106e-01  9.30018764e-01
9.25886725e-01  7.02119794e-01  9.04563685e-01
5.78648932e-01  8.09866458e-01  9.50545125e-01
9.92996832e-01  9.52345136e-01  6.40752044e-01
6.85995148e-01  9.29429002e-01  5.50630022e-01
6.49488734e-01  9.59101685e-01  6.56779387e-01
3.90776634e-01  8.96693519e-01  4.04561890e-01
3.85093729e-01  4.76873022e-01  5.17867609e-01
8.34775774e-01  7.11729439e-01  8.89914414e-01
8.03203983e-01  6.56535393e-01  8.23493464e-01
9.70488735e-01  6.43228131e-01  9.12027284e-01
7.10177916e-01  9.15403788e-01  9.32255195e-01
6.33408294e-01  7.27611310e-01  6.22204221e-01
7.99690117e-01  6.44191634e-01  6.82986082e-01
5.79123002e-01  3.63294008e-01  9.09288723e-01
3.46600125e-01  5.27005354e-01  9.61955727e-01
4.72195749e-01  5.80020519e-01  9.18733670e-01
7.94077465e-01  8.79640227e-01  9.33426632e-01
3.17784076e-01  3.16716989e-01  7.60860635e-01
5.30151745e-01  7.11649060e-01  8.33167698e-01
9.63785794e-01  4.29653131e-01  7.55763231e-01
2.63368922e-01  4.17530859e-01  9.65316687e-01
9.00838772e-01  4.95583066e-01  9.28207920e-01
8.83130347e-01  5.92396290e-01  9.99701331e-01
7.46279451e-01  6.09444532e-01  4.25742877e-01
8.14887626e-01  4.31182060e-01  6.41635345e-01
2.54025369e-01  6.85632386e-01  5.17031472e-01
7.64559906e-01  6.86266677e-01  2.59303705e-01
3.87819207e-01  6.42706500e-01  7.51120763e-01
7.15953926e-01  3.87317888e-01  9.78004418e-01
5.64370247e-01  5.78983373e-01  5.68886910e-01
3.10494275e-01  6.85162838e-01  9.05341534e-01
9.42577412e-01  9.22014113e-01  9.00460998e-01
7.98625971e-01  4.24086968e-01  4.22130734e-01
7.76934297e-01  9.89780648e-01  7.00663145e-01
2.63200550e-01  7.02652964e-01  8.65942049e-01
8.73284253e-01  8.00340936e-01  5.59225880e-01
6.42449833e-01  2.70296578e-01  8.87362662e-01
8.51328029e-01  2.51313756e-01  5.21207148e-01
7.06041105e-01  8.97836996e-01  6.29891914e-01
5.65113644e-01  7.89731854e-01  9.54135095e-01
7.40085672e-01  6.80801470e-01  2.67475714e-01
9.96060695e-01  6.31274948e-01  7.55361848e-01
6.40388383e-01  8.43583390e-01  4.56048600e-01
8.93579634e-01  7.97024045e-01  4.55637135e-01
6.31949098e-01  4.96562333e-01  4.17106824e-01
8.63732749e-01  4.19000689e-01  8.02403910e-01
7.83529813e-01  5.82898356e-01  9.65339300e-01
9.27927289e-01  6.56375849e-01  8.73330405e-01
9.13923780e-01  5.97554546e-01  3.37067070e-01
4.83864638e-01  2.73572980e-01  5.45861463e-01
8.59731476e-01  6.13707572e-01  7.32790103e-01
4.85932744e-01  5.99635839e-01  9.87615294e-01
4.03182585e-01  4.23782398e-01  3.90711857e-01
8.28743413e-01  3.91947638e-01  8.78580456e-01
7.73310208e-01  3.89477449e-01  5.70841797e-01
3.51279165e-01  6.99653585e-01  5.71108124e-01
9.67619473e-01  4.05178829e-01  9.33584780e-01
3.72474963e-01  3.96268352e-01  6.50416968e-01
3.71309814e-01  7.82133604e-01  6.74249398e-01
5.73573297e-01  4.84571687e-01  5.34609358e-01
6.20433287e-01  2.79164410e-01  6.87806129e-01
2.82686632e-01  5.51966053e-01  6.74490811e-01
9.40086766e-01  5.86402706e-01  3.35183190e-01
9.17583177e-01  9.55754762e-01  6.75890251e-01
6.25316446e-01  7.69697748e-01  3.19680137e-01
8.79524617e-01  8.77646342e-01  8.38645023e-01
9.78240510e-01  8.23394069e-01  8.65100090e-01
7.26327389e-01  4.86751115e-01  2.67690675e-01
6.69093007e-01  8.99988851e-01  8.43917173e-01
4.74343136e-01  9.47179182e-01  4.56105857e-01
4.35514362e-01  7.35450650e-01  9.04626555e-01
9.06172626e-01  4.49936338e-01  6.17940594e-01
6.57868194e-01  7.91566614e-01  6.11896545e-01
6.62174412e-01  6.75274096e-01  5.19228886e-01
5.18120301e-01  7.27789501e-01  2.73390018e-01
8.60486796e-01  7.85458838e-01  4.25847762e-01
3.85754282e-01  8.55171257e-01  4.76710599e-01
6.12263390e-01  9.99296377e-01  9.45282914e-01
6.04428696e-01  7.23261805e-01  8.81462999e-01
3.95792677e-01  9.48231997e-01  7.60149148e-01
8.31324432e-01  8.71652437e-01  3.81328876e-01
3.03614667e-01  6.41320185e-01  4.84711921e-01
3.89229261e-01  5.17025753e-01  2.72220964e-01
6.65247773e-01  6.44719756e-01  4.71626199e-01
5.75139108e-01  5.98062887e-01  5.73857123e-01
9.81503556e-01  7.79147080e-01  4.72536699e-01
8.25637308e-01  4.36620494e-01  3.26658691e-01
4.86552662e-01  7.25487424e-01  5.88733186e-01
6.14544860e-01  7.66139498e-01  3.10932287e-01
4.21934697e-01  7.30338004e-01  9.16320718e-01
7.27052984e-01  9.67806791e-01  8.73953810e-01
3.37407045e-01  5.06324509e-01  9.00505062e-01
7.02468067e-01  3.36707934e-01  7.52932209e-01
5.69574321e-01  4.48748402e-01  7.63669162e-01
8.68288982e-01  7.08826167e-01  3.05853050e-01
6.05994915e-01  7.98565943e-01  9.83478744e-01
9.54808661e-01  7.37321837e-01  9.22535679e-01
2.99864651e-01  6.96342671e-01  4.35926167e-01
2.96171852e-01  7.72583171e-01  3.31323833e-01
6.88330981e-01  7.41425620e-01  8.84301340e-01
8.89304707e-01  7.11962716e-01  4.00783391e-01
7.15948499e-01  3.57434998e-01  2.51316169e-01
5.10399523e-01  7.30155820e-01  7.39820880e-01
3.15616264e-01  5.49399699e-01  9.71134186e-01
2.92039077e-01  9.53621505e-01  9.91186901e-01
3.08436179e-01  3.61898071e-01  3.07066675e-01
5.32605022e-01  6.45505669e-01  4.85091939e-01
5.91225338e-01  4.59610779e-01  6.23411209e-01
4.20520271e-01  6.73701997e-01  3.49646627e-01
3.56029929e-01  4.25413009e-01  9.48760050e-01
9.74225623e-01  3.30886543e-01  7.24758100e-01
9.07335366e-01  4.30003373e-01  8.77687018e-01
7.10060730e-01  7.55502516e-01  8.56767069e-01
8.56019526e-01  7.71982622e-01  8.47961942e-01
9.77724674e-01  9.18753240e-01  9.96720429e-01
5.90782877e-01  6.04626908e-01  3.79856074e-01
8.69892307e-01  9.93735561e-01  3.64803600e-01
7.62680677e-01  3.89750322e-01  2.68379604e-01
9.37013349e-01  6.24644773e-01  3.66688048e-01
8.81866051e-01  3.22199708e-01  8.56548889e-01
4.32093630e-01  4.71538789e-01  8.97725944e-01
4.88784112e-01  6.37656902e-01  6.57050819e-01
3.18568961e-01  3.74658996e-01  8.51728816e-01
6.60546027e-01  9.86383367e-01  2.63313923e-01
3.51065416e-01  3.94387215e-01  3.95326778e-01
6.50231475e-01  7.95759549e-01  2.74107809e-01
3.97695981e-01  8.29104738e-01  8.21730564e-01
7.32705971e-01  9.58445725e-01  7.97503540e-01
4.58457520e-01  9.97348952e-01  8.86575454e-01
4.69126667e-01  9.06476571e-01  5.55622939e-01
8.49075745e-01  9.77032875e-01  5.23630886e-01
4.45044833e-01  3.83789158e-01  5.02597185e-01
6.55238449e-01  3.49293441e-01  5.18176441e-01
4.61792027e-01  6.01818117e-01  9.06500237e-01
4.26924660e-01  7.94874854e-01  8.35656265e-01
6.22356038e-01  7.99575119e-01  9.25829836e-01
8.41525578e-01  5.07434817e-01  5.40972628e-01
8.69780467e-01  7.11124639e-01  8.07336211e-01
9.60629334e-01  3.31013628e-01  5.79219819e-01
4.61249368e-01  3.61210650e-01  5.90990462e-01
7.90018926e-01  5.27701945e-01  6.85146817e-01
4.37116693e-01  5.75828735e-01  8.76065922e-01
8.45208573e-01  3.95894359e-01  4.66187334e-01
4.73148951e-01  7.14191628e-01  6.24446305e-01
5.96161149e-01  4.28739097e-01  9.50740872e-01
7.87245296e-01  5.74089955e-01  2.87509087e-01
8.39900918e-01  8.17387055e-01  8.92008663e-01
6.73523600e-01  3.64376486e-01  9.42206540e-01
8.13861916e-01  9.78263893e-01  8.32222154e-01
6.12104606e-01  6.71852949e-01  7.20225660e-01
4.48364310e-01  3.72502444e-01  3.09892611e-01
6.57485610e-01  6.37589789e-01  4.15446703e-01
6.31504052e-01  5.91891475e-01  4.76154307e-01
4.21622148e-01  3.88957453e-01  7.75643699e-01
6.36876072e-01  8.89265891e-01  5.87623612e-01
9.15746435e-01  6.62245519e-01  5.06579387e-01
9.26601560e-01  6.04487079e-01  4.92216832e-01
6.78867699e-01  4.12847428e-01  7.46333131e-01
9.05718394e-01  4.58560901e-01  2.61454527e-01
3.73121442e-01  3.96098232e-01  7.93389824e-01
9.54870244e-01  4.31031855e-01  4.39816522e-01
6.05030938e-01  2.95676002e-01  6.81207116e-01
8.82080827e-01  3.58780022e-01  8.03844824e-01
2.56107267e-01  3.08239617e-01  3.17559482e-01
7.45672940e-01  3.56661539e-01  9.70950146e-01
4.17829414e-01  6.22700914e-01  5.06542482e-01
3.92517773e-01  9.39729238e-01  7.80664566e-01
5.58420541e-01  3.59337158e-01  5.96890714e-01
9.43763539e-01  9.00738727e-01  5.59954500e-01
6.76075082e-01  8.73131525e-01  7.65559435e-01
7.96901881e-01  7.09836494e-01  4.91921597e-01
4.93245213e-01  7.33404108e-01  3.35855629e-01
5.01157084e-01  9.89450676e-01  6.34895946e-01
4.24871345e-01  9.92703969e-01  7.50893147e-01
7.74814646e-01  6.67672568e-01  8.67244594e-01
7.40081799e-01  6.40661168e-01  9.27476968e-01
9.38833764e-01  8.02011756e-01  4.47302242e-01
3.56893343e-01  2.55769112e-01  7.93681171e-01
8.29207242e-01  2.92282156e-01  7.81247506e-01
5.07888480e-01  2.96913379e-01  8.40216890e-01
4.83021010e-01  4.54968093e-01  3.32877919e-01
3.35725835e-01  8.45799297e-01  9.68119607e-01
7.59493950e-01  8.67382335e-01  4.78753927e-01
8.10020466e-01  5.86210734e-01  7.61281140e-01
4.39440024e-01  2.60742843e-01  4.56482953e-01
9.17997470e-01  5.74997588e-01  3.63837245e-01
2.86477921e-01  5.60405448e-01  3.70335705e-01
3.89423042e-01  9.00891254e-01  8.98692661e-01
3.65563834e-01  3.23842640e-01  8.81812811e-01
8.99721838e-01  6.75971776e-01  3.19484919e-01
3.04343845e-01  3.30401892e-01  8.55995389e-01
5.80231316e-01  3.26942450e-01  8.71043136e-01
5.85013259e-01  3.13329499e-01  4.36853292e-01
8.74659077e-01  3.43608058e-01  3.02510757e-01
2.75026178e-01  3.01409332e-01  6.61334556e-01
5.95109187e-01  5.37738898e-01  9.93630018e-01
2.84601724e-01  4.16955507e-01  7.58373152e-01
6.14974924e-01  2.65810458e-01  3.08140418e-01
6.02142726e-01  5.42392932e-01  7.71514269e-01
7.07173184e-01  6.29566115e-01  8.60967235e-01
9.78748519e-01  2.73124713e-01  5.50781954e-01
5.19535033e-01  3.25444222e-01  4.23767766e-01
9.66153651e-01  2.70925138e-01  9.11898194e-01
9.86965865e-01  9.79381956e-01  7.77652893e-01
7.45235382e-01  3.16088882e-01  9.89135912e-01
9.59677551e-01  4.36469743e-01  9.07762636e-01
9.01532307e-01  4.34145795e-01  8.55473810e-01
3.24534823e-01  3.99226618e-01  7.88530814e-01
