4.48820646e-01  5.91491264e-01  5.69460858e-01
4.63720578e-01  9.93590262e-01  8.45738126e-01
5.28917536e-01  3.88169596e-01  6.61364798e-01
3.23924720e-01  3.94201680e-01  9.50539058e-01
9.65609379e-01  4.39944035e-01  9.45041641e-01
2.93756942e-01  9.01070210e-01  6.65907271e-01
3.89417866e-01  3.32426269e-01  9.84597869e-01
6.87368636e-01  8.46930912e-01  9.54655381e-01
7.98625971e-01  4.24086968e-01  4.22130734e-01
5.92549613e-01  3.11304165e-01  6.69095134e-01
3.94273079e-01  5.07898163e-01  8.78679675e-01
9.40086766e-01  5.86402706e-01  3.35183190e-01
3.43969049e-01  6.70990865e-01  9.81860842e-01
5.96161149e-01  4.28739097e-01  9.50740872e-01
5.22736693e-01  7.00728131e-01  6.05846592e-01
8.19197263e-01  9.93101304e-01  2.56400839e-01
3.87577244e-01  4.93043575e-01  6.53700515e-01
3.35639586e-01  9.58446646e-01  2.97123569e-01
5.35163882e-01  6.34828464e-01  7.26362560e-01
6.58774715e-01  8.90356576e-01  9.32579838e-01
8.53667293e-01  7.33988217e-01  4.29024753e-01
2.98344244e-01  9.71947660e-01  5.80487573e-01
4.51028315e-01  8.69289091e-01  5.33688203e-01
4.12195062e-01  6.91445741e-01  2.61245910e-01
8.72663140e-01  6.78345123e-01  5.56718995e-01
4.30512633e-01  9.36290697e-01  5.26781432e-01
7.78719104e-01  7.95002948e-01  7.00394004e-01
7.19414775e-01  4.15319022e-01  5.08990071e-01
7.74285531e-01  5.55991663e-01  7.10971333e-01
9.35734028e-01  9.48982784e-01  9.69643459e-01
6.54248316e-01  3.19684094e-01  3.40766575e-01
3.59460034e-01  3.41182555e-01  7.42938954e-01
9.93983899e-01  4.33673870e-01  4.94698842e-01
2.76468044e-01  8.87906822e-01  5.38735066e-01
9.48850185e-01  3.11539366e-01  5.26589783e-01
3.12695731e-01  7.96468820e-01  3.15503307e-01
6.22536451e-01  8.50995948e-01  8.64468110e-01
2.54525993e-01  5.19305470e-01  3.16775100e-01
3.87168597e-01  9.55724280e-01  7.95186302e-01
6.42750753e-01  5.94868727e-01  2.84549428e-01
3.34241842e-01  5.88823480e-01  4.21212120e-01
4.06116561e-01  9.78319654e-01  9.81326485e-01
7.96543668e-01  6.03667873e-01  5.75754140e-01
6.67760040e-01  3.02062674e-01  5.62919917e-01
5.57865512e-01  2.90647749e-01  3.80812813e-01
5.73383584e-01  4.74935846e-01  9.32542305e-01
8.87371845e-01  7.91528355e-01  8.69219426e-01
5.75652440e-01  5.00534701e-01  5.68812288e-01
7.99904097e-01  9.89213872e-01  5.32467245e-01
4.03976062e-01  8.28844361e-01  3.93197126e-01
9.85050766e-01  8.29176433e-01  4.70329572e-01
8.69973759e-01  8.36730594e-01  3.37190916e-01
8.79406191e-01  6.74885788e-01  3.35525195e-01
7.93784718e-01  2.54839346e-01  8.97287114e-01
7.10883798e-01  7.90184648e-01  3.64281893e-01
2.69578430e-01  4.08595424e-01  3.76328500e-01
7.77782691e-01  3.95192012e-01  4.20260134e-01
3.52679523e-01  8.62594730e-01  5.04179034e-01
3.21546591e-01  9.59600478e-01  9.11282483e-01
6.84543068e-01  3.32963327e-01  2.76573519e-01
3.68939700e-01  5.93925453e-01  7.97696461e-01
7.87245296e-01  5.74089955e-01  2.87509087e-01
7.08127708e-01  4.32098294e-01  9.71447345e-01
4.99833246e-01  3.03182678e-01  5.63180371e-01
9.72544906e-01  4.14646252e-01  5.16695647e-01
3.51240609e-01  8.93665614e-01  8.98882481e-01
9.29921759e-01  2.63068414e-01  8.81920490e-01
4.56442770e-01  8.21982875e-01  8.10332167e-01
8.83904751e-01  4.83445483e-01  3.55916597e-01
3.19747116e-01  9.22443447e-01  4.72593392e-01
9.21290288e-01  8.12041536e-01  7.37169268e-01
6.17603464e-01  2.69954972e-01  6.21841330e-01
7.88077385e-01  8.58026202e-01  8.04982993e-01
3.65539317e-01  8.90519019e-01  6.46964234e-01
6.58489451e-01  2.62951224e-01  6.92801660e-01
2.96830519e-01  3.27751283e-01  9.53636548e-01
9.80691945e-01  1.00002236e+00  6.25435774e-01
8.42420007e-01  8.75524218e-01  2.89634564e-01
9.35034289e-01  8.54412508e-01  7.18051527e-01
9.72673869e-01  3.16838014e-01  9.46101036e-01
9.28245274e-01  3.98220601e-01  9.21465517e-01
8.71978739e-01  9.71512938e-01  4.82037010e-01
8.14476319e-01  4.67275672e-01  9.72282054e-01
3.04427893e-01  9.29599182e-01  5.08660123e-01
4.63083279e-01  4.13482207e-01  2.95954440e-01
8.38496920e-01  2.73577441e-01  7.17043300e-01
2.57193481e-01  3.27631627e-01  4.95136215e-01
2.86676683e-01  4.42772648e-01  6.81441980e-01
4.29861452e-01  2.97192898e-01  9.42307845e-01
9.24110968e-01  2.91090974e-01  8.09939384e-01
3.05345692e-01  6.02729523e-01  9.82309767e-01
7.18210390e-01  7.27626195e-01  7.49902992e-01
8.48440274e-01  3.54577394e-01  4.03328927e-01
4.91983232e-01  3.53983850e-01  9.20270755e-01
9.00935853e-01  2.51336699e-01  8.66523410e-01
2.75026178e-01  3.01409332e-01  6.61334556e-01
4.58590571e-01  9.09678863e-01  6.81028179e-01
9.97997324e-01  6.85900975e-01  6.62649866e-01
5.26817645e-01  7.78585338e-01  2.65131763e-01
8.02620551e-01  8.59624439e-01  9.49776102e-01
9.48949873e-01  7.62492750e-01  3.14755825e-01
4.54743259e-01  4.83833271e-01  9.36747357e-01
3.43575608e-01  6.23540934e-01  5.08456938e-01
9.56076027e-01  6.73637988e-01  3.73322105e-01
2.74326206e-01  3.29399388e-01  7.25992535e-01
2.86344759e-01  7.10798410e-01  3.34279498e-01
7.43588205e-01  8.68661108e-01  8.09904162e-01
9.61891810e-01  8.75052920e-01  8.20030765e-01
6.47686015e-01  4.00414128e-01  6.48275510e-01
8.85646377e-01  3.42846300e-01  9.75860178e-01
3.15935104e-01  8.13242472e-01  5.20297802e-01
8.81853689e-01  5.17610800e-01  3.01292488e-01
2.50425571e-01  7.07939566e-01  4.12290851e-01
5.78648932e-01  8.09866458e-01  9.50545125e-01
9.07548790e-01  9.07106377e-01  8.01837669e-01
9.96206685e-01  5.98958423e-01  3.65968125e-01
9.50000596e-01  4.39003277e-01  4.56516223e-01
5.06786642e-01  4.80434505e-01  4.60456127e-01
4.39114277e-01  3.75466410e-01  8.99452575e-01
3.04914553e-01  5.19933183e-01  4.93773905e-01
9.81793061e-01  8.24090419e-01  8.66693138e-01
8.21019190e-01  3.67796665e-01  9.10039840e-01
6.11915901e-01  9.86484637e-01  5.64432045e-01
4.23104092e-01  8.90305834e-01  9.66675584e-01
5.47938245e-01  9.98069148e-01  3.33753420e-01
