9.19844651e-01  9.50127848e-01  8.73230918e-01
5.25333182e-01  9.65987474e-01  3.66969916e-01
3.19741184e-01  9.22791644e-01  4.72523938e-01
2.90103853e-01  9.18519404e-01  8.19779157e-01
6.61232307e-01  9.61519863e-01  9.60747592e-01
8.53475888e-01  9.25601814e-01  2.71670374e-01
6.98519847e-01  9.47983293e-01  3.71861145e-01
7.27039496e-01  9.68172112e-01  8.73825373e-01
8.81849691e-01  3.22321329e-01  8.56423008e-01
9.22011129e-01  4.86827861e-01  8.41125776e-01
8.75511638e-01  6.66268266e-01  2.52945796e-01
8.42315014e-01  3.82026948e-01  7.99170383e-01
2.84445488e-01  7.18159671e-01  3.67889201e-01
3.07754215e-01  8.39929674e-01  5.99996449e-01
3.10782906e-01  7.04406134e-01  9.83910766e-01
8.03599929e-01  4.03186518e-01  9.37758120e-01
9.43746030e-01  9.01078731e-01  5.59872208e-01
3.81113335e-01  7.60315266e-01  7.53867069e-01
7.80793881e-01  4.62063511e-01  2.67053487e-01
9.39662966e-01  3.65705861e-01  9.21871738e-01
8.08654240e-01  9.08801024e-01  3.84885377e-01
9.60224950e-01  5.52878066e-01  6.55947470e-01
9.17980440e-01  5.75214633e-01  3.63783775e-01
2.91331668e-01  9.64591615e-01  8.42428880e-01
2.95976844e-01  9.51949362e-01  8.54833730e-01
7.44239659e-01  2.75632000e-01  7.49254805e-01
9.69305525e-01  7.14913048e-01  4.16022630e-01
5.36393006e-01  3.28609360e-01  4.59387794e-01
9.89080188e-01  5.07951890e-01  5.45558327e-01
9.65270708e-01  5.90301765e-01  2.53391382e-01
6.19116424e-01  9.99946308e-01  5.39300875e-01
2.56701417e-01  5.48680154e-01  7.69368755e-01
3.09423592e-01  4.12457826e-01  4.16070494e-01
6.29727482e-01  2.92573305e-01  9.88793455e-01
8.60193562e-01  7.47947403e-01  4.05991684e-01
9.46392372e-01  2.79282547e-01  4.36211537e-01
9.86061273e-01  7.97495694e-01  7.76077906e-01
3.29558625e-01  9.58113051e-01  4.90418524e-01
4.77300570e-01  8.85568656e-01  4.11784679e-01
9.89903763e-01  4.16888991e-01  8.06097824e-01
9.29529912e-01  7.63258836e-01  3.47092451e-01
9.26491177e-01  5.41447660e-01  2.50596158e-01
7.17194642e-01  4.53995434e-01  4.03962597e-01
4.97365942e-01  3.10861191e-01  2.84384019e-01
6.96153940e-01  8.16413394e-01  2.64555241e-01
8.98050151e-01  3.82940331e-01  9.53727764e-01
6.12311462e-01  9.03465675e-01  9.55715670e-01
2.59752998e-01  7.56805434e-01  6.29432403e-01
8.66617957e-01  9.42464996e-01  4.39813401e-01
3.00893784e-01  5.28342675e-01  3.30169161e-01
9.52203673e-01  4.66131385e-01  4.32523037e-01
8.45487528e-01  2.55740518e-01  5.05960774e-01
8.88153682e-01  8.95648349e-01  9.83367588e-01
7.75705299e-01  6.02585229e-01  7.16087046e-01
4.79230171e-01  2.87724595e-01  9.89711430e-01
5.76270025e-01  4.11299052e-01  2.51466125e-01
2.93108454e-01  8.50039312e-01  4.86365130e-01
9.81552042e-01  4.19982988e-01  2.64433492e-01
2.54521271e-01  5.19501494e-01  3.16728547e-01
4.67732566e-01  9.50909693e-01  2.57016126e-01
8.17632735e-01  5.81502063e-01  7.37826903e-01
7.49572330e-01  9.22298653e-01  5.19178095e-01
4.20512469e-01  6.73956301e-01  3.49595242e-01
7.59019965e-01  7.03813830e-01  3.25613300e-01
3.55809440e-01  7.82462535e-01  4.46307840e-01
2.87274252e-01  7.04906785e-01  2.67047841e-01
6.23622447e-01  9.71622057e-01  9.38735950e-01
9.01657792e-01  3.42839223e-01  3.26581556e-01
7.65160902e-01  3.09284093e-01  7.36411996e-01
7.94273976e-01  5.21312978e-01  7.85794789e-01
8.37839903e-01  8.52038052e-01  8.06354841e-01
3.83378576e-01  2.84727430e-01  9.70434479e-01
8.42841098e-01  7.02830444e-01  2.77810837e-01
2.53671625e-01  9.50148613e-01  3.45865287e-01
3.42788812e-01  9.79308833e-01  4.71084830e-01
5.83426116e-01  4.72444417e-01  6.49745109e-01
3.15179480e-01  3.63756087e-01  7.98681115e-01
3.28467320e-01  5.97957970e-01  7.62646213e-01
8.56371595e-01  3.37590708e-01  8.00268849e-01
9.48932268e-01  7.62780570e-01  3.14709568e-01
4.40951423e-01  9.82514180e-01  4.65652560e-01
2.61887000e-01  5.25629220e-01  7.18797100e-01
2.64869779e-01  9.78191019e-01  7.23301921e-01
9.87784159e-01  8.71174682e-01  2.85352257e-01
7.01299305e-01  9.87660022e-01  3.24575367e-01
4.27310330e-01  3.89010171e-01  8.07771201e-01
8.74465366e-01  5.42808090e-01  3.44154957e-01
8.49972183e-01  9.22381698e-01  9.39670936e-01
7.42398863e-01  4.70044724e-01  6.57458554e-01
3.72067813e-01  3.43431598e-01  9.90586706e-01
2.95157635e-01  7.17788671e-01  6.24941061e-01
5.78680686e-01  6.93177082e-01  9.11347397e-01
7.81835451e-01  4.10426139e-01  6.08550063e-01
9.91485343e-01  8.27306019e-01  5.90475261e-01
5.56461176e-01  2.65415002e-01  3.92181529e-01
4.42980552e-01  7.08901311e-01  2.92886367e-01
3.73584191e-01  4.85975276e-01  3.90613102e-01
3.55231551e-01  9.71849108e-01  3.17101084e-01
2.77300457e-01  3.35145923e-01  2.75075500e-01
4.35474897e-01  3.23399032e-01  3.90222775e-01
4.69010188e-01  4.87620238e-01  2.59838280e-01
6.53020512e-01  2.64343747e-01  6.53784336e-01
3.93063800e-01  3.74770086e-01  3.70138358e-01
9.27448584e-01  8.32202937e-01  7.65121073e-01
2.50342168e-01  6.47294206e-01  4.25604467e-01
4.48343267e-01  9.69844750e-01  7.46546268e-01
9.90495548e-01  7.38507535e-01  7.38515251e-01
2.58109633e-01  5.75620222e-01  3.17595215e-01
8.36340262e-01  4.49519373e-01  8.42940397e-01
9.61280758e-01  7.28285560e-01  7.87549319e-01
5.29960587e-01  7.24108875e-01  3.45307809e-01
3.39239187e-01  3.19672060e-01  9.17929911e-01
2.71535462e-01  9.98504916e-01  6.97995667e-01
2.95736400e-01  3.64054890e-01  5.04858144e-01
4.10934547e-01  9.67343672e-01  8.06296023e-01
7.34122110e-01  8.05911046e-01  4.52674855e-01
9.15380241e-01  9.79309129e-01  8.97704793e-01
8.55651032e-01  3.91902971e-01  8.86444034e-01
3.55547404e-01  9.46107803e-01  7.98820876e-01
8.33649567e-01  4.36577687e-01  8.80477615e-01
8.78767730e-01  4.64123768e-01  5.88812230e-01
3.41770867e-01  9.15907395e-01  5.00581360e-01
6.05870349e-01  3.01213970e-01  3.26127481e-01
3.53423139e-01  7.73081636e-01  9.84688183e-01
6.74887454e-01  2.54389155e-01  3.27400244e-01
6.54548784e-01  3.38191822e-01  9.64082434e-01
4.26787230e-01  5.54311430e-01  5.95669965e-01
3.08670265e-01  4.94802855e-01  3.03389057e-01
3.96733411e-01  3.25933956e-01  6.55470093e-01
6.11925619e-01  3.23893943e-01  3.06409097e-01
8.64525460e-01  6.75691557e-01  7.22543686e-01
6.42580508e-01  7.41732922e-01  9.92552169e-01
7.75583425e-01  8.93652389e-01  8.53159323e-01
5.42943818e-01  4.54612329e-01  3.05643710e-01
6.35105989e-01  6.46136072e-01  6.59980581e-01
2.99317616e-01  9.58589689e-01  7.54973007e-01
9.36720386e-01  2.75505907e-01  4.07305764e-01
8.93452127e-01  9.37678367e-01  6.33892410e-01
4.45696743e-01  3.14277819e-01  7.40583192e-01
3.70290951e-01  5.67515523e-01  9.77457719e-01
3.64450671e-01  2.74010921e-01  8.60601186e-01
3.19357898e-01  7.33134329e-01  8.22285137e-01
9.44354312e-01  7.50616968e-01  2.66178112e-01
3.64053566e-01  3.07718462e-01  4.48321965e-01
3.91170451e-01  5.96434272e-01  9.46888439e-01
2.89716962e-01  2.54570106e-01  4.76601230e-01
8.19958357e-01  3.72981004e-01  3.39121111e-01
9.29849599e-01  9.50388141e-01  3.04781718e-01
8.02943015e-01  3.29873443e-01  8.47509643e-01
9.85531124e-01  9.48447732e-01  5.30523798e-01
4.32085613e-01  4.71716782e-01  8.97594013e-01
8.89323453e-01  9.68231980e-01  7.21507930e-01
7.59934741e-01  9.04677470e-01  8.66562272e-01
2.75871270e-01  7.52705560e-01  9.85131379e-01
6.33804191e-01  2.74068297e-01  3.98316057e-01
5.49129222e-01  9.90425720e-01  7.62324686e-01
7.77985542e-01  2.62138372e-01  3.33655542e-01
3.42044630e-01  7.64129409e-01  2.66689344e-01
2.76380629e-01  6.34823145e-01  9.75119104e-01
4.43962921e-01  3.62994917e-01  3.57375160e-01
4.91983407e-01  3.90288591e-01  4.21792806e-01
3.42853602e-01  8.08417388e-01  8.40164717e-01
9.86484831e-01  6.63359506e-01  5.05231991e-01
7.15204810e-01  3.79388901e-01  9.01098481e-01
9.88390736e-01  2.58998894e-01  9.68808845e-01
2.55477936e-01  3.31472302e-01  2.82043656e-01
4.23074182e-01  3.75270150e-01  8.02012131e-01
2.50420925e-01  7.08206793e-01  4.12230260e-01
2.67664159e-01  9.96151088e-01  3.93336897e-01
9.80615017e-01  5.15985969e-01  2.50671159e-01
6.50944540e-01  4.17504421e-01  2.90675129e-01
3.28359416e-01  4.76874439e-01  2.75270188e-01
7.09527681e-01  2.68669916e-01  9.67872067e-01
9.25873914e-01  9.41096557e-01  4.58439726e-01
2.90653091e-01  7.68359124e-01  9.04261087e-01
3.71375888e-01  6.22000792e-01  2.64954695e-01
4.02825480e-01  5.96087029e-01  2.89404344e-01
8.44958454e-01  5.51841893e-01  9.74809135e-01
3.40577196e-01  8.79807567e-01  6.75395212e-01
9.60611513e-01  3.31138576e-01  5.79134696e-01
2.78960459e-01  4.58399630e-01  6.65568398e-01
2.54824029e-01  3.66258009e-01  9.85721404e-01
8.76135223e-01  9.27431483e-01  6.30602192e-01
6.01850681e-01  8.82288236e-01  6.66149028e-01
9.72504266e-01  9.08812553e-01  4.04989531e-01
3.92417743e-01  3.85573189e-01  9.94220120e-01
9.69456745e-01  5.99507510e-01  2.85765001e-01
4.66895868e-01  8.51156621e-01  9.77694495e-01
8.60616576e-01  7.52461903e-01  2.98810979e-01
8.44833902e-01  8.94734693e-01  7.91752098e-01
3.70682606e-01  3.01000002e-01  2.50384955e-01
3.35873560e-01  3.87310392e-01  3.07429971e-01
4.07367500e-01  2.94236379e-01  7.95149207e-01
4.59901534e-01  3.66334539e-01  9.07992582e-01
7.78145767e-01  9.38498883e-01  7.04051177e-01
3.56459372e-01  8.43570969e-01  4.06010738e-01
3.24951047e-01  9.74277878e-01  4.91952640e-01
9.38337766e-01  2.80759135e-01  8.19156136e-01
4.28957598e-01  9.52980326e-01  7.41515592e-01
2.82798809e-01  6.41457045e-01  9.52397109e-01
6.55006406e-01  8.81691677e-01  9.62448669e-01
4.11957251e-01  5.18116155e-01  3.36139955e-01
8.87148937e-01  8.76522075e-01  4.57994458e-01
5.07879058e-01  2.97025456e-01  8.40093410e-01
3.51058903e-01  3.94536085e-01  3.95268680e-01
2.59370639e-01  2.91326347e-01  8.22854302e-01
2.78786579e-01  2.61286500e-01  5.33950525e-01
9.89101507e-01  4.97184540e-01  7.42147669e-01
5.59106521e-01  2.77830343e-01  8.24195850e-01
4.51108739e-01  3.41508782e-01  4.00656715e-01
8.63761009e-01  9.26653244e-01  3.09662707e-01
3.34598232e-01  4.86806374e-01  9.14305217e-01
6.65728172e-01  6.72169759e-01  9.96682148e-01
2.79971547e-01  7.18792804e-01  5.18495025e-01
2.76477259e-01  8.53401554e-01  4.49890127e-01
8.21202236e-01  2.55739084e-01  9.53776289e-01
9.60205907e-01  2.61517645e-01  7.53843892e-01
8.66314729e-01  2.53941980e-01  2.98107071e-01
3.37400785e-01  5.06515633e-01  9.00372722e-01
6.30090882e-01  9.74305246e-01  3.79412555e-01
7.01986648e-01  2.76681891e-01  6.69938524e-01
7.92519919e-01  4.54570825e-01  2.84917098e-01
3.02316555e-01  5.10050560e-01  8.96805616e-01
5.77276280e-01  2.70804142e-01  3.62157387e-01
4.75782588e-01  2.70680896e-01  8.12966609e-01
3.75753754e-01  8.12963867e-01  8.57049377e-01
2.97441130e-01  8.46550578e-01  4.49749755e-01
4.81519247e-01  2.53044847e-01  5.55979154e-01
9.20613455e-01  6.78599618e-01  6.07003592e-01
6.14019499e-01  3.82918835e-01  9.21949163e-01
8.62003207e-01  8.52846115e-01  4.16954499e-01
3.24012312e-01  5.65687597e-01  9.30295087e-01
2.89211864e-01  6.71516849e-01  8.84833663e-01
9.79387816e-01  9.86462579e-01  6.13361016e-01
4.17571168e-01  5.00296550e-01  2.87562580e-01
4.92308826e-01  2.71150640e-01  3.88764105e-01
8.25079125e-01  4.55168191e-01  9.53699329e-01
3.54353692e-01  4.07343290e-01  3.73447883e-01
8.90832148e-01  9.54610913e-01  9.28551789e-01
4.14195995e-01  8.76563589e-01  9.90601996e-01
9.54790948e-01  7.37600156e-01  9.22400102e-01
7.73023016e-01  9.48398860e-01  2.51753027e-01
8.49322416e-01  3.44165951e-01  7.05279650e-01
4.14960823e-01  4.41997335e-01  2.93854228e-01
5.19145401e-01  9.96234204e-01  5.59746255e-01
4.66241248e-01  9.60446719e-01  4.50589991e-01
8.01597756e-01  8.02095829e-01  3.24415690e-01
3.28193922e-01  6.12975932e-01  9.57138165e-01
7.16004126e-01  9.59023259e-01  9.41744779e-01
5.52357034e-01  2.52717582e-01  4.12616635e-01
3.22914792e-01  4.40293328e-01  5.29813475e-01
9.48832582e-01  3.11656963e-01  5.26512395e-01
4.50660155e-01  3.39596671e-01  8.84885011e-01
6.33238315e-01  9.99376085e-01  5.98256898e-01
7.77804449e-01  3.49442222e-01  3.87515463e-01
9.96042216e-01  6.31513237e-01  7.55250838e-01
3.82293059e-01  2.90378448e-01  5.97874141e-01
7.84479657e-01  9.25231794e-01  4.14668319e-01
9.02861028e-01  2.56107054e-01  7.10359573e-01
3.14526710e-01  2.66968869e-01  9.56139332e-01
8.07578476e-01  3.17421893e-01  2.95156912e-01
9.82715879e-01  9.09948529e-01  8.53140708e-01
7.62666528e-01  3.89897443e-01  2.68340163e-01
3.29836503e-01  4.18843273e-01  9.10353744e-01
7.82472476e-01  7.09297314e-01  3.08394898e-01
3.61376999e-01  7.80637396e-01  8.50298797e-01
9.25854947e-01  4.87315405e-01  7.76611019e-01
3.46792347e-01  9.77229547e-01  5.07313253e-01
4.31009703e-01  9.42041412e-01  4.47600457e-01
3.18563051e-01  3.74800420e-01  8.51603644e-01
9.53883593e-01  2.95876881e-01  3.35548571e-01
9.32666291e-01  5.86570532e-01  3.85820789e-01
8.48424534e-01  3.54711237e-01  4.03269653e-01
9.02473621e-01  2.63171170e-01  4.86606420e-01
9.68612751e-01  4.15008961e-01  4.46852389e-01
3.51396857e-01  2.99973967e-01  4.06827186e-01
4.39431872e-01  2.60841266e-01  4.56415867e-01
5.19473584e-01  8.83700734e-01  9.50126233e-01
9.32123607e-01  8.92600490e-01  9.51214941e-01
3.80659465e-01  9.31722671e-01  3.51639407e-01
8.93321651e-01  3.06876951e-01  5.15043040e-01
3.85112493e-01  2.95241212e-01  8.65536321e-01
8.83213968e-01  3.12393409e-01  3.58953438e-01
4.06852153e-01  9.90051289e-01  4.91120669e-01
3.60998233e-01  8.73234703e-01  5.42274565e-01
9.97284150e-01  9.04508082e-01  5.89120553e-01
4.60592477e-01  3.41136487e-01  3.62343502e-01
8.82290409e-01  7.80593430e-01  5.43132018e-01
9.89122486e-01  9.88998236e-01  5.01437262e-01
7.54595540e-01  9.11645406e-01  5.07272029e-01
6.69092657e-01  2.95887817e-01  3.56468931e-01
3.99311466e-01  7.46269819e-01  9.92997273e-01
4.48798172e-01  8.34755808e-01  3.18890608e-01
8.82064463e-01  3.58915451e-01  8.03726689e-01
9.21551087e-01  8.89277907e-01  9.21745379e-01
2.64801369e-01  6.34850425e-01  5.27271960e-01
7.87784993e-01  9.33423360e-01  7.91830738e-01
3.18322263e-01  2.89321976e-01  2.71888726e-01
9.97487834e-01  5.28175723e-01  8.81562338e-01
7.11773600e-01  9.88835986e-01  5.37116258e-01
4.03175105e-01  4.23942365e-01  3.90654437e-01
9.25124473e-01  4.14580607e-01  2.73107065e-01
6.93208026e-01  2.85302841e-01  3.06619892e-01
9.12378846e-01  4.76697520e-01  9.51312024e-01
8.38478082e-01  4.87649906e-01  8.88785758e-01
8.17967637e-01  5.30185386e-01  9.95272610e-01
9.63767914e-01  4.29815313e-01  7.55652162e-01
8.17190809e-01  8.86770652e-01  3.77330358e-01
4.20806823e-01  9.61756397e-01  3.72100873e-01
6.96407275e-01  9.24771005e-01  4.06181096e-01
4.02209639e-01  4.17636325e-01  3.73599589e-01
2.86855050e-01  2.65243613e-01  6.37219979e-01
4.04139704e-01  5.45426730e-01  2.66019418e-01
9.48211131e-01  8.96198195e-01  2.87608641e-01
3.52684677e-01  8.67134590e-01  4.75812733e-01
8.38656451e-01  2.73992244e-01  8.70071656e-01
9.56600776e-01  3.08442707e-01  8.99355127e-01
4.23096242e-01  8.90641900e-01  9.66533519e-01
9.03665321e-01  9.98346301e-01  9.72136500e-01
9.24093824e-01  2.91200852e-01  8.09820353e-01
2.63461880e-01  6.83294132e-01  8.68995895e-01
3.68156876e-01  9.51235571e-01  3.61247672e-01
6.89910508e-01  9.37842072e-01  9.49662674e-01
6.34255464e-01  5.77104374e-01  9.44899358e-01
6.05532689e-01  9.76967040e-01  4.97116974e-01
6.57096718e-01  9.79646607e-01  9.61397559e-01
3.01075257e-01  3.92568028e-01  5.34874508e-01
6.50923438e-01  3.21729080e-01  3.74678475e-01
5.07295380e-01  9.33329183e-01  6.62788797e-01
2.51043590e-01  7.12505282e-01  4.08939819e-01
4.28215593e-01  3.41489088e-01  9.70093702e-01
9.81166900e-01  8.91932491e-01  8.70455452e-01
9.81774846e-01  8.24401491e-01  8.66565767e-01
7.55675234e-01  5.96824831e-01  4.03814683e-01
2.54957965e-01  9.79458706e-01  5.61686335e-01
8.36316488e-01  9.08011938e-01  8.96467376e-01
9.67613809e-01  3.82830702e-01  2.76184992e-01
3.82013118e-01  4.89301583e-01  3.98754243e-01
3.82248573e-01  3.26327493e-01  3.04749880e-01
7.99631869e-01  9.35453186e-01  7.41393417e-01
7.28341469e-01  4.90063656e-01  9.90864688e-01
3.60216753e-01  5.89440792e-01  7.00976223e-01
3.56657815e-01  5.64743708e-01  9.12859465e-01
4.97190724e-01  4.01380187e-01  9.99329738e-01
6.49565476e-01  3.81357498e-01  8.84968438e-01
3.95861657e-01  6.30110521e-01  5.37149749e-01
9.96188203e-01  5.99184514e-01  3.65914342e-01
3.83055149e-01  4.45461741e-01  8.73052705e-01
6.23885029e-01  5.25929882e-01  7.57993248e-01
2.54781815e-01  9.21789895e-01  2.54140104e-01
4.77017020e-01  7.92213465e-01  8.79877278e-01
9.77706535e-01  9.19100044e-01  9.96573949e-01
5.26232409e-01  7.78356229e-01  7.34035137e-01
3.14101307e-01  5.15037308e-01  8.03216456e-01
3.29172669e-01  3.98269556e-01  9.56819232e-01
9.78912798e-01  9.48106923e-01  9.87795090e-01
9.74141085e-01  8.16273221e-01  8.58585834e-01
5.32550753e-01  4.18999982e-01  9.87245652e-01
8.27732401e-01  7.74557669e-01  3.14437800e-01
6.12318290e-01  3.92262531e-01  9.98071763e-01
3.18536313e-01  2.74004756e-01  9.71881503e-01
8.79559888e-01  8.80735547e-01  2.69176209e-01
3.10602103e-01  7.45813455e-01  4.59051792e-01
9.87059613e-01  7.31948239e-01  2.75696470e-01
2.76502482e-01  7.55283368e-01  2.64372673e-01
3.02554458e-01  9.64814422e-01  5.65335055e-01
9.55706837e-01  9.39818739e-01  8.69734301e-01
2.58483536e-01  9.56105612e-01  3.29144363e-01
3.05854388e-01  2.64511314e-01  7.29359753e-01
6.59379608e-01  9.09561366e-01  2.85429692e-01
9.92785852e-01  9.79645916e-01  4.70564372e-01
7.45221556e-01  3.16208197e-01  9.88990547e-01
3.17846942e-01  9.06443902e-01  4.17310546e-01
9.55651277e-01  3.63588174e-01  5.23903830e-01
5.32466061e-01  9.90766440e-01  6.70493857e-01
8.83803365e-01  9.79223581e-01  8.88132901e-01
9.93543491e-01  2.83711945e-01  8.05317613e-01
2.91703722e-01  7.56356285e-01  3.23277344e-01
9.27130909e-01  6.31766396e-01  5.45869252e-01
3.02077547e-01  9.35747073e-01  6.18471487e-01
3.32828616e-01  3.26581643e-01  4.59068948e-01
9.11082442e-01  7.19953312e-01  9.86298058e-01
8.38568586e-01  5.58237766e-01  6.27123235e-01
2.93798184e-01  2.60737326e-01  2.51023562e-01
4.19362751e-01  4.97734294e-01  6.96752811e-01
9.73528213e-01  9.36617818e-01  3.51840991e-01
9.21100171e-01  3.80914570e-01  9.31597062e-01
8.70934041e-01  4.39255883e-01  8.18459952e-01
8.75569217e-01  7.82277565e-01  3.33763946e-01
2.77486080e-01  4.92027287e-01  7.50629246e-01
4.86349183e-01  2.90079087e-01  7.33942158e-01
8.50613892e-01  9.24101202e-01  6.82912442e-01
9.97081968e-01  4.05432856e-01  3.78110224e-01
4.57610263e-01  7.81181329e-01  9.70489610e-01
9.13992691e-01  3.17921070e-01  4.16025762e-01
3.08890191e-01  9.21337415e-01  8.76869293e-01
4.43480222e-01  4.39963247e-01  6.84768112e-01
5.30326645e-01  9.37880517e-01  3.69807044e-01
9.48224084e-01  2.99476848e-01  6.59944289e-01
4.33333790e-01  9.49650747e-01  9.28769836e-01
6.33720532e-01  2.73311835e-01  9.47298071e-01
8.71770682e-01  4.82249267e-01  9.53565073e-01
3.32736229e-01  4.75998333e-01  3.90113979e-01
9.53427576e-01  1.00054959e+00  4.94727817e-01
4.75224435e-01  9.38565419e-01  4.71006760e-01
3.41069423e-01  5.88949614e-01  2.70476591e-01
9.30855997e-01  3.58806092e-01  7.61637240e-01
6.13020355e-01  3.73296219e-01  9.60211307e-01
8.12313852e-01  9.67301387e-01  9.19385206e-01
7.81643346e-01  3.28269023e-01  3.84701748e-01
6.91722806e-01  9.09922601e-01  9.78594533e-01
8.53242195e-01  3.39083125e-01  4.86111274e-01
8.43288110e-01  4.93948906e-01  2.61634010e-01
3.15929243e-01  8.13549448e-01  5.20221339e-01
6.16157198e-01  3.06232532e-01  3.11878752e-01
6.98697095e-01  8.96134277e-01  2.99587848e-01
4.18600685e-01  7.68014793e-01  2.93444540e-01
4.34244376e-01  9.67058445e-01  6.21497030e-01
3.40291100e-01  5.56542211e-01  9.19319557e-01
9.66678034e-01  8.79564075e-01  2.70047088e-01
7.03697184e-01  5.12250946e-01  8.88123468e-01
3.22919232e-01  9.88042382e-01  6.49335641e-01
9.99353535e-01  9.78213695e-01  6.22080834e-01
2.61095997e-01  8.38243884e-01  4.17543837e-01
5.91820123e-01  7.83845215e-01  9.76905188e-01
3.85988877e-01  8.35729798e-01  3.69877012e-01
4.64374963e-01  9.37118090e-01  7.06812155e-01
9.97386553e-01  5.84104780e-01  2.66542520e-01
3.30464723e-01  3.79223399e-01  7.93033077e-01
4.05595758e-01  9.66267155e-01  3.18485900e-01
9.17918083e-01  4.01682602e-01  2.62508716e-01
5.34213328e-01  2.74527552e-01  4.85390863e-01
9.18631696e-01  8.31855406e-01  9.24854603e-01
9.42559925e-01  9.22362148e-01  9.00328665e-01
2.67381206e-01  3.72654401e-01  8.49160617e-01
3.68082259e-01  9.88883958e-01  9.84812701e-01
3.67368411e-01  4.29823593e-01  4.00188569e-01
8.72058107e-01  2.86751448e-01  5.94376154e-01
7.72255519e-01  7.91017252e-01  2.67497526e-01
9.71666955e-01  4.52335211e-01  9.75965835e-01
8.13846817e-01  9.78633160e-01  8.32099849e-01
2.73673615e-01  7.04219207e-01  3.04148578e-01
4.68164723e-01  7.49923943e-01  8.05617780e-01
9.59573844e-01  5.48956755e-01  8.54178140e-01
4.63029802e-01  2.90009180e-01  7.22680996e-01
9.99529869e-01  8.90196866e-01  2.57782381e-01
8.35474408e-01  4.77440993e-01  9.89072271e-01
3.63244474e-01  8.33734020e-01  4.09400439e-01
4.42111791e-01  3.92456063e-01  2.98236172e-01
9.49084773e-01  7.53752033e-01  9.95329140e-01
