4.89008190e-01  4.91444538e-01  4.92700978e-01
4.93717311e-01  4.88868434e-01  5.05824189e-01
4.93025804e-01  4.94918187e-01  4.86448757e-01
5.08609659e-01  4.90330907e-01  5.03290831e-01
7.19720864e-01  4.32494274e-01  5.71682442e-01
4.90968717e-01  5.03865046e-01  5.01176651e-01
5.06116506e-01  4.96812192e-01  5.02380769e-01
5.01818122e-01  4.94110509e-01  4.99268027e-01
4.86767654e-01  4.99597819e-01  4.98032576e-01
4.99801656e-01  5.03083722e-01  4.93195396e-01
5.01937103e-01  5.03021429e-01  4.95141020e-01
4.90012159e-01  4.97399879e-01  4.94415177e-01
4.89052139e-01  5.02069783e-01  5.03271356e-01
5.02640530e-01  4.95364999e-01  4.98813216e-01
5.09228449e-01  4.84651289e-01  5.04501603e-01
5.00842407e-01  4.86147320e-01  5.08527830e-01
4.90158054e-01  4.83695946e-01  5.01503042e-01
5.00034927e-01  4.86248917e-01  4.99147830e-01
5.07822121e-01  4.86160718e-01  4.97038236e-01
4.97966573e-01  5.01874512e-01  4.91213569e-01
4.96777001e-01  4.91130313e-01  5.03555295e-01
5.03718880e-01  4.93972272e-01  5.03748927e-01
5.09476849e-01  4.92728224e-01  4.93021716e-01
5.02003391e-01  4.92269646e-01  4.97646579e-01
5.00316651e-01  4.87483315e-01  5.03322379e-01
4.87088672e-01  4.98825275e-01  5.09368771e-01
4.96058384e-01  4.95703206e-01  5.08840446e-01
4.95289624e-01  4.83444919e-01  4.99455492e-01
5.10790644e-01  5.04825560e-01  4.92238594e-01
5.07272842e-01  4.97068960e-01  4.96360486e-01
4.94065498e-01  4.92134690e-01  5.06796485e-01
5.03991204e-01  4.85110360e-01  5.07082715e-01
4.96166698e-01  4.91818054e-01  5.05114027e-01
5.00806666e-01  4.83366618e-01  4.90893764e-01
5.00699101e-01  4.90260213e-01  4.92254369e-01
4.89716860e-01  4.89866548e-01  5.01492767e-01
5.04566374e-01  5.04460646e-01  5.07365180e-01
4.87185935e-01  4.96735280e-01  5.07623460e-01
4.96105543e-01  5.03135637e-01  5.04166787e-01
8.53923926e-01  9.96677866e-01  4.38231608e-01
5.05583431e-01  4.84111898e-01  4.93268545e-01
4.92697059e-01  4.82437384e-01  4.87971360e-01
4.97120430e-01  4.87122103e-01  4.86655258e-01
5.09048160e-01  5.00421100e-01  4.93162779e-01
5.08992767e-01  5.02855297e-01  4.91594773e-01
4.91835635e-01  4.86656440e-01  5.05856224e-01
4.96732426e-01  4.81017176e-01  4.88968810e-01
4.96629831e-01  5.03004392e-01  5.00908645e-01
5.05308371e-01  5.01648929e-01  5.00469627e-01
4.97435401e-01  4.98795170e-01  5.04319660e-01
7.55605988e-01  3.00629109e-01  9.32607658e-01
4.99983618e-01  4.92980460e-01  4.99586272e-01
5.01348817e-01  5.04197101e-01  5.10975340e-01
5.09182134e-01  4.86017690e-01  4.97980847e-01
5.03365827e-01  5.05229916e-01  5.03564851e-01
4.94637886e-01  4.96025957e-01  4.90359777e-01
5.03366627e-01  4.95869198e-01  4.89476878e-01
4.87218866e-01  5.04516290e-01  4.87120978e-01
4.93692703e-01  4.88125532e-01  4.97810137e-01
5.03712002e-01  4.91856741e-01  5.04799641e-01
4.89785257e-01  5.04606199e-01  4.95377545e-01
4.86089535e-01  4.90829370e-01  4.96009618e-01
4.93234667e-01  4.89417987e-01  5.04548969e-01
4.89659778e-01  4.90874041e-01  5.03204664e-01
5.10497972e-01  4.95858688e-01  5.03046056e-01
5.07562777e-01  4.95882032e-01  4.94750297e-01
5.04195508e-01  4.94792731e-01  4.87029825e-01
5.09193651e-01  4.94931586e-01  5.08975576e-01
4.87519491e-01  4.84778574e-01  5.01865320e-01
5.05333163e-01  4.87925433e-01  5.09513633e-01
5.05774154e-01  4.94416172e-01  4.91544739e-01
5.05131638e-01  5.01744486e-01  5.11083522e-01
4.94457178e-01  4.92668077e-01  4.99871142e-01
4.87654128e-01  4.84538207e-01  4.87115620e-01
4.88215061e-01  4.97408141e-01  5.11528182e-01
4.90193787e-01  4.92567052e-01  4.88735365e-01
5.05833735e-01  4.88439536e-01  5.10293948e-01
5.08499864e-01  4.98592600e-01  4.91382690e-01
4.90433339e-01  4.84025075e-01  4.96787094e-01
4.99925382e-01  5.00023851e-01  5.03440873e-01
5.00241609e-01  5.02473946e-01  5.10768529e-01
4.92504234e-01  5.01308410e-01  4.97816655e-01
5.03220307e-01  4.83498718e-01  4.96355160e-01
4.92150482e-01  5.02355971e-01  5.07709922e-01
5.05012116e-01  5.01795567e-01  5.06375108e-01
4.94405555e-01  4.89310925e-01  4.97016659e-01
3.73764781e-01  8.32095873e-01  8.89933039e-01
5.07673400e-01  4.96161721e-01  5.10729109e-01
5.02131072e-01  4.81914144e-01  4.91981859e-01
4.92355966e-01  4.90503895e-01  4.88564770e-01
4.89995228e-01  5.03282057e-01  4.99053390e-01
5.09806022e-01  4.98105388e-01  4.89908565e-01
5.07427636e-01  4.88071314e-01  5.04247801e-01
5.03846839e-01  4.97853514e-01  4.90151202e-01
4.89430809e-01  9.81121526e-01  6.00620632e-01
6.41240267e-01  7.32466083e-01  5.39018818e-01
4.88169980e-01  4.89926663e-01  4.95386417e-01
4.99395391e-01  4.85508368e-01  4.99313272e-01
4.88257906e-01  5.04818441e-01  5.10720487e-01
4.89905687e-01  4.81144301e-01  4.86698467e-01
4.91236898e-01  4.92624101e-01  5.06134119e-01
4.93338737e-01  4.92221629e-01  4.99354874e-01
4.93140685e-01  4.97856796e-01  4.88422392e-01
5.00574218e-01  4.91107697e-01  5.10977633e-01
4.96264376e-01  4.85651298e-01  4.88008239e-01
4.99339753e-01  4.94196604e-01  4.88580791e-01
5.02679727e-01  4.89560209e-01  5.10856301e-01
5.04986352e-01  4.86065459e-01  4.97923663e-01
5.10563099e-01  5.05698087e-01  5.02943003e-01
4.86068435e-01  5.00783493e-01  4.90166804e-01
5.05774845e-01  5.03146983e-01  4.95678758e-01
4.88700380e-01  4.88256830e-01  5.03386991e-01
5.10414986e-01  4.84888245e-01  5.01330043e-01
5.07925887e-01  4.87539407e-01  5.01048586e-01
4.99379888e-01  4.96365050e-01  5.09298878e-01
4.95476554e-01  4.95590563e-01  4.91160410e-01
4.96501757e-01  4.97855413e-01  5.03949290e-01
4.95967213e-01  4.87856987e-01  4.89045343e-01
4.96872585e-01  4.83825536e-01  5.05943001e-01
5.03763908e-01  5.04328546e-01  5.01620897e-01
4.98070303e-01  4.83288041e-01  5.05901022e-01
4.90833725e-01  4.83365916e-01  5.01369243e-01
4.18600685e-01  7.68014793e-01  2.93444540e-01
4.87591394e-01  4.81471353e-01  5.03430347e-01
5.02070976e-01  4.88755721e-01  4.94486592e-01
5.02476944e-01  4.85275031e-01  5.05864465e-01
4.94607254e-01  4.93003087e-01  4.88876855e-01
5.06892186e-01  4.84321652e-01  4.94221340e-01
5.03736291e-01  4.97912450e-01  5.08859329e-01
5.01266464e-01  5.01347031e-01  4.90153370e-01
5.02122868e-01  4.96687161e-01  4.86381104e-01
4.92750286e-01  5.00564251e-01  4.92771080e-01
5.03395884e-01  4.95860927e-01  5.00293673e-01
5.05536922e-01  5.05049685e-01  4.99113710e-01
5.03095022e-01  4.81858051e-01  4.93440664e-01
4.97149943e-01  4.97458260e-01  5.02340015e-01
5.03593172e-01  4.81387726e-01  4.91975354e-01
7.64025705e-01  7.48562072e-01  8.89441482e-01
5.02644392e-01  5.01330833e-01  4.92715243e-01
4.98793297e-01  4.85229196e-01  5.01474922e-01
4.94902788e-01  5.04756221e-01  5.11355984e-01
4.90872274e-01  5.00889867e-01  5.02413305e-01
4.90156891e-01  4.89804847e-01  5.06321510e-01
4.86452271e-01  4.95534681e-01  5.04584941e-01
7.00784573e-01  9.79745219e-01  9.95277044e-01
5.06534185e-01  4.91945821e-01  5.05790133e-01
4.88309242e-01  4.92206913e-01  4.99920286e-01
5.10039015e-01  4.95163867e-01  5.10109618e-01
4.95992132e-01  4.85472471e-01  5.08376110e-01
5.05297019e-01  4.94792813e-01  4.96067630e-01
4.95531760e-01  4.96726691e-01  5.04396571e-01
5.09096318e-01  4.82665654e-01  4.96314225e-01
5.00540070e-01  4.98922131e-01  5.06591229e-01
4.97885177e-01  5.00793396e-01  4.91990041e-01
4.99121206e-01  4.91215143e-01  4.97281792e-01
5.02915650e-01  4.93347999e-01  5.01373995e-01
4.98328195e-01  4.95362395e-01  5.01616619e-01
4.94680608e-01  4.84926446e-01  5.01609716e-01
5.03484101e-01  4.86374398e-01  5.09307580e-01
4.94499126e-01  4.92661936e-01  4.86750870e-01
5.03708910e-01  4.98424781e-01  4.92940907e-01
5.05729592e-01  4.97420327e-01  5.01321852e-01
4.91465374e-01  4.88201863e-01  5.00367860e-01
5.05421540e-01  4.99508807e-01  5.00065476e-01
8.20404307e-01  5.12179806e-01  2.51841341e-01
5.02417180e-01  4.82908295e-01  4.93135816e-01
5.06277600e-01  4.93371235e-01  5.09401234e-01
4.92750174e-01  4.87854556e-01  4.88637377e-01
5.00919317e-01  4.90737237e-01  5.01229814e-01
5.07411649e-01  4.86581992e-01  4.89432773e-01
4.93812348e-01  4.83852836e-01  4.98295033e-01
4.99222736e-01  4.95438848e-01  5.00532250e-01
5.10238409e-01  5.05599664e-01  4.95064536e-01
7.25241721e-01  6.69291957e-01  2.50779692e-01
4.87756593e-01  4.86383638e-01  4.94724696e-01
5.04434454e-01  4.81513946e-01  5.10930589e-01
5.00444238e-01  4.97153401e-01  4.92780389e-01
5.06831555e-01  4.92533219e-01  4.89627451e-01
4.95655039e-01  4.92088733e-01  4.91450959e-01
4.92099000e-01  4.99127724e-01  4.86734968e-01
4.88605770e-01  4.89919503e-01  5.08940539e-01
5.07532489e-01  4.89132921e-01  4.95672657e-01
4.94856424e-01  4.93736731e-01  5.05463458e-01
4.87320651e-01  4.96057674e-01  5.01399673e-01
4.98895427e-01  5.03374471e-01  4.95451327e-01
5.09098424e-01  4.95167596e-01  5.04513071e-01
4.86713599e-01  4.89040614e-01  5.07147224e-01
5.10788201e-01  4.83971268e-01  5.06664164e-01
4.87038932e-01  4.83371790e-01  5.03152795e-01
5.01776957e-01  4.81262648e-01  5.11408693e-01
5.01174522e-01  4.90779497e-01  5.07082483e-01
4.98494447e-01  4.83084392e-01  4.99208118e-01
5.01818261e-01  4.93781668e-01  5.03152729e-01
4.91229541e-01  4.86089160e-01  4.98299519e-01
5.04075497e-01  4.97510767e-01  4.93064939e-01
5.08341367e-01  4.96730978e-01  5.06999059e-01
5.06707545e-01  4.95206668e-01  5.02365819e-01
4.90101575e-01  5.02643225e-01  4.96852152e-01
4.89525174e-01  4.92108028e-01  5.05384663e-01
5.09178652e-01  4.98767749e-01  4.92181561e-01
4.89841547e-01  4.97196598e-01  5.01476851e-01
5.00284830e-01  4.83611410e-01  5.04012113e-01
4.86945789e-01  4.81088275e-01  4.87810528e-01
5.06786182e-01  5.03305011e-01  5.09602929e-01
4.86066257e-01  4.84125882e-01  4.87842080e-01
5.07513098e-01  4.84346339e-01  4.94758505e-01
5.08121925e-01  4.83124137e-01  4.93634453e-01
4.92642226e-01  4.86330868e-01  4.99100849e-01
5.04114844e-01  4.87232213e-01  4.86613880e-01
4.86687399e-01  4.84310441e-01  5.06269381e-01
5.10865400e-01  4.82126152e-01  5.08104261e-01
4.90454434e-01  5.05149721e-01  4.92111958e-01
5.08942412e-01  4.90294002e-01  5.04594830e-01
4.97845474e-01  5.01760646e-01  4.99842878e-01
4.99373362e-01  4.82280216e-01  5.07850116e-01
4.96475656e-01  4.82040052e-01  5.03586797e-01
5.00037826e-01  4.86206282e-01  5.08136046e-01
4.92406329e-01  4.96701453e-01  4.99961563e-01
4.93744891e-01  4.83397224e-01  4.90825939e-01
4.86073194e-01  5.04546136e-01  4.90586113e-01
4.97453940e-01  5.03275488e-01  4.92412520e-01
4.94181683e-01  4.99063805e-01  5.09285702e-01
5.08250653e-01  4.99485980e-01  5.11112770e-01
4.87942483e-01  4.83092313e-01  4.90346385e-01
4.98436908e-01  4.92738021e-01  5.02420959e-01
5.00166997e-01  4.86437042e-01  5.03439062e-01
4.86837133e-01  4.81603979e-01  5.04138267e-01
4.92124448e-01  4.92823199e-01  4.93226593e-01
4.95235240e-01  4.96093521e-01  4.99466819e-01
5.05033492e-01  4.83576655e-01  5.00960007e-01
4.86053926e-01  4.95577858e-01  4.87394314e-01
4.89721477e-01  4.82460602e-01  5.08969068e-01
4.98837459e-01  4.84265413e-01  4.97360702e-01
5.00222748e-01  4.83075111e-01  5.04340978e-01
5.07889966e-01  4.86002268e-01  4.86591929e-01
5.00496925e-01  4.95038817e-01  4.91526890e-01
4.98519382e-01  5.05215377e-01  5.11339727e-01
5.13743407e-01  5.41680940e-01  9.81205233e-01
5.08823667e-01  4.86745009e-01  4.88675291e-01
4.92567058e-01  4.88374267e-01  4.96080518e-01
4.96900627e-01  4.96716451e-01  4.90069146e-01
5.10853695e-01  5.03468753e-01  5.10880306e-01
4.87144174e-01  5.01841585e-01  4.97282502e-01
4.99293470e-01  4.98359882e-01  4.95772209e-01
4.91682125e-01  4.84208999e-01  4.92309591e-01
5.05667422e-01  4.96730445e-01  4.92279805e-01
5.09114783e-01  4.92893361e-01  5.03393810e-01
5.08291231e-01  4.93585410e-01  5.07368463e-01
5.06301633e-01  4.83465356e-01  4.99977007e-01
7.37803527e-01  4.32213272e-01  2.98227854e-01
5.00819348e-01  4.89099981e-01  4.87375380e-01
4.89088952e-01  4.90730280e-01  5.03738341e-01
5.00877426e-01  5.04814583e-01  5.07867105e-01
4.86904365e-01  4.96900691e-01  4.88270265e-01
4.98554024e-01  4.83894809e-01  4.98023198e-01
5.10382255e-01  4.98262416e-01  4.91789554e-01
4.91156531e-01  4.87415817e-01  5.05483286e-01
4.88485566e-01  4.95535075e-01  5.09113508e-01
4.87422321e-01  4.91573855e-01  5.00421836e-01
4.86245541e-01  4.97950827e-01  4.94814643e-01
3.98550196e-01  8.30408305e-01  4.85518725e-01
5.09084478e-01  4.96829716e-01  4.93323089e-01
4.89223732e-01  4.82614082e-01  4.90704698e-01
4.95410204e-01  4.87282029e-01  5.09301520e-01
4.95491055e-01  5.02012930e-01  5.06231949e-01
4.99494642e-01  4.85119647e-01  5.02621662e-01
4.87282978e-01  5.04954110e-01  5.11332039e-01
4.96645440e-01  4.99794713e-01  5.04214988e-01
5.02367825e-01  4.98937545e-01  4.91381312e-01
4.88248560e-01  5.03350571e-01  5.07023840e-01
5.10753947e-01  4.81426413e-01  5.08754114e-01
4.96716064e-01  5.01086786e-01  5.10886764e-01
4.98740930e-01  4.98306450e-01  5.02692871e-01
4.89871790e-01  4.91179681e-01  5.06670654e-01
5.05956476e-01  4.92695852e-01  4.96911119e-01
4.91107859e-01  4.84932901e-01  5.04099753e-01
8.64471856e-01  4.19605727e-01  8.41576344e-01
4.89781860e-01  4.93275697e-01  5.07244265e-01
4.98893908e-01  5.04767307e-01  5.08567512e-01
4.95772142e-01  4.91388425e-01  5.06584304e-01
5.05305320e-01  4.87504125e-01  4.94268762e-01
4.99506424e-01  4.85872698e-01  5.04884687e-01
4.97544510e-01  4.84267028e-01  4.96485387e-01
4.92242649e-01  4.99953552e-01  4.96130983e-01
5.81379326e-01  4.42910324e-01  4.52965068e-01
4.87908403e-01  4.97044926e-01  5.02774777e-01
4.98115736e-01  4.88551704e-01  4.92653388e-01
4.92390943e-01  4.83688785e-01  5.04439603e-01
4.96887181e-01  5.01229090e-01  5.08941938e-01
5.01525854e-01  4.97607818e-01  4.88458267e-01
5.09710377e-01  4.89845293e-01  5.00774980e-01
4.90223821e-01  4.96284742e-01  4.93253394e-01
4.91004812e-01  4.95391103e-01  4.93413979e-01
5.09724362e-01  4.88028258e-01  4.94738020e-01
4.90436451e-01  4.95041165e-01  4.87436328e-01
4.93068476e-01  4.81786186e-01  5.04385347e-01
5.04308632e-01  4.87476770e-01  5.10469280e-01
9.38337766e-01  2.80759135e-01  8.19156136e-01
5.06233130e-01  5.01209590e-01  5.03306205e-01
4.93652363e-01  4.86639217e-01  4.96793715e-01
4.86075430e-01  5.02251606e-01  4.98138907e-01
4.90541436e-01  4.83342393e-01  4.91044940e-01
4.97119458e-01  4.87023208e-01  4.94215851e-01
5.00480470e-01  4.82128605e-01  4.99398660e-01
4.91243473e-01  4.90057681e-01  4.87564882e-01
4.87991881e-01  4.96194515e-01  5.10129858e-01
5.04815862e-01  4.84562886e-01  4.89423775e-01
4.87209860e-01  4.87705462e-01  4.86988151e-01
5.04893757e-01  5.05400389e-01  5.07139375e-01
5.10798588e-01  5.05001535e-01  4.95105326e-01
4.96986699e-01  4.82138254e-01  5.00182139e-01
5.03232380e-01  4.89847466e-01  4.99926464e-01
5.05087469e-01  5.02158614e-01  5.10446498e-01
4.94945707e-01  4.83246844e-01  5.08117655e-01
4.86873133e-01  4.83184863e-01  4.86835071e-01
4.96208757e-01  4.82425718e-01  4.95258641e-01
4.94131237e-01  4.82837117e-01  4.99368685e-01
4.92993513e-01  4.93081105e-01  4.98696968e-01
5.02710305e-01  4.85000715e-01  4.87682122e-01
4.89200746e-01  4.83724727e-01  5.06148856e-01
4.91029170e-01  4.83561554e-01  5.03664277e-01
4.90588967e-01  4.83381961e-01  4.98442430e-01
4.96327512e-01  4.82131166e-01  4.90343613e-01
4.99302740e-01  4.91453169e-01  5.02624789e-01
4.89871892e-01  4.87561936e-01  4.93174189e-01
5.05809364e-01  5.04712432e-01  4.92650333e-01
5.00170948e-01  4.88225832e-01  4.88010809e-01
5.04586763e-01  5.03229120e-01  4.95484107e-01
5.04644145e-01  4.97348040e-01  5.11539241e-01
4.94404750e-01  4.84808991e-01  5.09530883e-01
5.04757599e-01  4.81978535e-01  4.94175665e-01
5.00833881e-01  4.82335678e-01  4.92399899e-01
5.06895728e-01  4.82952503e-01  5.01658833e-01
4.87926562e-01  4.85422514e-01  4.97165900e-01
4.88625001e-01  4.87244882e-01  4.99134797e-01
5.08035512e-01  5.00655599e-01  4.93482829e-01
5.06272281e-01  4.95436335e-01  4.87202862e-01
5.06383761e-01  4.81526663e-01  4.91174537e-01
4.89641940e-01  4.96564827e-01  4.94032555e-01
5.04066805e-01  4.95708447e-01  5.10935547e-01
9.65052388e-01  8.28842092e-01  3.89639127e-01
5.01844074e-01  5.05520518e-01  5.09054789e-01
8.92644552e-01  5.96751106e-01  7.72474623e-01
3.99213707e-01  7.44610368e-01  4.29936931e-01
4.91196156e-01  5.05275994e-01  5.00000521e-01
5.03794003e-01  4.95339946e-01  4.94374659e-01
4.90510424e-01  5.00514938e-01  5.10658542e-01
4.90228699e-01  5.05728389e-01  5.10337148e-01
4.89670559e-01  4.93568260e-01  5.05322156e-01
5.01229435e-01  5.04471590e-01  5.05535852e-01
5.09932115e-01  4.83516292e-01  5.05202004e-01
5.10510043e-01  4.86047254e-01  4.88619654e-01
4.89666926e-01  4.90666189e-01  4.86516856e-01
5.03140144e-01  4.82289672e-01  4.87970011e-01
5.05270115e-01  4.94550831e-01  4.92413836e-01
5.00250642e-01  5.03921729e-01  4.98353250e-01
5.09611416e-01  4.87921332e-01  4.93046608e-01
5.07653596e-01  4.93773477e-01  4.93711235e-01
4.90221853e-01  5.04261242e-01  4.96205930e-01
5.10289189e-01  4.93971426e-01  4.89026370e-01
4.95465355e-01  4.81864685e-01  5.06792056e-01
7.09399974e-01  2.63123094e-01  9.62123446e-01
8.11609117e-01  3.89172388e-01  3.84375290e-01
4.95918471e-01  4.96962882e-01  5.01371221e-01
5.05834324e-01  4.99164942e-01  4.97928945e-01
4.86989392e-01  4.96242806e-01  4.91088150e-01
5.09583791e-01  4.86644058e-01  4.87148741e-01
4.91499124e-01  5.04700453e-01  5.05646659e-01
4.86784333e-01  4.86599937e-01  5.01209087e-01
5.03222780e-01  4.97098184e-01  4.94568970e-01
4.97102432e-01  4.94688899e-01  5.06469518e-01
5.09228427e-01  4.90021391e-01  5.03466475e-01
4.91402230e-01  4.90059865e-01  4.99445604e-01
4.89872639e-01  4.98908775e-01  5.10638481e-01
3.16257279e-01  3.53341329e-01  4.95675931e-01
4.89047949e-01  4.97737416e-01  5.01745782e-01
5.30009622e-01  2.52180969e-01  9.82456894e-01
5.03858884e-01  4.90020096e-01  5.02114658e-01
4.90499645e-01  5.04796377e-01  4.94768498e-01
5.03130541e-01  4.88651387e-01  4.90651550e-01
5.05790812e-01  4.97805763e-01  4.95000187e-01
4.95969981e-01  4.88398536e-01  4.98068871e-01
4.92646505e-01  4.96352105e-01  4.94617727e-01
4.94230294e-01  4.91618385e-01  5.01993706e-01
5.01645978e-01  4.91469725e-01  4.93005102e-01
4.92143977e-01  5.01738087e-01  4.99764971e-01
4.97841336e-01  5.04112135e-01  5.00639058e-01
4.86509308e-01  4.91824991e-01  5.03917264e-01
4.98883509e-01  4.81330116e-01  4.90608090e-01
5.07846682e-01  4.88302510e-01  4.90486103e-01
5.00730902e-01  4.87191644e-01  4.98788549e-01
4.86363933e-01  5.01018235e-01  4.86763378e-01
5.04533418e-01  5.00487073e-01  4.99373861e-01
5.06533514e-01  4.97316425e-01  4.90382896e-01
5.07074499e-01  4.82019079e-01  4.94368685e-01
5.02223052e-01  5.03640950e-01  4.96000144e-01
5.02651353e-01  4.85394373e-01  5.10520506e-01
5.08922452e-01  4.98639563e-01  5.05806404e-01
5.01424631e-01  4.86252696e-01  5.08163309e-01
5.04038111e-01  5.00225835e-01  5.07552856e-01
4.86458830e-01  4.97484041e-01  5.05486867e-01
5.00231966e-01  4.95804691e-01  5.07066211e-01
4.96664679e-01  4.90613152e-01  4.88077713e-01
5.02819707e-01  4.87922148e-01  5.06520080e-01
4.91944400e-01  5.00506548e-01  5.05665374e-01
4.87978839e-01  4.86949224e-01  5.04027065e-01
4.87171195e-01  5.04961274e-01  4.93608192e-01
5.02237905e-01  4.92552720e-01  5.03549648e-01
4.86066703e-01  4.94967235e-01  5.06035089e-01
5.05839577e-01  4.86170483e-01  4.92341845e-01
5.07245572e-01  5.00541374e-01  4.92804068e-01
4.90050785e-01  4.82319725e-01  4.90254070e-01
5.08925887e-01  5.02441757e-01  5.06563973e-01
4.99484884e-01  4.96872703e-01  4.96219298e-01
8.28496817e-01  6.92787352e-01  7.19248527e-01
4.97772078e-01  4.81784613e-01  4.93275779e-01
5.02641449e-01  4.91833313e-01  4.93188292e-01
5.05911558e-01  4.84917522e-01  4.92733716e-01
5.09637683e-01  5.04487631e-01  4.94001220e-01
5.10411481e-01  4.84514919e-01  4.87673583e-01
4.90078353e-01  4.91588293e-01  5.05425881e-01
4.95962208e-01  5.05593036e-01  4.91761966e-01
4.89979045e-01  5.02909765e-01  5.08737286e-01
5.03478906e-01  4.80965289e-01  4.90651859e-01
5.03834762e-01  4.93728094e-01  5.07153240e-01
5.01380842e-01  4.98280381e-01  4.92591423e-01
4.86101350e-01  5.02350664e-01  5.06779495e-01
4.99061818e-01  4.81982501e-01  4.97050103e-01
5.08596602e-01  4.86211404e-01  4.88802240e-01
4.99640296e-01  4.82766157e-01  4.88318704e-01
5.10269866e-01  5.02984820e-01  4.99359090e-01
5.05637194e-01  4.98807957e-01  5.02135856e-01
5.03334803e-01  4.99888945e-01  4.91723326e-01
5.10232748e-01  4.90098088e-01  4.97711691e-01
4.90559528e-01  4.94539546e-01  4.88022496e-01
4.88370066e-01  4.86416856e-01  5.03860195e-01
4.93898007e-01  5.01293564e-01  4.97327074e-01
5.03642875e-01  5.05221832e-01  5.01139792e-01
4.93715289e-01  4.98722017e-01  5.02557221e-01
5.07657756e-01  4.96702513e-01  4.99496144e-01
5.10285242e-01  4.81594704e-01  4.88456917e-01
4.98164960e-01  4.91667455e-01  5.03263916e-01
4.88025509e-01  4.96403043e-01  4.93513797e-01
4.71974889e-01  7.16754120e-01  8.45573296e-01
5.10956788e-01  5.01616572e-01  4.93839370e-01
4.89803698e-01  4.93489999e-01  4.98666981e-01
4.94606340e-01  4.90526007e-01  4.97087628e-01
4.89325408e-01  4.90320639e-01  4.96756517e-01
4.86814631e-01  4.92362247e-01  4.90878928e-01
4.97760355e-01  4.88434252e-01  5.10539300e-01
5.10998555e-01  4.84905172e-01  5.08746041e-01
4.95388319e-01  4.87029004e-01  5.04447059e-01
5.08767122e-01  4.90565447e-01  4.94610284e-01
4.92808542e-01  4.94511502e-01  5.04256869e-01
4.87695096e-01  5.03349054e-01  4.96740845e-01
4.91290277e-01  4.95180308e-01  4.95918971e-01
5.00139007e-01  4.97364669e-01  4.99747775e-01
5.00492956e-01  5.01507326e-01  4.89142520e-01
4.99819640e-01  4.95645720e-01  4.91932155e-01
5.10928565e-01  4.87778528e-01  4.87276140e-01
5.07080353e-01  5.00329497e-01  5.05344573e-01
5.07309068e-01  4.84901004e-01  5.00259097e-01
4.99864683e-01  5.01391172e-01  4.91141819e-01
4.93669305e-01  4.97096514e-01  5.03102227e-01
5.09183342e-01  4.81576885e-01  4.86411677e-01
4.90591571e-01  4.81993024e-01  4.87361244e-01
4.87494266e-01  4.97870261e-01  4.92785327e-01
5.00232859e-01  5.04225654e-01  4.88299767e-01
4.88989075e-01  5.03019205e-01  5.03511131e-01
4.87315199e-01  4.86029782e-01  4.95973603e-01
5.09972487e-01  4.94569788e-01  4.90070022e-01
4.90301494e-01  4.88595323e-01  5.00530880e-01
4.96822221e-01  4.84995470e-01  5.02127609e-01
5.02697781e-01  4.93396904e-01  4.90572132e-01
5.10071653e-01  4.85481450e-01  5.07029702e-01
4.87265984e-01  4.84864806e-01  4.93624480e-01
4.97588985e-01  4.98703191e-01  5.08041461e-01
5.09526215e-01  5.03367033e-01  5.02478826e-01
4.93843564e-01  5.03407677e-01  5.04038288e-01
5.04093220e-01  4.85877479e-01  4.95121854e-01
4.98900092e-01  4.91546747e-01  4.95893514e-01
4.86663530e-01  5.04320139e-01  4.95430029e-01
4.98548153e-01  4.86855861e-01  5.02535832e-01
5.02103860e-01  4.84439491e-01  4.88955614e-01
4.98679428e-01  4.91262817e-01  4.92560267e-01
4.97252919e-01  4.99774966e-01  4.90326654e-01
5.08129016e-01  4.89023277e-01  5.04330310e-01
5.01057761e-01  5.03753473e-01  4.90270308e-01
7.85937846e-01  4.75707525e-01  2.57202221e-01
4.95730749e-01  4.91365242e-01  5.07441974e-01
4.97741009e-01  4.89791732e-01  4.88554764e-01
4.87322999e-01  4.86934237e-01  4.91109974e-01
4.86092872e-01  4.94805136e-01  5.01818251e-01
5.09276779e-01  4.88304560e-01  4.93137069e-01
2.52963134e-01  9.97810094e-01  7.85549457e-01
5.09059843e-01  4.96418501e-01  4.86593405e-01
4.95951076e-01  4.83932794e-01  4.97637134e-01
5.09258201e-01  5.02583450e-01  5.01924046e-01
5.06366615e-01  4.85925155e-01  5.10098494e-01
5.75514895e-01  4.61096520e-01  9.68861495e-01
5.09476456e-01  5.00020158e-01  5.05355041e-01
5.08876525e-01  5.00672462e-01  5.03342348e-01
4.99649529e-01  4.89704592e-01  4.91098967e-01
2.85174420e-01  2.60623548e-01  7.61541373e-01
4.87514794e-01  4.85585915e-01  4.88017088e-01
4.93705799e-01  4.92918915e-01  4.94208881e-01
4.86070305e-01  4.85342563e-01  4.95043867e-01
4.95298258e-01  4.90580320e-01  5.02359502e-01
4.90034423e-01  4.92477857e-01  5.01827367e-01
4.88756930e-01  5.03639928e-01  4.86531577e-01
4.99667225e-01  4.84204328e-01  4.89224932e-01
4.94783318e-01  4.99514648e-01  4.88031918e-01
5.05052244e-01  4.87010293e-01  5.00498215e-01
4.93793299e-01  4.92276946e-01  4.88335524e-01
4.99492788e-01  4.91552170e-01  5.08630775e-01
4.87217802e-01  4.90505158e-01  4.97083664e-01
5.02166085e-01  5.01536003e-01  4.88746727e-01
4.68910636e-01  7.61248708e-01  6.30626985e-01
4.99703013e-01  4.86521277e-01  5.01636082e-01
4.95417442e-01  4.99235562e-01  5.03338882e-01
5.04665513e-01  4.91410636e-01  4.87791760e-01
4.87532455e-01  4.93284776e-01  4.98980508e-01
5.06835636e-01  4.91359315e-01  4.92914423e-01
5.08365746e-01  5.01552316e-01  4.99916410e-01
4.99319900e-01  5.03578037e-01  5.01328695e-01
5.10362618e-01  5.04166294e-01  4.96004785e-01
4.90255760e-01  4.85227632e-01  5.10261761e-01
4.92672272e-01  4.99301523e-01  4.87119317e-01
4.87676421e-01  4.83929599e-01  4.94453786e-01
4.87398371e-01  5.02030671e-01  4.97512745e-01
5.02279819e-01  4.87513458e-01  5.07931625e-01
5.10404430e-01  4.81134402e-01  5.03974097e-01
4.95030859e-01  4.98624346e-01  4.88700684e-01
4.95046976e-01  4.96409230e-01  5.06100072e-01
5.01541526e-01  4.97816262e-01  4.96744096e-01
8.15992007e-01  3.78084732e-01  4.09926362e-01
4.86230664e-01  5.02628312e-01  5.03584147e-01
4.95294464e-01  4.86506563e-01  5.08737629e-01
4.94361429e-01  4.90607616e-01  4.93541588e-01
5.08994579e-01  5.03786902e-01  4.90866518e-01
7.91322538e-01  6.19837654e-01  6.90966097e-01
5.10852608e-01  4.98239207e-01  5.03832181e-01
4.94137506e-01  4.90203617e-01  9.35601988e-01
5.05706513e-01  4.98578095e-01  4.98716627e-01
4.91059299e-01  5.01601698e-01  5.01439241e-01
5.08543905e-01  4.92033936e-01  5.00137235e-01
4.92718520e-01  4.98501328e-01  5.01237112e-01
4.97647112e-01  5.00832158e-01  5.10564539e-01
5.07040649e-01  4.92525419e-01  5.05234624e-01
5.09968552e-01  4.90983081e-01  5.00213462e-01
7.13330688e-01  2.85556591e-01  2.60370752e-01
4.88738516e-01  5.04112696e-01  4.97055905e-01
4.99830012e-01  5.04419108e-01  4.89338476e-01
5.08149682e-01  5.01118600e-01  4.96070405e-01
5.10131332e-01  4.89841190e-01  5.04599649e-01
8.71517658e-01  5.08352449e-01  6.33876331e-01
5.05693188e-01  4.99326520e-01  4.86705857e-01
5.04088073e-01  4.88786009e-01  5.00265040e-01
5.07505943e-01  4.85042250e-01  4.93099361e-01
4.94767190e-01  4.94954168e-01  5.07598274e-01
5.05477173e-01  4.94258009e-01  5.03391659e-01
4.87297576e-01  5.02931036e-01  5.02254419e-01
4.90548805e-01  5.01295249e-01  5.09608650e-01
5.07211375e-01  5.03940505e-01  4.89580575e-01
5.07422631e-01  4.93987795e-01  5.01914947e-01
4.86217672e-01  4.94955052e-01  5.06576126e-01
5.09377389e-01  5.03390919e-01  5.11464675e-01
4.96460908e-01  4.94351314e-01  4.91382427e-01
4.90386560e-01  4.94802310e-01  4.89508010e-01
4.88559331e-01  5.02714233e-01  5.00544092e-01
5.04598587e-01  4.85212935e-01  4.99404669e-01
5.04464621e-01  4.96459568e-01  4.95928283e-01
5.05455522e-01  4.95509667e-01  5.07147241e-01
4.87709736e-01  4.94986224e-01  4.87694913e-01
4.87338075e-01  4.85906796e-01  4.88358995e-01
4.97276464e-01  4.96862504e-01  4.96297966e-01
5.06230506e-01  4.83358270e-01  4.94494183e-01
4.97852444e-01  4.85890134e-01  5.09025203e-01
4.92904460e-01  5.04134195e-01  5.07128693e-01
4.86478609e-01  5.05111160e-01  5.06539921e-01
4.97474849e-01  5.04230194e-01  5.08852318e-01
5.10173638e-01  4.96379937e-01  4.89855757e-01
5.02135199e-01  4.83977534e-01  4.90867951e-01
4.96821955e-01  4.86069658e-01  5.02590345e-01
5.02889059e-01  5.00209956e-01  5.10642963e-01
4.86394543e-01  4.97175584e-01  5.10696503e-01
4.95226079e-01  4.98182012e-01  5.00766634e-01
5.09389900e-01  4.87478739e-01  4.89554360e-01
4.96474549e-01  4.95845667e-01  4.95658704e-01
3.76836009e-01  3.78433133e-01  7.56380002e-01
4.93180635e-01  4.81919266e-01  5.04568087e-01
3.35490836e-01  5.38858681e-01  4.04503617e-01
4.94102121e-01  4.85467941e-01  4.99664636e-01
5.07197516e-01  4.96286253e-01  5.03403892e-01
5.09880498e-01  4.82207594e-01  5.10704552e-01
4.86743455e-01  4.84506855e-01  4.87140648e-01
5.09003915e-01  4.88582480e-01  4.99657244e-01
4.97542004e-01  4.84617186e-01  4.97346000e-01
5.03614428e-01  5.03827589e-01  4.97930609e-01
5.01018450e-01  5.02809878e-01  5.02927768e-01
5.08734792e-01  4.89825381e-01  4.89753354e-01
4.96689639e-01  4.85270332e-01  4.87988723e-01
5.07440104e-01  5.04128379e-01  5.03747766e-01
4.88406716e-01  4.90842135e-01  4.89622772e-01
5.02653822e-01  5.02062151e-01  4.91037207e-01
4.97578959e-01  4.97162412e-01  5.06054338e-01
5.08922724e-01  4.82516133e-01  4.92648525e-01
5.01873975e-01  5.02848601e-01  5.02801608e-01
5.07466711e-01  4.86408962e-01  4.96920851e-01
5.11017577e-01  4.94828960e-01  5.09584065e-01
5.02150751e-01  4.94690979e-01  5.00516299e-01
4.95846667e-01  4.91527191e-01  4.86521966e-01
4.90285706e-01  4.86737419e-01  5.07467879e-01
5.08358342e-01  4.83190245e-01  5.07030319e-01
5.03902088e-01  4.90530322e-01  4.95242546e-01
5.09271740e-01  4.89420531e-01  4.86687450e-01
5.05030369e-01  4.85194786e-01  5.07101203e-01
4.88033802e-01  4.89050285e-01  4.93074505e-01
4.86911697e-01  4.97818547e-01  4.88641534e-01
4.95092100e-01  4.92458091e-01  5.02203381e-01
5.03229308e-01  4.90263881e-01  4.99863379e-01
5.06203332e-01  4.91398938e-01  4.88202735e-01
4.87546217e-01  4.99578286e-01  4.87090134e-01
4.95387349e-01  4.83890232e-01  4.98405523e-01
5.05907704e-01  5.05141863e-01  5.06187628e-01
4.92776198e-01  4.92546714e-01  5.05141820e-01
4.86272074e-01  4.96579108e-01  4.93222369e-01
4.93518843e-01  4.96833346e-01  4.95963381e-01
4.90672461e-01  4.90361063e-01  5.03017691e-01
4.94954170e-01  5.02724295e-01  4.93301113e-01
4.86704720e-01  5.01581921e-01  5.10182045e-01
4.93934196e-01  4.96117759e-01  5.00834493e-01
5.09450750e-01  4.92940227e-01  5.05238199e-01
5.00837997e-01  4.94439537e-01  5.07363611e-01
4.92173779e-01  4.85193290e-01  5.01069234e-01
4.99235290e-01  4.86079935e-01  5.08095899e-01
4.96416665e-01  4.86435278e-01  5.10443508e-01
5.02161241e-01  4.91902020e-01  4.97911523e-01
4.92030723e-01  5.03688676e-01  5.05125507e-01
4.93088308e-01  4.81015517e-01  4.99661826e-01
5.03725298e-01  5.01834883e-01  4.88429891e-01
5.04097234e-01  4.99793776e-01  4.90195983e-01
5.06209862e-01  5.01121428e-01  4.99891587e-01
4.88677604e-01  4.94140816e-01  5.02399327e-01
5.01806531e-01  4.99435820e-01  5.04149919e-01
5.00941219e-01  5.02996577e-01  5.08280344e-01
5.10313112e-01  4.87756896e-01  4.96183357e-01
4.87095489e-01  4.96949783e-01  4.86716204e-01
5.06435003e-01  4.94661822e-01  5.06707105e-01
5.06238831e-01  4.90921954e-01  5.08142379e-01
4.91730686e-01  4.83372720e-01  4.97972448e-01
4.87843880e-01  4.97441841e-01  4.94784892e-01
4.89231688e-01  4.85141684e-01  4.90541909e-01
5.00951295e-01  4.87989369e-01  5.03291610e-01
5.02323090e-01  4.98186450e-01  5.09379729e-01
4.86226985e-01  4.92708594e-01  5.04595346e-01
4.97172182e-01  5.01762833e-01  4.96228494e-01
4.93015819e-01  5.01240075e-01  5.11213001e-01
5.01897230e-01  4.83485550e-01  4.96117815e-01
5.01897306e-01  4.88231157e-01  5.11238753e-01
5.04631914e-01  5.04392234e-01  5.08269241e-01
4.91063561e-01  5.02504269e-01  4.98571761e-01
5.10210595e-01  4.88817021e-01  4.89783696e-01
4.90649431e-01  4.81569242e-01  4.98242313e-01
4.90483392e-01  5.01296103e-01  4.95696929e-01
4.86894942e-01  4.94199236e-01  4.95209008e-01
5.01565183e-01  4.88132675e-01  4.95084284e-01
4.99478384e-01  4.99164883e-01  4.90051366e-01
5.09493405e-01  4.96461455e-01  4.99216274e-01
5.01552284e-01  4.92672532e-01  4.88759345e-01
4.87519603e-01  5.03590076e-01  4.88776768e-01
5.08656240e-01  4.91930321e-01  4.95515505e-01
4.96793886e-01  4.81483372e-01  4.89092766e-01
4.90149277e-01  4.89748281e-01  5.04313656e-01
5.03822306e-01  4.88866854e-01  4.95960739e-01
5.04496447e-01  4.83296694e-01  4.87164539e-01
5.07204355e-01  4.81549486e-01  4.97319525e-01
5.06687648e-01  4.93945359e-01  4.93572521e-01
4.99562122e-01  4.88268573e-01  4.96253081e-01
4.97151228e-01  4.89316756e-01  4.92926816e-01
5.11083058e-01  4.95087952e-01  5.02208359e-01
4.95247130e-01  4.99907263e-01  4.86448463e-01
4.86942823e-01  4.88418241e-01  4.88152172e-01
5.07800620e-01  4.93545412e-01  4.87637715e-01
5.00586089e-01  4.87350554e-01  5.11255176e-01
5.06249803e-01  4.88707022e-01  5.08519664e-01
5.05552553e-01  4.88436195e-01  4.97379821e-01
4.98353770e-01  4.85604237e-01  4.91220788e-01
4.99186661e-01  4.93362017e-01  5.00334473e-01
4.86420801e-01  4.84649114e-01  4.94951939e-01
5.00854044e-01  4.86565064e-01  4.95369893e-01
4.75528678e-01  9.74361949e-01  3.94869021e-01
5.06340691e-01  4.85831505e-01  5.09652591e-01
5.08445823e-01  4.88586896e-01  4.94691101e-01
5.02247025e-01  4.91186733e-01  4.90731018e-01
4.93484830e-01  4.84963994e-01  4.98488885e-01
4.90804364e-01  4.97540963e-01  4.96545806e-01
5.02134244e-01  5.01387812e-01  4.88106165e-01
4.91999059e-01  4.94711396e-01  4.91727071e-01
4.93855761e-01  4.89029462e-01  5.07120418e-01
5.11085350e-01  4.93064430e-01  4.90886389e-01
5.05359100e-01  5.03621414e-01  4.94501790e-01
4.95857341e-01  4.96182526e-01  5.07499511e-01
5.04655361e-01  4.90131284e-01  5.01316167e-01
4.92459111e-01  4.81807289e-01  5.05881415e-01
5.01577208e-01  4.98847821e-01  5.04205417e-01
4.95856599e-01  5.03944618e-01  4.88128678e-01
4.89862474e-01  4.86559387e-01  4.94031603e-01
4.93815754e-01  4.95425652e-01  5.06205630e-01
4.95086023e-01  4.92334047e-01  4.98001891e-01
4.87056059e-01  4.97176542e-01  4.93172121e-01
6.23885029e-01  5.25929882e-01  7.57993248e-01
5.08983522e-01  4.98393009e-01  4.90020533e-01
5.10796751e-01  4.84474981e-01  4.89263003e-01
4.86543178e-01  4.81063231e-01  5.07944997e-01
4.94545132e-01  4.87092598e-01  5.10626575e-01
4.95157734e-01  4.87379773e-01  5.08316283e-01
5.04811613e-01  4.92516938e-01  5.09402200e-01
4.97752108e-01  4.83399501e-01  4.94337148e-01
5.03573457e-01  4.97339433e-01  5.08736256e-01
4.87602779e-01  4.96808444e-01  5.06967903e-01
9.12959340e-01  8.90475812e-01  2.50932081e-01
9.31493782e-01  9.58926687e-01  7.56906581e-01
4.94558804e-01  4.91517525e-01  4.91183019e-01
4.90990398e-01  5.04889587e-01  4.87461771e-01
6.34858536e-01  3.29077072e-01  2.99324653e-01
4.88382051e-01  4.87588948e-01  4.92146015e-01
4.87926876e-01  4.81965503e-01  5.10229655e-01
5.08955833e-01  4.89982377e-01  4.95333184e-01
5.02815040e-01  4.97625742e-01  5.05828735e-01
4.88629874e-01  4.98297991e-01  5.10608498e-01
4.90948248e-01  4.88031695e-01  4.88355689e-01
4.96176441e-01  4.98896183e-01  5.01105363e-01
4.89301434e-01  4.94374592e-01  4.97354716e-01
5.10156039e-01  4.93387222e-01  5.01317946e-01
5.02744918e-01  4.83488421e-01  5.02121149e-01
5.09255921e-01  4.88343160e-01  4.90485800e-01
4.87938258e-01  4.84545530e-01  5.04356888e-01
4.91378562e-01  4.95392666e-01  4.94555480e-01
4.90630869e-01  4.96591393e-01  4.93910038e-01
5.00912666e-01  4.92339751e-01  4.96481799e-01
4.88713395e-01  4.89508241e-01  4.90452594e-01
4.86510586e-01  4.86370390e-01  5.05232888e-01
4.96797704e-01  4.95050780e-01  4.89605262e-01
8.59472292e-01  8.19829702e-01  3.46821680e-01
4.89658215e-01  4.87609443e-01  4.93216712e-01
6.60694668e-01  6.97179286e-01  4.54523611e-01
5.03938790e-01  4.87930950e-01  4.96262497e-01
4.94321635e-01  4.88679990e-01  5.05781411e-01
4.95051856e-01  4.88775790e-01  4.96191118e-01
4.87414734e-01  4.90215797e-01  4.93960880e-01
5.07841780e-01  4.94602112e-01  4.86375980e-01
4.86815408e-01  4.96699339e-01  5.00352475e-01
4.96048467e-01  5.02782280e-01  4.98002932e-01
5.09100617e-01  4.84186983e-01  4.99659928e-01
4.92549111e-01  5.05457250e-01  4.97883452e-01
5.10495606e-01  4.92524781e-01  5.02738546e-01
5.09827025e-01  4.85238158e-01  5.01075390e-01
4.88277026e-01  5.04154061e-01  5.07198832e-01
5.01685079e-01  4.97278317e-01  4.97459077e-01
4.98192795e-01  5.00691706e-01  4.98858688e-01
4.87868386e-01  5.05280751e-01  4.91601489e-01
5.01716731e-01  5.04975011e-01  4.88548204e-01
4.87097429e-01  4.94190956e-01  4.90780247e-01
4.98325364e-01  4.93531073e-01  4.93930414e-01
4.98179858e-01  4.96865159e-01  5.09714812e-01
5.01208575e-01  5.01445212e-01  4.98462059e-01
4.89393794e-01  4.96654276e-01  4.94165469e-01
5.07549185e-01  5.05228596e-01  4.99173198e-01
4.90766886e-01  4.95216916e-01  4.88150005e-01
4.90953751e-01  4.93116259e-01  4.96920241e-01
4.99577087e-01  4.88220176e-01  5.07173017e-01
5.10520243e-01  4.83196246e-01  5.06984598e-01
4.93338460e-01  5.05646705e-01  4.95853801e-01
5.04982716e-01  5.05134577e-01  5.02184339e-01
2.65565992e-01  8.30637249e-01  9.21913326e-01
5.02308278e-01  4.87920922e-01  4.87808049e-01
5.02596905e-01  4.97523250e-01  5.00093657e-01
5.04052749e-01  4.96538889e-01  4.92678797e-01
5.08645102e-01  4.93845044e-01  4.97609325e-01
3.17846942e-01  9.06443902e-01  4.17310546e-01
4.99743457e-01  4.93141066e-01  4.92881459e-01
5.03053897e-01  4.84762705e-01  4.98591104e-01
4.96603358e-01  4.84973782e-01  4.98842111e-01
5.04017510e-01  4.85964855e-01  5.02394689e-01
4.89819525e-01  4.81215715e-01  4.87355478e-01
5.08970471e-01  4.91608635e-01  5.06240716e-01
4.91076364e-01  5.04826763e-01  4.87579599e-01
4.89263546e-01  4.90777312e-01  4.94194438e-01
4.87420552e-01  5.00330790e-01  4.86514254e-01
4.87592643e-01  5.02102361e-01  4.88722160e-01
5.08445235e-01  4.85497795e-01  5.02429820e-01
6.34149046e-01  7.92759787e-01  6.52138996e-01
4.90393150e-01  4.96052448e-01  4.95635041e-01
4.97481082e-01  4.90683153e-01  5.00686847e-01
4.91958932e-01  4.87466958e-01  5.05337514e-01
4.93188549e-01  4.96607134e-01  5.05186671e-01
5.04849218e-01  4.80912940e-01  4.89591254e-01
5.00206692e-01  4.82063923e-01  4.89855290e-01
4.89462041e-01  4.88409788e-01  5.11375039e-01
5.02866682e-01  5.01994078e-01  4.97597002e-01
4.98353011e-01  4.96279746e-01  4.90298743e-01
4.90157774e-01  5.04960114e-01  4.93164431e-01
4.88832041e-01  4.85108760e-01  4.97745224e-01
4.92898386e-01  4.88490753e-01  4.89703037e-01
5.02055795e-01  4.91323345e-01  4.91169529e-01
5.09799785e-01  5.00228181e-01  5.03579753e-01
5.05448100e-01  4.87913965e-01  4.98358229e-01
4.92326758e-01  4.88122140e-01  4.89447583e-01
4.87798964e-01  5.00875227e-01  5.03361391e-01
4.95428071e-01  4.89949262e-01  5.05105461e-01
4.95072376e-01  4.91383569e-01  5.00896282e-01
5.02916678e-01  4.99832530e-01  5.06438700e-01
4.97371723e-01  4.93194939e-01  5.03376104e-01
4.88584962e-01  4.93669777e-01  4.95478495e-01
5.01771183e-01  5.05409417e-01  5.08043360e-01
4.98167896e-01  4.94073106e-01  4.95714584e-01
4.99136087e-01  4.93250835e-01  4.87300570e-01
3.56630262e-01  7.76005568e-01  4.58459126e-01
4.87078233e-01  4.91539764e-01  5.09007977e-01
5.03489110e-01  5.04344061e-01  5.03324950e-01
5.02195989e-01  4.97065355e-01  5.04369234e-01
4.88905235e-01  4.88147464e-01  4.97170841e-01
4.99815431e-01  5.00723666e-01  4.92835009e-01
4.99151721e-01  4.82995566e-01  4.89218953e-01
5.10034273e-01  4.96672677e-01  4.86492513e-01
4.89804897e-01  4.91191084e-01  4.96375717e-01
4.87696897e-01  5.05003847e-01  5.03196844e-01
5.05006012e-01  4.94208173e-01  5.10628126e-01
4.87202323e-01  4.94504268e-01  4.86796083e-01
4.92320052e-01  4.85408663e-01  5.04922684e-01
4.97574932e-01  4.89807734e-01  4.92982942e-01
5.06579480e-01  5.01306754e-01  5.08808632e-01
5.01757766e-01  4.84398618e-01  5.09207223e-01
5.08341655e-01  5.01817752e-01  5.07866644e-01
5.09891185e-01  5.00957366e-01  4.96386840e-01
4.92420412e-01  4.81664809e-01  4.99257085e-01
5.09774065e-01  4.80871950e-01  4.98786976e-01
5.08194604e-01  4.82192560e-01  4.92508953e-01
5.03782098e-01  4.92824804e-01  4.90885102e-01
4.96878370e-01  4.92799150e-01  4.95446613e-01
4.91324007e-01  5.02585716e-01  5.02575783e-01
4.99195222e-01  4.94717809e-01  4.94632876e-01
6.56913298e-01  6.19055473e-01  5.39402128e-01
5.07746091e-01  4.91025230e-01  4.87108653e-01
5.07781386e-01  4.97673854e-01  4.93358919e-01
4.98009669e-01  5.00417815e-01  4.93744037e-01
5.04792149e-01  4.93024910e-01  5.01045985e-01
4.96556240e-01  5.03669037e-01  5.04794273e-01
4.90921672e-01  4.85099740e-01  4.87830261e-01
