7.55500791e-01  7.21031733e-01  9.34331356e-01  9.09442373e-01  4.94237671e-01  9.34932146e-01
8.52608847e-01  2.86777902e-01  8.86511365e-01  9.25503892e-01  1.92744077e-01  9.02929390e-01
9.21670891e-01  6.45026729e-01  4.19404643e-01  9.86951468e-01  6.17700573e-01  4.08875851e-01
7.76065755e-01  8.26139787e-01  7.95951740e-01  9.28966018e-01  5.82915189e-01  7.88348779e-01
7.49476944e-01  7.72077191e-01  9.21348240e-01  9.12538086e-01  4.74904999e-01  9.19117470e-01
8.67920291e-01  8.32346586e-01  4.80009172e-01  9.75830452e-01  7.56200355e-01  4.47057997e-01
8.03888429e-01  5.51204170e-01  8.80276179e-01  9.23137233e-01  3.26469854e-01  8.86619141e-01
8.69593807e-01  5.49088764e-01  6.58226033e-01  9.51050851e-01  4.73067132e-01  6.72603479e-01
9.47266811e-01  5.13606476e-01  4.17515078e-01  9.87371649e-01  5.19635183e-01  4.28753757e-01
8.22168889e-01  5.03850342e-01  8.48942418e-01  9.28069925e-01  3.10500708e-01  8.58749942e-01
8.21429724e-01  4.39031216e-01  8.93537827e-01  9.20469533e-01  3.21837204e-01  9.04815654e-01
7.95850256e-01  8.35920978e-01  7.22416405e-01  9.40248877e-01  6.06154451e-01  7.10531155e-01
9.66322727e-01  3.38964920e-01  4.66190061e-01  9.83823387e-01  3.03206821e-01  5.02460195e-01
9.15637038e-01  3.41037232e-01  6.37250724e-01  9.59714429e-01  2.55085421e-01  6.68891093e-01
8.25651503e-01  8.48988585e-01  6.12734469e-01  9.55568257e-01  6.89536140e-01  5.92672322e-01
8.78646332e-01  2.67473043e-01  8.10326680e-01  9.37378317e-01  1.60204212e-01  8.33934191e-01
8.91752442e-01  3.24330178e-01  7.29202730e-01  9.46585784e-01  2.39339614e-01  7.56779347e-01
8.20441522e-01  3.70427932e-01  9.41142015e-01  9.17440709e-01  2.09643629e-01  9.50136849e-01
7.77389389e-01  6.79509454e-01  8.86958601e-01  9.18878803e-01  4.35050617e-01  8.88359628e-01
8.38511924e-01  7.08922899e-01  6.60297742e-01  9.48360912e-01  6.03242493e-01  6.59718729e-01
8.89792344e-01  6.75434109e-01  5.07611437e-01  9.68971270e-01  6.96618595e-01  5.05066024e-01
7.98859915e-01  5.79325050e-01  8.79093511e-01  9.21210968e-01  3.85386017e-01  8.85098914e-01
8.23925677e-01  6.53848653e-01  7.45288305e-01  9.36447520e-01  5.38818384e-01  7.50759432e-01
8.51214709e-01  7.18344533e-01  6.11046038e-01  9.55386167e-01  6.33020117e-01  6.07662246e-01
8.37467764e-01  2.70876160e-01  9.48257545e-01  9.18504066e-01  1.45877418e-01  9.58848423e-01
9.94863558e-01  3.36293696e-01  3.71310594e-01  9.97966714e-01  3.35435640e-01  4.04703342e-01
9.12362537e-01  5.99832075e-01  4.80353203e-01  9.80389371e-01  4.90026592e-01  4.81010340e-01
7.36035745e-01  7.53024241e-01  9.79663407e-01  9.03470008e-01  4.69086591e-01  9.79150159e-01
8.88953643e-01  7.43732873e-01  4.66118146e-01  9.72646279e-01  8.26182172e-01  4.50998164e-01
7.85534778e-01  6.35431085e-01  8.87617490e-01  9.16179397e-01  4.88890931e-01  8.92475817e-01
8.87428272e-01  3.57101103e-01  7.22610129e-01  9.47178077e-01  2.59109247e-01  7.48326887e-01
8.53048837e-01  6.70952150e-01  6.35586907e-01  9.52881475e-01  5.72906831e-01  6.37875321e-01
9.37118011e-01  3.14342187e-01  5.81640227e-01  9.67792411e-01  2.49621010e-01  6.18381918e-01
8.20963496e-01  4.26519247e-01  9.03245921e-01  9.20985589e-01  2.70595803e-01  9.13571368e-01
8.81358078e-01  7.12162725e-01  5.12406368e-01  9.73570493e-01  5.91056019e-01  5.00429785e-01
9.41656002e-01  2.82002212e-01  5.86929232e-01  9.66962821e-01  2.34131337e-01  6.26831922e-01
9.48815048e-01  2.33769208e-01  5.93934121e-01  9.67358206e-01  1.78457213e-01  6.37404720e-01
9.23135129e-01  3.23160553e-01  6.23098650e-01  9.63255225e-01  2.10672647e-01  6.56128025e-01
8.37592087e-01  8.18247676e-01  5.92145569e-01  9.55874609e-01  7.50037339e-01  5.76463635e-01
9.09752898e-01  2.35773261e-01  7.25573337e-01  9.49329790e-01  1.56542410e-01  7.58678830e-01
8.72079167e-01  6.54984965e-01  5.81332805e-01  9.61839942e-01  5.62138248e-01  5.82969532e-01
9.25762730e-01  5.95016354e-01  4.37680636e-01  9.84843256e-01  5.53427956e-01  4.37009363e-01
8.26147207e-01  8.43418549e-01  6.14964906e-01  9.54506179e-01  7.04893009e-01  5.96382864e-01
8.12943115e-01  7.16518911e-01  7.42191491e-01  9.36103702e-01  5.84237992e-01  7.42786413e-01
7.66185721e-01  6.01000007e-01  9.75686053e-01  9.08141997e-01  3.45167038e-01  9.77853129e-01
8.24508579e-01  4.70198330e-01  8.62547859e-01  9.24066719e-01  3.50456613e-01  8.74495306e-01
8.15701057e-01  6.88555356e-01  7.50981571e-01  9.35221021e-01  5.61428941e-01  7.53816454e-01
7.86693304e-01  5.96344699e-01  9.09359587e-01  9.14435539e-01  4.43472153e-01  9.14867774e-01
8.89620509e-01  3.39741533e-01  7.26139501e-01  9.48458006e-01  2.06838156e-01  7.51910662e-01
8.72980597e-01  3.31911918e-01  7.88025842e-01  9.38557038e-01  2.29166535e-01  8.10655380e-01
8.58898008e-01  1.79283981e-01  9.34652239e-01  9.20801865e-01  1.21983378e-01  9.49224111e-01
9.52095565e-01  2.90565268e-01  5.45921420e-01  9.73491074e-01  2.29061066e-01  5.86166880e-01
9.65299364e-01  3.80956105e-01  4.42701254e-01  9.87818102e-01  3.25128171e-01  4.72201613e-01
7.48694014e-01  7.31948971e-01  9.50062054e-01  9.08493262e-01  4.55196164e-01  9.49694175e-01
8.46000505e-01  1.89077594e-01  9.72095258e-01  9.15497830e-01  1.25797490e-01  9.82336787e-01
8.09519043e-01  4.00551601e-01  9.58973878e-01  9.14532396e-01  2.23849015e-01  9.65957144e-01
8.08173190e-01  8.74038174e-01  6.55822448e-01  9.48057097e-01  7.06192201e-01  6.36911913e-01
9.31776949e-01  2.98423027e-01  6.10111640e-01  9.63947151e-01  2.32705575e-01  6.47020160e-01
9.08953660e-01  5.38563512e-01  5.31407253e-01  9.69582685e-01  5.06482473e-01  5.45911113e-01
8.22731807e-01  6.65885312e-01  7.41826254e-01  9.39932116e-01  4.72515521e-01  7.44542897e-01
8.35956626e-01  6.04867542e-01  7.36235045e-01  9.38945767e-01  4.94540194e-01  7.45165640e-01
8.82809762e-01  5.96728293e-01  5.82718267e-01  9.65973953e-01  4.26201263e-01  5.88467561e-01
7.98497020e-01  5.56122834e-01  8.95391213e-01  9.19889719e-01  3.51717510e-01  9.01498195e-01
8.29741469e-01  9.96488766e-01  5.03381349e-01  9.67514085e-01  9.73105097e-01  4.49830096e-01
8.29314230e-01  5.06640131e-01  8.22865976e-01  9.31573152e-01  3.21353338e-01  8.33731621e-01
1.00561150e+00  2.79213558e-01  3.71575332e-01  9.99310472e-01  2.62341647e-01  4.12780203e-01
9.34694008e-01  5.79708925e-01  4.17589326e-01  9.85788990e-01  6.04741552e-01  4.19380527e-01
8.44922569e-01  7.01139740e-01  6.43284521e-01  9.50516796e-01  6.12376656e-01  6.43228522e-01
8.73946958e-01  5.07910438e-01  6.70476616e-01  9.51452418e-01  4.01787641e-01  6.87327045e-01
9.38852492e-01  3.14559101e-01  5.75312107e-01  9.68185253e-01  2.61300928e-01  6.12596912e-01
8.75157339e-01  7.68417218e-01  4.97236844e-01  9.70691597e-01  7.61111280e-01  4.79367637e-01
8.46584546e-01  7.42369065e-01  6.10873032e-01  9.53134465e-01  6.98647538e-01  6.06132470e-01
8.97111886e-01  4.12214271e-01  6.53648390e-01  9.57947034e-01  2.64737469e-01  6.77434884e-01
8.31919851e-01  7.92051562e-01  6.28711875e-01  9.51453622e-01  6.95083873e-01  6.18265147e-01
9.54490996e-01  2.20820680e-01  5.83067231e-01  9.68685201e-01  1.79503772e-01  6.28649682e-01
8.91944780e-01  7.03781614e-01  4.81899422e-01  9.78602191e-01  5.92567250e-01  4.67811357e-01
8.16760830e-01  4.90382041e-01  8.76052472e-01  9.23888338e-01  3.10900078e-01  8.85468838e-01
7.99233891e-01  6.24681115e-01  8.48075838e-01  9.22406287e-01  4.82709189e-01  8.54003596e-01
8.94136412e-01  7.11460256e-01  4.69471772e-01  9.73215460e-01  7.76278660e-01  4.59097813e-01
8.15181857e-01  3.54770089e-01  9.69170775e-01  9.11891211e-01  2.45801937e-01  9.77208007e-01
9.06276784e-01  4.78027741e-01  5.80096398e-01  9.66415052e-01  3.65788456e-01  5.99862899e-01
8.33101742e-01  4.59827060e-01  8.40397630e-01  9.27808840e-01  3.38655007e-01  8.53795205e-01
8.09735257e-01  8.55001065e-01  6.63176048e-01  9.49483393e-01  6.33639620e-01  6.45364635e-01
9.14659693e-01  6.30515692e-01  4.52334595e-01  9.79252515e-01  6.49199469e-01  4.50308234e-01
9.39203458e-01  5.48803768e-01  4.22043956e-01  9.87398532e-01  5.25145393e-01  4.27284071e-01
8.75116742e-01  4.56656329e-01  6.99780580e-01  9.47459276e-01  3.70577572e-01  7.20279286e-01
8.16404104e-01  3.18795467e-01  9.88380091e-01  9.11179350e-01  1.89978714e-01  9.94916352e-01
8.54282646e-01  2.22974065e-01  9.22255345e-01  9.21785440e-01  1.49029574e-01  9.37065383e-01
8.73539754e-01  3.67501959e-01  7.62721851e-01  9.40500571e-01  2.80241898e-01  7.85651611e-01
8.13605729e-01  6.65058166e-01  7.73354489e-01  9.36857526e-01  4.25450193e-01  7.75338577e-01
8.68345616e-01  5.32893449e-01  6.73277987e-01  9.53439814e-01  3.52522247e-01  6.86183041e-01
7.64973487e-01  6.74131179e-01  9.32316528e-01  9.10070017e-01  4.76166414e-01  9.34646249e-01
9.44309201e-01  2.93022319e-01  5.70765448e-01  9.68971208e-01  2.48980050e-01  6.10458250e-01
8.44905023e-01  2.71363899e-01  9.22682239e-01  9.20443527e-01  1.88544199e-01  9.36366262e-01
7.99111847e-01  7.01944973e-01  7.98623924e-01  9.31651456e-01  4.67750444e-01  7.98760827e-01
8.70462115e-01  6.48627331e-01  5.90653407e-01  9.58586463e-01  5.98452410e-01  5.94764608e-01
8.82103452e-01  7.78265078e-01  4.66959579e-01  9.73878844e-01  8.18425670e-01  4.44921292e-01
8.36821701e-01  2.98885484e-01  9.32263749e-01  9.18441280e-01  2.08793265e-01  9.44437428e-01
8.64394804e-01  6.36444146e-01  6.19464210e-01  9.59011202e-01  4.70658290e-01  6.22645307e-01
8.64862738e-01  1.82152439e-01  9.12532795e-01  9.23770228e-01  1.24926097e-01  9.29497488e-01
9.17925455e-01  5.21583880e-01  5.12264282e-01  9.76112015e-01  4.17246136e-01  5.25571595e-01
9.69899323e-01  2.84996601e-01  4.89380259e-01  9.81165617e-01  2.51801027e-01  5.32120658e-01
9.47162735e-01  4.11537120e-01  4.84133646e-01  9.79280703e-01  3.84987694e-01  5.12333012e-01
7.82355799e-01  7.06276159e-01  8.52414755e-01  9.20589136e-01  5.31794175e-01  8.54098433e-01
9.77993144e-01  2.40054617e-01  4.90776745e-01  9.81335424e-01  2.16788271e-01  5.38759058e-01
9.49758073e-01  3.19509101e-01  5.35067461e-01  9.73690102e-01  2.78343376e-01  5.73287700e-01
7.58243621e-01  7.22999709e-01  9.23739662e-01  9.12630895e-01  4.56072835e-01  9.23472624e-01
8.15607555e-01  7.02180770e-01  7.42452611e-01  9.35990579e-01  5.80722435e-01  7.44339480e-01
8.53536157e-01  2.83205660e-01  8.85384622e-01  9.26859447e-01  1.59775999e-01  9.01483433e-01
7.65393354e-01  6.14581303e-01  9.69557243e-01  9.06331441e-01  4.16663817e-01  9.72628808e-01
7.76580027e-01  5.80113147e-01  9.53946694e-01  9.08718263e-01  4.11862151e-01  9.58454508e-01
9.18554859e-01  6.02120649e-01  4.57840711e-01  9.81474085e-01  5.57148674e-01  4.58252226e-01
7.96785478e-01  8.40419400e-01  7.16319786e-01  9.40617721e-01  6.23838334e-01  7.04002581e-01
8.64961828e-01  2.13663617e-01  8.91736028e-01  9.26466774e-01  1.35001793e-01  9.09834403e-01
8.20583947e-01  6.10366847e-01  7.85166111e-01  9.34797256e-01  4.13478129e-01  7.91367933e-01
7.58936359e-01  6.44383606e-01  9.72134222e-01  9.04296421e-01  4.62068359e-01  9.74987270e-01
7.87309327e-01  7.36329340e-01  8.16377964e-01  9.25735928e-01  5.55562957e-01  8.16016572e-01
7.62803662e-01  7.03430993e-01  9.20959515e-01  9.13232995e-01  4.48308975e-01  9.21439846e-01
7.62384829e-01  7.10458909e-01  9.17521338e-01  9.14076230e-01  4.39736166e-01  9.17535114e-01
9.08906914e-01  4.14462015e-01  6.12434529e-01  9.63774066e-01  2.78497213e-01  6.37348696e-01
7.57041379e-01  6.18514347e-01  9.95665918e-01  9.03661505e-01  3.85465101e-01  9.97611159e-01
7.64194769e-01  6.32233133e-01  9.62165406e-01  9.05404191e-01  4.71281803e-01  9.65714660e-01
8.12053318e-01  8.96726442e-01  6.27916525e-01  9.52603407e-01  7.24152326e-01  6.03532680e-01
9.46899358e-01  2.79972364e-01  5.70442686e-01  9.69441560e-01  2.32788719e-01  6.11254481e-01
8.11755666e-01  7.37131562e-01  7.32841306e-01  9.38228183e-01  5.76510017e-01  7.30983681e-01
7.95630676e-01  4.51775252e-01  9.72878800e-01  9.09067451e-01  3.17050418e-01  9.79055263e-01
8.22458450e-01  3.42220661e-01  9.52607208e-01  9.14968750e-01  2.26682743e-01  9.61975734e-01
8.07965885e-01  5.38765764e-01  8.74206068e-01  9.20620042e-01  4.08070077e-01  8.83030896e-01
8.35939604e-01  5.95975817e-01  7.42363718e-01  9.39120971e-01  4.65681583e-01  7.51353021e-01
9.04489202e-01  5.88364769e-01  5.14532297e-01  9.72464925e-01  5.34510426e-01  5.21347788e-01
8.22141779e-01  8.14062768e-01  6.47327300e-01  9.48867558e-01  6.91234276e-01  6.35237006e-01
8.72132992e-01  5.03292841e-01  6.79634507e-01  9.51037298e-01  3.75602053e-01  6.96153996e-01
9.64594877e-01  4.44022729e-01  4.04149583e-01  9.93187467e-01  3.91115219e-01  4.22238125e-01
8.96939974e-01  6.88375803e-01  4.74939560e-01  9.79341082e-01  5.93562942e-01  4.62839262e-01
8.62601603e-01  1.95143007e-01  9.12074513e-01  9.23732118e-01  1.31617242e-01  9.28682639e-01
9.53700525e-01  3.29145694e-01  5.15424317e-01  9.76643015e-01  2.84950002e-01  5.52798394e-01
9.30210138e-01  4.81276734e-01  4.96718625e-01  9.76698234e-01  4.40447241e-01  5.16350387e-01
8.35743526e-01  2.37219861e-01  9.75669534e-01  9.14331072e-01  1.47662756e-01  9.84670098e-01
8.13710717e-01  7.03584895e-01  7.47982806e-01  9.36769898e-01  5.40258338e-01  7.48869488e-01
8.74647244e-01  2.24951213e-01  8.51515184e-01  9.31184496e-01  1.60203089e-01  8.73650010e-01
7.83611399e-01  7.98457253e-01  7.88301433e-01  9.31363253e-01  5.44982531e-01  7.81908634e-01
8.63727761e-01  2.82565284e-01  8.51189252e-01  9.30213805e-01  1.97579553e-01  8.71073987e-01
9.12360395e-01  6.40079088e-01  4.53933482e-01  9.81684591e-01  5.92074129e-01  4.48163531e-01
8.79528414e-01  3.03498214e-01  7.84238891e-01  9.40507661e-01  1.86505311e-01  8.08192242e-01
8.88413538e-01  5.67981782e-01  5.82352931e-01  9.66226528e-01  4.06716329e-01  5.91435611e-01
9.20883891e-01  6.01306074e-01  4.50461024e-01  9.80656977e-01  6.05834396e-01  4.52028973e-01
8.74616851e-01  2.91470441e-01  8.08727281e-01  9.37660597e-01  1.66799652e-01  8.31087508e-01
8.40991662e-01  2.26132174e-01  9.65045762e-01  9.16761147e-01  1.22609987e-01  9.74986579e-01
8.83233032e-01  3.65397358e-01  7.31470106e-01  9.46557580e-01  2.44947161e-01  7.55639919e-01
8.48511938e-01  5.86784711e-01  7.05638691e-01  9.45981728e-01  4.33634678e-01  7.14906931e-01
8.37606728e-01  5.05122867e-01  7.95391997e-01  9.32671361e-01  3.94429272e-01  8.08968131e-01
8.15157894e-01  8.32359602e-01  6.59163994e-01  9.48613467e-01  6.58117356e-01  6.44663303e-01
9.62547052e-01  2.40941054e-01  5.42947098e-01  9.74109505e-01  2.03299931e-01  5.88782963e-01
7.61714036e-01  6.69559807e-01  9.46652833e-01  9.10615608e-01  4.07490370e-01  9.47833833e-01
8.78431414e-01  2.38038453e-01  8.30464969e-01  9.34539394e-01  1.55216935e-01  8.53828146e-01
8.79433253e-01  2.56131243e-01  8.15315998e-01  9.37146978e-01  1.47672264e-01  8.38884381e-01
9.35694662e-01  3.32645931e-01  5.74292759e-01  9.69713543e-01  2.36248297e-01  6.08696003e-01
8.35922752e-01  2.33415090e-01  9.77531466e-01  9.14191777e-01  1.44168444e-01  9.86386041e-01
7.90816554e-01  5.00043323e-01  9.57887663e-01  9.12629973e-01  2.88919871e-01  9.62834876e-01
7.70467708e-01  7.45044727e-01  8.67913221e-01  9.20486233e-01  4.84876548e-01  8.66321100e-01
8.28184924e-01  4.35121632e-01  8.72838150e-01  9.23614518e-01  3.16285636e-01  8.85440399e-01
9.71386336e-01  2.49489237e-01  5.07085520e-01  9.79646089e-01  2.02486382e-01  5.52958148e-01
7.65919312e-01  6.41710784e-01  9.50155933e-01  9.09578141e-01  4.13634946e-01  9.52523347e-01
8.25298414e-01  8.48014280e-01  6.14565705e-01  9.53852042e-01  7.22839489e-01  5.95835629e-01
8.42891948e-01  7.56269249e-01  6.14685442e-01  9.54808482e-01  6.52074370e-01  6.06880175e-01
7.95452142e-01  5.44909807e-01  9.13012843e-01  9.18663819e-01  3.13430781e-01  9.18373474e-01
8.20927445e-01  9.72503577e-01  5.48585246e-01  9.63226953e-01  8.55305102e-01  5.04536984e-01
7.94707756e-01  4.65812467e-01  9.66899264e-01  9.11518367e-01  2.78842406e-01  9.72335522e-01
9.47763786e-01  4.46244290e-01  4.59560229e-01  9.82413672e-01  4.26017720e-01  4.82584725e-01
9.95364295e-01  3.30829923e-01  3.73157556e-01  9.99402677e-01  2.90927102e-01  4.05975112e-01
8.33397072e-01  8.26847122e-01  6.01105746e-01  9.58402465e-01  6.59043633e-01  5.82194941e-01
8.91139038e-01  4.26154355e-01  6.65176908e-01  9.54101582e-01  3.23984516e-01  6.88658811e-01
8.36331975e-01  4.39576374e-01  8.42577503e-01  9.30361677e-01  2.61794176e-01  8.55522790e-01
9.58307524e-01  3.63880171e-01  4.77528446e-01  9.83379142e-01  2.87058687e-01  5.09626724e-01
8.30253451e-01  5.56107958e-01  7.87259628e-01  9.32578510e-01  4.42162681e-01  7.98324853e-01
9.58083164e-01  4.75473511e-01  4.05544324e-01  9.90793515e-01  4.61315597e-01  4.20543839e-01
8.20637762e-01  1.04614997e+00  5.01755099e-01  9.67810220e-01  1.01011077e+00  4.38702621e-01
9.05122456e-01  4.88847113e-01  5.76991625e-01  9.65699051e-01  4.00284617e-01  5.96332060e-01
7.80744822e-01  5.45990194e-01  9.61959322e-01  9.08392689e-01  3.84794900e-01  9.66915194e-01
8.42916759e-01  2.90264843e-01  9.16864779e-01  9.21841208e-01  1.74707397e-01  9.30145707e-01
8.71498842e-01  5.93279903e-01  6.23364284e-01  9.55995413e-01  5.08088896e-01  6.33169720e-01
9.30748123e-01  4.21545033e-01  5.33670964e-01  9.72127639e-01  3.75349902e-01  5.60983080e-01
8.11798099e-01  4.60331420e-01  9.12119182e-01  9.17208890e-01  3.36714221e-01  9.21704482e-01
8.77662988e-01  7.67109257e-01  4.89279972e-01  9.68641797e-01  8.39864786e-01  4.73452962e-01
7.57720003e-01  6.25664554e-01  9.88420605e-01  9.04130713e-01  4.00374783e-01  9.90575727e-01
8.43065828e-01  1.92812231e-01  9.79637104e-01  9.14481221e-01  1.25338022e-01  9.88963723e-01
8.69090004e-01  4.12241971e-01  7.49082360e-01  9.42309685e-01  3.00786307e-01  7.69730582e-01
8.58640702e-01  1.85368394e-01  9.31575339e-01  9.21122992e-01  1.25476415e-01  9.46342537e-01
8.46933947e-01  2.79888261e-01  9.10257013e-01  9.22301998e-01  1.87339952e-01  9.24732914e-01
8.57489618e-01  6.07799467e-01  6.61508906e-01  9.51312477e-01  4.81300992e-01  6.69503519e-01
8.43545625e-01  2.55322556e-01  9.37417948e-01  9.20160291e-01  1.38526453e-01  9.49442919e-01
8.26774856e-01  3.08107025e-01  9.60099167e-01  9.15006799e-01  1.94305553e-01  9.69355018e-01
7.66991489e-01  5.95826016e-01  9.76605369e-01  9.05188272e-01  4.18262395e-01  9.80098927e-01
7.66912109e-01  7.53878591e-01  8.73954480e-01  9.19165087e-01  4.93940163e-01  8.72142247e-01
8.48101200e-01  1.99695352e-01  9.58364063e-01  9.17560391e-01  1.25277742e-01  9.69749728e-01
8.36635175e-01  2.45788629e-01  9.67077393e-01  9.15689910e-01  1.44739167e-01  9.76645253e-01
8.93972360e-01  2.47379620e-01  7.71625395e-01  9.43228123e-01  1.48526821e-01  7.99690312e-01
8.67730957e-01  4.40522859e-01  7.35336299e-01  9.44858350e-01  2.97352639e-01  7.54196857e-01
9.24290032e-01  3.25077940e-01  6.17931657e-01  9.61883135e-01  2.63851594e-01  6.52405290e-01
7.91179285e-01  8.82185764e-01  7.08240624e-01  9.42327353e-01  6.33237485e-01  6.90827457e-01
