8.93383259e-01  3.07844367e-01  7.11856206e-01  9.50287150e-01  2.26386744e-01  7.40941255e-01
8.74515814e-01  5.29666830e-01  6.26920493e-01  9.61149829e-01  3.66212337e-01  6.38350383e-01
7.64024769e-01  7.15756307e-01  8.78538247e-01  9.18591148e-01  5.03957976e-01  8.77868143e-01
8.17243814e-01  4.02025713e-01  9.08436295e-01  9.20184690e-01  2.87376256e-01  9.19436904e-01
8.38946710e-01  5.55538436e-01  7.30684240e-01  9.44365223e-01  3.89316599e-01  7.39964872e-01
8.85084021e-01  4.70321741e-01  6.30862642e-01  9.60265052e-01  3.45308799e-01  6.49023677e-01
8.48640522e-01  2.79965477e-01  8.83539848e-01  9.27808082e-01  1.65006880e-01  8.99800831e-01
8.21873372e-01  4.37071521e-01  8.68966195e-01  9.25460173e-01  3.07144405e-01  8.80872150e-01
7.87509589e-01  5.32900955e-01  9.21704810e-01  9.17254646e-01  3.34098420e-01  9.27058223e-01
9.14838380e-01  5.48324448e-01  4.76274559e-01  9.80420456e-01  4.99120906e-01  4.82453519e-01
7.73559601e-01  6.33260924e-01  9.01634962e-01  9.15848252e-01  4.64234938e-01  9.04960193e-01
7.86271498e-01  5.54116333e-01  9.11913364e-01  9.15328117e-01  4.24842320e-01  9.18233002e-01
8.43956659e-01  4.88881820e-01  7.58847931e-01  9.39089180e-01  3.92062571e-01  7.73665717e-01
7.92319758e-01  5.05238305e-01  9.24237120e-01  9.17813407e-01  3.08093748e-01  9.30209430e-01
9.56189694e-01  3.63475139e-01  4.60042461e-01  9.85762566e-01  3.22422527e-01  4.90957675e-01
8.23775781e-01  2.77980859e-01  9.69838505e-01  9.16007638e-01  1.53000364e-01  9.78362089e-01
7.38082799e-01  7.17459291e-01  9.66026615e-01  9.05851283e-01  4.77241274e-01  9.65972387e-01
8.38112656e-01  4.79898111e-01  7.84580556e-01  9.38768353e-01  2.99993961e-01  7.97222159e-01
8.38360505e-01  1.97866281e-01  9.74075026e-01  9.15849907e-01  1.33346906e-01  9.84073498e-01
9.87456993e-01  3.25420102e-01  3.78606665e-01  9.99912146e-01  2.78263428e-01  4.10246664e-01
9.05478283e-01  3.53812349e-01  6.39811587e-01  9.61391974e-01  2.34728604e-01  6.68237246e-01
8.40635146e-01  3.45009502e-01  8.66993708e-01  9.27130250e-01  2.53488624e-01  8.82990445e-01
9.21831845e-01  4.18778221e-01  5.40100287e-01  9.71297778e-01  3.94588986e-01  5.66477052e-01
7.55947078e-01  7.10776660e-01  9.09499074e-01  9.15716054e-01  4.52807917e-01  9.08540586e-01
8.24129426e-01  8.83718624e-01  5.59837875e-01  9.64392783e-01  7.53760064e-01  5.24365187e-01
7.78794959e-01  7.88504935e-01  7.78978227e-01  9.33645101e-01  5.48378686e-01  7.70689026e-01
7.89772738e-01  5.99958176e-01  8.68714834e-01  9.21631102e-01  4.39351117e-01  8.73818543e-01
7.85562821e-01  5.31967081e-01  9.28986431e-01  9.15483620e-01  3.50682388e-01  9.34452252e-01
9.00699298e-01  5.61315069e-01  5.16109719e-01  9.72263097e-01  5.44156425e-01  5.24521922e-01
8.38249071e-01  3.81122354e-01  8.51072059e-01  9.28484577e-01  2.87061754e-01  8.66792326e-01
8.14525273e-01  6.17428860e-01  7.72651821e-01  9.35655416e-01  4.66681744e-01  7.77847026e-01
8.03252462e-01  5.10466425e-01  8.83352690e-01  9.20493052e-01  3.94877958e-01  8.92269557e-01
8.84764456e-01  6.92991468e-01  4.81392797e-01  9.73459374e-01  7.37957985e-01  4.69991899e-01
7.99994822e-01  5.36793180e-01  8.76716658e-01  9.23360895e-01  3.54183691e-01  8.83605781e-01
7.86674605e-01  8.88195174e-01  6.85078322e-01  9.46395748e-01  6.64161576e-01  6.61737581e-01
8.52564410e-01  7.71441614e-01  5.38459651e-01  9.63828658e-01  7.82317081e-01  5.21155077e-01
8.45209255e-01  5.21106757e-01  7.32523386e-01  9.42150377e-01  4.23906770e-01  7.45899753e-01
8.46300482e-01  5.23164673e-01  7.27705167e-01  9.45372270e-01  3.66211874e-01  7.39547258e-01
9.77786886e-01  2.85255541e-01  4.39043552e-01  9.89528808e-01  2.65437609e-01  4.80427381e-01
8.36615958e-01  1.97053918e-01  9.80882358e-01  9.14923677e-01  1.34840287e-01  9.90174272e-01
9.09384307e-01  2.84858455e-01  6.72701119e-01  9.56841544e-01  1.97762703e-01  7.05745957e-01
8.70631488e-01  6.69004426e-01  5.45862931e-01  9.64914441e-01  6.63078949e-01  5.42702470e-01
8.35075200e-01  2.23164830e-01  9.68226190e-01  9.17072515e-01  1.25932011e-01  9.78004513e-01
8.85195272e-01  4.52168531e-01  6.42732674e-01  9.57809329e-01  3.52309680e-01  6.63100531e-01
8.80462112e-01  3.66433903e-01  7.16760614e-01  9.49318876e-01  2.54618071e-01  7.40917924e-01
8.56885301e-01  2.16223423e-01  8.98388390e-01  9.26323863e-01  1.38467193e-01  9.15667128e-01
7.92054265e-01  5.08055498e-01  9.22944650e-01  9.17200777e-01  3.26510705e-01  9.29218167e-01
8.25197757e-01  4.98032166e-01  8.16466598e-01  9.31138662e-01  3.74829816e-01  8.28264647e-01
8.48736762e-01  4.59934875e-01  7.61753473e-01  9.39047139e-01  3.70998491e-01  7.78455404e-01
8.22529069e-01  8.37965589e-01  5.96181043e-01  9.59551450e-01  6.87287495e-01  5.71311430e-01
9.00335694e-01  4.38814519e-01  5.99720488e-01  9.64011863e-01  3.54570947e-01  6.22260358e-01
8.76238609e-01  3.89272544e-01  7.15479520e-01  9.48310302e-01  2.89722441e-01  7.38475992e-01
8.86562648e-01  4.83091671e-01  6.16895494e-01  9.61703848e-01  3.66783560e-01  6.34143558e-01
7.81728655e-01  5.92308075e-01  9.01660536e-01  9.17787635e-01  4.09870985e-01  9.06037266e-01
8.50648848e-01  4.69513963e-01  7.48756262e-01  9.40764101e-01  3.79860188e-01  7.65323752e-01
7.52019933e-01  7.75844477e-01  8.79003554e-01  9.18837705e-01  5.10530390e-01  8.74715057e-01
8.43741511e-01  6.26498139e-01  6.66712816e-01  9.48800850e-01  5.55918241e-01  6.72194237e-01
9.19532771e-01  5.86189356e-01  4.34982948e-01  9.82997435e-01  6.31856800e-01  4.34703198e-01
8.36174620e-01  7.74109508e-01  5.92951300e-01  9.56769609e-01  7.30941065e-01  5.79232491e-01
8.43192967e-01  8.04060446e-01  5.48464736e-01  9.66779948e-01  6.93021582e-01  5.23577621e-01
8.94007033e-01  6.03569108e-01  5.10161224e-01  9.73866052e-01  5.53909416e-01  5.11391896e-01
9.78382737e-01  2.90560054e-01  4.33428371e-01  9.89588332e-01  2.88226826e-01  4.74596410e-01
8.68125915e-01  4.36484938e-01  7.11633253e-01  9.47575570e-01  3.40509323e-01  7.31561274e-01
8.43021991e-01  2.19936516e-01  9.43548849e-01  9.19441084e-01  1.55028407e-01  9.56371117e-01
8.21765174e-01  6.76765054e-01  7.07574401e-01  9.41363645e-01  5.97701138e-01  7.09388391e-01
8.21736853e-01  6.18614917e-01  7.47211907e-01  9.37520754e-01  5.18458031e-01  7.53501985e-01
8.28654088e-01  3.09678458e-01  9.31775709e-01  9.19492466e-01  2.05684849e-01  9.43411436e-01
8.61662285e-01  2.77189370e-01  8.40921014e-01  9.32304964e-01  2.03344052e-01  8.61789963e-01
8.30496019e-01  2.46726002e-01  9.68268489e-01  9.16298821e-01  1.49943046e-01  9.77742294e-01
7.88685381e-01  7.46561100e-01  7.73492259e-01  9.33709417e-01  5.53506068e-01  7.69050461e-01
8.37650150e-01  2.36556239e-01  9.50389012e-01  9.18369832e-01  1.57787569e-01  9.62065731e-01
8.00530491e-01  4.06225509e-01  9.63006473e-01  9.12200728e-01  2.90339205e-01  9.70455851e-01
8.73976721e-01  6.72599021e-01  5.32008533e-01  9.65609173e-01  7.04016806e-01  5.28457752e-01
8.12472283e-01  8.27161428e-01  6.37830167e-01  9.51353515e-01  7.05361091e-01  6.19570549e-01
8.72317925e-01  7.81000910e-01  4.64524217e-01  9.78031697e-01  7.66373006e-01  4.33871359e-01
8.15163243e-01  4.02443865e-01  9.15263743e-01  9.20812286e-01  2.46968161e-01  9.25073976e-01
8.66100414e-01  5.28472551e-01  6.56178268e-01  9.53071187e-01  4.47610487e-01  6.70185909e-01
8.62374075e-01  6.56949343e-01  5.82208923e-01  9.62448893e-01  5.70818782e-01  5.80576930e-01
8.79861196e-01  2.24095595e-01  8.14871352e-01  9.37535618e-01  1.55122243e-01  8.40287780e-01
8.07060616e-01  5.46877204e-01  8.45471121e-01  9.26822851e-01  3.85930862e-01  8.53292112e-01
9.06570599e-01  3.42005390e-01  6.43749626e-01  9.61098685e-01  2.20661484e-01  6.72965272e-01
8.93714321e-01  6.32232375e-01  4.92116315e-01  9.73182783e-01  6.61944694e-01  4.90458450e-01
8.64404070e-01  4.94611440e-01  6.85122921e-01  9.51233008e-01  3.71689753e-01  7.00646691e-01
8.34291067e-01  4.78947611e-01  7.98278039e-01  9.34901140e-01  3.44139264e-01  8.11470616e-01
8.13209887e-01  4.20278200e-01  9.09901642e-01  9.21461201e-01  2.53457784e-01  9.19359891e-01
8.81792637e-01  5.86893559e-01  5.63440976e-01  9.66501808e-01  5.11067677e-01  5.69386123e-01
8.14499986e-01  3.78386325e-01  9.33766366e-01  9.18154517e-01  2.42115305e-01  9.43281819e-01
9.74673389e-01  3.49344141e-01  4.06432499e-01  9.92163997e-01  3.68162122e-01  4.38962960e-01
8.84382370e-01  7.18150126e-01  4.66018432e-01  9.73902290e-01  8.10553560e-01  4.50309412e-01
8.17536259e-01  6.70135880e-01  7.26496995e-01  9.41087077e-01  5.28521704e-01  7.27704343e-01
8.48612896e-01  7.40120154e-01  5.73096295e-01  9.60742299e-01  6.95117622e-01  5.61801187e-01
7.67197981e-01  6.50028461e-01  9.12054505e-01  9.13417956e-01  4.87849758e-01  9.14901600e-01
9.08620111e-01  5.33401504e-01  5.07588297e-01  9.74466899e-01  5.06659396e-01  5.18836268e-01
8.91274218e-01  4.72172011e-01  6.08167559e-01  9.62310677e-01  3.79724713e-01  6.27156971e-01
7.89738493e-01  4.59082672e-01  9.63909007e-01  9.10884174e-01  3.24474622e-01  9.70220988e-01
8.55652110e-01  2.55478613e-01  8.76108455e-01  9.28143426e-01  1.78251236e-01  8.94482849e-01
7.92776359e-01  6.73375697e-01  8.09202398e-01  9.28161986e-01  5.28044995e-01  8.11237011e-01
8.25782429e-01  5.56600961e-01  7.75242097e-01  9.38869730e-01  3.58262813e-01  7.83155448e-01
8.79400145e-01  7.36808580e-01  4.70150295e-01  9.71638761e-01  8.57446041e-01  4.53097964e-01
8.64920366e-01  2.97718994e-01  8.15935129e-01  9.37148755e-01  1.76733060e-01  8.37084700e-01
8.81951117e-01  6.28753794e-01  5.34650845e-01  9.66804092e-01  6.40639028e-01  5.36464985e-01
8.29458468e-01  3.27382286e-01  9.17377095e-01  9.22074698e-01  1.97644079e-01  9.29288106e-01
8.51376098e-01  4.92869364e-01  7.30809380e-01  9.46543992e-01  3.15219272e-01  7.44225125e-01
8.98385314e-01  4.09075741e-01  6.26452513e-01  9.61343626e-01  3.06307238e-01  6.50914889e-01
8.78847891e-01  3.50324785e-01  7.32849103e-01  9.47783882e-01  2.26745034e-01  7.56911562e-01
8.68845199e-01  3.90064724e-01  7.40503073e-01  9.46204061e-01  2.52879565e-01  7.61312090e-01
7.71867699e-01  7.29688749e-01  8.42338316e-01  9.22938299e-01  5.41990135e-01  8.40890710e-01
8.41970169e-01  7.46067711e-01  5.91777518e-01  9.60898756e-01  6.19674698e-01  5.78837166e-01
8.28884318e-01  5.97522355e-01  7.37027616e-01  9.42243116e-01  4.34475908e-01  7.43294433e-01
8.44650130e-01  2.35402488e-01  9.27249635e-01  9.21754125e-01  1.54396007e-01  9.41169226e-01
8.84402716e-01  7.26132292e-01  4.60264463e-01  9.73515852e-01  8.47183271e-01  4.43512564e-01
9.74204146e-01  3.65476761e-01  3.96851368e-01  9.95582425e-01  3.35146092e-01  4.24415442e-01
8.12377941e-01  9.12933482e-01  5.80270424e-01  9.58841918e-01  8.16992803e-01  5.44847920e-01
7.85589934e-01  5.88330273e-01  8.90853487e-01  9.17861605e-01  4.46122468e-01  8.96377397e-01
9.36727936e-01  2.66159042e-01  5.92200855e-01  9.68316644e-01  2.01356817e-01  6.31802560e-01
8.45865878e-01  3.83559572e-01  8.23105166e-01  9.32205076e-01  2.94434872e-01  8.40648789e-01
9.35912674e-01  3.12222448e-01  5.63603534e-01  9.71235685e-01  2.53603458e-01  6.00070255e-01
8.03771320e-01  6.80944849e-01  7.66232049e-01  9.37135394e-01  4.74925291e-01  7.65866382e-01
7.44501127e-01  7.23708515e-01  9.39879377e-01  9.10604780e-01  4.62857025e-01  9.38922159e-01
8.55539370e-01  7.71231018e-01  5.28438951e-01  9.71143776e-01  6.52024265e-01  5.05391622e-01
8.20765398e-01  7.65437051e-01  6.51150996e-01  9.50163979e-01  6.48021857e-01  6.40910871e-01
8.60968258e-01  4.25866190e-01  7.43253969e-01  9.44392122e-01  2.98959016e-01  7.61915405e-01
8.49372817e-01  3.35617247e-01  8.43479403e-01  9.32851406e-01  1.93885695e-01  8.60546720e-01
8.02904549e-01  5.84051875e-01  8.34581904e-01  9.25697704e-01  4.64244672e-01  8.41782335e-01
8.52379157e-01  2.14436513e-01  9.15288704e-01  9.23470618e-01  1.52436433e-01  9.31144743e-01
7.60714201e-01  5.69095804e-01  9.88830892e-01  9.04223220e-01  4.10674733e-01  9.92333070e-01
8.00520222e-01  7.43697429e-01  7.34990609e-01  9.40577848e-01  5.36892053e-01  7.28969006e-01
8.65996907e-01  3.08096336e-01  8.05253536e-01  9.38228506e-01  1.90591675e-01  8.26845197e-01
8.33461376e-01  2.35345752e-01  9.65816697e-01  9.16279554e-01  1.57798811e-01  9.75987352e-01
8.84779077e-01  2.70028971e-01  7.66772567e-01  9.43950296e-01  1.75453865e-01  7.93765063e-01
8.63095534e-01  3.95741673e-01  7.56017273e-01  9.41811005e-01  3.03947443e-01  7.76761132e-01
9.39082559e-01  2.32392986e-01  6.06644762e-01  9.66567078e-01  1.75511740e-01  6.48687349e-01
8.79390948e-01  6.72505138e-01  5.13873092e-01  9.70241608e-01  6.69781609e-01  5.07448812e-01
8.10224250e-01  6.71441885e-01  7.50597846e-01  9.38548213e-01  4.97580983e-01  7.51387126e-01
7.79811222e-01  5.65747007e-01  9.26137516e-01  9.13758066e-01  4.12294657e-01  9.31304027e-01
8.47056344e-01  6.21219320e-01  6.58652167e-01  9.49622020e-01  5.62671457e-01  6.64795679e-01
8.73602723e-01  5.98226961e-01  5.83475423e-01  9.65890653e-01  4.52028040e-01  5.86906440e-01
8.55558268e-01  4.02090001e-01  7.77485434e-01  9.40639749e-01  2.56854821e-01  7.95534407e-01
8.40828423e-01  8.72217095e-01  5.10548850e-01  9.70202448e-01  8.19618094e-01  4.71355337e-01
8.23210627e-01  4.24208883e-01  8.73078325e-01  9.25839283e-01  2.79993008e-01  8.84933030e-01
7.85585048e-01  4.42423792e-01  9.89345124e-01  9.08892312e-01  2.78193050e-01  9.94064430e-01
8.66528378e-01  3.74107914e-01  7.58888314e-01  9.41532680e-01  2.93681914e-01  7.81001011e-01
7.80191033e-01  8.83507338e-01  7.10095320e-01  9.42429433e-01  6.52508209e-01  6.89447059e-01
8.70741041e-01  4.31819890e-01  7.05548909e-01  9.48312336e-01  3.41082614e-01  7.26181769e-01
7.33564076e-01  7.67588579e-01  9.47932445e-01  9.09077086e-01  4.78609700e-01  9.45471014e-01
7.86238266e-01  6.42860756e-01  8.51836144e-01  9.21407593e-01  5.19761128e-01  8.56024285e-01
7.56373322e-01  5.88518169e-01  9.90555819e-01  9.06387143e-01  3.51977283e-01  9.92489313e-01
9.29286988e-01  5.59241857e-01  4.19844085e-01  9.84190169e-01  6.45883036e-01  4.23699366e-01
8.70097224e-01  6.71875728e-01  5.45751178e-01  9.69247711e-01  5.63136846e-01  5.38806923e-01
8.60452921e-01  2.89668438e-01  8.36631836e-01  9.34139700e-01  1.75911841e-01  8.56581432e-01
