8.33868521e-01  6.47680867e-01  7.15826764e-01  9.41382512e-01  5.31058298e-01  7.21459411e-01
7.96534981e-01  5.76331909e-01  8.88931878e-01  9.18799902e-01  4.07847086e-01  8.95270620e-01
7.79354985e-01  5.40533557e-01  9.70222502e-01  9.07329808e-01  3.79528986e-01  9.74970519e-01
8.95771262e-01  5.16110249e-01  5.91044701e-01  9.62543908e-01  4.36445355e-01  6.08048937e-01
9.01949007e-01  3.00634674e-01  7.09962080e-01  9.49909282e-01  2.18574647e-01  7.40357954e-01
7.90890416e-01  6.42039625e-01  8.65437940e-01  9.22131658e-01  4.28799299e-01  8.68973715e-01
7.98308486e-01  7.78421264e-01  7.51698766e-01  9.37581817e-01  5.32933428e-01  7.45388021e-01
8.01914282e-01  7.24328288e-01  7.74275623e-01  9.31541648e-01  5.71439814e-01  7.74535538e-01
7.61430877e-01  7.17361224e-01  9.16577166e-01  9.14591894e-01  4.33947846e-01  9.16107652e-01
8.23435859e-01  7.74319169e-01  6.69033557e-01  9.45159466e-01  6.76663871e-01  6.62959841e-01
9.38532357e-01  2.12622856e-01  6.42579145e-01  9.60391736e-01  1.67250439e-01  6.84712112e-01
8.37323125e-01  7.26895993e-01  6.52666654e-01  9.53003466e-01  5.28708271e-01  6.47499273e-01
8.39727724e-01  6.29793780e-01  7.07543808e-01  9.43917425e-01  4.93785814e-01  7.13981078e-01
8.54336278e-01  3.18613855e-01  8.59973954e-01  9.28111152e-01  2.28504111e-01  8.77791567e-01
8.59813450e-01  2.11263189e-01  9.11076322e-01  9.23661688e-01  1.39365328e-01  9.27309961e-01
7.70176487e-01  6.35917826e-01  9.39756983e-01  9.10558157e-01  4.30678678e-01  9.42742530e-01
8.65037061e-01  8.73565880e-01  4.63038326e-01  9.70828067e-01  9.77478554e-01  4.27035486e-01
7.83840720e-01  7.20722565e-01  8.38290269e-01  9.23215741e-01  5.27569069e-01  8.38767325e-01
8.41530651e-01  6.46479628e-01  6.90587801e-01  9.44502692e-01  5.51819272e-01  6.96564777e-01
8.44617257e-01  2.38758635e-01  9.44533422e-01  9.18508908e-01  1.52850078e-01  9.56659451e-01
9.17837683e-01  3.15156138e-01  6.46581032e-01  9.59029075e-01  2.27679307e-01  6.79738139e-01
7.65426298e-01  6.15997250e-01  9.68525946e-01  9.06423344e-01  4.18520356e-01  9.71602377e-01
8.79914961e-01  3.10153253e-01  7.78605317e-01  9.41064195e-01  1.94648877e-01  8.02706330e-01
8.32651637e-01  3.38126330e-01  9.20649128e-01  9.20791360e-01  1.94931057e-01  9.32115863e-01
7.76580027e-01  5.80113147e-01  9.53946694e-01  9.08718263e-01  4.11862151e-01  9.58454508e-01
8.22166885e-01  8.05637125e-01  6.52713181e-01  9.51467546e-01  6.01865803e-01  6.39607004e-01
8.30691504e-01  1.01223793e+00  4.89633097e-01  9.70349455e-01  9.78911208e-01  4.29766953e-01
8.94482040e-01  7.32871955e-01  4.54397575e-01  9.79399474e-01  7.09390159e-01  4.35194806e-01
9.03904955e-01  4.89257439e-01  5.80859655e-01  9.66362048e-01  3.69682913e-01  5.99285841e-01
9.08121352e-01  6.22388956e-01  4.80109500e-01  9.74269698e-01  6.50377069e-01  4.82496353e-01
8.21877518e-01  5.33163310e-01  8.30898586e-01  9.27927521e-01  3.89138245e-01  8.41148052e-01
7.84104645e-01  5.18604516e-01  9.68629305e-01  9.09408005e-01  3.32332685e-01  9.73273283e-01
9.21345957e-01  5.35944204e-01  4.91326218e-01  9.75265990e-01  5.28062672e-01  5.04905728e-01
7.73458665e-01  5.53853522e-01  9.81895570e-01  9.04755686e-01  4.04038374e-01  9.86221874e-01
7.91545249e-01  5.32210892e-01  9.34524830e-01  9.12761307e-01  3.78780186e-01  9.40835027e-01
8.04088754e-01  3.88309451e-01  9.85067333e-01  9.10302870e-01  2.31226016e-01  9.90824781e-01
8.94628467e-01  6.48646193e-01  5.08878908e-01  9.69630483e-01  6.61118376e-01  5.09713534e-01
7.95289589e-01  6.53860801e-01  8.42822441e-01  9.23190917e-01  4.92861995e-01  8.47098202e-01
8.15244692e-01  6.25098453e-01  7.93731561e-01  9.30402839e-01  4.94409852e-01  8.00490234e-01
7.69749721e-01  7.35991560e-01  8.76228964e-01  9.18225199e-01  5.06460200e-01  8.75737343e-01
9.14838913e-01  2.74216542e-01  6.83045678e-01  9.53821844e-01  2.07303452e-01  7.17408059e-01
8.32098461e-01  2.43018709e-01  9.84581491e-01  9.13652263e-01  1.35787438e-01  9.92335086e-01
8.49803364e-01  4.74833845e-01  7.73937658e-01  9.37229837e-01  3.54280866e-01  7.89707819e-01
8.07950307e-01  4.36167038e-01  9.41175302e-01  9.15665450e-01  2.65928246e-01  9.48784135e-01
9.04815293e-01  5.46969859e-01  5.40299958e-01  9.71534581e-01  4.31632230e-01  5.51534606e-01
8.33458124e-01  7.04546343e-01  6.80300583e-01  9.45732447e-01  5.86482402e-01  6.80518415e-01
8.70722047e-01  7.68036980e-01  5.12247094e-01  9.72628642e-01  6.50328151e-01  4.92513890e-01
8.70381424e-01  4.01377975e-01  7.51452590e-01  9.41273568e-01  3.12349121e-01  7.73135610e-01
7.86900507e-01  6.75886291e-01  8.57011291e-01  9.22538517e-01  4.59488615e-01  8.59139138e-01
8.07187422e-01  3.66407266e-01  9.88765921e-01  9.10914764e-01  1.99827292e-01  9.94294066e-01
9.09224698e-01  3.36017977e-01  6.62283694e-01  9.56400757e-01  2.43271945e-01  6.92919712e-01
9.91030519e-01  3.21789034e-01  3.93444877e-01  9.96763074e-01  2.65434587e-01  4.28385559e-01
7.93059588e-01  5.33457067e-01  9.28573174e-01  9.14238475e-01  3.64194378e-01  9.34797352e-01
8.77553925e-01  8.25904248e-01  4.51777153e-01  9.76805183e-01  8.52482404e-01  4.18656001e-01
7.98687206e-01  5.37183807e-01  9.06743648e-01  9.16118345e-01  3.97977767e-01  9.14272753e-01
8.54302689e-01  4.16955595e-01  7.96237518e-01  9.36486349e-01  2.73816998e-01  8.13420012e-01
8.69772017e-01  4.23655039e-01  7.39357181e-01  9.45534457e-01  2.60206590e-01  7.58607464e-01
9.00237691e-01  2.75644586e-01  7.31997982e-01  9.47039211e-01  2.02838290e-01  7.62466005e-01
8.82031739e-01  4.17026990e-01  7.02029109e-01  9.50458889e-01  2.73910801e-01  7.23805286e-01
7.66695156e-01  6.42464822e-01  9.47328214e-01  9.08077080e-01  4.65016309e-01  9.50566912e-01
8.30988633e-01  7.40014476e-01  6.65360890e-01  9.45997082e-01  6.53034848e-01  6.62636138e-01
9.52202325e-01  4.34214909e-01  4.52596365e-01  9.85552045e-01  3.73330847e-01  4.75382546e-01
8.19926139e-01  5.33356602e-01  8.37399451e-01  9.26150096e-01  4.09177584e-01  8.47826897e-01
8.83270431e-01  6.89492530e-01  5.20927767e-01  9.67131914e-01  6.97131126e-01  5.17255285e-01
8.01470176e-01  8.32521059e-01  7.05837097e-01  9.42154062e-01  6.27527431e-01  6.93799203e-01
7.68148819e-01  6.33902430e-01  9.47951727e-01  9.09489573e-01  4.25513059e-01  9.50810769e-01
9.15094481e-01  4.19538913e-01  5.88127147e-01  9.64866871e-01  3.45025644e-01  6.14678166e-01
8.12407389e-01  6.55764815e-01  7.83158247e-01  9.30870355e-01  5.30970516e-01  7.88368235e-01
8.59576246e-01  5.93815383e-01  6.63501923e-01  9.49476376e-01  5.12517851e-01  6.73926810e-01
8.31495273e-01  6.18732685e-01  7.42681325e-01  9.40354480e-01  4.41908120e-01  7.49041035e-01
8.38200430e-01  9.29786084e-01  5.17665540e-01  9.65400408e-01  9.08826448e-01  4.78000123e-01
9.65558728e-01  3.08609936e-01  4.88788905e-01  9.81788084e-01  2.51845225e-01  5.28119050e-01
8.10680089e-01  8.19411489e-01  6.82776454e-01  9.46727106e-01  6.01531133e-01  6.70081342e-01
9.77861569e-01  3.74327783e-01  4.04051510e-01  9.94270602e-01  3.17205863e-01  4.32178044e-01
7.86351175e-01  5.08169470e-01  9.67776034e-01  9.10811575e-01  2.98638589e-01  9.72206587e-01
9.73777377e-01  3.74456546e-01  4.18133291e-01  9.89096190e-01  3.85946073e-01  4.49687852e-01
8.35782289e-01  8.45048482e-01  5.80891175e-01  9.58098431e-01  7.58758137e-01  5.60151454e-01
8.78156013e-01  6.22475237e-01  5.81804965e-01  9.65499375e-01  4.54715861e-01  5.84797041e-01
9.41805214e-01  4.29526698e-01  4.90943931e-01  9.78749801e-01  3.83866349e-01  5.16517295e-01
8.00027493e-01  8.85621105e-01  6.76260941e-01  9.46150086e-01  6.75744038e-01  6.56824543e-01
8.16477164e-01  9.47921415e-01  5.79656412e-01  9.58013845e-01  8.28772591e-01  5.44209649e-01
8.30983654e-01  6.82509855e-01  7.03011648e-01  9.46678207e-01  4.64539395e-01  7.03164778e-01
8.25128210e-01  8.31684412e-01  6.26043663e-01  9.54215790e-01  6.59840047e-01  6.08852103e-01
8.89062080e-01  3.40573643e-01  7.27792799e-01  9.47392982e-01  2.29608458e-01  7.53894704e-01
7.65717595e-01  7.51968840e-01  8.79548712e-01  9.18683418e-01  4.85451259e-01  8.77745687e-01
8.53078539e-01  2.22414967e-01  9.26707839e-01  9.21591752e-01  1.38061808e-01  9.40889717e-01
1.00153403e+00  2.58298310e-01  3.98998827e-01  9.94753524e-01  2.50487691e-01  4.44789589e-01
8.48691143e-01  8.03829328e-01  5.64116118e-01  9.64457409e-01  6.53521989e-01  5.44671186e-01
8.12146888e-01  8.33360950e-01  6.69036503e-01  9.48726029e-01  6.17475844e-01  6.54026449e-01
9.52985868e-01  3.64925760e-01  4.94919566e-01  9.80119676e-01  2.99611362e-01  5.27570698e-01
9.62979209e-01  4.66101415e-01  3.95301741e-01  9.92649331e-01  4.54516107e-01  4.10761662e-01
9.32973068e-01  4.15207133e-01  5.29933542e-01  9.75703542e-01  2.98157784e-01  5.55712563e-01
9.29384731e-01  6.01177300e-01  4.21679661e-01  9.86129582e-01  5.95373336e-01  4.19402323e-01
8.33889182e-01  3.40757725e-01  9.14737623e-01  9.21327945e-01  2.03268264e-01  9.26712179e-01
7.62128909e-01  7.31738691e-01  9.04573024e-01  9.14488770e-01  4.84847586e-01  9.04268368e-01
8.91008810e-01  7.44399127e-01  4.59005104e-01  9.78851733e-01  7.13031628e-01  4.38365699e-01
8.51737459e-01  9.22894550e-01  4.76470914e-01  9.72803591e-01  9.12411169e-01  4.30204160e-01
8.60776368e-01  6.91507430e-01  5.96002213e-01  9.62031002e-01  5.18488032e-01  5.92021466e-01
7.61949207e-01  6.23475067e-01  9.75479799e-01  9.06887004e-01  3.80587819e-01  9.77560556e-01
8.58638518e-01  7.79450173e-01  5.45868563e-01  9.67964102e-01  6.28570142e-01  5.27545067e-01
8.69837692e-01  2.90276113e-01  8.25731621e-01  9.33975480e-01  1.97984567e-01  8.47374490e-01
7.76142016e-01  6.77101013e-01  8.92757082e-01  9.15234595e-01  5.03566729e-01  8.95594841e-01
9.21586549e-01  4.17396226e-01  5.67473553e-01  9.67442962e-01  3.58933494e-01  5.94885951e-01
8.11488401e-01  7.99052989e-01  6.93546319e-01  9.43345133e-01  6.33490528e-01  6.84758112e-01
8.00128899e-01  4.33663335e-01  9.69065234e-01  9.10230464e-01  2.97445633e-01  9.75697506e-01
8.85156193e-01  4.81254005e-01  6.49720042e-01  9.55683408e-01  3.65310534e-01  6.68786265e-01
8.53041926e-01  8.96948724e-01  4.88588784e-01  9.73409016e-01  8.23368836e-01  4.46769937e-01
7.82004322e-01  6.13698135e-01  9.13718167e-01  9.13131766e-01  4.60594685e-01  9.18680096e-01
7.97317830e-01  5.49694952e-01  9.03569085e-01  9.18287667e-01  3.59758895e-01  9.09877491e-01
8.66747941e-01  4.84462583e-01  7.10146284e-01  9.47198245e-01  3.48446283e-01  7.27163678e-01
8.66357170e-01  5.35312859e-01  6.78458273e-01  9.48768534e-01  4.48514358e-01  6.93534629e-01
8.67596795e-01  2.09101656e-01  8.85749746e-01  9.27500918e-01  1.29239145e-01  9.04560104e-01
8.97054509e-01  3.92533606e-01  6.66917756e-01  9.54694803e-01  2.89885045e-01  6.92883560e-01
9.63253574e-01  3.12019591e-01  4.94105148e-01  9.81984896e-01  2.27141727e-01  5.32157078e-01
8.72132992e-01  5.03292841e-01  6.79634507e-01  9.51037298e-01  3.75602053e-01  6.96153996e-01
7.89486743e-01  8.07456161e-01  7.62506850e-01  9.34821429e-01  5.66359653e-01  7.54701505e-01
8.38275382e-01  3.68303789e-01  8.82253476e-01  9.24646034e-01  2.44761775e-01  8.96182585e-01
8.49078788e-01  4.26133335e-01  8.07721207e-01  9.35556527e-01  2.55057099e-01  8.23282857e-01
9.48368428e-01  5.14553141e-01  4.13457704e-01  9.91420549e-01  4.43890102e-01  4.21142179e-01
8.78000141e-01  6.22650102e-01  5.82220579e-01  9.64742422e-01  4.71445393e-01  5.85711767e-01
8.74326058e-01  7.38313482e-01  5.19603443e-01  9.65946885e-01  7.61214864e-01  5.09765784e-01
9.02916940e-01  4.12090178e-01  6.34313860e-01  9.58762283e-01  3.18474710e-01  6.60071718e-01
9.07610844e-01  2.46474418e-01  7.25899372e-01  9.48715589e-01  1.73931545e-01  7.58522932e-01
8.40191158e-01  5.14798388e-01  7.80631728e-01  9.35832539e-01  3.75955625e-01  7.93564156e-01
8.00413130e-01  5.04166928e-01  9.22618675e-01  9.16220071e-01  3.31843261e-01  9.29708049e-01
8.58241083e-01  4.46929031e-01  7.63402603e-01  9.40358986e-01  3.07137432e-01  7.80743223e-01
8.39200555e-01  3.21056251e-01  9.09491507e-01  9.20960101e-01  2.28446199e-01  9.23142732e-01
7.85060700e-01  5.40388242e-01  9.50939567e-01  9.10040731e-01  3.84279559e-01  9.56468905e-01
8.55089000e-01  6.50107206e-01  6.42193203e-01  9.55143167e-01  4.82036122e-01  6.44768160e-01
8.48707186e-01  8.69127131e-01  5.21667982e-01  9.68215603e-01  7.84781025e-01  4.89670628e-01
7.98712962e-01  5.93315047e-01  8.70210601e-01  9.20399853e-01  4.40669179e-01  8.76767358e-01
8.39230573e-01  3.05814691e-01  9.19286152e-01  9.20105059e-01  2.12305061e-01  9.32425861e-01
7.94477564e-01  6.87037460e-01  8.24039673e-01  9.26441613e-01  4.93632641e-01  8.26072930e-01
8.22562216e-01  8.50460153e-01  6.22269293e-01  9.53791639e-01  6.93736471e-01  6.03074947e-01
9.31900837e-01  5.70942798e-01  4.32765009e-01  9.87004970e-01  5.08037563e-01  4.34351537e-01
8.51054889e-01  5.69918593e-01  7.07954022e-01  9.46694556e-01  4.00770470e-01  7.18073934e-01
8.89620509e-01  3.39741533e-01  7.26139501e-01  9.48458006e-01  2.06838156e-01  7.51910662e-01
8.55356151e-01  9.06561472e-01  4.74489464e-01  9.72223877e-01  9.20166282e-01  4.31579173e-01
8.73596374e-01  2.07574208e-01  8.66664328e-01  9.29758061e-01  1.41452414e-01  8.87727551e-01
8.58640702e-01  1.85368394e-01  9.31575339e-01  9.21122992e-01  1.25476415e-01  9.46342537e-01
7.71723296e-01  6.73287607e-01  9.10239259e-01  9.13177826e-01  4.86235309e-01  9.12863870e-01
8.38317572e-01  6.01992026e-01  7.30383373e-01  9.42999175e-01  4.17879253e-01  7.37740621e-01
7.66967342e-01  6.23468227e-01  9.58442507e-01  9.10033074e-01  3.67150071e-01  9.60551138e-01
8.64967092e-01  3.51155423e-01  8.02446428e-01  9.35260583e-01  2.62311073e-01  8.23472578e-01
9.15346923e-01  6.01014263e-01  4.69452011e-01  9.82288172e-01  4.90037806e-01  4.68832825e-01
7.75326191e-01  8.52486415e-01  7.81655115e-01  9.31481716e-01  5.89730610e-01  7.71129520e-01
7.33737122e-01  7.93906973e-01  9.60626989e-01  9.06260074e-01  4.78680681e-01  9.58484408e-01
8.92040430e-01  2.74112255e-01  7.60829086e-01  9.43355113e-01  1.91160127e-01  7.88838216e-01
8.65123416e-01  2.13712287e-01  8.91453325e-01  9.26665719e-01  1.33141530e-01  9.09512949e-01
8.79674044e-01  7.83637688e-01  4.71721287e-01  9.78537273e-01  6.92842091e-01  4.44619135e-01
