4.53751559e-01  5.05974122e-01  4.69188510e-01
4.81887513e-01  4.90226601e-01  5.46809491e-01
4.77755911e-01  5.27208259e-01  4.32207963e-01
5.70865989e-01  4.99166580e-01  5.31825220e-01
7.19720864e-01  4.32494274e-01  5.71682442e-01
4.65465276e-01  5.81899695e-01  5.19320295e-01
5.55969952e-01  5.38786160e-01  5.26442400e-01
5.30288065e-01  5.22270988e-01  5.08031198e-01
4.40364855e-01  5.55814474e-01  5.00723771e-01
5.18240123e-01  5.77123524e-01  4.72112884e-01
5.30998950e-01  5.76742731e-01  4.83620833e-01
4.59750056e-01  5.42378646e-01  4.79327629e-01
4.54014149e-01  5.70925399e-01  5.31710031e-01
5.35201770e-01  5.29939588e-01  5.05341087e-01
5.74563122e-01  4.64447529e-01  5.38986679e-01
5.24458379e-01  4.73592647e-01  5.62800948e-01
4.60621743e-01  4.58607597e-01  5.21250831e-01
5.19633866e-01  4.74213705e-01  5.07320256e-01
5.66160626e-01  4.73674549e-01  4.94842458e-01
5.07275909e-01  5.69731720e-01  4.60390802e-01
5.00168486e-01  5.04053291e-01  5.33389465e-01
5.41644671e-01  5.21425954e-01  5.34534760e-01
5.76047256e-01  5.13821190e-01  4.71085608e-01
5.31395006e-01  5.11017940e-01  4.98440681e-01
5.21317108e-01  4.81759481e-01  5.32011818e-01
4.42282867e-01  5.51091978e-01  5.67774930e-01
4.95874908e-01  5.32007021e-01  5.64650005e-01
4.91281738e-01  4.57073089e-01  5.09140014e-01
5.83896890e-01  5.87771239e-01  4.66453609e-01
5.62878801e-01  5.40355764e-01  4.90833714e-01
4.83967853e-01  5.10192965e-01  5.52560412e-01
5.43271746e-01  4.67253792e-01  5.54253402e-01
4.96522056e-01  5.08257396e-01  5.42609034e-01
5.24244839e-01  4.56594438e-01  4.58499228e-01
5.23602162e-01  4.98734438e-01  4.66546914e-01
4.57985704e-01  4.96327990e-01  5.21190056e-01
5.46708258e-01  5.85540550e-01  5.55924119e-01
4.42863993e-01  5.38316007e-01  5.57451792e-01
4.96156673e-01  5.77440874e-01  5.37006311e-01
8.53923926e-01  9.96677866e-01  4.38231608e-01
5.52784947e-01  4.61150275e-01  4.72545548e-01
4.75791733e-01  4.50914103e-01  4.41213835e-01
5.02220397e-01  4.79551419e-01  4.33429371e-01
5.73485936e-01  5.60847127e-01  4.71919961e-01
5.73154972e-01  5.75727179e-01  4.62645543e-01
4.70644917e-01  4.76704860e-01  5.46998968e-01
4.99902154e-01  4.42232485e-01  4.47113538e-01
4.99289174e-01  5.76638586e-01  5.17735099e-01
5.51141526e-01  5.68352747e-01  5.15138402e-01
5.04102275e-01  5.50907949e-01  5.37910520e-01
7.55605988e-01  3.00629109e-01  9.32607658e-01
5.19327309e-01  5.15363089e-01  5.09913546e-01
5.27484066e-01  5.83929522e-01  5.77277443e-01
5.74286398e-01  4.72800233e-01  5.00417803e-01
5.39535258e-01  5.90243039e-01  5.33445991e-01
4.87387747e-01  5.33979968e-01  4.55340808e-01
5.39540035e-01  5.33021714e-01  4.50118651e-01
4.43060744e-01  5.85880702e-01  4.36184007e-01
4.81740485e-01  4.85685301e-01  4.99408090e-01
5.41603573e-01  5.08493883e-01  5.40749508e-01
4.58394363e-01  5.86430306e-01  4.85019829e-01
4.36313245e-01  5.02213646e-01  4.88758404e-01
4.79003824e-01  4.93585977e-01  5.39266836e-01
4.57644656e-01  5.02486717e-01  5.31315559e-01
5.82148241e-01  5.32957467e-01  5.30377430e-01
5.64611099e-01  5.33100169e-01  4.81309791e-01
5.44492416e-01  5.26441355e-01  4.35644855e-01
5.74355212e-01  5.27290164e-01  5.65449266e-01
4.44856915e-01  4.65225615e-01  5.23393630e-01
5.51289649e-01  4.84462113e-01  5.68631762e-01
5.53924475e-01  5.24139485e-01  4.62349601e-01
5.50085584e-01  5.68936883e-01  5.77917316e-01
4.86308055e-01  5.13453517e-01  5.11598492e-01
4.45661342e-01  4.63756271e-01  4.36152314e-01
4.49012793e-01  5.42429148e-01  5.80547386e-01
4.60835241e-01  5.12835962e-01  4.45732760e-01
5.54280457e-01  4.87604783e-01  5.73247157e-01
5.70209989e-01  5.49669654e-01  4.61391118e-01
4.62266508e-01  4.60619535e-01  4.93357008e-01
5.18979358e-01  5.58418775e-01  5.32712684e-01
5.20868748e-01  5.73396011e-01  5.76054200e-01
4.74639649e-01  5.66271182e-01  4.99446641e-01
5.38665804e-01  4.57401955e-01  4.90802211e-01
4.72526059e-01  5.72674843e-01  5.57963198e-01
5.49371466e-01  5.69249133e-01  5.50068055e-01
4.85999619e-01  4.92931514e-01  4.94714839e-01
3.73764781e-01  8.32095873e-01  8.89933039e-01
5.65272050e-01  5.34809885e-01  5.75821039e-01
5.32157868e-01  4.47715584e-01  4.64935075e-01
4.73753780e-01  5.00224044e-01  4.44723728e-01
4.59648896e-01  5.78335930e-01  5.06761663e-01
5.78013994e-01  5.46691366e-01  4.52671983e-01
5.63803663e-01  4.85353872e-01  5.37485493e-01
5.42409198e-01  5.45151682e-01  4.54107132e-01
4.89430809e-01  9.81121526e-01  6.00620632e-01
6.41240267e-01  7.32466083e-01  5.39018818e-01
4.48743443e-01  4.96695469e-01  4.85072305e-01
5.15812785e-01  4.69686784e-01  5.08298808e-01
4.49268780e-01  5.87727723e-01  5.75770044e-01
4.59113905e-01  4.43009589e-01  4.33684942e-01
4.67067598e-01  5.13184697e-01  5.48642659e-01
4.79625621e-01  5.10724417e-01  5.08544877e-01
4.78442301e-01  5.45171743e-01  4.43881590e-01
5.22856014e-01  5.03915040e-01  5.77291005e-01
4.97105661e-01  4.70560508e-01  4.41431963e-01
5.15480359e-01  5.22797280e-01  4.44818487e-01
5.35435962e-01  4.94455368e-01  5.76573353e-01
5.49217530e-01  4.73092236e-01  5.00079568e-01
5.82537361e-01  5.93104927e-01  5.29767891e-01
4.36187176e-01  5.63062407e-01  4.54199412e-01
5.53928606e-01  5.77510237e-01  4.86801442e-01
4.51912466e-01  4.86487913e-01  5.32393986e-01
5.81652416e-01  4.65896021e-01  5.20227581e-01
5.66780604e-01  4.82102365e-01  5.18562818e-01
5.15720153e-01  5.36052816e-01  5.67361532e-01
4.92398600e-01  5.31318438e-01  4.60076382e-01
4.98523960e-01  5.45163290e-01  5.35719861e-01
4.95330176e-01  4.84043707e-01  4.47566215e-01
5.00739578e-01  4.59399771e-01  5.47512239e-01
5.41913701e-01  5.84733035e-01  5.21947919e-01
5.07895677e-01  4.56114102e-01  5.47263938e-01
4.64658725e-01  4.56590145e-01  5.20459438e-01
4.18600685e-01  7.68014793e-01  2.93444540e-01
4.45286519e-01  4.45008836e-01  5.32650430e-01
5.31798808e-01  4.89537597e-01  4.79750034e-01
5.34224378e-01  4.68260413e-01  5.47047715e-01
4.87204724e-01  5.15501408e-01  4.46569639e-01
5.60604467e-01  4.62432488e-01  4.78181126e-01
5.41748696e-01  5.45511948e-01  5.64761691e-01
5.26992025e-01  5.66507269e-01  4.54119953e-01
5.32108854e-01  5.38021857e-01  4.31807811e-01
4.76109752e-01  5.61722196e-01  4.69603150e-01
5.39714837e-01  5.32971154e-01  5.14097672e-01
5.52507069e-01  5.89141298e-01  5.07118443e-01
5.37917257e-01  4.47372692e-01  4.73563592e-01
5.02396730e-01  5.42735525e-01  5.26201348e-01
5.40893592e-01  4.44497628e-01  4.64896600e-01
7.64025705e-01  7.48562072e-01  8.89441482e-01
5.35224842e-01  5.66408253e-01  4.69272883e-01
5.12215402e-01  4.67980228e-01  5.21084510e-01
4.88970475e-01  5.87347380e-01  5.79528869e-01
4.64889046e-01  5.63712664e-01  5.26634844e-01
4.60614797e-01  4.95950822e-01  5.49751039e-01
4.38480514e-01  5.30976838e-01  5.39479601e-01
7.00784573e-01  9.79745219e-01  9.95277044e-01
5.58465492e-01  5.09038422e-01  5.46608057e-01
4.49575499e-01  5.10634459e-01  5.11889168e-01
5.79406076e-01  5.28710082e-01  5.72156883e-01
4.95479067e-01  4.69467348e-01  5.61903554e-01
5.51073698e-01  5.26441861e-01  4.89101532e-01
4.92728447e-01  5.38263498e-01  5.38365435e-01
5.73773669e-01  4.52309501e-01  4.90560093e-01
5.22651982e-01  5.51684050e-01  5.51346366e-01
5.06789588e-01  5.63122946e-01  4.64983471e-01
5.14174587e-01  5.04571846e-01  4.96283041e-01
5.36845548e-01  5.17609823e-01  5.20487545e-01
5.09436522e-01  5.29923669e-01  5.21922612e-01
4.87642999e-01  4.66129540e-01  5.21881785e-01
5.40241915e-01  4.74980761e-01  5.67413002e-01
4.86558688e-01  5.13415980e-01  4.33994894e-01
5.41585098e-01  5.48643790e-01  4.70607635e-01
5.53658225e-01  5.42503640e-01  5.20179132e-01
4.68432693e-01  4.86151906e-01  5.14536475e-01
5.51817683e-01  5.55270351e-01  5.12747938e-01
8.20404307e-01  5.12179806e-01  2.51841341e-01
5.33867302e-01  4.53792745e-01  4.71760480e-01
5.56932451e-01  5.17751865e-01  5.67966944e-01
4.76109085e-01  4.84028846e-01  4.45153181e-01
5.24917900e-01  5.01650448e-01  5.19634745e-01
5.63708146e-01  4.76249762e-01  4.49857779e-01
4.82455341e-01  4.59566649e-01  5.02276146e-01
5.14781204e-01  5.30391020e-01  5.15508806e-01
5.80597411e-01  5.92503278e-01  4.83168449e-01
7.25241721e-01  6.69291957e-01  2.50779692e-01
4.46273548e-01  4.75037241e-01  4.81158367e-01
5.45920066e-01  4.45269201e-01  5.77012750e-01
5.22079409e-01  5.40871944e-01  4.69658208e-01
5.60242214e-01  5.12629140e-01  4.51009257e-01
4.93465012e-01  5.09912033e-01  4.61794916e-01
4.72218467e-01  5.52940824e-01  4.33900841e-01
4.51347190e-01  4.96651706e-01  5.65242033e-01
5.64430138e-01  4.91843387e-01  4.86765356e-01
4.88693464e-01  5.19986116e-01  5.44675844e-01
4.43668891e-01  5.34173853e-01  5.20639423e-01
5.12825611e-01  5.78900853e-01  4.85456235e-01
5.73786250e-01  5.28732877e-01  5.39054509e-01
4.40041888e-01  4.91279122e-01  5.54634956e-01
5.83882293e-01  4.60290616e-01  5.51777762e-01
4.41985681e-01  4.56626057e-01  5.31008767e-01
5.30042111e-01  4.43733040e-01  5.79840633e-01
5.26442697e-01  5.01908779e-01  5.54252026e-01
5.10429842e-01  4.54869215e-01  5.07676850e-01
5.30288894e-01  5.20260809e-01  5.31008374e-01
4.67023641e-01  4.73237120e-01  5.02302678e-01
5.43775374e-01  5.43056494e-01  4.71341259e-01
5.69263001e-01  5.38289710e-01  5.53758594e-01
5.59501278e-01  5.28971724e-01  5.26353970e-01
4.60284293e-01  5.74430799e-01  4.93741815e-01
4.56840428e-01  5.10029980e-01  5.44209790e-01
5.74265598e-01  5.50740328e-01  4.66116269e-01
4.58730684e-01  5.41136005e-01  5.21095918e-01
5.21126981e-01  4.58090834e-01  5.36091445e-01
4.41429173e-01  4.42667110e-01  4.40262546e-01
5.59971118e-01  5.78476249e-01  5.69159924e-01
4.36174163e-01  4.61235758e-01  4.40449169e-01
5.64314282e-01  4.62583397e-01  4.81358340e-01
5.67951889e-01  4.55112169e-01  4.74709814e-01
4.75464123e-01  4.74714665e-01  5.07042374e-01
5.44010467e-01  4.80224511e-01  4.33184627e-01
4.39885352e-01  4.62363953e-01  5.49442704e-01
5.84343542e-01  4.49011568e-01  5.60295624e-01
4.62392548e-01  5.89752814e-01  4.65704584e-01
5.72854112e-01  4.98940988e-01  5.39538094e-01
5.06552372e-01  5.69035669e-01  5.11431315e-01
5.15681164e-01  4.49953348e-01  5.58792412e-01
4.98368015e-01  4.48485248e-01  5.33575796e-01
5.19651191e-01  4.73953080e-01  5.60483627e-01
4.74054690e-01  5.38109225e-01  5.12133314e-01
4.82052300e-01  4.56781530e-01  4.58098054e-01
4.36215609e-01  5.86063144e-01  4.56679537e-01
5.04213042e-01  5.78295773e-01  4.67482340e-01
4.84662037e-01  5.52550092e-01  5.67283595e-01
5.68721007e-01  5.55130817e-01  5.78090309e-01
4.47384201e-01  4.54917634e-01  4.55261597e-01
5.10086057e-01  5.13881078e-01  5.26680110e-01
5.20422955e-01  4.75363697e-01  5.32701971e-01
4.40779975e-01  4.45819570e-01  5.36837623e-01
4.72370514e-01  5.14401768e-01  4.72297409e-01
4.90956804e-01  5.34392984e-01  5.09207007e-01
5.49499187e-01  4.57878377e-01  5.18038893e-01
4.36100489e-01  5.31240778e-01  4.37800727e-01
4.58013294e-01  4.51056038e-01  5.65410772e-01
5.12479259e-01  4.62088702e-01  4.96749776e-01
5.20756054e-01  4.54812477e-01  5.38036616e-01
5.66565983e-01  4.72705960e-01  4.33054795e-01
5.22394201e-01  5.27945662e-01  4.62244031e-01
5.10578822e-01  5.90154162e-01  5.79432711e-01
5.13743407e-01  5.41680940e-01  9.81205233e-01
5.72144638e-01  4.77246277e-01  4.45377432e-01
4.75015005e-01  4.87205801e-01  4.89177763e-01
5.00907118e-01  5.38200907e-01  4.53621784e-01
5.84273604e-01  5.79477188e-01  5.76715340e-01
4.42614481e-01  5.69530438e-01  4.96287243e-01
5.15203826e-01  5.48247068e-01  4.87354180e-01
4.69727728e-01  4.61743848e-01  4.66873541e-01
5.53286776e-01  5.38286448e-01  4.66697362e-01
5.73883993e-01  5.14830658e-01  5.32434317e-01
5.68963451e-01  5.19061101e-01  5.55943536e-01
5.57076047e-01  4.57198016e-01  5.12224663e-01
7.37803527e-01  4.32213272e-01  2.98227854e-01
5.24320608e-01  4.91642028e-01  4.37688736e-01
4.54234095e-01  5.01607920e-01  5.34472145e-01
5.24667612e-01  5.87704141e-01  5.58892898e-01
4.41181674e-01  5.39327146e-01  4.42981793e-01
5.10785802e-01  4.59823230e-01  5.00668299e-01
5.81456855e-01  5.47651264e-01  4.63797634e-01
4.66587421e-01  4.81346871e-01  5.44793121e-01
4.50628997e-01  5.30979244e-01  5.66265109e-01
4.44276348e-01  5.06764627e-01  5.14855730e-01
4.37245348e-01  5.45746545e-01  4.81690386e-01
3.98550196e-01  8.30408305e-01  4.85518725e-01
5.73702927e-01  5.38893281e-01  4.72868163e-01
4.55039377e-01  4.51994245e-01  4.57380941e-01
4.92002177e-01  4.80529034e-01  5.67377156e-01
4.92485241e-01  5.70577861e-01  5.49221302e-01
5.16405786e-01  4.67310563e-01  5.27867230e-01
4.43443801e-01  5.88557059e-01  5.79387240e-01
4.99382433e-01  5.57018072e-01  5.37291411e-01
5.33572413e-01  5.51778275e-01  4.61382967e-01
4.49212938e-01  5.78754749e-01  5.53905170e-01
5.83677635e-01  4.44734119e-01  5.64139365e-01
4.99804398e-01  5.64916416e-01  5.76753538e-01
5.11902526e-01  5.47920441e-01  5.28288412e-01
4.58911382e-01  5.04355069e-01  5.51816147e-01
5.55013810e-01  5.13623306e-01  4.94090588e-01
4.66296619e-01  4.66169003e-01  5.36609818e-01
8.64471856e-01  4.19605727e-01  8.41576344e-01
4.58374070e-01  5.17167849e-01  5.55208934e-01
5.12816533e-01  5.87415145e-01  5.63035656e-01
4.94164672e-01  5.05631104e-01  5.51305404e-01
5.51123295e-01  4.81886691e-01  4.78461613e-01
5.16476178e-01  4.71913908e-01  5.41252535e-01
5.04754179e-01  4.62098572e-01  4.91572474e-01
4.73076734e-01  5.57989042e-01  4.89476254e-01
5.81379326e-01  4.42910324e-01  4.52965068e-01
4.47180580e-01  5.40208848e-01  5.28772869e-01
5.08167125e-01  4.88290458e-01  4.68907027e-01
4.73962761e-01  4.58563818e-01  5.38619961e-01
5.00826781e-01  5.65786308e-01  5.65250303e-01
5.28541828e-01  5.43649762e-01  4.44093783e-01
5.77442537e-01  4.96198063e-01  5.16944500e-01
4.61014686e-01  5.35561903e-01  4.72455932e-01
4.65680935e-01  5.30099155e-01  4.73405758e-01
5.77526093e-01  4.85090675e-01  4.81237179e-01
4.62285103e-01  5.27960016e-01  4.38049233e-01
4.78010870e-01  4.46933386e-01  5.38299050e-01
5.45168304e-01  4.81719470e-01  5.74284206e-01
9.38337766e-01  2.80759135e-01  8.19156136e-01
5.56666756e-01  5.65667103e-01  5.31916151e-01
4.81499463e-01  4.76599576e-01  4.93396171e-01
4.36228971e-01  5.72036869e-01  5.01352693e-01
4.62912364e-01  4.56446350e-01  4.59393401e-01
5.02214590e-01  4.78946885e-01  4.78148656e-01
5.22295886e-01  4.49026566e-01  5.08803860e-01
4.67106879e-01  4.97496374e-01  4.38809603e-01
4.47679338e-01  5.35010350e-01  5.72276601e-01
5.48198895e-01  4.63907129e-01  4.49804555e-01
4.43006940e-01  4.83117445e-01  4.35398363e-01
5.48664297e-01  5.91285123e-01  5.54588534e-01
5.83944355e-01  5.88846963e-01  4.83409710e-01
5.01421379e-01  4.49085546e-01  5.13437974e-01
5.38737941e-01  4.96211349e-01  5.11925712e-01
5.49821686e-01  5.71468415e-01  5.74149458e-01
4.89226907e-01  4.55862272e-01  5.60374846e-01
4.40995072e-01  4.55483383e-01  4.34492926e-01
4.96773351e-01  4.50842790e-01  4.84316536e-01
4.84360630e-01  4.53357641e-01  5.08626565e-01
4.77562983e-01  5.15978324e-01  5.04653505e-01
5.35618655e-01  4.66583545e-01  4.39503050e-01
4.54902042e-01  4.58783528e-01  5.48729823e-01
4.65826465e-01  4.57786070e-01  5.34034073e-01
4.63196352e-01  4.56688231e-01  5.03147965e-01
4.97482884e-01  4.49042218e-01  4.55245203e-01
5.15259212e-01  5.06026878e-01  5.27885721e-01
4.58911991e-01  4.82240083e-01  4.71987451e-01
5.54134849e-01  5.87079697e-01  4.68888957e-01
5.20446563e-01  4.86298427e-01  4.41447165e-01
5.46830080e-01  5.78012333e-01  4.85650118e-01
5.47172921e-01  5.42061758e-01  5.80612795e-01
4.85994807e-01  4.65411547e-01  5.68733789e-01
5.47850783e-01  4.48109198e-01  4.77910967e-01
5.24407439e-01  4.50292386e-01  4.67407693e-01
5.60625629e-01  4.54062987e-01  5.22172304e-01
4.47289073e-01  4.69161966e-01  4.95597563e-01
4.51462095e-01  4.80301956e-01  5.07243170e-01
5.67435586e-01  5.62280604e-01  4.73812992e-01
5.56900671e-01  5.30375660e-01  4.36668332e-01
5.57566743e-01  4.45346942e-01  4.60159940e-01
4.57538077e-01  5.37274040e-01  4.77064502e-01
5.43723441e-01  5.32039056e-01  5.77042078e-01
9.65052388e-01  8.28842092e-01  3.89639127e-01
5.30443118e-01  5.92019462e-01  5.65917795e-01
8.92644552e-01  5.96751106e-01  7.72474623e-01
3.99213707e-01  7.44610368e-01  4.29936931e-01
4.66824174e-01  5.90524708e-01  5.12363743e-01
5.42093514e-01  5.29786436e-01  4.79087975e-01
4.62727077e-01  5.61420751e-01  5.75403648e-01
4.61043832e-01  5.93290160e-01  5.73502671e-01
4.57709072e-01  5.18956262e-01  5.43840073e-01
5.26770788e-01  5.85607452e-01  5.45104035e-01
5.78767372e-01  4.57509382e-01  5.43129399e-01
5.82220362e-01  4.72980951e-01  4.45048354e-01
4.57687361e-01  5.01216138e-01  4.32610755e-01
5.38186850e-01  4.50011155e-01  4.41205853e-01
5.50912956e-01  5.24962639e-01  4.67490127e-01
5.20922718e-01  5.82246197e-01  5.02620486e-01
5.76851267e-01  4.84437043e-01  4.71232834e-01
5.65153724e-01  5.20210741e-01  4.75163960e-01
4.61002929e-01  5.84321609e-01  4.89919551e-01
5.80900810e-01  5.21420783e-01  4.47453994e-01
4.92331689e-01  4.47413244e-01  5.52534216e-01
7.09399974e-01  2.63123094e-01  9.62123446e-01
8.11609117e-01  3.89172388e-01  3.84375290e-01
4.95038956e-01  5.39707317e-01  5.20471138e-01
5.54283975e-01  5.53168336e-01  5.00110813e-01
4.41689692e-01  5.35305552e-01  4.59648979e-01
5.76686208e-01  4.76629167e-01  4.36348218e-01
4.68634338e-01  5.87006475e-01  5.45759436e-01
4.40464512e-01  4.76359459e-01  5.19512150e-01
5.38680581e-01  5.40534411e-01  4.80237283e-01
5.02112861e-01  5.25806639e-01  5.50626470e-01
5.74562987e-01  4.97274538e-01  5.32864115e-01
4.68055419e-01  4.97509723e-01  5.09081527e-01
4.58916454e-01  5.51602405e-01  5.75284992e-01
3.16257279e-01  3.53341329e-01  4.95675931e-01
4.53989111e-01  5.44441984e-01  5.22686585e-01
5.30009622e-01  2.52180969e-01  9.82456894e-01
5.42481162e-01  4.97266619e-01  5.24868408e-01
4.62662671e-01  5.87592847e-01  4.81417445e-01
5.38129472e-01  4.88899811e-01  4.57066581e-01
5.54024004e-01  5.44859785e-01  4.82787837e-01
4.95346719e-01  4.87354153e-01  5.00938447e-01
4.75489685e-01  5.35973686e-01  4.80525671e-01
4.84952474e-01  5.07036832e-01  5.24153002e-01
5.29259543e-01  5.06128085e-01  4.70987337e-01
4.72487191e-01  5.68897765e-01  5.10970516e-01
5.06527649e-01  5.83410132e-01  5.16140552e-01
4.38821298e-01  5.08299802e-01  5.35530437e-01
5.12754400e-01  4.44145462e-01  4.56809524e-01
5.66307372e-01  4.86767154e-01  4.56087998e-01
5.23792162e-01  4.79976518e-01  5.05195186e-01
4.37952710e-01  5.64497365e-01  4.34068877e-01
5.46511351e-01  5.61250417e-01  5.08657180e-01
5.58461483e-01  5.41868495e-01  4.55477550e-01
5.61693747e-01  4.48357041e-01  4.79052641e-01
5.32707427e-01  5.80529816e-01  4.88702368e-01
5.35266433e-01  4.68989943e-01  5.74587197e-01
5.72734859e-01  5.49956734e-01  5.46704294e-01
5.27937040e-01  4.74236803e-01  5.60644883e-01
5.43552002e-01  5.59653492e-01  5.57034182e-01
4.38519703e-01  5.42893121e-01  5.44814299e-01
5.20811133e-01  5.32627388e-01  5.54155784e-01
4.99497386e-01  5.00891924e-01  4.41842890e-01
5.36272308e-01  4.84442028e-01  5.50925533e-01
4.71294766e-01  5.61369464e-01  5.45870130e-01
4.47601415e-01  4.78494622e-01  5.36179885e-01
4.42775924e-01  5.88600848e-01  4.74554487e-01
5.32796170e-01  5.12748346e-01  5.33356069e-01
4.36176831e-01  5.27508086e-01  5.48056919e-01
5.54315363e-01  4.73734243e-01  4.67064312e-01
5.62715872e-01  5.61582354e-01  4.69798264e-01
4.59980837e-01  4.50194867e-01  4.54715574e-01
5.72755380e-01  5.73199244e-01  5.51185151e-01
5.16347480e-01  5.39156059e-01  4.89998616e-01
8.28496817e-01  6.92787352e-01  7.19248527e-01
5.06113849e-01  4.46923769e-01  4.72588337e-01
5.35207259e-01  5.08350671e-01  4.72070868e-01
5.54745432e-01  4.66074992e-01  4.69382145e-01
5.77008205e-01  5.85705506e-01  4.76879161e-01
5.81631473e-01  4.63613914e-01  4.39452545e-01
4.60145547e-01  5.06852880e-01  5.44453581e-01
4.95300274e-01  5.92462762e-01  4.63634454e-01
4.59552206e-01  5.76060141e-01  5.64039831e-01
5.40210880e-01  4.41915308e-01  4.57068411e-01
5.42337036e-01  5.19933315e-01  5.54670541e-01
5.27675413e-01  5.47761082e-01  4.68540513e-01
4.36383838e-01  5.72642399e-01  5.52459922e-01
5.13819755e-01  4.48133439e-01  4.94912652e-01
5.70787977e-01  4.73984391e-01  4.46128311e-01
5.17276036e-01  4.52923870e-01  4.43268296e-01
5.80785360e-01  5.76518942e-01  5.08569816e-01
5.53106171e-01  5.50986114e-01  5.24993792e-01
5.39349895e-01  5.57594109e-01  4.63405906e-01
5.80563586e-01  4.97743381e-01  4.98825801e-01
4.63020461e-01  5.24893657e-01  4.41516293e-01
4.49938914e-01  4.75240300e-01  5.35192884e-01
4.82967130e-01  5.66180432e-01  4.96550876e-01
5.41190554e-01  5.90193618e-01  5.19102285e-01
4.81875432e-01  5.50460770e-01  5.27486074e-01
5.65178581e-01  5.38115704e-01  5.09380458e-01
5.80877224e-01  4.45762867e-01  4.44085796e-01
5.08461232e-01  5.07336792e-01  5.31666022e-01
4.47880258e-01  5.36285067e-01  4.73996162e-01
4.71974889e-01  7.16754120e-01  8.45573296e-01
5.84889564e-01  5.68154956e-01  4.75921854e-01
4.58504544e-01  5.18477861e-01  5.04476139e-01
4.87199266e-01  5.00359212e-01  4.95134606e-01
4.55646866e-01  4.99103817e-01  4.93176154e-01
4.40645534e-01  5.11584004e-01  4.58411472e-01
5.06043807e-01  4.87572483e-01  5.74698358e-01
5.85139113e-01  4.65999498e-01  5.64091619e-01
4.91871416e-01  4.78982315e-01  5.38664060e-01
5.71806795e-01  5.00600305e-01  4.80481644e-01
4.76457822e-01  5.24722225e-01  5.37539130e-01
4.45906119e-01  5.78745480e-01  4.93083456e-01
4.67386525e-01  5.28810583e-01  4.88222249e-01
5.20255725e-01  5.42163408e-01  5.10868800e-01
5.22370489e-01  5.67487144e-01  4.48140991e-01
5.18347573e-01  5.31655610e-01  4.64641087e-01
5.84720937e-01  4.83564094e-01  4.37101755e-01
5.61728725e-01  5.60287167e-01  5.43972663e-01
5.63095246e-01  4.65974017e-01  5.13893161e-01
5.18616698e-01  5.66777099e-01  4.59966421e-01
4.81600689e-01  5.40524198e-01  5.30709666e-01
5.74293615e-01  4.45653945e-01  4.31988641e-01
4.63211912e-01  4.48197767e-01  4.37605127e-01
4.44706200e-01  5.45254051e-01  4.69687418e-01
5.20816465e-01  5.84104062e-01  4.43156291e-01
4.53637355e-01  5.76729136e-01  5.33128244e-01
4.43636314e-01  4.72874150e-01  4.88545387e-01
5.79008585e-01  5.25078524e-01  4.53626971e-01
4.61478764e-01  4.88557093e-01  5.15500699e-01
5.00438662e-01  4.66551484e-01  5.24945010e-01
5.35543828e-01  5.17908777e-01  4.56596839e-01
5.79601075e-01  4.69522239e-01  5.53939842e-01
4.43342269e-01  4.65752743e-01  4.74650828e-01
5.05019905e-01  5.50345685e-01  5.59924178e-01
5.76342210e-01  5.78855380e-01  5.27022383e-01
4.82641845e-01  5.79103837e-01  5.36246270e-01
5.43881271e-01  4.71943132e-01  4.83507469e-01
5.12853480e-01  5.06598913e-01  4.88071677e-01
4.39742736e-01  5.84681640e-01  4.85330263e-01
5.10750722e-01  4.77923902e-01  5.27359560e-01
5.31995281e-01  4.63152828e-01  4.47035485e-01
5.11535062e-01  5.04863276e-01  4.68356231e-01
5.03011989e-01  5.56897364e-01  4.55144894e-01
5.67994254e-01  4.91173147e-01  5.37973517e-01
5.25745073e-01  5.81217662e-01  4.54811619e-01
7.85937846e-01  4.75707525e-01  2.57202221e-01
4.93917361e-01  5.05489387e-01  5.56378340e-01
5.05928214e-01  4.95870647e-01  4.44664543e-01
4.43682916e-01  4.78403010e-01  4.59778063e-01
4.36333181e-01  5.26517187e-01  5.23115227e-01
5.74851880e-01  4.86779687e-01  4.71767891e-01
2.52963134e-01  9.97810094e-01  7.85549457e-01
5.73555738e-01  5.36379557e-01  4.33063525e-01
4.95233763e-01  4.60055427e-01  4.98384812e-01
5.74740885e-01  5.74065404e-01  5.23740978e-01
5.57464300e-01  4.72234571e-01  5.72091089e-01
5.75514895e-01  4.61096520e-01  9.68861495e-01
5.76044911e-01  5.58396199e-01  5.44034581e-01
5.72460455e-01  5.62383683e-01  5.32129930e-01
5.17331201e-01  4.95337966e-01  4.59712956e-01
2.85174420e-01  2.60623548e-01  7.61541373e-01
4.44828849e-01  4.70160825e-01  4.41484306e-01
4.81818734e-01  5.14986871e-01  4.78107433e-01
4.36198350e-01  4.68673234e-01  4.83046194e-01
4.91333323e-01  5.00691223e-01  5.26316606e-01
4.59883074e-01  5.12290714e-01  5.23169143e-01
4.52250340e-01  5.80523569e-01  4.32697826e-01
5.17436928e-01  4.61715295e-01  4.48628443e-01
4.88256670e-01  5.55306059e-01  4.41572022e-01
5.49611223e-01  4.78867937e-01  5.15307492e-01
4.82341527e-01  5.11062562e-01  4.43367784e-01
5.16394707e-01  5.06632067e-01  5.63409842e-01
4.43054388e-01  5.00231767e-01  4.95111155e-01
5.32367061e-01  5.67662443e-01  4.45799962e-01
4.68910636e-01  7.61248708e-01  6.30626985e-01
5.17650757e-01  4.75878615e-01  5.22037733e-01
4.92045417e-01  5.53600029e-01  5.32109428e-01
5.47300594e-01  5.05766879e-01  4.40151538e-01
4.44934373e-01  5.17223350e-01  5.06330585e-01
5.60266592e-01  5.05453156e-01  4.70450991e-01
5.69408664e-01  5.67762164e-01  5.11866241e-01
5.15361737e-01  5.80145232e-01  5.20219608e-01
5.81339527e-01  5.83741203e-01  4.88729818e-01
4.61205513e-01  4.67970666e-01  5.73056776e-01
4.75643637e-01  5.54003241e-01  4.36174183e-01
4.45794534e-01  4.60035897e-01  4.79555992e-01
4.44133247e-01  5.70686307e-01  4.97649080e-01
5.33046601e-01  4.81943739e-01  5.59274522e-01
5.81589347e-01  4.42949081e-01  5.35866589e-01
4.89735672e-01  5.49863716e-01  4.45527625e-01
4.89831968e-01  5.36322884e-01  5.48441276e-01
5.28635460e-01  5.44923961e-01  4.93102683e-01
8.15992007e-01  3.78084732e-01  4.09926362e-01
4.37156457e-01  5.74339637e-01  5.33560119e-01
4.91310653e-01  4.75788675e-01  5.64041863e-01
4.85735979e-01  5.00858084e-01  4.74160538e-01
5.73165800e-01  5.81422005e-01  4.58338073e-01
7.91322538e-01  6.19837654e-01  6.90966097e-01
5.84267110e-01  5.47509389e-01  5.35027189e-01
4.94137506e-01  4.90203617e-01  9.35601988e-01
5.53520334e-01  5.49580988e-01  5.04769782e-01
4.66006481e-01  5.68064029e-01  5.20873462e-01
5.70473122e-01  5.09577061e-01  5.13172374e-01
4.75919960e-01  5.49111717e-01  5.19677914e-01
5.05367202e-01  5.63359895e-01  5.74847642e-01
5.61491503e-01  5.12581462e-01  5.43322336e-01
5.78985074e-01  5.03153270e-01  5.13623239e-01
7.13330688e-01  2.85556591e-01  2.60370752e-01
4.52140318e-01  5.83413561e-01  4.94946967e-01
5.18409546e-01  5.85286632e-01  4.49300032e-01
5.68117728e-01  5.65110890e-01  4.89117950e-01
5.79957645e-01  4.96172982e-01  5.39566600e-01
8.71517658e-01  5.08352449e-01  6.33876331e-01
5.53440722e-01  5.54156047e-01  4.33728653e-01
5.43850513e-01  4.89722741e-01  5.13928317e-01
5.64271527e-01  4.66837443e-01  4.71544860e-01
4.88160311e-01  5.27428209e-01  5.57302822e-01
5.52150081e-01  5.23172642e-01  5.32421594e-01
4.43531019e-01  5.76190166e-01  5.25695064e-01
4.62956391e-01  5.66190734e-01  5.69193764e-01
5.62511550e-01  5.82360973e-01  4.50731994e-01
5.63773759e-01  5.21520846e-01  5.23687160e-01
4.37078834e-01  5.27433612e-01  5.51257038e-01
5.75453002e-01  5.79001393e-01  5.80171757e-01
4.98279897e-01  5.23743012e-01  4.61389561e-01
4.61987013e-01  5.26499911e-01  4.50302787e-01
4.51069725e-01  5.74864868e-01  5.15578847e-01
5.46900726e-01  4.67880826e-01  5.08839404e-01
5.46100309e-01  5.36630600e-01  4.88277325e-01
5.52020721e-01  5.30823927e-01  5.54635058e-01
4.45993586e-01  5.27624165e-01  4.39578709e-01
4.43772992e-01  4.72122342e-01  4.43506610e-01
5.03152665e-01  5.39093716e-01  4.90463923e-01
5.56651080e-01  4.56543408e-01  4.79794933e-01
5.06594015e-01  4.72020493e-01  5.65742802e-01
4.77030908e-01  5.83544984e-01  5.54525352e-01
4.38637874e-01  5.89517093e-01  5.51042891e-01
5.04337968e-01  5.84131816e-01  5.64720222e-01
5.80210417e-01  5.36143821e-01  4.52359638e-01
5.32182525e-01  4.60328922e-01  4.58346547e-01
5.00437076e-01  4.73117908e-01  5.27681995e-01
5.36686674e-01  5.59556425e-01  5.75311501e-01
4.38135603e-01  5.41007551e-01  5.75628184e-01
4.90902070e-01  5.47159760e-01  5.16895135e-01
5.75527758e-01  4.81731505e-01  4.50576938e-01
4.98361397e-01  5.32877870e-01  4.86682822e-01
3.76836009e-01  3.78433133e-01  7.56380002e-01
4.78680996e-01  4.47746891e-01  5.39379916e-01
3.35490836e-01  5.38858681e-01  4.04503617e-01
4.84186667e-01  4.69439660e-01  5.10377053e-01
5.62428745e-01  5.35571136e-01  5.32493954e-01
5.78458971e-01  4.49509416e-01  5.75675793e-01
4.40220272e-01  4.63564614e-01  4.36300349e-01
5.73221580e-01  4.88478585e-01  5.10333333e-01
5.04739207e-01  4.64239064e-01  4.96662819e-01
5.41020592e-01  5.81670725e-01  5.00120654e-01
5.25510201e-01  5.75449539e-01  5.29677782e-01
5.71613629e-01  4.96076344e-01  4.51753945e-01
4.99646517e-01  4.68231688e-01  4.41316530e-01
5.63878157e-01  5.83509432e-01  5.34527892e-01
4.50157889e-01  5.02291679e-01  4.50981580e-01
5.35281184e-01  5.70878741e-01  4.59347659e-01
5.04960004e-01  5.40927026e-01  5.48170773e-01
5.72736485e-01  4.51395495e-01  4.68878260e-01
5.30621773e-01  5.75686248e-01  5.28931571e-01
5.64037126e-01  4.75192042e-01  4.94148155e-01
5.85252762e-01  5.26662821e-01  5.69048352e-01
5.32275449e-01  5.25819356e-01  5.15414460e-01
4.94609941e-01  5.06479373e-01  4.32640977e-01
4.61384436e-01  4.77199879e-01  5.56531564e-01
5.69364422e-01  4.55516283e-01  5.53943488e-01
5.42739295e-01  5.00385589e-01  4.84221340e-01
5.74821778e-01  4.93601526e-01  4.33619783e-01
5.49480522e-01  4.67769886e-01  5.54362752e-01
4.47929810e-01  4.91338242e-01  4.71397843e-01
4.41225483e-01  5.44937930e-01  4.45177771e-01
4.90101572e-01  5.12169888e-01  5.25393184e-01
5.38719582e-01  4.98756858e-01  5.11552574e-01
5.56488720e-01  5.05695369e-01  4.42582368e-01
4.45016598e-01  5.55695075e-01  4.36001567e-01
4.91865623e-01  4.59795252e-01  5.02929672e-01
5.54722404e-01  5.89704778e-01  5.48959152e-01
4.76264572e-01  5.12711631e-01  5.42773422e-01
4.37403873e-01  5.37361338e-01  4.72272426e-01
4.80701711e-01  5.38915475e-01  4.88484922e-01
4.63695211e-01  4.99350923e-01  5.30209653e-01
4.89277473e-01  5.74926376e-01  4.72738179e-01
4.39988839e-01  5.67943133e-01  5.72585272e-01
4.83183353e-01  5.34541146e-01  5.17296509e-01
5.75891319e-01  5.15117151e-01  5.43343487e-01
5.24432033e-01  5.24282313e-01  5.55914837e-01
4.72665252e-01  4.67760737e-01  5.18684947e-01
5.14856211e-01  4.73180728e-01  5.60246166e-01
4.98015557e-01  4.75352914e-01  5.74131769e-01
5.32338120e-01  5.08770670e-01  5.00007764e-01
4.71810525e-01  5.80821561e-01  5.42676937e-01
4.78129361e-01  4.42222348e-01  5.10360431e-01
5.41683018e-01  5.69489474e-01  4.43925947e-01
5.43905250e-01  5.57012346e-01  4.54371999e-01
5.56527735e-01  5.65128179e-01  5.11719422e-01
4.51776385e-01  5.22456254e-01  5.26552162e-01
5.30218810e-01  5.54824191e-01  5.36906541e-01
5.25048760e-01  5.76590816e-01  5.61337121e-01
5.81043742e-01  4.83431857e-01  4.89786036e-01
4.42323595e-01  5.39627247e-01  4.33789856e-01
5.57872901e-01  5.25641120e-01  5.52031748e-01
5.56700816e-01  5.02779604e-01  5.60521084e-01
4.70017872e-01  4.56631742e-01  5.00368121e-01
4.46795068e-01  5.42635154e-01  4.81514416e-01
4.55086914e-01  4.67445277e-01  4.56418077e-01
5.25108962e-01  4.84852947e-01  5.31829829e-01
5.33305134e-01  5.47186890e-01  5.67839748e-01
4.37134479e-01  5.13701196e-01  5.39541145e-01
5.02529600e-01  5.69049036e-01  4.90053010e-01
4.77696255e-01  5.65853455e-01  5.78683154e-01
5.30760715e-01  4.57321458e-01  4.89398366e-01
5.30761167e-01  4.86330981e-01  5.78835473e-01
5.47099843e-01  5.85122351e-01  5.61271447e-01
4.66031947e-01  5.73581377e-01  5.03912932e-01
5.80431227e-01  4.89912315e-01  4.51933411e-01
4.63557611e-01  4.45607222e-01  5.01964320e-01
4.62565564e-01  5.66195952e-01  4.86908919e-01
4.41125372e-01  5.22813367e-01  4.84022970e-01
5.28776806e-01  4.85728968e-01  4.83285256e-01
5.16308644e-01  5.53167976e-01  4.53516624e-01
5.76146175e-01  5.36642133e-01  5.07725086e-01
5.28699741e-01  5.13480747e-01  4.45874592e-01
4.44857584e-01  5.80218826e-01  4.45977647e-01
5.71144298e-01  5.08943671e-01  4.85835830e-01
5.00269367e-01  4.45082306e-01  4.47846709e-01
4.60569303e-01  4.95605033e-01  5.37875010e-01
5.42262617e-01  4.90216941e-01  4.88469298e-01
5.46290463e-01  4.56167000e-01  4.36441662e-01
5.62469610e-01  4.45486455e-01  4.96506227e-01
5.59382398e-01  5.21261441e-01  4.74343499e-01
5.16808963e-01  4.86559699e-01  4.90198440e-01
5.02404408e-01  4.92967160e-01  4.70524293e-01
5.85643999e-01  5.28246020e-01  5.25422628e-01
4.91027842e-01  5.57706081e-01  4.32206226e-01
4.41411453e-01  4.87474610e-01  4.42283295e-01
5.66032160e-01  5.18816593e-01  4.39240392e-01
5.22926941e-01  4.80947924e-01  5.78932611e-01
5.56766375e-01  4.89239902e-01  5.62752646e-01
5.52600459e-01  4.87584361e-01  4.96862860e-01
5.09589329e-01  4.70272824e-01  4.60433505e-01
5.14565664e-01  5.17695518e-01  5.14338995e-01
4.38292488e-01  4.64434236e-01  4.82502463e-01
5.24527911e-01  4.76146286e-01  4.84974570e-01
4.75528678e-01  9.74361949e-01  3.94869021e-01
5.57309411e-01  4.71662099e-01  5.69453669e-01
5.69887108e-01  4.88505584e-01  4.80959658e-01
5.32850663e-01  5.04398178e-01  4.57536617e-01
4.80498490e-01  4.66359070e-01  5.03422736e-01
4.64483301e-01  5.43241083e-01  4.91929841e-01
5.32176821e-01  5.66756562e-01  4.42011175e-01
4.71621343e-01  5.25944162e-01  4.63428058e-01
4.82714722e-01  4.91210951e-01  5.54476407e-01
5.85657690e-01  5.15876389e-01  4.58455603e-01
5.51444620e-01  5.80410396e-01  4.79839925e-01
4.94673721e-01  5.34937061e-01  5.56718661e-01
5.47239934e-01  4.97946302e-01  5.20145508e-01
4.74370049e-01  4.47062386e-01  5.47147968e-01
5.28848655e-01  5.51229801e-01  5.37234801e-01
4.94669284e-01  5.82386116e-01  4.42144335e-01
4.58855716e-01  4.76111584e-01  4.77058869e-01
4.82475688e-01  5.30310355e-01  5.49065631e-01
4.90065267e-01  5.11411615e-01  5.00542272e-01
4.42088009e-01  5.41013402e-01  4.71975220e-01
6.23885029e-01  5.25929882e-01  7.57993248e-01
5.73099734e-01  5.48449568e-01  4.53334253e-01
5.83933378e-01  4.63369776e-01  4.48853623e-01
4.39023660e-01  4.42514016e-01  5.59353617e-01
4.86833558e-01  4.79371058e-01  5.75214572e-01
4.90493721e-01  4.81126538e-01  5.61549693e-01
5.48173506e-01  5.12529614e-01  5.67972658e-01
5.05994533e-01  4.56795449e-01  4.78866105e-01
5.40775802e-01  5.42009146e-01  5.64033744e-01
4.45354542e-01  5.38763251e-01  5.53574311e-01
9.12959340e-01  8.90475812e-01  2.50932081e-01
9.31493782e-01  9.58926687e-01  7.56906581e-01
4.86915248e-01  5.06420282e-01  4.60210108e-01
4.65594812e-01  5.88162634e-01  4.38199721e-01
6.34858536e-01  3.29077072e-01  2.99324653e-01
4.50010522e-01  4.82405208e-01  4.65906023e-01
4.47290949e-01  4.48029534e-01  5.72866877e-01
5.72934302e-01  4.97036045e-01  4.84757444e-01
5.36244425e-01  5.43759328e-01  5.46836377e-01
4.51491206e-01  5.47868734e-01  5.75107648e-01
4.65342977e-01  4.85111683e-01  4.43487058e-01
4.96580272e-01  5.51525431e-01  5.18898646e-01
4.55503629e-01  5.23885307e-01  4.96714370e-01
5.80105263e-01  5.17849591e-01  5.20156025e-01
5.35825461e-01  4.57339013e-01  5.24906804e-01
5.74727262e-01  4.87015645e-01  4.56086209e-01
4.47358955e-01  4.63801036e-01  5.38130716e-01
4.67914008e-01  5.30108709e-01  4.80157493e-01
4.63446708e-01  5.37436436e-01  4.76339840e-01
5.24878161e-01  5.11446487e-01  4.91551258e-01
4.51990228e-01  4.94137689e-01  4.55889800e-01
4.38828933e-01  4.74956258e-01  5.43312070e-01
5.00292178e-01  5.28018790e-01  4.50878011e-01
8.59472292e-01  8.19829702e-01  3.46821680e-01
4.57635319e-01  4.82530489e-01  4.72238966e-01
6.60694668e-01  6.97179286e-01  4.54523611e-01
5.42958580e-01  4.84495839e-01  4.90254133e-01
4.85498217e-01  4.89074657e-01  5.46556465e-01
4.89861126e-01  4.89660274e-01  4.89831941e-01
4.44231012e-01  4.98462925e-01  4.76640561e-01
5.66278083e-01  5.25276116e-01  4.31777504e-01
4.40650175e-01  5.38096301e-01  5.14445476e-01
4.95815653e-01  5.75280835e-01  5.00548429e-01
5.73799355e-01  4.61609264e-01  5.10349205e-01
4.74907776e-01  5.91632710e-01  4.99841732e-01
5.82134105e-01  5.12577562e-01  5.28558571e-01
5.78139477e-01  4.68035012e-01  5.18721362e-01
4.49383018e-01  5.83666421e-01  5.54940206e-01
5.29493161e-01  5.41635546e-01  4.97331646e-01
5.08627541e-01  5.62501320e-01  5.05610045e-01
4.46941485e-01  5.90553786e-01  4.62685268e-01
5.29682272e-01  5.88684826e-01  4.44625741e-01
4.42335186e-01  5.22762754e-01  4.57827794e-01
5.09419606e-01  5.18728942e-01  4.76460359e-01
5.08550244e-01  5.39109946e-01  5.69821688e-01
5.26646156e-01  5.67107445e-01  5.03264068e-01
4.56055460e-01  5.37820832e-01  4.77850658e-01
5.64529891e-01  5.90234969e-01  5.07470302e-01
4.64259377e-01  5.29034367e-01  4.42270478e-01
4.65375856e-01  5.16193217e-01  4.94144545e-01
5.16898375e-01  4.86263853e-01  5.54787518e-01
5.82281302e-01  4.55552969e-01  5.53673060e-01
4.79623963e-01  5.92790836e-01  4.87836781e-01
5.49195807e-01  5.89660236e-01  5.25280559e-01
2.65565992e-01  8.30637249e-01  9.21913326e-01
5.33216638e-01  4.84434537e-01  4.40247884e-01
5.34941120e-01  5.43132801e-01  5.12914619e-01
5.43639461e-01  5.37115480e-01  4.69057310e-01
5.71077755e-01  5.20648224e-01  4.98220329e-01
3.17846942e-01  9.06443902e-01  4.17310546e-01
5.17892398e-01  5.16344858e-01  4.70256015e-01
5.37671541e-01  4.65128605e-01  5.04027341e-01
4.99131002e-01  4.66418907e-01  5.05511994e-01
5.43428915e-01  4.72477256e-01  5.26524732e-01
4.58599108e-01  4.43446143e-01  4.37571021e-01
5.73021759e-01  5.06977231e-01  5.49273155e-01
4.66108440e-01  5.87778596e-01  4.38896653e-01
4.55277258e-01  5.01895420e-01  4.78022007e-01
4.44265775e-01  5.60295070e-01  4.32595361e-01
4.45293983e-01  5.71124543e-01  4.45654655e-01
5.69883594e-01  4.69622156e-01  5.26732522e-01
6.34149046e-01  7.92759787e-01  6.52138996e-01
4.62026391e-01  5.34141906e-01  4.86542864e-01
5.04375210e-01  5.01319835e-01  5.16423215e-01
4.71381588e-01  4.81659492e-01  5.43930911e-01
4.78728277e-01  5.37532657e-01  5.43038707e-01
5.48398185e-01  4.41595299e-01  4.50795160e-01
5.20660123e-01  4.48631171e-01  4.52356877e-01
4.56463219e-01  4.87422933e-01  5.79641575e-01
5.36552974e-01  5.70462616e-01  4.98147444e-01
5.09584790e-01  5.35531363e-01  4.54979805e-01
4.60620068e-01  5.88593762e-01  4.71929735e-01
4.52699108e-01  4.67244017e-01  4.99024142e-01
4.76994617e-01  4.87917865e-01  4.51456331e-01
5.31708106e-01  5.05233279e-01  4.60130315e-01
5.77976728e-01  5.59667828e-01  5.33534133e-01
5.51976376e-01  4.84392008e-01  5.02649937e-01
4.73579269e-01  4.85664566e-01  4.49945374e-01
4.46526702e-01  5.63623172e-01  5.32242570e-01
4.92108924e-01  4.96833617e-01  5.42558364e-01
4.89983725e-01  5.05601422e-01  5.17661977e-01
5.36851690e-01  5.57249246e-01  5.50444188e-01
5.03721813e-01  5.16674184e-01  5.32329593e-01
4.51222866e-01  5.19576831e-01  4.85616928e-01
5.30007613e-01  5.91340312e-01  5.59935410e-01
5.08478772e-01  5.22042349e-01  4.87013342e-01
5.14263496e-01  5.17015868e-01  4.37246255e-01
3.56630262e-01  7.76005568e-01  4.58459126e-01
4.42220494e-01  5.06556229e-01  5.65640915e-01
5.40271845e-01  5.84827878e-01  5.32027024e-01
5.32545735e-01  5.40333726e-01  5.38203742e-01
4.53136427e-01  4.85819368e-01  4.95626794e-01
5.18322430e-01  5.62696693e-01  4.69981272e-01
5.14356905e-01  4.54326228e-01  4.48593077e-01
5.79377741e-01  5.37933316e-01  4.32466772e-01
4.58511709e-01  5.04424777e-01  4.90923804e-01
4.45916879e-01  5.88861099e-01  5.31269305e-01
5.49334995e-01  5.22868000e-01  5.75223748e-01
4.42961904e-01  5.24678009e-01  4.34262324e-01
4.73539199e-01  4.69077299e-01  5.41477278e-01
5.04935944e-01  4.95968468e-01  4.70856268e-01
5.58736118e-01  5.66261059e-01  5.64461827e-01
5.29927448e-01  4.62902973e-01  5.66819412e-01
5.69264723e-01  5.69384750e-01  5.58890172e-01
5.78522821e-01  5.64125280e-01  4.90989595e-01
4.74138833e-01  4.46191416e-01  5.07966475e-01
5.77823056e-01  4.41344730e-01  5.05185880e-01
5.68386127e-01  4.49417516e-01  4.68052720e-01
5.42022383e-01  5.14411575e-01  4.58447992e-01
5.00774140e-01  5.14254758e-01  4.85428354e-01
4.67588053e-01  5.74079257e-01  5.27595862e-01
5.14616816e-01  5.25983368e-01  4.80615271e-01
6.56913298e-01  6.19055473e-01  5.39402128e-01
5.65706362e-01  5.03410924e-01  4.36111107e-01
5.65917240e-01  5.44053432e-01  4.73080091e-01
5.07533403e-01  5.60827051e-01  4.75357979e-01
5.48057215e-01  5.15634810e-01  5.18547437e-01
4.98849484e-01  5.80701508e-01  5.40717757e-01
4.65184194e-01  4.67188873e-01  4.40379264e-01
