4.23797918e-01  6.15002577e-01  5.87341615e-01
4.17441814e-01  3.82895780e-01  6.55345106e-01
4.85898406e-01  4.66614727e-01  4.24143040e-01
3.82300151e-01  2.90268879e-01  5.97962018e-01
9.75816394e-01  2.85411507e-01  4.87361970e-01
2.71234568e-01  8.16932314e-01  3.27563928e-01
6.30461554e-01  4.34749592e-01  3.17961779e-01
9.65816497e-01  2.60490396e-01  9.33999448e-01
6.14072870e-01  3.59337403e-01  8.93275458e-01
3.50226123e-01  8.21458533e-01  4.75247846e-01
2.79340665e-01  5.58811204e-01  7.11104926e-01
4.06249011e-01  8.47457829e-01  3.39109933e-01
5.58420541e-01  3.59337158e-01  5.96890714e-01
5.06560265e-01  3.97178223e-01  6.54181284e-01
2.67669125e-01  9.95775210e-01  3.93394711e-01
5.30336484e-01  9.37526626e-01  3.69861400e-01
4.45044833e-01  3.83789158e-01  5.02597185e-01
7.79004143e-01  9.97137146e-01  8.34020136e-01
3.45953993e-01  6.78073995e-01  3.14971451e-01
3.22205489e-01  9.39575760e-01  3.24777218e-01
4.27020090e-01  4.93699247e-01  5.55499985e-01
3.62695563e-01  6.18118168e-01  3.39797853e-01
6.47336269e-01  2.76071474e-01  5.93617406e-01
4.83399795e-01  4.42100118e-01  3.98799253e-01
4.39856651e-01  2.73740076e-01  5.69241233e-01
6.59741453e-01  8.32308079e-01  3.66320435e-01
2.61456061e-01  3.07156300e-01  7.12556569e-01
4.13277772e-01  5.43933564e-01  6.28692470e-01
5.50227103e-01  9.71413375e-01  7.99918707e-01
3.19363823e-01  7.32857695e-01  8.22405999e-01
7.13285792e-01  4.63627956e-01  2.85486388e-01
6.16953832e-01  9.21784874e-01  9.55882587e-01
4.74343136e-01  9.47179182e-01  4.56105857e-01
2.88291751e-01  8.13449288e-01  7.13658701e-01
5.54153048e-01  8.05691512e-01  6.13935816e-01
8.67999080e-01  4.07846103e-01  3.88347458e-01
5.09834590e-01  2.53902524e-01  4.98584408e-01
3.84301891e-01  3.83536874e-01  9.01118704e-01
4.53555780e-01  3.30795749e-01  3.48315998e-01
6.10094848e-01  2.68661502e-01  4.98855957e-01
4.19667285e-01  5.61984633e-01  5.50230063e-01
9.44371832e-01  7.50333738e-01  2.66217235e-01
4.98260879e-01  4.99315749e-01  4.86985257e-01
3.56465986e-01  8.43252664e-01  4.06070414e-01
6.12361192e-01  5.91720958e-01  3.72553805e-01
5.19861724e-01  6.51765298e-01  5.28462548e-01
6.62228876e-01  6.33935412e-01  3.38155080e-01
2.74960836e-01  4.11669469e-01  6.40410374e-01
2.65444466e-01  3.41610517e-01  3.86091191e-01
5.06495121e-01  2.65762139e-01  6.31089965e-01
8.12943955e-01  3.03266573e-01  6.84013539e-01
9.97807715e-01  5.24025705e-01  4.12023514e-01
3.11103211e-01  9.54396222e-01  8.39247379e-01
6.43257387e-01  4.52790357e-01  5.46686473e-01
4.28639985e-01  4.54680999e-01  6.90037102e-01
3.48207386e-01  5.28847135e-01  3.11395906e-01
3.99987799e-01  4.65499441e-01  8.92647108e-01
9.93122116e-01  2.63843095e-01  2.64866460e-01
8.83230354e-01  3.12275534e-01  3.59006198e-01
3.10788671e-01  7.04140340e-01  9.84055385e-01
7.10147349e-01  8.19358029e-01  2.95849445e-01
3.43015755e-01  4.48827562e-01  4.24751080e-01
5.63024024e-01  8.24052926e-01  3.45493994e-01
9.76665415e-01  4.84154783e-01  3.58150838e-01
6.99175215e-01  5.64104212e-01  3.50674435e-01
4.96878995e-01  4.24816517e-01  3.23449473e-01
3.40297413e-01  5.56332211e-01  9.19454682e-01
3.26518104e-01  6.04055060e-01  6.29139249e-01
4.90069377e-01  3.28214888e-01  3.88290843e-01
5.72089168e-01  3.58033158e-01  6.71026235e-01
4.65987750e-01  3.60162950e-01  4.56141813e-01
3.16383409e-01  9.92296559e-01  2.63947123e-01
4.90331052e-01  2.67129215e-01  7.22195156e-01
3.49314366e-01  4.67275901e-01  3.83557801e-01
2.96419094e-01  8.72864586e-01  7.08660391e-01
6.44137174e-01  2.61811079e-01  4.66644587e-01
3.41867885e-01  3.15382364e-01  5.38432364e-01
5.19033322e-01  4.27816556e-01  6.44522125e-01
3.11843104e-01  9.84325073e-01  2.62427844e-01
6.04800763e-01  9.04426756e-01  2.87136795e-01
2.86090307e-01  7.80668689e-01  7.65969294e-01
3.02140572e-01  5.19420953e-01  5.42237389e-01
3.36428408e-01  4.43164226e-01  5.90195740e-01
9.23329354e-01  5.29136095e-01  3.59939369e-01
2.89997048e-01  3.37517691e-01  4.72645991e-01
4.60601022e-01  3.41007766e-01  3.62396760e-01
4.75233252e-01  9.38211270e-01  4.71075990e-01
5.46507083e-01  4.84452249e-01  5.47490265e-01
3.46798781e-01  9.76860809e-01  5.07387820e-01
3.53429696e-01  7.72789929e-01  9.84832916e-01
4.93913414e-01  4.53766426e-01  5.11870093e-01
8.59941711e-01  9.70611955e-01  8.71844342e-01
5.75139108e-01  5.98062887e-01  5.73857123e-01
8.44775247e-01  9.25429894e-01  5.32769066e-01
9.57789274e-01  2.50512291e-01  5.16514501e-01
9.42417652e-01  9.97772213e-01  3.26614304e-01
7.98527653e-01  6.64654621e-01  6.70742971e-01
7.10577689e-01  4.45982334e-01  3.80819671e-01
2.54962695e-01  9.79089126e-01  5.61768894e-01
9.88766139e-01  6.01975756e-01  3.34700182e-01
6.84543068e-01  3.32963327e-01  2.76573519e-01
2.98876392e-01  5.61596095e-01  7.28967455e-01
8.63777034e-01  9.26303590e-01  3.09708222e-01
6.91707533e-01  4.50171732e-01  3.12774441e-01
5.45991286e-01  4.26403282e-01  3.67253780e-01
4.98721367e-01  5.66400389e-01  6.54724977e-01
8.67195861e-01  4.45007278e-01  3.36678453e-01
4.42987735e-01  9.54747366e-01  2.63371649e-01
3.71294913e-01  6.29950483e-01  2.96967383e-01
6.53783711e-01  9.88436166e-01  3.67083258e-01
5.16570762e-01  9.94853313e-01  4.16262938e-01
8.34830620e-01  9.84829212e-01  3.07152841e-01
3.77113195e-01  4.81366071e-01  3.65790896e-01
9.74225623e-01  3.30886543e-01  7.24758100e-01
7.37868242e-01  8.63604489e-01  3.41224402e-01
8.06447173e-01  6.14514075e-01  8.53988948e-01
7.07143836e-01  5.15241959e-01  6.26150490e-01
2.98477227e-01  7.45413988e-01  3.05130829e-01
2.83683676e-01  6.30769685e-01  4.96348479e-01
6.89693619e-01  4.59040648e-01  3.27249416e-01
2.96724996e-01  7.53477598e-01  8.86339849e-01
2.69215748e-01  2.61002037e-01  6.37611707e-01
6.78473254e-01  7.77283243e-01  2.89139766e-01
4.90492807e-01  9.28994486e-01  2.84337672e-01
3.81887329e-01  5.79313285e-01  4.39336932e-01
6.12532564e-01  3.15008860e-01  3.03247997e-01
5.40396824e-01  3.14233984e-01  6.77362037e-01
5.05481892e-01  6.35764023e-01  3.20059574e-01
6.76157677e-01  9.31913429e-01  6.67450821e-01
4.37978622e-01  4.18402796e-01  2.87086135e-01
3.28260608e-01  2.98816494e-01  7.64543051e-01
3.28200011e-01  6.12744638e-01  9.57278848e-01
6.76655163e-01  4.94471297e-01  8.22454880e-01
9.39413844e-01  3.64500339e-01  5.71556584e-01
3.47234858e-01  7.72670367e-01  3.52825640e-01
5.91225338e-01  4.59610779e-01  6.23411209e-01
2.76736019e-01  2.91154028e-01  9.29183304e-01
2.96171852e-01  7.72583171e-01  3.31323833e-01
6.04455648e-01  3.66551181e-01  6.87564742e-01
2.92039077e-01  9.53621505e-01  9.91186901e-01
7.88217135e-01  3.11685204e-01  9.85942010e-01
6.33815949e-01  2.73964883e-01  3.98374603e-01
8.78078789e-01  3.35320644e-01  9.94176708e-01
3.68163706e-01  9.50876641e-01  3.61300770e-01
5.91697674e-01  3.18483962e-01  7.68984481e-01
8.84085280e-01  6.86716731e-01  2.99349874e-01
3.03687254e-01  6.85113325e-01  9.86849872e-01
9.93163751e-01  5.04058142e-01  3.53072498e-01
8.19973569e-01  3.72840267e-01  3.39170956e-01
2.95807425e-01  6.89718511e-01  4.37447522e-01
2.86860372e-01  2.65143528e-01  6.37313640e-01
9.63523215e-01  7.50527137e-01  4.18678368e-01
9.27080828e-01  2.54967050e-01  4.73307430e-01
6.50231475e-01  7.95759549e-01  2.74107809e-01
7.21981943e-01  7.46063962e-01  3.39650709e-01
6.19798578e-01  2.90817713e-01  3.64992934e-01
3.25632416e-01  9.96007852e-01  9.37594040e-01
3.84757646e-01  7.58606838e-01  4.14454395e-01
7.23471047e-01  2.68665558e-01  4.46519689e-01
6.54248316e-01  3.19684094e-01  3.40766575e-01
8.73590325e-01  9.29818546e-01  6.36839552e-01
3.26625170e-01  7.69617417e-01  3.73808117e-01
3.15616264e-01  5.49399699e-01  9.71134186e-01
4.39335999e-01  3.04895649e-01  8.05146424e-01
4.52311122e-01  8.86450650e-01  3.60110624e-01
2.63368922e-01  4.17530859e-01  9.65316687e-01
8.67485711e-01  8.92657305e-01  2.82354901e-01
4.14373838e-01  4.91538690e-01  6.21135543e-01
2.84464466e-01  4.11539503e-01  3.49235300e-01
8.00325837e-01  9.72473443e-01  3.75470875e-01
4.85806679e-01  3.02341149e-01  9.27423968e-01
5.61413100e-01  3.05319865e-01  3.93314805e-01
7.45677976e-01  2.86445211e-01  9.52530107e-01
2.63200550e-01  7.02652964e-01  8.65942049e-01
3.02560071e-01  9.64450368e-01  5.65418149e-01
4.17246893e-01  4.28428306e-01  7.54429218e-01
7.60995113e-01  8.90238893e-01  3.27237761e-01
2.70476122e-01  8.32653795e-01  2.71250250e-01
3.84403804e-01  4.92159901e-01  3.33118105e-01
6.57485610e-01  6.37589789e-01  4.15446703e-01
9.69474730e-01  5.99281298e-01  2.85807004e-01
3.85343418e-01  9.36736726e-01  2.87675997e-01
6.14974924e-01  2.65810458e-01  3.08140418e-01
4.30370162e-01  3.98200778e-01  5.66011957e-01
5.44068342e-01  3.26112051e-01  8.10094248e-01
3.36386688e-01  3.80913361e-01  3.49166676e-01
9.27655374e-01  3.74066621e-01  5.80054343e-01
9.11202497e-01  5.36207933e-01  3.44596573e-01
3.59165895e-01  8.97833502e-01  4.73196264e-01
9.45434855e-01  7.85918946e-01  7.14260202e-01
6.05030938e-01  2.95676002e-01  6.81207116e-01
3.71382778e-01  6.21766093e-01  2.64993639e-01
3.24027059e-01  9.04762866e-01  4.97461111e-01
3.46790653e-01  9.30909542e-01  9.57437724e-01
3.94632666e-01  4.37854354e-01  8.94940555e-01
9.53901289e-01  2.95765237e-01  3.35597891e-01
4.93418934e-01  2.58387341e-01  6.22307448e-01
2.73753150e-01  7.42837352e-01  6.62594652e-01
7.45555780e-01  9.58143220e-01  3.02578897e-01
2.68460158e-01  6.02715490e-01  9.82459693e-01
9.17389191e-01  7.03016924e-01  3.30804940e-01
3.04343845e-01  3.30401892e-01  8.55995389e-01
5.20168271e-01  2.63585001e-01  4.45026572e-01
2.79498771e-01  9.13178489e-01  6.98597166e-01
4.52913149e-01  9.10850611e-01  2.85983688e-01
2.63466768e-01  6.83036304e-01  8.69123623e-01
7.86505117e-01  2.76840228e-01  4.17278620e-01
2.82686632e-01  5.51966053e-01  6.74490811e-01
4.97896541e-01  4.91428444e-01  4.02503020e-01
3.98194146e-01  7.90044023e-01  4.95049227e-01
5.91259222e-01  2.75653181e-01  8.92542330e-01
5.84721393e-01  4.70807926e-01  4.90127533e-01
5.78218523e-01  2.85616073e-01  4.66471337e-01
6.69105070e-01  2.95776170e-01  3.56521326e-01
3.12301041e-01  9.96288152e-01  8.99021968e-01
7.24917540e-01  2.55707922e-01  9.36528109e-01
3.35725835e-01  8.45799297e-01  9.68119607e-01
3.39245480e-01  3.19551438e-01  9.18064831e-01
5.79176348e-01  2.65907742e-01  7.33020054e-01
2.57193481e-01  3.27631627e-01  4.95136215e-01
4.92545624e-01  3.85041950e-01  9.09479486e-01
6.29739165e-01  2.92462908e-01  9.88938791e-01
6.84367754e-01  2.94497976e-01  6.16727489e-01
4.59806633e-01  4.86624106e-01  9.30018764e-01
7.86128762e-01  7.66096398e-01  3.44205995e-01
3.69848430e-01  3.67637539e-01  5.74557420e-01
6.75705703e-01  8.24135093e-01  2.74853731e-01
8.39900918e-01  8.17387055e-01  8.92008663e-01
2.54631251e-01  7.40900367e-01  3.55441196e-01
6.21161664e-01  5.16620017e-01  4.59680167e-01
4.54477920e-01  9.85075257e-01  5.26652704e-01
2.80664679e-01  7.97082013e-01  2.77661415e-01
2.62564557e-01  9.83499971e-01  8.29249695e-01
7.26572447e-01  2.69876806e-01  5.88468754e-01
2.64042619e-01  6.39064893e-01  8.13330165e-01
9.88409073e-01  2.58901166e-01  9.68951243e-01
5.09385405e-01  3.62064719e-01  5.83657694e-01
2.83183065e-01  3.98884680e-01  6.10067891e-01
4.94848513e-01  5.99771313e-01  3.28016174e-01
4.18594172e-01  7.96662220e-01  3.67793551e-01
5.58183601e-01  7.60769991e-01  4.12336061e-01
5.24124842e-01  3.73629672e-01  6.40840938e-01
9.66153651e-01  2.70925138e-01  9.11898194e-01
4.54394730e-01  3.46356395e-01  9.21099112e-01
2.75026178e-01  3.01409332e-01  6.61334556e-01
5.31556517e-01  9.36501456e-01  3.38297223e-01
6.60546027e-01  9.86383367e-01  2.63313923e-01
4.28223538e-01  3.41360234e-01  9.70236290e-01
3.04914553e-01  5.19933183e-01  4.93773905e-01
6.73661249e-01  2.50125519e-01  6.36821798e-01
