4.99432563e-01  5.01707911e-01  5.00692684e-01
4.99720382e-01  5.01831329e-01  4.99589148e-01
4.99670305e-01  5.01722422e-01  5.00093657e-01
4.99986757e-01  5.01120345e-01  4.99893873e-01
5.00416920e-01  5.01716797e-01  4.99540455e-01
4.99873295e-01  5.01778248e-01  5.00228514e-01
4.99530392e-01  5.02309490e-01  5.00335736e-01
4.99694102e-01  5.01441619e-01  5.00188515e-01
5.00990682e-01  5.02125694e-01  5.00486375e-01
4.99580434e-01  5.01982487e-01  4.99453925e-01
5.00971740e-01  5.02289901e-01  5.00779044e-01
4.99741844e-01  5.02672803e-01  4.99270919e-01
5.00177380e-01  5.01866436e-01  5.00205767e-01
4.99644246e-01  5.01597279e-01  4.99950521e-01
5.00748769e-01  5.02349564e-01  4.99550345e-01
4.99789544e-01  5.02470601e-01  5.00618811e-01
5.00435665e-01  5.01246959e-01  5.00003202e-01
7.64025705e-01  7.48562072e-01  8.89441482e-01
5.00385084e-01  5.02298743e-01  5.00047078e-01
5.00571513e-01  5.01374370e-01  4.99977806e-01
5.00125386e-01  5.02013491e-01  5.00593725e-01
5.00738371e-01  5.02264685e-01  5.00065684e-01
3.98550196e-01  8.30408305e-01  4.85518725e-01
5.00416704e-01  5.01325020e-01  4.99214109e-01
4.99553762e-01  5.01260114e-01  5.00586328e-01
5.00842112e-01  5.01379181e-01  4.99832569e-01
5.01030052e-01  5.02117663e-01  5.00339498e-01
4.99705428e-01  5.01687819e-01  5.00320925e-01
4.99913717e-01  5.01410883e-01  5.00588283e-01
5.00466982e-01  5.01780007e-01  5.00652017e-01
4.99610688e-01  5.02132081e-01  5.00610688e-01
4.99475983e-01  5.01963783e-01  5.00050033e-01
4.99814425e-01  5.02373650e-01  4.99938575e-01
5.00014849e-01  5.02456049e-01  5.00303755e-01
5.00174269e-01  5.01339391e-01  5.00113673e-01
5.00820742e-01  5.01333315e-01  5.00122156e-01
8.53923926e-01  9.96677866e-01  4.38231608e-01
5.00607503e-01  5.01286360e-01  5.00770133e-01
5.00271555e-01  5.01849352e-01  4.99774944e-01
5.00996348e-01  5.02602828e-01  4.99545285e-01
5.00292844e-01  5.02430537e-01  4.99193777e-01
4.99871187e-01  5.01244824e-01  4.99374891e-01
5.00321929e-01  5.01158653e-01  4.99898442e-01
4.99823110e-01  5.02348733e-01  5.00600334e-01
7.25241721e-01  6.69291957e-01  2.50779692e-01
4.99874669e-01  5.02263616e-01  5.00671359e-01
5.00711280e-01  5.01476665e-01  4.99964173e-01
4.99681671e-01  5.01143160e-01  4.99379307e-01
5.00677521e-01  5.01312775e-01  4.99812579e-01
4.99568236e-01  5.01366493e-01  5.00230709e-01
4.99698639e-01  5.01689437e-01  4.99979477e-01
4.99935647e-01  5.01095467e-01  5.00282425e-01
5.00459020e-01  5.01603170e-01  4.99737086e-01
5.00644607e-01  5.01727650e-01  4.99500893e-01
5.01013086e-01  5.02413616e-01  5.00361543e-01
5.00282287e-01  5.01223884e-01  5.00405208e-01
5.00959133e-01  5.01068171e-01  5.00469317e-01
5.00300278e-01  5.01775983e-01  4.99904376e-01
5.00223563e-01  5.01492954e-01  5.00405167e-01
5.00090608e-01  5.02507994e-01  5.00369421e-01
4.99895665e-01  5.01281527e-01  5.00313866e-01
4.99837276e-01  5.01567041e-01  5.00757532e-01
5.00718181e-01  5.02527901e-01  4.99381186e-01
5.00968920e-01  5.01247418e-01  5.00172099e-01
5.00884121e-01  5.01256053e-01  5.00796224e-01
4.99869115e-01  5.02596562e-01  4.99786311e-01
4.99583712e-01  5.02378364e-01  4.99605511e-01
5.00728670e-01  5.02057365e-01  5.00719017e-01
4.99893295e-01  5.01127824e-01  4.99289903e-01
4.99944163e-01  5.01564412e-01  5.00241816e-01
5.00370268e-01  5.01817408e-01  5.00256781e-01
4.99490891e-01  5.02587571e-01  5.00458345e-01
3.16257279e-01  3.53341329e-01  4.95675931e-01
4.99947647e-01  5.02004507e-01  4.99546347e-01
4.99429876e-01  5.02013908e-01  5.00277908e-01
5.00754577e-01  5.01875948e-01  4.99950651e-01
5.00684344e-01  5.01082486e-01  4.99847815e-01
5.00345602e-01  5.02341925e-01  4.99214897e-01
4.99614690e-01  5.01221782e-01  5.00701185e-01
4.99521356e-01  5.01775497e-01  5.00614276e-01
5.00784001e-01  5.02354390e-01  4.99462058e-01
5.00875828e-01  5.01624799e-01  5.00585867e-01
5.00028785e-01  5.02574531e-01  5.00411792e-01
5.00257038e-01  5.01947842e-01  4.99680061e-01
5.00219993e-01  5.01175433e-01  4.99881944e-01
4.99781024e-01  5.01086430e-01  5.00502725e-01
5.00478797e-01  5.01979130e-01  5.00627571e-01
5.00524544e-01  5.01219287e-01  5.00199533e-01
5.00003596e-01  5.02345257e-01  5.00175852e-01
5.00010374e-01  5.01231977e-01  5.00323521e-01
5.00700793e-01  5.02677865e-01  5.00350374e-01
5.00501512e-01  5.01711903e-01  4.99611256e-01
5.00017177e-01  5.01439334e-01  5.00198209e-01
5.00867704e-01  5.01139325e-01  4.99861589e-01
5.00122263e-01  5.02412681e-01  4.99224512e-01
5.00692111e-01  5.02661832e-01  4.99902851e-01
4.99762587e-01  5.01282347e-01  4.99940219e-01
5.00949011e-01  5.02562284e-01  4.99274184e-01
5.00851957e-01  5.01434757e-01  5.00520813e-01
5.00394068e-01  5.02192091e-01  4.99554809e-01
5.00535466e-01  5.02050861e-01  5.00595817e-01
5.00048217e-01  5.02133864e-01  5.00323208e-01
4.99671029e-01  5.01918206e-01  5.00073061e-01
4.89430809e-01  9.81121526e-01  6.00620632e-01
4.99921765e-01  5.01445430e-01  4.99484419e-01
4.99956766e-01  5.01245589e-01  4.99541537e-01
8.28496817e-01  6.92787352e-01  7.19248527e-01
9.65052388e-01  8.28842092e-01  3.89639127e-01
5.00322747e-01  5.01266639e-01  4.99282119e-01
5.30009622e-01  2.52180969e-01  9.82456894e-01
5.01037085e-01  5.01516874e-01  4.99223962e-01
5.00466348e-01  5.01564863e-01  4.99431783e-01
4.99804022e-01  5.01202434e-01  5.00173840e-01
5.00135705e-01  5.01623702e-01  5.00029801e-01
5.00998023e-01  5.01585488e-01  5.00116618e-01
5.00045535e-01  5.01911741e-01  4.99909126e-01
4.99481596e-01  5.01709530e-01  5.00740349e-01
5.00991461e-01  5.01585967e-01  4.99715429e-01
4.99972989e-01  5.01376777e-01  5.00545838e-01
4.99611132e-01  5.01477595e-01  4.99601056e-01
9.38337766e-01  2.80759135e-01  8.19156136e-01
5.00495750e-01  5.01734242e-01  5.00749984e-01
5.00971419e-01  5.01628321e-01  5.00013668e-01
4.99649008e-01  5.01065410e-01  5.00264980e-01
5.00824538e-01  5.01909527e-01  5.00133702e-01
7.09399974e-01  2.63123094e-01  9.62123446e-01
5.00762087e-01  5.02179885e-01  5.00324663e-01
7.19720864e-01  4.32494274e-01  5.71682442e-01
4.99670344e-01  5.02043117e-01  4.99459532e-01
5.00229218e-01  5.02331908e-01  5.00176598e-01
4.71974889e-01  7.16754120e-01  8.45573296e-01
5.00904119e-01  5.02304217e-01  4.99738046e-01
5.01029134e-01  5.01620307e-01  5.00526134e-01
5.00874348e-01  5.02015886e-01  4.99763828e-01
5.00798570e-01  5.01067579e-01  5.00751528e-01
4.99681151e-01  5.02658066e-01  5.00634007e-01
5.00047181e-01  5.01480062e-01  5.00006687e-01
5.00978714e-01  5.01404248e-01  4.99490582e-01
5.00548015e-01  5.02620863e-01  5.00708630e-01
5.00236208e-01  5.01926962e-01  4.99737907e-01
5.00899261e-01  5.02247882e-01  4.99242854e-01
4.99884117e-01  5.01064949e-01  4.99215637e-01
4.99970084e-01  5.01910309e-01  5.00282485e-01
5.00374210e-01  5.01759425e-01  4.99552789e-01
4.99891795e-01  5.01805319e-01  5.00140025e-01
5.00253531e-01  5.02628165e-01  4.99331739e-01
5.00247762e-01  5.02169605e-01  5.00113532e-01
4.99456445e-01  5.01233413e-01  5.00499450e-01
4.99475228e-01  5.01917731e-01  5.00605916e-01
4.99591520e-01  5.01792314e-01  4.99531340e-01
5.00572521e-01  5.01789615e-01  5.00168085e-01
5.00493637e-01  5.01963303e-01  5.00364037e-01
4.99490157e-01  5.01056708e-01  4.99730226e-01
5.00687642e-01  5.01887845e-01  4.99338423e-01
5.01010700e-01  5.02360482e-01  5.00494788e-01
5.00656031e-01  5.01630655e-01  5.00354307e-01
5.00554327e-01  5.01749673e-01  4.99283752e-01
4.99507028e-01  5.01509555e-01  5.00092136e-01
5.00354003e-01  5.01265417e-01  5.00743830e-01
4.99937239e-01  5.02139204e-01  4.99378171e-01
5.00582982e-01  5.01318337e-01  5.00682661e-01
5.00977180e-01  5.01928324e-01  4.99368860e-01
5.00439861e-01  5.01348518e-01  4.99508785e-01
5.00221646e-01  5.02026253e-01  4.99830039e-01
7.85937846e-01  4.75707525e-01  2.57202221e-01
5.00021860e-01  5.02016823e-01  5.00687894e-01
4.99509944e-01  5.02567792e-01  5.00662585e-01
5.00326755e-01  5.01547394e-01  4.99949591e-01
4.99704889e-01  5.02513316e-01  4.99952183e-01
5.00191426e-01  5.01279465e-01  5.00583261e-01
5.00058638e-01  5.01894660e-01  4.99467636e-01
4.99803385e-01  5.01332982e-01  4.99612821e-01
5.00648713e-01  5.02537696e-01  5.00242526e-01
5.00954744e-01  5.01693700e-01  5.00754105e-01
5.75514895e-01  4.61096520e-01  9.68861495e-01
4.99997834e-01  5.02538409e-01  5.00585293e-01
5.00993052e-01  5.01264035e-01  4.99604273e-01
5.00556402e-01  5.01244673e-01  4.99397196e-01
3.99213707e-01  7.44610368e-01  4.29936931e-01
4.99943759e-01  5.02548261e-01  4.99262727e-01
5.00427345e-01  5.01228673e-01  5.00585080e-01
5.00581237e-01  5.02577014e-01  4.99814793e-01
5.00423467e-01  5.02267480e-01  4.99854288e-01
5.00815906e-01  5.01327729e-01  5.00780713e-01
5.00901247e-01  5.01099787e-01  4.99313695e-01
5.00678018e-01  5.01844631e-01  5.00786474e-01
5.00708068e-01  5.01925171e-01  5.00255588e-01
4.99604920e-01  5.02074089e-01  4.99860463e-01
4.99788131e-01  5.02207323e-01  5.00557357e-01
6.41240267e-01  7.32466083e-01  5.39018818e-01
4.99999112e-01  5.01607423e-01  4.99864195e-01
5.00450418e-01  5.01299213e-01  4.99589229e-01
4.99595059e-01  5.01449980e-01  4.99288557e-01
5.00868716e-01  5.01898973e-01  5.00266340e-01
5.00161098e-01  5.02542464e-01  4.99205907e-01
5.00833457e-01  5.02458253e-01  4.99219500e-01
5.00371817e-01  5.02348742e-01  5.00178036e-01
5.81379326e-01  4.42910324e-01  4.52965068e-01
4.68910636e-01  7.61248708e-01  6.30626985e-01
5.00989073e-01  5.02093371e-01  4.99751996e-01
4.99913108e-01  5.02628894e-01  4.99686298e-01
5.00736266e-01  5.01372009e-01  4.99438323e-01
4.99734587e-01  5.01795438e-01  4.99378778e-01
5.00760875e-01  5.02398571e-01  5.00282408e-01
5.00837425e-01  5.01388368e-01  4.99876981e-01
4.99937793e-01  5.01519039e-01  4.99231985e-01
5.01002359e-01  5.02231706e-01  4.99552790e-01
4.99838649e-01  5.01889892e-01  5.00419818e-01
5.00098459e-01  5.01910355e-01  5.00273843e-01
5.00910540e-01  5.02088685e-01  5.00011425e-01
4.99471136e-01  5.01890129e-01  5.00797549e-01
7.55605988e-01  3.00629109e-01  9.32607658e-01
5.00585195e-01  5.01605283e-01  5.00794929e-01
5.00554787e-01  5.02257597e-01  4.99641382e-01
5.00116103e-01  5.02066602e-01  4.99269041e-01
4.18600685e-01  7.68014793e-01  2.93444540e-01
4.99645622e-01  5.01686766e-01  4.99521212e-01
8.15992007e-01  3.78084732e-01  4.09926362e-01
5.00740404e-01  5.01411883e-01  5.00080076e-01
4.99968390e-01  5.01693846e-01  5.00292585e-01
5.00252302e-01  5.02175444e-01  4.99307768e-01
7.91322538e-01  6.19837654e-01  6.90966097e-01
4.94137506e-01  4.90203617e-01  9.35601988e-01
4.99600663e-01  5.01495236e-01  5.00180369e-01
4.99579870e-01  5.02211632e-01  5.00750859e-01
8.11609117e-01  3.89172388e-01  3.84375290e-01
5.00716574e-01  5.01680033e-01  5.00425930e-01
4.99876442e-01  5.01328565e-01  4.99284245e-01
4.99448527e-01  5.01653773e-01  5.00677167e-01
5.00413172e-01  5.01999452e-01  5.00591139e-01
5.00564511e-01  5.01333582e-01  4.99813694e-01
5.00890751e-01  5.02176673e-01  4.99922670e-01
5.00051398e-01  5.01679702e-01  4.99232837e-01
5.00623358e-01  5.01778612e-01  5.00277464e-01
4.99548048e-01  5.01053259e-01  5.00175347e-01
7.00784573e-01  9.79745219e-01  9.95277044e-01
5.00992401e-01  5.01466127e-01  4.99360713e-01
4.99700395e-01  5.01458961e-01  4.99274980e-01
5.01036346e-01  5.02475838e-01  4.99228787e-01
7.13330688e-01  2.85556591e-01  2.60370752e-01
8.20404307e-01  5.12179806e-01  2.51841341e-01
4.99778587e-01  5.01433604e-01  5.00090034e-01
5.00028244e-01  5.02531970e-01  5.00709356e-01
4.99488888e-01  5.01611255e-01  4.99648987e-01
4.99640048e-01  5.01950029e-01  5.00116944e-01
8.71517658e-01  5.08352449e-01  6.33876331e-01
5.00652272e-01  5.01169533e-01  4.99375947e-01
5.00324134e-01  5.01433504e-01  4.99376882e-01
5.00445657e-01  5.02166331e-01  4.99535971e-01
4.99536914e-01  5.02452174e-01  5.00451178e-01
4.99444657e-01  5.02117894e-01  4.99586495e-01
4.99874934e-01  5.01879747e-01  4.99793073e-01
5.00458811e-01  5.01221257e-01  5.00217467e-01
5.00216450e-01  5.01973059e-01  5.00502943e-01
5.00114340e-01  5.02506139e-01  4.99974486e-01
5.00109614e-01  5.01308418e-01  5.00799971e-01
5.00811892e-01  5.02339884e-01  5.00469535e-01
4.99881332e-01  5.01178014e-01  4.99423567e-01
5.00536282e-01  5.01398669e-01  5.00223847e-01
5.00274271e-01  5.02418909e-01  5.00520865e-01
4.99849168e-01  5.01305103e-01  5.00578885e-01
5.00876667e-01  5.02051069e-01  5.00348170e-01
4.99554597e-01  5.02245271e-01  5.00628746e-01
4.99433409e-01  5.01438334e-01  5.00589354e-01
4.99907599e-01  5.01854201e-01  5.00396128e-01
4.99929673e-01  5.01862375e-01  5.00134573e-01
5.00238044e-01  5.02376977e-01  5.00546841e-01
5.00955118e-01  5.01665978e-01  4.99355964e-01
5.00031060e-01  5.01723289e-01  4.99808687e-01
4.99454639e-01  5.01861230e-01  5.00173387e-01
5.00880382e-01  5.02054445e-01  5.00371353e-01
5.00361934e-01  5.01287169e-01  4.99438100e-01
5.00161775e-01  5.02370900e-01  4.99720306e-01
4.99456333e-01  5.01125173e-01  5.00761422e-01
5.00442642e-01  5.02381089e-01  5.00257795e-01
5.01031159e-01  5.02595384e-01  4.99310296e-01
5.00314349e-01  5.01604286e-01  4.99537911e-01
4.99606548e-01  5.01482630e-01  4.99317646e-01
5.00555946e-01  5.01426559e-01  5.00014801e-01
5.00647070e-01  5.01072112e-01  5.00007961e-01
5.00808825e-01  5.02503980e-01  4.99182953e-01
4.99464767e-01  5.02566790e-01  4.99249008e-01
5.00675927e-01  5.01982112e-01  4.99719611e-01
5.00893035e-01  5.01596844e-01  4.99257382e-01
5.00834924e-01  5.02218310e-01  4.99698348e-01
3.35490836e-01  5.38858681e-01  4.04503617e-01
5.00188218e-01  5.01813976e-01  5.00750352e-01
5.00886486e-01  5.02154994e-01  4.99525330e-01
4.99568739e-01  5.02591708e-01  4.99491577e-01
5.00574511e-01  5.01078516e-01  4.99650691e-01
4.99859235e-01  5.01754023e-01  4.99193190e-01
5.00422086e-01  5.02288016e-01  5.00440547e-01
4.99989550e-01  5.01317284e-01  5.00751677e-01
5.00482610e-01  5.01239429e-01  4.99851024e-01
4.99531408e-01  5.01414879e-01  5.00430106e-01
4.99466289e-01  5.01374226e-01  4.99530320e-01
4.99947760e-01  5.01144454e-01  5.00774702e-01
5.00650621e-01  5.02501974e-01  4.99347143e-01
2.85174420e-01  2.60623548e-01  7.61541373e-01
4.99824667e-01  5.02546641e-01  5.00341264e-01
4.99499126e-01  5.01744468e-01  5.00515793e-01
4.99692412e-01  5.01284414e-01  4.99806443e-01
5.00270957e-01  5.01326044e-01  5.00303317e-01
5.01041114e-01  5.02301906e-01  5.00302411e-01
5.00115050e-01  5.01180942e-01  4.99415858e-01
5.00133771e-01  5.02006738e-01  5.00591041e-01
4.99473680e-01  5.01998448e-01  4.99335108e-01
5.00750395e-01  5.01459523e-01  4.99929067e-01
5.00618730e-01  5.02221975e-01  4.99869294e-01
4.99925341e-01  5.01942050e-01  4.99949487e-01
5.00334086e-01  5.01102344e-01  4.99448597e-01
4.99810925e-01  5.02038524e-01  4.99204179e-01
5.00741636e-01  5.02221952e-01  4.99179925e-01
5.00266593e-01  5.01956890e-01  5.00191157e-01
5.00449651e-01  5.02462204e-01  4.99172017e-01
5.00021068e-01  5.02060900e-01  4.99868341e-01
4.99874981e-01  5.02005022e-01  5.00577208e-01
4.99423858e-01  5.01843806e-01  5.00710457e-01
4.99967767e-01  5.01655121e-01  5.00602248e-01
4.99652125e-01  5.02096522e-01  4.99427095e-01
5.00603800e-01  5.01588279e-01  4.99611857e-01
4.99569494e-01  5.01079714e-01  5.00239009e-01
5.00434998e-01  5.01732097e-01  4.99295079e-01
5.00956766e-01  5.01648590e-01  4.99892895e-01
4.99533986e-01  5.02105565e-01  5.00710264e-01
5.00149288e-01  5.01836108e-01  5.00722047e-01
5.00029952e-01  5.01794331e-01  5.00474491e-01
5.00608798e-01  5.02645520e-01  4.99437365e-01
5.00604022e-01  5.02653421e-01  5.00025652e-01
4.99785773e-01  5.02457339e-01  5.00698174e-01
5.00027803e-01  5.02471113e-01  4.99213674e-01
5.00382591e-01  5.02649374e-01  4.99723575e-01
4.99604586e-01  5.01429784e-01  5.00227402e-01
5.00746035e-01  5.02021923e-01  5.00292686e-01
4.99953108e-01  5.02349464e-01  5.00584713e-01
4.99535679e-01  5.01210347e-01  4.99800000e-01
5.00662033e-01  5.02537510e-01  4.99890350e-01
4.99722922e-01  5.01768040e-01  4.99816804e-01
5.00024113e-01  5.01056556e-01  5.00250579e-01
5.00768404e-01  5.01659078e-01  5.00697154e-01
4.99440129e-01  5.01227271e-01  4.99492190e-01
5.00444910e-01  5.01198588e-01  4.99715605e-01
5.00028362e-01  5.01372264e-01  5.00657470e-01
5.00260422e-01  5.01240030e-01  4.99297559e-01
5.00772139e-01  5.02520848e-01  5.00780832e-01
5.00251327e-01  5.01770352e-01  4.99733294e-01
4.99543311e-01  5.01690808e-01  4.99522784e-01
5.00165350e-01  5.02451224e-01  4.99568648e-01
5.00454984e-01  5.01380095e-01  4.99617098e-01
5.00851795e-01  5.01216975e-01  4.99560158e-01
5.00457141e-01  5.01633737e-01  5.00042958e-01
5.00533458e-01  5.01399922e-01  4.99696267e-01
5.00851740e-01  5.01342530e-01  5.00590637e-01
5.00948069e-01  5.01443493e-01  5.00146164e-01
5.00554696e-01  5.01042803e-01  5.00456667e-01
5.00452217e-01  5.01338385e-01  4.99306328e-01
5.00565358e-01  5.01687989e-01  4.99980611e-01
5.00609779e-01  5.01334046e-01  5.00440111e-01
5.00238113e-01  5.02260051e-01  4.99211808e-01
5.00468406e-01  5.01334125e-01  4.99969790e-01
4.99423103e-01  5.01608430e-01  5.00720495e-01
5.00929298e-01  5.02299574e-01  4.99238810e-01
5.00303653e-01  5.02322841e-01  5.00276513e-01
5.00679614e-01  5.01276854e-01  4.99847510e-01
5.00050567e-01  5.01290273e-01  5.00562559e-01
5.00471492e-01  5.02377753e-01  5.00290000e-01
4.99564193e-01  5.02076083e-01  4.99392540e-01
5.00067494e-01  5.01145408e-01  5.00638380e-01
4.99768290e-01  5.02032108e-01  5.00497800e-01
4.99536085e-01  5.01575376e-01  4.99543177e-01
5.00370739e-01  5.02469561e-01  5.00159071e-01
5.00598062e-01  5.01530397e-01  4.99217176e-01
4.99609416e-01  5.01619611e-01  5.00372772e-01
4.99434720e-01  5.02012986e-01  5.00055259e-01
4.99735799e-01  5.01059091e-01  4.99634141e-01
4.99876736e-01  5.02399357e-01  5.00174197e-01
4.99438387e-01  5.01989178e-01  5.00379741e-01
4.99518911e-01  5.01284789e-01  4.99452907e-01
4.99485502e-01  5.01850790e-01  4.99695278e-01
5.13743407e-01  5.41680940e-01  9.81205233e-01
5.00298160e-01  5.01641367e-01  4.99975679e-01
4.99715197e-01  5.01661048e-01  5.00546458e-01
5.00221470e-01  5.01654563e-01  5.00189053e-01
5.00738825e-01  5.02031220e-01  4.99203875e-01
5.00889539e-01  5.01288831e-01  4.99963840e-01
5.00264501e-01  5.01382630e-01  5.00556333e-01
5.00242327e-01  5.01461460e-01  5.00033455e-01
4.99540893e-01  5.02548311e-01  5.00728332e-01
2.52963134e-01  9.97810094e-01  7.85549457e-01
4.75528678e-01  9.74361949e-01  3.94869021e-01
7.37803527e-01  4.32213272e-01  2.98227854e-01
5.00737257e-01  5.01795200e-01  4.99296603e-01
5.00660845e-01  5.01351149e-01  5.00792595e-01
5.00516280e-01  5.01733876e-01  4.99908340e-01
5.00238861e-01  5.01095248e-01  5.00183727e-01
4.99441981e-01  5.01688923e-01  5.00689661e-01
5.00966239e-01  5.02127938e-01  5.00271383e-01
5.00499908e-01  5.02435443e-01  4.99821892e-01
5.00971915e-01  5.02386733e-01  4.99228472e-01
4.99567299e-01  5.01509451e-01  4.99200147e-01
5.00644187e-01  5.02132947e-01  4.99437378e-01
5.00285078e-01  5.02556028e-01  5.00501847e-01
5.00117430e-01  5.01993209e-01  5.00585291e-01
4.99426200e-01  5.01211290e-01  5.00513934e-01
5.00159271e-01  5.01440064e-01  5.00151776e-01
8.64471856e-01  4.19605727e-01  8.41576344e-01
5.00636703e-01  5.01965872e-01  4.99699284e-01
5.00052257e-01  5.02060754e-01  4.99904181e-01
5.00515652e-01  5.02030563e-01  4.99174384e-01
4.99698487e-01  5.01860367e-01  4.99960608e-01
5.00359680e-01  5.01756751e-01  5.00409727e-01
5.00717188e-01  5.02464551e-01  4.99568439e-01
4.99489013e-01  5.02510818e-01  5.00133608e-01
5.00408037e-01  5.02284350e-01  4.99298788e-01
5.00562877e-01  5.01945782e-01  5.00535926e-01
6.23885029e-01  5.25929882e-01  7.57993248e-01
4.99581006e-01  5.01810056e-01  5.00235366e-01
5.01003303e-01  5.01119691e-01  4.99173357e-01
5.01002821e-01  5.01255397e-01  5.00421594e-01
5.00546447e-01  5.01315983e-01  4.99656608e-01
5.00329381e-01  5.01112363e-01  5.00240824e-01
5.00292317e-01  5.01503642e-01  5.00047887e-01
5.01029709e-01  5.01323351e-01  4.99516991e-01
5.00882452e-01  5.02263389e-01  4.99524371e-01
5.00310228e-01  5.02475654e-01  5.00594140e-01
5.00913199e-01  5.02524650e-01  5.00286201e-01
5.00782891e-01  5.02508700e-01  4.99339058e-01
5.01003354e-01  5.02367042e-01  5.00753553e-01
4.99458234e-01  5.01896837e-01  4.99458072e-01
9.12959340e-01  8.90475812e-01  2.50932081e-01
9.31493782e-01  9.58926687e-01  7.56906581e-01
5.00897617e-01  5.01706798e-01  5.00134591e-01
5.00637434e-01  5.02252955e-01  4.99834010e-01
5.00479339e-01  5.01603218e-01  4.99292564e-01
5.00902392e-01  5.01501474e-01  4.99712520e-01
4.99924147e-01  5.01263304e-01  4.99524867e-01
6.34858536e-01  3.29077072e-01  2.99324653e-01
4.99993542e-01  5.01925609e-01  5.00037438e-01
4.99973420e-01  5.01974430e-01  4.99730141e-01
5.00313542e-01  5.02400013e-01  4.99871663e-01
5.00102044e-01  5.01854078e-01  4.99585758e-01
5.00471983e-01  5.01416749e-01  5.00467862e-01
4.99735485e-01  5.01076905e-01  4.99431619e-01
5.00937494e-01  5.02359891e-01  5.00236562e-01
5.00190276e-01  5.02673193e-01  5.00351178e-01
4.99551573e-01  5.01664741e-01  5.00229999e-01
5.00867911e-01  5.02508738e-01  4.99258619e-01
5.00778207e-01  5.02657422e-01  5.00709695e-01
4.99947406e-01  5.02088237e-01  4.99469130e-01
5.00001917e-01  5.02075956e-01  5.00707183e-01
5.00872908e-01  5.01185674e-01  4.99948351e-01
3.76836009e-01  3.78433133e-01  7.56380002e-01
5.00722280e-01  5.01448932e-01  4.99218284e-01
4.99622916e-01  5.02197282e-01  5.00332891e-01
4.99712610e-01  5.02011430e-01  5.00575095e-01
4.99897068e-01  5.02054056e-01  4.99671993e-01
8.59472292e-01  8.19829702e-01  3.46821680e-01
5.00086948e-01  5.02066918e-01  4.99598718e-01
6.60694668e-01  6.97179286e-01  4.54523611e-01
4.99820553e-01  5.01723544e-01  4.99921244e-01
5.00566234e-01  5.01573315e-01  5.00583691e-01
5.00224586e-01  5.01458937e-01  4.99212997e-01
4.99940194e-01  5.01167027e-01  5.00409733e-01
5.00357338e-01  5.01954758e-01  4.99460190e-01
5.00448507e-01  5.02476552e-01  5.00435220e-01
5.00478105e-01  5.01523403e-01  4.99825508e-01
5.00182397e-01  5.01674858e-01  5.00444696e-01
5.00303569e-01  5.02039895e-01  5.00320432e-01
5.00753279e-01  5.01869265e-01  5.00391111e-01
5.00662211e-01  5.01424988e-01  4.99633812e-01
5.00452423e-01  5.01341747e-01  5.00201798e-01
5.00935235e-01  5.02579465e-01  4.99968671e-01
5.00279094e-01  5.01584400e-01  4.99812465e-01
4.99552620e-01  5.02365926e-01  5.00465034e-01
4.99542129e-01  5.02238338e-01  5.00416045e-01
5.00970847e-01  5.02593631e-01  4.99406768e-01
5.00881522e-01  5.01475657e-01  4.99363825e-01
5.00747666e-01  5.01839384e-01  4.99176311e-01
4.99933875e-01  5.02330965e-01  4.99282526e-01
4.99499459e-01  5.02570485e-01  5.00060339e-01
5.00805691e-01  5.02418432e-01  4.99540366e-01
5.00939229e-01  5.01078788e-01  5.00482813e-01
4.99807173e-01  5.01631786e-01  5.00381054e-01
4.99678865e-01  5.01490140e-01  5.00489109e-01
8.92644552e-01  5.96751106e-01  7.72474623e-01
4.99720298e-01  5.01897036e-01  5.00049984e-01
5.00817592e-01  5.01810862e-01  5.00197795e-01
5.00991132e-01  5.02010545e-01  5.00305692e-01
5.00137962e-01  5.02652699e-01  4.99494365e-01
4.99573971e-01  5.01971599e-01  5.00571951e-01
4.99678188e-01  5.02562536e-01  4.99411212e-01
5.00924680e-01  5.01385121e-01  4.99344777e-01
5.00395310e-01  5.02227648e-01  5.00678562e-01
4.99575048e-01  5.01716476e-01  5.00111222e-01
2.65565992e-01  8.30637249e-01  9.21913326e-01
4.99882759e-01  5.02238908e-01  5.00469952e-01
4.99858389e-01  5.01887714e-01  4.99425105e-01
3.73764781e-01  8.32095873e-01  8.89933039e-01
4.99528415e-01  5.01291772e-01  4.99804131e-01
5.00409864e-01  5.02431279e-01  4.99685729e-01
4.99811257e-01  5.02656172e-01  4.99994655e-01
3.17846942e-01  9.06443902e-01  4.17310546e-01
4.99608346e-01  5.02107743e-01  4.99441824e-01
4.99782127e-01  5.02236107e-01  5.00209198e-01
4.99452929e-01  5.01206256e-01  4.99906784e-01
4.99938998e-01  5.02005127e-01  4.99228336e-01
5.00686440e-01  5.01175694e-01  4.99940901e-01
5.00084606e-01  5.01583177e-01  5.00242235e-01
5.00225825e-01  5.02138679e-01  5.00471539e-01
5.00382494e-01  5.02468211e-01  5.00696510e-01
4.99489246e-01  5.01482363e-01  4.99785640e-01
5.00613690e-01  5.02595843e-01  5.00318957e-01
5.00270155e-01  5.01285834e-01  5.00476360e-01
5.00884294e-01  5.01990246e-01  4.99693681e-01
6.34149046e-01  7.92759787e-01  6.52138996e-01
5.00628061e-01  5.02426029e-01  5.00779098e-01
5.00567280e-01  5.02614362e-01  4.99229589e-01
5.00017067e-01  5.01304101e-01  4.99767208e-01
5.00731086e-01  5.01643928e-01  4.99774022e-01
5.00558279e-01  5.02172697e-01  5.00728123e-01
4.99552565e-01  5.01485502e-01  5.00297759e-01
5.00430481e-01  5.01260003e-01  4.99722553e-01
4.99596935e-01  5.01171241e-01  5.00763565e-01
5.00451721e-01  5.01825771e-01  5.00425088e-01
5.01006420e-01  5.02498450e-01  5.00534122e-01
5.00314844e-01  5.02407097e-01  5.00317493e-01
4.99607300e-01  5.02216683e-01  5.00602061e-01
5.00399333e-01  5.01109492e-01  5.00305608e-01
4.99509084e-01  5.01264173e-01  4.99668012e-01
4.99679533e-01  5.01453601e-01  5.00299489e-01
3.56630262e-01  7.76005568e-01  4.58459126e-01
5.00263746e-01  5.02384630e-01  4.99335701e-01
4.99564325e-01  5.01751807e-01  4.99994274e-01
4.99889375e-01  5.01135551e-01  5.00575234e-01
5.01008432e-01  5.02128202e-01  5.00748863e-01
4.99827188e-01  5.02151050e-01  5.00277321e-01
4.99481520e-01  5.02125475e-01  4.99771321e-01
5.00308437e-01  5.02589789e-01  5.00589348e-01
5.01030754e-01  5.02514046e-01  5.00098019e-01
5.00004742e-01  5.02550985e-01  5.00589707e-01
5.00348473e-01  5.01090290e-01  5.00301616e-01
5.00828424e-01  5.01159846e-01  5.00158796e-01
4.99717572e-01  5.01698169e-01  5.00774875e-01
5.00496100e-01  5.02247007e-01  5.00759667e-01
4.99574783e-01  5.02138888e-01  4.99198749e-01
5.00897669e-01  5.01942281e-01  4.99681478e-01
5.00872485e-01  5.01993784e-01  5.00092995e-01
4.99562692e-01  5.01320068e-01  5.00440538e-01
4.99895041e-01  5.02505064e-01  5.00210170e-01
4.99740274e-01  5.02557702e-01  5.00603047e-01
6.56913298e-01  6.19055473e-01  5.39402128e-01
4.99643280e-01  5.01484437e-01  4.99361299e-01
4.99559748e-01  5.01259269e-01  4.99744447e-01
5.00491867e-01  5.01264857e-01  4.99512783e-01
5.00730773e-01  5.02441218e-01  4.99571076e-01
5.00953546e-01  5.02275986e-01  4.99853692e-01
