4.95032207e-01  8.83776944e-01  3.64578069e-01
5.12014764e-01  5.14354451e-01  4.58143399e-01
8.87371845e-01  7.91528355e-01  8.69219426e-01
2.81103385e-01  9.98530088e-01  6.97105894e-01
2.86408896e-01  4.21189471e-01  8.57140303e-01
8.32180894e-01  9.66492054e-01  3.59758548e-01
6.93220887e-01  2.85195188e-01  3.06664960e-01
9.14954983e-01  5.41642949e-01  9.49002075e-01
3.88117730e-01  9.40349498e-01  8.49921800e-01
7.75048830e-01  7.26708369e-01  9.84323927e-01
5.84982446e-01  2.81417213e-01  3.36491287e-01
3.16025671e-01  7.39560003e-01  9.14254880e-01
6.19771377e-01  9.93118517e-01  5.77858814e-01
3.73916897e-01  7.88708705e-01  3.69867998e-01
4.52087970e-01  9.58264744e-01  9.45812141e-01
2.73753150e-01  7.42837352e-01  6.62594652e-01
8.02620551e-01  8.59624439e-01  9.49776102e-01
4.13277772e-01  5.43933564e-01  6.28692470e-01
3.54388784e-01  4.32711797e-01  9.90184718e-01
9.32767209e-01  5.33888242e-01  7.35182372e-01
3.20065373e-01  4.87859112e-01  4.49638473e-01
9.81068821e-01  4.40976510e-01  6.38824130e-01
2.96419094e-01  8.72864586e-01  7.08660391e-01
9.48949873e-01  7.62492750e-01  3.14755825e-01
9.87182495e-01  3.86293879e-01  2.99836494e-01
2.83683676e-01  6.30769685e-01  4.96348479e-01
8.07502208e-01  8.36984544e-01  2.51977539e-01
9.89672543e-01  6.30885496e-01  7.24163105e-01
7.23191392e-01  7.12773111e-01  3.11501105e-01
5.50040078e-01  7.97874645e-01  2.85402216e-01
7.22843691e-01  3.78623450e-01  2.52623646e-01
8.81083278e-01  6.03874385e-01  9.26312042e-01
7.10147349e-01  8.19358029e-01  2.95849445e-01
7.77170745e-01  4.69196772e-01  2.99057349e-01
3.20354747e-01  7.73254455e-01  5.05166979e-01
3.71382778e-01  6.21766093e-01  2.64993639e-01
2.75811317e-01  9.97564272e-01  3.35803068e-01
6.13688185e-01  9.59518610e-01  9.05017614e-01
7.16017410e-01  9.58661391e-01  9.41883200e-01
8.64712293e-01  2.52922413e-01  4.10714472e-01
4.75233252e-01  9.38211270e-01  4.71075990e-01
4.50668516e-01  3.39468531e-01  8.85015075e-01
9.66443247e-01  4.22846087e-01  3.67978817e-01
3.28656513e-01  8.07129788e-01  3.72291307e-01
5.60047983e-01  2.70639898e-01  6.15308040e-01
3.69990079e-01  3.92369286e-01  7.05492575e-01
9.18730671e-01  6.01951053e-01  8.59174568e-01
8.49987952e-01  9.22033655e-01  9.39809052e-01
3.05860062e-01  2.64411505e-01  7.29466957e-01
3.77220481e-01  4.88003882e-01  9.20218120e-01
6.64882232e-01  2.74575641e-01  8.44391701e-01
4.02592954e-01  8.89323551e-01  5.77837339e-01
3.45226717e-01  3.82546465e-01  5.52300337e-01
3.32742402e-01  4.75818725e-01  3.90171319e-01
4.63083279e-01  4.13482207e-01  2.95954440e-01
9.94863451e-01  7.63099691e-01  2.98518920e-01
4.64383579e-01  9.36764488e-01  7.06916045e-01
8.92848778e-01  9.59978032e-01  9.16512883e-01
8.19197263e-01  9.93101304e-01  2.56400839e-01
7.10304155e-01  4.34684025e-01  9.38949712e-01
2.55566244e-01  6.08166161e-01  5.35791031e-01
3.24182070e-01  8.76853025e-01  8.96450228e-01
9.48014728e-01  3.86442998e-01  5.28148839e-01
7.86402083e-01  7.98496932e-01  9.70412530e-01
5.62046480e-01  7.28010325e-01  2.53862907e-01
3.19488550e-01  9.24340846e-01  8.98007231e-01
4.56819839e-01  6.78292340e-01  2.99366496e-01
6.96549605e-01  9.88838200e-01  8.31971048e-01
7.10527918e-01  2.81379411e-01  9.51721831e-01
8.87589040e-01  6.25451559e-01  3.45021958e-01
8.69892307e-01  9.93735561e-01  3.64803600e-01
3.42795172e-01  9.78939311e-01  4.71154071e-01
7.44975118e-01  3.01068409e-01  8.79158821e-01
8.87286610e-01  3.96042592e-01  2.86245641e-01
8.53258025e-01  3.38955179e-01  4.86182724e-01
3.29811261e-01  2.88129441e-01  9.50002243e-01
3.02762380e-01  9.12411433e-01  9.86346234e-01
4.42658229e-01  7.92477983e-01  3.06970788e-01
9.08502977e-01  3.38212922e-01  3.31679135e-01
3.07791225e-01  7.06246156e-01  3.14807080e-01
4.78218678e-01  8.36423621e-01  2.78478921e-01
3.46798781e-01  9.76860809e-01  5.07387820e-01
4.91983232e-01  3.53983850e-01  9.20270755e-01
3.47068054e-01  4.14452730e-01  4.68617650e-01
9.74812325e-01  5.30299149e-01  2.57759355e-01
8.79576206e-01  8.80403219e-01  2.69215774e-01
7.36670111e-01  4.16148672e-01  2.77793695e-01
8.04583328e-01  9.19973025e-01  4.41732407e-01
9.55143406e-01  5.69272637e-01  9.00341496e-01
3.91177709e-01  5.96209219e-01  9.47027616e-01
4.39430276e-01  3.92743068e-01  8.34777949e-01
2.84903879e-01  4.29668816e-01  8.12426455e-01
3.81228561e-01  6.80846144e-01  7.91472401e-01
7.57910973e-01  7.17664394e-01  3.00644983e-01
2.68758759e-01  3.43047288e-01  3.82854324e-01
8.42330640e-01  3.81882798e-01  7.99287848e-01
5.88837241e-01  7.78715133e-01  6.01212701e-01
7.06370830e-01  8.36221772e-01  2.73507754e-01
8.03614837e-01  4.03034383e-01  9.37895955e-01
3.14264162e-01  8.98412919e-01  6.82193079e-01
8.50699727e-01  9.72773254e-01  3.18946376e-01
3.24623720e-01  9.34898256e-01  5.39764346e-01
6.83584922e-01  3.29991927e-01  8.90730746e-01
8.82046437e-01  3.73706225e-01  9.17711365e-01
9.77724674e-01  9.18753240e-01  9.96720429e-01
9.72955467e-01  5.47019841e-01  3.88603945e-01
8.62877120e-01  3.89930576e-01  3.29744434e-01
2.51127869e-01  8.74151554e-01  9.68697038e-01
3.35879791e-01  3.87164248e-01  3.07475159e-01
9.13923780e-01  5.97554546e-01  3.37067070e-01
7.64122172e-01  4.55307306e-01  8.40507248e-01
3.14027570e-01  4.43633938e-01  4.69564457e-01
2.73206730e-01  5.36813097e-01  2.82569649e-01
5.27409654e-01  2.87450046e-01  5.03769960e-01
9.28996294e-01  4.22408353e-01  4.52740521e-01
4.60749209e-01  7.75862452e-01  5.82896138e-01
6.61727898e-01  8.40831081e-01  3.69922965e-01
2.51001549e-01  8.42702821e-01  9.89470111e-01
8.84700217e-01  4.53414450e-01  6.45511096e-01
4.07868221e-01  8.52585509e-01  9.24546455e-01
6.33709883e-01  7.10694794e-01  9.90373736e-01
9.14988591e-01  9.96563696e-01  3.64895516e-01
7.11786805e-01  9.88462868e-01  5.37195206e-01
6.57457873e-01  9.80801751e-01  7.88451012e-01
9.18496779e-01  6.49482297e-01  2.91126479e-01
9.70739973e-01  9.02216241e-01  9.06013204e-01
3.45183652e-01  3.60313190e-01  4.03347757e-01
9.53916644e-01  5.57460014e-01  3.54756989e-01
7.42142480e-01  8.10060442e-01  4.43461536e-01
3.70607888e-01  9.23537059e-01  3.12024895e-01
9.63633983e-01  9.82412892e-01  8.92022613e-01
7.63385281e-01  6.56412739e-01  9.71252982e-01
6.65209244e-01  4.83282038e-01  5.82322635e-01
3.65539317e-01  8.90519019e-01  6.46964234e-01
2.61100841e-01  8.37927590e-01  4.17605209e-01
3.17789250e-01  3.08238090e-01  6.17911859e-01
9.21440102e-01  2.84984443e-01  8.73625336e-01
3.78770363e-01  6.69406648e-01  5.66827281e-01
4.39335999e-01  3.04895649e-01  8.05146424e-01
8.46224870e-01  3.15266442e-01  5.24564224e-01
8.60587195e-01  4.15575914e-01  8.44617881e-01
8.12328922e-01  9.66936395e-01  9.19520341e-01
3.92520961e-01  2.97998259e-01  5.72177483e-01
9.87291285e-01  9.75320681e-01  9.45512578e-01
7.12354213e-01  3.33003772e-01  3.56578810e-01
5.69789014e-01  7.29201297e-01  9.80409158e-01
3.92963302e-01  4.69710167e-01  8.84607399e-01
6.48936501e-01  3.47589975e-01  9.83252437e-01
3.11843104e-01  9.84325073e-01  2.62427844e-01
2.52357666e-01  7.15755084e-01  4.03463018e-01
3.90162407e-01  8.93953059e-01  3.04657008e-01
9.91161495e-01  6.60693694e-01  6.19759787e-01
9.60356434e-01  2.78742200e-01  8.51535708e-01
8.30457922e-01  6.52150510e-01  4.28415704e-01
7.70936149e-01  2.87529841e-01  4.53973775e-01
9.81793061e-01  8.24090419e-01  8.66693138e-01
6.68588509e-01  9.38961697e-01  9.06066372e-01
3.37080131e-01  4.06157545e-01  3.20269005e-01
6.06294572e-01  9.65622281e-01  9.91747518e-01
9.78205934e-01  2.64880564e-01  9.72795201e-01
5.44025861e-01  8.17157795e-01  7.73050371e-01
3.18568961e-01  3.74658996e-01  8.51728816e-01
7.31613960e-01  8.90685989e-01  5.06388753e-01
8.29207242e-01  2.92282156e-01  7.81247506e-01
3.41777208e-01  9.15561795e-01  5.00654937e-01
9.89424169e-01  9.76501442e-01  4.97728281e-01
6.13345083e-01  7.74174516e-01  3.41121207e-01
3.51977972e-01  3.10409271e-01  5.75946525e-01
3.32716980e-01  3.97461106e-01  2.61797105e-01
8.55049682e-01  8.79332098e-01  4.54527179e-01
5.24434672e-01  2.66711591e-01  8.57286013e-01
9.71599746e-01  8.52307436e-01  9.60376702e-01
9.27230110e-01  6.33316283e-01  8.34127552e-01
6.37298167e-01  4.68938361e-01  2.69447876e-01
5.35587890e-01  8.42510342e-01  9.64877311e-01
4.21665586e-01  3.79326673e-01  4.07660409e-01
9.37747803e-01  4.01530571e-01  6.49954593e-01
9.32140900e-01  8.92263685e-01  9.51354754e-01
9.32980346e-01  9.01387486e-01  4.06787966e-01
4.17867392e-01  8.93602037e-01  3.92093137e-01
9.68630721e-01  4.14852366e-01  4.46918069e-01
7.90228112e-01  8.79002756e-01  9.57427285e-01
2.87279581e-01  7.04640803e-01  2.67087093e-01
7.84399046e-01  3.34424350e-01  9.33990665e-01
8.86529501e-01  9.05473287e-01  8.22061566e-01
2.91916738e-01  9.20245894e-01  7.59395434e-01
9.29116650e-01  7.64725494e-01  7.34543349e-01
7.27185770e-01  3.78146581e-01  8.78482707e-01
3.48491302e-01  8.13865298e-01  8.76682060e-01
7.72832380e-01  9.65198722e-01  4.68645494e-01
8.17081980e-01  3.77745226e-01  6.63929391e-01
8.98153174e-01  9.89095295e-01  7.79772316e-01
2.53460107e-01  3.87126682e-01  6.60317088e-01
8.90081817e-01  6.27523204e-01  8.79398110e-01
5.37087273e-01  9.80340705e-01  9.78025411e-01
8.74659077e-01  3.43608058e-01  3.02510757e-01
8.86949692e-01  3.27592893e-01  2.98471879e-01
6.98373302e-01  8.38933545e-01  9.03571633e-01
4.56418395e-01  9.06307886e-01  4.23776314e-01
9.69474730e-01  5.99281298e-01  2.85807004e-01
9.55099414e-01  7.82095873e-01  6.59667514e-01
9.67619473e-01  4.05178829e-01  9.33584780e-01
9.53445265e-01  1.00017205e+00  4.94800534e-01
4.02716102e-01  6.83240453e-01  9.58672351e-01
4.13540453e-01  2.63741414e-01  9.34044218e-01
7.72885617e-01  4.49878887e-01  9.02105719e-01
9.91034672e-01  6.62293488e-01  2.70376986e-01
3.24027059e-01  9.04762866e-01  4.97461111e-01
3.29564739e-01  9.57751526e-01  4.90490607e-01
7.00236820e-01  6.98003146e-01  9.69988478e-01
9.02490363e-01  2.63071868e-01  4.86677943e-01
3.64803137e-01  5.36867964e-01  3.68889883e-01
9.44371832e-01  7.50333738e-01  2.66217235e-01
2.87222233e-01  4.04643929e-01  8.78376710e-01
7.49002052e-01  6.94786303e-01  5.95278373e-01
8.04910511e-01  8.87321613e-01  3.52642567e-01
5.73651048e-01  4.61155748e-01  9.99677180e-01
7.12930696e-01  9.50557391e-01  9.53725179e-01
2.87430474e-01  5.39102277e-01  9.15088666e-01
2.80212653e-01  8.67667639e-01  4.02412611e-01
4.18431074e-01  7.84016211e-01  8.44362074e-01
3.73092742e-01  6.23775608e-01  9.64447069e-01
5.76785505e-01  2.55965769e-01  8.31359700e-01
8.01612628e-01  8.01793174e-01  3.24463374e-01
3.69496691e-01  3.14456991e-01  9.08573230e-01
3.73265584e-01  3.02812358e-01  2.95256391e-01
4.83864638e-01  2.73572980e-01  5.45861463e-01
4.26388558e-01  7.38781173e-01  8.66899157e-01
2.73432481e-01  4.90259415e-01  3.01650384e-01
9.33413156e-01  3.81302317e-01  5.08059007e-01
9.94063437e-01  7.13295043e-01  7.07899786e-01
9.65288615e-01  5.90079026e-01  2.53428627e-01
5.17803642e-01  2.90028872e-01  8.93531683e-01
3.92517773e-01  9.39729238e-01  7.80664566e-01
8.35193606e-01  6.53540121e-01  9.90620661e-01
8.71425195e-01  7.03907643e-01  9.56217266e-01
7.22054957e-01  2.74544855e-01  3.62176355e-01
2.54525993e-01  5.19305470e-01  3.16775100e-01
8.78701035e-01  6.87546671e-01  9.89143882e-01
5.02728027e-01  9.73311098e-01  8.64668663e-01
5.54937799e-01  6.80305909e-01  9.89602102e-01
6.11909214e-01  4.22381534e-01  2.73107608e-01
4.16628045e-01  7.91575344e-01  5.80843765e-01
4.40959604e-01  9.82143448e-01  4.65721003e-01
9.97285357e-01  5.90575426e-01  3.04091605e-01
4.85806679e-01  3.02341149e-01  9.27423968e-01
9.67229973e-01  5.82687721e-01  4.50184749e-01
3.36386688e-01  3.80913361e-01  3.49166676e-01
2.67400838e-01  9.88210010e-01  8.64440609e-01
2.83252262e-01  3.33988299e-01  6.00713526e-01
