9.89667233e-01  6.84312516e-01  8.88048725e-01
8.88153682e-01  8.95648349e-01  9.83367588e-01
3.63927648e-01  9.82653427e-01  6.48676676e-01
7.18163558e-01  4.97995214e-01  3.29146484e-01
6.14321091e-01  8.68119337e-01  8.60283652e-01
9.90553624e-01  9.30543449e-01  9.17000328e-01
9.88390736e-01  2.58998894e-01  9.68808845e-01
9.43522436e-01  9.62356137e-01  3.53568875e-01
2.51043590e-01  7.12505282e-01  4.08939819e-01
3.11097439e-01  9.54756480e-01  8.39124041e-01
7.42996689e-01  3.50965416e-01  7.99650615e-01
5.02257457e-01  3.49207787e-01  8.26192708e-01
9.17406035e-01  4.44442151e-01  4.47863836e-01
9.21471884e-01  8.17554090e-01  9.48548375e-01
4.61877122e-01  9.94537061e-01  4.99569172e-01
9.73528213e-01  9.36617818e-01  3.51840991e-01
7.37839990e-01  9.22188576e-01  2.90835385e-01
3.24515337e-01  6.77821068e-01  9.86500759e-01
4.31066102e-01  6.13032118e-01  9.20003729e-01
9.17372172e-01  7.03282294e-01  3.30756325e-01
3.24951047e-01  9.74277878e-01  4.91952640e-01
2.59328645e-01  9.77804955e-01  3.20998508e-01
7.18968493e-01  9.83291980e-01  4.26927985e-01
4.57610263e-01  7.81181329e-01  9.70489610e-01
6.70100180e-01  7.86286790e-01  3.03997999e-01
9.97487834e-01  5.28175723e-01  8.81562338e-01
6.91202209e-01  9.69524545e-01  8.62557408e-01
5.67623122e-01  2.56205486e-01  8.64223620e-01
8.43288110e-01  4.93948906e-01  2.61634010e-01
4.28843596e-01  2.86478703e-01  5.96215302e-01
3.24012312e-01  5.65687597e-01  9.30295087e-01
7.59106876e-01  3.21104857e-01  3.20727950e-01
6.44125224e-01  2.61909905e-01  4.66576008e-01
2.52352984e-01  7.16025262e-01  4.03403724e-01
9.13781578e-01  8.30694267e-01  4.41620842e-01
3.59596645e-01  9.46889741e-01  3.76825358e-01
2.52958826e-01  9.41184468e-01  4.94293072e-01
6.30895446e-01  9.76386713e-01  8.91673051e-01
6.30090882e-01  9.74305246e-01  3.79412555e-01
6.30705503e-01  4.49945147e-01  5.27993830e-01
3.89222040e-01  5.17220916e-01  2.72180958e-01
9.92978410e-01  9.52704620e-01  6.40657878e-01
9.68985470e-01  8.00460288e-01  5.45820520e-01
9.13868179e-01  4.28581313e-01  2.96399432e-01
9.12875741e-01  9.86624363e-01  5.90474615e-01
8.82029415e-01  6.81285964e-01  2.71294149e-01
9.08831526e-01  9.28568996e-01  4.70004286e-01
3.05854388e-01  2.64511314e-01  7.29359753e-01
2.95976844e-01  9.51949362e-01  8.54833730e-01
2.80904055e-01  9.52892682e-01  9.84978284e-01
4.51255624e-01  3.51748363e-01  7.18587940e-01
3.04338199e-01  3.30526610e-01  8.55869590e-01
9.85621598e-01  3.40214495e-01  3.48198994e-01
7.77804449e-01  3.49442222e-01  3.87515463e-01
9.53885894e-01  9.73964865e-01  6.07590980e-01
2.55191077e-01  9.76163889e-01  7.21550647e-01
9.39057685e-01  5.80875255e-01  9.52717355e-01
4.16201181e-01  3.33311605e-01  6.79386391e-01
6.57096718e-01  9.79646607e-01  9.61397559e-01
2.50996892e-01  8.43020918e-01  9.89324696e-01
8.71154987e-01  3.21754573e-01  7.05028543e-01
6.30449858e-01  4.34913698e-01  3.17915051e-01
8.75917451e-01  7.57232641e-01  2.61539403e-01
8.68957475e-01  9.08719926e-01  4.17520428e-01
2.63364036e-01  4.17688466e-01  9.65174822e-01
3.82293059e-01  2.90378448e-01  5.97874141e-01
9.51842781e-01  9.44112371e-01  3.31617396e-01
3.38778129e-01  7.99627851e-01  3.04650133e-01
2.80746964e-01  2.93740945e-01  2.89469475e-01
3.11475971e-01  4.60339970e-01  9.02652219e-01
9.07531953e-01  9.07448784e-01  8.01719829e-01
9.15380241e-01  9.79309129e-01  8.97704793e-01
9.49084773e-01  7.53752033e-01  9.95329140e-01
9.86947555e-01  9.79751646e-01  7.77538607e-01
2.66293234e-01  6.47682888e-01  9.11422489e-01
4.28215593e-01  3.41489088e-01  9.70093702e-01
3.06383936e-01  4.33832714e-01  9.18919553e-01
6.48924462e-01  3.47721181e-01  9.83107936e-01
9.60354662e-01  8.65585473e-01  2.65294339e-01
2.54957965e-01  9.79458706e-01  5.61686335e-01
9.34840860e-01  4.21380428e-01  8.19065166e-01
2.76642691e-01  7.17645336e-01  9.67316411e-01
8.30882145e-01  5.43247124e-01  3.01968963e-01
2.91188836e-01  3.01443623e-01  5.92538008e-01
8.46552481e-01  5.99235600e-01  9.99236851e-01
7.60344593e-01  3.06888619e-01  3.47674825e-01
9.67641892e-01  9.27055356e-01  3.73478746e-01
9.00822060e-01  4.95770135e-01  9.28071509e-01
9.21075625e-01  8.18954983e-01  3.68685740e-01
4.42808085e-01  9.08653408e-01  6.89871916e-01
7.91259316e-01  5.19285976e-01  8.87275631e-01
9.75837376e-01  8.95566246e-01  3.26117335e-01
6.33804191e-01  2.74068297e-01  3.98316057e-01
2.55732436e-01  4.00617274e-01  6.63451075e-01
7.26653726e-01  8.56390271e-01  5.47159931e-01
6.39265835e-01  3.75277871e-01  7.22217684e-01
8.83113963e-01  5.92619903e-01  9.99554413e-01
7.50660930e-01  8.03012632e-01  9.78864970e-01
8.75715952e-01  9.23224730e-01  2.83359268e-01
3.18303741e-01  9.63930611e-01  8.67624456e-01
2.62559686e-01  9.83871215e-01  8.29127827e-01
5.81135416e-01  6.64180878e-01  9.72234264e-01
9.36356002e-01  9.02000777e-01  5.55770823e-01
8.67449650e-01  9.89864820e-01  8.02888102e-01
2.73201662e-01  5.37015729e-01  2.82528122e-01
8.35474408e-01  4.77440993e-01  9.89072271e-01
9.51627037e-01  5.42671088e-01  4.38655918e-01
2.87984498e-01  7.12184432e-01  3.72025533e-01
7.76861943e-01  3.23425841e-01  9.41437737e-01
3.59878888e-01  7.87426272e-01  7.27335480e-01
9.63336282e-01  5.62692720e-01  9.07631330e-01
9.48932268e-01  7.62780570e-01  3.14709568e-01
5.60037593e-01  2.70742057e-01  6.15217613e-01
8.86981458e-01  3.20494676e-01  9.21941138e-01
9.53357321e-01  7.85265862e-01  9.10114865e-01
9.42352034e-01  9.00574961e-01  9.98134054e-01
2.76730885e-01  2.91263930e-01  9.29046749e-01
5.03277210e-01  7.63026150e-01  8.96188801e-01
7.73023016e-01  9.48398860e-01  2.51753027e-01
3.36049563e-01  2.52790826e-01  7.13179514e-01
4.52904746e-01  9.11194432e-01  2.85941659e-01
3.10488514e-01  6.85421468e-01  9.05208483e-01
7.29727441e-01  9.63389321e-01  2.55407292e-01
9.21551087e-01  8.89277907e-01  9.21745379e-01
9.47271015e-01  9.65899441e-01  9.08797310e-01
3.17778181e-01  3.16836541e-01  7.60748817e-01
2.84459189e-01  4.11694848e-01  3.49183976e-01
6.44232924e-01  3.33590382e-01  9.79089041e-01
3.46866464e-01  9.31152196e-01  6.98572328e-01
9.39683041e-01  2.87001459e-01  5.54385228e-01
8.36316488e-01  9.08011938e-01  8.96467376e-01
9.29904507e-01  2.63167716e-01  8.81790881e-01
9.62039593e-01  9.31201889e-01  6.85012388e-01
8.02943015e-01  3.29873443e-01  8.47509643e-01
2.88512732e-01  9.05514808e-01  9.21954741e-01
9.19676688e-01  7.65828484e-01  9.29597437e-01
3.28650416e-01  8.07434458e-01  3.72236594e-01
2.60097471e-01  7.86623453e-01  6.55638496e-01
8.43244730e-01  7.81180847e-01  8.63512012e-01
3.09475219e-01  2.61273574e-01  8.80888841e-01
9.87164181e-01  3.86439695e-01  2.99792430e-01
4.11957251e-01  5.18116155e-01  3.36139955e-01
8.86933237e-01  3.27716550e-01  2.98428015e-01
2.55774425e-01  8.80465762e-01  7.11774470e-01
5.18517381e-01  7.38624240e-01  5.68708358e-01
7.57313098e-01  9.27513425e-01  2.83543952e-01
8.76409338e-01  3.01619918e-01  9.74000231e-01
6.14340923e-01  5.62367672e-01  2.60239997e-01
9.29529912e-01  7.63258836e-01  3.47092451e-01
8.55878230e-01  8.68091178e-01  2.85359518e-01
3.71046030e-01  7.91758051e-01  2.68599301e-01
9.65270708e-01  5.90301765e-01  2.53391382e-01
3.80728495e-01  9.35265015e-01  8.02532307e-01
7.89863818e-01  3.42652722e-01  3.06249090e-01
6.44338067e-01  3.17163589e-01  3.49435590e-01
9.91387039e-01  3.52607502e-01  6.84716650e-01
9.27075729e-01  3.87171942e-01  9.74589041e-01
3.01206109e-01  7.15360144e-01  6.73064217e-01
7.76266064e-01  5.70303684e-01  2.92277883e-01
8.17967637e-01  5.30185386e-01  9.95272610e-01
2.60131697e-01  3.01507657e-01  9.73279802e-01
3.45093299e-01  3.33719993e-01  7.65181826e-01
3.02316555e-01  5.10050560e-01  8.96805616e-01
8.71962562e-01  9.71879657e-01  4.81966169e-01
5.84220609e-01  4.64000318e-01  4.95203759e-01
9.42698445e-01  6.22021644e-01  9.63832466e-01
9.50881810e-01  2.76619736e-01  5.05018992e-01
4.52302731e-01  8.86785261e-01  3.60057701e-01
4.42111791e-01  3.92456063e-01  2.98236172e-01
2.76502482e-01  7.55283368e-01  2.64372673e-01
6.60936015e-01  8.58389859e-01  9.49736925e-01
2.57955442e-01  4.23268744e-01  9.81103949e-01
8.34815132e-01  9.85200958e-01  3.07107701e-01
4.47820270e-01  5.81851256e-01  5.87914806e-01
9.63020310e-01  8.56195052e-01  7.21413508e-01
8.63806171e-01  3.08284323e-01  9.18203806e-01
5.77276280e-01  2.70804142e-01  3.62157387e-01
7.32091936e-01  9.96132706e-01  8.88282572e-01
3.50795728e-01  8.32783220e-01  9.98232780e-01
3.02894627e-01  5.07092022e-01  7.01018119e-01
3.40370367e-01  9.77926628e-01  5.88819160e-01
9.40069326e-01  5.86624056e-01  3.35133931e-01
4.39106131e-01  3.75608138e-01  8.99320390e-01
6.75693167e-01  8.24446182e-01  2.74813338e-01
2.78786579e-01  2.61286500e-01  5.33950525e-01
5.25333182e-01  9.65987474e-01  3.66969916e-01
8.89323453e-01  9.68231980e-01  7.21507930e-01
9.74141085e-01  8.16273221e-01  8.58585834e-01
3.77004327e-01  7.69199048e-01  9.76239668e-01
2.59782433e-01  5.85967557e-01  9.22479038e-01
5.91820123e-01  7.83845215e-01  9.76905188e-01
7.35256539e-01  2.64390696e-01  3.42698875e-01
2.66937750e-01  7.12293938e-01  4.91201110e-01
4.26734664e-01  5.12710788e-01  9.85190510e-01
8.79559888e-01  8.80735547e-01  2.69176209e-01
8.78062499e-01  3.35447218e-01  9.94030602e-01
9.30855997e-01  3.58806092e-01  7.61637240e-01
2.87754526e-01  9.39677832e-01  6.11028506e-01
2.60195322e-01  6.39718460e-01  7.67013520e-01
3.68380986e-01  4.26622122e-01  5.60573384e-01
2.87062803e-01  4.30029959e-01  7.62531124e-01
2.97441130e-01  8.46550578e-01  4.49749755e-01
8.89471157e-01  3.90992366e-01  9.72808737e-01
5.39657658e-01  3.47074456e-01  3.74739100e-01
8.70805007e-01  2.78214757e-01  8.72299185e-01
2.50420925e-01  7.08206793e-01  4.12230260e-01
9.57552944e-01  7.37086951e-01  8.97133386e-01
3.21043181e-01  3.63355517e-01  3.10458196e-01
3.31725040e-01  3.12365571e-01  6.45615493e-01
9.74742422e-01  3.97610289e-01  7.95167386e-01
8.02605661e-01  8.59948923e-01  9.49636521e-01
4.53823323e-01  6.71841484e-01  8.77434354e-01
8.19958357e-01  3.72981004e-01  3.39121111e-01
3.11592192e-01  6.10128489e-01  6.55708496e-01
6.29727482e-01  2.92573305e-01  9.88793455e-01
6.02688354e-01  2.86608807e-01  3.52890615e-01
2.83914846e-01  2.99535524e-01  9.70695202e-01
3.32828616e-01  3.26581643e-01  4.59068948e-01
5.04850903e-01  3.48236092e-01  6.75556433e-01
3.29805142e-01  2.88238201e-01  9.49862629e-01
2.69536960e-01  3.18265365e-01  5.20531131e-01
3.54681000e-01  7.69599148e-01  3.55486898e-01
6.19787079e-01  2.90927488e-01  3.64939294e-01
2.50153352e-01  3.79597492e-01  2.92672813e-01
3.37073878e-01  4.06310858e-01  3.20221937e-01
9.19341758e-01  9.29346023e-01  9.62233400e-01
8.90832148e-01  9.54610913e-01  9.28551789e-01
2.84596444e-01  4.17112896e-01  7.58261700e-01
5.69534534e-01  3.38841256e-01  2.99753542e-01
8.83213968e-01  3.12393409e-01  3.58953438e-01
9.67094546e-01  9.98581439e-01  5.12439878e-01
2.93751492e-01  9.01410339e-01  6.65809408e-01
8.11193172e-01  3.35054062e-01  3.60029163e-01
2.54781815e-01  9.21789895e-01  2.54140104e-01
9.94844994e-01  7.63387740e-01  2.98475049e-01
8.32165455e-01  9.66856878e-01  3.59705678e-01
4.26350589e-01  7.53346629e-01  9.18869360e-01
6.60901018e-01  7.26865498e-01  3.37008553e-01
2.96719491e-01  7.53762015e-01  8.86209591e-01
9.94571774e-01  2.82291338e-01  6.52687458e-01
6.68931280e-01  2.73069906e-01  6.59075533e-01
2.74885194e-01  6.50188122e-01  8.93589123e-01
3.59453365e-01  3.41311342e-01  7.42829770e-01
8.65234057e-01  3.88866064e-01  9.43379437e-01
6.87355884e-01  8.47250606e-01  9.54515083e-01
4.84264474e-01  9.73546010e-01  6.88245101e-01
3.44085108e-01  7.05875474e-01  9.94440923e-01
2.85347026e-01  9.16546771e-01  2.71888306e-01
9.93311166e-01  3.08407065e-01  3.37939606e-01
4.56718217e-01  3.95778180e-01  3.11641975e-01
4.49156164e-01  3.00474342e-01  2.82335260e-01
6.32824799e-01  9.70371151e-01  3.36285135e-01
6.04789543e-01  9.04768153e-01  2.87094596e-01
3.52344620e-01  3.43024825e-01  8.33579062e-01
8.63761009e-01  9.26653244e-01  3.09662707e-01
3.33178388e-01  3.92632288e-01  7.31883187e-01
6.98360346e-01  8.39250220e-01  9.03438842e-01
9.20041373e-01  7.21935372e-01  5.15676953e-01
5.58885999e-01  4.24614264e-01  9.64974605e-01
2.67377268e-01  3.30394957e-01  5.33353734e-01
3.61402852e-01  4.56224534e-01  7.79895677e-01
9.55193263e-01  3.80119125e-01  2.53468505e-01
8.89787344e-01  9.01362850e-01  2.97506883e-01
3.45510261e-01  4.11088109e-01  1.00003518e+00
9.18479739e-01  6.49727459e-01  2.91083694e-01
8.20357912e-01  3.05188071e-01  5.10637956e-01
5.81039775e-01  3.80638810e-01  3.17746763e-01
7.01412948e-01  4.31707492e-01  9.38543219e-01
5.07879058e-01  2.97025456e-01  8.40093410e-01
8.95601096e-01  4.10657383e-01  4.36219524e-01
9.49982972e-01  4.39168988e-01  4.56449133e-01
9.75798290e-01  2.85519242e-01  4.87290346e-01
7.54878551e-01  8.77650776e-01  8.62854138e-01
5.21417755e-01  8.87891535e-01  9.95442004e-01
2.71535462e-01  9.98504916e-01  6.97995667e-01
3.26377480e-01  2.97178723e-01  3.30566028e-01
8.64565369e-01  6.31619474e-01  9.05023701e-01
8.92828624e-01  4.60060561e-01  8.90047406e-01
2.63178690e-01  6.29717764e-01  3.62650856e-01
9.17918083e-01  4.01682602e-01  2.62508716e-01
2.51717326e-01  9.43225794e-01  4.14404992e-01
7.32692378e-01  9.58807512e-01  7.97386337e-01
4.18295058e-01  9.89859809e-01  5.82877683e-01
8.17773348e-01  2.80643828e-01  2.84910870e-01
3.36820758e-01  2.53697816e-01  8.94667107e-01
4.48355992e-01  3.72643054e-01  3.09847069e-01
9.43662059e-01  9.44256961e-01  9.75550923e-01
5.42491267e-01  9.99214477e-01  3.93911748e-01
2.91703722e-01  7.56356285e-01  3.23277344e-01
3.05331731e-01  9.99366314e-01  8.14948757e-01
9.00333863e-01  9.63085397e-01  2.74469940e-01
9.64797150e-01  3.43865914e-01  6.96772246e-01
2.51579292e-01  3.25004509e-01  9.69273689e-01
3.93799373e-01  9.40594725e-01  3.66276402e-01
2.81015263e-01  6.58207324e-01  8.72682873e-01
6.22344492e-01  7.99876936e-01  9.25693774e-01
7.93427177e-01  6.95678268e-01  3.56079186e-01
9.83245866e-01  3.80331784e-01  7.42922976e-01
2.67004497e-01  4.55120691e-01  7.97029505e-01
8.53236544e-01  3.41694130e-01  9.89714753e-01
7.56757441e-01  9.91817658e-01  2.51549811e-01
9.05701591e-01  4.58733995e-01  2.61416104e-01
6.61232307e-01  9.61519863e-01  9.60747592e-01
3.42788812e-01  9.79308833e-01  4.71084830e-01
8.69957619e-01  8.37046436e-01  3.37141362e-01
8.19182065e-01  9.93476173e-01  2.56363158e-01
9.78222362e-01  8.23704878e-01  8.64972953e-01
3.90110622e-01  9.69828214e-01  8.96936614e-01
6.12521200e-01  3.15127768e-01  3.03203431e-01
9.55144549e-01  3.89032407e-01  4.47357030e-01
9.13906825e-01  5.97780106e-01  3.37017534e-01
3.92417743e-01  3.85573189e-01  9.94220120e-01
2.84419199e-01  3.43177458e-01  6.87375758e-01
5.07431385e-01  5.79946175e-01  9.07364663e-01
9.81554942e-01  9.25135238e-01  9.62557769e-01
6.84530369e-01  3.33089012e-01  2.76532873e-01
4.41752007e-01  8.75220638e-01  3.30003737e-01
2.66657591e-01  8.70810284e-01  9.91286052e-01
9.15880932e-01  9.51639027e-01  9.35011877e-01
2.59206582e-01  2.55183140e-01  8.55077374e-01
3.46784219e-01  9.31260935e-01  9.57297017e-01
2.98830370e-01  6.92339429e-01  4.44360619e-01
7.72255519e-01  7.91017252e-01  2.67497526e-01
9.00159390e-01  2.55673281e-01  4.08624318e-01
3.51693342e-01  2.78161537e-01  8.45478237e-01
3.46593695e-01  5.27204284e-01  9.61814356e-01
9.78912798e-01  9.48106923e-01  9.87795090e-01
4.65219881e-01  6.52000022e-01  2.98572826e-01
4.77770697e-01  8.73766758e-01  9.26195049e-01
9.06829177e-01  5.23186119e-01  9.28964957e-01
3.48200926e-01  5.29046760e-01  3.11350143e-01
5.55862575e-01  4.39068131e-01  2.55201870e-01
2.94100690e-01  5.89541307e-01  3.13554534e-01
8.93285863e-01  4.37017847e-01  3.26874763e-01
7.88932071e-01  9.90572865e-01  4.08137784e-01
9.36720386e-01  2.75505907e-01  4.07305764e-01
8.75511638e-01  6.66268266e-01  2.52945796e-01
3.27403280e-01  3.15885225e-01  5.19640871e-01
9.48030179e-01  8.80531241e-01  4.82636030e-01
3.08347771e-01  5.33405934e-01  8.86591135e-01
3.28720572e-01  3.97249305e-01  8.63203604e-01
9.65655218e-01  8.08379469e-01  4.27637526e-01
9.71788599e-01  7.18731268e-01  3.05820774e-01
2.87069574e-01  8.15467337e-01  3.27483171e-01
3.51225479e-01  3.81731625e-01  4.50429379e-01
2.78827080e-01  5.20860765e-01  3.00097594e-01
8.81849691e-01  3.22321329e-01  8.56423008e-01
3.29558625e-01  9.58113051e-01  4.90418524e-01
3.10607635e-01  9.15007530e-01  2.58552233e-01
9.97386553e-01  5.84104780e-01  2.66542520e-01
9.75434614e-01  5.96615844e-01  9.84046313e-01
5.91248253e-01  2.75757232e-01  8.92411160e-01
3.07224827e-01  3.22804053e-01  9.25055156e-01
9.69456745e-01  5.99507510e-01  2.85765001e-01
9.24498749e-01  9.50827439e-01  3.22433103e-01
2.63062495e-01  3.65658548e-01  9.72058375e-01
3.36279023e-01  3.74360451e-01  4.18938419e-01
6.87132540e-01  2.55619350e-01  2.82079575e-01
4.45511882e-01  2.51963758e-01  8.95680038e-01
6.81280373e-01  2.76299174e-01  3.85624633e-01
8.71409028e-01  7.04173349e-01  9.56076739e-01
9.77404661e-01  8.64899914e-01  4.08011695e-01
9.78471987e-01  5.21788832e-01  3.00082875e-01
3.27967952e-01  3.16913931e-01  4.16965672e-01
2.59734566e-01  8.58044864e-01  2.97970151e-01
8.07487227e-01  8.37300482e-01  2.51940508e-01
8.50540578e-01  8.28884445e-01  5.19316026e-01
3.12028831e-01  3.30737829e-01  3.63731863e-01
2.54987045e-01  7.16712031e-01  5.52226546e-01
2.93256455e-01  4.81236116e-01  5.98859723e-01
2.81650905e-01  9.16138772e-01  6.87923740e-01
3.57552408e-01  2.93285284e-01  2.66228055e-01
8.61543090e-01  9.69542360e-01  5.61532495e-01
9.87059613e-01  7.31948239e-01  2.75696470e-01
4.23571365e-01  7.59777439e-01  6.39335193e-01
9.69689710e-01  7.34740813e-01  4.07257979e-01
5.85805899e-01  7.31070541e-01  5.63355401e-01
2.51770166e-01  8.57209002e-01  9.29443711e-01
9.91196957e-01  7.42643148e-01  5.20835778e-01
4.54386300e-01  3.46487135e-01  9.20963745e-01
8.35933504e-01  9.75049475e-01  4.52572787e-01
8.48424534e-01  3.54711237e-01  4.03269653e-01
4.54580369e-01  3.68058338e-01  2.61350969e-01
4.02825480e-01  5.96087029e-01  2.89404344e-01
3.13044823e-01  4.88782782e-01  7.00769600e-01
3.91866563e-01  7.88900848e-01  2.53183391e-01
8.93452127e-01  9.37678367e-01  6.33892410e-01
4.40951423e-01  9.82514180e-01  4.65652560e-01
9.51715630e-01  9.76967109e-01  8.33227537e-01
2.55477936e-01  3.31472302e-01  2.82043656e-01
9.25869548e-01  7.02384825e-01  9.04430749e-01
4.20080353e-01  3.35466633e-01  9.28214964e-01
2.63195668e-01  7.02918196e-01  8.65814789e-01
9.59099748e-01  4.34110861e-01  5.93240160e-01
3.68156876e-01  9.51235571e-01  3.61247672e-01
3.67032181e-01  2.87224280e-01  4.18511602e-01
8.54239610e-01  2.56694213e-01  3.56171327e-01
3.39393179e-01  5.41790819e-01  1.00000767e+00
3.80933937e-01  9.41227857e-01  7.67728196e-01
9.92196368e-01  8.46899806e-01  2.56230212e-01
9.81672203e-01  4.75092389e-01  3.22521543e-01
3.93063800e-01  3.74770086e-01  3.70138358e-01
6.33720532e-01  2.73311835e-01  9.47298071e-01
3.08430457e-01  3.62034678e-01  3.07021548e-01
4.28925921e-01  9.39813280e-01  9.00944304e-01
4.26540061e-01  9.54780908e-01  4.02990226e-01
3.52684677e-01  8.67134590e-01  4.75812733e-01
7.86387494e-01  7.98798343e-01  9.70269916e-01
9.60789541e-01  7.42615699e-01  3.40290092e-01
5.69335214e-01  8.62042712e-01  8.96413288e-01
2.53914118e-01  6.21749163e-01  5.67006104e-01
8.92184797e-01  6.02157831e-01  4.25867218e-01
9.59659747e-01  4.36634498e-01  9.07629229e-01
7.99444476e-01  4.22755214e-01  9.44592796e-01
4.81519247e-01  2.53044847e-01  5.55979154e-01
3.45947575e-01  6.78329950e-01  3.14925162e-01
8.79118313e-01  5.74465164e-01  8.07001422e-01
6.74917358e-01  9.85274336e-01  8.81248483e-01
3.51234093e-01  8.94002948e-01  8.98750380e-01
7.68787990e-01  9.78196526e-01  8.84086712e-01
8.17644159e-01  2.68861426e-01  5.05507878e-01
8.83803365e-01  9.79223581e-01  8.88132901e-01
9.29683598e-01  9.87505465e-01  2.83277737e-01
4.99711033e-01  3.41584208e-01  9.46898659e-01
9.65838078e-01  4.15775042e-01  7.60786084e-01
9.21260647e-01  9.52947452e-01  6.84349199e-01
8.93278292e-01  9.36258001e-01  2.87741044e-01
9.44552018e-01  2.61036663e-01  2.57538898e-01
3.14526710e-01  2.66968869e-01  9.56139332e-01
2.88022661e-01  6.36409770e-01  4.06869472e-01
9.65798579e-01  2.60588724e-01  9.33862186e-01
9.27910075e-01  6.56623612e-01  8.73202059e-01
6.26335247e-01  9.59872621e-01  9.51047877e-01
8.81837329e-01  5.17806184e-01  3.01248209e-01
9.97373655e-01  3.96648592e-01  2.90850211e-01
3.83878073e-01  6.18444373e-01  2.70962481e-01
4.61442079e-01  2.81301863e-01  3.10232933e-01
4.52079583e-01  9.58626463e-01  9.45673142e-01
3.13852247e-01  6.63801372e-01  3.26807649e-01
9.68612751e-01  4.15008961e-01  4.46852389e-01
5.66950998e-01  5.42209227e-01  2.80195736e-01
8.69374845e-01  3.13285601e-01  4.11412473e-01
6.42437914e-01  2.70398607e-01  8.87232253e-01
8.13571920e-01  6.88843465e-01  4.67129882e-01
5.09645659e-01  4.01859018e-01  9.80327025e-01
3.32028819e-01  9.56267892e-01  9.15007227e-01
7.74819204e-01  3.84523404e-01  4.01015448e-01
3.62892098e-01  9.98819486e-01  9.13938940e-01
8.36950033e-01  3.39681084e-01  9.34096869e-01
9.40493661e-01  5.43597165e-01  8.80743760e-01
8.52452552e-01  3.76071786e-01  6.04343875e-01
5.62046864e-01  9.19817277e-01  9.08819539e-01
9.96099821e-01  9.24049029e-01  4.10818809e-01
8.78597700e-01  2.97063721e-01  9.50277460e-01
9.55310873e-01  9.55803251e-01  5.77463122e-01
9.17566154e-01  9.56115533e-01  6.75790921e-01
8.99050882e-01  4.86213016e-01  8.27875441e-01
9.82371858e-01  9.71967105e-01  4.14286994e-01
2.63709631e-01  3.60945912e-01  3.02639948e-01
3.28010170e-01  8.81269198e-01  6.01171123e-01
6.05671427e-01  9.94654592e-01  9.18501431e-01
4.48845782e-01  9.89988819e-01  9.06686635e-01
3.85112493e-01  2.95241212e-01  8.65536321e-01
6.13676800e-01  9.59880802e-01  9.04884611e-01
3.61676944e-01  3.05270071e-01  4.08703879e-01
9.03864467e-01  3.48179965e-01  7.96309017e-01
8.61817788e-01  3.61743620e-01  7.98506751e-01
9.33696805e-01  4.21976763e-01  4.66195431e-01
9.90930744e-01  3.61785958e-01  8.51026706e-01
9.52174426e-01  3.69346522e-01  7.76045079e-01
3.53176363e-01  5.85299620e-01  9.79654468e-01
3.41770867e-01  9.15907395e-01  5.00581360e-01
3.89410641e-01  3.32551751e-01  9.84453171e-01
7.51380631e-01  2.81203993e-01  8.02046770e-01
4.61240811e-01  3.61346997e-01  5.90903609e-01
8.53409943e-01  7.70647113e-01  9.54406304e-01
9.28630237e-01  7.05769755e-01  8.86847627e-01
7.42685956e-01  9.34330637e-01  9.08132815e-01
2.90325555e-01  3.02660405e-01  4.49588605e-01
7.86490526e-01  2.76944727e-01  4.17217296e-01
5.27607029e-01  8.23928226e-01  2.90216759e-01
9.25124473e-01  4.14580607e-01  2.73107065e-01
4.17236607e-01  2.81069126e-01  9.97830109e-01
7.50966755e-01  2.67965903e-01  9.69038622e-01
6.13197980e-01  2.56607709e-01  7.17703230e-01
3.36117868e-01  3.16758528e-01  4.68885326e-01
2.99317616e-01  9.58589689e-01  7.54973007e-01
6.80832656e-01  3.47274475e-01  3.14993306e-01
9.03296138e-01  8.54358524e-01  4.55723922e-01
5.74069840e-01  2.50215660e-01  9.59800963e-01
8.82429072e-01  4.79764837e-01  8.19131484e-01
2.87425142e-01  5.39305773e-01  9.14954183e-01
9.66425317e-01  4.23005700e-01  3.67924738e-01
9.34671729e-01  3.52743290e-01  4.51192064e-01
7.15851321e-01  5.41774545e-01  6.34653599e-01
7.57458061e-01  3.77047764e-01  2.76526333e-01
9.28075924e-01  7.52244274e-01  9.33092803e-01
3.75635935e-01  3.25757012e-01  8.87234246e-01
2.87274252e-01  7.04906785e-01  2.67047841e-01
7.65618749e-01  6.94847295e-01  2.74621501e-01
3.30746317e-01  8.13609574e-01  9.46277318e-01
8.87270150e-01  3.96192087e-01  2.86203574e-01
4.07367500e-01  2.94236379e-01  7.95149207e-01
6.46738837e-01  5.33327688e-01  8.11898514e-01
7.52945775e-01  9.68245412e-01  3.06139563e-01
3.04009579e-01  4.89180360e-01  8.34189004e-01
2.69389258e-01  4.11766373e-01  4.64161545e-01
4.46938072e-01  9.51536660e-01  5.00252580e-01
3.24617698e-01  9.35251155e-01  5.39685021e-01
2.86635878e-01  9.41787452e-01  8.15341153e-01
9.28400147e-01  9.63711910e-01  2.54994116e-01
4.46327711e-01  2.53894020e-01  9.60267346e-01
4.69780724e-01  9.01685865e-01  9.25125435e-01
7.10164741e-01  9.15749327e-01  9.32118189e-01
9.63616106e-01  9.82783726e-01  8.91891520e-01
8.40386473e-01  8.52064200e-01  9.45659368e-01
3.69869831e-01  2.69314921e-01  6.80120734e-01
4.14713685e-01  3.30419892e-01  3.62998828e-01
3.50929964e-01  5.77000864e-01  9.08209200e-01
2.75807491e-01  4.34456937e-01  6.47502205e-01
9.91016287e-01  6.62543485e-01  2.70337251e-01
9.80433429e-01  2.87497169e-01  9.98590774e-01
7.63714711e-01  5.03685803e-01  2.66577449e-01
3.02735330e-01  8.98121588e-01  4.26381282e-01
3.14258332e-01  8.98752045e-01  6.82092822e-01
3.92510491e-01  9.40083959e-01  7.80549838e-01
2.97513026e-01  2.73632547e-01  5.35193669e-01
8.45487528e-01  2.55740518e-01  5.05960774e-01
7.88533282e-01  9.84948608e-01  9.92790263e-01
9.27063629e-01  2.55063293e-01  4.73237872e-01
2.58109633e-01  5.75620222e-01  3.17595215e-01
5.02718700e-01  9.73678496e-01  8.64541590e-01
4.07579547e-01  9.77190006e-01  2.99916419e-01
9.86061273e-01  7.97495694e-01  7.76077906e-01
3.99625838e-01  9.80970926e-01  5.86296187e-01
4.37944663e-01  3.73584414e-01  2.97352295e-01
9.55706837e-01  9.39818739e-01  8.69734301e-01
7.91629218e-01  9.31654049e-01  2.54314111e-01
2.83777271e-01  4.03435656e-01  3.80567821e-01
2.81969850e-01  9.63764053e-01  9.01636356e-01
5.59104606e-01  3.59622955e-01  9.90711289e-01
9.48224084e-01  2.99476848e-01  6.59944289e-01
7.81103726e-01  7.25446502e-01  4.05419459e-01
3.59159231e-01  8.98172410e-01  4.73126722e-01
7.77985542e-01  2.62138372e-01  3.33655542e-01
3.34391415e-01  7.49291013e-01  3.00372236e-01
2.59370639e-01  2.91326347e-01  8.22854302e-01
3.06706544e-01  3.00339172e-01  3.92957766e-01
9.89903763e-01  4.16888991e-01  8.06097824e-01
8.05901887e-01  9.75799582e-01  5.49256693e-01
5.53684957e-01  8.28291081e-01  9.94818354e-01
8.23567860e-01  9.61418444e-01  3.07817640e-01
6.26661862e-01  9.75932849e-01  6.19294040e-01
8.66314729e-01  2.53941980e-01  2.98107071e-01
3.98068211e-01  3.82173000e-01  8.81433918e-01
7.40491236e-01  3.37680780e-01  5.05072027e-01
8.91481927e-01  7.99991662e-01  3.68402261e-01
9.42559925e-01  9.22362148e-01  9.00328665e-01
9.81166900e-01  8.91932491e-01  8.70455452e-01
2.93108454e-01  8.50039312e-01  4.86365130e-01
4.98564575e-01  4.13037288e-01  9.88015576e-01
6.74887454e-01  2.54389155e-01  3.27400244e-01
3.47867017e-01  2.69399726e-01  6.94736938e-01
9.87272969e-01  9.75688838e-01  9.45373624e-01
5.58665661e-01  3.92000409e-01  9.97077206e-01
2.63091999e-01  5.86591120e-01  3.35645341e-01
2.84765324e-01  4.09624405e-01  6.42858999e-01
8.69291907e-01  7.48599887e-01  8.53038770e-01
2.63014687e-01  4.78040520e-01  6.73620788e-01
3.00628882e-01  9.04472816e-01  8.20514863e-01
9.12941452e-01  2.90900691e-01  5.77183193e-01
8.30469018e-01  3.58798428e-01  9.84356502e-01
2.63330792e-01  7.58452837e-01  3.85179772e-01
2.95736400e-01  3.64054890e-01  5.04858144e-01
3.25100961e-01  2.82319889e-01  6.13615952e-01
5.58995544e-01  3.83282514e-01  9.83418778e-01
6.73034301e-01  3.44984645e-01  9.08130915e-01
8.64328957e-01  8.05041340e-01  9.32908036e-01
8.72253677e-01  9.24267874e-01  3.55772553e-01
4.83012049e-01  4.55139831e-01  3.32828999e-01
7.40068069e-01  6.40903000e-01  9.27340664e-01
3.62300351e-01  5.48965730e-01  3.28843901e-01
3.47629815e-01  9.03715480e-01  9.10086988e-01
8.35253713e-01  9.27187322e-01  2.93004222e-01
2.55339293e-01  4.52390520e-01  4.28389784e-01
4.76728152e-01  3.36628405e-01  9.42408741e-01
3.72225792e-01  4.33640093e-01  9.59292449e-01
2.67405953e-01  8.76283769e-01  6.10462093e-01
3.32710808e-01  3.97611137e-01  2.61758631e-01
8.02041964e-01  6.59966233e-01  8.80366703e-01
3.88989307e-01  3.83875624e-01  5.41906269e-01
7.25302197e-01  7.13026506e-01  3.04263506e-01
2.58483536e-01  9.56105612e-01  3.29144363e-01
9.85531124e-01  9.48447732e-01  5.30523798e-01
9.00849735e-01  9.67859835e-01  4.93307108e-01
2.69210754e-01  2.61100558e-01  6.37518002e-01
9.50753141e-01  9.98841877e-01  5.58342580e-01
2.55353626e-01  8.51506231e-01  5.44141582e-01
3.87350601e-01  3.27849561e-01  9.99542590e-01
4.58449015e-01  9.97725424e-01  8.86445162e-01
9.77778216e-01  7.52312433e-01  3.31566241e-01
6.54548784e-01  3.38191822e-01  9.64082434e-01
3.03681620e-01  6.85371936e-01  9.86704843e-01
9.70721964e-01  9.02556803e-01  9.05880055e-01
2.74095339e-01  9.77108694e-01  9.06767831e-01
3.72458566e-01  2.55418832e-01  3.51934907e-01
9.81367393e-01  2.97957717e-01  5.55021257e-01
8.40217560e-01  6.53723510e-01  2.61407040e-01
8.24173267e-01  3.95123870e-01  3.50097809e-01
5.28691509e-01  2.71425497e-01  2.96380291e-01
3.41871561e-01  5.77665502e-01  9.81391130e-01
6.14963515e-01  2.65910794e-01  3.08095133e-01
9.99725497e-01  7.68166160e-01  7.47622407e-01
9.82593102e-01  9.36403673e-01  4.62617741e-01
4.45221315e-01  9.92550233e-01  6.62889712e-01
9.47429556e-01  9.27248511e-01  5.40366305e-01
9.68058085e-01  7.93803244e-01  6.64425752e-01
8.71770682e-01  4.82249267e-01  9.53565073e-01
9.22716673e-01  8.97561841e-01  8.07072119e-01
5.56362464e-01  2.62838310e-01  5.71366995e-01
3.05444668e-01  5.07444026e-01  3.24644012e-01
2.99801029e-01  3.59310886e-01  7.48235461e-01
6.97547474e-01  9.63754793e-01  3.72605769e-01
9.83888420e-01  9.87141028e-01  9.73119183e-01
2.50095763e-01  6.16844577e-01  8.61292472e-01
3.77562252e-01  2.80992689e-01  7.76480951e-01
4.96869777e-01  4.24976873e-01  3.23401939e-01
2.76600465e-01  2.90873004e-01  5.07933641e-01
3.27325650e-01  9.34551666e-01  4.79370420e-01
6.85218776e-01  8.72894028e-01  3.86618607e-01
4.19328098e-01  8.29644691e-01  8.89452390e-01
9.37776852e-01  6.86449992e-01  9.85212739e-01
8.79122579e-01  2.58999212e-01  3.58684505e-01
7.89642492e-01  8.86871274e-01  3.62444344e-01
2.83247008e-01  3.34114370e-01  6.00625244e-01
9.32014652e-01  2.53040160e-01  8.83947522e-01
2.80457261e-01  3.04281241e-01  8.81478473e-01
9.48680127e-01  9.19089566e-01  3.63887695e-01
5.50996226e-01  8.84455630e-01  9.17603470e-01
2.54824029e-01  3.66258009e-01  9.85721404e-01
7.38046931e-01  9.54616084e-01  9.12453837e-01
8.25013259e-01  9.24548087e-01  9.99080832e-01
7.45664142e-01  2.86553336e-01  9.52390122e-01
3.35785439e-01  7.97554328e-01  7.12580864e-01
9.84597353e-01  5.01662697e-01  2.80059668e-01
6.16157198e-01  3.06232532e-01  3.11878752e-01
3.11552933e-01  8.41085913e-01  4.38524615e-01
2.57188710e-01  3.27755299e-01  4.95063449e-01
9.56600776e-01  3.08442707e-01  8.99355127e-01
9.65432818e-01  8.88888485e-01  5.19171360e-01
5.24170179e-01  3.47460677e-01  7.89608656e-01
9.20088942e-01  3.03132955e-01  7.84448926e-01
8.40715599e-01  3.07618079e-01  3.99942843e-01
9.83171495e-01  7.53259149e-01  4.25091208e-01
9.14938009e-01  5.41847404e-01  9.48862608e-01
4.10934547e-01  9.67343672e-01  8.06296023e-01
9.14971616e-01  9.96939872e-01  3.64841890e-01
8.67982977e-01  4.08000054e-01  3.88290385e-01
9.91536525e-01  2.66214187e-01  8.25596442e-01
9.54852529e-01  4.31194557e-01  4.39751886e-01
2.98471690e-01  7.45695361e-01  3.05085987e-01
2.58483693e-01  8.66501431e-01  5.05188476e-01
9.67601522e-01  4.05331773e-01  9.33447579e-01
8.74642850e-01  3.43737761e-01  3.02466300e-01
8.22104071e-01  3.34191524e-01  2.90285766e-01
3.96400751e-01  9.11381241e-01  8.92855384e-01
3.69819966e-01  2.94941598e-01  4.09883279e-01
7.09527681e-01  2.68669916e-01  9.67872067e-01
9.77325674e-01  9.80512208e-01  3.12891861e-01
3.22613608e-01  2.74248183e-01  5.02692407e-01
4.48798172e-01  8.34755808e-01  3.18890608e-01
9.44004893e-01  5.08024338e-01  9.22494171e-01
7.82472476e-01  7.09297314e-01  3.08394898e-01
3.89362192e-01  3.01430386e-01  2.64426411e-01
5.76065612e-01  2.53998869e-01  4.30072617e-01
8.84080509e-01  9.87172515e-01  4.93782201e-01
3.79806392e-01  9.22828331e-01  8.93142739e-01
4.87375665e-01  2.51141022e-01  7.36306188e-01
6.91722806e-01  9.09922601e-01  9.78594533e-01
9.20275634e-01  9.47229153e-01  9.34814417e-01
9.57058368e-01  9.39917523e-01  4.51188713e-01
9.05391367e-01  3.52436956e-01  8.13233273e-01
9.08486123e-01  3.38340588e-01  3.31630391e-01
2.53455405e-01  3.87272812e-01  6.60220047e-01
9.89405813e-01  9.76870044e-01  4.97655134e-01
9.08491386e-01  9.53771482e-01  7.11163680e-01
8.72776699e-01  9.13136639e-01  9.80863230e-01
2.50342168e-01  6.47294206e-01  4.25604467e-01
2.54020656e-01  6.85891193e-01  5.16955488e-01
9.71581721e-01  8.52629159e-01  9.60235563e-01
8.55651032e-01  3.91902971e-01  8.86444034e-01
9.34251966e-01  5.51917686e-01  7.75865723e-01
4.37970497e-01  4.18560731e-01  2.87043945e-01
2.61644940e-01  9.80637750e-01  3.83705741e-01
2.99223220e-01  9.81158795e-01  8.32374510e-01
6.24483071e-01  9.79390403e-01  3.46446595e-01
9.67613809e-01  3.82830702e-01  2.76184992e-01
9.62208629e-01  8.72715257e-01  7.64707186e-01
2.89211864e-01  6.71516849e-01  8.84833663e-01
9.31974161e-01  2.73919551e-01  8.70313957e-01
9.02367615e-01  6.99928275e-01  3.53001571e-01
2.88159400e-01  2.98770504e-01  9.92598213e-01
4.23634332e-01  6.40665728e-01  9.36835360e-01
2.79853193e-01  4.61183644e-01  2.88726969e-01
8.40988600e-01  9.60765241e-01  9.24149332e-01
3.89415817e-01  9.01231316e-01  8.98560587e-01
9.00608663e-01  9.39994342e-01  7.77346698e-01
7.34061004e-01  2.69947669e-01  8.90436004e-01
5.40410906e-01  9.16343673e-01  9.68228488e-01
9.48832582e-01  3.11656963e-01  5.26512395e-01
2.91439198e-01  4.78382218e-01  5.16370715e-01
7.68160419e-01  5.64580393e-01  9.59565059e-01
5.04224853e-01  9.38522452e-01  9.68170125e-01
8.52622821e-01  2.93804271e-01  2.89767731e-01
8.78684734e-01  6.87806201e-01  9.88998515e-01
9.55651277e-01  3.63588174e-01  5.23903830e-01
3.08895781e-01  3.74224174e-01  2.83752112e-01
9.73784077e-01  3.81787590e-01  6.77894089e-01
4.10008603e-01  2.53873780e-01  2.83994234e-01
3.90155169e-01  8.94290501e-01  3.04612235e-01
9.91647864e-01  3.43296901e-01  7.59712791e-01
4.42571730e-01  4.02860440e-01  4.54546239e-01
7.21823741e-01  5.74377331e-01  3.41308290e-01
2.86152199e-01  3.12654263e-01  6.87685188e-01
5.15183054e-01  9.30780008e-01  4.10000571e-01
9.94351623e-01  3.59990566e-01  9.44490538e-01
5.80876725e-01  3.25364811e-01  9.45086105e-01
8.29996479e-01  9.48924001e-01  7.95920730e-01
3.36380448e-01  3.81057146e-01  3.49115362e-01
9.43892841e-01  9.69638565e-01  8.95226815e-01
8.06281193e-01  8.70491377e-01  9.86937988e-01
6.78733990e-01  3.97826432e-01  3.80639521e-01
9.00919139e-01  2.51431572e-01  8.66396064e-01
6.28458179e-01  2.64955440e-01  3.43694886e-01
7.37666591e-01  9.75036845e-01  8.32834956e-01
3.80659465e-01  9.31722671e-01  3.51639407e-01
8.50942032e-01  5.89728705e-01  9.45183584e-01
3.46792347e-01  9.77229547e-01  5.07313253e-01
9.06075650e-01  3.77405307e-01  9.62341058e-01
8.96098968e-01  3.52748808e-01  8.78386036e-01
8.86480497e-01  3.93354009e-01  7.96533234e-01
4.04139704e-01  5.45426730e-01  2.66019418e-01
7.27039496e-01  9.68172112e-01  8.73825373e-01
6.82978175e-01  2.77220001e-01  3.04866048e-01
3.17582479e-01  7.15989626e-01  2.57855050e-01
3.42716628e-01  9.71634271e-01  3.12849299e-01
7.42526965e-01  9.54767067e-01  7.18335406e-01
8.13863943e-01  9.01783850e-01  3.03094794e-01
2.50882105e-01  9.82894084e-01  9.29140455e-01
9.17587434e-01  8.85378512e-01  3.53470279e-01
4.24689262e-01  5.14298959e-01  2.53192320e-01
3.08670265e-01  4.94802855e-01  3.03389057e-01
2.89513362e-01  7.74815186e-01  4.50421536e-01
3.67187904e-01  4.37188555e-01  9.49694941e-01
4.01169384e-01  5.39428440e-01  9.99090224e-01
7.01137265e-01  2.84899512e-01  8.82707818e-01
5.84971594e-01  2.81523440e-01  3.36441835e-01
3.54265260e-01  5.47437836e-01  7.82585429e-01
4.67732566e-01  9.50909693e-01  2.57016126e-01
2.63461880e-01  6.83294132e-01  8.68995895e-01
9.21100171e-01  3.80914570e-01  9.31597062e-01
9.31503922e-01  3.54161312e-01  9.02137877e-01
9.81485348e-01  7.79441187e-01  4.72467254e-01
3.71784900e-01  3.08574058e-01  3.04760057e-01
4.53547366e-01  3.30920615e-01  3.48264809e-01
9.63471126e-01  5.73326637e-01  2.74238854e-01
2.60373236e-01  2.89175526e-01  2.64345507e-01
3.21305143e-01  2.83940441e-01  6.08576813e-01
9.34332089e-01  4.56776903e-01  3.09191559e-01
9.83284163e-01  7.44202839e-01  6.87237432e-01
3.70601012e-01  9.23885669e-01  3.11979039e-01
2.56102516e-01  3.08355969e-01  3.17512813e-01
8.79508300e-01  8.77977630e-01  8.38521774e-01
3.39239187e-01  3.19672060e-01  9.17929911e-01
5.69739518e-01  9.74384162e-01  2.99574420e-01
9.65052388e-01  8.28842092e-01  3.89639127e-01
6.94629091e-01  3.20351682e-01  3.07320476e-01
3.52296208e-01  2.55823792e-01  3.22803095e-01
8.49972183e-01  9.22381698e-01  9.39670936e-01
5.56461176e-01  2.65415002e-01  3.92181529e-01
8.75752174e-01  8.44557335e-01  9.94505433e-01
9.82715879e-01  9.09948529e-01  8.53140708e-01
8.64696251e-01  2.53017884e-01  4.10654113e-01
6.23893955e-01  9.27950810e-01  6.89100571e-01
9.32123607e-01  8.92600490e-01  9.51214941e-01
9.62098167e-01  9.10076585e-01  4.16043383e-01
7.80310244e-01  2.92311359e-01  9.07640478e-01
4.63074688e-01  4.13638285e-01  2.95910946e-01
2.75394300e-01  5.13507054e-01  9.60715742e-01
4.69010188e-01  4.87620238e-01  2.59838280e-01
9.60338617e-01  2.78847417e-01  8.51410565e-01
3.56459372e-01  8.43570969e-01  4.06010738e-01
4.97509710e-01  7.78151385e-01  9.81186200e-01
3.19741184e-01  9.22791644e-01  4.72523938e-01
4.24559324e-01  7.97862015e-01  2.59595317e-01
3.99735541e-01  8.71088486e-01  2.90448944e-01
4.05595758e-01  9.66267155e-01  3.18485900e-01
2.86458050e-01  8.96843116e-01  9.81452470e-01
9.72526863e-01  4.14802770e-01  5.16619713e-01
7.66551540e-01  9.55573973e-01  9.58115818e-01
9.18631696e-01  8.31855406e-01  9.24854603e-01
3.46470959e-01  8.74037304e-01  4.53780346e-01
8.44291769e-01  8.06603198e-01  9.63663454e-01
5.55724212e-01  2.60632431e-01  7.95638356e-01
2.53671625e-01  9.50148613e-01  3.45865287e-01
9.35716669e-01  9.49340999e-01  9.69500959e-01
6.37286344e-01  4.69115373e-01  2.69408277e-01
7.86957091e-01  4.08427136e-01  9.66497522e-01
2.66716834e-01  9.41150270e-01  9.80740613e-01
4.49623091e-01  8.33005030e-01  3.72471626e-01
2.74579176e-01  9.55022941e-01  2.94549506e-01
9.99353535e-01  9.78213695e-01  6.22080834e-01
9.95240769e-01  8.92688236e-01  7.42824071e-01
2.51952715e-01  9.82409279e-01  8.98881047e-01
9.72655824e-01  3.16957612e-01  9.45961995e-01
2.81978211e-01  2.66798196e-01  7.63252921e-01
6.30449604e-01  8.81473526e-01  2.74370783e-01
2.56109631e-01  8.91871872e-01  8.55816590e-01
5.42943818e-01  4.54612329e-01  3.05643710e-01
9.32474230e-01  5.23535546e-01  9.21249600e-01
9.85433582e-01  7.53286801e-01  2.97772343e-01
2.61451210e-01  3.07272243e-01  7.12451850e-01
9.78187787e-01  2.64980550e-01  9.72652237e-01
9.22428483e-01  7.95235839e-01  3.44460867e-01
2.93065516e-01  5.18890339e-01  9.40598954e-01
4.14960823e-01  4.41997335e-01  2.93854228e-01
3.62332362e-01  2.56162809e-01  6.08152912e-01
8.54400491e-01  7.72491801e-01  9.78217301e-01
9.67696577e-01  4.09243849e-01  6.61724769e-01
2.80659472e-01  7.97382889e-01  2.77620610e-01
9.60611513e-01  3.31138576e-01  5.79134696e-01
9.03665321e-01  9.98346301e-01  9.72136500e-01
9.22011129e-01  4.86827861e-01  8.41125776e-01
2.75524334e-01  9.72606454e-01  4.54628662e-01
9.58464851e-01  3.29446935e-01  6.90490308e-01
2.79359517e-01  3.35853805e-01  3.05478609e-01
3.09423592e-01  4.12457826e-01  4.16070494e-01
2.68455178e-01  6.02942998e-01  9.82315309e-01
9.15923298e-01  5.43558952e-01  9.29041096e-01
2.88078346e-01  7.69897279e-01  8.97325243e-01
9.48211131e-01  8.96198195e-01  2.87608641e-01
8.61020630e-01  3.24107055e-01  7.24941602e-01
4.91681486e-01  8.84432455e-01  9.64973739e-01
4.84096025e-01  9.53907624e-01  8.82198383e-01
6.95971650e-01  8.09410349e-01  3.66057541e-01
8.21202236e-01  2.55739084e-01  9.53776289e-01
3.49587711e-01  9.22456736e-01  4.73786794e-01
8.22836440e-01  9.76011118e-01  9.90243180e-01
6.91694701e-01  4.50341660e-01  3.12728475e-01
3.07785514e-01  7.06512744e-01  3.14760815e-01
