8.07598032e-01  6.43451493e-01  8.07783091e-01  9.29401554e-01  4.70564591e-01  8.12524820e-01
8.56334686e-01  1.99963677e-01  9.30227529e-01  9.21274645e-01  1.30532210e-01  9.44695924e-01
9.07101730e-01  7.05669637e-01  4.29504329e-01  9.81287639e-01  7.52274721e-01  4.13507762e-01
8.47602228e-01  8.08825895e-01  5.64569636e-01  9.63599645e-01  6.75183318e-01  5.45071166e-01
8.24265604e-01  5.25676422e-01  8.27650575e-01  9.30004117e-01  3.47499721e-01  8.37636351e-01
9.65363441e-01  4.14843235e-01  4.20483515e-01  9.88999106e-01  4.05214200e-01  4.45773898e-01
9.26979500e-01  3.52677876e-01  5.91178147e-01  9.65555890e-01  2.86285739e-01  6.24089995e-01
8.77553925e-01  8.25904248e-01  4.51777153e-01  9.76805183e-01  8.52482404e-01  4.18656001e-01
8.60995354e-01  3.53427119e-01  8.14757483e-01  9.35574589e-01  2.12508565e-01  8.33701177e-01
9.26353501e-01  3.43726134e-01  5.99115959e-01  9.66446691e-01  2.31402010e-01  6.31300104e-01
7.91168005e-01  5.53464801e-01  9.22005874e-01  9.14630956e-01  3.82556771e-01  9.27957254e-01
8.49836928e-01  7.93699035e-01  5.66801515e-01  9.58922984e-01  7.68922780e-01  5.52987548e-01
8.88660382e-01  1.90313059e-01  8.26715133e-01  9.35422430e-01  1.35762628e-01  8.52746487e-01
8.52161613e-01  5.05457044e-01  7.46047133e-01  9.40735945e-01  3.81035910e-01  7.60927110e-01
8.73907159e-01  7.37290261e-01  5.21690272e-01  9.66700385e-01  7.34093412e-01  5.11319853e-01
7.66847771e-01  6.03519260e-01  9.72099506e-01  9.08740300e-01  3.46415455e-01  9.74238936e-01
8.14158651e-01  6.41276763e-01  7.86916291e-01  9.32956963e-01  4.62094865e-01  7.91721420e-01
8.81648570e-01  3.93161023e-01  7.18824686e-01  9.47018224e-01  2.88883652e-01  7.42341653e-01
7.54176511e-01  8.00359214e-01  8.87322935e-01  9.17212276e-01  5.02376389e-01  8.83193864e-01
8.80630730e-01  8.07358727e-01  4.53369838e-01  9.77622090e-01  8.12427194e-01  4.22848589e-01
8.62013140e-01  5.80812816e-01  6.63669343e-01  9.51974507e-01  4.45159898e-01  6.73767740e-01
9.39523038e-01  3.29105661e-01  5.63888859e-01  9.70067981e-01  2.66321896e-01  5.99859024e-01
7.90783027e-01  4.64269238e-01  9.81230702e-01  9.10280493e-01  2.56214789e-01  9.85600798e-01
7.66179497e-01  6.34827124e-01  9.54040254e-01  9.10547322e-01  3.75090311e-01  9.55900334e-01
8.83187770e-01  5.81221779e-01  5.91501737e-01  9.63555590e-01  4.42438626e-01  6.00151019e-01
7.93753795e-01  4.62738125e-01  9.72135277e-01  9.10764726e-01  2.77951222e-01  9.77377889e-01
8.80184113e-01  8.05716040e-01  4.55953033e-01  9.79837313e-01  7.48360341e-01  4.23728609e-01
8.93787309e-01  7.06197471e-01  4.74372028e-01  9.79001282e-01  6.18074543e-01  4.59763255e-01
8.79801969e-01  7.65705925e-01  4.83226048e-01  9.75317293e-01  7.08953412e-01  4.61988201e-01
7.89398062e-01  4.58690914e-01  9.89555193e-01  9.06299038e-01  3.25661891e-01  9.94779457e-01
8.67252971e-01  6.66622448e-01  5.90164987e-01  9.57673656e-01  6.33859011e-01  5.92797520e-01
8.69889908e-01  5.46071996e-01  6.59477151e-01  9.52556803e-01  4.32206808e-01  6.73083780e-01
7.99516351e-01  6.43974082e-01  8.34887633e-01  9.23777666e-01  5.06343367e-01  8.40161757e-01
8.90943492e-01  3.83781946e-01  6.93350623e-01  9.49940689e-01  3.06696023e-01  7.19408935e-01
9.60264253e-01  2.87709594e-01  5.20335417e-01  9.76564795e-01  2.49405942e-01  5.62184616e-01
9.37871929e-01  4.10613091e-01  5.16578677e-01  9.74341830e-01  3.81054321e-01  5.45442838e-01
9.49085968e-01  3.51116624e-01  5.17127174e-01  9.77377929e-01  2.74403771e-01  5.51085382e-01
8.05197137e-01  7.40078688e-01  7.53199876e-01  9.36585482e-01  5.37461410e-01  7.50710483e-01
8.73998050e-01  2.86273379e-01  8.14202992e-01  9.37046951e-01  1.61305373e-01  8.36315882e-01
8.35728184e-01  6.64731192e-01  6.98442818e-01  9.46673848e-01  4.75327309e-01  7.00652798e-01
8.81120539e-01  5.88527368e-01  5.93777937e-01  9.61269298e-01  4.92608096e-01  6.02998661e-01
7.69893106e-01  7.03323653e-01  8.96953442e-01  9.16800278e-01  4.53115995e-01  8.97433985e-01
9.36779709e-01  3.74363427e-01  5.43821673e-01  9.72257787e-01  3.09819955e-01  5.75576935e-01
7.85506020e-01  6.95125354e-01  8.49255082e-01  9.22807851e-01  4.87925468e-01  8.50716743e-01
8.03238269e-01  4.03109456e-01  9.78643098e-01  9.10820507e-01  2.45598176e-01  9.84637814e-01
8.41794374e-01  8.06849768e-01  5.85574181e-01  9.60783003e-01  6.54590671e-01  5.67979536e-01
8.38275382e-01  3.68303789e-01  8.82253476e-01  9.24646034e-01  2.44761775e-01  8.96182585e-01
8.86892532e-01  7.88529659e-01  4.44331343e-01  9.74238137e-01  9.15810366e-01  4.20205798e-01
8.12340913e-01  4.03376440e-01  9.47555871e-01  9.15433413e-01  2.43598153e-01  9.55529659e-01
8.46933947e-01  2.79888261e-01  9.10257013e-01  9.22301998e-01  1.87339952e-01  9.24732914e-01
9.73629108e-01  2.97825190e-01  4.68089645e-01  9.85686660e-01  2.28194653e-01  5.08173848e-01
9.28326833e-01  6.05858183e-01  4.21935473e-01  9.88396103e-01  5.42866135e-01  4.16715660e-01
8.23241579e-01  9.71043631e-01  5.41675114e-01  9.64477740e-01  8.54879185e-01  4.96617365e-01
7.86294333e-01  6.53906068e-01  8.73042458e-01  9.17928179e-01  5.05437194e-01  8.77366562e-01
7.50822570e-01  6.58606835e-01  9.90455267e-01  9.03869413e-01  4.02625739e-01  9.91721245e-01
9.49682036e-01  3.75693893e-01  4.98849670e-01  9.80646715e-01  2.76086636e-01  5.29213816e-01
9.50992135e-01  5.10422516e-01  4.06932851e-01  9.91844379e-01  4.55649575e-01  4.15139832e-01
7.33212744e-01  7.71604860e-01  9.76888622e-01  9.04095007e-01  4.64572166e-01  9.75689216e-01
7.70794918e-01  6.09163064e-01  9.54730702e-01  9.07556792e-01  4.42371248e-01  9.58718714e-01
9.51922807e-01  4.97992559e-01  4.11842171e-01  9.86681556e-01  5.47799463e-01  4.26547624e-01
8.44344533e-01  2.28689937e-01  9.51997855e-01  9.18349974e-01  1.29031849e-01  9.63286599e-01
8.83126039e-01  7.61521063e-01  4.74357761e-01  9.71443549e-01  8.32460457e-01  4.57231763e-01
8.32679826e-01  9.64315497e-01  5.13994034e-01  9.66333696e-01  9.27794673e-01  4.67550168e-01
7.45128904e-01  6.80970146e-01  9.95270695e-01  9.02872090e-01  4.11354881e-01  9.96061044e-01
7.47641780e-01  7.22276549e-01  9.59915768e-01  9.07039444e-01  4.51265409e-01  9.59941891e-01
1.00053247e+00  2.83109756e-01  3.86291784e-01  9.96911415e-01  2.64273133e-01  4.27707872e-01
8.34028935e-01  9.58843845e-01  5.12965239e-01  9.65804908e-01  9.40760424e-01  4.67888060e-01
9.39376336e-01  4.76780238e-01  4.68216012e-01  9.82905730e-01  3.99327274e-01  4.85713646e-01
9.43415129e-01  4.78757097e-01  4.53218407e-01  9.82425397e-01  4.70846518e-01  4.71955140e-01
8.77227548e-01  2.52224098e-01  8.25045056e-01  9.34717261e-01  1.71005864e-01  8.48453966e-01
8.85748748e-01  2.83871502e-01  7.75560444e-01  9.40700490e-01  2.05365948e-01  8.01998947e-01
8.75328181e-01  2.58501501e-01  8.27419698e-01  9.35030754e-01  1.56120238e-01  8.49948591e-01
7.62183092e-01  6.55401845e-01  9.53954749e-01  9.08949597e-01  4.16710787e-01  9.55829496e-01
7.99766055e-01  6.20288149e-01  8.49121023e-01  9.22602587e-01  4.72680056e-01  8.55106232e-01
8.16057616e-01  4.80374972e-01  8.84639521e-01  9.20713407e-01  3.54537130e-01  8.95036506e-01
8.86334440e-01  2.36599825e-01  8.04263493e-01  9.37826344e-01  1.63054718e-01  8.30390258e-01
9.00242564e-01  2.47244815e-01  7.50122529e-01  9.45119104e-01  1.75525383e-01  7.80692315e-01
7.95391703e-01  4.73503803e-01  9.59283884e-01  9.10628637e-01  3.28822569e-01  9.65756559e-01
8.25493781e-01  8.04780695e-01  6.41972180e-01  9.53857357e-01  5.87180149e-01  6.27741258e-01
8.74837388e-01  8.11645344e-01  4.69961014e-01  9.74647369e-01  8.11934924e-01  4.41521773e-01
9.40316891e-01  4.28997961e-01  4.96043546e-01  9.79835553e-01  3.36077273e-01  5.20290765e-01
7.66866684e-01  5.93742323e-01  9.78085547e-01  9.07044887e-01  3.62878895e-01  9.80717788e-01
8.76997172e-01  7.41298934e-01  5.08297707e-01  9.68645293e-01  7.43644631e-01  4.96084411e-01
7.97180973e-01  5.88265775e-01  8.78693322e-01  9.22797825e-01  3.46729863e-01  8.83509067e-01
9.78167061e-01  2.75392655e-01  4.67244247e-01  9.84946164e-01  2.36449079e-01  5.10978425e-01
7.64784157e-01  6.49046507e-01  9.49247095e-01  9.07983686e-01  4.58681711e-01  9.52141040e-01
8.36632253e-01  8.37398880e-01  5.82971969e-01  9.61209702e-01  6.70906690e-01  5.60885942e-01
7.68209742e-01  7.70004210e-01  8.59078035e-01  9.21765238e-01  4.92110380e-01  8.55900548e-01
8.10115808e-01  6.84122817e-01  7.72528331e-01  9.32058288e-01  5.52008804e-01  7.75797766e-01
9.37566148e-01  2.89549480e-01  5.95916939e-01  9.65595250e-01  2.38149224e-01  6.34654753e-01
8.32654525e-01  4.28939515e-01  8.61673416e-01  9.25101403e-01  3.18833585e-01  8.75306364e-01
8.90423793e-01  3.82814753e-01  6.95446656e-01  9.52424950e-01  2.35296770e-01  7.19774098e-01
8.50583527e-01  5.93914921e-01  6.93676453e-01  9.44894857e-01  5.06969548e-01  7.04093574e-01
9.52429141e-01  4.37647027e-01  4.49300220e-01  9.83328928e-01  4.38972617e-01  4.73666146e-01
9.04553005e-01  3.73599032e-01  6.53451100e-01  9.58424996e-01  2.38332578e-01  6.80587040e-01
7.62714914e-01  6.46914570e-01  9.57660087e-01  9.09678857e-01  3.82477390e-01  9.59213618e-01
7.62722245e-01  6.91280650e-01  9.28826653e-01  9.10286060e-01  4.87362007e-01  9.30624924e-01
8.36129171e-01  2.50147716e-01  9.65965212e-01  9.15423805e-01  1.55967895e-01  9.75707755e-01
8.46121991e-01  7.84418161e-01  5.85144023e-01  9.56477745e-01  7.45075978e-01  5.73764486e-01
9.67304900e-01  3.88990514e-01  4.30377734e-01  9.89524175e-01  3.35635917e-01  4.58272373e-01
8.32679826e-01  9.64315497e-01  5.13994034e-01  9.66333696e-01  9.27794673e-01  4.67550168e-01
8.66841601e-01  8.42873950e-01  4.76836740e-01  9.69178148e-01  9.33474936e-01  4.47974613e-01
8.40168996e-01  2.46798720e-01  9.54420086e-01  9.17639001e-01  1.40613616e-01  9.65118579e-01
9.64264749e-01  3.89837099e-01  4.40150895e-01  9.85742772e-01  3.87617776e-01  4.70279756e-01
1.00053247e+00  2.83109756e-01  3.86291784e-01  9.96911415e-01  2.64273133e-01  4.27707872e-01
9.80696770e-01  2.48185571e-01  4.76317699e-01  9.83258361e-01  2.28210569e-01  5.23740112e-01
7.34886104e-01  7.66111219e-01  9.74772519e-01  9.03849782e-01  4.78634956e-01  9.73950550e-01
9.29209696e-01  5.56180690e-01  4.51188816e-01  9.79671826e-01  5.93939116e-01  4.60630037e-01
9.89092855e-01  3.11898218e-01  4.06445330e-01  9.92096962e-01  3.18488023e-01  4.45813275e-01
8.50312732e-01  2.12488088e-01  9.42248817e-01  9.19145840e-01  1.41469769e-01  9.55254810e-01
8.47622657e-01  9.48253840e-01  4.73681458e-01  9.70427690e-01  9.98012208e-01  4.24768253e-01
9.35549717e-01  5.50875548e-01  4.33105154e-01  9.82391301e-01  5.99118534e-01  4.41973707e-01
7.45128904e-01  6.80970146e-01  9.95270695e-01  9.02872090e-01  4.11354881e-01  9.96061044e-01
8.50349793e-01  2.61233890e-01  9.10471337e-01  9.22403214e-01  1.78911328e-01  9.25552208e-01
7.39542720e-01  7.07179658e-01  9.97223648e-01  9.02169770e-01  4.24209386e-01  9.97537875e-01
8.17628727e-01  3.50503933e-01  9.63630901e-01  9.12685890e-01  2.45397527e-01  9.72207552e-01
8.41088981e-01  2.55170961e-01  9.45859481e-01  9.18976803e-01  1.38313744e-01  9.57081794e-01
8.00249090e-01  8.83735172e-01  6.76435480e-01  9.46699322e-01  6.58651523e-01  6.56810948e-01
8.72855261e-01  8.19870997e-01  4.71351369e-01  9.76157831e-01  7.76642186e-01  4.40146127e-01
8.50651387e-01  2.74123260e-01  9.01078164e-01  9.23946321e-01  1.75554115e-01  9.16447968e-01
8.13662124e-01  8.78238229e-01  6.34457161e-01  9.53273554e-01  6.70581707e-01  6.11848432e-01
8.77227548e-01  2.52224098e-01  8.25045056e-01  9.34717261e-01  1.71005864e-01  8.48453966e-01
8.72961852e-01  8.23557159e-01  4.68596021e-01  9.73312466e-01  8.57803453e-01  4.39281830e-01
8.75328181e-01  2.58501501e-01  8.27419698e-01  9.35030754e-01  1.56120238e-01  8.49948591e-01
7.97119173e-01  5.18383923e-01  9.24275688e-01  9.14221815e-01  3.76273604e-01  9.31543915e-01
9.40316891e-01  4.28997961e-01  4.96043546e-01  9.79835553e-01  3.36077273e-01  5.20290765e-01
8.93367730e-01  2.91204854e-01  7.44927205e-01  9.46279845e-01  1.78096186e-01  7.72644287e-01
7.90656953e-01  4.96574830e-01  9.60383084e-01  9.09843245e-01  3.47576837e-01  9.66376951e-01
7.58738549e-01  6.48748152e-01  9.69973274e-01  9.07221830e-01  3.96802657e-01  9.71595747e-01
8.41718491e-01  4.42516049e-01  8.22079245e-01  9.33497627e-01  2.57681742e-01  8.35866767e-01
8.44428020e-01  3.90587913e-01  8.46593578e-01  9.30642285e-01  2.26680619e-01  8.61474703e-01
7.88951699e-01  6.00749115e-01  8.98532734e-01  9.16010378e-01  4.44025251e-01  9.04123187e-01
7.68209742e-01  7.70004210e-01  8.59078035e-01  9.21765238e-01  4.92110380e-01  8.55900548e-01
8.50583527e-01  5.93914921e-01  6.93676453e-01  9.44894857e-01  5.06969548e-01  7.04093574e-01
8.56417085e-01  8.84810672e-01  4.85007957e-01  9.69134606e-01  9.30139859e-01  4.49038987e-01
8.49667578e-01  3.84013860e-01  8.33068870e-01  9.32772481e-01  2.21224829e-01  8.49100176e-01
8.55011982e-01  8.03422540e-01  5.42618480e-01  9.61807076e-01  8.03811688e-01  5.25764642e-01
7.64573823e-01  8.14654616e-01  8.42434952e-01  9.23803679e-01  5.19991933e-01  8.36265181e-01
7.56163354e-01  7.01535107e-01  9.44444121e-01  9.10722672e-01  4.16305293e-01  9.44555613e-01
7.46958424e-01  6.79004303e-01  9.90333727e-01  9.03265609e-01  4.20703939e-01  9.91336437e-01
8.55463763e-01  8.87769015e-01  4.86324503e-01  9.69787537e-01  9.11315196e-01  4.49284512e-01
9.02688259e-01  6.84449136e-01  4.57969601e-01  9.75951224e-01  7.40862337e-01  4.49894791e-01
7.86001932e-01  6.49775769e-01  8.76717379e-01  9.17911810e-01  4.90655237e-01  8.80951910e-01
7.64784157e-01  6.49046507e-01  9.49247095e-01  9.07983686e-01  4.58681711e-01  9.52141040e-01
9.26923207e-01  4.23334084e-01  5.45200236e-01  9.73318797e-01  3.01932203e-01  5.70114704e-01
7.87423832e-01  9.11734501e-01  7.01808539e-01  9.42372821e-01  6.72185359e-01  6.81365928e-01
7.50822570e-01  6.58606835e-01  9.90455267e-01  9.03869413e-01  4.02625739e-01  9.91721245e-01
8.59746893e-01  7.57923985e-01  5.56079454e-01  9.60399894e-01  7.54298165e-01  5.46444761e-01
9.24593705e-01  2.96068232e-01  6.35734979e-01  9.61574135e-01  1.94958087e-01  6.70607014e-01
8.52820523e-01  3.65368353e-01  8.34467799e-01  9.32796124e-01  2.11192350e-01  8.51310694e-01
