6.02688354e-01  2.86608807e-01  3.52890615e-01
3.37845422e-01  9.78892696e-01  8.13584432e-01
9.24093824e-01  2.91200852e-01  8.09820353e-01
9.21100171e-01  3.80914570e-01  9.31597062e-01
8.34815132e-01  9.85200958e-01  3.07107701e-01
3.21043181e-01  3.63355517e-01  3.10458196e-01
3.09423592e-01  4.12457826e-01  4.16070494e-01
8.55878230e-01  8.68091178e-01  2.85359518e-01
9.20088942e-01  3.03132955e-01  7.84448926e-01
3.47629815e-01  9.03715480e-01  9.10086988e-01
3.24951047e-01  9.74277878e-01  4.91952640e-01
3.39239187e-01  3.19672060e-01  9.17929911e-01
9.29849599e-01  9.50388141e-01  3.04781718e-01
9.80433429e-01  2.87497169e-01  9.98590774e-01
2.62482877e-01  4.24484715e-01  7.40798591e-01
2.51717326e-01  9.43225794e-01  4.14404992e-01
9.91387039e-01  3.52607502e-01  6.84716650e-01
5.09645659e-01  4.01859018e-01  9.80327025e-01
9.60611513e-01  3.31138576e-01  5.79134696e-01
4.48694509e-01  8.80961131e-01  8.94103697e-01
2.86403582e-01  4.21348458e-01  8.57014336e-01
8.89787344e-01  9.01362850e-01  2.97506883e-01
2.50996892e-01  8.43020918e-01  9.89324696e-01
6.53771582e-01  9.88809274e-01  3.67029311e-01
8.82516257e-01  4.34739463e-01  8.31386809e-01
9.21471884e-01  8.17554090e-01  9.48548375e-01
9.48468844e-01  6.91570641e-01  8.46200905e-01
2.62559686e-01  9.83871215e-01  8.29127827e-01
9.66178764e-01  6.67260033e-01  8.52694897e-01
4.37944663e-01  3.73584414e-01  2.97352295e-01
9.74794240e-01  5.30499322e-01  2.57721474e-01
9.09559115e-01  9.44802909e-01  9.66266356e-01
8.03131968e-01  2.94930206e-01  3.24664002e-01
4.90060285e-01  3.28338780e-01  3.88233779e-01
9.27075729e-01  3.87171942e-01  9.74589041e-01
8.61020630e-01  3.24107055e-01  7.24941602e-01
5.78638197e-01  8.10172160e-01  9.50405431e-01
4.36142516e-01  3.08044681e-01  7.51401999e-01
2.77486080e-01  4.92027287e-01  7.50629246e-01
8.13863943e-01  9.01783850e-01  3.03094794e-01
9.56342127e-01  7.21004718e-01  4.65242439e-01
9.42722626e-01  3.43059292e-01  6.54725156e-01
9.82593102e-01  9.36403673e-01  4.62617741e-01
9.83888420e-01  9.87141028e-01  9.73119183e-01
9.55310873e-01  9.55803251e-01  5.77463122e-01
8.62961288e-01  7.70169086e-01  8.47347516e-01
4.42979517e-01  9.55107757e-01  2.63332943e-01
9.57058368e-01  9.39917523e-01  4.51188713e-01
2.78786579e-01  2.61286500e-01  5.33950525e-01
2.58483536e-01  9.56105612e-01  3.29144363e-01
8.56287894e-01  7.10199219e-01  9.42477716e-01
8.66617957e-01  9.42464996e-01  4.39813401e-01
2.63709631e-01  3.60945912e-01  3.02639948e-01
3.11837319e-01  9.84696629e-01  2.62389277e-01
2.50882105e-01  9.82894084e-01  9.29140455e-01
7.76244017e-01  8.37563409e-01  3.11998510e-01
9.48680127e-01  9.19089566e-01  3.63887695e-01
6.78572135e-01  4.32002996e-01  9.55957033e-01
9.21423008e-01  2.85092017e-01  8.73496947e-01
8.93278292e-01  9.36258001e-01  2.87741044e-01
2.54824029e-01  3.66258009e-01  9.85721404e-01
2.86406751e-01  3.06050494e-01  3.84008276e-01
7.80310244e-01  2.92311359e-01  9.07640478e-01
9.90553624e-01  9.30543449e-01  9.17000328e-01
6.93208026e-01  2.85302841e-01  3.06619892e-01
2.81098170e-01  9.98907006e-01  6.97003446e-01
9.05625016e-01  9.38653412e-01  3.87137977e-01
2.55732436e-01  4.00617274e-01  6.63451075e-01
9.80673751e-01  1.00039984e+00  6.25343859e-01
4.10485549e-01  5.38295191e-01  3.32287605e-01
9.60606950e-01  8.11902586e-01  6.93755862e-01
3.51971442e-01  3.10526442e-01  5.75861883e-01
2.63461880e-01  6.83294132e-01  8.68995895e-01
9.49084773e-01  7.53752033e-01  9.95329140e-01
8.54239610e-01  2.56694213e-01  3.56171327e-01
9.36890671e-01  2.56207201e-01  7.48559160e-01
3.14526710e-01  2.66968869e-01  9.56139332e-01
8.89180082e-01  4.98330332e-01  8.43404266e-01
9.75837376e-01  8.95566246e-01  3.26117335e-01
2.66293234e-01  6.47682888e-01  9.11422489e-01
3.52296208e-01  2.55823792e-01  3.22803095e-01
2.88020592e-01  5.84212981e-01  4.46659865e-01
6.54548784e-01  3.38191822e-01  9.64082434e-01
7.50966755e-01  2.67965903e-01  9.69038622e-01
9.89122486e-01  9.88998236e-01  5.01437262e-01
4.35474897e-01  3.23399032e-01  3.90222775e-01
9.70721964e-01  9.02556803e-01  9.05880055e-01
4.66507957e-01  8.35210953e-01  2.89450655e-01
9.87183894e-01  5.87321825e-01  2.84338804e-01
9.69834394e-01  3.35838886e-01  9.51065931e-01
3.71046030e-01  7.91758051e-01  2.68599301e-01
5.79112259e-01  3.63431142e-01  9.09155092e-01
4.23096242e-01  8.90641900e-01  9.66533519e-01
6.81280373e-01  2.76299174e-01  3.85624633e-01
9.33395839e-01  3.81446248e-01  5.07984341e-01
3.45177248e-01  3.60449198e-01  4.03288480e-01
9.08486123e-01  3.38340588e-01  3.31630391e-01
8.60174309e-01  9.31652359e-01  5.62122145e-01
5.25209172e-01  6.87979365e-01  3.29337980e-01
6.82978175e-01  2.77220001e-01  3.04866048e-01
6.12318290e-01  3.92262531e-01  9.98071763e-01
3.11475971e-01  4.60339970e-01  9.02652219e-01
3.28010170e-01  8.81269198e-01  6.01171123e-01
8.88153682e-01  8.95648349e-01  9.83367588e-01
3.99910860e-01  3.22759702e-01  2.68178056e-01
7.71572381e-01  3.16617918e-01  9.44198375e-01
9.94247766e-01  8.84189960e-01  5.09068828e-01
5.06852438e-01  2.78540159e-01  5.93324464e-01
3.32028819e-01  9.56267892e-01  9.15007227e-01
8.04568401e-01  9.20320289e-01  4.41667490e-01
2.97441130e-01  8.46550578e-01  4.49749755e-01
9.20518931e-01  9.56881066e-01  4.96532018e-01
8.50613892e-01  9.24101202e-01  6.82912442e-01
2.88159400e-01  2.98770504e-01  9.92598213e-01
4.13532782e-01  2.63840969e-01  9.33906949e-01
7.98813057e-01  8.39221868e-01  9.16486585e-01
3.56657815e-01  5.64743708e-01  9.12859465e-01
8.06281193e-01  8.70491377e-01  9.86937988e-01
9.68917321e-01  7.54245263e-01  5.97349323e-01
2.76325807e-01  5.63534426e-01  7.81443252e-01
3.71784900e-01  3.08574058e-01  3.04760057e-01
3.73114520e-01  3.96247749e-01  7.93273226e-01
3.30464723e-01  3.79223399e-01  7.93033077e-01
9.48832582e-01  3.11656963e-01  5.26512395e-01
6.58731707e-01  4.39891253e-01  9.86286080e-01
9.51842781e-01  9.44112371e-01  3.31617396e-01
4.93799866e-01  2.95843084e-01  7.39415141e-01
2.59370639e-01  2.91326347e-01  8.22854302e-01
2.95127976e-01  9.86440541e-01  5.91639424e-01
4.87389020e-01  6.56803565e-01  2.62531839e-01
7.52127151e-01  7.73532505e-01  9.71131273e-01
2.75871270e-01  7.52705560e-01  9.85131379e-01
9.85010671e-01  6.42958544e-01  9.79997141e-01
2.73201662e-01  5.37015729e-01  2.82528122e-01
8.91564863e-01  5.30968576e-01  9.60942268e-01
8.50683945e-01  9.73140449e-01  3.18899503e-01
4.47689838e-01  6.05875691e-01  2.67825128e-01
4.74177649e-01  9.50722885e-01  5.54294154e-01
9.89667233e-01  6.84312516e-01  8.88048725e-01
2.86152199e-01  3.12654263e-01  6.87685188e-01
9.76647296e-01  4.84337538e-01  3.58098204e-01
7.09527681e-01  2.68669916e-01  9.67872067e-01
3.49587711e-01  9.22456736e-01  4.73786794e-01
9.76055068e-01  9.52139549e-01  6.04513846e-01
2.59328645e-01  9.77804955e-01  3.20998508e-01
2.58483693e-01  8.66501431e-01  5.05188476e-01
8.17190809e-01  8.86770652e-01  3.77330358e-01
4.69665088e-01  3.19832197e-01  8.29621887e-01
4.05595758e-01  9.66267155e-01  3.18485900e-01
7.23457625e-01  2.68766972e-01  4.46454068e-01
9.30333651e-01  9.51246033e-01  7.64911554e-01
8.53468750e-01  3.35126494e-01  8.72091762e-01
3.92513679e-01  2.98110745e-01  5.72093395e-01
2.87274252e-01  7.04906785e-01  2.67047841e-01
7.45664142e-01  2.86553336e-01  9.52390122e-01
2.89828222e-01  4.05040872e-01  8.53047250e-01
5.27607029e-01  8.23928226e-01  2.90216759e-01
3.71818054e-01  9.80931750e-01  7.91376938e-01
5.60167964e-01  4.29795104e-01  2.70096620e-01
2.63178690e-01  6.29717764e-01  3.62650856e-01
7.75034451e-01  7.26982682e-01  9.84179269e-01
7.39778423e-01  2.78271475e-01  3.81967809e-01
2.74034573e-01  3.31857647e-01  5.24444194e-01
8.58800732e-01  8.76200779e-01  8.15202972e-01
9.27910075e-01  6.56623612e-01  8.73202059e-01
2.71229536e-01  8.17240683e-01  3.27515789e-01
2.91754027e-01  4.45347623e-01  7.23862291e-01
2.51043590e-01  7.12505282e-01  4.08939819e-01
9.14337978e-01  3.65419863e-01  9.20849732e-01
9.22199222e-01  9.69249273e-01  3.85932357e-01
8.99122817e-01  4.08306814e-01  8.48104712e-01
3.08670265e-01  4.94802855e-01  3.03389057e-01
2.53140519e-01  9.81229902e-01  6.59458397e-01
3.31965152e-01  2.97438317e-01  3.10988209e-01
8.53344962e-01  9.07488843e-01  5.97185203e-01
3.11323329e-01  2.57643839e-01  5.91189613e-01
9.45721480e-01  9.90802022e-01  4.73828444e-01
8.13776275e-01  2.74625217e-01  8.60436917e-01
6.68018542e-01  9.68586166e-01  3.79954832e-01
9.69138021e-01  7.45835006e-01  8.07757875e-01
8.78062499e-01  3.35447218e-01  9.94030602e-01
3.41871561e-01  5.77665502e-01  9.81391130e-01
2.97513026e-01  2.73632547e-01  5.35193669e-01
3.59596645e-01  9.46889741e-01  3.76825358e-01
6.43374398e-01  2.71991766e-01  3.06364213e-01
9.34332089e-01  4.56776903e-01  3.09191559e-01
8.59993638e-01  2.74639513e-01  8.43979260e-01
6.71173152e-01  4.30678649e-01  7.61993522e-01
9.39989563e-01  7.86689167e-01  9.40648521e-01
9.12072336e-01  5.86548313e-01  8.57722116e-01
8.12313852e-01  9.67301387e-01  9.19385206e-01
6.69080594e-01  9.00328572e-01  8.43793150e-01
7.84479657e-01  9.25231794e-01  4.14668319e-01
7.77985542e-01  2.62138372e-01  3.33655542e-01
8.22919931e-01  8.43611354e-01  2.96736029e-01
6.29191928e-01  2.88528000e-01  9.43057909e-01
9.27063629e-01  2.55063293e-01  4.73237872e-01
9.41583191e-01  2.71021950e-01  5.37040212e-01
2.84459189e-01  4.11694848e-01  3.49183976e-01
2.58366520e-01  3.93513507e-01  4.10943498e-01
9.88584946e-01  4.34575554e-01  6.63483155e-01
7.42685956e-01  9.34330637e-01  9.08132815e-01
3.14409388e-01  9.92691881e-01  4.34223175e-01
5.52357034e-01  2.52717582e-01  4.12616635e-01
8.40715599e-01  3.07618079e-01  3.99942843e-01
2.77583523e-01  8.88203972e-01  3.64755528e-01
3.70952690e-01  5.66996485e-01  9.17513477e-01
4.51379513e-01  5.38690496e-01  2.92964789e-01
7.88958140e-01  8.22997397e-01  9.35573255e-01
3.02407252e-01  4.10447511e-01  9.90455191e-01
9.56600776e-01  3.08442707e-01  8.99355127e-01
8.83113963e-01  5.92619903e-01  9.99554413e-01
3.62332362e-01  2.56162809e-01  6.08152912e-01
3.89410641e-01  3.32551751e-01  9.84453171e-01
3.04422245e-01  9.29950080e-01  5.08585369e-01
3.19482623e-01  9.24689759e-01  8.97875258e-01
3.73258659e-01  3.02926662e-01  2.95212999e-01
7.32091936e-01  9.96132706e-01  8.88282572e-01
3.13775349e-01  7.58877880e-01  9.39803161e-01
6.19787079e-01  2.90927488e-01  3.64939294e-01
2.61095997e-01  8.38243884e-01  4.17543837e-01
4.14195995e-01  8.76563589e-01  9.90601996e-01
2.83247008e-01  3.34114370e-01  6.00625244e-01
6.54819134e-01  3.21773301e-01  5.14965025e-01
9.88747796e-01  6.02202985e-01  3.34650994e-01
9.17239548e-01  4.72995650e-01  9.62952493e-01
2.87425142e-01  5.39305773e-01  9.14954183e-01
2.61644940e-01  9.80637750e-01  3.83705741e-01
6.74917358e-01  9.85274336e-01  8.81248483e-01
9.76532189e-01  8.04253835e-01  9.43431626e-01
9.37009216e-01  3.19682975e-01  8.01433219e-01
9.59099748e-01  4.34110861e-01  5.93240160e-01
7.55874137e-01  9.85151957e-01  4.83079452e-01
4.65220494e-01  7.98932652e-01  9.72105450e-01
3.16837484e-01  8.16530442e-01  7.98368180e-01
5.18517381e-01  7.38624240e-01  5.68708358e-01
9.77325674e-01  9.80512208e-01  3.12891861e-01
8.53242195e-01  3.39083125e-01  4.86111274e-01
8.03599929e-01  4.03186518e-01  9.37758120e-01
5.50029873e-01  7.98175820e-01  2.85360273e-01
9.90930744e-01  3.61785958e-01  8.51026706e-01
6.94629091e-01  3.20351682e-01  3.07320476e-01
3.42044630e-01  7.64129409e-01  2.66689344e-01
2.88512732e-01  9.05514808e-01  9.21954741e-01
3.27325650e-01  9.34551666e-01  4.79370420e-01
2.78960459e-01  4.58399630e-01  6.65568398e-01
3.41069423e-01  5.88949614e-01  2.70476591e-01
4.85726424e-01  2.97269688e-01  7.80091602e-01
8.46552481e-01  5.99235600e-01  9.99236851e-01
8.05901887e-01  9.75799582e-01  5.49256693e-01
9.92785852e-01  9.79645916e-01  4.70564372e-01
9.60789541e-01  7.42615699e-01  3.40290092e-01
3.45093299e-01  3.33719993e-01  7.65181826e-01
4.43962921e-01  3.62994917e-01  3.57375160e-01
2.65439542e-01  3.41739466e-01  3.86034451e-01
6.84530369e-01  3.33089012e-01  2.76532873e-01
8.57135879e-01  5.70237418e-01  9.56378846e-01
3.91866563e-01  7.88900848e-01  2.53183391e-01
8.67179773e-01  4.45175256e-01  3.36628975e-01
8.64696251e-01  2.53017884e-01  4.10654113e-01
6.87132540e-01  2.55619350e-01  2.82079575e-01
8.78597700e-01  2.97063721e-01  9.50277460e-01
2.76574615e-01  4.63426065e-01  7.13898878e-01
3.29805142e-01  2.88238201e-01  9.49862629e-01
4.06241475e-01  8.47777721e-01  3.39060096e-01
8.30882145e-01  5.43247124e-01  3.01968963e-01
2.52958826e-01  9.41184468e-01  4.94293072e-01
4.39327848e-01  3.05010739e-01  8.05028098e-01
9.31923809e-01  8.83382789e-01  6.37195424e-01
3.25255851e-01  3.72271278e-01  2.86096755e-01
6.36506732e-01  4.07559129e-01  9.59753417e-01
5.96150089e-01  4.28900934e-01  9.50601149e-01
3.49116214e-01  8.54446308e-01  8.18212194e-01
4.93503403e-01  9.42214321e-01  8.24320517e-01
3.26377480e-01  2.97178723e-01  3.30566028e-01
3.65532536e-01  8.90855165e-01  6.46869155e-01
3.40577196e-01  8.79807567e-01  6.75395212e-01
3.24574563e-01  3.94237744e-01  8.84494403e-01
9.55706837e-01  9.39818739e-01  8.69734301e-01
9.85634949e-01  4.31905673e-01  3.63638242e-01
3.72458566e-01  2.55418832e-01  3.51934907e-01
2.79853193e-01  4.61183644e-01  2.88726969e-01
7.30770760e-01  2.60017263e-01  4.92444106e-01
6.45133324e-01  2.71687978e-01  8.90980266e-01
8.24173267e-01  3.95123870e-01  3.50097809e-01
4.39431872e-01  2.60841266e-01  4.56415867e-01
3.64450671e-01  2.74010921e-01  8.60601186e-01
3.72542440e-01  4.21243093e-01  9.32396828e-01
3.43001758e-01  3.01395970e-01  4.20775062e-01
8.36140819e-01  9.54726990e-01  6.37387733e-01
5.14753353e-01  5.65793084e-01  9.82907100e-01
9.86947555e-01  9.79751646e-01  7.77538607e-01
9.27638165e-01  3.74207821e-01  5.79969097e-01
8.87572574e-01  6.25687649e-01  3.44971253e-01
9.24498749e-01  9.50827439e-01  3.22433103e-01
3.29591258e-01  8.59490416e-01  6.90673155e-01
2.99859088e-01  6.96605521e-01  4.35862103e-01
7.14464561e-01  3.76135411e-01  2.88841479e-01
7.89642492e-01  8.86871274e-01  3.62444344e-01
8.12233538e-01  7.49308462e-01  6.66848673e-01
3.09182759e-01  4.08480202e-01  9.77537398e-01
8.39608449e-01  8.72388230e-01  8.11544535e-01
8.51994031e-01  8.86324781e-01  4.73805243e-01
6.48107274e-01  3.25535861e-01  2.59769041e-01
7.91398452e-01  9.83686936e-01  6.39797698e-01
8.75651030e-01  5.98850528e-01  9.57414554e-01
9.18712046e-01  2.94952931e-01  9.24915209e-01
7.72504137e-01  2.57640348e-01  6.90748137e-01
2.87216904e-01  4.04796671e-01  8.78247622e-01
9.92196368e-01  8.46899806e-01  2.56230212e-01
4.06852153e-01  9.90051289e-01  4.91120669e-01
9.47429556e-01  9.27248511e-01  5.40366305e-01
9.55651277e-01  3.63588174e-01  5.23903830e-01
2.55191077e-01  9.76163889e-01  7.21550647e-01
8.98050151e-01  3.82940331e-01  9.53727764e-01
2.50342168e-01  6.47294206e-01  4.25604467e-01
9.87164181e-01  3.86439695e-01  2.99792430e-01
3.93166481e-01  5.66343600e-01  8.99513552e-01
9.26409790e-01  3.85573029e-01  7.22894691e-01
8.76419340e-01  7.31528440e-01  8.54346989e-01
4.83855661e-01  2.73676246e-01  5.45781243e-01
3.04730706e-01  4.19459048e-01  5.25682910e-01
9.29904507e-01  2.63167716e-01  8.81790881e-01
4.90864959e-01  7.59555724e-01  9.45713708e-01
9.21551087e-01  8.89277907e-01  9.21745379e-01
5.25511889e-01  5.38211222e-01  3.23238443e-01
9.81978092e-01  7.84456421e-01  5.86339962e-01
9.85264886e-01  8.37806522e-01  4.77698616e-01
9.71581721e-01  8.52629159e-01  9.60235563e-01
9.39057685e-01  5.80875255e-01  9.52717355e-01
7.52945775e-01  9.68245412e-01  3.06139563e-01
3.10782906e-01  7.04406134e-01  9.83910766e-01
7.02988635e-01  4.74542996e-01  2.72545500e-01
3.16377539e-01  9.92671123e-01  2.63908332e-01
5.15342356e-01  6.92562160e-01  8.98756153e-01
2.51579292e-01  3.25004509e-01  9.69273689e-01
6.75693167e-01  8.24446182e-01  2.74813338e-01
8.75715952e-01  9.23224730e-01  2.83359268e-01
5.14313734e-01  5.43896697e-01  2.71782241e-01
9.02367615e-01  6.99928275e-01  3.53001571e-01
3.51225479e-01  3.81731625e-01  4.50429379e-01
4.23074182e-01  3.75270150e-01  8.02012131e-01
3.08430457e-01  3.62034678e-01  3.07021548e-01
5.91820123e-01  7.83845215e-01  9.76905188e-01
8.19958357e-01  3.72981004e-01  3.39121111e-01
4.21926869e-01  7.30613686e-01  9.16186054e-01
3.00767044e-01  8.94120289e-01  7.01214735e-01
3.15929243e-01  8.13549448e-01  5.20221339e-01
8.79559888e-01  8.80735547e-01  2.69176209e-01
3.54382209e-01  4.32875134e-01  9.90039198e-01
3.54725849e-01  8.90805285e-01  8.58971508e-01
7.47105235e-01  9.84558147e-01  5.85356852e-01
9.43522436e-01  9.62356137e-01  3.53568875e-01
2.80778468e-01  4.57096843e-01  7.93863948e-01
9.83070911e-01  7.42611739e-01  9.00103253e-01
8.49077442e-01  9.64566602e-01  8.93459519e-01
9.03665321e-01  9.98346301e-01  9.72136500e-01
7.15676208e-01  2.90520170e-01  8.86589423e-01
9.10989206e-01  3.60336317e-01  6.75169490e-01
4.91102584e-01  5.94405927e-01  7.98900325e-01
8.53409943e-01  7.70647113e-01  9.54406304e-01
9.63336282e-01  5.62692720e-01  9.07631330e-01
8.36316488e-01  9.08011938e-01  8.96467376e-01
3.07441157e-01  9.02173391e-01  6.95970648e-01
3.87350601e-01  3.27849561e-01  9.99542590e-01
9.81805786e-01  5.06356486e-01  3.06796852e-01
2.89716962e-01  2.54570106e-01  4.76601230e-01
3.29836503e-01  4.18843273e-01  9.10353744e-01
8.30469018e-01  3.58798428e-01  9.84356502e-01
9.07318534e-01  4.30165687e-01  8.77558031e-01
3.61592195e-01  6.93698394e-01  9.26236330e-01
2.93065516e-01  5.18890339e-01  9.40598954e-01
8.98136512e-01  9.89468652e-01  7.79657719e-01
6.39852631e-01  9.51432792e-01  4.41399941e-01
2.76730885e-01  2.91263930e-01  9.29046749e-01
6.72531827e-01  9.97925633e-01  6.97218189e-01
3.70682606e-01  3.01000002e-01  2.50384955e-01
9.91536525e-01  2.66214187e-01  8.25596442e-01
8.07250798e-01  8.68727548e-01  9.90322241e-01
3.53423139e-01  7.73081636e-01  9.84688183e-01
9.43662059e-01  9.44256961e-01  9.75550923e-01
9.53883593e-01  2.95876881e-01  3.35548571e-01
9.12503475e-01  7.02295010e-01  8.17727434e-01
6.74571401e-01  9.81100065e-01  9.80762707e-01
2.66991691e-01  6.67481785e-01  9.83467726e-01
2.53671625e-01  9.50148613e-01  3.45865287e-01
2.85347026e-01  9.16546771e-01  2.71888306e-01
5.76745647e-01  8.06245065e-01  4.17836441e-01
2.76606165e-01  9.51164670e-01  6.95136698e-01
9.60354662e-01  8.65585473e-01  2.65294339e-01
7.01753718e-01  8.94520944e-01  3.34896884e-01
3.36049563e-01  2.52790826e-01  7.13179514e-01
5.58885999e-01  4.24614264e-01  9.64974605e-01
2.90039245e-01  5.71386163e-01  8.29914874e-01
8.92832214e-01  9.60340397e-01  9.16378191e-01
7.35959593e-01  3.11371647e-01  8.03096180e-01
3.18563051e-01  3.74800420e-01  8.51603644e-01
3.82248573e-01  3.26327493e-01  3.04749880e-01
2.98830370e-01  6.92339429e-01  4.44360619e-01
3.12028831e-01  3.30737829e-01  3.63731863e-01
7.59934741e-01  9.04677470e-01  8.66562272e-01
6.95953523e-01  9.69449940e-01  4.43499007e-01
7.88932071e-01  9.90572865e-01  4.08137784e-01
9.84597353e-01  5.01662697e-01  2.80059668e-01
2.55477936e-01  3.31472302e-01  2.82043656e-01
9.54852529e-01  4.31194557e-01  4.39751886e-01
3.56311967e-01  9.04020086e-01  3.32901328e-01
9.19248504e-01  4.14213040e-01  3.36801090e-01
3.23918711e-01  3.94350480e-01  9.50399365e-01
2.74095339e-01  9.77108694e-01  9.06767831e-01
9.14938009e-01  5.41847404e-01  9.48862608e-01
8.90832148e-01  9.54610913e-01  9.28551789e-01
9.67696577e-01  4.09243849e-01  6.61724769e-01
6.32824799e-01  9.70371151e-01  3.36285135e-01
9.00822060e-01  4.95770135e-01  9.28071509e-01
9.61559159e-01  8.61141151e-01  5.09825085e-01
9.95877239e-01  6.73140456e-01  6.69851454e-01
2.98338709e-01  9.72314544e-01  5.80402263e-01
3.49726034e-01  8.58546894e-01  8.43335145e-01
9.90495548e-01  7.38507535e-01  7.38515251e-01
4.24863463e-01  9.93078687e-01  7.50782795e-01
7.67840050e-01  4.55500801e-01  9.55875680e-01
2.90325555e-01  3.02660405e-01  4.49588605e-01
9.97373655e-01  3.96648592e-01  2.90850211e-01
4.24559324e-01  7.97862015e-01  2.59595317e-01
2.99223220e-01  9.81158795e-01  8.32374510e-01
9.93103692e-01  2.63942688e-01  2.64827534e-01
2.80746964e-01  2.93740945e-01  2.89469475e-01
8.56450136e-01  4.89222231e-01  2.67741971e-01
5.39713309e-01  8.18064435e-01  9.90926451e-01
8.51312235e-01  2.51408620e-01  5.21130550e-01
9.65882612e-01  9.35824959e-01  6.15393202e-01
4.69071661e-01  6.53236801e-01  6.68152050e-01
7.43106440e-01  9.64413711e-01  5.82727512e-01
7.70048586e-01  4.75915001e-01  9.57814926e-01
3.55231551e-01  9.71849108e-01  3.17101084e-01
9.77119443e-01  6.76811331e-01  4.47083997e-01
2.99801029e-01  3.59310886e-01  7.48235461e-01
3.50795728e-01  8.32783220e-01  9.98232780e-01
9.29529912e-01  7.63258836e-01  3.47092451e-01
8.93382117e-01  3.06389956e-01  5.54588363e-01
5.47693940e-01  2.53265728e-01  6.05291203e-01
3.11097439e-01  9.54756480e-01  8.39124041e-01
3.27967952e-01  3.16913931e-01  4.16965672e-01
2.87754526e-01  9.39677832e-01  6.11028506e-01
6.23622447e-01  9.71622057e-01  9.38735950e-01
4.86818434e-01  9.75634566e-01  7.17270355e-01
9.85531124e-01  9.48447732e-01  5.30523798e-01
5.67623122e-01  2.56205486e-01  8.64223620e-01
6.37286344e-01  4.69115373e-01  2.69408277e-01
2.83914846e-01  2.99535524e-01  9.70695202e-01
3.05331731e-01  9.99366314e-01  8.14948757e-01
9.19844651e-01  9.50127848e-01  8.73230918e-01
2.73427408e-01  4.90444474e-01  3.01606053e-01
4.24689262e-01  5.14298959e-01  2.53192320e-01
9.47997141e-01  3.86588870e-01  5.28071221e-01
2.69536960e-01  3.18265365e-01  5.20531131e-01
8.08458612e-01  3.30380340e-01  5.01753777e-01
5.79284363e-01  3.95671380e-01  3.59348041e-01
3.47061615e-01  4.14609174e-01  4.68548781e-01
9.92978410e-01  9.52704620e-01  6.40657878e-01
6.29727482e-01  2.92573305e-01  9.88793455e-01
7.76919884e-01  9.90154263e-01  7.00560174e-01
9.42559925e-01  9.22362148e-01  9.00328665e-01
8.86933237e-01  3.27716550e-01  2.98428015e-01
2.82588946e-01  9.57567540e-01  6.16408758e-01
8.65983855e-01  3.39536616e-01  7.25975735e-01
9.82371858e-01  9.71967105e-01  4.14286994e-01
3.48229923e-01  7.10174050e-01  8.60203473e-01
2.76380629e-01  6.34823145e-01  9.75119104e-01
3.01622096e-01  4.95068023e-01  8.59193512e-01
3.18536313e-01  2.74004756e-01  9.71881503e-01
8.11889911e-01  9.42785159e-01  3.67616086e-01
9.66425360e-01  5.29506580e-01  8.32622032e-01
1.00000000e+00  5.57428920e-01  3.55985608e-01
2.93798184e-01  2.60737326e-01  2.51023562e-01
3.45947575e-01  6.78329950e-01  3.14925162e-01
2.91439198e-01  4.78382218e-01  5.16370715e-01
8.17967637e-01  5.30185386e-01  9.95272610e-01
7.40582034e-01  9.78903566e-01  9.60676821e-01
9.81554942e-01  9.25135238e-01  9.62557769e-01
4.97191581e-01  9.54096954e-01  8.44571106e-01
6.19116424e-01  9.99946308e-01  5.39300875e-01
3.88068803e-01  3.34005341e-01  6.78420273e-01
9.93145326e-01  5.04248410e-01  3.53020610e-01
6.05983672e-01  7.98867380e-01  9.83334210e-01
9.32963037e-01  9.01727735e-01  4.06728184e-01
6.97547474e-01  9.63754793e-01  3.72605769e-01
8.88187332e-01  7.14803561e-01  3.52870230e-01
8.31309009e-01  8.71981462e-01  3.81272835e-01
9.36356002e-01  9.02000777e-01  5.55770823e-01
7.75583425e-01  8.93652389e-01  8.53159323e-01
8.32165455e-01  9.66856878e-01  3.59705678e-01
9.10926884e-01  9.03757599e-01  7.79550994e-01
6.57096718e-01  9.79646607e-01  9.61397559e-01
6.80576166e-01  5.87452579e-01  2.58717640e-01
2.84596444e-01  4.17112896e-01  7.58261700e-01
9.93543491e-01  2.83711945e-01  8.05317613e-01
9.51715630e-01  9.76967109e-01  8.33227537e-01
6.51581433e-01  9.19335430e-01  8.40424651e-01
3.05334358e-01  2.73550613e-01  9.88991752e-01
9.01419198e-01  3.69096838e-01  9.42445028e-01
6.12252032e-01  9.99673584e-01  9.45143993e-01
2.57072829e-01  9.58216569e-01  9.24609567e-01
7.16004126e-01  9.59023259e-01  9.41744779e-01
2.80457261e-01  3.04281241e-01  8.81478473e-01
3.72067813e-01  3.43431598e-01  9.90586706e-01
3.35873560e-01  3.87310392e-01  3.07429971e-01
3.87904455e-01  3.54169014e-01  5.13309736e-01
3.51396857e-01  2.99973967e-01  4.06827186e-01
8.22104071e-01  3.34191524e-01  2.90285766e-01
7.38046931e-01  9.54616084e-01  9.12453837e-01
2.80659472e-01  7.97382889e-01  2.77620610e-01
4.47185436e-01  6.21210801e-01  9.96583628e-01
3.59759228e-01  5.32960799e-01  9.90778059e-01
6.51285844e-01  3.34833184e-01  3.27199889e-01
7.91629218e-01  9.31654049e-01  2.54314111e-01
8.54400491e-01  7.72491801e-01  9.78217301e-01
2.79359517e-01  3.35853805e-01  3.05478609e-01
9.37652813e-01  6.53034388e-01  2.59455014e-01
7.12340998e-01  3.33129472e-01  3.56526407e-01
9.26149321e-01  3.17504239e-01  4.90647259e-01
3.10607635e-01  9.15007530e-01  2.58552233e-01
2.51952715e-01  9.82409279e-01  8.98881047e-01
3.45510261e-01  4.11088109e-01  1.00003518e+00
2.54626527e-01  7.41180037e-01  3.55388959e-01
9.73528213e-01  9.36617818e-01  3.51840991e-01
3.59118537e-01  9.98976868e-01  9.95533770e-01
8.23567860e-01  9.61418444e-01  3.07817640e-01
9.55394148e-01  7.27419376e-01  6.47242387e-01
3.93063800e-01  3.74770086e-01  3.70138358e-01
6.91189555e-01  9.74515945e-01  3.51257233e-01
3.53836638e-01  7.89218241e-01  9.92328904e-01
4.61442079e-01  2.81301863e-01  3.10232933e-01
9.59508415e-01  3.24967407e-01  8.04802081e-01
2.81978211e-01  2.66798196e-01  7.63252921e-01
3.45220312e-01  3.82690866e-01  5.52219170e-01
3.56886722e-01  2.55865658e-01  7.93564530e-01
6.15109858e-01  2.68644836e-01  4.41047467e-01
7.09345018e-01  3.08597754e-01  3.30605436e-01
3.22538221e-01  2.65893954e-01  5.44584347e-01
4.31009703e-01  9.42041412e-01  4.47600457e-01
8.50440556e-01  8.28126882e-01  8.33081425e-01
9.89405813e-01  9.76870044e-01  4.97655134e-01
3.22613608e-01  2.74248183e-01  5.02692407e-01
2.60131697e-01  3.01507657e-01  9.73279802e-01
3.11104011e-01  9.02746294e-01  3.03239607e-01
7.10290978e-01  4.34848106e-01  9.38811722e-01
8.53475888e-01  9.25601814e-01  2.71670374e-01
9.81774846e-01  8.24401491e-01  8.66565767e-01
7.59106876e-01  3.21104857e-01  3.20727950e-01
5.50996226e-01  8.84455630e-01  9.17603470e-01
6.72140424e-01  9.76794687e-01  3.91245927e-01
2.86855050e-01  2.65243613e-01  6.37219979e-01
9.99353535e-01  9.78213695e-01  6.22080834e-01
3.28254518e-01  2.98929289e-01  7.64430692e-01
8.36394212e-01  8.90041536e-01  9.62977719e-01
7.19373104e-01  6.10103422e-01  9.96500284e-01
2.83777271e-01  4.03435656e-01  3.80567821e-01
8.37042513e-01  9.06412895e-01  8.64867240e-01
3.32710808e-01  3.97611137e-01  2.61758631e-01
3.47228416e-01  7.72962029e-01  3.52773788e-01
9.88046927e-01  3.45914684e-01  5.40442525e-01
8.42053893e-01  5.65918179e-01  3.17272580e-01
9.06584782e-01  3.35521035e-01  5.46801121e-01
9.78912798e-01  9.48106923e-01  9.87795090e-01
5.48035750e-01  2.86534292e-01  2.50803306e-01
7.72871279e-01  4.50048704e-01  9.01973144e-01
2.68209436e-01  8.36745029e-01  3.29815623e-01
9.97724850e-01  3.64589731e-01  9.22321484e-01
2.94100690e-01  5.89541307e-01  3.13554534e-01
9.09181614e-01  8.28179915e-01  4.78389210e-01
2.83405354e-01  7.44116625e-01  4.64922022e-01
9.40493661e-01  5.43597165e-01  8.80743760e-01
9.29683598e-01  9.87505465e-01  2.83277737e-01
4.02825480e-01  5.96087029e-01  2.89404344e-01
5.80876725e-01  3.25364811e-01  9.45086105e-01
3.80933937e-01  9.41227857e-01  7.67728196e-01
3.20104256e-01  3.10223227e-01  7.52022623e-01
9.65705131e-01  3.32279696e-01  3.59184095e-01
9.19341758e-01  9.29346023e-01  9.62233400e-01
5.87050543e-01  8.74074261e-01  8.71828486e-01
8.45298102e-01  9.71885797e-01  5.74925628e-01
9.25124473e-01  4.14580607e-01  2.73107065e-01
3.67444340e-01  2.87172448e-01  8.58309143e-01
9.42352034e-01  9.00574961e-01  9.98134054e-01
4.39848490e-01  2.73843406e-01  5.69157576e-01
6.96822286e-01  3.03230303e-01  8.57791446e-01
2.89991668e-01  3.37645095e-01  4.72576530e-01
9.53569795e-01  8.98488867e-01  9.14170930e-01
9.43892841e-01  9.69638565e-01  8.95226815e-01
8.89755627e-01  2.97809992e-01  3.78669729e-01
3.22919232e-01  9.88042382e-01  6.49335641e-01
3.35633359e-01  9.58808433e-01  2.97079903e-01
7.29727441e-01  9.63389321e-01  2.55407292e-01
6.11940593e-01  2.68069603e-01  3.25702264e-01
5.73549559e-01  6.44458905e-01  6.29229728e-01
5.44848933e-01  2.56396013e-01  9.44890311e-01
2.96546672e-01  7.93376713e-01  9.15759959e-01
3.24515337e-01  6.77821068e-01  9.86500759e-01
9.33459315e-01  2.83079856e-01  2.83790685e-01
2.56102516e-01  3.08355969e-01  3.17512813e-01
9.66678034e-01  8.79564075e-01  2.70047088e-01
6.33906198e-01  9.85799414e-01  7.70039398e-01
6.27404483e-01  4.34314369e-01  9.75763635e-01
8.45984658e-01  8.66509975e-01  5.96217483e-01
3.56459372e-01  8.43570969e-01  4.06010738e-01
8.42315014e-01  3.82026948e-01  7.99170383e-01
3.80728495e-01  9.35265015e-01  8.02532307e-01
9.65798579e-01  2.60588724e-01  9.33862186e-01
7.62922050e-01  9.12418776e-01  3.57409376e-01
4.85037528e-01  7.31165009e-01  6.93952418e-01
3.64053566e-01  3.07718462e-01  4.48321965e-01
3.08890191e-01  9.21337415e-01  8.76869293e-01
9.75816079e-01  7.34979880e-01  2.55028539e-01
2.98471690e-01  7.45695361e-01  3.05085987e-01
9.63533485e-01  3.25650659e-01  4.66912855e-01
8.81849691e-01  3.22321329e-01  8.56423008e-01
5.71068000e-01  2.85051109e-01  8.65098152e-01
9.97284150e-01  9.04508082e-01  5.89120553e-01
9.48203671e-01  3.42645889e-01  9.83538707e-01
8.75917451e-01  7.57232641e-01  2.61539403e-01
2.85325213e-01  9.31930944e-01  5.21853957e-01
3.65557052e-01  3.23964881e-01  8.81683218e-01
9.42400169e-01  9.98148844e-01  3.26566304e-01
5.04224853e-01  9.38522452e-01  9.68170125e-01
9.63616106e-01  9.82783726e-01  8.91891520e-01
9.87059613e-01  7.31948239e-01  2.75696470e-01
2.57955442e-01  4.23268744e-01  9.81103949e-01
6.91722806e-01  9.09922601e-01  9.78594533e-01
4.07579547e-01  9.77190006e-01  2.99916419e-01
6.58762494e-01  8.90692662e-01  9.32442784e-01
2.87984498e-01  7.12184432e-01  3.72025533e-01
9.89101507e-01  4.97184540e-01  7.42147669e-01
9.53885894e-01  9.73964865e-01  6.07590980e-01
4.62589756e-01  4.04424046e-01  9.59428821e-01
5.68363902e-01  3.70763931e-01  8.92187294e-01
2.60510106e-01  6.72916617e-01  5.34335755e-01
3.08597738e-01  9.46644362e-01  4.33536664e-01
7.43094224e-01  3.02767014e-01  9.40111449e-01
2.73704230e-01  5.48534298e-01  2.74377783e-01
9.13906825e-01  5.97780106e-01  3.37017534e-01
3.42788812e-01  9.79308833e-01  4.71084830e-01
9.92610496e-01  4.86495003e-01  9.43671176e-01
9.08491386e-01  9.53771482e-01  7.11163680e-01
9.53357321e-01  7.85265862e-01  9.10114865e-01
8.85828461e-01  4.56034603e-01  9.04068129e-01
7.57313098e-01  9.27513425e-01  2.83543952e-01
8.89772621e-01  3.99915581e-01  2.83808426e-01
9.87576654e-01  2.83361507e-01  8.96751311e-01
4.17236607e-01  2.81069126e-01  9.97830109e-01
4.35585835e-01  3.18127074e-01  6.02409499e-01
9.50753141e-01  9.98841877e-01  5.58342580e-01
9.28400147e-01  9.63711910e-01  2.54994116e-01
9.53964683e-01  3.05942177e-01  3.98658472e-01
9.32666291e-01  5.86570532e-01  3.85820789e-01
8.68272873e-01  7.09093730e-01  3.05808101e-01
9.35716669e-01  9.49340999e-01  9.69500959e-01
6.47433605e-01  9.22347444e-01  3.54689077e-01
9.20275634e-01  9.47229153e-01  9.34814417e-01
9.17587434e-01  8.85378512e-01  3.53470279e-01
3.18828596e-01  9.94250064e-01  3.47836908e-01
9.47903441e-01  5.81424970e-01  3.00038375e-01
4.30504646e-01  9.36644121e-01  5.26704016e-01
8.07578476e-01  3.17421893e-01  2.95156912e-01
3.04338199e-01  3.30526610e-01  8.55869590e-01
9.15880932e-01  9.51639027e-01  9.35011877e-01
9.51460654e-01  5.33978302e-01  8.24304163e-01
3.36279023e-01  3.74360451e-01  4.18938419e-01
9.71666955e-01  4.52335211e-01  9.75965835e-01
9.55193263e-01  3.80119125e-01  2.53468505e-01
3.71133816e-01  9.59450440e-01  8.53788140e-01
8.31038009e-01  3.84656821e-01  8.36594852e-01
6.19759879e-01  9.93493392e-01  5.77773891e-01
9.00849735e-01  9.67859835e-01  4.93307108e-01
9.32123607e-01  8.92600490e-01  9.51214941e-01
9.67438284e-01  4.10820315e-01  8.57703836e-01
2.67395877e-01  9.88583032e-01  8.64313569e-01
9.38799078e-01  8.71647734e-01  4.58602560e-01
9.53166035e-01  9.74397448e-01  4.86014875e-01
4.88819598e-01  8.78604481e-01  9.04820484e-01
4.13637870e-01  3.63303536e-01  3.01734397e-01
6.58477235e-01  2.63050481e-01  6.92699845e-01
3.46792347e-01  9.77229547e-01  5.07313253e-01
8.90888705e-01  4.77730919e-01  9.67091367e-01
9.69305525e-01  7.14913048e-01  4.16022630e-01
8.11193172e-01  3.35054062e-01  3.60029163e-01
3.32551854e-01  8.88637030e-01  7.87540606e-01
7.68787990e-01  9.78196526e-01  8.84086712e-01
3.08895781e-01  3.74224174e-01  2.83752112e-01
9.78583057e-01  6.66473975e-01  5.53454493e-01
9.18631696e-01  8.31855406e-01  9.24854603e-01
9.41004263e-01  6.99170350e-01  4.05395849e-01
9.97386553e-01  5.84104780e-01  2.66542520e-01
3.31725040e-01  3.12365571e-01  6.45615493e-01
5.32466061e-01  9.90766440e-01  6.70493857e-01
6.93455849e-01  8.26099215e-01  9.54452210e-01
7.86444012e-01  9.85626153e-01  8.21636094e-01
3.16770245e-01  7.99881687e-01  4.21006097e-01
9.11185593e-01  5.36410337e-01  3.44545930e-01
9.25182054e-01  6.75408179e-01  9.53151784e-01
2.86671364e-01  4.42939783e-01  6.81341834e-01
8.28674467e-01  2.75755974e-01  5.92077369e-01
9.90268505e-01  3.50028060e-01  6.39661295e-01
9.38816347e-01  8.02314493e-01  4.47236506e-01
2.50153352e-01  3.79597492e-01  2.92672813e-01
9.17918083e-01  4.01682602e-01  2.62508716e-01
8.21733425e-01  2.70928021e-01  6.39803256e-01
4.23909565e-01  7.50706148e-01  9.63552398e-01
8.22162569e-01  2.74145752e-01  2.79397544e-01
5.09759485e-01  9.49454174e-01  9.50983850e-01
8.72253677e-01  9.24267874e-01  3.55772553e-01
8.35253713e-01  9.27187322e-01  2.93004222e-01
5.62036053e-01  7.28285129e-01  2.53825598e-01
9.28228053e-01  3.98370918e-01  9.21330097e-01
6.10046677e-01  2.54935429e-01  8.06996624e-01
4.85797666e-01  3.02455274e-01  9.27287672e-01
2.67381206e-01  3.72654401e-01  8.49160617e-01
9.93348131e-01  5.57556461e-01  3.77778340e-01
2.63062495e-01  3.65658548e-01  9.72058375e-01
9.91647864e-01  3.43296901e-01  7.59712791e-01
9.92325178e-01  6.59878816e-01  4.87328186e-01
3.40370367e-01  9.77926628e-01  5.88819160e-01
8.19030221e-01  9.58631314e-01  7.65389329e-01
3.61676944e-01  3.05270071e-01  4.08703879e-01
4.90321955e-01  2.67230048e-01  7.22089021e-01
9.31013245e-01  8.94173150e-01  7.45536862e-01
4.52904746e-01  9.11194432e-01  2.85941659e-01
9.47271015e-01  9.65899441e-01  9.08797310e-01
9.94571774e-01  2.82291338e-01  6.52687458e-01
5.61435856e-01  2.73375901e-01  2.93735915e-01
4.45511882e-01  2.51963758e-01  8.95680038e-01
5.01166774e-01  2.69130469e-01  4.97162349e-01
3.43187065e-01  8.27717945e-01  9.00881853e-01
8.72776699e-01  9.13136639e-01  9.80863230e-01
7.53430304e-01  8.98120644e-01  3.43539143e-01
3.83055149e-01  4.45461741e-01  8.73052705e-01
4.20080353e-01  3.35466633e-01  9.28214964e-01
9.23539247e-01  3.14559014e-01  9.36744794e-01
6.44232924e-01  3.33590382e-01  9.79089041e-01
8.89487320e-01  8.56453559e-01  9.87161626e-01
8.21202236e-01  2.55739084e-01  9.53776289e-01
9.51627037e-01  5.42671088e-01  4.38655918e-01
2.79522242e-01  7.64510345e-01  7.24715102e-01
9.78187787e-01  2.64980550e-01  9.72652237e-01
4.48845782e-01  9.89988819e-01  9.06686635e-01
9.12941452e-01  2.90900691e-01  5.77183193e-01
4.92813675e-01  8.21064832e-01  9.44041022e-01
9.65655218e-01  8.08379469e-01  4.27637526e-01
9.96099821e-01  9.24049029e-01  4.10818809e-01
7.73023016e-01  9.48398860e-01  2.51753027e-01
3.24021048e-01  9.05104389e-01  4.97388003e-01
9.74141085e-01  8.16273221e-01  8.58585834e-01
2.74000572e-01  5.28315079e-01  7.63934610e-01
3.99735541e-01  8.71088486e-01  2.90448944e-01
5.89075827e-01  9.95562197e-01  9.98257194e-01
3.62892098e-01  9.98819486e-01  9.13938940e-01
5.11808213e-01  3.53476568e-01  8.68568578e-01
2.55319456e-01  6.40293118e-01  4.17413908e-01
4.57610263e-01  7.81181329e-01  9.70489610e-01
8.78151641e-01  9.65444014e-01  8.51659708e-01
2.66879236e-01  9.89762591e-01  7.68571327e-01
9.19676688e-01  7.65828484e-01  9.29597437e-01
9.86611502e-01  9.66983997e-01  9.35173642e-01
9.30855997e-01  3.58806092e-01  7.61637240e-01
9.48193134e-01  5.91309350e-01  3.97791034e-01
8.52821090e-01  8.73594870e-01  9.48991278e-01
4.10008603e-01  2.53873780e-01  2.83994234e-01
9.94044995e-01  7.13564292e-01  7.07795752e-01
5.71564867e-01  6.43087183e-01  5.69236663e-01
2.79808449e-01  4.75994908e-01  5.32807287e-01
9.94728999e-01  2.93320628e-01  2.91948303e-01
2.50511404e-01  6.24337915e-01  2.67792005e-01
7.34061004e-01  2.69947669e-01  8.90436004e-01
3.28359416e-01  4.76874439e-01  2.75270188e-01
9.02473621e-01  2.63171170e-01  4.86606420e-01
3.71375888e-01  6.22000792e-01  2.64954695e-01
5.04103943e-01  3.04879320e-01  8.44661323e-01
9.25869548e-01  7.02384825e-01  9.04430749e-01
9.93311166e-01  3.08407065e-01  3.37939606e-01
7.08229334e-01  5.68996942e-01  9.90135470e-01
3.63244474e-01  8.33734020e-01  4.09400439e-01
2.86542747e-01  9.50155825e-01  9.36745753e-01
9.63471126e-01  5.73326637e-01  2.74238854e-01
2.76600465e-01  2.90873004e-01  5.07933641e-01
9.88390736e-01  2.58998894e-01  9.68808845e-01
4.91974105e-01  3.54117469e-01  9.20135510e-01
9.79741568e-01  8.25245519e-01  8.32537594e-01
3.75635935e-01  3.25757012e-01  8.87234246e-01
3.40233702e-01  4.53348983e-01  2.76314035e-01
7.56757441e-01  9.91817658e-01  2.51549811e-01
3.70601012e-01  9.23885669e-01  3.11979039e-01
8.36973879e-01  9.59381542e-01  7.06397866e-01
6.41833500e-01  9.18452464e-01  7.32995165e-01
2.54957965e-01  9.79458706e-01  5.61686335e-01
8.39849386e-01  4.49160459e-01  9.01330287e-01
2.71535462e-01  9.98504916e-01  6.97995667e-01
8.14586424e-01  9.57946093e-01  3.41732246e-01
4.73453929e-01  9.85239105e-01  7.40638378e-01
6.65728172e-01  6.72169759e-01  9.96682148e-01
2.89513362e-01  7.74815186e-01  4.50421536e-01
2.56109631e-01  8.91871872e-01  8.55816590e-01
4.01169384e-01  5.39428440e-01  9.99090224e-01
3.62300351e-01  5.48965730e-01  3.28843901e-01
3.89362192e-01  3.01430386e-01  2.64426411e-01
9.07531953e-01  9.07448784e-01  8.01719829e-01
7.91196094e-01  9.59593891e-01  8.68329934e-01
4.52813345e-01  5.54701194e-01  4.04196268e-01
9.48796186e-01  9.20394452e-01  2.97071183e-01
3.18303741e-01  9.63930611e-01  8.67624456e-01
3.80659465e-01  9.31722671e-01  3.51639407e-01
5.01147787e-01  9.89824167e-01  6.34802641e-01
7.20996484e-01  6.97936140e-01  8.20612997e-01
6.49261995e-01  3.65512621e-01  2.93712074e-01
3.28909928e-01  5.46257314e-01  8.69209070e-01
8.07487227e-01  8.37300482e-01  2.51940508e-01
3.53788864e-01  9.79704615e-01  9.49226368e-01
2.59206582e-01  2.55183140e-01  8.55077374e-01
6.13197980e-01  2.56607709e-01  7.17703230e-01
2.53914118e-01  6.21749163e-01  5.67006104e-01
8.79122579e-01  2.58999212e-01  3.58684505e-01
9.42698445e-01  6.22021644e-01  9.63832466e-01
5.71173427e-01  3.43294493e-01  9.87095402e-01
3.29827346e-01  2.89843556e-01  5.17040484e-01
6.32511269e-01  8.39763931e-01  2.91658815e-01
9.48211131e-01  8.96198195e-01  2.87608641e-01
9.67094546e-01  9.98581439e-01  5.12439878e-01
9.31040541e-01  3.68276328e-01  5.84388665e-01
3.51883083e-01  4.25260170e-01  4.52981752e-01
2.61996370e-01  9.61149965e-01  5.19879962e-01
8.05765037e-01  9.22939084e-01  4.62338766e-01
2.71173745e-01  8.37270308e-01  3.50086429e-01
3.70800074e-01  9.30788905e-01  9.19057054e-01
8.21837811e-01  3.05591188e-01  7.09807370e-01
3.58858685e-01  4.03601514e-01  2.84587164e-01
4.67409506e-01  3.27891354e-01  7.03311787e-01
2.88078346e-01  7.69897279e-01  8.97325243e-01
9.79387816e-01  9.86462579e-01  6.13361016e-01
4.91681486e-01  8.84432455e-01  9.64973739e-01
8.52622821e-01  2.93804271e-01  2.89767731e-01
4.75782588e-01  2.70680896e-01  8.12966609e-01
6.33720532e-01  2.73311835e-01  9.47298071e-01
9.79101280e-01  8.94788508e-01  4.52926672e-01
9.73784077e-01  3.81787590e-01  6.77894089e-01
9.28979059e-01  4.22567800e-01  4.52673985e-01
9.53376446e-01  6.84962152e-01  4.06500369e-01
3.42853602e-01  8.08417388e-01  8.40164717e-01
9.97978810e-01  6.86159884e-01  6.62552482e-01
9.13868179e-01  4.28581313e-01  2.96399432e-01
9.87272969e-01  9.75688838e-01  9.45373624e-01
2.95801937e-01  6.89978861e-01  4.37383234e-01
4.46327711e-01  2.53894020e-01  9.60267346e-01
2.86458050e-01  8.96843116e-01  9.81452470e-01
7.56338572e-01  2.93747728e-01  2.82119387e-01
9.76503937e-01  9.08158802e-01  4.33142166e-01
9.67613809e-01  3.82830702e-01  2.76184992e-01
7.35256539e-01  2.64390696e-01  3.42698875e-01
4.79230171e-01  2.87724595e-01  9.89711430e-01
4.67732566e-01  9.50909693e-01  2.57016126e-01
9.68985470e-01  8.00460288e-01  5.45820520e-01
9.58464851e-01  3.29446935e-01  6.90490308e-01
9.56083880e-01  6.36508222e-01  3.00826939e-01
9.61504786e-01  9.29492119e-01  9.68015861e-01
9.70275638e-01  6.31370982e-01  9.03618107e-01
8.76409338e-01  3.01619918e-01  9.74000231e-01
2.53943623e-01  5.56857050e-01  8.11522141e-01
2.63871411e-01  8.42580514e-01  3.53472185e-01
3.68156876e-01  9.51235571e-01  3.61247672e-01
9.98649211e-01  9.11320936e-01  9.94682917e-01
7.45659107e-01  3.56796169e-01  9.70807453e-01
3.55839199e-01  9.95975267e-01  9.98495200e-01
2.59734566e-01  8.58044864e-01  2.97970151e-01
8.43307957e-01  5.45481838e-01  9.86621496e-01
2.53169871e-01  7.05322095e-01  8.92263353e-01
3.57552408e-01  2.93285284e-01  2.66228055e-01
3.57953543e-01  8.51110839e-01  9.34486542e-01
6.05532689e-01  9.76967040e-01  4.97116974e-01
3.29172669e-01  3.98269556e-01  9.56819232e-01
9.51270374e-01  9.08415145e-01  9.77303309e-01
2.79664628e-01  4.19254902e-01  5.17834603e-01
3.93415581e-01  9.66418796e-01  6.37988836e-01
9.73889489e-01  3.69282199e-01  2.67756457e-01
3.24528802e-01  3.99377315e-01  7.88414930e-01
2.70471104e-01  8.32968099e-01  2.71210387e-01
8.11585285e-01  3.00516330e-01  7.06888406e-01
4.09548149e-01  3.49711778e-01  4.47277202e-01
7.54652101e-01  5.89729402e-01  2.67079452e-01
4.80376973e-01  3.10660626e-01  9.84002285e-01
2.86940053e-01  6.96936079e-01  2.79845019e-01
8.66314729e-01  2.53941980e-01  2.98107071e-01
3.46784219e-01  9.31260935e-01  9.57297017e-01
5.19473584e-01  8.83700734e-01  9.50126233e-01
9.68991591e-01  9.33699996e-01  7.56049517e-01
7.31291626e-01  4.31690444e-01  2.85552137e-01
9.12875741e-01  9.86624363e-01  5.90474615e-01
3.08036073e-01  6.27500298e-01  9.76870880e-01
6.00959490e-01  9.37058162e-01  2.69639931e-01
9.93410604e-01  5.61562433e-01  3.32499155e-01
7.51677927e-01  4.12419963e-01  9.98129263e-01
3.27644160e-01  8.21416890e-01  8.24666161e-01
2.51139505e-01  7.85353574e-01  2.55849935e-01
2.81969850e-01  9.63764053e-01  9.01636356e-01
9.46392372e-01  2.79282547e-01  4.36211537e-01
9.55612071e-01  8.04001023e-01  3.24766023e-01
4.07860654e-01  8.52907337e-01  9.24410582e-01
3.55570066e-01  2.60221458e-01  8.83867066e-01
3.51234093e-01  8.94002948e-01  8.98750380e-01
9.91016287e-01  6.62543485e-01  2.70337251e-01
3.07224827e-01  3.22804053e-01  9.25055156e-01
5.84971594e-01  2.81523440e-01  3.36441835e-01
9.37776852e-01  6.86449992e-01  9.85212739e-01
7.88533282e-01  9.84948608e-01  9.92790263e-01
9.78730361e-01  2.73227810e-01  5.50701010e-01
9.94844994e-01  7.63387740e-01  2.98475049e-01
8.67982977e-01  4.08000054e-01  3.88290385e-01
8.25013259e-01  9.24548087e-01  9.99080832e-01
2.77822934e-01  6.60911598e-01  9.15836996e-01
7.07004604e-01  8.41839289e-01  2.99879017e-01
9.60338617e-01  2.78847417e-01  8.51410565e-01
9.99529869e-01  8.90196866e-01  2.57782381e-01
9.85621598e-01  3.40214495e-01  3.48198994e-01
8.00022281e-01  4.74500350e-01  9.95395154e-01
9.17566154e-01  9.56115533e-01  6.75790921e-01
5.47928079e-01  9.98445892e-01  3.33704371e-01
3.91768589e-01  9.22628968e-01  3.84423196e-01
9.00608663e-01  9.39994342e-01  7.77346698e-01
4.85555946e-01  4.93048421e-01  9.91487734e-01
2.66716834e-01  9.41150270e-01  9.80740613e-01
9.97778682e-01  5.81198501e-01  6.37782748e-01
2.80904055e-01  9.52892682e-01  9.84978284e-01
5.12597262e-01  9.59306175e-01  8.07827425e-01
3.11888660e-01  8.19782829e-01  2.83199737e-01
9.14971616e-01  9.96939872e-01  3.64841890e-01
4.10934547e-01  9.67343672e-01  8.06296023e-01
4.28215593e-01  3.41489088e-01  9.70093702e-01
8.43288110e-01  4.93948906e-01  2.61634010e-01
2.76642691e-01  7.17645336e-01  9.67316411e-01
6.30449604e-01  8.81473526e-01  2.74370783e-01
2.58109633e-01  5.75620222e-01  3.17595215e-01
9.80615017e-01  5.15985969e-01  2.50671159e-01
3.68712816e-01  7.12803582e-01  8.65091598e-01
3.80926390e-01  9.22162993e-01  3.13465516e-01
6.88943430e-01  7.09986555e-01  5.12543933e-01
9.45378601e-01  5.28859956e-01  9.90306248e-01
6.06283325e-01  9.65986777e-01  9.91601769e-01
3.46577202e-01  8.02481919e-01  8.59729985e-01
2.57476632e-01  9.43846885e-01  2.74484636e-01
2.95976844e-01  9.51949362e-01  8.54833730e-01
8.78820927e-01  4.92762348e-01  8.96262796e-01
3.10268798e-01  5.34969664e-01  3.28985711e-01
