8.57296472e-01  5.85139076e-01  6.07831185e-01
7.33926420e-01  4.14613663e-01  5.35839793e-01
8.02943015e-01  3.29873443e-01  8.47509643e-01
3.31050361e-01  9.47899475e-01  3.46405084e-01
8.65732792e-01  2.91561939e-01  4.26795707e-01
3.73837292e-01  3.88589040e-01  2.71880678e-01
9.48652218e-01  5.20694901e-01  2.86852886e-01
7.44616196e-01  5.31311778e-01  3.86296146e-01
2.52501138e-01  4.50760282e-01  8.11730146e-01
9.48119191e-01  5.81822314e-01  5.46806904e-01
9.17887264e-01  5.77763381e-01  6.08307978e-01
7.45862016e-01  3.86378324e-01  8.89035690e-01
1.00000000e+00  5.57428920e-01  3.55985608e-01
4.20555218e-01  2.83181517e-01  3.65850532e-01
4.22172045e-01  9.58682507e-01  5.37179731e-01
9.55394148e-01  7.27419376e-01  6.47242387e-01
7.28530185e-01  6.22222281e-01  4.23075653e-01
2.69051894e-01  3.69609496e-01  4.26365213e-01
5.94732438e-01  7.21405570e-01  3.16191843e-01
7.38768573e-01  3.75856430e-01  9.22437304e-01
5.18517381e-01  7.38624240e-01  5.68708358e-01
4.49102835e-01  8.68150795e-01  8.37042279e-01
4.71310524e-01  2.93036967e-01  9.43048867e-01
7.60703858e-01  8.70274892e-01  6.73170447e-01
5.89314613e-01  9.04157406e-01  4.26718173e-01
6.33238315e-01  9.99376085e-01  5.98256898e-01
7.99084567e-01  4.69726015e-01  6.04033426e-01
8.36240129e-01  6.73772592e-01  6.19247587e-01
8.83296099e-01  2.97257396e-01  4.99078655e-01
6.15853543e-01  5.75283122e-01  4.27989199e-01
9.14377313e-01  2.76187550e-01  7.73427096e-01
8.92630107e-01  3.81276985e-01  8.80600676e-01
4.14080178e-01  4.41197968e-01  4.98079498e-01
3.55809440e-01  7.82462535e-01  4.46307840e-01
6.08480618e-01  5.20102807e-01  9.41931678e-01
8.62036934e-01  5.70297872e-01  4.46511732e-01
2.62684367e-01  3.26897640e-01  3.93344508e-01
4.19362751e-01  4.97734294e-01  6.96752811e-01
6.64582787e-01  4.08137771e-01  3.70300848e-01
7.91525958e-01  7.74572568e-01  4.02863966e-01
7.81788102e-01  3.13895826e-01  6.37285947e-01
6.20158146e-01  3.30567896e-01  9.00226823e-01
4.67013717e-01  7.19768569e-01  8.86675218e-01
7.99602565e-01  8.31228805e-01  5.48181647e-01
9.67564654e-01  2.63571218e-01  6.87146164e-01
3.20964783e-01  7.03598155e-01  3.46983761e-01
9.81485348e-01  7.79441187e-01  4.72467254e-01
8.75588255e-01  3.46441437e-01  6.71899291e-01
4.61163716e-01  6.52967785e-01  8.09828410e-01
8.86480497e-01  3.93354009e-01  7.96533234e-01
2.53307670e-01  9.19109331e-01  8.31473516e-01
8.11193172e-01  3.35054062e-01  3.60029163e-01
9.57233779e-01  5.36529499e-01  7.27050129e-01
2.71270193e-01  3.36598913e-01  6.39742203e-01
9.44295901e-01  6.14587878e-01  4.53972122e-01
5.08094660e-01  3.69659360e-01  9.75065551e-01
9.31343200e-01  3.63991202e-01  6.64705480e-01
3.74932628e-01  7.63020229e-01  3.91026436e-01
9.35193449e-01  7.28096231e-01  8.49884905e-01
4.85037528e-01  7.31165009e-01  6.93952418e-01
8.91481927e-01  7.99991662e-01  3.68402261e-01
5.44672456e-01  9.80240805e-01  3.54230759e-01
7.37679169e-01  9.42433135e-01  6.45913726e-01
6.64453603e-01  4.59613983e-01  6.20675243e-01
4.27268313e-01  8.63546242e-01  8.57973753e-01
9.49310791e-01  6.74608509e-01  7.41310127e-01
5.86584696e-01  2.57161929e-01  9.16691246e-01
7.15705138e-01  5.29592367e-01  9.75077971e-01
7.60388253e-01  9.95714872e-01  4.09868991e-01
4.82716471e-01  8.17531250e-01  7.11447815e-01
3.83598634e-01  7.39974913e-01  4.58861395e-01
2.62159048e-01  2.92984268e-01  8.82700516e-01
6.52976972e-01  6.80762272e-01  6.15532834e-01
8.69291907e-01  7.48599887e-01  8.53038770e-01
7.55675234e-01  5.96824831e-01  4.03814683e-01
7.72237108e-01  6.76123875e-01  5.46352816e-01
4.51633079e-01  9.14438995e-01  8.19552790e-01
3.68479581e-01  7.35500311e-01  6.01860677e-01
3.50982369e-01  6.52718564e-01  5.21917836e-01
5.81379326e-01  4.42910324e-01  4.52965068e-01
9.53386340e-01  4.06001761e-01  2.83185154e-01
4.68519034e-01  7.63582123e-01  4.76201719e-01
7.53320366e-01  3.74047328e-01  3.51358142e-01
3.43654866e-01  8.64569282e-01  8.48798117e-01
8.29794365e-01  5.85796843e-01  6.70788750e-01
6.49531780e-01  9.29641203e-01  5.14162077e-01
6.35854721e-01  3.76709584e-01  8.26770743e-01
8.82060618e-01  6.83384083e-01  6.31381453e-01
4.00367923e-01  4.63987981e-01  3.84182212e-01
8.80428263e-01  9.95148405e-01  8.14549729e-01
6.11429689e-01  4.86963680e-01  3.17508746e-01
6.80832656e-01  3.47274475e-01  3.14993306e-01
9.56342127e-01  7.21004718e-01  4.65242439e-01
3.79282579e-01  4.20155033e-01  4.51958543e-01
8.93499882e-01  4.38925899e-01  5.11216922e-01
3.63615565e-01  6.49138968e-01  3.15578852e-01
6.46368852e-01  4.16126713e-01  9.44456987e-01
3.64470693e-01  3.82706492e-01  7.44387575e-01
6.87830205e-01  8.55449005e-01  3.59840975e-01
8.54400491e-01  7.72491801e-01  9.78217301e-01
7.84851900e-01  9.89193297e-01  7.42299925e-01
7.68133098e-01  7.70544570e-01  7.17960116e-01
7.86246978e-01  8.39563255e-01  5.59040897e-01
3.54256858e-01  7.89504260e-01  6.30200846e-01
3.30776862e-01  5.47502829e-01  7.16813423e-01
5.60224468e-01  8.51454717e-01  7.33688709e-01
6.61880841e-01  4.65679087e-01  7.52782594e-01
5.82867158e-01  8.96749133e-01  4.63140417e-01
8.77172187e-01  4.64024867e-01  8.52151402e-01
2.68523856e-01  5.71623783e-01  2.72570102e-01
4.22811016e-01  4.13773690e-01  9.73119356e-01
5.91817800e-01  5.10845846e-01  3.72740706e-01
6.11558653e-01  2.88390626e-01  8.29188444e-01
7.26234484e-01  7.80605587e-01  6.65579486e-01
3.11967604e-01  6.10301414e-01  7.18863352e-01
8.99705146e-01  6.76226937e-01  3.19437967e-01
8.25318602e-01  6.82003585e-01  3.07723504e-01
6.82797044e-01  5.34308239e-01  6.39695510e-01
7.68836834e-01  6.06983669e-01  7.67468116e-01
5.32991495e-01  4.50618817e-01  6.70891077e-01
4.20582401e-01  2.95934060e-01  6.52747058e-01
4.09893058e-01  4.30590040e-01  6.34201777e-01
8.96664916e-01  8.12100963e-01  8.95857159e-01
4.02738202e-01  7.34523684e-01  7.23824909e-01
3.02976790e-01  2.88381177e-01  2.72333512e-01
8.21837811e-01  3.05591188e-01  7.09807370e-01
8.55651032e-01  3.91902971e-01  8.86444034e-01
6.58676072e-01  3.25381295e-01  6.24708126e-01
8.99606131e-01  8.66767537e-01  7.83756794e-01
7.71748399e-01  8.80082912e-01  2.60185295e-01
7.73272852e-01  7.01058949e-01  3.23011895e-01
7.91629218e-01  9.31654049e-01  2.54314111e-01
5.15342356e-01  6.92562160e-01  8.98756153e-01
9.29529912e-01  7.63258836e-01  3.47092451e-01
9.47848578e-01  5.24361591e-01  2.71798414e-01
2.75428991e-01  3.87859006e-01  7.03845891e-01
4.62391767e-01  4.18017434e-01  8.69033292e-01
5.63725319e-01  7.16068092e-01  5.15927490e-01
4.28029600e-01  6.59497673e-01  5.22662812e-01
8.46502177e-01  4.53105175e-01  8.71223936e-01
5.09179499e-01  2.90528058e-01  5.73013364e-01
2.57057075e-01  6.71120559e-01  4.54001317e-01
9.32666291e-01  5.86570532e-01  3.85820789e-01
6.78695583e-01  8.43034258e-01  8.29409391e-01
4.79766424e-01  7.65892214e-01  8.91664554e-01
6.54658913e-01  9.16024649e-01  7.25565701e-01
6.03235410e-01  6.70753218e-01  5.93426552e-01
4.94360765e-01  2.96726646e-01  8.54167160e-01
7.21432451e-01  8.43072998e-01  4.65391433e-01
7.27878816e-01  2.82139626e-01  3.67430117e-01
