8.28496817e-01  6.92787352e-01  7.19248527e-01
2.65565992e-01  8.30637249e-01  9.21913326e-01
7.25241721e-01  6.69291957e-01  2.50779692e-01
8.11609117e-01  3.89172388e-01  3.84375290e-01
6.23885029e-01  5.25929882e-01  7.57993248e-01
4.18600685e-01  7.68014793e-01  2.93444540e-01
3.98550196e-01  8.30408305e-01  4.85518725e-01
8.20404307e-01  5.12179806e-01  2.51841341e-01
3.76836009e-01  3.78433133e-01  7.56380002e-01
3.16257279e-01  3.53341329e-01  4.95675931e-01
7.64025705e-01  7.48562072e-01  8.89441482e-01
9.65052388e-01  8.28842092e-01  3.89639127e-01
2.52963134e-01  9.97810094e-01  7.85549457e-01
6.34149046e-01  7.92759787e-01  6.52138996e-01
8.59472292e-01  8.19829702e-01  3.46821680e-01
7.09399974e-01  2.63123094e-01  9.62123446e-01
7.91322538e-01  6.19837654e-01  6.90966097e-01
4.68910636e-01  7.61248708e-01  6.30626985e-01
9.38337766e-01  2.80759135e-01  8.19156136e-01
7.85937846e-01  4.75707525e-01  2.57202221e-01
6.56913298e-01  6.19055473e-01  5.39402128e-01
3.56630262e-01  7.76005568e-01  4.58459126e-01
5.30009622e-01  2.52180969e-01  9.82456894e-01
7.55605988e-01  3.00629109e-01  9.32607658e-01
5.81379326e-01  4.42910324e-01  4.52965068e-01
5.75514895e-01  4.61096520e-01  9.68861495e-01
7.13330688e-01  2.85556591e-01  2.60370752e-01
6.34858536e-01  3.29077072e-01  2.99324653e-01
7.37803527e-01  4.32213272e-01  2.98227854e-01
7.00784573e-01  9.79745219e-01  9.95277044e-01
8.53923926e-01  9.96677866e-01  4.38231608e-01
6.41240267e-01  7.32466083e-01  5.39018818e-01
9.31493782e-01  9.58926687e-01  7.56906581e-01
4.89430809e-01  9.81121526e-01  6.00620632e-01
3.17846942e-01  9.06443902e-01  4.17310546e-01
4.75528678e-01  9.74361949e-01  3.94869021e-01
3.35490836e-01  5.38858681e-01  4.04503617e-01
8.71517658e-01  5.08352449e-01  6.33876331e-01
2.85174420e-01  2.60623548e-01  7.61541373e-01
7.19720864e-01  4.32494274e-01  5.71682442e-01
6.60694668e-01  6.97179286e-01  4.54523611e-01
8.64471856e-01  4.19605727e-01  8.41576344e-01
3.99213707e-01  7.44610368e-01  4.29936931e-01
8.92644552e-01  5.96751106e-01  7.72474623e-01
5.13743407e-01  5.41680940e-01  9.81205233e-01
8.15992007e-01  3.78084732e-01  4.09926362e-01
4.71974889e-01  7.16754120e-01  8.45573296e-01
9.12959340e-01  8.90475812e-01  2.50932081e-01
4.94137506e-01  4.90203617e-01  9.35601988e-01
3.73764781e-01  8.32095873e-01  8.89933039e-01
5.16647091e-01  9.85099800e-01  9.61621498e-01
9.72489022e-01  4.96273581e-01  2.52141580e-01
9.76748551e-01  8.17531250e-01  2.76524050e-01
9.60793431e-01  3.73296219e-01  9.11125334e-01
3.18093510e-01  3.95790922e-01  9.41895499e-01
2.64869779e-01  3.10615555e-01  6.48768650e-01
4.28058584e-01  3.53341329e-01  2.63061068e-01
8.90072795e-01  8.83382789e-01  2.89156925e-01
4.42571730e-01  9.71108364e-01  9.90269144e-01
8.82516257e-01  4.25996394e-01  9.87300313e-01
8.50245193e-01  2.88186256e-01  9.18585001e-01
9.23224722e-01  4.43376269e-01  9.88628985e-01
9.85550764e-01  3.78832871e-01  9.58135602e-01
9.99745053e-01  9.86798320e-01  5.14134618e-01
3.38273063e-01  8.67206844e-01  9.68769103e-01
3.34257163e-01  9.82180324e-01  2.96557370e-01
2.91679590e-01  8.96718928e-01  9.37963492e-01
2.60097471e-01  4.37117227e-01  5.71297685e-01
3.33173173e-01  5.57016450e-01  3.76252189e-01
6.61819941e-01  2.56781843e-01  3.97977451e-01
3.14197716e-01  7.88717581e-01  7.78430401e-01
8.23256935e-01  3.11284361e-01  4.01626831e-01
2.82955762e-01  4.62405395e-01  7.80990509e-01
7.55675234e-01  6.42905451e-01  2.65733380e-01
4.82563971e-01  2.76187550e-01  7.75650001e-01
7.98713703e-01  4.96005586e-01  2.92817127e-01
2.82404211e-01  3.99295972e-01  5.43607673e-01
4.36662772e-01  2.92814394e-01  6.51700232e-01
3.50067888e-01  3.49665024e-01  6.71362701e-01
3.90694179e-01  7.46655430e-01  8.91915414e-01
2.93951348e-01  3.78433133e-01  6.73855103e-01
2.99133018e-01  8.25601151e-01  6.84669422e-01
8.00331478e-01  2.78845609e-01  7.03196769e-01
7.95712658e-01  2.58743609e-01  4.79888001e-01
7.96462895e-01  2.93994576e-01  8.56718019e-01
3.31917851e-01  6.19055473e-01  9.18602504e-01
9.75268361e-01  7.14541517e-01  8.90628370e-01
8.33649567e-01  9.16024649e-01  8.28589275e-01
8.68196883e-01  6.18580705e-01  2.70995955e-01
8.89548433e-01  2.85556591e-01  4.58687885e-01
5.32991495e-01  8.69312310e-01  2.73881051e-01
8.77588123e-01  2.76235729e-01  4.95498794e-01
8.73586535e-01  6.38257309e-01  9.77211640e-01
7.24795148e-01  8.72908130e-01  9.49782181e-01
3.48054852e-01  2.96710317e-01  5.54384750e-01
3.23184706e-01  2.81191128e-01  4.92550510e-01
8.96044404e-01  7.58529237e-01  9.23090202e-01
3.75196304e-01  3.16926055e-01  4.24225389e-01
3.43495376e-01  4.73055476e-01  9.27203209e-01
9.13455721e-01  9.06443902e-01  8.02155667e-01
