7.65717595e-01  7.51968840e-01  8.79548712e-01  9.18683418e-01  4.85451259e-01  8.77745687e-01
8.15739468e-01  3.51268214e-01  9.69848633e-01  9.12147265e-01  2.38611893e-01  9.77775251e-01
7.73888087e-01  8.16406197e-01  8.09964329e-01  9.27466365e-01  5.62520734e-01  8.03282654e-01
8.59417958e-01  2.58464168e-01  8.81474373e-01  9.27518819e-01  1.52669866e-01  8.98928566e-01
9.77860036e-01  3.50353106e-01  4.19621372e-01  9.91694816e-01  3.01641257e-01  4.52358130e-01
9.30250807e-01  2.97431483e-01  6.15640416e-01  9.64688948e-01  1.92065638e-01  6.51315911e-01
7.95702643e-01  4.23213633e-01  9.91181187e-01  9.08706684e-01  2.54782184e-01  9.96029798e-01
8.25651503e-01  8.48988585e-01  6.12734469e-01  9.55568257e-01  6.89536140e-01  5.92672322e-01
8.03836788e-01  5.09560194e-01  9.07193045e-01  9.19719629e-01  3.00366269e-01  9.14163258e-01
7.41184033e-01  7.66564121e-01  9.53387938e-01  9.07033740e-01  4.86406205e-01  9.52220727e-01
8.71971110e-01  4.71114844e-01  7.01075544e-01  9.48222256e-01  3.52233403e-01  7.19706056e-01
7.75811526e-01  5.31587826e-01  9.88065936e-01  9.06331852e-01  3.35689383e-01  9.91691802e-01
9.15099798e-01  3.57744026e-01  6.27930584e-01  9.59769451e-01  2.92615884e-01  6.59185850e-01
8.55930290e-01  7.76496219e-01  5.57279430e-01  9.61832792e-01  7.28162387e-01  5.43926729e-01
8.11973558e-01  3.45894416e-01  9.85830548e-01  9.10706462e-01  2.13944722e-01  9.92305777e-01
8.22362946e-01  6.58140054e-01  7.47810596e-01  9.40843790e-01  4.21749678e-01  7.50133534e-01
8.93257899e-01  6.78525382e-01  4.94135136e-01  9.77052905e-01  5.63827615e-01  4.85027775e-01
8.08772562e-01  3.60154768e-01  9.87442179e-01  9.10647443e-01  2.10911636e-01  9.93398366e-01
9.31137634e-01  3.05555336e-01  6.07652150e-01  9.64771842e-01  2.24514712e-01  6.43660737e-01
8.62300733e-01  2.02120717e-01  9.08565736e-01  9.24422152e-01  1.27585475e-01  9.25207286e-01
8.35922752e-01  2.33415090e-01  9.77531466e-01  9.14191777e-01  1.44168444e-01  9.86386041e-01
8.48707186e-01  8.69127131e-01  5.21667982e-01  9.68215603e-01  7.84781025e-01  4.89670628e-01
8.76828721e-01  2.24816239e-01  8.44194869e-01  9.32712383e-01  1.47599344e-01  8.66820512e-01
8.65994387e-01  7.00381024e-01  5.72521853e-01  9.61580754e-01  6.28309906e-01  5.69051980e-01
9.29399163e-01  3.63850416e-01  5.75708700e-01  9.69276056e-01  2.58183617e-01  6.06852867e-01
8.45837930e-01  5.55325873e-01  7.35143285e-01  9.40955100e-01  4.33659651e-01  7.47131911e-01
8.47323784e-01  5.83502003e-01  7.11804653e-01  9.45061424e-01  4.31434660e-01  7.21325915e-01
8.18802803e-01  8.04359990e-01  6.65262750e-01  9.46971352e-01  6.61784895e-01  6.54845203e-01
7.46288847e-01  6.80148235e-01  9.91865159e-01  9.03541758e-01  4.07732229e-01  9.92619915e-01
9.84908651e-01  2.63522332e-01  4.52059259e-01  9.86981811e-01  2.37860013e-01  4.97593890e-01
8.35939604e-01  5.95975817e-01  7.42363718e-01  9.39120971e-01  4.65681583e-01  7.51353021e-01
8.98714002e-01  4.08103421e-01  6.51174003e-01  9.56318556e-01  3.14236684e-01  6.76738658e-01
8.17162897e-01  5.63644860e-01  8.27117871e-01  9.27444658e-01  4.23360027e-01  8.36186800e-01
8.71498842e-01  5.93279903e-01  6.23364284e-01  9.55995413e-01  5.08088896e-01  6.33169720e-01
7.98738391e-01  8.78564099e-01  6.84922636e-01  9.45002580e-01  6.62455540e-01  6.66794788e-01
8.19387807e-01  1.02356958e+00  5.20659417e-01  9.65603516e-01  9.59223656e-01  4.64832410e-01
7.81171720e-01  4.97031014e-01  9.92301100e-01  9.07304280e-01  2.91275798e-01  9.95913639e-01
9.20826647e-01  5.54800461e-01  4.80550128e-01  9.76548486e-01  5.49798655e-01  4.91048834e-01
7.82407959e-01  5.47615020e-01  9.55256186e-01  9.09531115e-01  3.81733256e-01  9.60336211e-01
7.83795099e-01  5.05340063e-01  9.78292850e-01  9.06710731e-01  3.62636343e-01  9.83433833e-01
8.19824339e-01  5.87399926e-01  8.02656589e-01  9.30945518e-01  4.35571445e-01  8.10863803e-01
7.79794997e-01  5.58004622e-01  9.57384979e-01  9.11235426e-01  3.31755707e-01  9.61175045e-01
8.06637284e-01  5.62112112e-01  8.63857867e-01  9.23517933e-01  3.81750765e-01  8.71162234e-01
8.51369388e-01  6.55836999e-01  6.51103650e-01  9.52792760e-01  5.07039586e-01  6.53952033e-01
9.40238987e-01  2.34839275e-01  6.22360448e-01  9.62938373e-01  1.85265182e-01  6.64141674e-01
9.31511485e-01  5.32642801e-01  4.58654495e-01  9.82843778e-01  4.73879027e-01  4.68558556e-01
7.87108320e-01  6.12261609e-01  8.97616405e-01  9.18014086e-01  4.01479994e-01  9.01808519e-01
7.69637646e-01  7.14303301e-01  8.90691929e-01  9.17384325e-01  4.65463088e-01  8.90781870e-01
7.85713297e-01  5.53528491e-01  9.40191204e-01  9.11455237e-01  3.91351020e-01  9.45733796e-01
8.22168889e-01  5.03850342e-01  8.48942418e-01  9.28069925e-01  3.10500708e-01  8.58749942e-01
9.42484135e-01  2.76549750e-01  5.87657088e-01  9.66915856e-01  2.30249703e-01  6.28046959e-01
9.47340310e-01  2.67942335e-01  5.76755758e-01  9.69645490e-01  1.99504926e-01  6.17783257e-01
8.33194620e-01  3.57550501e-01  9.06489867e-01  9.21225304e-01  2.40806857e-01  9.19048085e-01
8.05288407e-01  6.77482012e-01  7.93233001e-01  9.28957294e-01  5.46210096e-01  7.97046812e-01
7.42030220e-01  7.53237305e-01  9.58869788e-01  9.06378348e-01  4.76738555e-01  9.58183292e-01
9.34166110e-01  3.57195668e-01  5.63842286e-01  9.70431481e-01  2.71028710e-01  5.96420100e-01
9.35520571e-01  5.36040787e-01  4.42835157e-01  9.82186336e-01  5.54853643e-01  4.53709521e-01
7.71723296e-01  6.73287607e-01  9.10239259e-01  9.13177826e-01  4.86235309e-01  9.12863870e-01
9.38772043e-01  4.00191322e-01  5.19991091e-01  9.76690640e-01  3.04149712e-01  5.47972646e-01
7.82927986e-01  8.88938016e-01  7.32174133e-01  9.38773938e-01  6.26687096e-01  7.15670387e-01
9.34831444e-01  5.53369421e-01  4.33925215e-01  9.85249559e-01  5.30441730e-01  4.39816028e-01
8.45573145e-01  7.11729557e-01  6.34497421e-01  9.50713978e-01  6.49562020e-01  6.33725433e-01
7.68539338e-01  6.32568709e-01  9.47490992e-01  9.08480599e-01  4.52669815e-01  9.50886450e-01
8.21877518e-01  5.33163310e-01  8.30898586e-01  9.27927521e-01  3.89138245e-01  8.41148052e-01
9.15637038e-01  3.41037232e-01  6.37250724e-01  9.59714429e-01  2.55085421e-01  6.68891093e-01
7.85058374e-01  9.08975913e-01  7.11632259e-01  9.41163597e-01  6.59688798e-01  6.92061677e-01
9.34045421e-01  3.70565278e-01  5.55572074e-01  9.70658518e-01  3.02739276e-01  5.87498408e-01
8.38261330e-01  7.75107320e-01  6.17881409e-01  9.53120762e-01  6.87817198e-01  6.08770222e-01
8.64597705e-01  3.29726690e-01  8.17911980e-01  9.34749821e-01  2.15967816e-01  8.38175215e-01
7.59503399e-01  7.96980572e-01  8.71128632e-01  9.18675367e-01  5.27980199e-01  8.67267732e-01
8.82452143e-01  2.71370211e-01  7.95169963e-01  9.39543158e-01  1.63131362e-01  8.19880036e-01
7.91001617e-01  5.91009760e-01  8.97894777e-01  9.15949439e-01  4.46109904e-01  9.04023113e-01
8.07522773e-01  4.99201861e-01  9.01401198e-01  9.21102052e-01  2.85428018e-01  9.08816117e-01
7.40034379e-01  7.81272082e-01  9.47742331e-01  9.07681878e-01  4.95095585e-01  9.46018793e-01
8.01152787e-01  5.90189041e-01  8.63954471e-01  9.20733707e-01  4.55525941e-01  8.71128647e-01
9.65782732e-01  4.05635582e-01  4.24740125e-01  9.90750587e-01  3.39385139e-01  4.49526068e-01
8.28470928e-01  3.92276998e-01  8.99984091e-01  9.22318841e-01  2.42939794e-01  9.11533919e-01
8.51781364e-01  3.74058522e-01  8.32353289e-01  9.30572545e-01  2.76688677e-01  8.50147615e-01
8.26847194e-01  2.99543436e-01  9.65413900e-01  9.13933163e-01  2.01353029e-01  9.74580097e-01
7.98859194e-01  4.16317850e-01  9.84641362e-01  9.10507365e-01  2.30432104e-01  9.89700428e-01
7.45179783e-01  7.48709367e-01  9.51411531e-01  9.07989866e-01  4.67358221e-01  9.50574705e-01
8.23902004e-01  6.92528783e-01  7.20553494e-01  9.40867376e-01  5.42654816e-01  7.22032135e-01
8.45626908e-01  2.86235479e-01  9.10574450e-01  9.22028066e-01  1.94133885e-01  9.24889785e-01
8.56547259e-01  3.04878812e-01  8.61086100e-01  9.28533021e-01  2.08954423e-01  8.79173215e-01
8.19917032e-01  4.62127970e-01  8.83380754e-01  9.21521862e-01  3.35272889e-01  8.94388304e-01
8.21078711e-01  3.59248842e-01  9.46533603e-01  9.15100817e-01  2.49912388e-01  9.56175657e-01
7.80744822e-01  5.45990194e-01  9.61959322e-01  9.08392689e-01  3.84794900e-01  9.66915194e-01
7.95135169e-01  7.25278702e-01  7.96977877e-01  9.30399457e-01  5.12676559e-01  7.96211071e-01
8.61205063e-01  6.71556886e-01  6.07200583e-01  9.56001465e-01  6.07433293e-01  6.09224979e-01
8.16068230e-01  6.25528755e-01  7.90655423e-01  9.30456080e-01  5.05052704e-01  7.97643040e-01
8.29364796e-01  6.87341664e-01  7.05371175e-01  9.44226789e-01  5.17506910e-01  7.06412450e-01
8.11867626e-01  5.08714521e-01  8.80467925e-01  9.20540842e-01  3.80196455e-01  8.90101553e-01
9.64550030e-01  3.47841522e-01  4.66446436e-01  9.82923377e-01  3.28789129e-01  5.02207901e-01
8.89320611e-01  5.40185627e-01  5.97318477e-01  9.61990127e-01  4.37538370e-01  6.11342402e-01
8.73976892e-01  5.24190990e-01  6.59805011e-01  9.52897850e-01  4.13409056e-01  6.75322783e-01
8.39779048e-01  3.00793574e-01  9.20683996e-01  9.20534524e-01  1.95629442e-01  9.33598322e-01
8.97709354e-01  5.77707500e-01  5.44175159e-01  9.66818597e-01  5.44707961e-01  5.54634410e-01
7.88667202e-01  5.53243245e-01  9.30643281e-01  9.14819851e-01  3.44778668e-01  9.35640881e-01
9.24100134e-01  5.70841452e-01  4.59318375e-01  9.80988962e-01  5.41838811e-01  4.64967290e-01
8.68898355e-01  7.74615111e-01  5.14168155e-01  9.65245379e-01  8.21661286e-01  4.99516162e-01
8.18544999e-01  7.27331776e-01  7.16149233e-01  9.42381326e-01  5.36491336e-01  7.13775805e-01
8.01400801e-01  8.74650959e-01  6.78719585e-01  9.44923554e-01  6.90211434e-01  6.61282807e-01
9.32538463e-01  3.99637019e-01  5.41517304e-01  9.71279784e-01  3.52843294e-01  5.71202209e-01
8.08022300e-01  6.45255002e-01  8.04873199e-01  9.28309944e-01  5.07439468e-01  8.10326063e-01
7.35443699e-01  7.69790943e-01  9.70489780e-01  9.04733438e-01  4.73998964e-01  9.69375883e-01
7.91220941e-01  4.51644388e-01  9.87643317e-01  9.08998127e-01  2.61207026e-01  9.92132015e-01
9.59181800e-01  2.55804473e-01  5.44724430e-01  9.73538552e-01  2.17700885e-01  5.89053304e-01
9.05194910e-01  4.32849270e-01  6.13100997e-01  9.60809804e-01  3.56435137e-01  6.38005618e-01
9.29082041e-01  2.50844573e-01  6.49854396e-01  9.58687913e-01  1.97598829e-01  6.88491701e-01
9.12864827e-01  6.20768775e-01  4.64757433e-01  9.81801569e-01  5.31799940e-01  4.61604283e-01
8.49236065e-01  8.52071570e-01  5.30647436e-01  9.66572084e-01  7.72045657e-01  5.02690869e-01
9.17837683e-01  3.15156138e-01  6.46581032e-01  9.59029075e-01  2.27679307e-01  6.79738139e-01
9.38980837e-01  3.32529390e-01  5.63209790e-01  9.71046373e-01  2.44713859e-01  5.98156838e-01
8.83049741e-01  7.36199477e-01  4.91056296e-01  9.70863750e-01  7.59101824e-01  4.78220733e-01
8.19644388e-01  4.49818657e-01  8.92597910e-01  9.23156075e-01  2.59563582e-01  9.02251352e-01
7.63915837e-01  6.45250837e-01  9.54660618e-01  9.07433726e-01  4.50908169e-01  9.57497798e-01
8.33956728e-01  7.47634347e-01  6.50632978e-01  9.50026616e-01  6.19244662e-01  6.45270710e-01
9.00414710e-01  6.82377018e-01  4.67332700e-01  9.77985008e-01  6.54842337e-01  4.57622956e-01
8.36344769e-01  8.14179339e-01  5.99022308e-01  9.54627997e-01  7.49477617e-01  5.84588597e-01
9.08266567e-01  6.16544130e-01  4.83411570e-01  9.79728064e-01  5.04061090e-01  4.81946306e-01
8.44776426e-01  5.31227480e-01  7.54394383e-01  9.39782849e-01  3.81711268e-01  7.66879389e-01
7.57777853e-01  6.24298185e-01  9.89110406e-01  9.01826154e-01  4.56163156e-01  9.92217661e-01
8.82942059e-01  7.98453446e-01  4.51005381e-01  9.76888611e-01  8.31046841e-01  4.22651606e-01
8.09848306e-01  4.92485375e-01  8.97863118e-01  9.18566038e-01  3.61483091e-01  9.07170370e-01
8.36821635e-01  6.06821074e-01  7.32327857e-01  9.42301270e-01  4.29393834e-01  7.39504574e-01
8.23587549e-01  9.02579890e-01  5.85246901e-01  9.58242639e-01  7.73458573e-01  5.56281928e-01
9.24310677e-01  4.02705436e-01  5.67463938e-01  9.69841790e-01  2.91729928e-01  5.94811055e-01
9.22854587e-01  6.38009647e-01  4.19643165e-01  9.83401588e-01  6.92281425e-01  4.13561888e-01
7.51825677e-01  6.63315899e-01  9.84287659e-01  9.02852605e-01  4.55543660e-01  9.86297851e-01
7.89189929e-01  5.91980982e-01  9.03715629e-01  9.18028932e-01  3.73675560e-01  9.08259863e-01
8.65941892e-01  8.02558275e-01  5.06066093e-01  9.69678969e-01  7.69151889e-01  4.83451216e-01
9.85491759e-01  2.70096912e-01  4.46108634e-01  9.88612658e-01  2.27063734e-01  4.90195138e-01
7.99581567e-01  5.38271314e-01  9.03299059e-01  9.19181637e-01  3.36103108e-01  9.09714939e-01
9.39827353e-01  2.81913651e-01  5.93196155e-01  9.66239155e-01  2.29011863e-01  6.32677372e-01
9.42277664e-01  5.06336767e-01  4.39473357e-01  9.87184887e-01  4.32883407e-01  4.50892040e-01
8.18244570e-01  8.64357522e-01  6.27908053e-01  9.52924369e-01  6.98833814e-01  6.07435703e-01
8.70571885e-01  2.15284952e-01  8.71928855e-01  9.28733993e-01  1.50147430e-01  8.92246808e-01
8.56346912e-01  9.11061919e-01  4.68203273e-01  9.70924225e-01  9.81587583e-01  4.25451513e-01
9.37118011e-01  3.14342187e-01  5.81640227e-01  9.67792411e-01  2.49621010e-01  6.18381918e-01
8.31324819e-01  2.87906590e-01  9.57764004e-01  9.16798862e-01  1.54829362e-01  9.67158621e-01
8.06072903e-01  5.62506666e-01  8.65221679e-01  9.25227187e-01  3.31535074e-01  8.71509237e-01
8.29285499e-01  8.08075183e-01  6.26957393e-01  9.55044942e-01  6.21511503e-01  6.12043528e-01
7.93292862e-01  5.24198497e-01  9.33494801e-01  9.13177524e-01  3.68720128e-01  9.40018589e-01
8.11011492e-01  5.18470397e-01  8.77339449e-01  9.22848814e-01  3.38043058e-01  8.85743643e-01
8.91048318e-01  2.69122420e-01  7.67438202e-01  9.43504551e-01  1.62478394e-01  7.94632990e-01
8.11877466e-01  7.56238547e-01  7.20022546e-01  9.40247385e-01  5.85236345e-01  7.15981969e-01
8.39727724e-01  6.29793780e-01  7.07543808e-01  9.43917425e-01  4.93785814e-01  7.13981078e-01
7.47156557e-01  7.29599583e-01  9.56808747e-01  9.07420020e-01  4.55089206e-01  9.56601229e-01
9.48368428e-01  5.14553141e-01  4.13457704e-01  9.91420549e-01  4.43890102e-01  4.21142179e-01
7.98588756e-01  4.71027632e-01  9.50331704e-01  9.11901360e-01  3.32007707e-01  9.57361835e-01
8.93049166e-01  7.44891335e-01  4.51459654e-01  9.78145945e-01  7.59892032e-01  4.31342245e-01
8.14641035e-01  6.01723386e-01  8.10660695e-01  9.28586850e-01  4.65756556e-01  8.18364609e-01
7.85638368e-01  5.27020722e-01  9.57956194e-01  9.11641829e-01  3.17302826e-01  9.62488272e-01
9.01841617e-01  4.29451543e-01  6.26693569e-01  9.59027075e-01  3.47725160e-01  6.51487106e-01
8.17300408e-01  5.22396582e-01  8.53433648e-01  9.26891977e-01  3.27459570e-01  8.62310164e-01
9.04384112e-01  3.09076793e-01  6.96212379e-01  9.52501441e-01  2.06806335e-01  7.26507744e-01
9.43951272e-01  3.90780733e-01  5.08513925e-01  9.76813027e-01  3.39592919e-01  5.38843194e-01
8.40576810e-01  3.43593201e-01  8.90185367e-01  9.25294868e-01  1.92784210e-01  9.03744009e-01
8.27780641e-01  8.51508392e-01  6.04166423e-01  9.57952763e-01  6.71075336e-01  5.82245650e-01
8.29741469e-01  9.96488766e-01  5.03381349e-01  9.67514085e-01  9.73105097e-01  4.49830096e-01
8.80204925e-01  4.37311014e-01  6.94764773e-01  9.48579886e-01  3.52397613e-01  7.16858073e-01
9.25378774e-01  5.17633941e-01  4.89222772e-01  9.80067227e-01  4.09097072e-01  5.01613606e-01
9.15628743e-01  4.99071779e-01  5.34380920e-01  9.73718333e-01  3.73897571e-01  5.50609404e-01
9.53072780e-01  3.58632869e-01  4.98412337e-01  9.79641734e-01  2.92432997e-01  5.31809087e-01
9.04389045e-01  6.14553104e-01  4.97870647e-01  9.77443326e-01  4.98545953e-01  4.97894243e-01
8.47119294e-01  7.40482690e-01  6.10580277e-01  9.57257113e-01  6.01128734e-01  6.03174368e-01
8.28320804e-01  7.62275152e-01  6.59967444e-01  9.46214171e-01  6.79633812e-01  6.54981661e-01
8.78107686e-01  5.51030687e-01  6.28353033e-01  9.58199585e-01  4.15593912e-01  6.40813793e-01
8.40403074e-01  3.12029298e-01  9.11269163e-01  9.21372273e-01  2.10148140e-01  9.24808077e-01
8.48511938e-01  5.86784711e-01  7.05638691e-01  9.45981728e-01  4.33634678e-01  7.14906931e-01
8.75842350e-01  4.31996186e-01  7.13328215e-01  9.49160546e-01  2.69483922e-01  7.33172563e-01
8.69168222e-01  5.00329498e-01  6.91625802e-01  9.48715523e-01  3.86421561e-01  7.08493848e-01
8.53385744e-01  7.35213994e-01  5.92722126e-01  9.60235465e-01  5.98483785e-01  5.84700110e-01
9.64594877e-01  4.44022729e-01  4.04149583e-01  9.93187467e-01  3.91115219e-01  4.22238125e-01
7.56398515e-01  7.33731424e-01  9.22740064e-01  9.12659748e-01  4.59097100e-01  9.22059329e-01
8.85705915e-01  7.37564721e-01  4.81150814e-01  9.73779505e-01  7.32441171e-01  4.65802209e-01
7.58936359e-01  6.44383606e-01  9.72134222e-01  9.04296421e-01  4.62068359e-01  9.74987270e-01
8.17839946e-01  7.02245849e-01  7.34830267e-01  9.39077937e-01  5.34427501e-01  7.35443114e-01
8.94562957e-01  6.61197466e-01  5.00655851e-01  9.76543374e-01  5.36093126e-01  4.94308391e-01
9.43821128e-01  2.41299385e-01  6.06002843e-01  9.65732333e-01  1.78042352e-01  6.47927433e-01
9.19971197e-01  6.21084875e-01  4.40719366e-01  9.81768480e-01  6.33165419e-01  4.38467423e-01
8.24702348e-01  5.93274088e-01  7.82277673e-01  9.33782908e-01  4.44521880e-01  7.90562901e-01
8.90263768e-01  2.90342325e-01  7.56027697e-01  9.44922625e-01  1.71832158e-01  7.82821693e-01
7.42406732e-01  7.48354780e-01  9.60761734e-01  9.06865270e-01  4.56077884e-01  9.59925620e-01
7.80275202e-01  6.26160569e-01  9.11498807e-01  9.14029055e-01  4.48810069e-01  9.15701189e-01
8.28287947e-01  9.17586905e-01  5.59245484e-01  9.63559916e-01  7.64628134e-01  5.23750910e-01
8.39962671e-01  5.69912477e-01  7.45625045e-01  9.41967595e-01  3.73736794e-01  7.54748240e-01
7.94574136e-01  4.81922852e-01  9.56594995e-01  9.13405666e-01  2.69538804e-01  9.61908042e-01
8.89174699e-01  3.49312926e-01  7.21736636e-01  9.48750158e-01  2.20783577e-01  7.47270203e-01
8.32369185e-01  3.90521476e-01  8.87885395e-01  9.24063678e-01  2.43008666e-01  9.00329506e-01
9.04062676e-01  2.25868879e-01  7.51028613e-01  9.45201797e-01  1.64130420e-01  7.82844983e-01
8.00511979e-01  4.93484702e-01  9.28921012e-01  9.14590181e-01  3.45434702e-01  9.36442916e-01
8.31919254e-01  3.48547357e-01  9.16667634e-01  9.21496824e-01  1.95372272e-01  9.28004616e-01
8.91770379e-01  2.54701165e-01  7.74051683e-01  9.42566353e-01  1.56292727e-01  8.01588974e-01
8.83951921e-01  6.57315419e-01  5.39504391e-01  9.68605683e-01  5.67733059e-01  5.38270945e-01
8.35091291e-01  2.42263553e-01  9.74609667e-01  9.14571604e-01  1.45846504e-01  9.83555389e-01
9.41823063e-01  3.98662110e-01  5.10921439e-01  9.77820731e-01  3.12583461e-01  5.39257169e-01
9.38151296e-01  2.54762333e-01  6.16812611e-01  9.64217661e-01  1.83857654e-01  6.56786500e-01
8.53290421e-01  6.97576481e-01  6.17183282e-01  9.54268042e-01  6.23023383e-01  6.16669036e-01
7.65676292e-01  6.58327829e-01  9.40190869e-01  9.09025286e-01  4.69150267e-01  9.42997241e-01
