7.43094224e-01  3.02767014e-01  9.40111449e-01
3.69248672e-01  8.45597354e-01  8.31606882e-01
6.78460667e-01  7.77576646e-01  2.89097274e-01
3.05331731e-01  9.99366314e-01  8.14948757e-01
3.26377480e-01  2.97178723e-01  3.30566028e-01
2.80207455e-01  8.67995160e-01  4.02353472e-01
4.13637870e-01  3.63303536e-01  3.01734397e-01
2.77583523e-01  8.88203972e-01  3.64755528e-01
3.32710808e-01  3.97611137e-01  2.61758631e-01
7.00425360e-01  6.71126909e-01  2.75346823e-01
9.81805786e-01  5.06356486e-01  3.06796852e-01
2.56917791e-01  6.03955364e-01  6.55986863e-01
8.75569217e-01  7.82277565e-01  3.33763946e-01
9.26491177e-01  5.41447660e-01  2.50596158e-01
7.70921847e-01  2.87638376e-01  4.53907058e-01
7.49188601e-01  2.59026932e-01  5.69787727e-01
3.83878073e-01  6.18444373e-01  2.70962481e-01
4.07241286e-01  9.96242649e-01  4.44780875e-01
9.67613809e-01  3.82830702e-01  2.76184992e-01
6.42437914e-01  2.70398607e-01  8.87232253e-01
4.07367500e-01  2.94236379e-01  7.95149207e-01
3.02316555e-01  5.10050560e-01  8.96805616e-01
2.59782433e-01  5.85967557e-01  9.22479038e-01
9.37009216e-01  3.19682975e-01  8.01433219e-01
3.61676944e-01  3.05270071e-01  4.08703879e-01
7.31291626e-01  4.31690444e-01  2.85552137e-01
3.00628882e-01  9.04472816e-01  8.20514863e-01
3.21488846e-01  5.10181982e-01  4.57272927e-01
9.23539247e-01  3.14559014e-01  9.36744794e-01
8.19108324e-01  3.47696623e-01  4.11104616e-01
8.53409943e-01  7.70647113e-01  9.54406304e-01
7.10134175e-01  8.19667314e-01  2.95805967e-01
9.81774846e-01  8.24401491e-01  8.66565767e-01
6.80290213e-01  7.77525552e-01  9.09588928e-01
6.11940593e-01  2.68069603e-01  3.25702264e-01
8.70744090e-01  4.25311507e-01  5.03787625e-01
3.81165013e-01  4.86816075e-01  8.08141519e-01
7.28341469e-01  4.90063656e-01  9.90864688e-01
2.51770166e-01  8.57209002e-01  9.29443711e-01
2.62733224e-01  3.34269910e-01  7.65508145e-01
9.67438284e-01  4.10820315e-01  8.57703836e-01
7.59132352e-01  4.86502391e-01  6.27818247e-01
3.59118537e-01  9.98976868e-01  9.95533770e-01
3.16353804e-01  8.48438778e-01  9.01081909e-01
8.91564863e-01  5.30968576e-01  9.60942268e-01
7.36656444e-01  4.16305757e-01  2.77752870e-01
6.82978175e-01  2.77220001e-01  3.04866048e-01
3.82248573e-01  3.26327493e-01  3.04749880e-01
2.55561503e-01  6.08395727e-01  5.35712290e-01
2.79522242e-01  7.64510345e-01  7.24715102e-01
7.45664142e-01  2.86553336e-01  9.52390122e-01
4.57780981e-01  9.07625963e-01  2.92352112e-01
3.67032181e-01  2.87224280e-01  4.18511602e-01
9.42698445e-01  6.22021644e-01  9.63832466e-01
6.70669536e-01  9.28426708e-01  9.70521066e-01
5.76270025e-01  4.11299052e-01  2.51466125e-01
3.39393179e-01  5.41790819e-01  1.00000767e+00
8.92630107e-01  3.81276985e-01  8.80600676e-01
9.97284150e-01  9.04508082e-01  5.89120553e-01
2.67377268e-01  3.30394957e-01  5.33353734e-01
5.63586637e-01  2.81823547e-01  4.71512878e-01
6.06126478e-01  2.52285503e-01  8.76821910e-01
9.06829177e-01  5.23186119e-01  9.28964957e-01
8.19182065e-01  9.93476173e-01  2.56363158e-01
8.49077442e-01  9.64566602e-01  8.93459519e-01
5.03766500e-01  4.47698778e-01  3.72507329e-01
9.55193263e-01  3.80119125e-01  2.53468505e-01
3.87350601e-01  3.27849561e-01  9.99542590e-01
7.02377602e-01  4.73387107e-01  6.91930791e-01
4.06241475e-01  8.47777721e-01  3.39060096e-01
2.86940053e-01  6.96936079e-01  2.79845019e-01
4.50390029e-01  4.58815668e-01  3.71910635e-01
3.50929964e-01  5.77000864e-01  9.08209200e-01
4.36142516e-01  3.08044681e-01  7.51401999e-01
7.91473539e-01  9.66055011e-01  4.91036858e-01
3.77106199e-01  4.81547773e-01  3.65737138e-01
3.73258659e-01  3.02926662e-01  2.95212999e-01
6.30130885e-01  6.98237919e-01  3.64204081e-01
7.13272559e-01  4.63802962e-01  2.85444433e-01
9.46392372e-01  2.79282547e-01  4.36211537e-01
9.94247766e-01  8.84189960e-01  5.09068828e-01
6.34008370e-01  9.84956043e-01  8.56247807e-01
3.69819966e-01  2.94941598e-01  4.09883279e-01
9.70982925e-01  3.84197094e-01  9.66571491e-01
9.80662956e-01  9.01930615e-01  6.32473710e-01
5.66525993e-01  9.73204690e-01  8.61330370e-01
6.36446536e-01  8.08315294e-01  3.24416862e-01
9.08486123e-01  3.38340588e-01  3.31630391e-01
3.70682606e-01  3.01000002e-01  2.50384955e-01
9.97487834e-01  5.28175723e-01  8.81562338e-01
2.51043590e-01  7.12505282e-01  4.08939819e-01
3.35873560e-01  3.87310392e-01  3.07429971e-01
3.28254518e-01  2.98929289e-01  7.64430692e-01
2.70329822e-01  4.72321624e-01  3.68462345e-01
3.52684677e-01  8.67134590e-01  4.75812733e-01
3.38339712e-01  6.21081838e-01  8.69206134e-01
2.61644940e-01  9.80637750e-01  3.83705741e-01
4.90400915e-01  7.33213177e-01  5.61547202e-01
8.79141662e-01  6.68646342e-01  4.53595774e-01
9.62098167e-01  9.10076585e-01  4.16043383e-01
3.46784219e-01  9.31260935e-01  9.57297017e-01
5.80376221e-01  9.83401911e-01  9.72823829e-01
5.79112259e-01  3.63431142e-01  9.09155092e-01
3.08670265e-01  4.94802855e-01  3.03389057e-01
6.54548784e-01  3.38191822e-01  9.64082434e-01
8.71409028e-01  7.04173349e-01  9.56076739e-01
9.87272969e-01  9.75688838e-01  9.45373624e-01
9.65270708e-01  5.90301765e-01  2.53391382e-01
9.14938009e-01  5.41847404e-01  9.48862608e-01
2.87216904e-01  4.04796671e-01  8.78247622e-01
9.88046927e-01  3.45914684e-01  5.40442525e-01
8.84080509e-01  9.87172515e-01  4.93782201e-01
3.68295983e-01  4.07822632e-01  6.00858669e-01
8.85629946e-01  3.42975715e-01  9.75716764e-01
4.02738202e-01  7.34523684e-01  7.23824909e-01
2.86152199e-01  3.12654263e-01  6.87685188e-01
9.27134562e-01  7.70962821e-01  6.99572269e-01
9.85634949e-01  4.31905673e-01  3.63638242e-01
2.84461003e-01  3.42856429e-01  5.91670028e-01
4.77770697e-01  8.73766758e-01  9.26195049e-01
4.97191581e-01  9.54096954e-01  8.44571106e-01
2.88078346e-01  7.69897279e-01  8.97325243e-01
2.66991691e-01  6.67481785e-01  9.83467726e-01
2.58483536e-01  9.56105612e-01  3.29144363e-01
5.49725197e-01  4.74758545e-01  2.79883317e-01
2.74579176e-01  9.55022941e-01  2.94549506e-01
2.90653091e-01  7.68359124e-01  9.04261087e-01
8.81540219e-01  3.42391821e-01  7.08731662e-01
3.80926390e-01  9.22162993e-01  3.13465516e-01
3.06706544e-01  3.00339172e-01  3.92957766e-01
5.20158621e-01  2.63684497e-01  4.44961170e-01
9.11185593e-01  5.36410337e-01  3.44545930e-01
9.70721964e-01  9.02556803e-01  9.05880055e-01
6.11904549e-01  9.86857008e-01  5.64349095e-01
8.54400491e-01  7.72491801e-01  9.78217301e-01
3.43495376e-01  7.78204945e-01  4.80122390e-01
2.93108454e-01  8.50039312e-01  4.86365130e-01
4.93656828e-01  9.68895564e-01  9.39101569e-01
9.20613455e-01  6.78599618e-01  6.07003592e-01
8.93459696e-01  3.84204121e-01  7.95022766e-01
8.76881712e-01  4.17436986e-01  8.77707734e-01
3.80728495e-01  9.35265015e-01  8.02532307e-01
2.86339447e-01  7.11066717e-01  3.34230372e-01
7.91196094e-01  9.59593891e-01  8.68329934e-01
9.50142642e-01  7.64876593e-01  4.13028129e-01
2.50153352e-01  3.79597492e-01  2.92672813e-01
8.23567860e-01  9.61418444e-01  3.07817640e-01
8.42841098e-01  7.02830444e-01  2.77810837e-01
9.90268505e-01  3.50028060e-01  6.39661295e-01
7.71572381e-01  3.16617918e-01  9.44198375e-01
5.44626711e-01  4.24028662e-01  2.68140903e-01
9.36890671e-01  2.56207201e-01  7.48559160e-01
2.85325213e-01  9.31930944e-01  5.21853957e-01
4.24559324e-01  7.97862015e-01  2.59595317e-01
3.46248268e-01  8.18852761e-01  8.26651524e-01
9.93145326e-01  5.04248410e-01  3.53020610e-01
8.22836440e-01  9.76011118e-01  9.90243180e-01
9.18713627e-01  6.02178273e-01  8.59048303e-01
3.17582479e-01  7.15989626e-01  2.57855050e-01
4.96869777e-01  4.24976873e-01  3.23401939e-01
5.18110688e-01  7.28064221e-01  2.73349840e-01
9.02473621e-01  2.63171170e-01  4.86606420e-01
7.45789195e-01  2.69987449e-01  8.23519809e-01
9.63471126e-01  5.73326637e-01  2.74238854e-01
8.53236544e-01  3.41694130e-01  9.89714753e-01
8.83213968e-01  3.12393409e-01  3.58953438e-01
9.69305525e-01  7.14913048e-01  4.16022630e-01
8.69291907e-01  7.48599887e-01  8.53038770e-01
9.01419198e-01  3.69096838e-01  9.42445028e-01
9.28400147e-01  9.63711910e-01  2.54994116e-01
4.97365942e-01  3.10861191e-01  2.84384019e-01
3.36117868e-01  3.16758528e-01  4.68885326e-01
3.42044630e-01  7.64129409e-01  2.66689344e-01
6.89680824e-01  4.59213924e-01  3.27201323e-01
6.02301913e-01  9.16940689e-01  8.18258377e-01
9.42352034e-01  9.00574961e-01  9.98134054e-01
2.86542747e-01  9.50155825e-01  9.36745753e-01
9.32014652e-01  2.53040160e-01  8.83947522e-01
2.54781815e-01  9.21789895e-01  2.54140104e-01
2.61095997e-01  8.38243884e-01  4.17543837e-01
3.81880244e-01  5.79531960e-01  4.39272367e-01
8.64696251e-01  2.53017884e-01  4.10654113e-01
3.42788812e-01  9.79308833e-01  4.71084830e-01
7.76861943e-01  3.23425841e-01  9.41437737e-01
7.87230691e-01  5.74306658e-01  2.87466834e-01
8.33956090e-01  9.04195705e-01  7.27527981e-01
8.34815132e-01  9.85200958e-01  3.07107701e-01
9.48680127e-01  9.19089566e-01  3.63887695e-01
8.38503523e-01  5.17861196e-01  9.26366969e-01
4.02825480e-01  5.96087029e-01  2.89404344e-01
9.99693170e-01  5.28755301e-01  6.79924475e-01
9.63533485e-01  3.25650659e-01  4.66912855e-01
9.51270374e-01  9.08415145e-01  9.77303309e-01
2.98870847e-01  5.61808082e-01  7.28860325e-01
9.24093824e-01  2.91200852e-01  8.09820353e-01
2.79853193e-01  4.61183644e-01  2.88726969e-01
9.52174426e-01  3.69346522e-01  7.76045079e-01
8.07578476e-01  3.17421893e-01  2.95156912e-01
9.51715630e-01  9.76967109e-01  8.33227537e-01
3.75196304e-01  7.03234332e-01  5.39585574e-01
9.31923809e-01  8.83382789e-01  6.37195424e-01
2.96719491e-01  7.53762015e-01  8.86209591e-01
8.70849770e-01  8.29782312e-01  6.70175970e-01
8.90832148e-01  9.54610913e-01  9.28551789e-01
2.76325807e-01  5.63534426e-01  7.81443252e-01
6.60936015e-01  8.58389859e-01  9.49736925e-01
3.64450671e-01  2.74010921e-01  8.60601186e-01
9.55612071e-01  8.04001023e-01  3.24766023e-01
6.85982421e-01  9.29779836e-01  5.50549100e-01
2.73673615e-01  7.04219207e-01  3.04148578e-01
2.93951348e-01  2.72799811e-01  9.43378693e-01
3.28010170e-01  8.81269198e-01  6.01171123e-01
3.13775349e-01  7.58877880e-01  9.39803161e-01
3.38778129e-01  7.99627851e-01  3.04650133e-01
9.05701591e-01  4.58733995e-01  2.61416104e-01
2.55339293e-01  4.52390520e-01  4.28389784e-01
9.76532189e-01  8.04253835e-01  9.43431626e-01
9.82435854e-01  7.64599561e-01  6.44630104e-01
9.15380241e-01  9.79309129e-01  8.97704793e-01
9.44552018e-01  2.61036663e-01  2.57538898e-01
3.68156876e-01  9.51235571e-01  3.61247672e-01
8.87148937e-01  8.76522075e-01  4.57994458e-01
3.67444340e-01  2.87172448e-01  8.58309143e-01
3.21942512e-01  4.30277358e-01  7.21650106e-01
9.89101507e-01  4.97184540e-01  7.42147669e-01
4.82563971e-01  5.21977755e-01  4.55184591e-01
9.36356002e-01  9.02000777e-01  5.55770823e-01
2.52958826e-01  9.41184468e-01  4.94293072e-01
2.51139505e-01  7.85353574e-01  2.55849935e-01
9.00722366e-01  9.07472327e-01  7.15107168e-01
9.48468844e-01  6.91570641e-01  8.46200905e-01
7.15624205e-01  6.22607078e-01  9.45177319e-01
2.91703722e-01  7.56356285e-01  3.23277344e-01
4.25466697e-01  2.90801011e-01  3.84165559e-01
3.82874015e-01  9.71946068e-01  9.07586277e-01
6.74892907e-01  4.66383563e-01  8.50475008e-01
9.57552944e-01  7.37086951e-01  8.97133386e-01
9.93311166e-01  3.08407065e-01  3.37939606e-01
4.45696743e-01  3.14277819e-01  7.40583192e-01
8.71962562e-01  9.71879657e-01  4.81966169e-01
5.17469136e-01  7.82166910e-01  3.62269711e-01
8.21202236e-01  2.55739084e-01  9.53776289e-01
9.73889489e-01  3.69282199e-01  2.67756457e-01
6.11897862e-01  4.22540972e-01  2.73067472e-01
9.97266855e-01  5.90798352e-01  3.04046915e-01
8.72776699e-01  9.13136639e-01  9.80863230e-01
3.72225792e-01  4.33640093e-01  9.59292449e-01
6.30107598e-01  9.09272690e-01  7.81186579e-01
5.22317041e-01  2.99940281e-01  3.24722648e-01
7.26313914e-01  4.86934850e-01  2.67651335e-01
8.21556383e-01  4.08226523e-01  8.28659490e-01
9.09317730e-01  5.92811245e-01  8.58016144e-01
4.98091615e-01  9.83311274e-01  7.69513402e-01
4.88013071e-01  9.68871392e-01  7.84465830e-01
5.76065612e-01  2.53998869e-01  4.30072617e-01
4.42111791e-01  3.92456063e-01  2.98236172e-01
3.04734770e-01  6.72317008e-01  2.74611220e-01
9.80673751e-01  1.00039984e+00  6.25343859e-01
3.28359416e-01  4.76874439e-01  2.75270188e-01
3.46152424e-01  5.17677159e-01  3.21785407e-01
8.67449650e-01  9.89864820e-01  8.02888102e-01
9.76055068e-01  9.52139549e-01  6.04513846e-01
5.43557987e-01  2.57548833e-01  4.40361945e-01
9.87059613e-01  7.31948239e-01  2.75696470e-01
3.31965152e-01  2.97438317e-01  3.10988209e-01
3.93799373e-01  9.40594725e-01  3.66276402e-01
4.95023024e-01  8.84110546e-01  3.64524490e-01
9.12941452e-01  2.90900691e-01  5.77183193e-01
3.56023324e-01  4.25573591e-01  9.48620619e-01
8.51312235e-01  2.51408620e-01  5.21130550e-01
6.35179427e-01  5.34365156e-01  3.00928222e-01
7.84479657e-01  9.25231794e-01  4.14668319e-01
9.27075729e-01  3.87171942e-01  9.74589041e-01
4.05595758e-01  9.66267155e-01  3.18485900e-01
2.55774425e-01  8.80465762e-01  7.11774470e-01
4.23571365e-01  7.59777439e-01  6.39335193e-01
3.48229923e-01  7.10174050e-01  8.60203473e-01
8.86981458e-01  3.20494676e-01  9.21941138e-01
7.67525657e-01  8.17506003e-01  6.36910079e-01
9.06015829e-01  3.11940803e-01  8.52997470e-01
2.77486080e-01  4.92027287e-01  7.50629246e-01
9.06584782e-01  3.35521035e-01  5.46801121e-01
7.99889258e-01  9.89587274e-01  5.32388993e-01
4.57688349e-01  9.39657963e-01  4.43551258e-01
2.66657591e-01  8.70810284e-01  9.91286052e-01
8.78151641e-01  9.65444014e-01  8.51659708e-01
7.88533282e-01  9.84948608e-01  9.92790263e-01
8.78701744e-01  8.39588282e-01  4.97271030e-01
8.71770682e-01  4.82249267e-01  9.53565073e-01
9.82371858e-01  9.71967105e-01  4.14286994e-01
9.88584946e-01  4.34575554e-01  6.63483155e-01
7.59934741e-01  9.04677470e-01  8.66562272e-01
9.56600776e-01  3.08442707e-01  8.99355127e-01
9.92978410e-01  9.52704620e-01  6.40657878e-01
9.88390736e-01  2.58998894e-01  9.68808845e-01
6.33720532e-01  2.73311835e-01  9.47298071e-01
8.99705146e-01  6.76226937e-01  3.19437967e-01
3.57953543e-01  8.51110839e-01  9.34486542e-01
2.93551850e-01  2.88887248e-01  7.54034002e-01
2.76730885e-01  2.91263930e-01  9.29046749e-01
6.33804191e-01  2.74068297e-01  3.98316057e-01
3.16770245e-01  7.99881687e-01  4.21006097e-01
3.00120603e-01  5.32734004e-01  9.71296173e-01
3.65557052e-01  3.23964881e-01  8.81683218e-01
4.45511882e-01  2.51963758e-01  8.95680038e-01
9.41004263e-01  6.99170350e-01  4.05395849e-01
9.92325178e-01  6.59878816e-01  4.87328186e-01
9.53357321e-01  7.85265862e-01  9.10114865e-01
4.50220454e-01  3.38687537e-01  3.71326946e-01
9.17587434e-01  8.85378512e-01  3.53470279e-01
8.18530150e-01  4.98663039e-01  9.31203470e-01
5.40410906e-01  9.16343673e-01  9.68228488e-01
9.70470731e-01  6.43470932e-01  9.11893251e-01
2.68209436e-01  8.36745029e-01  3.29815623e-01
3.46877017e-01  3.94926976e-01  5.32131483e-01
9.71581721e-01  8.52629159e-01  9.60235563e-01
2.89991668e-01  3.37645095e-01  4.72576530e-01
9.77706535e-01  9.19100044e-01  9.96573949e-01
2.96546672e-01  7.93376713e-01  9.15759959e-01
8.40988600e-01  9.60765241e-01  9.24149332e-01
7.30506109e-01  6.67706847e-01  4.29651298e-01
7.02988635e-01  4.74542996e-01  2.72545500e-01
9.21100171e-01  3.80914570e-01  9.31597062e-01
7.88932071e-01  9.90572865e-01  4.08137784e-01
9.53885894e-01  9.73964865e-01  6.07590980e-01
9.93410604e-01  5.61562433e-01  3.32499155e-01
5.50996226e-01  8.84455630e-01  9.17603470e-01
9.16066458e-01  5.61829149e-01  5.74172957e-01
2.54521271e-01  5.19501494e-01  3.16728547e-01
7.57458061e-01  3.77047764e-01  2.76526333e-01
2.54957965e-01  9.79458706e-01  5.61686335e-01
9.14337978e-01  3.65419863e-01  9.20849732e-01
2.74034573e-01  3.31857647e-01  5.24444194e-01
9.73776962e-01  3.74969418e-01  8.43693013e-01
5.79445193e-01  5.30919917e-01  3.00028907e-01
2.80904055e-01  9.52892682e-01  9.84978284e-01
9.83888420e-01  9.87141028e-01  9.73119183e-01
9.31013245e-01  8.94173150e-01  7.45536862e-01
4.61442079e-01  2.81301863e-01  3.10232933e-01
9.96188203e-01  5.99184514e-01  3.65914342e-01
4.05519423e-01  4.70263250e-01  2.58864233e-01
3.71784900e-01  3.08574058e-01  3.04760057e-01
8.83113963e-01  5.92619903e-01  9.99554413e-01
8.59039625e-01  3.69003236e-01  9.14226328e-01
3.98068211e-01  3.82173000e-01  8.81433918e-01
9.83070911e-01  7.42611739e-01  9.00103253e-01
2.88159400e-01  2.98770504e-01  9.92598213e-01
3.05334358e-01  2.73550613e-01  9.88991752e-01
6.09330831e-01  7.89105358e-01  5.57418922e-01
5.26961569e-01  3.28045604e-01  8.81737485e-01
3.77004327e-01  7.69199048e-01  9.76239668e-01
3.24021048e-01  9.05104389e-01  4.97388003e-01
7.32692378e-01  9.58807512e-01  7.97386337e-01
6.11558653e-01  2.88390626e-01  8.29188444e-01
8.57809865e-01  7.42430275e-01  3.09224996e-01
3.61540736e-01  9.31326277e-01  4.28490584e-01
3.62892098e-01  9.98819486e-01  9.13938940e-01
3.36380448e-01  3.81057146e-01  3.49115362e-01
9.02861028e-01  2.56107054e-01  7.10359573e-01
4.39848490e-01  2.73843406e-01  5.69157576e-01
8.44291769e-01  8.06603198e-01  9.63663454e-01
9.47903441e-01  5.81424970e-01  3.00038375e-01
4.83855661e-01  2.73676246e-01  5.45781243e-01
8.52622821e-01  2.93804271e-01  2.89767731e-01
9.67601522e-01  4.05331773e-01  9.33447579e-01
3.83328032e-01  3.19449872e-01  5.01232735e-01
9.32963037e-01  9.01727735e-01  4.06728184e-01
6.73758735e-01  4.84353766e-01  9.42765048e-01
7.71920068e-01  9.70700149e-01  4.33463356e-01
3.18303741e-01  9.63930611e-01  8.67624456e-01
8.68294417e-01  6.99934946e-01  9.57724126e-01
3.29805142e-01  2.88238201e-01  9.49862629e-01
8.02821519e-01  8.33289560e-01  8.76540039e-01
9.83171495e-01  7.53259149e-01  4.25091208e-01
4.27625329e-01  9.80600284e-01  9.19419412e-01
3.62229087e-01  8.60906582e-01  7.74640134e-01
9.08491386e-01  9.53771482e-01  7.11163680e-01
4.55056427e-01  3.01301632e-01  9.52347321e-01
2.92126427e-01  9.72247880e-01  4.98585608e-01
2.83914846e-01  2.99535524e-01  9.70695202e-01
5.47109244e-01  2.76333160e-01  4.87857064e-01
2.84596444e-01  4.17112896e-01  7.58261700e-01
6.75693167e-01  8.24446182e-01  2.74813338e-01
8.17190809e-01  8.86770652e-01  3.77330358e-01
3.54353692e-01  4.07343290e-01  3.73447883e-01
7.68787990e-01  9.78196526e-01  8.84086712e-01
9.90930744e-01  3.61785958e-01  8.51026706e-01
9.83792632e-01  4.79145926e-01  4.86680498e-01
7.60272152e-01  6.69743571e-01  2.96107345e-01
3.79806392e-01  9.22828331e-01  8.93142739e-01
4.23618407e-01  5.40906761e-01  9.31418424e-01
9.56342127e-01  7.21004718e-01  4.65242439e-01
7.85696913e-01  8.93890777e-01  6.54810119e-01
2.89716962e-01  2.54570106e-01  4.76601230e-01
4.39671867e-01  9.61328266e-01  6.49517841e-01
3.97035755e-01  8.48393792e-01  6.51010494e-01
2.69285053e-01  2.78036219e-01  7.02808334e-01
8.04359639e-01  7.77567465e-01  3.60041686e-01
2.57476632e-01  9.43846885e-01  2.74484636e-01
5.87921785e-01  9.66568807e-01  6.37620172e-01
9.54822315e-01  8.40059346e-01  6.22033647e-01
9.76647296e-01  4.84337538e-01  3.58098204e-01
4.76728152e-01  3.36628405e-01  9.42408741e-01
3.71133816e-01  9.59450440e-01  8.53788140e-01
8.36394212e-01  8.90041536e-01  9.62977719e-01
8.24297031e-01  8.35604459e-01  4.45539314e-01
4.39901220e-01  3.48791932e-01  2.92498199e-01
2.54562283e-01  4.84520594e-01  4.96539717e-01
8.33413742e-01  6.68384019e-01  3.13468399e-01
2.53671625e-01  9.50148613e-01  3.45865287e-01
9.72655824e-01  3.16957612e-01  9.45961995e-01
3.51693342e-01  2.78161537e-01  8.45478237e-01
9.66425317e-01  4.23005700e-01  3.67924738e-01
2.70471104e-01  8.32968099e-01  2.71210387e-01
4.33333790e-01  9.49650747e-01  9.28769836e-01
2.75524334e-01  9.72606454e-01  4.54628662e-01
9.18479739e-01  6.49727459e-01  2.91083694e-01
7.45541949e-01  9.58504893e-01  3.02534429e-01
3.69370892e-01  8.30846297e-01  9.55056284e-01
9.32666291e-01  5.86570532e-01  3.85820789e-01
8.12854673e-01  7.81636578e-01  4.92222982e-01
9.21551087e-01  8.89277907e-01  9.21745379e-01
9.62014491e-01  8.75426078e-01  8.35315535e-01
6.53771582e-01  9.88809274e-01  3.67029311e-01
8.65257846e-01  9.22433582e-01  3.76616467e-01
3.92804410e-01  8.39130643e-01  9.79006284e-01
6.74708505e-01  5.95386536e-01  5.90941419e-01
7.01986648e-01  2.76681891e-01  6.69938524e-01
6.26065286e-01  2.55228081e-01  4.26006547e-01
3.12154952e-01  8.96798168e-01  5.05148157e-01
2.91678812e-01  4.58478349e-01  8.52282222e-01
9.72504266e-01  9.08812553e-01  4.04989531e-01
8.88153682e-01  8.95648349e-01  9.83367588e-01
3.89362192e-01  3.01430386e-01  2.64426411e-01
8.45487528e-01  2.55740518e-01  5.05960774e-01
9.85753547e-01  3.62166882e-01  2.76835307e-01
5.84971594e-01  2.81523440e-01  3.36441835e-01
8.36950033e-01  3.39681084e-01  9.34096869e-01
9.40586806e-01  6.07369900e-01  2.65921909e-01
2.80457261e-01  3.04281241e-01  8.81478473e-01
8.78684734e-01  6.87806201e-01  9.88998515e-01
7.15935217e-01  3.57569920e-01  2.51279235e-01
2.82798809e-01  6.41457045e-01  9.52397109e-01
5.28691509e-01  2.71425497e-01  2.96380291e-01
8.82064463e-01  3.58915451e-01  8.03726689e-01
3.05340027e-01  6.02957037e-01  9.82165405e-01
2.91188836e-01  3.01443623e-01  5.92538008e-01
8.46552481e-01  5.99235600e-01  9.99236851e-01
9.27063629e-01  2.55063293e-01  4.73237872e-01
2.51218212e-01  8.83058431e-01  7.23464637e-01
5.14313734e-01  5.43896697e-01  2.71782241e-01
6.61232307e-01  9.61519863e-01  9.60747592e-01
8.85266642e-01  3.31395873e-01  7.85704040e-01
2.67381206e-01  3.72654401e-01  8.49160617e-01
2.84765324e-01  4.09624405e-01  6.42858999e-01
7.86490526e-01  2.76944727e-01  4.17217296e-01
3.54681000e-01  7.69599148e-01  3.55486898e-01
6.74887454e-01  2.54389155e-01  3.27400244e-01
3.41871561e-01  5.77665502e-01  9.81391130e-01
3.55570066e-01  2.60221458e-01  8.83867066e-01
7.08876038e-01  6.82286672e-01  5.33086821e-01
7.40582034e-01  9.78903566e-01  9.60676821e-01
8.05901887e-01  9.75799582e-01  5.49256693e-01
8.66314729e-01  2.53941980e-01  2.98107071e-01
8.03599929e-01  4.03186518e-01  9.37758120e-01
3.09475219e-01  2.61273574e-01  8.80888841e-01
9.19844651e-01  9.50127848e-01  8.73230918e-01
8.81761332e-01  8.53922700e-01  3.25613171e-01
2.76380629e-01  6.34823145e-01  9.75119104e-01
2.87274252e-01  7.04906785e-01  2.67047841e-01
2.63871411e-01  8.42580514e-01  3.53472185e-01
4.83585059e-01  5.14428088e-01  6.45857276e-01
3.08036073e-01  6.27500298e-01  9.76870880e-01
2.70254376e-01  9.35139747e-01  4.48099352e-01
5.55724212e-01  2.60632431e-01  7.95638356e-01
5.58859809e-01  7.73301237e-01  2.86361407e-01
8.12313852e-01  9.67301387e-01  9.19385206e-01
8.32165455e-01  9.66856878e-01  3.59705678e-01
2.63364036e-01  4.17688466e-01  9.65174822e-01
5.04103943e-01  3.04879320e-01  8.44661323e-01
8.14586424e-01  9.57946093e-01  3.41732246e-01
3.73837292e-01  3.88589040e-01  2.71880678e-01
7.98276833e-01  3.84681115e-01  7.00367709e-01
4.16795494e-01  9.13655146e-01  4.19121591e-01
6.62078553e-01  3.36819708e-01  2.64686231e-01
2.64512619e-01  9.18125758e-01  8.97398343e-01
5.92149738e-01  7.27855356e-01  2.61567639e-01
3.89996003e-01  3.23320682e-01  3.50293976e-01
9.10926884e-01  9.03757599e-01  7.79550994e-01
5.54730112e-01  4.91696017e-01  9.25231249e-01
4.52904746e-01  9.11194432e-01  2.85941659e-01
3.07251693e-01  3.78636853e-01  6.72323342e-01
9.81554942e-01  9.25135238e-01  9.62557769e-01
2.69210754e-01  2.61100558e-01  6.37518002e-01
9.19676688e-01  7.65828484e-01  9.29597437e-01
9.77672036e-01  8.58319634e-01  7.07632121e-01
8.14500919e-01  3.85950861e-01  4.43217607e-01
2.51123210e-01  8.74481523e-01  9.68554677e-01
2.82588946e-01  9.57567540e-01  6.16408758e-01
5.21417755e-01  8.87891535e-01  9.95442004e-01
3.91768589e-01  9.22628968e-01  3.84423196e-01
3.49587711e-01  9.22456736e-01  4.73786794e-01
7.10164741e-01  9.15749327e-01  9.32118189e-01
5.89075827e-01  9.95562197e-01  9.98257194e-01
7.21628173e-01  9.30985034e-01  3.89489166e-01
2.79359517e-01  3.35853805e-01  3.05478609e-01
4.14081892e-01  5.87406810e-01  3.26819625e-01
4.06650100e-01  9.78274116e-01  8.08909078e-01
2.62559686e-01  9.83871215e-01  8.29127827e-01
8.92832214e-01  9.60340397e-01  9.16378191e-01
8.55878230e-01  8.68091178e-01  2.85359518e-01
9.66425360e-01  5.29506580e-01  8.32622032e-01
7.60198137e-01  2.55244293e-01  6.94452215e-01
3.75753754e-01  8.12963867e-01  8.57049377e-01
8.62861112e-01  3.90077764e-01  3.29695974e-01
7.56338572e-01  2.93747728e-01  2.82119387e-01
9.58464851e-01  3.29446935e-01  6.90490308e-01
3.28650416e-01  8.07434458e-01  3.72236594e-01
3.80659465e-01  9.31722671e-01  3.51639407e-01
5.19222751e-01  2.99630127e-01  5.57599260e-01
4.13532782e-01  2.63840969e-01  9.33906949e-01
2.76600465e-01  2.90873004e-01  5.07933641e-01
9.96099821e-01  9.24049029e-01  4.10818809e-01
8.06327855e-01  3.03747331e-01  4.29717705e-01
8.82029415e-01  6.81285964e-01  2.71294149e-01
9.82715879e-01  9.09948529e-01  8.53140708e-01
9.30333651e-01  9.51246033e-01  7.64911554e-01
2.81098170e-01  9.98907006e-01  6.97003446e-01
2.93065516e-01  5.18890339e-01  9.40598954e-01
8.59257292e-01  7.61841754e-01  4.55134139e-01
2.81978211e-01  2.66798196e-01  7.63252921e-01
8.83171189e-01  7.95128866e-01  5.17258644e-01
8.22919931e-01  8.43611354e-01  2.96736029e-01
5.19473584e-01  8.83700734e-01  9.50126233e-01
7.75583425e-01  8.93652389e-01  8.53159323e-01
3.19357898e-01  7.33134329e-01  8.22285137e-01
6.48107274e-01  3.25535861e-01  2.59769041e-01
5.27905378e-01  5.67663404e-01  8.70777819e-01
9.60789541e-01  7.42615699e-01  3.40290092e-01
4.37741066e-01  7.57647414e-01  2.94952730e-01
5.34779658e-01  5.92267016e-01  2.83357384e-01
4.17571168e-01  5.00296550e-01  2.87562580e-01
3.37400785e-01  5.06515633e-01  9.00372722e-01
3.69104811e-01  3.85343618e-01  5.75256535e-01
4.54469488e-01  9.85447096e-01  5.26575306e-01
8.47761844e-01  3.29533742e-01  4.91024125e-01
9.85010671e-01  6.42958544e-01  9.79997141e-01
3.90110622e-01  9.69828214e-01  8.96936614e-01
5.92376145e-01  9.72104491e-01  5.00195774e-01
9.53898948e-01  5.57670440e-01  3.54704853e-01
5.76362995e-01  9.66271179e-01  9.95816263e-01
3.05444668e-01  5.07444026e-01  3.24644012e-01
6.15450566e-01  9.64581692e-01  5.50275328e-01
3.25131027e-01  4.43376269e-01  3.60618035e-01
6.74571401e-01  9.81100065e-01  9.80762707e-01
2.72605848e-01  3.12890098e-01  8.00034758e-01
9.59659747e-01  4.36634498e-01  9.07629229e-01
5.77276280e-01  2.70804142e-01  3.62157387e-01
8.83296099e-01  2.97257396e-01  4.99078655e-01
8.95601096e-01  4.10657383e-01  4.36219524e-01
4.05817899e-01  4.89059722e-01  3.72182222e-01
9.26618040e-01  5.61711697e-01  7.43215886e-01
8.38774370e-01  3.20554512e-01  5.63301927e-01
7.76919884e-01  9.90154263e-01  7.00560174e-01
2.65439542e-01  3.41739466e-01  3.86034451e-01
2.64037720e-01  6.39306123e-01  8.13210637e-01
6.59379608e-01  9.09561366e-01  2.85429692e-01
3.11104011e-01  9.02746294e-01  3.03239607e-01
2.56602499e-01  4.77592748e-01  6.60672361e-01
9.36720386e-01  2.75505907e-01  4.07305764e-01
4.85555946e-01  4.93048421e-01  9.91487734e-01
8.27732401e-01  7.74557669e-01  3.14437800e-01
9.63767914e-01  4.29815313e-01  7.55652162e-01
5.74143828e-01  4.45715184e-01  9.60931198e-01
9.85531124e-01  9.48447732e-01  5.30523798e-01
9.01657792e-01  3.42839223e-01  3.26581556e-01
2.66937750e-01  7.12293938e-01  4.91201110e-01
4.23096242e-01  8.90641900e-01  9.66533519e-01
2.51158768e-01  6.87883997e-01  4.72304026e-01
9.79741568e-01  8.25245519e-01  8.32537594e-01
9.25566789e-01  8.34141680e-01  3.78711752e-01
8.81243262e-01  9.28381067e-01  8.67961783e-01
4.49156164e-01  3.00474342e-01  2.82335260e-01
5.57855163e-01  2.90757460e-01  3.80756848e-01
3.07224827e-01  3.22804053e-01  9.25055156e-01
4.46327711e-01  2.53894020e-01  9.60267346e-01
8.48424534e-01  3.54711237e-01  4.03269653e-01
9.21260647e-01  9.52947452e-01  6.84349199e-01
9.25863201e-01  4.95781626e-01  4.39864954e-01
9.72526863e-01  4.14802770e-01  5.16619713e-01
8.00366121e-01  8.62989506e-01  8.82872759e-01
8.65234057e-01  3.88866064e-01  9.43379437e-01
3.47629815e-01  9.03715480e-01  9.10086988e-01
2.81969850e-01  9.63764053e-01  9.01636356e-01
5.93771135e-01  2.76523918e-01  2.67697051e-01
8.22162569e-01  2.74145752e-01  2.79397544e-01
4.37417894e-01  6.56477734e-01  2.71542312e-01
9.26042100e-01  9.75318651e-01  4.06366801e-01
4.26540061e-01  9.54780908e-01  4.02990226e-01
2.54987045e-01  7.16712031e-01  5.52226546e-01
5.86407279e-01  3.27057254e-01  9.45780487e-01
8.19958357e-01  3.72981004e-01  3.39121111e-01
2.63195668e-01  7.02918196e-01  8.65814789e-01
9.44354312e-01  7.50616968e-01  2.66178112e-01
3.39239187e-01  3.19672060e-01  9.17929911e-01
9.33459315e-01  2.83079856e-01  2.83790685e-01
5.60037593e-01  2.70742057e-01  6.15217613e-01
9.48224084e-01  2.99476848e-01  6.59944289e-01
3.37845422e-01  9.78892696e-01  8.13584432e-01
8.89787344e-01  9.01362850e-01  2.97506883e-01
8.46411831e-01  4.50378790e-01  9.44180305e-01
2.59206582e-01  2.55183140e-01  8.55077374e-01
9.80615017e-01  5.15985969e-01  2.50671159e-01
9.55706837e-01  9.39818739e-01  8.69734301e-01
9.37652813e-01  6.53034388e-01  2.59455014e-01
8.70295343e-01  8.36462235e-01  5.31387627e-01
9.77778216e-01  7.52312433e-01  3.31566241e-01
2.69536960e-01  3.18265365e-01  5.20531131e-01
7.21968549e-01  7.46345581e-01  3.39600793e-01
5.66701737e-01  3.82965914e-01  7.89134481e-01
2.60947877e-01  8.02401870e-01  3.20246965e-01
2.57072829e-01  9.58216569e-01  9.24609567e-01
2.76502482e-01  7.55283368e-01  2.64372673e-01
7.63507121e-01  2.77328233e-01  3.89425571e-01
7.30350720e-01  5.69029791e-01  8.25298544e-01
2.57955442e-01  4.23268744e-01  9.81103949e-01
8.38985541e-01  3.55648492e-01  4.25492244e-01
3.24176056e-01  8.77184013e-01  8.96318484e-01
2.90039245e-01  5.71386163e-01  8.29914874e-01
2.78827080e-01  5.20860765e-01  3.00097594e-01
8.79122579e-01  2.58999212e-01  3.58684505e-01
7.22830281e-01  3.78766370e-01  2.52586520e-01
7.14464561e-01  3.76135411e-01  2.88841479e-01
9.88747796e-01  6.02202985e-01  3.34650994e-01
9.20518931e-01  9.56881066e-01  4.96532018e-01
3.07785514e-01  7.06512744e-01  3.14760815e-01
5.87140572e-01  4.94955122e-01  8.27916170e-01
9.90553624e-01  9.30543449e-01  9.17000328e-01
4.48694509e-01  8.80961131e-01  8.94103697e-01
9.00159390e-01  2.55673281e-01  4.08624318e-01
2.61451210e-01  3.07272243e-01  7.12451850e-01
3.47867017e-01  2.69399726e-01  6.94736938e-01
5.30886903e-01  6.88890512e-01  4.50052048e-01
3.50795728e-01  8.32783220e-01  9.98232780e-01
5.02246448e-01  9.93798498e-01  3.57857726e-01
7.16004126e-01  9.59023259e-01  9.41744779e-01
8.70805007e-01  2.78214757e-01  8.72299185e-01
9.06075650e-01  3.77405307e-01  9.62341058e-01
2.50511404e-01  6.24337915e-01  2.67792005e-01
9.33395839e-01  3.81446248e-01  5.07984341e-01
9.02639083e-01  4.01918109e-01  5.35393513e-01
9.43522436e-01  9.62356137e-01  3.53568875e-01
3.55231551e-01  9.71849108e-01  3.17101084e-01
9.86611502e-01  9.66983997e-01  9.35173642e-01
3.30746317e-01  8.13609574e-01  9.46277318e-01
2.84459189e-01  4.11694848e-01  3.49183976e-01
8.90888705e-01  4.77730919e-01  9.67091367e-01
8.42404379e-01  8.75854705e-01  2.89591999e-01
9.57058368e-01  9.39917523e-01  4.51188713e-01
3.08890191e-01  9.21337415e-01  8.76869293e-01
6.14963515e-01  2.65910794e-01  3.08095133e-01
7.88202513e-01  3.11802857e-01  9.85797115e-01
4.63284410e-01  3.70939820e-01  4.72727751e-01
3.08430457e-01  3.62034678e-01  3.07021548e-01
6.87132540e-01  2.55619350e-01  2.82079575e-01
3.02735330e-01  8.98121588e-01  4.26381282e-01
6.30449858e-01  4.34913698e-01  3.17915051e-01
5.09759485e-01  9.49454174e-01  9.50983850e-01
2.58366520e-01  3.93513507e-01  4.10943498e-01
7.45659107e-01  3.56796169e-01  9.70807453e-01
9.92785852e-01  9.79645916e-01  4.70564372e-01
8.21733425e-01  2.70928021e-01  6.39803256e-01
6.91722806e-01  9.09922601e-01  9.78594533e-01
9.79101280e-01  8.94788508e-01  4.52926672e-01
3.84294761e-01  3.83681649e-01  9.00986274e-01
8.82060618e-01  6.83384083e-01  6.31381453e-01
3.52609936e-01  9.29368410e-01  8.73440984e-01
8.83803365e-01  9.79223581e-01  8.88132901e-01
8.29191858e-01  2.92392485e-01  7.81132692e-01
3.23918711e-01  3.94350480e-01  9.50399365e-01
3.16377539e-01  9.92671123e-01  2.63908332e-01
3.99980379e-01  4.65675155e-01  8.92515923e-01
2.55477936e-01  3.31472302e-01  2.82043656e-01
8.16048914e-01  3.46585555e-01  9.19247949e-01
7.73023016e-01  9.48398860e-01  2.51753027e-01
3.01587063e-01  8.80635162e-01  9.09711402e-01
3.58858685e-01  4.03601514e-01  2.84587164e-01
2.93798184e-01  2.60737326e-01  2.51023562e-01
3.29172669e-01  3.98269556e-01  9.56819232e-01
9.97724850e-01  3.64589731e-01  9.22321484e-01
2.80778468e-01  4.57096843e-01  7.93863948e-01
8.30469018e-01  3.58798428e-01  9.84356502e-01
8.98136512e-01  9.89468652e-01  7.79657719e-01
6.23622447e-01  9.71622057e-01  9.38735950e-01
4.83274372e-01  3.25067321e-01  8.14778447e-01
5.47928079e-01  9.98445892e-01  3.33704371e-01
2.85347026e-01  9.16546771e-01  2.71888306e-01
6.72948048e-01  7.73216403e-01  2.53041270e-01
9.91647864e-01  3.43296901e-01  7.59712791e-01
9.39683041e-01  2.87001459e-01  5.54385228e-01
9.34840860e-01  4.21380428e-01  8.19065166e-01
5.71173427e-01  3.43294493e-01  9.87095402e-01
8.88187332e-01  7.14803561e-01  3.52870230e-01
9.75798290e-01  2.85519242e-01  4.87290346e-01
9.38816347e-01  8.02314493e-01  4.47236506e-01
4.97887304e-01  4.91613945e-01  4.02443868e-01
3.58328285e-01  8.55923030e-01  7.49956276e-01
4.28843596e-01  2.86478703e-01  5.96215302e-01
7.01299305e-01  9.87660022e-01  3.24575367e-01
8.82030073e-01  3.73847289e-01  9.17576497e-01
8.96385389e-01  8.45657408e-01  7.45080602e-01
2.80746964e-01  2.93740945e-01  2.89469475e-01
3.04009579e-01  4.89180360e-01  8.34189004e-01
3.72067813e-01  3.43431598e-01  9.90586706e-01
9.48030179e-01  8.80531241e-01  4.82636030e-01
3.42705648e-01  7.65806299e-01  7.61634915e-01
6.44706898e-01  8.45085549e-01  2.69683720e-01
2.59734566e-01  8.58044864e-01  2.97970151e-01
9.17918083e-01  4.01682602e-01  2.62508716e-01
4.93639303e-01  9.25428571e-01  4.35570451e-01
9.24498749e-01  9.50827439e-01  3.22433103e-01
9.42492148e-01  7.07794434e-01  7.53098856e-01
3.99910860e-01  3.22759702e-01  2.68178056e-01
6.84530369e-01  3.33089012e-01  2.76532873e-01
3.59159231e-01  8.98172410e-01  4.73126722e-01
8.76409338e-01  3.01619918e-01  9.74000231e-01
9.85954399e-01  4.34977728e-01  6.82714131e-01
9.62039593e-01  9.31201889e-01  6.85012388e-01
9.94728999e-01  2.93320628e-01  2.91948303e-01
8.72376052e-01  6.01541562e-01  9.02256754e-01
6.83572240e-01  3.30116489e-01  8.90599842e-01
2.55191077e-01  9.76163889e-01  7.21550647e-01
5.69739518e-01  9.74384162e-01  2.99574420e-01
2.50882105e-01  9.82894084e-01  9.29140455e-01
3.35633359e-01  9.58808433e-01  2.97079903e-01
9.36995966e-01  6.24880559e-01  3.66634159e-01
7.89366282e-01  6.58772300e-01  9.71758494e-01
9.62813396e-01  4.20299735e-01  8.22127538e-01
4.22148440e-01  8.51883118e-01  9.41551375e-01
3.04338199e-01  3.30526610e-01  8.55869590e-01
7.18052962e-01  4.01016999e-01  9.67106292e-01
2.85878623e-01  9.52980503e-01  5.46758355e-01
3.84149746e-01  9.20021700e-01  5.19526626e-01
9.99529869e-01  8.90196866e-01  2.57782381e-01
9.07318534e-01  4.30165687e-01  8.77558031e-01
3.63927648e-01  9.82653427e-01  6.48676676e-01
2.88512732e-01  9.05514808e-01  9.21954741e-01
9.51842781e-01  9.44112371e-01  3.31617396e-01
9.50881810e-01  2.76619736e-01  5.05018992e-01
9.78222362e-01  8.23704878e-01  8.64972953e-01
3.05854388e-01  2.64511314e-01  7.29359753e-01
9.68991591e-01  9.33699996e-01  7.56049517e-01
2.54824029e-01  3.66258009e-01  9.85721404e-01
7.94062733e-01  8.79972267e-01  9.33289454e-01
4.58449015e-01  9.97725424e-01  8.86445162e-01
9.55066834e-01  2.60612382e-01  8.95571155e-01
9.12867579e-01  8.87646349e-01  4.25489480e-01
2.79210165e-01  6.50624169e-01  2.96406119e-01
6.07512355e-01  9.29908334e-01  8.26673729e-01
6.85218776e-01  8.72894028e-01  3.86618607e-01
9.34332089e-01  4.56776903e-01  3.09191559e-01
4.72383362e-01  3.29813259e-01  7.55617105e-01
3.59759228e-01  5.32960799e-01  9.90778059e-01
3.11323329e-01  2.57643839e-01  5.91189613e-01
5.74069840e-01  2.50215660e-01  9.59800963e-01
8.87270150e-01  3.96192087e-01  2.86203574e-01
2.83247008e-01  3.34114370e-01  6.00625244e-01
2.95127976e-01  9.86440541e-01  5.91639424e-01
3.80933937e-01  9.41227857e-01  7.67728196e-01
3.54725849e-01  8.90805285e-01  8.58971508e-01
3.56657815e-01  5.64743708e-01  9.12859465e-01
8.89471157e-01  3.90992366e-01  9.72808737e-01
5.09645659e-01  4.01859018e-01  9.80327025e-01
4.62589756e-01  4.04424046e-01  9.59428821e-01
9.48203671e-01  3.42645889e-01  9.83538707e-01
9.51627037e-01  5.42671088e-01  4.38655918e-01
2.59370639e-01  2.91326347e-01  8.22854302e-01
9.63616106e-01  9.82783726e-01  8.91891520e-01
9.65591465e-01  4.40110102e-01  9.44902756e-01
8.33840908e-01  3.36251874e-01  4.93334134e-01
9.13868179e-01  4.28581313e-01  2.96399432e-01
3.54382209e-01  4.32875134e-01  9.90039198e-01
3.37506489e-01  3.62683577e-01  4.66761706e-01
3.29827346e-01  2.89843556e-01  5.17040484e-01
3.93415581e-01  9.66418796e-01  6.37988836e-01
7.68997265e-01  3.71453473e-01  9.80617398e-01
9.14971616e-01  9.96939872e-01  3.64841890e-01
9.25124473e-01  4.14580607e-01  2.73107065e-01
7.38046931e-01  9.54616084e-01  9.12453837e-01
5.30265317e-01  3.55899058e-01  3.15975539e-01
3.09182759e-01  4.08480202e-01  9.77537398e-01
8.45298102e-01  9.71885797e-01  5.74925628e-01
9.33251173e-01  6.30156629e-01  4.92307065e-01
3.28642888e-01  5.61460369e-01  2.64925540e-01
3.08895781e-01  3.74224174e-01  2.83752112e-01
9.17566154e-01  9.56115533e-01  6.75790921e-01
8.79559888e-01  8.80735547e-01  2.69176209e-01
9.53166035e-01  9.74397448e-01  4.86014875e-01
9.40069326e-01  5.86624056e-01  3.35133931e-01
8.60174309e-01  9.31652359e-01  5.62122145e-01
9.48211131e-01  8.96198195e-01  2.87608641e-01
3.21043181e-01  3.63355517e-01  3.10458196e-01
3.22919232e-01  9.88042382e-01  6.49335641e-01
3.10488514e-01  6.85421468e-01  9.05208483e-01
5.92199289e-01  9.77323041e-01  5.99731985e-01
7.52127151e-01  7.73532505e-01  9.71131273e-01
9.20041373e-01  7.21935372e-01  5.15676953e-01
9.48932268e-01  7.62780570e-01  3.14709568e-01
9.48832582e-01  3.11656963e-01  5.26512395e-01
5.71537129e-01  4.24467538e-01  7.53264696e-01
3.65443638e-01  9.29772992e-01  5.12939481e-01
9.65432818e-01  8.88888485e-01  5.19171360e-01
9.71666955e-01  4.52335211e-01  9.75965835e-01
5.64089974e-01  7.49570155e-01  2.50484766e-01
3.18828596e-01  9.94250064e-01  3.47836908e-01
9.35016942e-01  8.54735025e-01  7.17946001e-01
8.65983855e-01  3.39536616e-01  7.25975735e-01
4.28925921e-01  9.39813280e-01  9.00944304e-01
9.89196955e-01  6.17734742e-01  8.96999995e-01
9.29849599e-01  9.50388141e-01  3.04781718e-01
3.08621223e-01  7.73917048e-01  8.32379485e-01
4.71872028e-01  2.64192262e-01  5.95530277e-01
6.29727482e-01  2.92573305e-01  9.88793455e-01
4.70473652e-01  8.83350353e-01  4.82942250e-01
8.49972183e-01  9.22381698e-01  9.39670936e-01
7.50966755e-01  2.67965903e-01  9.69038622e-01
6.25416106e-01  8.63648050e-01  9.65750044e-01
9.93103692e-01  2.63942688e-01  2.64827534e-01
4.67550727e-01  6.19502898e-01  2.50749247e-01
2.83177811e-01  3.99035248e-01  6.09978234e-01
7.77156327e-01  4.69373881e-01  2.99013399e-01
8.53475888e-01  9.25601814e-01  2.71670374e-01
6.44338067e-01  3.17163589e-01  3.49435590e-01
8.35474408e-01  4.77440993e-01  9.89072271e-01
4.85518046e-01  4.21415205e-01  3.72649205e-01
9.95240769e-01  8.92688236e-01  7.42824071e-01
8.18662200e-01  5.28126031e-01  2.63914459e-01
7.37839990e-01  9.22188576e-01  2.90835385e-01
9.65705131e-01  3.32279696e-01  3.59184095e-01
7.99631869e-01  9.35453186e-01  7.41393417e-01
8.22537650e-01  7.95677230e-01  2.99347385e-01
6.93208026e-01  2.85302841e-01  3.06619892e-01
3.85112493e-01  2.95241212e-01  8.65536321e-01
3.33990078e-01  8.04554328e-01  5.14105166e-01
4.10008603e-01  2.53873780e-01  2.83994234e-01
2.79493586e-01  9.13523189e-01  6.98494499e-01
3.03448659e-01  3.29685761e-01  4.06626195e-01
9.80433429e-01  2.87497169e-01  9.98590774e-01
8.63761009e-01  9.26653244e-01  3.09662707e-01
5.71564867e-01  6.43087183e-01  5.69236663e-01
3.05130243e-01  8.72858777e-01  3.85143005e-01
2.76642691e-01  7.17645336e-01  9.67316411e-01
9.69138021e-01  7.45835006e-01  8.07757875e-01
8.93278292e-01  9.36258001e-01  2.87741044e-01
4.25921423e-01  6.70129464e-01  9.83547061e-01
6.37441801e-01  3.85002134e-01  4.77803017e-01
3.46792347e-01  9.77229547e-01  5.07313253e-01
8.81837329e-01  5.17806184e-01  3.01248209e-01
5.05795220e-01  4.78295752e-01  4.01932104e-01
9.74207549e-01  3.31011444e-01  7.24651588e-01
3.53423139e-01  7.73081636e-01  9.84688183e-01
2.81015263e-01  6.58207324e-01  8.72682873e-01
7.60344593e-01  3.06888619e-01  3.47674825e-01
5.25333182e-01  9.65987474e-01  3.66969916e-01
3.71288025e-01  6.30188272e-01  2.96923740e-01
9.34453804e-01  7.41593187e-01  4.54575467e-01
2.91125900e-01  6.12279030e-01  7.67821432e-01
3.39069439e-01  8.07626348e-01  8.53124574e-01
9.53764253e-01  8.98329111e-01  6.24147890e-01
9.74742422e-01  3.97610289e-01  7.95167386e-01
7.06357726e-01  8.36537423e-01  2.73467559e-01
4.31009703e-01  9.42041412e-01  4.47600457e-01
3.70800074e-01  9.30788905e-01  9.19057054e-01
3.27967952e-01  3.16913931e-01  4.16965672e-01
3.16837484e-01  8.16530442e-01  7.98368180e-01
8.25013259e-01  9.24548087e-01  9.99080832e-01
9.84121883e-01  7.22864985e-01  7.21502053e-01
3.53788864e-01  9.79704615e-01  9.49226368e-01
2.53315503e-01  3.92639677e-01  7.11135389e-01
2.94313705e-01  9.66403153e-01  5.70943103e-01
8.15252468e-01  4.84287710e-01  9.98262705e-01
8.65536294e-01  7.19943239e-01  8.36591222e-01
3.24574563e-01  3.94237744e-01  8.84494403e-01
8.58654395e-01  4.80316816e-01  4.24873382e-01
7.56757441e-01  9.91817658e-01  2.51549811e-01
9.65798579e-01  2.60588724e-01  9.33862186e-01
6.54236178e-01  3.19804766e-01  3.40716496e-01
4.77300570e-01  8.85568656e-01  4.11784679e-01
2.98471690e-01  7.45695361e-01  3.05085987e-01
6.02145445e-01  2.88566176e-01  8.93392770e-01
2.78960459e-01  4.58399630e-01  6.65568398e-01
9.65882612e-01  9.35824959e-01  6.15393202e-01
9.81367393e-01  2.97957717e-01  5.55021257e-01
5.30326645e-01  9.37880517e-01  3.69807044e-01
5.11139866e-01  9.71755106e-01  9.71644677e-01
4.54580369e-01  3.68058338e-01  2.61350969e-01
9.37776852e-01  6.86449992e-01  9.85212739e-01
2.51717326e-01  9.43225794e-01  4.14404992e-01
2.74095339e-01  9.77108694e-01  9.06767831e-01
6.30866040e-01  9.62762219e-01  6.82457039e-01
4.42979517e-01  9.55107757e-01  2.63332943e-01
9.82593102e-01  9.36403673e-01  4.62617741e-01
3.89415817e-01  9.01231316e-01  8.98560587e-01
2.71173745e-01  8.37270308e-01  3.50086429e-01
4.48845782e-01  9.89988819e-01  9.06686635e-01
9.53386340e-01  4.06001761e-01  2.83185154e-01
9.39989563e-01  7.86689167e-01  9.40648521e-01
2.65643617e-01  2.90199310e-01  5.41507031e-01
8.17773348e-01  2.80643828e-01  2.84910870e-01
2.57188710e-01  3.27755299e-01  4.95063449e-01
4.20080353e-01  3.35466633e-01  9.28214964e-01
3.99735541e-01  8.71088486e-01  2.90448944e-01
2.75021076e-01  3.01523105e-01  6.61237365e-01
8.35253713e-01  9.27187322e-01  2.93004222e-01
9.21904896e-01  8.45710631e-01  4.56367361e-01
7.18103471e-01  8.37530076e-01  4.88831743e-01
3.46834531e-01  9.20963394e-01  5.77657978e-01
8.22104071e-01  3.34191524e-01  2.90285766e-01
2.61069853e-01  8.81400016e-01  9.21380330e-01
5.22007913e-01  2.86485298e-01  4.44336738e-01
3.10782906e-01  7.04406134e-01  9.83910766e-01
6.33270639e-01  7.43189621e-01  2.92292824e-01
9.94888745e-01  8.78156163e-01  4.99899193e-01
8.72253677e-01  9.24267874e-01  3.55772553e-01
3.34391415e-01  7.49291013e-01  3.00372236e-01
9.22199222e-01  9.69249273e-01  3.85932357e-01
2.90325555e-01  3.02660405e-01  4.49588605e-01
3.99555616e-01  5.45025202e-01  6.49308110e-01
5.35577954e-01  8.42828367e-01  9.64735511e-01
9.59099748e-01  4.34110861e-01  5.93240160e-01
8.86933237e-01  3.27716550e-01  2.98428015e-01
6.05983672e-01  7.98867380e-01  9.83334210e-01
3.25595003e-01  7.21007728e-01  2.52223706e-01
9.83284163e-01  7.44202839e-01  6.87237432e-01
2.85525241e-01  6.90204996e-01  7.86503582e-01
9.81166900e-01  8.91932491e-01  8.70455452e-01
9.00919139e-01  2.51431572e-01  8.66396064e-01
3.15179480e-01  3.63756087e-01  7.98681115e-01
3.27325650e-01  9.34551666e-01  4.79370420e-01
9.32123607e-01  8.92600490e-01  9.51214941e-01
4.59377880e-01  9.40735565e-01  8.49733728e-01
5.91686697e-01  3.18604181e-01  7.68871470e-01
9.42722626e-01  3.43059292e-01  6.54725156e-01
8.75917451e-01  7.57232641e-01  2.61539403e-01
4.35604309e-01  3.54935686e-01  7.06656339e-01
8.93743255e-01  2.75577207e-01  4.59813234e-01
9.75837376e-01  8.95566246e-01  3.26117335e-01
8.55196650e-01  2.93309709e-01  4.07338400e-01
8.70313499e-01  3.43330709e-01  5.29874718e-01
9.09559115e-01  9.44802909e-01  9.66266356e-01
3.42393383e-01  3.81041139e-01  2.99356439e-01
8.89772621e-01  3.99915581e-01  2.83808426e-01
3.38444140e-01  7.47082377e-01  4.95168849e-01
5.25652970e-01  6.06131690e-01  9.87676164e-01
3.22613608e-01  2.74248183e-01  5.02692407e-01
4.39834716e-01  8.41153961e-01  7.75526366e-01
2.60093900e-01  8.18963015e-01  3.93658505e-01
9.91387039e-01  3.52607502e-01  6.84716650e-01
3.89410641e-01  3.32551751e-01  9.84453171e-01
2.68706638e-01  3.98040737e-01  2.60590541e-01
4.85797666e-01  3.02455274e-01  9.27287672e-01
3.55839199e-01  9.95975267e-01  9.98495200e-01
9.50753141e-01  9.98841877e-01  5.58342580e-01
3.27644160e-01  8.21416890e-01  8.24666161e-01
9.67094546e-01  9.98581439e-01  5.12439878e-01
4.74801034e-01  3.31353921e-01  7.85916649e-01
7.52945775e-01  9.68245412e-01  3.06139563e-01
9.79387816e-01  9.86462579e-01  6.13361016e-01
3.45510261e-01  4.11088109e-01  1.00003518e+00
6.28458179e-01  2.64955440e-01  3.43694886e-01
8.69876169e-01  9.94110669e-01  3.64749987e-01
3.47061615e-01  4.14609174e-01  4.68548781e-01
9.01515582e-01  4.34309673e-01  8.55348088e-01
4.80376973e-01  3.10660626e-01  9.84002285e-01
2.59328645e-01  9.77804955e-01  3.20998508e-01
7.84124448e-01  3.55325033e-01  5.03139256e-01
4.47185436e-01  6.21210801e-01  9.96583628e-01
2.98338709e-01  9.72314544e-01  5.80402263e-01
2.63709631e-01  3.60945912e-01  3.02639948e-01
2.99317616e-01  9.58589689e-01  7.54973007e-01
4.06852153e-01  9.90051289e-01  4.91120669e-01
8.78597700e-01  2.97063721e-01  9.50277460e-01
5.44848933e-01  2.56396013e-01  9.44890311e-01
5.05193819e-01  7.76342004e-01  6.66249453e-01
8.82161192e-01  9.52306384e-01  8.22079057e-01
3.73764781e-01  8.32095873e-01  8.89933039e-01
9.60338617e-01  2.78847417e-01  8.51410565e-01
7.77288165e-01  9.93809428e-01  4.29207909e-01
9.20088942e-01  3.03132955e-01  7.84448926e-01
2.86855050e-01  2.65243613e-01  6.37219979e-01
3.99625838e-01  9.80970926e-01  5.86296187e-01
2.73704230e-01  5.48534298e-01  2.74377783e-01
8.82600446e-01  8.27202754e-01  9.69437954e-01
9.77325674e-01  9.80512208e-01  3.12891861e-01
2.60193961e-01  7.36347837e-01  9.60896046e-01
8.70950987e-01  9.02920292e-01  9.11752959e-01
3.84770027e-01  2.85457558e-01  5.49669632e-01
9.53883593e-01  2.95876881e-01  3.35548571e-01
4.02209639e-01  4.17636325e-01  3.73599589e-01
9.45378601e-01  5.28859956e-01  9.90306248e-01
