8.87709811e-01  4.94631639e-01  6.32056131e-01  9.58724432e-01  3.61312395e-01  6.49707813e-01
8.95155233e-01  4.80791371e-01  6.15760560e-01  9.61193443e-01  3.56590033e-01  6.34988810e-01
8.92842500e-01  4.80844885e-01  6.23578651e-01  9.60066665e-01  3.54517512e-01  6.42701430e-01
8.93381101e-01  4.75525963e-01  6.25202921e-01  9.60060536e-01  3.46168327e-01  6.44706416e-01
8.35728184e-01  6.64731192e-01  6.98442818e-01  9.46673848e-01  4.75327309e-01  7.00652798e-01
8.90073183e-01  4.75982405e-01  6.36138560e-01  9.58385451e-01  3.46034369e-01  6.55478268e-01
8.97079822e-01  4.84617459e-01  6.06741738e-01  9.62465170e-01  3.61553922e-01  6.25666074e-01
8.90192431e-01  4.89976879e-01  6.26648349e-01  9.59598491e-01  3.58395262e-01  6.44790314e-01
8.90981085e-01  4.82523548e-01  6.28809245e-01  9.59302917e-01  3.54134369e-01  6.47688639e-01
8.90780493e-01  4.76942257e-01  6.33113761e-01  9.58784187e-01  3.48109466e-01  6.52433101e-01
8.95326203e-01  4.71117918e-01  6.21460105e-01  9.60498152e-01  3.47653934e-01  6.41550749e-01
8.97076931e-01  4.85421079e-01  6.06229839e-01  9.62437069e-01  3.64552279e-01  6.25140337e-01
8.94154062e-01  4.78679592e-01  6.20530994e-01  9.60558975e-01  3.53061006e-01  6.39887751e-01
8.94749726e-01  4.85382525e-01  6.14156842e-01  9.61460279e-01  3.58253676e-01  6.32886228e-01
8.90611043e-01  4.93011761e-01  6.23256697e-01  9.59918102e-01  3.64803579e-01  6.41232292e-01
8.92530236e-01  4.85176818e-01  6.21826615e-01  9.60210218e-01  3.59579819e-01  6.40589157e-01
8.89293309e-01  5.03560479e-01  6.20882737e-01  9.60179361e-01  3.72207864e-01  6.37813920e-01
8.90674383e-01  4.87773319e-01  6.26442459e-01  9.59624553e-01  3.57558518e-01  6.44820208e-01
8.91408083e-01  5.01070512e-01  6.15318569e-01  9.61064593e-01  3.70662457e-01  6.32501834e-01
8.84342734e-01  5.01847609e-01  6.38804309e-01  9.57673165e-01  3.64584960e-01  6.55677852e-01
8.96225474e-01  4.79662811e-01  6.12859250e-01  9.61602697e-01  3.57086839e-01  6.32247791e-01
8.94566653e-01  4.75243581e-01  6.21360730e-01  9.60634960e-01  3.46535371e-01  6.40936910e-01
8.96925539e-01  4.87284958e-01  6.05533846e-01  9.62644714e-01  3.63011160e-01  6.24171790e-01
8.96935933e-01  4.72582042e-01  6.15043784e-01  9.61473898e-01  3.48745010e-01  6.35037582e-01
8.92670508e-01  5.01995588e-01  6.10431470e-01  9.61758583e-01  3.72791364e-01  6.27550889e-01
8.93080727e-01  4.67978838e-01  6.31122480e-01  9.59198037e-01  3.41597854e-01  6.51312638e-01
8.92885694e-01  4.87771436e-01  6.18935225e-01  9.60781286e-01  3.57776170e-01  6.37352220e-01
8.87280791e-01  4.92073057e-01  6.35173907e-01  9.58386673e-01  3.56638040e-01  6.52973961e-01
8.87588052e-01  4.92784858e-01  6.33668502e-01  9.58382202e-01  3.62754072e-01  6.51562702e-01
8.95368365e-01  4.93176268e-01  6.06996519e-01  9.62260708e-01  3.69539345e-01  6.25096995e-01
8.94596733e-01  4.83523463e-01  6.15883240e-01  9.61273819e-01  3.55408942e-01  6.34751524e-01
8.85531707e-01  4.96575086e-01  6.38190134e-01  9.57785954e-01  3.61862129e-01  6.55595720e-01
8.93026294e-01  4.90050139e-01  6.16978470e-01  9.60878753e-01  3.63850485e-01  6.35297173e-01
8.93547509e-01  4.67209614e-01  6.30036917e-01  9.59396637e-01  3.40497688e-01  6.50298270e-01
8.87995135e-01  4.89516652e-01  6.34408003e-01  9.58430169e-01  3.57355421e-01  6.52526176e-01
8.92936256e-01  5.03609856e-01  6.08481136e-01  9.61993717e-01  3.75249598e-01  6.25464499e-01
8.85220534e-01  4.98107119e-01  6.38252111e-01  9.57784834e-01  3.62320910e-01  6.55494887e-01
8.95636890e-01  4.94445153e-01  6.05260979e-01  9.62494425e-01  3.71045832e-01  6.23243771e-01
8.94602570e-01  4.98488182e-01  6.06148227e-01  9.62424087e-01  3.71272861e-01  6.23641315e-01
8.67252971e-01  6.66622448e-01  5.90164987e-01  9.57673656e-01  6.33859011e-01  5.92797520e-01
8.95819966e-01  4.68695378e-01  6.21356271e-01  9.60576453e-01  3.45055948e-01  6.41660353e-01
8.95195167e-01  4.92487427e-01  6.08031808e-01  9.62113226e-01  3.68872472e-01  6.26199626e-01
8.90898150e-01  4.94397897e-01  6.21381943e-01  9.60278455e-01  3.63750586e-01  6.39169686e-01
8.96832219e-01  4.84712908e-01  6.07520503e-01  9.62445740e-01  3.59117294e-01  6.26364322e-01
8.94388158e-01  4.87991978e-01  6.13690465e-01  9.61458277e-01  3.61263251e-01  6.32190509e-01
8.87478599e-01  4.97882788e-01  6.30730540e-01  9.58756466e-01  3.66987346e-01  6.48166335e-01
8.90735676e-01  4.80546526e-01  6.30926020e-01  9.59094351e-01  3.50363251e-01  6.49913773e-01
8.96675720e-01  4.77967696e-01  6.12430928e-01  9.61787638e-01  3.53430130e-01  6.31922898e-01
8.91011015e-01  5.09388629e-01  6.11266629e-01  9.61538743e-01  3.78394404e-01  6.27641303e-01
8.90298821e-01  5.01068851e-01  6.19086124e-01  9.60344172e-01  3.73887390e-01  6.36361769e-01
7.66179497e-01  6.34827124e-01  9.54040254e-01  9.10547322e-01  3.75090311e-01  9.55900334e-01
8.93988593e-01  4.78849214e-01  6.20982720e-01  9.60538806e-01  3.51921800e-01  6.40285274e-01
8.89092286e-01  4.96727156e-01  6.26001543e-01  9.59508349e-01  3.66055268e-01  6.43564853e-01
8.96292504e-01  4.75480670e-01  6.15346724e-01  9.61355195e-01  3.51805521e-01  6.35078126e-01
8.90478199e-01  4.83968011e-01  6.29579026e-01  9.59181041e-01  3.54837835e-01  6.48304462e-01
8.91405335e-01  5.00100374e-01  6.15957722e-01  9.60800728e-01  3.74212718e-01  6.33357825e-01
8.95852184e-01  4.73586559e-01  6.18071489e-01  9.61102986e-01  3.46802546e-01  6.37873119e-01
8.90306627e-01  5.02442407e-01  6.18167897e-01  9.60543965e-01  3.73136146e-01  6.35257604e-01
8.94717878e-01  4.72875733e-01  6.22384473e-01  9.60347989e-01  3.48612924e-01  6.42287782e-01
8.95678804e-01  4.90364717e-01  6.07767704e-01  9.62346716e-01  3.63210080e-01  6.26035661e-01
8.90940266e-01  4.98848659e-01  6.18349474e-01  9.60609090e-01  3.69221374e-01  6.35761708e-01
8.98528382e-01  4.73891923e-01  6.08786272e-01  9.62263388e-01  3.53766875e-01  6.28793200e-01
8.95127105e-01  4.76343881e-01  6.18743406e-01  9.60886056e-01  3.50792720e-01  6.38324604e-01
8.88935413e-01  4.96171422e-01  6.26894988e-01  9.59491746e-01  3.62824634e-01  6.44431910e-01
8.95687537e-01  4.87637985e-01  6.09508267e-01  9.62138461e-01  3.60406533e-01  6.28031004e-01
8.89906400e-01  4.81976572e-01  6.32813416e-01  9.58873601e-01  3.49254925e-01  6.51590116e-01
8.93166105e-01  4.80315720e-01  6.22823393e-01  9.60195395e-01  3.53995911e-01  6.41998844e-01
8.97138367e-01  4.71490654e-01  6.15064957e-01  9.61458068e-01  3.48556528e-01  6.35183454e-01
8.91346636e-01  4.71465764e-01  6.34746810e-01  9.58588440e-01  3.44362122e-01  6.54570448e-01
8.88785596e-01  4.88212835e-01  6.32570455e-01  9.58691701e-01  3.57344686e-01  6.50851810e-01
8.95315638e-01  4.78713804e-01  6.16564677e-01  9.61077928e-01  3.55420991e-01  6.36004701e-01
8.97440411e-01  4.81855472e-01  6.07310466e-01  9.62422697e-01  3.59150608e-01  6.26504224e-01
8.96629663e-01  4.76194821e-01  6.13738276e-01  9.61523837e-01  3.54101591e-01  6.33456253e-01
8.96423973e-01  4.78171466e-01  6.13153441e-01  9.61586746e-01  3.55681582e-01  6.32680906e-01
8.96452547e-01  4.85657709e-01  6.08196301e-01  9.62164480e-01  3.63834189e-01  6.27057188e-01
8.89878117e-01  5.04068497e-01  6.18567227e-01  9.60452247e-01  3.74594022e-01  6.35502445e-01
8.93428347e-01  4.75247244e-01  6.25223447e-01  9.59979478e-01  3.47944962e-01  6.44807865e-01
8.91720216e-01  4.96757782e-01  6.17058584e-01  9.60830472e-01  3.67778233e-01  6.34682017e-01
8.90844763e-01  4.73516874e-01  6.35119316e-01  9.58692837e-01  3.41296249e-01  6.54622891e-01
8.94705303e-01  4.85949636e-01  6.13939507e-01  9.61499775e-01  3.58374595e-01  6.32604523e-01
8.91301122e-01  5.07111810e-01  6.11759703e-01  9.61441971e-01  3.77811590e-01  6.28399002e-01
8.85513239e-01  4.96863713e-01  6.38065464e-01  9.57885996e-01  3.60015009e-01  6.55389150e-01
8.89997412e-01  4.86295788e-01  6.29700321e-01  9.59215947e-01  3.54553519e-01  6.48147587e-01
8.87396315e-01  4.99644928e-01  6.29865937e-01  9.58883034e-01  3.67956936e-01  6.47126530e-01
8.95970147e-01  4.87717588e-01  6.08496991e-01  9.62274780e-01  3.60963826e-01  6.27025750e-01
8.89508082e-01  5.05177250e-01  6.19103860e-01  9.60464407e-01  3.72762722e-01  6.35855630e-01
8.46933947e-01  2.79888261e-01  9.10257013e-01  9.22301998e-01  1.87339952e-01  9.24732914e-01
8.88980552e-01  4.89340864e-01  6.31176164e-01  9.58885597e-01  3.58378480e-01  6.49365196e-01
8.91008985e-01  4.88439531e-01  6.24873815e-01  9.59744270e-01  3.60871119e-01  6.43272704e-01
8.88939903e-01  4.88092612e-01  6.32124560e-01  9.58705457e-01  3.58641732e-01  6.50458242e-01
8.91354592e-01  4.76917131e-01  6.31180732e-01  9.59092239e-01  3.47864067e-01  6.50515707e-01
8.90519919e-01  4.74752642e-01  6.35420046e-01  9.58600335e-01  3.42958550e-01  6.54824630e-01
8.90814824e-01  5.00915233e-01  6.17433776e-01  9.60658531e-01  3.72438782e-01  6.34687212e-01
8.94356240e-01  4.85593648e-01  6.15355853e-01  9.61148165e-01  3.61408679e-01  6.34144645e-01
8.90943492e-01  3.83781946e-01  6.93350623e-01  9.49940689e-01  3.06696023e-01  7.19408935e-01
8.69889908e-01  5.46071996e-01  6.59477151e-01  9.52556803e-01  4.32206808e-01  6.73083780e-01
8.87892746e-01  4.86651733e-01  6.36615586e-01  9.58183063e-01  3.53802137e-01  6.54947137e-01
8.92990707e-01  4.74697199e-01  6.27066535e-01  9.59621640e-01  3.49480945e-01  6.46740628e-01
8.91556905e-01  4.69289494e-01  6.35445695e-01  9.58673536e-01  3.38712032e-01  6.55355058e-01
8.96718403e-01  4.81214666e-01  6.10178044e-01  9.62080218e-01  3.56324036e-01  6.29365611e-01
8.89042467e-01  4.84526780e-01  6.34091267e-01  9.58560111e-01  3.53200023e-01  6.52671340e-01
8.94343197e-01  4.74591744e-01  6.22542649e-01  9.60275126e-01  3.50557735e-01  6.42297091e-01
8.97261230e-01  4.80410717e-01  6.08856816e-01  9.62226180e-01  3.57405931e-01  6.28175012e-01
8.93124162e-01  4.81271120e-01  6.22345559e-01  9.60334471e-01  3.52837635e-01  6.41379813e-01
8.91650569e-01  4.88945590e-01  6.22366793e-01  9.60202326e-01  3.59419338e-01  6.40677536e-01
8.94076204e-01  4.92589958e-01  6.11764659e-01  9.61692815e-01  3.64972482e-01  6.29813416e-01
8.94159866e-01  4.75791259e-01  6.22386410e-01  9.60344245e-01  3.49996690e-01  6.41986000e-01
8.94031410e-01  4.82999798e-01  6.18142751e-01  9.60873311e-01  3.56376380e-01  6.37091736e-01
8.93307546e-01  4.85485197e-01  6.18987078e-01  9.60808056e-01  3.55893853e-01  6.37623740e-01
8.89636621e-01  4.77865145e-01  6.36398607e-01  9.58349120e-01  3.46756221e-01  6.55541268e-01
8.93805629e-01  4.70998818e-01  6.26700499e-01  9.59813833e-01  3.44539695e-01  6.46671665e-01
8.90019085e-01  5.03278936e-01  6.18601158e-01  9.60460188e-01  3.73911339e-01  6.35612256e-01
8.90331415e-01  4.97081751e-01  6.21563903e-01  9.60048201e-01  3.69884139e-01  6.39201980e-01
8.86988598e-01  4.94951070e-01  6.34297617e-01  9.58365122e-01  3.61739626e-01  6.51911052e-01
8.89899585e-01  5.01199377e-01  6.20356983e-01  9.60184488e-01  3.73009181e-01  6.37592392e-01
8.98083557e-01  4.79699724e-01  6.06526203e-01  9.62597584e-01  3.56869659e-01  6.25919901e-01
8.86024598e-01  4.94430525e-01  6.37908799e-01  9.57785273e-01  3.62011516e-01  6.55564917e-01
8.92500129e-01  4.76807678e-01  6.27362146e-01  9.59610102e-01  3.49578594e-01  6.46791614e-01
8.90407554e-01  5.08951685e-01  6.13599335e-01  9.61170609e-01  3.78258126e-01  6.30033796e-01
8.96654734e-01  4.84686203e-01  6.08140488e-01  9.62317668e-01  3.59869420e-01  6.27008418e-01
8.87306788e-01  4.92049606e-01  6.35100859e-01  9.58383382e-01  3.56984513e-01  6.52913488e-01
8.89376622e-01  4.91024886e-01  6.28738038e-01  9.59111380e-01  3.62835863e-01  6.46868103e-01
9.65363441e-01  4.14843235e-01  4.20483515e-01  9.88999106e-01  4.05214200e-01  4.45773898e-01
8.98240038e-01  4.80286248e-01  6.05614103e-01  9.62733600e-01  3.57289343e-01  6.24948986e-01
8.90944877e-01  4.86309839e-01  6.26474104e-01  9.59658071e-01  3.55970590e-01  6.44979151e-01
8.87664438e-01  5.04065484e-01  6.26085678e-01  9.59487382e-01  3.69533816e-01  6.42880320e-01
8.93215825e-01  4.90151368e-01  6.16269205e-01  9.60953547e-01  3.64763673e-01  6.34602614e-01
8.91933584e-01  4.89769232e-01  6.20871109e-01  9.60393909e-01  3.60785108e-01  6.39127598e-01
8.92058599e-01  4.89962475e-01  6.20321169e-01  9.60389523e-01  3.63062752e-01  6.38619484e-01
8.93992600e-01  4.97722020e-01  6.08716764e-01  9.62041999e-01  3.70434934e-01  6.26288465e-01
8.90451899e-01  4.81615043e-01  6.31195893e-01  9.58912400e-01  3.54255595e-01  6.50164011e-01
8.96482472e-01  4.78198158e-01  6.12937481e-01  9.61734179e-01  3.52920675e-01  6.32385614e-01
8.90157606e-01  4.97717261e-01  6.21741491e-01  9.60163350e-01  3.66690712e-01  6.39215513e-01
8.96645050e-01  4.89936987e-01  6.04764525e-01  9.62653576e-01  3.66954839e-01  6.23186491e-01
8.90330167e-01  5.06054998e-01  6.15742649e-01  9.60871433e-01  3.76041926e-01  6.32473819e-01
8.99038342e-01  4.76231876e-01  6.05535603e-01  9.62768091e-01  3.54866898e-01  6.25298166e-01
8.85450688e-01  4.99425099e-01  6.36614986e-01  9.57946741e-01  3.65140172e-01  6.53793019e-01
7.91168005e-01  5.53464801e-01  9.22005874e-01  9.14630956e-01  3.82556771e-01  9.27957254e-01
8.96893508e-01  4.85792021e-01  6.06611830e-01  9.62550575e-01  3.60514898e-01  6.25363098e-01
8.92748781e-01  4.77267708e-01  6.26219198e-01  9.59823909e-01  3.48877750e-01  6.45585732e-01
8.96795485e-01  4.89455783e-01  6.04566128e-01  9.62608287e-01  3.68584538e-01  6.23093184e-01
8.99251796e-01  4.73771122e-01  6.06408363e-01  9.62628877e-01  3.53811743e-01  6.26439196e-01
8.87109530e-01  4.90787258e-01  6.36590169e-01  9.58165264e-01  3.56130199e-01  6.54513157e-01
8.91283398e-01  4.75846994e-01  6.32117211e-01  9.58901260e-01  3.48529481e-01  6.51583571e-01
7.89398062e-01  4.58690914e-01  9.89555193e-01  9.06299038e-01  3.25661891e-01  9.94779457e-01
8.90601308e-01  4.86694477e-01  6.27390976e-01  9.59515067e-01  3.56162536e-01  6.45850871e-01
8.87218764e-01  4.92486457e-01  6.35116134e-01  9.58210187e-01  3.61348012e-01  6.52996664e-01
8.88547235e-01  4.94256779e-01  6.29456037e-01  9.59014008e-01  3.63925302e-01  6.47235940e-01
8.94274122e-01  4.76502772e-01  6.21536538e-01  9.60551432e-01  3.48471243e-01  6.41016703e-01
8.95963293e-01  4.78118676e-01  6.14751939e-01  9.61450354e-01  3.52933390e-01  6.34202450e-01
8.94313778e-01  4.67355953e-01  6.27340063e-01  9.59729428e-01  3.42587929e-01  6.47672367e-01
8.96241193e-01  4.85600527e-01  6.08951070e-01  9.62228533e-01  3.59386990e-01  6.27693514e-01
8.89302163e-01  5.00985296e-01  6.22524496e-01  9.59940022e-01  3.70637441e-01  6.39718247e-01
8.93558027e-01  4.98545617e-01  6.09657663e-01  9.61794491e-01  3.73259931e-01  6.27210334e-01
8.93289104e-01  4.66231995e-01  6.31549001e-01  9.59176133e-01  3.39767847e-01  6.51883932e-01
8.91385949e-01  5.11205068e-01  6.08814307e-01  9.61860423e-01  3.80771604e-01  6.25019080e-01
8.92605134e-01  4.93043267e-01  6.16465351e-01  9.60886441e-01  3.66972301e-01  6.34512896e-01
8.90765338e-01  4.83474154e-01  6.28924667e-01  9.59417353e-01  3.51324576e-01  6.47616418e-01
8.91156986e-01  4.88627650e-01  6.24249152e-01  9.60008663e-01  3.56871549e-01  6.42519105e-01
8.90609838e-01  4.82357097e-01  6.30177866e-01  9.59221510e-01  3.50878713e-01  6.48977099e-01
8.96895492e-01  4.76963626e-01  6.12336546e-01  9.61729369e-01  3.54747319e-01  6.31986400e-01
8.89785936e-01  5.03275820e-01  6.19394835e-01  9.60307219e-01  3.74619029e-01  6.36426448e-01
8.92386039e-01  5.05608327e-01  6.09051963e-01  9.61874091e-01  3.76917007e-01  6.25838952e-01
8.86862195e-01  4.97443028e-01  6.33109020e-01  9.58588063e-01  3.61891377e-01  6.50445872e-01
8.77553925e-01  8.25904248e-01  4.51777153e-01  9.76805183e-01  8.52482404e-01  4.18656001e-01
8.95375542e-01  4.90608181e-01  6.08639368e-01  9.62173225e-01  3.64233369e-01  6.26907136e-01
8.98039313e-01  4.79580087e-01  6.06754103e-01  9.62476207e-01  3.58903462e-01  6.26219319e-01
8.89124724e-01  4.97747533e-01  6.25228966e-01  9.59636523e-01  3.66315993e-01  6.42681641e-01
8.92194561e-01  4.96688384e-01  6.15493010e-01  9.60968440e-01  3.70331739e-01  6.33196206e-01
8.92096096e-01  4.72112372e-01  6.31782254e-01  9.59153159e-01  3.42010959e-01  6.51503126e-01
8.92044855e-01  4.82819839e-01  6.25004884e-01  9.59908654e-01  3.53861106e-01  6.43869105e-01
8.93956939e-01  4.75785386e-01  6.23079258e-01  9.60343689e-01  3.47392074e-01  6.42602783e-01
8.91656987e-01  4.86039448e-01  6.24231691e-01  9.59926447e-01  3.57786259e-01  6.42830902e-01
9.07101730e-01  7.05669637e-01  4.29504329e-01  9.81287639e-01  7.52274721e-01  4.13507762e-01
8.92549838e-01  4.69005168e-01  6.32258799e-01  9.59018782e-01  3.42146241e-01  6.52332875e-01
8.93779704e-01  4.69005537e-01  6.28082578e-01  9.59687082e-01  3.41550070e-01  6.48188228e-01
8.90861769e-01  5.01631952e-01  6.16809076e-01  9.60788371e-01  3.71978893e-01  6.33962979e-01
8.92953268e-01  4.86737913e-01  6.19376749e-01  9.60727693e-01  3.56942650e-01  6.37892091e-01
8.91049429e-01  4.77555290e-01  6.31802609e-01  9.58934945e-01  3.49638905e-01  6.51106392e-01
8.93159085e-01  4.78106746e-01  6.24281312e-01  9.60171223e-01  3.48093257e-01  6.43543518e-01
8.93831322e-01  4.99214067e-01  6.08295735e-01  9.62002318e-01  3.73696302e-01  6.25775053e-01
8.96478572e-01  4.82149364e-01  6.10385572e-01  9.61985405e-01  3.58275343e-01  6.29514125e-01
8.91744197e-01  4.80244469e-01  6.27697708e-01  9.59593036e-01  3.50245872e-01  6.46743937e-01
8.87841558e-01  4.93351144e-01  6.32440093e-01  9.58708296e-01  3.59689074e-01  6.50193455e-01
8.92662616e-01  5.00774632e-01  6.11250918e-01  9.61554580e-01  3.74070303e-01  6.28557806e-01
8.98653221e-01  4.75281781e-01  6.07460083e-01  9.62444396e-01  3.55018491e-01  6.27337944e-01
8.89657551e-01  5.04367450e-01  6.19122070e-01  9.60465184e-01  3.72305281e-01  6.35958348e-01
8.92534274e-01  5.01820096e-01  6.11007978e-01  9.61591126e-01  3.74589944e-01  6.28201138e-01
8.88672570e-01  4.91259632e-01  6.30976232e-01  9.58998851e-01  3.57215377e-01  6.48912872e-01
8.96104176e-01  4.72989927e-01  6.17603192e-01  9.61124819e-01  3.47770013e-01  6.37505350e-01
8.91464376e-01  4.71150529e-01  6.34551679e-01  9.58816587e-01  3.39385707e-01  6.54279236e-01
8.92486871e-01  4.86884051e-01  6.20865516e-01  9.60421864e-01  3.58825181e-01  6.39409787e-01
8.92107767e-01  4.84079155e-01  6.23973712e-01  9.60038771e-01  3.55147493e-01  6.42731964e-01
8.91414507e-01  4.91185440e-01  6.21714212e-01  9.60183355e-01  3.63361034e-01  6.39871167e-01
8.91445156e-01  4.92245889e-01  6.20921693e-01  9.60341221e-01  3.62994674e-01  6.38945210e-01
8.90555162e-01  4.86541101e-01  6.27647236e-01  9.59557083e-01  3.54100099e-01  6.46067042e-01
8.87703577e-01  4.94935397e-01  6.31880094e-01  9.58677204e-01  3.63265779e-01  6.49550730e-01
8.91857245e-01  4.67867857e-01  6.35348833e-01  9.58626731e-01  3.39606829e-01  6.55444499e-01
8.92435213e-01  4.72972139e-01  6.30072623e-01  9.59410522e-01  3.42543448e-01  6.49727604e-01
8.85740425e-01  5.05134676e-01  6.31924496e-01  9.58624526e-01  3.68889060e-01  6.48564579e-01
8.91962271e-01  5.07791006e-01  6.09073849e-01  9.61849488e-01  3.78450990e-01  6.25635547e-01
8.89221957e-01  5.00400460e-01  6.23176515e-01  9.59776999e-01  3.71871768e-01  6.40472914e-01
8.95198819e-01  4.73984726e-01  6.20031483e-01  9.60697997e-01  3.49453218e-01  6.39845763e-01
8.93027124e-01  4.68893779e-01  6.30710500e-01  9.59221990e-01  3.42962296e-01  6.50837817e-01
8.96528299e-01  4.79448819e-01  6.11969938e-01  9.61876340e-01  3.53692119e-01  6.31292475e-01
8.85574965e-01  5.01007750e-01  6.35165539e-01  9.58233680e-01  3.64317292e-01  6.52146957e-01
8.88224403e-01  4.98870591e-01  6.27556890e-01  9.59145626e-01  3.69961961e-01  6.44970790e-01
8.90274274e-01  4.88472116e-01  6.27347357e-01  9.59511325e-01  3.57207565e-01  6.45628830e-01
8.84783457e-01  5.00284530e-01  6.38322607e-01  9.57705158e-01  3.64948105e-01  6.55387223e-01
8.86158062e-01  4.97879651e-01  6.35216430e-01  9.58139182e-01  3.65061382e-01  6.52577678e-01
8.92315892e-01  5.01798440e-01  6.11763550e-01  9.61458078e-01  3.74942206e-01  6.28971283e-01
8.97432460e-01  4.73775395e-01  6.12583104e-01  9.61792696e-01  3.50818837e-01  6.32505258e-01
8.91850260e-01  4.98449912e-01  6.15518479e-01  9.61058608e-01  3.68846282e-01  6.32967794e-01
8.99364944e-01  4.77325060e-01  6.03716932e-01  9.63011320e-01  3.56346800e-01  6.23390205e-01
8.93781237e-01  4.64481425e-01  6.31014458e-01  9.59226632e-01  3.39783450e-01  6.51556469e-01
8.97049571e-01  4.82552466e-01  6.08185063e-01  9.62288007e-01  3.59435263e-01  6.27300815e-01
8.89285522e-01  4.82790674e-01  6.34393070e-01  9.58548771e-01  3.51580852e-01  6.53125257e-01
8.89645746e-01  4.97892412e-01  6.23365791e-01  9.59796972e-01  3.69536989e-01  6.40894539e-01
8.87468179e-01  4.92828084e-01  6.34047468e-01  9.58366944e-01  3.61711766e-01  6.51905927e-01
8.87753834e-01  4.97893771e-01  6.29788855e-01  9.58945302e-01  3.65952862e-01  6.47199111e-01
8.91914427e-01  4.91119869e-01  6.20059315e-01  9.60473178e-01  3.62539010e-01  6.38206410e-01
8.96078332e-01  4.80770599e-01  6.12639683e-01  9.61790086e-01  3.53861519e-01  6.31805638e-01
8.88993445e-01  4.86714487e-01  6.32837447e-01  9.58725530e-01  3.54852849e-01  6.51221576e-01
8.94858311e-01  4.84828137e-01  6.14148056e-01  9.61344994e-01  3.60841132e-01  6.33016238e-01
8.93157155e-01  4.64502973e-01  6.33119525e-01  9.58945358e-01  3.38749533e-01  6.53603363e-01
8.90444927e-01  4.91553586e-01  6.24767397e-01  9.59677244e-01  3.64299921e-01  6.42895204e-01
8.89071216e-01  4.80493440e-01  6.36612123e-01  9.58329249e-01  3.47573787e-01  6.55476195e-01
8.94057210e-01  4.78122799e-01  6.21221328e-01  9.60618239e-01  3.48758092e-01  6.40520817e-01
8.93150592e-01  4.89906669e-01  6.16649560e-01  9.60961438e-01  3.63018035e-01  6.34963006e-01
8.94028969e-01  4.74580148e-01  6.23617130e-01  9.60152190e-01  3.49496458e-01  6.43335189e-01
8.90353035e-01  5.07258472e-01  6.14883699e-01  9.61049639e-01  3.75527901e-01  6.31452217e-01
8.93058174e-01  4.79004911e-01  6.24040859e-01  9.60155290e-01  3.49789766e-01  6.43246260e-01
8.91654082e-01  4.71237766e-01  6.33850903e-01  9.58712604e-01  3.44602263e-01  6.53717796e-01
8.93030032e-01  4.79187356e-01  6.24017970e-01  9.60144916e-01  3.50210500e-01  6.43213722e-01
8.91806131e-01  4.79761954e-01  6.27800665e-01  9.59575717e-01  3.50066656e-01  6.46897176e-01
8.96947656e-01  4.83983838e-01  6.07601856e-01  9.62292214e-01  3.62205799e-01  6.26621563e-01
8.87948757e-01  4.86230244e-01  6.36699034e-01  9.58117025e-01  3.54917658e-01  6.55107930e-01
8.03238269e-01  4.03109456e-01  9.78643098e-01  9.10820507e-01  2.45598176e-01  9.84637814e-01
8.87627632e-01  5.01961897e-01  6.27576316e-01  9.59313101e-01  3.67182442e-01  6.44551371e-01
8.92258582e-01  4.89338929e-01  6.20046942e-01  9.60425727e-01  3.62937838e-01  6.38416756e-01
8.88166912e-01  4.92765304e-01  6.31715691e-01  9.58797330e-01  3.59999632e-01  6.49549475e-01
8.91295928e-01  4.83028102e-01  6.27412642e-01  9.59526679e-01  3.54172933e-01  6.46244840e-01
8.88848913e-01  4.97850486e-01  6.26098639e-01  9.59547506e-01  3.65234320e-01  6.43507068e-01
8.87925370e-01  4.97950653e-01  6.29169478e-01  9.59147688e-01  3.63387481e-01  6.46505431e-01
8.94687671e-01  4.76273828e-01  6.20280974e-01  9.60606131e-01  3.51776889e-01  6.39887722e-01
8.90245500e-01  4.80961685e-01  6.32320877e-01  9.58941322e-01  3.49016726e-01  6.51211982e-01
8.93730548e-01  4.74105729e-01  6.24938408e-01  9.60121346e-01  3.45053246e-01  6.44579043e-01
8.85521211e-01  4.96179944e-01  6.38482304e-01  9.57747326e-01  3.61528583e-01  6.55921923e-01
8.94855030e-01  4.95672495e-01  6.07118967e-01  9.62234117e-01  3.70884019e-01  6.24950910e-01
8.79801969e-01  7.65705925e-01  4.83226048e-01  9.75317293e-01  7.08953412e-01  4.61988201e-01
8.97692968e-01  4.74255539e-01  6.11386841e-01  9.61929221e-01  3.52235299e-01  6.31296400e-01
8.98285030e-01  4.82650578e-01  6.03926394e-01  9.62845339e-01  3.62070831e-01  6.23106809e-01
8.92315060e-01  4.79773133e-01  6.26065349e-01  9.59721071e-01  3.53077481e-01  6.45256344e-01
8.95752406e-01  4.83763926e-01  6.11803070e-01  9.61686244e-01  3.60928809e-01  6.30807565e-01
8.96213815e-01  4.81003861e-01  6.12028219e-01  9.61675203e-01  3.59080080e-01  6.31313615e-01
8.87527278e-01  4.90391949e-01  6.35428352e-01  9.58234007e-01  3.58671310e-01  6.53474125e-01
8.87991916e-01  4.92384896e-01  6.32556848e-01  9.58631315e-01  3.60702010e-01  6.50448568e-01
8.90295120e-01  4.77320639e-01  6.34516186e-01  9.58607196e-01  3.47310469e-01  6.53756047e-01
8.98197109e-01  4.75846228e-01  6.08642356e-01  9.62304897e-01  3.54199848e-01  6.28425120e-01
8.98992490e-01  4.75582787e-01  6.06112684e-01  9.62655172e-01  3.55128514e-01  6.25960583e-01
9.26979500e-01  3.52677876e-01  5.91178147e-01  9.65555890e-01  2.86285739e-01  6.24089995e-01
8.88972638e-01  4.89600621e-01  6.31034398e-01  9.58865375e-01  3.59522734e-01  6.49225463e-01
8.88772410e-01  4.90039396e-01  6.31429414e-01  9.58904995e-01  3.57254428e-01  6.49505466e-01
8.89559697e-01  4.79849697e-01  6.35371418e-01  9.58473715e-01  3.48444481e-01  6.54344915e-01
8.91523505e-01  4.75457071e-01  6.31555074e-01  9.59173341e-01  3.43833749e-01  6.50944579e-01
8.87744928e-01  4.90736823e-01  6.34465432e-01  9.58488905e-01  3.56236940e-01  6.52412903e-01
8.95091030e-01  4.83772552e-01  6.14043159e-01  9.61555813e-01  3.55622847e-01  6.32893075e-01
8.95236892e-01  4.93551550e-01  6.07199297e-01  9.62338361e-01  3.67055043e-01  6.25183997e-01
8.93294434e-01  4.76280288e-01  6.25007485e-01  9.59947793e-01  3.49990924e-01  6.44529329e-01
8.91559851e-01  4.92675066e-01  6.20253626e-01  9.60371914e-01  3.64973186e-01  6.38282606e-01
8.95167643e-01  4.89834772e-01  6.09847385e-01  9.61849347e-01  3.67169605e-01  6.28292481e-01
8.90613596e-01  4.83725509e-01  6.29276723e-01  9.59177247e-01  3.55965711e-01  6.48063246e-01
8.91660910e-01  4.84317432e-01  6.25336312e-01  9.59924958e-01  3.52876856e-01  6.43996295e-01
8.90692879e-01  5.07255701e-01  6.13731564e-01  9.61128203e-01  3.78002226e-01  6.30365936e-01
8.91181470e-01  4.94150625e-01  6.20580466e-01  9.60403488e-01  3.63631346e-01  6.38396077e-01
8.89324959e-01  4.97945035e-01  6.24420852e-01  9.59784814e-01  3.65854176e-01  6.41839560e-01
7.69893106e-01  7.03323653e-01  8.96953442e-01  9.16800278e-01  4.53115995e-01  8.97433985e-01
8.97214507e-01  4.77365434e-01  6.10992481e-01  9.62049334e-01  3.52225735e-01  6.30528515e-01
8.96730386e-01  4.72565349e-01  6.15752551e-01  9.61372855e-01  3.48522420e-01  6.35737849e-01
8.94844712e-01  4.73735267e-01  6.21395796e-01  9.60649205e-01  3.45381531e-01  6.41117230e-01
8.99892612e-01  4.73096960e-01  6.04670157e-01  9.62873417e-01  3.54127302e-01  6.24796961e-01
8.92559282e-01  4.89340672e-01  6.19024791e-01  9.60605126e-01  3.62439475e-01  6.37383820e-01
8.88605165e-01  4.91414589e-01  6.31104507e-01  9.58839926e-01  3.60677824e-01  6.49116687e-01
8.91458221e-01  5.02270900e-01  6.14369030e-01  9.61135908e-01  3.73089276e-01  6.31473218e-01
8.83187770e-01  5.81221779e-01  5.91501737e-01  9.63555590e-01  4.42438626e-01  6.00151019e-01
8.93920460e-01  5.00438665e-01  6.07198050e-01  9.62216970e-01  3.73225161e-01  6.24509668e-01
8.89181554e-01  4.87348883e-01  6.31786872e-01  9.58844705e-01  3.56191852e-01  6.50142197e-01
8.90414461e-01  4.83408212e-01  6.30158875e-01  9.59192204e-01  3.52128165e-01  6.48870835e-01
8.89621570e-01  5.07155716e-01  6.17434081e-01  9.60654215e-01  3.75397991e-01  6.34018185e-01
8.95402906e-01  4.78665049e-01  6.16300015e-01  9.61260387e-01  3.51954428e-01  6.35650959e-01
8.98526848e-01  4.79828180e-01  6.04937625e-01  9.62812322e-01  3.57725557e-01  6.24341538e-01
8.93809570e-01  4.75082191e-01  6.24036167e-01  9.60243123e-01  3.45920268e-01  6.43594110e-01
8.94333132e-01  4.96919024e-01  6.08081807e-01  9.62039290e-01  3.72541904e-01  6.25809782e-01
8.92267220e-01  4.90387961e-01  6.19336573e-01  9.60511444e-01  3.64014727e-01  6.37613621e-01
8.94395606e-01  4.92040591e-01  6.11036786e-01  9.61842206e-01  3.63847076e-01  6.29120509e-01
8.88465570e-01  4.97768105e-01  6.27453754e-01  9.59204890e-01  3.68415795e-01  6.44954820e-01
8.97452523e-01  4.74815416e-01  6.11839792e-01  9.61882975e-01  3.51904686e-01  6.31670759e-01
7.54176511e-01  8.00359214e-01  8.87322935e-01  9.17212276e-01  5.02376389e-01  8.83193864e-01
8.87236351e-01  4.89240790e-01  6.37163529e-01  9.58120347e-01  3.54388251e-01  6.55211268e-01
8.85126172e-01  5.01761092e-01  6.36200332e-01  9.58043936e-01  3.65358917e-01  6.53118328e-01
8.86020865e-01  5.02599507e-01  6.32618117e-01  9.58541884e-01  3.67152904e-01  6.49503211e-01
8.88160466e-01  4.99383945e-01  6.27440712e-01  9.59186941e-01  3.69623702e-01  6.44785524e-01
8.96286154e-01  4.84257964e-01  6.09670007e-01  9.61988566e-01  3.61880636e-01  6.28645045e-01
8.89733237e-01  4.92177604e-01  6.26778808e-01  9.59435894e-01  3.62847452e-01  6.44784652e-01
8.85656656e-01  5.02252012e-01  6.34080377e-01  9.58373937e-01  3.65553617e-01  6.50956586e-01
8.90090052e-01  5.00559938e-01  6.20125384e-01  9.60296539e-01  3.70868460e-01  6.37377942e-01
8.87578884e-01  4.92883060e-01  6.33635879e-01  9.58425093e-01  3.61873160e-01  6.51495092e-01
8.95830935e-01  4.70841386e-01  6.19925823e-01  9.60711260e-01  3.48120901e-01  6.40074398e-01
8.95233039e-01  4.82188672e-01  6.14589233e-01  9.61317806e-01  3.58629038e-01  6.33711367e-01
8.94588423e-01  4.96537977e-01  6.07462351e-01  9.62135327e-01  3.72384312e-01  6.25231115e-01
8.90329050e-01  4.76529593e-01  6.34914531e-01  9.58633625e-01  3.44819913e-01  6.54172952e-01
8.95022966e-01  4.96523541e-01  6.05996238e-01  9.62357241e-01  3.72557274e-01  6.23767521e-01
8.90143306e-01  4.87944731e-01  6.28134436e-01  9.59369839e-01  3.57448267e-01  6.46479337e-01
8.92153707e-01  4.83476906e-01  6.24208708e-01  9.60028108e-01  3.54250199e-01  6.43011583e-01
8.89219263e-01  4.91601184e-01  6.28898212e-01  9.59167525e-01  3.61114755e-01  6.46913319e-01
8.93333878e-01  4.67752368e-01  6.30409938e-01  9.59283761e-01  3.42087163e-01  6.50647796e-01
8.84979584e-01  5.03966015e-01  6.35266616e-01  9.58154785e-01  3.67159240e-01  6.51983721e-01
8.89398875e-01  5.00050525e-01  6.22802975e-01  9.59973392e-01  3.68344689e-01  6.40044077e-01
8.91348550e-01  4.85971906e-01  6.25322830e-01  9.59863680e-01  3.55159266e-01  6.43851838e-01
8.95373896e-01  4.77470001e-01  6.17174349e-01  9.61159200e-01  3.50573442e-01  6.36624886e-01
8.90112300e-01  4.99054002e-01  6.21027504e-01  9.60212560e-01  3.68806173e-01  6.38401931e-01
8.93517977e-01  5.00980947e-01  6.08212621e-01  9.61894623e-01  3.77455381e-01  6.25580551e-01
8.86627711e-01  4.99799004e-01  6.32375688e-01  9.58517805e-01  3.67423910e-01  6.49593800e-01
8.89722129e-01  4.85873127e-01  6.30909433e-01  9.58987851e-01  3.55365056e-01  6.49419031e-01
8.95271719e-01  4.88709014e-01  6.10224848e-01  9.61906944e-01  3.63815934e-01  6.28712754e-01
8.93326824e-01  4.83228857e-01  6.20386449e-01  9.60559905e-01  3.55628574e-01  6.39277288e-01
8.92914520e-01  4.88801548e-01  6.18168590e-01  9.60836358e-01  3.59805498e-01  6.36521335e-01
8.94312641e-01  4.98104933e-01  6.07381482e-01  9.62109562e-01  3.74049217e-01  6.25004335e-01
8.94276976e-01  4.96928439e-01  6.08266371e-01  9.62129365e-01  3.69653587e-01  6.25912246e-01
8.89943450e-01  4.76645519e-01  6.36148567e-01  9.58414324e-01  3.45577793e-01  6.55400635e-01
8.93992105e-01  4.68741499e-01  6.27532792e-01  9.59677656e-01  3.43734677e-01  6.47734335e-01
8.95169174e-01  4.74034586e-01  6.20099774e-01  9.60809313e-01  3.46503994e-01  6.39826377e-01
8.96286318e-01  4.86906635e-01  6.07949914e-01  9.62291824e-01  3.62249294e-01  6.26613823e-01
8.89640685e-01  4.80821426e-01  6.34465571e-01  9.58536407e-01  3.50752174e-01  6.53399636e-01
8.98609381e-01  4.81195302e-01  6.03769841e-01  9.62999674e-01  3.58233169e-01  6.23020764e-01
8.96483242e-01  4.79763695e-01  6.11918508e-01  9.61861706e-01  3.54387194e-01  6.31222665e-01
8.96537872e-01  4.87705613e-01  6.06577069e-01  9.62546084e-01  3.61645582e-01  6.25125692e-01
8.98645494e-01  4.72548823e-01  6.09260572e-01  9.62257800e-01  3.51492966e-01  6.29364390e-01
8.93126803e-01  4.86110078e-01  6.19195107e-01  9.60560870e-01  3.61412293e-01  6.37909412e-01
8.96799425e-01  4.85758357e-01  6.06953141e-01  9.62514228e-01  3.60088404e-01  6.25696561e-01
8.49836928e-01  7.93699035e-01  5.66801515e-01  9.58922984e-01  7.68922780e-01  5.52987548e-01
8.95203020e-01  4.91390877e-01  6.08717029e-01  9.62161057e-01  3.64597378e-01  6.26899454e-01
7.85506020e-01  6.95125354e-01  8.49255082e-01  9.22807851e-01  4.87925468e-01  8.50716743e-01
9.36779709e-01  3.74363427e-01  5.43821673e-01  9.72257787e-01  3.09819955e-01  5.75576935e-01
8.90338824e-01  4.93477197e-01  6.23878846e-01  9.59772709e-01  3.66199689e-01  6.41835829e-01
8.93926452e-01  4.71923134e-01  6.25690174e-01  9.59874389e-01  3.47277798e-01  6.45638746e-01
8.93415811e-01  4.81978534e-01  6.20896013e-01  9.60589109e-01  3.52427291e-01  6.39843737e-01
8.96128248e-01  4.83797553e-01  6.10505076e-01  9.61980673e-01  3.58695851e-01  6.29445463e-01
8.93333933e-01  4.71972038e-01  6.27670311e-01  9.59749643e-01  3.42879912e-01  6.47474010e-01
8.94708623e-01  4.98074044e-01  6.06056989e-01  9.62412833e-01  3.71699884e-01  6.23612937e-01
8.93826541e-01  4.67170348e-01  6.29114962e-01  9.59529097e-01  3.40715996e-01  6.49397565e-01
8.95231090e-01  4.94650736e-01  6.06505397e-01  9.62369036e-01  3.69459273e-01  6.24421272e-01
8.91221044e-01  4.75748418e-01  6.32392930e-01  9.59041784e-01  3.44015019e-01  6.51745414e-01
8.85773106e-01  4.94980007e-01  6.38406007e-01  9.57754575e-01  3.61119205e-01  6.55971824e-01
8.92531473e-01  4.85414295e-01  6.21668245e-01  9.60215531e-01  3.60156083e-01  6.40419414e-01
8.97720210e-01  4.72575973e-01  6.12384727e-01  9.61839773e-01  3.49875545e-01  6.32425491e-01
8.85943122e-01  5.01916671e-01  6.33325393e-01  9.58432859e-01  3.66830604e-01  6.50278142e-01
8.94150361e-01  4.93219542e-01  6.11104128e-01  9.61633881e-01  3.69205193e-01  6.29194762e-01
8.89449433e-01  4.95221244e-01  6.25766508e-01  9.59522195e-01  3.65935449e-01  6.43504286e-01
8.96123725e-01  4.72415691e-01  6.17909612e-01  9.61086818e-01  3.47280809e-01  6.37864182e-01
8.95248144e-01  4.95301196e-01  6.06025209e-01  9.62382087e-01  3.71271525e-01  6.23910925e-01
7.66847771e-01  6.03519260e-01  9.72099506e-01  9.08740300e-01  3.46415455e-01  9.74238936e-01
8.47602228e-01  8.08825895e-01  5.64569636e-01  9.63599645e-01  6.75183318e-01  5.45071166e-01
8.88274868e-01  4.86622830e-01  6.35336865e-01  9.58288130e-01  3.56052665e-01  6.53743614e-01
8.94412730e-01  4.71241026e-01  6.24481859e-01  9.60114147e-01  3.45681205e-01  6.44477359e-01
8.91261105e-01  4.96155560e-01  6.19008450e-01  9.60615748e-01  3.65332236e-01  6.36634653e-01
8.91885093e-01  4.91295731e-01  6.20044747e-01  9.60432009e-01  3.63677011e-01  6.38202454e-01
8.93773937e-01  4.98904548e-01  6.08691523e-01  9.61954490e-01  3.73209690e-01  6.26196281e-01
8.89541869e-01  4.82781948e-01  6.33528316e-01  9.58616359e-01  3.53190518e-01  6.52312929e-01
8.95042160e-01  4.77989683e-01  6.17963370e-01  9.60945952e-01  3.53022062e-01  6.37415695e-01
8.89676369e-01  4.84456137e-01  6.31984730e-01  9.58897760e-01  3.52879615e-01  6.50581836e-01
8.89853867e-01  4.95772492e-01  6.24035387e-01  9.59815360e-01  3.65596117e-01  6.41704458e-01
8.91234936e-01  4.82201022e-01  6.28156685e-01  9.59340390e-01  3.55542353e-01  6.47116878e-01
8.94359770e-01  4.79897314e-01  6.19041965e-01  9.60691621e-01  3.56003029e-01  6.38344593e-01
9.26353501e-01  3.43726134e-01  5.99115959e-01  9.66446691e-01  2.31402010e-01  6.31300104e-01
8.93898308e-01  5.01892145e-01  6.06329660e-01  9.62268625e-01  3.75955948e-01  6.23535543e-01
7.90783027e-01  4.64269238e-01  9.81230702e-01  9.10280493e-01  2.56214789e-01  9.85600798e-01
8.88416032e-01  4.84913622e-01  6.35967175e-01  9.58304954e-01  3.52517924e-01  6.54467948e-01
8.94485578e-01  4.65510413e-01  6.27954856e-01  9.59658399e-01  3.41198124e-01  6.48454996e-01
8.88437364e-01  4.87230848e-01  6.34390382e-01  9.58445146e-01  3.56058020e-01  6.52735598e-01
8.92376624e-01  4.98013922e-01  6.14014271e-01  9.61142754e-01  3.72313171e-01  6.31612043e-01
8.97022145e-01  4.74701501e-01  6.13375083e-01  9.61586019e-01  3.53280520e-01  6.33250864e-01
8.92421513e-01  4.75490595e-01  6.28484142e-01  9.59592054e-01  3.45206023e-01  6.47936791e-01
8.99867481e-01  4.71819167e-01  6.05585039e-01  9.62761519e-01  3.52796878e-01  6.25827659e-01
8.91071739e-01  4.81134307e-01  6.29403337e-01  9.59310067e-01  3.51103954e-01  6.48356259e-01
8.95152306e-01  4.86351163e-01  6.12161044e-01  9.61582467e-01  3.63285607e-01  6.30918092e-01
8.90880604e-01  4.88950029e-01  6.24978313e-01  9.59807276e-01  3.59166749e-01  6.43269988e-01
8.89044928e-01  4.96654459e-01  6.26209541e-01  9.59381976e-01  3.68316437e-01  6.43842773e-01
8.93870254e-01  4.82889012e-01  6.18761874e-01  9.60744691e-01  3.57117938e-01  6.37741829e-01
8.93611159e-01  5.03618173e-01  6.06184118e-01  9.62293652e-01  3.76711210e-01  6.23197259e-01
8.85545570e-01  5.03548274e-01  6.33616025e-01  9.58415593e-01  3.66868885e-01  6.50379837e-01
8.91459681e-01  4.77762074e-01  6.30275363e-01  9.59309550e-01  3.46343278e-01  6.49480399e-01
8.91217114e-01  5.08515907e-01  6.11133403e-01  9.61532914e-01  3.78638124e-01  6.27621301e-01
8.97132976e-01  4.80074207e-01  6.09510765e-01  9.62114385e-01  3.57494873e-01  6.28870879e-01
8.94222078e-01  4.78587492e-01  6.20359840e-01  9.60606438e-01  3.52509369e-01  6.39713301e-01
8.92340581e-01  4.87189522e-01  6.21163925e-01  9.60350836e-01  3.59564258e-01  6.39691200e-01
8.89388686e-01  4.92245166e-01  6.27904863e-01  9.59222545e-01  3.63818555e-01  6.45923974e-01
8.91044997e-01  4.95002011e-01  6.20491131e-01  9.60268436e-01  3.67646474e-01  6.38316702e-01
8.89996252e-01  4.85983733e-01  6.29906847e-01  9.59134468e-01  3.55624051e-01  6.48417975e-01
8.90031522e-01  4.77280543e-01  6.35437257e-01  9.58409827e-01  3.48643323e-01  6.54707736e-01
8.91597551e-01  4.88220855e-01  6.23017319e-01  9.60186647e-01  3.57013117e-01  6.41344578e-01
8.94839569e-01  4.75387621e-01  6.20340541e-01  9.60640674e-01  3.50312581e-01  6.40010986e-01
8.93729853e-01  4.87094959e-01  6.16508074e-01  9.61126219e-01  3.58261330e-01  6.35026357e-01
8.94405201e-01  4.94885666e-01  6.09157166e-01  9.62013581e-01  3.68134046e-01  6.27012384e-01
8.90546628e-01  4.76307278e-01  6.34320076e-01  9.58698649e-01  3.45375438e-01  6.53625241e-01
8.91055982e-01  4.91448046e-01  6.22761092e-01  9.60108945e-01  3.61326381e-01  6.40827294e-01
8.89158341e-01  4.95581955e-01  6.26520727e-01  9.59417566e-01  3.65789839e-01  6.44209429e-01
8.87200924e-01  4.88817635e-01  6.37558535e-01  9.57970585e-01  3.56371544e-01  6.55704575e-01
8.90611075e-01  5.00128804e-01  6.18636157e-01  9.60461844e-01  3.72302317e-01  6.35980462e-01
8.86094328e-01  4.96417178e-01  6.36382282e-01  9.58102498e-01  3.60903235e-01  6.53791858e-01
8.91474506e-01  4.99795253e-01  6.15920941e-01  9.60992962e-01  3.69531769e-01  6.33227322e-01
8.90112639e-01  4.93001027e-01  6.24955984e-01  9.59627490e-01  3.65446235e-01  6.42944335e-01
8.96651874e-01  4.80467421e-01  6.10889059e-01  9.61997240e-01  3.55307750e-01  6.30136916e-01
8.95044781e-01  4.94466399e-01  6.07257678e-01  9.62305228e-01  3.68065118e-01  6.25158632e-01
8.07598032e-01  6.43451493e-01  8.07783091e-01  9.29401554e-01  4.70564591e-01  8.12524820e-01
8.95133954e-01  4.89687214e-01  6.10057571e-01  9.61811024e-01  3.67236316e-01  6.28522494e-01
8.92059764e-01  4.99196911e-01  6.14322156e-01  9.61087388e-01  3.73034734e-01  6.31797160e-01
8.92333685e-01  4.82651401e-01  6.24133519e-01  9.60076384e-01  3.52988913e-01  6.42999002e-01
8.91949892e-01  4.88431162e-01  6.21684421e-01  9.60188858e-01  3.62100542e-01  6.40132647e-01
8.93230694e-01  4.87376267e-01  6.18020329e-01  9.60819699e-01  3.60127077e-01  6.36552437e-01
8.93908453e-01  4.98839901e-01  6.08276747e-01  9.61976568e-01  3.74220512e-01  6.25816741e-01
8.86680018e-01  4.99532543e-01  6.32371068e-01  9.58595546e-01  3.65426018e-01  6.49565711e-01
8.88287181e-01  4.87540841e-01  6.34699077e-01  9.58338670e-01  3.57627650e-01  6.53048757e-01
8.96783508e-01  4.80596457e-01  6.10358326e-01  9.62107266e-01  3.54698740e-01  6.29574835e-01
8.90888207e-01  5.04564333e-01  6.14815588e-01  9.60992543e-01  3.75936030e-01  6.31722220e-01
8.91884748e-01  4.95673232e-01  6.17204015e-01  9.60827135e-01  3.66812720e-01  6.34930730e-01
8.91388436e-01  4.90255053e-01  6.22406751e-01  9.60096403e-01  3.62438600e-01  6.40645856e-01
8.93872318e-01  4.73947071e-01  6.24560033e-01  9.60119837e-01  3.46447149e-01  6.44260547e-01
8.93728194e-01  4.75037037e-01  6.24341790e-01  9.60016841e-01  3.50266800e-01  6.44021660e-01
8.96040888e-01  4.87231888e-01  6.08572110e-01  9.62210571e-01  3.62016016e-01  6.27189720e-01
8.92701447e-01  5.07137257e-01  6.06988411e-01  9.62020833e-01  3.81929223e-01  6.23718020e-01
8.91575942e-01  4.96608585e-01  6.17645324e-01  9.60679492e-01  3.69159935e-01  6.35324766e-01
8.87288368e-01  5.02147282e-01  6.28607927e-01  9.59124886e-01  3.67941033e-01  6.45579567e-01
8.92493015e-01  4.79945000e-01  6.25349532e-01  9.59921225e-01  3.50974108e-01  6.44468203e-01
8.94528904e-01  4.73062716e-01  6.22904740e-01  9.60384524e-01  3.45842414e-01  6.42705799e-01
8.92449307e-01  4.81121741e-01  6.24733991e-01  9.59909540e-01  3.54107656e-01  6.43805379e-01
8.94273273e-01  4.82731264e-01  6.17495842e-01  9.61052832e-01  3.54328800e-01  6.36422754e-01
8.90915557e-01  4.88327653e-01  6.25263682e-01  9.59668670e-01  3.61189658e-01  6.43682441e-01
8.93047055e-01  4.84587132e-01  6.20454598e-01  9.60405283e-01  3.59750816e-01  6.39298175e-01
8.90947657e-01  4.95333953e-01  6.20606148e-01  9.60336832e-01  3.65693465e-01  6.38337964e-01
8.90347116e-01  4.95483192e-01  6.22548384e-01  9.60087779e-01  3.64463761e-01  6.40224360e-01
8.89914161e-01  4.86157416e-01  6.30072830e-01  9.59024384e-01  3.57760333e-01  6.48620858e-01
8.93394806e-01  4.92546390e-01  6.14106614e-01  9.61324870e-01  3.65019076e-01  6.32161637e-01
8.38275382e-01  3.68303789e-01  8.82253476e-01  9.24646034e-01  2.44761775e-01  8.96182585e-01
8.92990176e-01  4.72193963e-01  6.28693458e-01  9.59568008e-01  3.43555053e-01  6.48479667e-01
8.95381641e-01  4.95758964e-01  6.05274735e-01  9.62403626e-01  3.73815963e-01  6.23173769e-01
8.89043241e-01  4.85560255e-01  6.33417700e-01  9.58741282e-01  3.51770568e-01  6.51846250e-01
8.89626900e-01  4.87955757e-01  6.29880724e-01  9.58996230e-01  3.59966620e-01  6.48281939e-01
8.95179029e-01  4.75725696e-01  6.18968430e-01  9.60981056e-01  3.47349081e-01  6.38526233e-01
8.88722789e-01  4.97498744e-01  6.26755242e-01  9.59304621e-01  3.68511311e-01  6.44292875e-01
8.88082952e-01  5.01850902e-01  6.26102346e-01  9.59380762e-01  3.71077745e-01  6.43200447e-01
8.96135703e-01  4.79199059e-01  6.13465135e-01  9.61612912e-01  3.54333901e-01  6.32830431e-01
8.89720437e-01  4.97296859e-01  6.23498815e-01  9.59955069e-01  3.64909966e-01  6.40970216e-01
8.92287153e-01  4.73322555e-01  6.30347867e-01  9.59379364e-01  3.42420246e-01  6.49956387e-01
8.99286252e-01  4.73718548e-01  6.06325501e-01  9.62641209e-01  3.53800905e-01  6.26362677e-01
8.91555520e-01  5.11146957e-01  6.08276257e-01  9.61925198e-01  3.81222447e-01  6.24497614e-01
8.93272537e-01  4.99263898e-01  6.10160723e-01  9.61721066e-01  3.73466283e-01  6.27632539e-01
8.87574816e-01  5.05928899e-01  6.25180247e-01  9.59543233e-01  3.72449512e-01  6.41835753e-01
8.93365601e-01  4.83207982e-01  6.20268336e-01  9.60462471e-01  3.58440975e-01  6.39239880e-01
8.92157272e-01  4.91295798e-01  6.19120527e-01  9.60679568e-01  3.61147881e-01  6.37210597e-01
8.91951555e-01  4.89845880e-01  6.20760328e-01  9.60387685e-01  3.61391081e-01  6.39024838e-01
8.90901003e-01  4.88802000e-01  6.25005148e-01  9.59845603e-01  3.58064300e-01  6.43283801e-01
8.92365615e-01  4.69071504e-01  6.32841261e-01  9.58885959e-01  3.43227587e-01  6.52929927e-01
8.87122949e-01  4.90382758e-01  6.36807207e-01  9.58152477e-01  3.55446138e-01  6.54756193e-01
8.87926684e-01  4.93928610e-01  6.31776153e-01  9.58637432e-01  3.64186713e-01  6.49588926e-01
8.87990488e-01  4.96735670e-01  6.29737147e-01  9.58990274e-01  3.64537901e-01  6.47243886e-01
8.94215925e-01  4.76997805e-01  6.21412767e-01  9.60592925e-01  3.48148444e-01  6.40826659e-01
8.87629839e-01  4.95693830e-01  6.31638092e-01  9.58831653e-01  3.60746309e-01  6.49153606e-01
8.94228783e-01  4.77329221e-01  6.21153951e-01  9.60531936e-01  3.50761422e-01  6.40602518e-01
8.95666922e-01  4.80134902e-01  6.14449313e-01  9.61406560e-01  3.56061812e-01  6.33746705e-01
8.90229282e-01  4.79966526e-01  6.33022012e-01  9.58836565e-01  3.48494532e-01  6.52006610e-01
8.95333204e-01  4.76007531e-01  6.18261965e-01  9.61004378e-01  3.49576376e-01  6.37852314e-01
8.96065095e-01  4.84488214e-01  6.10271128e-01  9.61931713e-01  3.61091946e-01  6.29195262e-01
8.96899616e-01  4.71620431e-01  6.15791381e-01  9.61364149e-01  3.48160778e-01  6.35878819e-01
8.86854125e-01  4.91916226e-01  6.36724456e-01  9.57950645e-01  3.61357145e-01  6.54658643e-01
8.87825184e-01  4.99240308e-01  6.28672407e-01  9.59040341e-01  3.68464832e-01  6.45998333e-01
8.94790189e-01  4.85940618e-01  6.13657132e-01  9.61400201e-01  3.61865065e-01  6.32421194e-01
8.91702231e-01  5.02767390e-01  6.13218174e-01  9.61314285e-01  3.73354667e-01  6.30267014e-01
8.95671005e-01  4.93081593e-01  6.06030375e-01  9.62346539e-01  3.71079501e-01  6.24184057e-01
8.92921154e-01  4.86798784e-01  6.19446272e-01  9.60694614e-01  3.57512981e-01  6.37969906e-01
8.91694865e-01  4.94725438e-01  6.18464072e-01  9.60556338e-01  3.68195908e-01  6.36341375e-01
8.87262608e-01  4.89808215e-01  6.36705995e-01  9.57993973e-01  3.59451711e-01  6.54829441e-01
8.91070596e-01  4.84551963e-01  6.27188451e-01  9.59461931e-01  3.57275039e-01  6.45929648e-01
8.87362887e-01  4.88488738e-01  6.37222113e-01  9.57972542e-01  3.57452144e-01  6.55437616e-01
8.91286450e-01  4.92005755e-01  6.21616474e-01  9.60143812e-01  3.65064724e-01  6.39723598e-01
8.92508754e-01  4.89592803e-01  6.19032673e-01  9.60552586e-01  3.63803981e-01  6.37399446e-01
8.97417049e-01  4.86036494e-01  6.04675445e-01  9.62862158e-01  3.60399946e-01  6.23392350e-01
8.87116507e-01  4.96768878e-01  6.32683171e-01  9.58602102e-01  3.62865230e-01  6.50126576e-01
8.80630730e-01  8.07358727e-01  4.53369838e-01  9.77622090e-01  8.12427194e-01  4.22848589e-01
8.95938891e-01  4.80165967e-01  6.13505682e-01  9.61497244e-01  3.57438115e-01  6.32841227e-01
8.96639599e-01  4.88850710e-01  6.05488253e-01  9.62687062e-01  3.62884580e-01  6.23930066e-01
8.98095110e-01  4.76179094e-01  6.08772595e-01  9.62270614e-01  3.54694517e-01  6.28528469e-01
8.96425897e-01  4.88744541e-01  6.06282798e-01  9.62406855e-01  3.66632142e-01  6.24844387e-01
8.93003495e-01  4.90868507e-01  6.16524596e-01  9.61030432e-01  3.62249281e-01  6.34701619e-01
8.88660382e-01  1.90313059e-01  8.26715133e-01  9.35422430e-01  1.35762628e-01  8.52746487e-01
8.92936865e-01  4.88257229e-01  6.18446092e-01  9.60656112e-01  3.62899121e-01  6.36948688e-01
8.88557579e-01  4.98264725e-01  6.26818929e-01  9.59287606e-01  3.69026858e-01  6.44280600e-01
8.93558506e-01  4.92896026e-01  6.13323788e-01  9.61435359e-01  3.65460897e-01  6.31349181e-01
8.89527032e-01  4.89211277e-01  6.29404731e-01  9.59041807e-01  3.61208772e-01  6.47697264e-01
7.93753795e-01  4.62738125e-01  9.72135277e-01  9.10764726e-01  2.77951222e-01  9.77377889e-01
8.93564096e-01  4.90554585e-01  6.14824888e-01  9.61301118e-01  3.61960288e-01  6.33034072e-01
8.93421951e-01  4.94065583e-01  6.13028175e-01  9.61507074e-01  3.65374985e-01  6.30909586e-01
8.98230146e-01  4.78745955e-01  6.06647659e-01  9.62685736e-01  3.53823525e-01  6.26071851e-01
8.73998050e-01  2.86273379e-01  8.14202992e-01  9.37046951e-01  1.61305373e-01  8.36315882e-01
8.95476603e-01  4.92758129e-01  6.06900455e-01  9.62436617e-01  3.65431578e-01  6.24936214e-01
8.96028307e-01  4.89343501e-01  6.07243955e-01  9.62427066e-01  3.62770035e-01  6.25624076e-01
8.86429665e-01  4.96823182e-01  6.34980072e-01  9.58141057e-01  3.65448072e-01  6.52474616e-01
8.94210835e-01  4.82230400e-01  6.18033015e-01  9.60861750e-01  3.56725488e-01  6.37083665e-01
8.91852462e-01  5.03371454e-01  6.12315905e-01  9.61292711e-01  3.77592337e-01  6.29407647e-01
8.92953414e-01  4.68075288e-01  6.31492150e-01  9.59167952e-01  3.40983460e-01  6.51650185e-01
8.95229789e-01  4.69653143e-01  6.22738419e-01  9.60340532e-01  3.46026237e-01  6.42944588e-01
8.96662757e-01  4.87975745e-01  6.05977651e-01  9.62436246e-01  3.66717782e-01  6.24635774e-01
8.95450492e-01  4.95154392e-01  6.05433445e-01  9.62465933e-01  3.71414612e-01  6.23339635e-01
8.88222658e-01  4.99839601e-01  6.26933727e-01  9.59261369e-01  3.69934804e-01  6.44235064e-01
8.89533474e-01  5.02493744e-01  6.20759793e-01  9.60190847e-01  3.71911137e-01  6.37810133e-01
8.97631687e-01  4.71162812e-01  6.13602739e-01  9.61669489e-01  3.48779100e-01  6.33775461e-01
8.89725586e-01  5.06402680e-01  6.17569775e-01  9.60614453e-01  3.75504887e-01  6.34247965e-01
8.81648570e-01  3.93161023e-01  7.18824686e-01  9.47018224e-01  2.88883652e-01  7.42341653e-01
8.96620436e-01  4.72789348e-01  6.15980463e-01  9.61315931e-01  3.49149941e-01  6.35955098e-01
8.88643718e-01  5.03544634e-01  6.23098695e-01  9.59925707e-01  3.69960919e-01  6.39969311e-01
8.94162141e-01  4.67396657e-01  6.27828517e-01  9.59704531e-01  3.41374677e-01  6.48117645e-01
8.91076760e-01  5.11190279e-01  6.09873750e-01  9.61691201e-01  3.80837878e-01  6.26088494e-01
8.88256163e-01  5.02966764e-01  6.24789786e-01  9.59679706e-01  3.69273027e-01  6.41708574e-01
8.85844669e-01  5.01986044e-01  6.33614649e-01  9.58386340e-01  3.66899939e-01  6.50560085e-01
8.89332751e-01  4.85473717e-01  6.32490858e-01  9.58758454e-01  3.54815058e-01  6.51019367e-01
8.93044551e-01  4.85917844e-01  6.19599191e-01  9.60601832e-01  3.58797472e-01  6.38262394e-01
8.93836237e-01  4.89313561e-01  6.14706519e-01  9.61344001e-01  3.60797662e-01  6.33032838e-01
8.90752089e-01  4.80721907e-01  6.30756433e-01  9.59093038e-01  3.51112407e-01  6.49745817e-01
8.96507204e-01  4.86097037e-01  6.07725499e-01  9.62393493e-01  3.60252194e-01  6.26432123e-01
8.93049389e-01  4.81682922e-01  6.22332105e-01  9.60288342e-01  3.54197564e-01  6.41355409e-01
8.88581683e-01  4.88622507e-01  6.32996877e-01  9.58648515e-01  3.56966710e-01  6.51217699e-01
8.91113130e-01  4.91102902e-01  6.22791116e-01  9.60079332e-01  3.61779578e-01  6.40910469e-01
8.85763846e-01  4.96306730e-01  6.37576129e-01  9.57776800e-01  3.64293014e-01  6.55082097e-01
8.91348148e-01  5.02363263e-01  6.14682818e-01  9.61052395e-01  3.73971232e-01  6.31801041e-01
8.87906215e-01  5.03490457e-01  6.25638041e-01  9.59539578e-01  3.69703226e-01  6.42505761e-01
8.41794374e-01  8.06849768e-01  5.85574181e-01  9.60783003e-01  6.54590671e-01  5.67979536e-01
8.85025977e-01  5.02154380e-01  6.36285216e-01  9.58048801e-01  3.65090441e-01  6.53150339e-01
8.92298014e-01  5.00032056e-01  6.12971003e-01  9.61369776e-01  3.71682091e-01  6.30305001e-01
8.93666478e-01  4.68992215e-01  6.28475684e-01  9.59519073e-01  3.44165291e-01  6.48649758e-01
8.92222453e-01  5.04494617e-01  6.10330445e-01  9.61640509e-01  3.77209692e-01  6.27267722e-01
8.14158651e-01  6.41276763e-01  7.86916291e-01  9.32956963e-01  4.62094865e-01  7.91721420e-01
8.91593531e-01  4.90214832e-01  6.21736464e-01  9.60169843e-01  3.63169235e-01  6.40002957e-01
8.12340913e-01  4.03376440e-01  9.47555871e-01  9.15433413e-01  2.43598153e-01  9.55529659e-01
8.94276447e-01  4.81963757e-01  6.17983338e-01  9.60831636e-01  3.57526711e-01  6.37088118e-01
8.90276564e-01  4.84123582e-01  6.30162677e-01  9.59223103e-01  3.51674286e-01  6.48779575e-01
8.91525811e-01  5.06746488e-01  6.11233947e-01  9.61511646e-01  3.77949840e-01  6.27919713e-01
8.98122292e-01  4.75151154e-01  6.09347642e-01  9.62177168e-01  3.54320772e-01  6.29215620e-01
8.89759827e-01  4.88075610e-01  6.29351565e-01  9.59264082e-01  3.55483131e-01  6.47620091e-01
8.92841656e-01  4.75467680e-01  6.27072435e-01  9.59773803e-01  3.46085204e-01  6.46564463e-01
8.95860062e-01  4.79979476e-01  6.13894417e-01  9.61585383e-01  3.53735718e-01  6.33147775e-01
8.80184113e-01  8.05716040e-01  4.55953033e-01  9.79837313e-01  7.48360341e-01  4.23728609e-01
8.95088881e-01  4.84866966e-01  6.13339953e-01  9.61616979e-01  3.57297612e-01  6.32106593e-01
8.94067103e-01  4.79979604e-01  6.19982285e-01  9.60754150e-01  3.50961039e-01  6.39130733e-01
8.90313828e-01  4.98653998e-01  6.20602906e-01  9.60237867e-01  3.69620373e-01  6.38047977e-01
8.92555376e-01  4.71635142e-01  6.30532598e-01  9.59260299e-01  3.43893625e-01  6.50372925e-01
8.05197137e-01  7.40078688e-01  7.53199876e-01  9.36585482e-01  5.37461410e-01  7.50710483e-01
8.94972871e-01  4.82681119e-01  6.15152927e-01  9.61279460e-01  3.57653351e-01  6.34186944e-01
8.86837043e-01  4.99031509e-01  6.32163171e-01  9.58556833e-01  3.66938072e-01  6.49457944e-01
8.88704250e-01  4.96417446e-01  6.27520177e-01  9.59355023e-01  3.63899574e-01  6.45055477e-01
8.94236370e-01  4.72416107e-01  6.24317816e-01  9.60141198e-01  3.46160626e-01  6.44191041e-01
8.96270091e-01  4.70624591e-01  6.18575423e-01  9.60931394e-01  3.47751469e-01  6.38749922e-01
8.86924284e-01  4.96788251e-01  6.33323282e-01  9.58379221e-01  3.65890980e-01  6.50843279e-01
8.94111210e-01  4.83296333e-01  6.17679277e-01  9.61000104e-01  3.55175065e-01  6.36561594e-01
8.89197680e-01  5.05827186e-01  6.19735879e-01  9.60287369e-01  3.74967750e-01  6.36471622e-01
8.93696935e-01  5.01311742e-01  6.07390217e-01  9.62230109e-01  3.72582080e-01  6.24576826e-01
8.85091347e-01  5.00218165e-01  6.37320255e-01  9.57917347e-01  3.63532468e-01  6.54360000e-01
8.94043305e-01  4.71515535e-01  6.25558021e-01  9.59945632e-01  3.45857451e-01  6.45516352e-01
8.92124830e-01  4.96394584e-01  6.15920517e-01  9.61035478e-01  3.66941285e-01  6.33564603e-01
8.86393548e-01  4.98769785e-01  6.33838961e-01  9.58431949e-01  3.63520827e-01  6.51063211e-01
8.87073815e-01  4.98562019e-01  6.31664011e-01  9.58643732e-01  3.66501412e-01  6.49003566e-01
8.92534684e-01  5.04028502e-01  6.09572875e-01  9.61757186e-01  3.77039647e-01  6.26559651e-01
8.94665102e-01  4.85413672e-01  6.14423960e-01  9.61438698e-01  3.57781373e-01  6.33135801e-01
8.92723071e-01  4.75663454e-01  6.27347988e-01  9.59632745e-01  3.48574596e-01  6.46882811e-01
8.89679746e-01  4.85040707e-01  6.31593757e-01  9.58857725e-01  3.55590580e-01  6.50200280e-01
8.97031549e-01  4.80044226e-01  6.09874623e-01  9.62120128e-01  3.55963515e-01  6.29194590e-01
8.93857496e-01  4.80066177e-01  6.20637796e-01  9.60573046e-01  3.52936583e-01  6.39826821e-01
8.89546563e-01  4.91626491e-01  6.27770441e-01  9.59325746e-01  3.61534745e-01  6.45799959e-01
8.92854636e-01  4.93284824e-01  6.15461355e-01  9.61035218e-01  3.67268761e-01  6.33489172e-01
8.91100244e-01  4.99031851e-01  6.17687344e-01  9.60579516e-01  3.72540227e-01  6.35169957e-01
8.94176989e-01  4.64839368e-01  6.29438310e-01  9.59447429e-01  3.40474739e-01  6.49978008e-01
8.99022718e-01  4.78742598e-01  6.03958676e-01  9.63027362e-01  3.55700954e-01  6.23439404e-01
8.86928752e-01  4.97619012e-01  6.32768775e-01  9.58427528e-01  3.67177412e-01  6.50230674e-01
8.92880600e-01  4.91399339e-01  6.16597261e-01  9.60931312e-01  3.64629808e-01  6.34776701e-01
8.90955657e-01  4.96517036e-01  6.19810921e-01  9.60517937e-01  3.64833581e-01  6.37379199e-01
8.93333341e-01  4.72773524e-01  6.27151993e-01  9.59708568e-01  3.46189093e-01  6.46958274e-01
8.85931676e-01  4.97891600e-01  6.35977359e-01  9.58040735e-01  3.64589235e-01  6.53320056e-01
8.89599210e-01  5.00104621e-01  6.22087623e-01  9.60126820e-01  3.67345586e-01  6.39295553e-01
8.93150238e-01  4.75032004e-01  6.26307495e-01  9.59851897e-01  3.46872763e-01  6.45878323e-01
8.99521739e-01  4.75854132e-01  6.04139473e-01  9.62948204e-01  3.55597017e-01  6.23971416e-01
8.60995354e-01  3.53427119e-01  8.14757483e-01  9.35574589e-01  2.12508565e-01  8.33701177e-01
8.95607711e-01  4.84419165e-01  6.11868994e-01  9.61711087e-01  3.60374891e-01  6.30778687e-01
9.49085968e-01  3.51116624e-01  5.17127174e-01  9.77377929e-01  2.74403771e-01  5.51085382e-01
8.88255985e-01  4.87875054e-01  6.34588027e-01  9.58537186e-01  3.53344112e-01  6.52784407e-01
8.91274229e-01  5.01036880e-01  6.15794902e-01  9.60855933e-01  3.73916582e-01  6.33073586e-01
8.91488142e-01  4.76122352e-01  6.31243244e-01  9.59040482e-01  3.48544614e-01  6.50687343e-01
8.93288645e-01  4.91943356e-01  6.14858576e-01  9.61309756e-01  3.62257317e-01  6.32908760e-01
8.92587047e-01  4.86140400e-01  6.21008153e-01  9.60485788e-01  3.56392327e-01  6.39572699e-01
8.90290181e-01  4.89942095e-01  6.26339023e-01  9.59487840e-01  3.62250032e-01  6.44592237e-01
8.88702870e-01  4.92973865e-01  6.29760459e-01  9.59049047e-01  3.61349437e-01  6.47617725e-01
8.93775881e-01  4.91375743e-01  6.13572675e-01  9.61288704e-01  3.67388930e-01  6.31835575e-01
8.90244343e-01  5.09890109e-01  6.13544285e-01  9.61198634e-01  3.78220187e-01  6.29863034e-01
8.87778769e-01  5.04503132e-01  6.25413345e-01  9.59549379e-01  3.70772716e-01  6.42191126e-01
8.91724336e-01  4.69874142e-01  6.34497630e-01  9.58803382e-01  3.39359392e-01  6.54370099e-01
8.93840574e-01  4.92104421e-01  6.12879947e-01  9.61558572e-01  3.63782583e-01  6.30954298e-01
8.92635329e-01  4.85602977e-01  6.21193110e-01  9.60498062e-01  3.55151310e-01  6.39786178e-01
8.86736116e-01  4.94238886e-01  6.35617268e-01  9.58282482e-01  3.58451410e-01  6.53215080e-01
8.93715370e-01  4.93380477e-01  6.12476651e-01  9.61406928e-01  3.69591615e-01  6.30558958e-01
8.96436610e-01  4.85338528e-01  6.08457629e-01  9.62135153e-01  3.63408998e-01  6.27345326e-01
8.95504230e-01  4.94233071e-01  6.05849109e-01  9.62500710e-01  3.68557671e-01  6.23789275e-01
8.91552045e-01  4.82823488e-01  6.26675841e-01  9.59545999e-01  3.56395003e-01  6.45597809e-01
8.93933806e-01  4.83952394e-01  6.17855731e-01  9.60892516e-01  3.57425556e-01  6.36721581e-01
8.90364845e-01  4.89524932e-01  6.26356328e-01  9.59549897e-01  3.60484989e-01  6.44609895e-01
8.92997517e-01  4.90865949e-01  6.16546553e-01  9.60907942e-01  3.65148375e-01  6.34804454e-01
8.95107753e-01  4.91009519e-01  6.09288086e-01  9.61944152e-01  3.67529228e-01  6.27599944e-01
8.91840205e-01  4.87829507e-01  6.22447457e-01  9.60190821e-01  3.58893387e-01  6.40875134e-01
8.91711196e-01  4.92428218e-01  6.19899993e-01  9.60574213e-01  3.61272406e-01  6.37856797e-01
8.87360291e-01  4.96199191e-01  6.32225253e-01  9.58651797e-01  3.63135684e-01  6.49744267e-01
8.90760269e-01  4.87814365e-01  6.26124187e-01  9.59668493e-01  3.57709092e-01  6.44503021e-01
8.90353606e-01  4.98403233e-01  6.20630637e-01  9.60311152e-01  3.67615611e-01  6.38050077e-01
8.94440790e-01  4.93638936e-01  6.09845710e-01  9.61912103e-01  3.67408707e-01  6.27833809e-01
8.96344452e-01  4.78737197e-01  6.13056176e-01  9.61610689e-01  3.55724587e-01  6.32517266e-01
8.94879768e-01  4.86740451e-01  6.12833711e-01  9.61482692e-01  3.63343413e-01  6.31544222e-01
8.89604130e-01  4.88731182e-01  6.29454630e-01  9.59132711e-01  3.58589247e-01  6.47731130e-01
8.93513780e-01  4.91320949e-01  6.14498206e-01  9.61183117e-01  3.66423387e-01  6.32739901e-01
8.92629621e-01  4.81249011e-01  6.24039115e-01  9.60027075e-01  3.53923208e-01  6.43095191e-01
8.95895275e-01  4.89760481e-01  6.07424956e-01  9.62252565e-01  3.66520929e-01  6.25859851e-01
8.93426696e-01  4.66582098e-01  6.30854521e-01  9.59287002e-01  3.39824940e-01  6.51159616e-01
8.94182297e-01  4.82547710e-01  6.17923914e-01  9.60905692e-01  3.56211023e-01  6.36923046e-01
8.98347056e-01  4.82331263e-01  6.03923088e-01  9.62999552e-01  3.58184953e-01  6.23032896e-01
8.90535390e-01  4.98183032e-01  6.20156353e-01  9.60377359e-01  3.67703171e-01  6.37604960e-01
8.89623703e-01  4.90056826e-01  6.28527552e-01  9.59170768e-01  3.61754354e-01  6.46741939e-01
8.93036244e-01  4.80548838e-01  6.23112992e-01  9.60129207e-01  3.54619770e-01  6.42276349e-01
8.95143503e-01  4.71914616e-01  6.21563236e-01  9.60568033e-01  3.45916249e-01  6.41511794e-01
8.93238270e-01  4.74977700e-01  6.26043839e-01  9.59930939e-01  3.45914675e-01  6.45597086e-01
8.90674572e-01  4.90543082e-01  6.24643670e-01  9.59769570e-01  3.62065044e-01  6.42829390e-01
8.94223478e-01  4.96068245e-01  6.09006464e-01  9.61867596e-01  3.72807104e-01  6.26848211e-01
8.94066974e-01  4.88904215e-01  6.14188805e-01  9.61323549e-01  3.63071642e-01  6.32628598e-01
8.91245915e-01  5.00601406e-01  6.16173757e-01  9.60956202e-01  3.69835225e-01  6.33391570e-01
8.92401505e-01  4.91790199e-01  6.17970268e-01  9.60757260e-01  3.63840616e-01  6.36078487e-01
8.93554928e-01  5.01333920e-01  6.07858001e-01  9.62019674e-01  3.75928760e-01  6.25138169e-01
8.92025800e-01  5.05811372e-01  6.10143331e-01  9.61681041e-01  3.77549068e-01  6.26927938e-01
8.94031754e-01  4.74017415e-01  6.23973005e-01  9.60117410e-01  3.48752116e-01  6.43733437e-01
8.91220339e-01  5.04295902e-01  6.13862108e-01  9.61192873e-01  3.74564612e-01  6.30760623e-01
8.95356971e-01  4.69432533e-01  6.22449794e-01  9.60369326e-01  3.46313766e-01  6.42692274e-01
8.94599943e-01  4.80853684e-01  6.17605582e-01  9.61088367e-01  3.52198203e-01  6.36696525e-01
8.92023613e-01  4.98893733e-01  6.14641733e-01  9.61029931e-01  3.73079730e-01  6.32154970e-01
8.88190962e-01  4.98287672e-01  6.28048872e-01  9.59260888e-01  3.65024567e-01  6.45394189e-01
8.95012269e-01  4.73655294e-01  6.20878779e-01  9.60615424e-01  3.48120816e-01  6.40688901e-01
8.88446586e-01  4.92975652e-01  6.30629504e-01  9.58898812e-01  3.61726822e-01  6.48492152e-01
8.93621800e-01  4.97424899e-01  6.10168701e-01  9.61685715e-01  3.73443195e-01  6.27864639e-01
8.95814739e-01  4.87037133e-01  6.09466433e-01  9.62033390e-01  3.62844270e-01  6.28130772e-01
8.91300529e-01  5.10893211e-01  6.09306806e-01  9.61765763e-01  3.81048584e-01  6.25560812e-01
8.86584469e-01  4.94728490e-01  6.35814328e-01  9.58134627e-01  3.61531102e-01  6.53438031e-01
8.88664374e-01  5.05382786e-01  6.21835217e-01  9.60061883e-01  3.72276245e-01  6.38551070e-01
8.90195228e-01  4.97724056e-01  6.21609333e-01  9.60156060e-01  3.67373039e-01  6.39101610e-01
8.97006035e-01  4.73499304e-01  6.14210261e-01  9.61610226e-01  3.48988670e-01  6.34106103e-01
8.95671861e-01  4.79056530e-01  6.15132630e-01  9.61300921e-01  3.55559516e-01  6.34542303e-01
8.87606671e-01  5.02428599e-01  6.27344501e-01  9.59326099e-01  3.67953924e-01  6.44286393e-01
8.92804739e-01  4.76516466e-01  6.26516905e-01  9.59817206e-01  3.47585409e-01  6.45932970e-01
8.92690375e-01  5.00536643e-01  6.11311169e-01  9.61654356e-01  3.71303097e-01  6.28569561e-01
8.94498453e-01  4.75875686e-01  6.21181936e-01  9.60527793e-01  3.50106191e-01  6.40783346e-01
8.96751914e-01  4.84688528e-01  6.07809003e-01  9.62254913e-01  3.62654119e-01  6.26755174e-01
8.89026883e-01  4.85840249e-01  6.33291469e-01  9.58602457e-01  3.55760349e-01  6.51797036e-01
8.91760779e-01  4.97567166e-01  6.16395395e-01  9.60836418e-01  3.70521592e-01  6.33998010e-01
8.98279540e-01  4.75512241e-01  6.08579289e-01  9.62424361e-01  3.51377624e-01  6.28323591e-01
8.87975679e-01  5.00547447e-01  6.27312798e-01  9.59260198e-01  3.68841300e-01  6.44500018e-01
8.96873008e-01  4.87888123e-01  6.05320636e-01  9.62526048e-01  3.66987238e-01  6.23996547e-01
8.90601191e-01  4.91554659e-01  6.24236109e-01  9.59917062e-01  3.60464456e-01  6.42260535e-01
8.90476806e-01  4.91856870e-01  6.24462259e-01  9.59912172e-01  3.59862240e-01  6.42433676e-01
8.94702495e-01  4.69296818e-01  6.24760161e-01  9.60108276e-01  3.43914913e-01  6.44930852e-01
8.88135640e-01  4.93588862e-01  6.31287213e-01  9.58915431e-01  3.59101591e-01  6.49003664e-01
8.95310286e-01  4.93304093e-01  6.07110739e-01  9.62307276e-01  3.68032323e-01  6.25153219e-01
8.88586144e-01  5.03119601e-01  6.23570121e-01  9.59833512e-01  3.70225289e-01  6.40498201e-01
8.91875548e-01  4.70467789e-01  6.33598794e-01  9.58874663e-01  3.41258203e-01  6.53466015e-01
8.96416340e-01  4.83109245e-01  6.09973721e-01  9.62114687e-01  3.57131115e-01  6.28954586e-01
8.90915888e-01  4.86392039e-01  6.26519171e-01  9.59629442e-01  3.56535097e-01  6.45029807e-01
8.93595186e-01  4.74705209e-01  6.25008840e-01  9.60033312e-01  3.47201036e-01  6.44637839e-01
8.90859478e-01  4.85048504e-01  6.27582941e-01  9.59499344e-01  3.55090833e-01  6.46203999e-01
8.91240380e-01  4.98026276e-01  6.17864340e-01  9.60621331e-01  3.70391029e-01  6.35407841e-01
8.91811450e-01  4.99615366e-01  6.14893637e-01  9.61028968e-01  3.72477151e-01  6.32303008e-01
8.94394357e-01  4.86022552e-01  6.14947980e-01  9.61340730e-01  3.58459522e-01  6.33604293e-01
8.88152924e-01  5.01598793e-01  6.26028427e-01  9.59391820e-01  3.70975714e-01  6.43153571e-01
8.93497105e-01  4.84653495e-01  6.18883381e-01  9.60665183e-01  3.59392402e-01  6.37716133e-01
8.97433453e-01  4.76464306e-01  6.10834073e-01  9.61947256e-01  3.54897061e-01  6.30554096e-01
8.86781397e-01  4.96548820e-01  6.33963891e-01  9.58326934e-01  3.64636465e-01  6.51473889e-01
8.93910690e-01  4.83921232e-01  6.17954449e-01  9.60943400e-01  3.55797945e-01  6.36778518e-01
8.97193979e-01  4.80654576e-01  6.08926852e-01  9.62169728e-01  3.58626761e-01  6.28249546e-01
8.91886077e-01  5.01038001e-01  6.13716659e-01  9.61227701e-01  3.72768318e-01  6.30960224e-01
8.88755050e-01  5.02775961e-01  6.23219697e-01  9.59867447e-01  3.70574326e-01  6.40198447e-01
8.94160150e-01  4.72846329e-01  6.24297316e-01  9.60182048e-01  3.45432188e-01  6.44100616e-01
8.89089631e-01  4.85331283e-01  6.33408834e-01  9.58646650e-01  3.54015169e-01  6.51924553e-01
9.37871929e-01  4.10613091e-01  5.16578677e-01  9.74341830e-01  3.81054321e-01  5.45442838e-01
8.90305392e-01  4.84457276e-01  6.29848157e-01  9.59190765e-01  3.53799108e-01  6.48486668e-01
8.93422880e-01  4.98300790e-01  6.10275494e-01  9.61662821e-01  3.74000191e-01  6.27880294e-01
8.93595089e-01  4.71428115e-01  6.27136681e-01  9.59736481e-01  3.44972896e-01  6.47065640e-01
8.93494832e-01  4.82080821e-01  6.20561295e-01  9.60482137e-01  3.56346787e-01  6.39606834e-01
8.92038980e-01  4.69961465e-01  6.33372572e-01  9.58926573e-01  3.40621962e-01  6.53282971e-01
8.94931541e-01  4.70051146e-01  6.23492727e-01  9.60219935e-01  3.46301484e-01  6.43653035e-01
8.88924149e-01  4.91468861e-01  6.29986168e-01  9.59050871e-01  3.59785045e-01  6.47974337e-01
8.87012815e-01  4.93923970e-01  6.34882189e-01  9.58216008e-01  3.62719253e-01  6.52636502e-01
8.98729744e-01  4.74583619e-01  6.07653499e-01  9.62450688e-01  3.53811753e-01  6.27581707e-01
8.86793102e-01  4.90992209e-01  6.37531536e-01  9.57850095e-01  3.60361192e-01  6.55537831e-01
8.94438393e-01  4.65302360e-01  6.28250141e-01  9.59612537e-01  3.41115605e-01  6.48768486e-01
8.97257039e-01  4.86181711e-01  6.05124481e-01  9.62706813e-01  3.62540650e-01  6.23884398e-01
8.88462773e-01  4.96087746e-01  6.28554150e-01  9.59150681e-01  3.64819365e-01  6.46149127e-01
8.99380563e-01  4.78078480e-01  6.03174771e-01  9.63079856e-01  3.57085500e-01  6.22776854e-01
8.87440168e-01  4.89180293e-01  6.36510748e-01  9.58128723e-01  3.56624373e-01  6.54631104e-01
8.92863616e-01  4.72708904e-01  6.28788883e-01  9.59475234e-01  3.45686249e-01  6.48572753e-01
8.98881697e-01  4.74030999e-01  6.07496311e-01  9.62513414e-01  3.52625408e-01  6.27458826e-01
8.98076044e-01  4.79476632e-01  6.06696547e-01  9.62559161e-01  3.57055666e-01  6.26122466e-01
8.94555415e-01  4.78713851e-01  6.19145969e-01  9.60843965e-01  3.51363978e-01  6.38459988e-01
8.24265604e-01  5.25676422e-01  8.27650575e-01  9.30004117e-01  3.47499721e-01  8.37636351e-01
8.92834356e-01  4.77820128e-01  6.25569995e-01  9.59963950e-01  3.48156327e-01  6.44857664e-01
8.90817213e-01  4.93866523e-01  6.22001733e-01  9.60066909e-01  3.66317236e-01  6.39921798e-01
8.96482650e-01  4.75617421e-01  6.14612307e-01  9.61473726e-01  3.51755839e-01  6.34329831e-01
8.90476525e-01  4.92319788e-01  6.24162682e-01  9.59929316e-01  3.60786535e-01  6.42106139e-01
8.89591765e-01  4.84289693e-01  6.32380057e-01  9.58770277e-01  3.54426405e-01  6.51035065e-01
8.89746844e-01  4.86657163e-01  6.30316513e-01  9.59063615e-01  3.56101677e-01  6.48759818e-01
8.89839144e-01  5.02089245e-01  6.19984501e-01  9.60356092e-01  3.70647354e-01  6.37048157e-01
8.94234876e-01  4.72851550e-01  6.24040194e-01  9.60266852e-01  3.44335552e-01  6.43815059e-01
8.94852374e-01  4.90973829e-01  6.10178390e-01  9.61972565e-01  3.63441356e-01  6.28380194e-01
8.86892532e-01  7.88529659e-01  4.44331343e-01  9.74238137e-01  9.15810366e-01  4.20205798e-01
7.99516351e-01  6.43974082e-01  8.34887633e-01  9.23777666e-01  5.06343367e-01  8.40161757e-01
8.89103927e-01  5.00230861e-01  6.23687388e-01  9.59766563e-01  3.70110398e-01  6.40954518e-01
8.97189233e-01  4.82141083e-01  6.07977915e-01  9.62278912e-01  3.60251392e-01  6.27166987e-01
8.93787309e-01  7.06197471e-01  4.74372028e-01  9.79001282e-01  6.18074543e-01  4.59763255e-01
8.96360612e-01  4.81995136e-01  6.10886231e-01  9.61904293e-01  3.58282251e-01  6.30032570e-01
8.96887484e-01  4.87597694e-01  6.05460028e-01  9.62656404e-01  3.63152898e-01  6.24063467e-01
8.96963577e-01  4.77942455e-01  6.11469904e-01  9.61983895e-01  3.52276546e-01  6.30936132e-01
8.91584186e-01  4.84599352e-01  6.25413804e-01  9.59830530e-01  3.55012732e-01  6.44098887e-01
8.87095124e-01  4.92081303e-01  6.35798980e-01  9.58284301e-01  3.56777815e-01  6.53597443e-01
8.95097171e-01  4.82509688e-01  6.14842166e-01  9.61465380e-01  3.54223602e-01  6.33802344e-01
8.96102749e-01  4.92187764e-01  6.05144676e-01  9.62475292e-01  3.70897235e-01  6.23401431e-01
8.93549717e-01  4.89349617e-01  6.15655983e-01  9.61159481e-01  3.61707552e-01  6.34001725e-01
8.93351805e-01  4.73803181e-01  6.26420837e-01  9.59755766e-01  3.48248164e-01  6.46170876e-01
8.93637318e-01  4.79823454e-01  6.21542983e-01  9.60343670e-01  3.54998724e-01  6.40812035e-01
8.87814994e-01  5.02852648e-01  6.26361850e-01  9.59454697e-01  3.68738217e-01  6.43277202e-01
8.88846373e-01  5.01467783e-01  6.23758891e-01  9.59845992e-01  3.68459506e-01  6.40833914e-01
8.89008401e-01  4.99570126e-01  6.24440698e-01  9.59773367e-01  3.66787903e-01  6.41693124e-01
8.91514571e-01  4.75219440e-01  6.31739681e-01  9.59103404e-01  3.44741949e-01  6.51179176e-01
8.95139730e-01  4.89371647e-01  6.10242829e-01  9.62010397e-01  3.61536115e-01  6.28586181e-01
8.91238711e-01  4.94660163e-01  6.20055312e-01  9.60380049e-01  3.66425000e-01  6.37888636e-01
8.94343012e-01  4.67377025e-01  6.27227119e-01  9.59783261e-01  3.41708399e-01  6.47534273e-01
8.96707726e-01  4.75472603e-01  6.13942082e-01  9.61517881e-01  3.53147775e-01  6.33719005e-01
8.73907159e-01  7.37290261e-01  5.21690272e-01  9.66700385e-01  7.34093412e-01  5.11319853e-01
8.92432808e-01  4.80905617e-01  6.24930324e-01  9.59862505e-01  3.54417071e-01  6.44034111e-01
8.81120539e-01  5.88527368e-01  5.93777937e-01  9.61269298e-01  4.92608096e-01  6.02998661e-01
8.93555664e-01  4.81064830e-01  6.21014328e-01  9.60432071e-01  3.55398117e-01  6.40151193e-01
8.97272270e-01  4.84741959e-01  6.06007459e-01  9.62641547e-01  3.60107125e-01  6.24875803e-01
8.93888112e-01  4.93963437e-01  6.11511647e-01  9.61547903e-01  3.70093263e-01  6.29536950e-01
8.92183895e-01  4.77798668e-01  6.27792553e-01  9.59525167e-01  3.50464552e-01  6.47127616e-01
8.92814848e-01  4.97291468e-01  6.12995312e-01  9.61357273e-01  3.70630805e-01  6.30632675e-01
8.93385857e-01  4.93900389e-01  6.13257975e-01  9.61470488e-01  3.65317017e-01  6.31157814e-01
8.97868433e-01  4.80227453e-01  6.06914049e-01  9.62557845e-01  3.56611355e-01  6.26235513e-01
8.94343187e-01  4.78063620e-01  6.20288716e-01  9.60583444e-01  3.53103551e-01  6.39720844e-01
8.89160372e-01  4.81934963e-01  6.35373548e-01  9.58454512e-01  3.49810872e-01  6.54146342e-01
8.91276317e-01  5.03459892e-01  6.14214777e-01  9.61069343e-01  3.75844010e-01  6.31251457e-01
8.89019310e-01  4.84335822e-01  6.34293868e-01  9.58505770e-01  3.53679026e-01  6.52906990e-01
8.93689404e-01  4.71120106e-01  6.27016397e-01  9.59784877e-01  3.44109377e-01  6.46958639e-01
8.93875176e-01  4.70030272e-01  6.27093142e-01  9.59734749e-01  3.44563817e-01  6.47173054e-01
8.92202528e-01  5.07144583e-01  6.08677724e-01  9.61842116e-01  3.79838306e-01  6.25356194e-01
8.87755085e-01  4.96467274e-01  6.30710695e-01  9.58782564e-01  3.65799463e-01  6.48278667e-01
8.94793883e-01  4.97374287e-01  6.06221775e-01  9.62445495e-01  3.69951329e-01  6.23815188e-01
8.89728798e-01  5.04139398e-01  6.19028204e-01  9.60503202e-01  3.71632135e-01  6.35873063e-01
8.96848989e-01  4.80011428e-01  6.10515793e-01  9.61980014e-01  3.56930958e-01  6.29865204e-01
8.97991142e-01  4.81736434e-01  6.05517752e-01  9.62758976e-01  3.57711101e-01  6.24686980e-01
8.96986263e-01  4.74952834e-01  6.13333754e-01  9.61613563e-01  3.52880316e-01  6.33168478e-01
8.92760292e-01  5.04331956e-01  6.08609825e-01  9.61902688e-01  3.77310287e-01  6.25563001e-01
8.92376339e-01  4.99490216e-01  6.13056817e-01  9.61250821e-01  3.74001232e-01  6.30521710e-01
8.90959448e-01  4.86193343e-01  6.26500259e-01  9.59537470e-01  3.58762192e-01  6.45095178e-01
8.90766356e-01  4.84364347e-01  6.28343294e-01  9.59408151e-01  3.54139379e-01  6.47012720e-01
8.93795277e-01  4.71676017e-01  6.26296009e-01  9.59794538e-01  3.46833635e-01  6.46255309e-01
8.85156328e-01  5.00308037e-01  6.37041268e-01  9.57941092e-01  3.64048698e-01  6.54086212e-01
8.98966003e-01  4.73455794e-01  6.07583480e-01  9.62513540e-01  3.52027572e-01  6.27598773e-01
8.98923462e-01  4.76941351e-01  6.05465081e-01  9.62771985e-01  3.55368113e-01  6.25155195e-01
8.56334686e-01  1.99963677e-01  9.30227529e-01  9.21274645e-01  1.30532210e-01  9.44695924e-01
8.87924933e-01  4.99661565e-01  6.28060228e-01  9.59175064e-01  3.67687334e-01  6.45317566e-01
8.95976324e-01  4.84437916e-01  6.10605203e-01  9.61842136e-01  3.61982734e-01  6.29559889e-01
8.89000381e-01  4.91090598e-01  6.29972897e-01  9.59101866e-01  3.58423509e-01  6.47967926e-01
8.91707175e-01  4.77114923e-01  6.29855137e-01  9.59313613e-01  3.47545493e-01  6.49171307e-01
9.60264253e-01  2.87709594e-01  5.20335417e-01  9.76564795e-01  2.49405942e-01  5.62184616e-01
8.85737053e-01  4.96948036e-01  6.37250767e-01  9.57951971e-01  3.61524017e-01  6.54610853e-01
8.93776633e-01  4.74509793e-01  6.24519607e-01  9.60191633e-01  3.45097829e-01  6.44117884e-01
8.95859511e-01  4.74982514e-01  6.17140347e-01  9.61234563e-01  3.47742173e-01  6.36808250e-01
8.95472237e-01  4.83594254e-01  6.12864530e-01  9.61623251e-01  3.58363703e-01  6.31815381e-01
8.89267840e-01  4.84252089e-01  6.33504349e-01  9.58736719e-01  3.50983112e-01  6.52060905e-01
8.89943560e-01  4.83172532e-01  6.31910815e-01  9.58857081e-01  3.53589635e-01  6.50675500e-01
8.87305013e-01  4.88383747e-01  6.37486784e-01  9.58065631e-01  3.54131940e-01  6.55622444e-01
8.94494752e-01  4.71185008e-01  6.24239721e-01  9.60201695e-01  3.44433399e-01  6.44209796e-01
8.89747383e-01  4.88782292e-01  6.28935033e-01  9.59299697e-01  3.56502040e-01  6.47151850e-01
8.92164933e-01  4.74223231e-01  6.30178136e-01  9.59336042e-01  3.44512097e-01  6.49741663e-01
8.87780552e-01  4.97309368e-01  6.30077530e-01  9.58876482e-01  3.66279185e-01  6.47563542e-01
8.52161613e-01  5.05457044e-01  7.46047133e-01  9.40735945e-01  3.81035910e-01  7.60927110e-01
8.87475574e-01  4.89989035e-01  6.35865486e-01  9.58159217e-01  3.58670172e-01  6.53953929e-01
8.94092074e-01  4.86915837e-01  6.15394447e-01  9.61119649e-01  3.62559373e-01  6.34056571e-01
8.88207762e-01  4.91611440e-01  6.32326081e-01  9.58694377e-01  3.59695562e-01  6.50281174e-01
8.91962488e-01  4.77155828e-01  6.28961672e-01  9.59313244e-01  3.50942903e-01  6.48373801e-01
8.93082211e-01  5.03488766e-01  6.08064161e-01  9.62028767e-01  3.75928919e-01  6.25079832e-01
8.93558407e-01  4.97686653e-01  6.10214016e-01  9.61860434e-01  3.69141400e-01  6.27757168e-01
8.91218447e-01  4.94143187e-01  6.20459742e-01  9.60370989e-01  3.64877884e-01  6.38310974e-01
8.94895832e-01  4.71409710e-01  6.22731987e-01  9.60371219e-01  3.46083040e-01  6.42734458e-01
8.91084740e-01  4.74858098e-01  6.33433746e-01  9.58791422e-01  3.45819735e-01  6.52925794e-01
8.92832525e-01  4.70006176e-01  6.30649082e-01  9.59251303e-01  3.42963118e-01  6.50649678e-01
8.90039902e-01  4.89787171e-01  6.27289419e-01  9.59426603e-01  3.60077887e-01  6.45496278e-01
8.93771926e-01  4.83734732e-01  6.18546696e-01  9.60796460e-01  3.57052564e-01  6.37425292e-01
8.91559558e-01  5.04673336e-01  6.12465263e-01  9.61316525e-01  3.77046762e-01  6.29383407e-01
8.88653159e-01  4.86716044e-01  6.33991868e-01  9.58578266e-01  3.54087626e-01  6.52345960e-01
8.89520877e-01  5.03656340e-01  6.20047801e-01  9.60237387e-01  3.74011343e-01  6.37017271e-01
8.90613315e-01  4.90571753e-01  6.24833052e-01  9.59737746e-01  3.62136860e-01  6.43016537e-01
8.95679111e-01  4.89562099e-01  6.08287728e-01  9.62137742e-01  3.65946552e-01  6.26731303e-01
8.94059388e-01  4.90340114e-01  6.13282369e-01  9.61417702e-01  3.64874799e-01  6.31600382e-01
8.92852634e-01  5.04915451e-01  6.07917470e-01  9.61973529e-01  3.78497818e-01  6.24829195e-01
8.98327529e-01  4.80215777e-01  6.05362777e-01  9.62805789e-01  3.56453390e-01  6.24682937e-01
8.93542881e-01  4.93775791e-01  6.12805694e-01  9.61472005e-01  3.66940167e-01  6.30765942e-01
8.96216533e-01  4.73881750e-01  6.16642710e-01  9.61255162e-01  3.48623074e-01  6.36468777e-01
8.93514576e-01  4.97960744e-01  6.10184902e-01  9.61865778e-01  3.69249174e-01  6.27697528e-01
8.95270684e-01  4.94784191e-01  6.06284318e-01  9.62389343e-01  3.69868327e-01  6.24194761e-01
8.96705637e-01  4.74592578e-01  6.14520496e-01  9.61448812e-01  3.52244396e-01  6.34374545e-01
9.39523038e-01  3.29105661e-01  5.63888859e-01  9.70067981e-01  2.66321896e-01  5.99859024e-01
8.91672535e-01  4.88443933e-01  6.22617890e-01  9.60158364e-01  3.59315138e-01  6.40983945e-01
8.96385306e-01  4.70121137e-01  6.18511060e-01  9.60923377e-01  3.47963708e-01  6.38751354e-01
8.96834657e-01  4.82847618e-01  6.08723185e-01  9.62207389e-01  3.59493745e-01  6.27803955e-01
8.92933913e-01  5.04830006e-01  6.07696961e-01  9.61924221e-01  3.80497006e-01  6.24674671e-01
8.92458453e-01  4.76743697e-01  6.27545193e-01  9.59614055e-01  3.48763236e-01  6.46958233e-01
8.92699688e-01  4.72562384e-01  6.29440621e-01  9.59513968e-01  3.42220110e-01  6.49140450e-01
8.92514103e-01  5.03245425e-01  6.10151136e-01  9.61752307e-01  3.74591979e-01  6.27167198e-01
8.93300140e-01  4.88285443e-01  6.17194287e-01  9.60866225e-01  3.62535634e-01  6.35687062e-01
8.88621803e-01  5.01234186e-01  6.24673063e-01  9.59567278e-01  3.71678639e-01  6.41863074e-01
8.95740926e-01  4.85388031e-01  6.10787671e-01  9.61886723e-01  3.60643150e-01  6.29589388e-01
8.91996440e-01  4.92856093e-01  6.18653671e-01  9.60538441e-01  3.67064050e-01  6.36722605e-01
8.89060606e-01  4.87090448e-01  6.32365328e-01  9.58767247e-01  3.55783223e-01  6.50735048e-01
8.86964916e-01  4.97998851e-01  6.32399387e-01  9.58664467e-01  3.62959750e-01  6.49704449e-01
8.90258445e-01  5.03359066e-01  6.17736398e-01  9.60655406e-01  3.72481132e-01  6.34697280e-01
8.91108692e-01  4.72742454e-01  6.34725909e-01  9.58756446e-01  3.40888422e-01  6.54311058e-01
8.93236711e-01  4.74382615e-01  6.26435464e-01  9.59803118e-01  3.47293408e-01  6.46092047e-01
8.90782689e-01  4.89135186e-01  6.25190575e-01  9.59677555e-01  3.61609844e-01  6.43526546e-01
8.97924406e-01  4.78031141e-01  6.08149855e-01  9.62420067e-01  3.54267943e-01  6.27670637e-01
8.92201555e-01  5.07033183e-01  6.08753348e-01  9.61875490e-01  3.78686358e-01  6.25413414e-01
8.88374210e-01  4.96785216e-01  6.28402063e-01  9.59104864e-01  3.66823641e-01  6.45971015e-01
8.97873522e-01  4.78359989e-01  6.08109139e-01  9.62437028e-01  3.54161117e-01  6.27587040e-01
8.94373403e-01  4.85146901e-01  6.15587607e-01  9.61298383e-01  3.56668693e-01  6.34297434e-01
8.91244919e-01  4.75833002e-01  6.32256951e-01  9.59014299e-01  3.45235842e-01  6.51634222e-01
8.94082036e-01  4.81014570e-01  6.19259675e-01  9.60693113e-01  3.55646764e-01  6.38418902e-01
8.62013140e-01  5.80812816e-01  6.63669343e-01  9.51974507e-01  4.45159898e-01  6.73767740e-01
8.98708603e-01  4.77152691e-01  6.06057425e-01  9.62704873e-01  3.54855516e-01  6.25706182e-01
8.97708617e-01  4.83031741e-01  6.05636138e-01  9.62780678e-01  3.57336627e-01  6.24635998e-01
8.94247906e-01  4.76670895e-01  6.21516408e-01  9.60594205e-01  3.47579523e-01  6.40952395e-01
8.93765283e-01  4.94017939e-01  6.11893329e-01  9.61542243e-01  3.68806673e-01  6.29876152e-01
8.94059160e-01  4.98194140e-01  6.08184259e-01  9.61949058e-01  3.74940623e-01  6.25823589e-01
8.90280778e-01  5.06872958e-01  6.15379325e-01  9.60940787e-01  3.76112911e-01  6.32012426e-01
