3.14415221e-01  9.92317308e-01  4.34286999e-01
5.77286990e-01  2.70701959e-01  3.62210619e-01
2.76611296e-01  9.50805767e-01  6.95238871e-01
7.96543668e-01  6.03667873e-01  5.75754140e-01
2.75529446e-01  9.72239461e-01  4.54695485e-01
5.89086756e-01  9.95186542e-01  9.98403922e-01
9.29718404e-01  3.81311368e-01  5.95372068e-01
3.67038990e-01  2.87115902e-01  4.18573116e-01
9.85050766e-01  8.29176433e-01  4.70329572e-01
2.80462464e-01  3.04166427e-01  8.81608035e-01
2.61640122e-01  3.42668729e-01  7.47194270e-01
9.81385600e-01  2.97845289e-01  5.55102836e-01
7.70327252e-01  4.86521134e-01  3.76059477e-01
7.74285531e-01  5.55991663e-01  7.10971333e-01
9.00176090e-01  2.55576808e-01  4.08684379e-01
8.35156228e-01  3.90657264e-01  5.49955725e-01
5.44636815e-01  4.23868663e-01  2.68180315e-01
9.15224708e-01  3.03145106e-01  5.32314914e-01
4.17578915e-01  5.00107773e-01  2.87604847e-01
9.70488735e-01  6.43228131e-01  9.12027284e-01
8.70821163e-01  2.78109778e-01  8.72427399e-01
5.61446272e-01  2.73272748e-01  2.93779089e-01
6.73661249e-01  2.50125519e-01  6.36821798e-01
3.32034979e-01  9.55907063e-01  9.15141718e-01
2.50157993e-01  3.79454258e-01  2.92715831e-01
4.63720578e-01  9.93590262e-01  8.45738126e-01
3.07230527e-01  3.22682249e-01  9.25191124e-01
9.34858204e-01  4.21221428e-01  8.19185555e-01
3.08436179e-01  3.61898071e-01  3.07066675e-01
3.93806679e-01  9.40239810e-01  3.66330239e-01
6.17603464e-01  2.69954972e-01  6.21841330e-01
2.81656130e-01  9.15793086e-01  6.88024853e-01
6.67760040e-01  3.02062674e-01  5.62919917e-01
7.19414775e-01  4.15319022e-01  5.08990071e-01
2.94319165e-01  9.66038500e-01  5.71027022e-01
9.40511109e-01  5.43392050e-01  8.80873215e-01
3.68939700e-01  5.93925453e-01  7.97696461e-01
9.41970265e-01  6.39788589e-01  3.61498135e-01
8.14476319e-01  4.67275672e-01  9.72282054e-01
5.26971346e-01  3.27921823e-01  8.81867085e-01
7.50674857e-01  8.02709631e-01  9.79008847e-01
3.82255664e-01  3.26204360e-01  3.04794674e-01
7.54892556e-01  8.77319612e-01  8.62980963e-01
2.75026178e-01  3.01409332e-01  6.61334556e-01
9.89922127e-01  4.16731686e-01  8.06216307e-01
3.24521358e-01  6.77565306e-01  9.86645758e-01
8.80401134e-01  3.78025636e-01  9.67980971e-01
3.16383409e-01  9.92296559e-01  2.63947123e-01
8.83230354e-01  3.12275534e-01  3.59006198e-01
2.99323169e-01  9.58227984e-01  7.55083976e-01
2.51774837e-01  8.56885551e-01  9.29580324e-01
8.18545335e-01  4.98474879e-01  9.31340341e-01
9.00625371e-01  9.39639654e-01  7.77460955e-01
9.83089149e-01  7.42331529e-01  9.00235553e-01
6.19798578e-01  2.90817713e-01  3.64992934e-01
9.56618523e-01  3.08326323e-01  8.99487317e-01
3.01627691e-01  4.94881219e-01  8.59319799e-01
8.52009837e-01  8.85990344e-01  4.73874885e-01
5.43883212e-01  3.44646505e-01  8.67613601e-01
5.73383584e-01  4.74935846e-01  9.32542305e-01
2.56107267e-01  3.08239617e-01  3.17559482e-01
4.48806499e-01  8.34440829e-01  3.18937480e-01
2.96830519e-01  3.27751283e-01  9.53636548e-01
3.56893343e-01  2.55769112e-01  7.93681171e-01
3.85996038e-01  8.35414452e-01  3.69931378e-01
6.42750753e-01  5.94868727e-01  2.84549428e-01
3.12695731e-01  7.96468820e-01  3.15503307e-01
9.29921759e-01  2.63068414e-01  8.81920490e-01
7.32105517e-01  9.95756835e-01  8.88413135e-01
9.91405432e-01  3.52474453e-01  6.84817292e-01
4.61450639e-01  2.81195719e-01  3.10278532e-01
2.61074696e-01  8.81067437e-01  9.21515758e-01
8.69892307e-01  9.93735561e-01  3.64803600e-01
3.73121442e-01  3.96098232e-01  7.93389824e-01
8.06296151e-01  8.70162914e-01  9.87083052e-01
3.59125200e-01  9.98599924e-01  9.95680097e-01
2.51957389e-01  9.82038586e-01  8.99013168e-01
9.69327010e-01  3.88681979e-01  7.74715445e-01
2.55779170e-01  8.80133536e-01  7.11879090e-01
6.68666175e-01  9.71258875e-01  8.10942648e-01
8.97176651e-01  6.19631255e-01  9.78977040e-01
9.81824000e-01  5.06165423e-01  3.06841946e-01
5.22736693e-01  7.00728131e-01  6.05846592e-01
4.62598338e-01  4.04271445e-01  9.59569841e-01
9.50770779e-01  9.98464984e-01  5.58424648e-01
3.02740946e-01  8.97782699e-01  4.26443953e-01
6.19107504e-01  3.66456809e-01  9.80435937e-01
7.15953926e-01  3.87317888e-01  9.78004418e-01
2.76468044e-01  8.87906822e-01  5.38735066e-01
3.87577244e-01  4.93043575e-01  6.53700515e-01
2.79669816e-01  4.19096705e-01  5.17910716e-01
2.73206730e-01  5.36813097e-01  2.82569649e-01
4.71246334e-01  2.94950743e-01  4.67573614e-01
6.05855018e-01  7.74686663e-01  3.61743805e-01
4.54743259e-01  4.83833271e-01  9.36747357e-01
7.77782691e-01  3.95192012e-01  4.20260134e-01
9.67619473e-01  4.05178829e-01  9.33584780e-01
3.03229640e-01  3.82116336e-01  4.62725773e-01
3.42795172e-01  9.78939311e-01  4.71154071e-01
2.75123395e-01  6.53241800e-01  8.76084692e-01
3.72074716e-01  3.43302011e-01  9.90732306e-01
2.75812607e-01  4.34293003e-01  6.47597377e-01
8.72663140e-01  6.78345123e-01  5.56718995e-01
9.97405056e-01  5.83884380e-01  2.66581697e-01
4.24567201e-01  7.97560958e-01  2.59633473e-01
3.87357787e-01  3.27725854e-01  9.99689506e-01
5.02728027e-01  9.73311098e-01  8.64668663e-01
4.48820646e-01  5.91491264e-01  5.69460858e-01
9.97392158e-01  3.96498925e-01  2.90892961e-01
4.54477920e-01  9.85075257e-01  5.26652704e-01
9.72673869e-01  3.16838014e-01  9.46101036e-01
3.45602002e-01  7.03004530e-01  3.11454984e-01
8.43783024e-01  8.74268230e-01  3.69231475e-01
8.19162240e-01  9.41388680e-01  6.68013290e-01
5.33043103e-01  3.80714843e-01  3.39178764e-01
8.40402064e-01  8.51742691e-01  9.45798364e-01
5.07888480e-01  2.96913379e-01  8.40216890e-01
7.18981832e-01  9.82920955e-01  4.26990736e-01
5.99637413e-01  7.02577220e-01  2.58098018e-01
9.65816497e-01  2.60490396e-01  9.33999448e-01
2.75876388e-01  7.52421542e-01  9.85276177e-01
7.32705971e-01  9.58445725e-01  7.97503540e-01
5.84982446e-01  2.81417213e-01  3.36491287e-01
4.59386403e-01  9.40380597e-01  8.49858625e-01
3.05450335e-01  5.07252552e-01  3.24691729e-01
3.52302744e-01  2.55727262e-01  3.22850542e-01
7.88077385e-01  8.58026202e-01  8.04982993e-01
3.14532545e-01  2.66868134e-01  9.56279869e-01
2.53918828e-01  6.21514558e-01  5.67089445e-01
9.79119445e-01  8.94450877e-01  4.52993245e-01
3.72549351e-01  4.21084145e-01  9.32533875e-01
9.48850185e-01  3.11539366e-01  5.26589783e-01
5.30336484e-01  9.37526626e-01  3.69861400e-01
3.82707329e-01  8.48284287e-01  8.89488269e-01
7.73037357e-01  9.48041001e-01  2.51790031e-01
2.51222872e-01  8.82725227e-01  7.23570974e-01
9.93163751e-01  5.04058142e-01  3.53072498e-01
9.81690415e-01  4.74913122e-01  3.22568948e-01
2.85883927e-01  9.52620915e-01  5.46838719e-01
9.61891810e-01  8.75052920e-01  8.20030765e-01
3.40240014e-01  4.53177921e-01  2.76354649e-01
3.18945961e-01  3.44917377e-01  6.02957747e-01
3.22172999e-01  3.87522456e-01  9.38493419e-01
8.42069515e-01  5.65704641e-01  3.17319213e-01
4.91690608e-01  8.84098732e-01  9.65115575e-01
2.86157508e-01  3.12536289e-01  6.87786267e-01
8.50699727e-01  9.72773254e-01  3.18946376e-01
4.30512633e-01  9.36290697e-01  5.26781432e-01
3.43575608e-01  6.23540934e-01  5.08456938e-01
9.05641817e-01  9.38299230e-01  3.87194880e-01
9.58482632e-01  3.29322624e-01  6.90591799e-01
3.24957075e-01  9.73910253e-01  4.92024949e-01
3.54314386e-01  7.00830230e-01  4.64039591e-01
9.94747454e-01  2.93209949e-01  2.91991215e-01
3.11894446e-01  8.19473501e-01  2.83241363e-01
9.12089257e-01  5.86326991e-01  8.57848187e-01
8.08825365e-01  8.40952064e-01  5.30007172e-01
3.93071092e-01  3.74628674e-01  3.70192763e-01
7.71759462e-01  3.30225938e-01  8.12243107e-01
3.36124104e-01  3.16639005e-01  4.68954244e-01
9.55162269e-01  3.88885614e-01  4.47422784e-01
3.71824952e-01  9.80561615e-01  7.91493257e-01
7.78719104e-01  7.95002948e-01  7.00394004e-01
2.69578430e-01  4.08595424e-01  3.76328500e-01
5.75652440e-01  5.00534701e-01  5.68812288e-01
7.27892320e-01  2.82033166e-01  3.67484123e-01
9.81496570e-01  6.50975029e-01  5.96798233e-01
2.51721996e-01  9.42869887e-01  4.14465903e-01
2.91684223e-01  4.58305351e-01  8.52407494e-01
4.54588803e-01  3.67919459e-01  2.61389383e-01
8.99139498e-01  4.08152747e-01  8.48229370e-01
8.65273899e-01  9.22085520e-01  3.76671823e-01
9.85972691e-01  4.34813598e-01  6.82814479e-01
4.29861452e-01  2.97192898e-01  9.42307845e-01
3.24182070e-01  8.76853025e-01  8.96450228e-01
6.43614947e-01  9.80154253e-01  5.58265292e-01
9.83189735e-01  7.52974922e-01  4.25153689e-01
4.12195062e-01  6.91445741e-01  2.61245910e-01
4.66516611e-01  8.34895802e-01  2.89493200e-01
6.62090836e-01  3.36692616e-01  2.64725136e-01
9.67456232e-01  4.10665300e-01  8.57829905e-01
4.51028315e-01  8.69289091e-01  5.33688203e-01
9.66220780e-01  4.99875213e-01  3.78490966e-01
3.36055798e-01  2.52695441e-01  7.13284339e-01
9.97743360e-01  3.64452160e-01  9.22457050e-01
5.35587890e-01  8.42510342e-01  9.64877311e-01
8.41004202e-01  9.60402715e-01  9.24285166e-01
6.23120111e-01  8.77106675e-01  3.32720940e-01
9.63733449e-01  5.75632601e-01  4.44993165e-01
5.28917536e-01  3.88169596e-01  6.61364798e-01
3.54388784e-01  4.32711797e-01  9.90184718e-01
8.53252374e-01  3.41565199e-01  9.89860225e-01
3.51240609e-01  8.93665614e-01  8.98882481e-01
9.65288615e-01  5.90079026e-01  2.53428627e-01
2.92424561e-01  4.82853631e-01  8.29620432e-01
5.35163882e-01  6.34828464e-01  7.26362560e-01
7.09358178e-01  3.08481310e-01  3.30654029e-01
3.00634460e-01  9.04131532e-01  8.20635465e-01
3.94273079e-01  5.07898163e-01  8.78679675e-01
8.50556357e-01  8.28571682e-01  5.19392357e-01
5.92549613e-01  3.11304165e-01  6.69095134e-01
4.48702833e-01  8.80628718e-01  8.94235116e-01
4.58590571e-01  9.09678863e-01  6.81028179e-01
2.50516052e-01  6.24102333e-01  2.67831366e-01
2.58371313e-01  3.93365023e-01  4.11003900e-01
3.53429696e-01  7.72789929e-01  9.84832916e-01
9.36849877e-01  5.59844246e-01  3.92182420e-01
8.53425775e-01  7.70356324e-01  9.54546586e-01
2.63200550e-01  7.02652964e-01  8.65942049e-01
9.07335366e-01  4.30003373e-01  8.77687018e-01
9.84615620e-01  5.01473405e-01  2.80100832e-01
8.61054431e-01  8.41478892e-01  4.65907649e-01
4.56442770e-01  8.21982875e-01  8.10332167e-01
2.67885855e-01  4.45666429e-01  7.13636047e-01
8.58816665e-01  8.75870162e-01  8.15322794e-01
9.77137571e-01  6.76555950e-01  4.47149711e-01
3.43969049e-01  6.70990865e-01  9.81860842e-01
9.82390083e-01  9.71600353e-01  4.14347887e-01
7.88547911e-01  9.84576957e-01  9.92936186e-01
6.22536451e-01  8.50995948e-01  8.64468110e-01
4.51117108e-01  3.41379920e-01  4.00715605e-01
9.63633983e-01  9.82412892e-01  8.92022613e-01
8.56466025e-01  4.89037633e-01  2.67781325e-01
9.53445265e-01  1.00017205e+00  4.94800534e-01
6.47686015e-01  4.00414128e-01  6.48275510e-01
7.39792147e-01  2.78166475e-01  3.82023951e-01
7.22843691e-01  3.78623450e-01  2.52623646e-01
3.08901512e-01  3.74082968e-01  2.83793819e-01
8.13861916e-01  9.78263893e-01  8.32222154e-01
7.37853678e-01  9.21840606e-01  2.90878133e-01
7.93784718e-01  2.54839346e-01  8.97287114e-01
9.21277739e-01  9.52587876e-01  6.84449787e-01
7.13293890e-01  3.42095520e-01  3.89741831e-01
9.87291285e-01  9.75320681e-01  9.45512578e-01
4.23642191e-01  6.40423986e-01  9.36973059e-01
8.21019190e-01  3.67796665e-01  9.10039840e-01
8.53667293e-01  7.33988217e-01  4.29024753e-01
7.68590719e-01  3.09013435e-01  4.22665025e-01
8.15072656e-01  6.55977811e-01  9.99433465e-01
3.62898831e-01  9.98442601e-01  9.14073274e-01
4.39909381e-01  3.48660322e-01  2.92541192e-01
9.15397223e-01  9.78939606e-01  8.97836741e-01
9.25583961e-01  8.33826933e-01  3.78767417e-01
7.08127708e-01  4.32098294e-01  9.71447345e-01
3.77797058e-01  6.42395983e-01  8.37773661e-01
6.95359711e-01  3.27029444e-01  8.85166804e-01
9.17583177e-01  9.55754762e-01  6.75890251e-01
3.78071844e-01  8.45718877e-01  4.74223739e-01
2.51001549e-01  8.42702821e-01  9.89470111e-01
9.21290288e-01  8.12041536e-01  7.37169268e-01
3.23924720e-01  3.94201680e-01  9.50539058e-01
6.84543068e-01  3.32963327e-01  2.76573519e-01
8.76425598e-01  3.01506108e-01  9.74143393e-01
2.74326206e-01  3.29399388e-01  7.25992535e-01
5.44859041e-01  2.56299267e-01  9.45029194e-01
9.94863451e-01  7.63099691e-01  2.98518920e-01
7.10883798e-01  7.90184648e-01  3.64281893e-01
3.09188495e-01  4.08326070e-01  9.77681080e-01
9.19358813e-01  9.28995353e-01  9.62374832e-01
3.21546591e-01  9.59600478e-01  9.11282483e-01
3.54360266e-01  4.07189588e-01  3.73502774e-01
3.57559042e-01  2.93174619e-01  2.66267186e-01
2.96167290e-01  4.44215985e-01  3.20715019e-01
8.83904751e-01  4.83445483e-01  3.55916597e-01
6.96166855e-01  8.16105336e-01  2.64594126e-01
9.22074443e-01  3.72674747e-01  4.51048393e-01
8.17841790e-01  4.03293559e-01  3.08612698e-01
3.47873471e-01  2.69298074e-01  6.94839053e-01
8.89304707e-01  7.11962716e-01  4.00783391e-01
3.47669020e-01  5.92491914e-01  3.83517988e-01
8.13766966e-01  8.13297136e-01  3.04158931e-01
7.38060624e-01  9.54255879e-01  9.12587952e-01
9.48014728e-01  3.86442998e-01  5.28148839e-01
3.75642904e-01  3.25634094e-01  8.87364655e-01
3.10274554e-01  5.34767804e-01  3.29034067e-01
8.13791372e-01  2.74521593e-01  8.60563387e-01
9.29562818e-01  8.61841851e-01  6.68757032e-01
6.68030935e-01  9.68220689e-01  3.80010679e-01
7.18210390e-01  7.27626195e-01  7.49902992e-01
2.55344030e-01  4.52219819e-01  4.28452751e-01
2.83920114e-01  2.99422500e-01  9.70837878e-01
7.43588205e-01  8.68661108e-01  8.09904162e-01
2.80212653e-01  8.67667639e-01  4.02412611e-01
8.74659077e-01  3.43608058e-01  3.02510757e-01
3.29842622e-01  4.18685230e-01  9.10487551e-01
2.86548063e-01  9.49797303e-01  9.36883439e-01
4.75791415e-01  2.70578760e-01  8.13086101e-01
9.08502977e-01  3.38212922e-01  3.31679135e-01
8.22177822e-01  2.74042308e-01  2.79438611e-01
4.31017699e-01  9.41685951e-01  4.47666246e-01
5.48275842e-01  3.39125728e-01  3.04242358e-01
3.16359673e-01  8.48118636e-01  9.01214354e-01
9.01169845e-01  7.74364911e-01  3.95070426e-01
9.40086766e-01  5.86402706e-01  3.35183190e-01
5.06786642e-01  4.80434505e-01  4.60456127e-01
2.91709133e-01  7.56070889e-01  3.23324861e-01
8.24312324e-01  8.35289161e-01  4.45604801e-01
4.93665986e-01  9.68529971e-01  9.39239601e-01
2.57193481e-01  3.27631627e-01  4.95136215e-01
3.42050976e-01  7.63841080e-01  2.66728543e-01
