8.93048257e-01  4.86745215e-01  6.19058639e-01  9.60733237e-01  3.58036100e-01  6.37603418e-01
8.92818618e-01  4.86839740e-01  6.19777046e-01  9.60629355e-01  3.57889931e-01  6.38303920e-01
8.93088878e-01  4.87005648e-01  6.18751620e-01  9.60771753e-01  3.58378035e-01  6.37275949e-01
8.92668802e-01  4.87681134e-01  6.19739507e-01  9.60620486e-01  3.58628022e-01  6.38187007e-01
8.35728184e-01  6.64731192e-01  6.98442818e-01  9.46673848e-01  4.75327309e-01  7.00652798e-01
8.92951996e-01  4.86574413e-01  6.19496397e-01  9.60668567e-01  3.57877233e-01  6.38055483e-01
8.92729877e-01  4.87474896e-01  6.19666015e-01  9.60632026e-01  3.58532018e-01  6.38135620e-01
8.92815364e-01  4.87311238e-01  6.19481981e-01  9.60662029e-01  3.58423905e-01  6.37968696e-01
8.93031869e-01  4.86441412e-01  6.19311525e-01  9.60698838e-01  3.57779488e-01  6.37884399e-01
8.92940733e-01  4.87185535e-01  6.19137880e-01  9.60710463e-01  3.58489993e-01  6.37642577e-01
8.92890700e-01  4.87273488e-01  6.19250673e-01  9.60692814e-01  3.58532651e-01  6.37745699e-01
8.93031916e-01  4.86695866e-01  6.19146165e-01  9.60719287e-01  3.58022277e-01  6.37696117e-01
8.92945242e-01  4.86459579e-01  6.19593887e-01  9.60657105e-01  3.57735600e-01  6.38162326e-01
8.92815252e-01  4.87346450e-01  6.19459500e-01  9.60664242e-01  3.58471016e-01  6.37943413e-01
8.92631360e-01  4.87759810e-01  6.19815570e-01  9.60610237e-01  3.58625242e-01  6.38253378e-01
8.92686204e-01  4.87233967e-01  6.19970733e-01  9.60596148e-01  3.58143669e-01  6.38457099e-01
8.92901537e-01  4.86774233e-01  6.19538012e-01  9.60666737e-01  3.57854480e-01  6.38072576e-01
8.92818155e-01  4.87310478e-01  6.19472997e-01  9.60666177e-01  3.58356492e-01  6.37957969e-01
8.92745889e-01  4.87780224e-01  6.19413414e-01  9.60667239e-01  3.58768519e-01  6.37854156e-01
8.92985164e-01  4.87128136e-01  6.19024274e-01  9.60728164e-01  3.58462954e-01  6.37535444e-01
8.92814499e-01  4.87014172e-01  6.19677785e-01  9.60639875e-01  3.58088152e-01  6.38189796e-01
8.92734577e-01  4.87355769e-01  6.19727397e-01  9.60626260e-01  3.58386283e-01  6.38206901e-01
8.92795102e-01  4.87840520e-01  6.19207156e-01  9.60693468e-01  3.58937831e-01  6.37646108e-01
8.92829496e-01  4.87364525e-01  6.19399399e-01  9.60673673e-01  3.58476961e-01  6.37881540e-01
8.92763492e-01  4.87256927e-01  6.19693384e-01  9.60634959e-01  3.58258485e-01  6.38181217e-01
8.92882284e-01  4.86309566e-01  6.19905066e-01  9.60616178e-01  3.57487166e-01  6.38483239e-01
8.92769402e-01  4.86843145e-01  6.19941955e-01  9.60603205e-01  3.57904338e-01  6.38468198e-01
8.92864105e-01  4.87084302e-01  6.19463811e-01  9.60672306e-01  3.58139777e-01  6.37969698e-01
8.92823257e-01  4.87773994e-01  6.19154742e-01  9.60697709e-01  3.59002961e-01  6.37603585e-01
8.92792968e-01  4.87618501e-01  6.19358546e-01  9.60673836e-01  3.58742496e-01  6.37817983e-01
8.92809705e-01  4.86809693e-01  6.19826820e-01  9.60621606e-01  3.57876764e-01  6.38356709e-01
8.92664798e-01  4.87426918e-01  6.19918151e-01  9.60600751e-01  3.58317678e-01  6.38386616e-01
8.92804521e-01  4.86948327e-01  6.19754417e-01  9.60629729e-01  3.58015502e-01  6.38271955e-01
8.92904168e-01  4.87509121e-01  6.19051962e-01  9.60724496e-01  3.58619734e-01  6.37522052e-01
8.92907807e-01  4.87400449e-01  6.19110156e-01  9.60715512e-01  3.58569123e-01  6.37591576e-01
8.92925089e-01  4.86670161e-01  6.19525603e-01  9.60667824e-01  3.57827982e-01  6.38071843e-01
8.92707877e-01  4.87219187e-01  6.19906735e-01  9.60598805e-01  3.58314603e-01  6.38399818e-01
8.92897479e-01  4.86363937e-01  6.19818169e-01  9.60628422e-01  3.57542270e-01  6.38391753e-01
8.92849276e-01  4.86819991e-01  6.19685764e-01  9.60637547e-01  3.58027012e-01  6.38219115e-01
8.67252971e-01  6.66622448e-01  5.90164987e-01  9.57673656e-01  6.33859011e-01  5.92797520e-01
8.92815378e-01  4.87733584e-01  6.19207735e-01  9.60698211e-01  3.58771726e-01  6.37654807e-01
8.93037683e-01  4.87127625e-01  6.18846270e-01  9.60760749e-01  3.58342866e-01  6.37354786e-01
8.93014209e-01  4.87323928e-01  6.18798533e-01  9.60762632e-01  3.58566588e-01  6.37290039e-01
8.92821045e-01  4.87720116e-01  6.19197233e-01  9.60694024e-01  3.58907437e-01  6.37649699e-01
8.92849283e-01  4.87705303e-01  6.19110963e-01  9.60705785e-01  3.58940924e-01  6.37566407e-01
8.92833577e-01  4.86767848e-01  6.19772925e-01  9.60632002e-01  3.57808589e-01  6.38306100e-01
8.92972892e-01  4.87344401e-01  6.18925539e-01  9.60746240e-01  3.58494235e-01  6.37412180e-01
8.92882791e-01  4.86903359e-01  6.19517832e-01  9.60660520e-01  3.58140716e-01  6.38045048e-01
8.92778836e-01  4.87391635e-01  6.19553822e-01  9.60647761e-01  3.58535856e-01  6.38033825e-01
8.92817343e-01  4.86949526e-01  6.19710097e-01  9.60633672e-01  3.58087792e-01  6.38229656e-01
7.66179497e-01  6.34827124e-01  9.54040254e-01  9.10547322e-01  3.75090311e-01  9.55900334e-01
8.92831627e-01  4.87222022e-01  6.19484682e-01  9.60663545e-01  3.58336444e-01  6.37979569e-01
8.92700968e-01  4.86995155e-01  6.20075645e-01  9.60578443e-01  3.58070189e-01  6.38587924e-01
8.92717103e-01  4.87837985e-01  6.19473662e-01  9.60657634e-01  3.58800476e-01  6.37908216e-01
8.92772178e-01  4.87201184e-01  6.19700078e-01  9.60628569e-01  3.58363686e-01  6.38197416e-01
8.93023692e-01  4.87021585e-01  6.18962621e-01  9.60740742e-01  3.58341794e-01  6.37483326e-01
8.92923327e-01  4.87522859e-01  6.18977985e-01  9.60730517e-01  3.58759437e-01  6.37450557e-01
8.93179354e-01  4.86559651e-01  6.18733948e-01  9.60778118e-01  3.58088125e-01  6.37303393e-01
8.92918089e-01  4.86961507e-01  6.19360220e-01  9.60687454e-01  3.58107446e-01  6.37880179e-01
8.92715928e-01  4.87362963e-01  6.19786052e-01  9.60618372e-01  3.58359637e-01  6.38263752e-01
8.93042423e-01  4.86585774e-01  6.19181960e-01  9.60713331e-01  3.57982133e-01  6.37743760e-01
8.93042284e-01  4.86540089e-01  6.19212095e-01  9.60714779e-01  3.57812108e-01  6.37774510e-01
8.92840842e-01  4.86828326e-01  6.19708990e-01  9.60639101e-01  3.57904973e-01  6.38237890e-01
8.92905923e-01  4.86639114e-01  6.19610842e-01  9.60655870e-01  3.57782521e-01  6.38159193e-01
8.92664447e-01  4.87717736e-01  6.19730534e-01  9.60619203e-01  3.58709815e-01  6.38175979e-01
8.92806196e-01  4.87669995e-01  6.19280196e-01  9.60684464e-01  3.58803525e-01  6.37735467e-01
8.92943145e-01  4.87608920e-01  6.18854813e-01  9.60747016e-01  3.58862853e-01  6.37320413e-01
8.92602927e-01  4.87567282e-01  6.20037113e-01  9.60577853e-01  3.58488560e-01  6.38493205e-01
8.92933327e-01  4.86610609e-01  6.19536291e-01  9.60669233e-01  3.57726289e-01  6.38086752e-01
8.92623466e-01  4.87441804e-01  6.20048835e-01  9.60580857e-01  3.58314337e-01  6.38514961e-01
8.92864551e-01  4.87637851e-01  6.19102911e-01  9.60711118e-01  3.58810962e-01  6.37562809e-01
8.92645969e-01  4.87232435e-01  6.20108351e-01  9.60570718e-01  3.58241631e-01  6.38597091e-01
8.92894128e-01  4.86922708e-01  6.19466774e-01  9.60671253e-01  3.58081222e-01  6.37990233e-01
8.93118456e-01  4.86828679e-01  6.18766078e-01  9.60776302e-01  3.58132386e-01  6.37304619e-01
8.92836082e-01  4.86357515e-01  6.20030821e-01  9.60597762e-01  3.57481508e-01  6.38602652e-01
8.93087076e-01  4.86851537e-01  6.18857791e-01  9.60759907e-01  3.58194892e-01  6.37395025e-01
8.92609861e-01  4.87444081e-01  6.20093556e-01  9.60574177e-01  3.58308831e-01  6.38559094e-01
8.92844352e-01  4.87738661e-01  6.19106049e-01  9.60707476e-01  3.58933404e-01  6.37557333e-01
8.92960478e-01  4.86849450e-01  6.19289034e-01  9.60701051e-01  3.57995042e-01  6.37819459e-01
8.92801290e-01  4.87084112e-01  6.19677229e-01  9.60635744e-01  3.58222499e-01  6.38184652e-01
8.92712019e-01  4.86963671e-01  6.20058559e-01  9.60582071e-01  3.58032275e-01  6.38573592e-01
8.92968384e-01  4.86739280e-01  6.19333712e-01  9.60690321e-01  3.58037581e-01  6.37878246e-01
8.92804408e-01  4.87567957e-01  6.19352516e-01  9.60680351e-01  3.58583715e-01  6.37813589e-01
8.92849850e-01  4.86568632e-01  6.19847004e-01  9.60618953e-01  3.57756231e-01  6.38402098e-01
8.92707020e-01  4.87292401e-01  6.19862112e-01  9.60605105e-01  3.58363083e-01  6.38348008e-01
8.92922146e-01  4.87001453e-01  6.19320510e-01  9.60692065e-01  3.58163502e-01  6.37837415e-01
8.46933947e-01  2.79888261e-01  9.10257013e-01  9.22301998e-01  1.87339952e-01  9.24732914e-01
8.92603956e-01  4.87441255e-01  6.20115443e-01  9.60568235e-01  3.58369489e-01  6.38582912e-01
8.92869225e-01  4.87588269e-01  6.19119231e-01  9.60714189e-01  3.58651888e-01  6.37580569e-01
8.93059050e-01  4.86992717e-01  6.18861302e-01  9.60757740e-01  3.58298234e-01  6.37384586e-01
8.92990449e-01  4.86554974e-01  6.19378444e-01  9.60686049e-01  3.57889055e-01  6.37940606e-01
8.92845143e-01  4.87839324e-01  6.19038009e-01  9.60715815e-01  3.59033451e-01  6.37480309e-01
8.92665840e-01  4.87624798e-01  6.19786140e-01  9.60615370e-01  3.58550666e-01  6.38238027e-01
8.92916897e-01  4.87504966e-01  6.19011434e-01  9.60725129e-01  3.58755934e-01  6.37485925e-01
8.90943492e-01  3.83781946e-01  6.93350623e-01  9.49940689e-01  3.06696023e-01  7.19408935e-01
8.69889908e-01  5.46071996e-01  6.59477151e-01  9.52556803e-01  4.32206808e-01  6.73083780e-01
8.93022875e-01  4.86672145e-01  6.19192265e-01  9.60715678e-01  3.57924952e-01  6.37742177e-01
8.92819184e-01  4.87294359e-01  6.19479969e-01  9.60665878e-01  3.58330097e-01  6.37966101e-01
8.92866849e-01  4.86279405e-01  6.19977058e-01  9.60604150e-01  3.57494153e-01  6.38558718e-01
8.93085780e-01  4.87001967e-01  6.18764528e-01  9.60774993e-01  3.58248530e-01  6.37285665e-01
8.92853926e-01  4.86660565e-01  6.19773479e-01  9.60631499e-01  3.57770330e-01  6.38318331e-01
8.92911713e-01  4.86879727e-01  6.19434965e-01  9.60676747e-01  3.58048373e-01  6.37962738e-01
8.93070697e-01  4.86947048e-01  6.18851400e-01  9.60757287e-01  3.58326125e-01  6.37380924e-01
8.92673464e-01  4.87116707e-01  6.20090122e-01  9.60578956e-01  3.58057695e-01  6.38587579e-01
8.93002850e-01  4.87275717e-01  6.18868404e-01  9.60753824e-01  3.58494767e-01  6.37363426e-01
8.92981878e-01  4.87327850e-01  6.18905769e-01  9.60744534e-01  3.58603204e-01  6.37397463e-01
8.92644424e-01  4.87256622e-01  6.20097897e-01  9.60576196e-01  3.58158623e-01  6.38581512e-01
8.92770234e-01  4.87609012e-01  6.19441903e-01  9.60665959e-01  3.58614440e-01  6.37898638e-01
8.92694374e-01  4.87591277e-01  6.19711012e-01  9.60620365e-01  3.58698344e-01  6.38171232e-01
8.93145217e-01  4.86496282e-01  6.18891009e-01  9.60757908e-01  3.57957167e-01  6.37463811e-01
8.92837902e-01  4.87466259e-01  6.19304805e-01  9.60681650e-01  3.58686816e-01  6.37780988e-01
8.92909032e-01  4.86608013e-01  6.19620475e-01  9.60655871e-01  3.57731988e-01  6.38171086e-01
8.92656319e-01  4.87869360e-01  6.19659695e-01  9.60630830e-01  3.58763218e-01  6.38088851e-01
8.92699911e-01  4.87699879e-01  6.19621703e-01  9.60637978e-01  3.58656379e-01  6.38068173e-01
8.92725207e-01  4.87009529e-01  6.19984004e-01  9.60594212e-01  3.58039346e-01  6.38494074e-01
8.93000162e-01  4.87067661e-01  6.19012606e-01  9.60733023e-01  3.58361414e-01  6.37528200e-01
8.92832252e-01  4.86912575e-01  6.19683460e-01  9.60638324e-01  3.58058600e-01  6.38206699e-01
8.92998688e-01  4.87224652e-01  6.18915689e-01  9.60747213e-01  3.58453683e-01  6.37415491e-01
8.92763885e-01  4.87070036e-01  6.19813384e-01  9.60622102e-01  3.58033035e-01  6.38316735e-01
8.92790626e-01  4.87258533e-01  6.19600202e-01  9.60642192e-01  3.58435804e-01  6.38093086e-01
8.92748580e-01  4.87143459e-01  6.19817688e-01  9.60620496e-01  3.58088997e-01  6.38313853e-01
8.92893852e-01  4.86819762e-01  6.19534546e-01  9.60666487e-01  3.57894242e-01  6.38064814e-01
9.65363441e-01  4.14843235e-01  4.20483515e-01  9.88999106e-01  4.05214200e-01  4.45773898e-01
8.92903395e-01  4.86632923e-01  6.19623445e-01  9.60657439e-01  3.57693780e-01  6.38170030e-01
8.92858341e-01  4.87462753e-01  6.19237678e-01  9.60696606e-01  3.58575000e-01  6.37711414e-01
8.92698336e-01  4.87365490e-01  6.19844148e-01  9.60612392e-01  3.58286517e-01  6.38319315e-01
8.93033980e-01  4.87080315e-01  6.18889557e-01  9.60751367e-01  3.58386141e-01  6.37404754e-01
8.92787628e-01  4.87792537e-01  6.19263689e-01  9.60689204e-01  3.58805928e-01  6.37704509e-01
8.92680198e-01  4.87237368e-01  6.19988920e-01  9.60589106e-01  3.58247975e-01  6.38477697e-01
8.92958023e-01  4.87323275e-01  6.18989742e-01  9.60729918e-01  3.58639243e-01  6.37482695e-01
8.92982642e-01  4.87480737e-01  6.18803915e-01  9.60755778e-01  3.58784165e-01  6.37282762e-01
8.93027073e-01  4.86833015e-01  6.19073566e-01  9.60726370e-01  3.58186586e-01  6.37612016e-01
8.92786718e-01  4.87368378e-01  6.19542156e-01  9.60652008e-01  3.58466038e-01  6.38023032e-01
8.92802455e-01  4.87379849e-01  6.19481271e-01  9.60657064e-01  3.58578590e-01  6.37964113e-01
8.92837428e-01  4.87624590e-01  6.19203622e-01  9.60701469e-01  3.58658644e-01  6.37660542e-01
8.92842234e-01  4.86978412e-01  6.19606824e-01  9.60648470e-01  3.58131262e-01  6.38124536e-01
8.92849610e-01  4.87674926e-01  6.19129575e-01  9.60711499e-01  3.58717445e-01  6.37582384e-01
7.91168005e-01  5.53464801e-01  9.22005874e-01  9.14630956e-01  3.82556771e-01  9.27957254e-01
8.92909411e-01  4.87358642e-01  6.19131853e-01  9.60708921e-01  3.58628642e-01  6.37619820e-01
8.92800213e-01  4.87227743e-01  6.19587638e-01  9.60651504e-01  3.58242540e-01  6.38078879e-01
8.92778199e-01  4.86630688e-01  6.20050018e-01  9.60587897e-01  3.57772449e-01  6.38597408e-01
8.92929495e-01  4.86587031e-01  6.19564610e-01  9.60659653e-01  3.57841876e-01  6.38120962e-01
8.92858008e-01  4.86630951e-01  6.19778843e-01  9.60632307e-01  3.57716964e-01  6.38325714e-01
8.92942456e-01  4.86379296e-01  6.19655470e-01  9.60651979e-01  3.57591116e-01  6.38229211e-01
7.89398062e-01  4.58690914e-01  9.89555193e-01  9.06299038e-01  3.25661891e-01  9.94779457e-01
8.92667621e-01  4.87507009e-01  6.19856568e-01  9.60605875e-01  3.58462179e-01  6.38319743e-01
8.92968954e-01  4.86592078e-01  6.19427345e-01  9.60682566e-01  3.57805525e-01  6.37982606e-01
8.92579619e-01  4.87595088e-01  6.20098208e-01  9.60568619e-01  3.58494778e-01  6.38550948e-01
8.92746809e-01  4.86977709e-01  6.19931312e-01  9.60606239e-01  3.57931402e-01  6.38442373e-01
8.92815411e-01  4.87536698e-01  6.19335445e-01  9.60679156e-01  3.58663373e-01  6.37802498e-01
8.92835621e-01  4.86862972e-01  6.19704227e-01  9.60636593e-01  3.57999760e-01  6.38231652e-01
8.92731074e-01  4.87891970e-01  6.19391172e-01  9.60669694e-01  3.58843434e-01  6.37820776e-01
8.92752416e-01  4.87074431e-01  6.19849475e-01  9.60611378e-01  3.58159689e-01  6.38355673e-01
8.92975705e-01  4.87117837e-01  6.19063079e-01  9.60722978e-01  3.58437718e-01  6.37574641e-01
8.92867126e-01  4.87227191e-01  6.19360781e-01  9.60681915e-01  3.58360317e-01  6.37856155e-01
8.92772879e-01  4.87354312e-01  6.19598283e-01  9.60645051e-01  3.58416651e-01  6.38079264e-01
8.92833507e-01  4.87069052e-01  6.19577610e-01  9.60651833e-01  3.58200848e-01  6.38086587e-01
8.92846899e-01  4.87009877e-01  6.19570555e-01  9.60657755e-01  3.58056522e-01  6.38082595e-01
8.92644933e-01  4.87358505e-01  6.20030022e-01  9.60585366e-01  3.58238112e-01  6.38503997e-01
8.93061036e-01  4.87111277e-01  6.18777583e-01  9.60767164e-01  3.58439313e-01  6.37290948e-01
8.92884765e-01  4.87450167e-01  6.19156120e-01  9.60705026e-01  3.58673039e-01  6.37634346e-01
8.92748968e-01  4.87459966e-01  6.19610881e-01  9.60639973e-01  3.58540414e-01  6.38082688e-01
8.92913435e-01  4.86802675e-01  6.19479143e-01  9.60672978e-01  3.57938142e-01  6.38012860e-01
8.92777327e-01  4.87427235e-01  6.19535835e-01  9.60650416e-01  3.58555345e-01  6.38012210e-01
8.77553925e-01  8.25904248e-01  4.51777153e-01  9.76805183e-01  8.52482404e-01  4.18656001e-01
8.92853142e-01  4.87578312e-01  6.19180309e-01  9.60705140e-01  3.58636564e-01  6.37642201e-01
8.92628408e-01  4.87425751e-01  6.20042478e-01  9.60580065e-01  3.58350474e-01  6.38511531e-01
8.93044627e-01  4.87050644e-01  6.18872668e-01  9.60756251e-01  3.58317689e-01  6.37389558e-01
8.92792583e-01  4.87278814e-01  6.19580388e-01  9.60649738e-01  3.58336115e-01  6.38068176e-01
8.92850017e-01  4.87852513e-01  6.19012897e-01  9.60723371e-01  3.58950406e-01  6.37451411e-01
8.92898316e-01  4.87014151e-01  6.19393184e-01  9.60683385e-01  3.58105553e-01  6.37906715e-01
8.92835671e-01  4.87134714e-01  6.19527632e-01  9.60657934e-01  3.58271088e-01  6.38030932e-01
8.92797714e-01  4.87690109e-01  6.19295937e-01  9.60678366e-01  3.58901578e-01  6.37751477e-01
9.07101730e-01  7.05669637e-01  4.29504329e-01  9.81287639e-01  7.52274721e-01  4.13507762e-01
8.93025925e-01  4.86704971e-01  6.19160597e-01  9.60721000e-01  3.57930012e-01  6.37706860e-01
8.92600149e-01  4.87446511e-01  6.20124959e-01  9.60572032e-01  3.58243270e-01  6.38588280e-01
8.92922523e-01  4.87294924e-01  6.19128696e-01  9.60711955e-01  3.58537878e-01  6.37621740e-01
8.92871452e-01  4.87746243e-01  6.19009104e-01  9.60723470e-01  3.58914295e-01  6.37459277e-01
8.92984171e-01  4.87115159e-01  6.19036070e-01  9.60730185e-01  3.58363181e-01  6.37545981e-01
8.93109035e-01  4.86899237e-01  6.18752258e-01  9.60771878e-01  3.58324448e-01  6.37287767e-01
8.92844233e-01  4.86506658e-01  6.19906314e-01  9.60615818e-01  3.57580110e-01  6.38463664e-01
8.92775955e-01  4.87739961e-01  6.19337462e-01  9.60677716e-01  3.58782676e-01  6.37783641e-01
8.92821716e-01  4.86849194e-01  6.19760388e-01  9.60629844e-01  3.57945350e-01  6.38287734e-01
8.92973445e-01  4.86468062e-01  6.19492611e-01  9.60673698e-01  3.57718520e-01  6.38059954e-01
8.92925662e-01  4.87095870e-01  6.19247270e-01  9.60696004e-01  3.58387546e-01  6.37759411e-01
8.92661881e-01  4.87624937e-01  6.19799494e-01  9.60611041e-01  3.58605657e-01  6.38252837e-01
8.92888208e-01  4.86439627e-01  6.19800509e-01  9.60632554e-01  3.57542576e-01  6.38365186e-01
8.92583037e-01  4.87822943e-01  6.19938670e-01  9.60591734e-01  3.58638454e-01  6.38368910e-01
8.92918129e-01  4.86585178e-01  6.19604412e-01  9.60660301e-01  3.57674536e-01  6.38156207e-01
8.92624741e-01  4.87303114e-01  6.20134549e-01  9.60573229e-01  3.58113116e-01  6.38611252e-01
8.92714258e-01  4.87208345e-01  6.19892106e-01  9.60606115e-01  3.58186956e-01  6.38383002e-01
8.92824828e-01  4.87275209e-01  6.19473238e-01  9.60668035e-01  3.58294374e-01  6.37960682e-01
8.92764658e-01  4.87263345e-01  6.19685257e-01  9.60633833e-01  3.58319597e-01  6.38174047e-01
8.92934351e-01  4.86854932e-01  6.19374192e-01  9.60688071e-01  3.57991344e-01  6.37903555e-01
8.92875441e-01  4.87485577e-01  6.19164794e-01  9.60703636e-01  3.58690068e-01  6.37639250e-01
8.92642799e-01  4.87529920e-01  6.19925979e-01  9.60593776e-01  3.58504515e-01  6.38387353e-01
8.92718272e-01  4.87526177e-01  6.19672129e-01  9.60630961e-01  3.58557963e-01  6.38136338e-01
8.93015297e-01  4.86601449e-01  6.19263896e-01  9.60701959e-01  3.57956079e-01  6.37822812e-01
8.92882779e-01  4.86585141e-01  6.19724471e-01  9.60639996e-01  3.57714770e-01  6.38276928e-01
8.92826830e-01  4.87763997e-01  6.19149101e-01  9.60700875e-01  3.58942651e-01  6.37597483e-01
8.92944861e-01  4.86588580e-01  6.19511428e-01  9.60668578e-01  3.57826443e-01  6.38067370e-01
8.92744888e-01  4.87292848e-01  6.19733235e-01  9.60630175e-01  3.58240360e-01  6.38216156e-01
8.93108066e-01  4.86828271e-01  6.18801624e-01  9.60772515e-01  3.58089867e-01  6.37338913e-01
8.92648683e-01  4.87324576e-01  6.20039315e-01  9.60578464e-01  3.58355831e-01  6.38520537e-01
8.93126920e-01  4.86739192e-01  6.18795435e-01  9.60773772e-01  3.58042380e-01  6.37342032e-01
8.92773818e-01  4.87813049e-01  6.19297266e-01  9.60684043e-01  3.58813781e-01  6.37735751e-01
8.92776870e-01  4.87880568e-01  6.19243065e-01  9.60691159e-01  3.58876201e-01  6.37675428e-01
8.92909334e-01  4.86907601e-01  6.19424948e-01  9.60679697e-01  3.58027025e-01  6.37948854e-01
8.92927883e-01  4.87705279e-01  6.18844079e-01  9.60749824e-01  3.58878682e-01  6.37298682e-01
8.92885071e-01  4.86511357e-01  6.19764591e-01  9.60638284e-01  3.57571307e-01  6.38321687e-01
8.92557552e-01  4.87831442e-01  6.20019691e-01  9.60580612e-01  3.58606498e-01  6.38447749e-01
8.93076675e-01  4.86660173e-01  6.19017348e-01  9.60735537e-01  3.58097980e-01  6.37574102e-01
8.92648871e-01  4.87676645e-01  6.19810103e-01  9.60610419e-01  3.58603988e-01  6.38257220e-01
8.92877266e-01  4.86997213e-01  6.19475659e-01  9.60665473e-01  3.58222095e-01  6.37994130e-01
8.92703884e-01  4.87202118e-01  6.19931375e-01  9.60603638e-01  3.58095809e-01  6.38420344e-01
8.92793914e-01  4.87105138e-01  6.19688629e-01  9.60640103e-01  3.58082583e-01  6.38189642e-01
8.92702809e-01  4.87189515e-01  6.19943210e-01  9.60600833e-01  3.58113679e-01  6.38434125e-01
8.92931012e-01  4.86753944e-01  6.19451096e-01  9.60674747e-01  3.57979225e-01  6.37991842e-01
8.92991537e-01  4.87128920e-01  6.19002126e-01  9.60737899e-01  3.58309967e-01  6.37509044e-01
8.93150174e-01  4.86445436e-01  6.18907185e-01  9.60755108e-01  3.57941150e-01  6.37485534e-01
8.92982165e-01  4.87060361e-01  6.19078460e-01  9.60720838e-01  3.58405638e-01  6.37595916e-01
8.92797146e-01  4.86691605e-01  6.19946131e-01  9.60603785e-01  3.57806052e-01  6.38487625e-01
8.92599103e-01  4.87433778e-01  6.20136776e-01  9.60564199e-01  3.58383683e-01  6.38605446e-01
8.93067779e-01  4.86826816e-01  6.18939369e-01  9.60752093e-01  3.58065167e-01  6.37475668e-01
8.92812962e-01  4.87101972e-01  6.19626001e-01  9.60645434e-01  3.58188405e-01  6.38130547e-01
8.92762307e-01  4.87256374e-01  6.19697764e-01  9.60634776e-01  3.58246098e-01  6.38185304e-01
8.92903778e-01  4.86579150e-01  6.19657057e-01  9.60653493e-01  3.57638406e-01  6.38208369e-01
8.93007932e-01  4.86888644e-01  6.19102447e-01  9.60724151e-01  3.58156443e-01  6.37633345e-01
8.92899759e-01  4.86926757e-01  6.19445021e-01  9.60673000e-01  3.58122865e-01  6.37969230e-01
8.92724862e-01  4.87595416e-01  6.19604800e-01  9.60643656e-01  3.58534849e-01  6.38060381e-01
8.93165433e-01  4.86603785e-01  6.18752568e-01  9.60777998e-01  3.58040501e-01  6.37315376e-01
8.92809159e-01  4.86661664e-01  6.19924780e-01  9.60613459e-01  3.57637593e-01  6.38465253e-01
8.92848954e-01  4.87301699e-01  6.19374117e-01  9.60681402e-01  3.58355983e-01  6.37860467e-01
8.92739019e-01  4.87295640e-01  6.19751352e-01  9.60627745e-01  3.58232226e-01  6.38233650e-01
8.92878296e-01  4.87930123e-01  6.18866486e-01  9.60743350e-01  3.59053307e-01  6.37299084e-01
8.92932416e-01  4.87343812e-01  6.19063364e-01  9.60721413e-01  3.58576946e-01  6.37551898e-01
8.92734347e-01  4.86824492e-01  6.20073100e-01  9.60581177e-01  3.57936222e-01  6.38601935e-01
8.03238269e-01  4.03109456e-01  9.78643098e-01  9.10820507e-01  2.45598176e-01  9.84637814e-01
8.92841490e-01  4.87942265e-01  6.18983584e-01  9.60726108e-01  3.59035361e-01  6.37413863e-01
8.92953021e-01  4.86928691e-01  6.19262906e-01  9.60701973e-01  3.58107331e-01  6.37787112e-01
8.92999208e-01  4.87147114e-01  6.18964262e-01  9.60738225e-01  3.58453672e-01  6.37473124e-01
8.92581592e-01  4.87528522e-01  6.20134727e-01  9.60561404e-01  3.58502301e-01  6.38595440e-01
8.93044134e-01  4.86445094e-01  6.19267484e-01  9.60704449e-01  3.57811181e-01  6.37840961e-01
8.92903023e-01  4.87172746e-01  6.19274233e-01  9.60692617e-01  3.58402695e-01  6.37777558e-01
8.93000521e-01  4.86985050e-01  6.19065022e-01  9.60731007e-01  3.58174680e-01  6.37585091e-01
8.92863593e-01  4.87590003e-01  6.19137229e-01  9.60706098e-01  3.58781673e-01  6.37601893e-01
8.92670334e-01  4.87662794e-01  6.19746213e-01  9.60618730e-01  3.58637159e-01  6.38196120e-01
8.92631763e-01  4.87555552e-01  6.19946814e-01  9.60591456e-01  3.58493722e-01  6.38404771e-01
8.92721093e-01  4.87681496e-01  6.19561710e-01  9.60648432e-01  3.58620532e-01  6.38009583e-01
8.79801969e-01  7.65705925e-01  4.83226048e-01  9.75317293e-01  7.08953412e-01  4.61988201e-01
8.92964314e-01  4.87492257e-01  6.18858674e-01  9.60750570e-01  3.58708863e-01  6.37333884e-01
8.92906761e-01  4.86594901e-01  6.19636700e-01  9.60652882e-01  3.57737488e-01  6.38188959e-01
8.92747167e-01  4.87010839e-01  6.19908584e-01  9.60601965e-01  3.58136583e-01  6.38421471e-01
8.93145943e-01  4.86626209e-01  6.18804190e-01  9.60769777e-01  3.58055485e-01  6.37364563e-01
8.92843868e-01  4.87277878e-01  6.19406852e-01  9.60677091e-01  3.58326316e-01  6.37895097e-01
8.92814652e-01  4.87840945e-01  6.19140496e-01  9.60701065e-01  3.59005401e-01  6.37581490e-01
8.92848629e-01  4.86730267e-01  6.19746214e-01  9.60636237e-01  3.57789541e-01  6.38283425e-01
8.92859035e-01  4.86429670e-01  6.19906035e-01  9.60615157e-01  3.57562540e-01  6.38472036e-01
8.92969725e-01  4.86548162e-01  6.19453241e-01  9.60679786e-01  3.57755398e-01  6.38012236e-01
8.93075035e-01  4.86482203e-01  6.19138463e-01  9.60723684e-01  3.57847743e-01  6.37709016e-01
9.26979500e-01  3.52677876e-01  5.91178147e-01  9.65555890e-01  2.86285739e-01  6.24089995e-01
8.92808760e-01  4.87762821e-01  6.19211224e-01  9.60692627e-01  3.58907797e-01  6.37658573e-01
8.93048942e-01  4.86886883e-01  6.18964335e-01  9.60747521e-01  3.58109201e-01  6.37494620e-01
8.92747526e-01  4.86905108e-01  6.19976010e-01  9.60600355e-01  3.57872814e-01  6.38493899e-01
8.92827944e-01  4.86769594e-01  6.19790918e-01  9.60623707e-01  3.57943395e-01  6.38327545e-01
8.92777476e-01  4.87247208e-01  6.19652209e-01  9.60641909e-01  3.58240653e-01  6.38140852e-01
8.92872630e-01  4.86213347e-01  6.20000313e-01  9.60601676e-01  3.57436605e-01  6.38588126e-01
8.92831544e-01  4.86892560e-01  6.19698860e-01  9.60635785e-01  3.58053131e-01  6.38224268e-01
8.92922559e-01  4.87393147e-01  6.19064805e-01  9.60718862e-01  3.58655947e-01  6.37549652e-01
8.92910406e-01  4.86347317e-01  6.19785063e-01  9.60631050e-01  3.57596078e-01  6.38362236e-01
8.92549143e-01  4.87822329e-01  6.20054163e-01  9.60576028e-01  3.58583538e-01  6.38482545e-01
8.92750464e-01  4.86782195e-01  6.20045835e-01  9.60587318e-01  3.57870715e-01  6.38577983e-01
8.92821927e-01  4.87044997e-01  6.19632548e-01  9.60643243e-01  3.58191292e-01  6.38143917e-01
8.92861138e-01  4.86588189e-01  6.19795979e-01  9.60629892e-01  3.57691637e-01  6.38347161e-01
8.92790048e-01  4.87590898e-01  6.19386381e-01  9.60671824e-01  3.58673625e-01  6.37847098e-01
8.92859571e-01  4.86780283e-01  6.19676584e-01  9.60646293e-01  3.57830705e-01  6.38209257e-01
7.69893106e-01  7.03323653e-01  8.96953442e-01  9.16800278e-01  4.53115995e-01  8.97433985e-01
8.92859967e-01  4.86558642e-01  6.19819136e-01  9.60626396e-01  3.57675840e-01  6.38373300e-01
8.92762183e-01  4.86892405e-01  6.19934486e-01  9.60600191e-01  3.58028304e-01  6.38458338e-01
8.92789978e-01  4.86914227e-01  6.19825938e-01  9.60620234e-01  3.57960707e-01  6.38345742e-01
8.92817953e-01  4.87652769e-01  6.19251458e-01  9.60691943e-01  3.58722337e-01  6.37706627e-01
8.92749980e-01  4.87206702e-01  6.19771873e-01  9.60625164e-01  3.58177272e-01  6.38263139e-01
8.92875665e-01  4.87241543e-01  6.19322468e-01  9.60689810e-01  3.58319516e-01  6.37815142e-01
8.92990156e-01  4.86764620e-01  6.19243331e-01  9.60703325e-01  3.58074375e-01  6.37786200e-01
8.83187770e-01  5.81221779e-01  5.91501737e-01  9.63555590e-01  4.42438626e-01  6.00151019e-01
8.92950892e-01  4.86469335e-01  6.19568367e-01  9.60662576e-01  3.57703295e-01  6.38134851e-01
8.92928434e-01  4.87280385e-01  6.19118065e-01  9.60717005e-01  3.58448508e-01  6.37610401e-01
8.92837352e-01  4.86855325e-01  6.19703315e-01  9.60641658e-01  3.57876316e-01  6.38228238e-01
8.92772238e-01  4.86824829e-01  6.19944218e-01  9.60601215e-01  3.57936020e-01  6.38473502e-01
8.92964779e-01  4.87414967e-01  6.18907275e-01  9.60741791e-01  3.58703741e-01  6.37391380e-01
8.92687055e-01  4.87774043e-01  6.19617208e-01  9.60636529e-01  3.58742220e-01  6.38057256e-01
8.93040916e-01  4.86742918e-01  6.19085055e-01  9.60727731e-01  3.58069208e-01  6.37630930e-01
8.93027361e-01  4.86791230e-01  6.19099718e-01  9.60725049e-01  3.58100854e-01  6.37640671e-01
8.92757391e-01  4.87891413e-01  6.19302170e-01  9.60680735e-01  3.58911223e-01  6.37734016e-01
8.93108934e-01  4.86847588e-01  6.18786133e-01  9.60769391e-01  3.58233384e-01  6.37325151e-01
8.92824118e-01  4.86913803e-01  6.19710286e-01  9.60640353e-01  3.57908136e-01  6.38229118e-01
8.92623975e-01  4.87370138e-01  6.20093638e-01  9.60575599e-01  3.58240508e-01  6.38566062e-01
7.54176511e-01  8.00359214e-01  8.87322935e-01  9.17212276e-01  5.02376389e-01  8.83193864e-01
8.92727629e-01  4.87415399e-01  6.19712275e-01  9.60624826e-01  3.58505416e-01  6.38188046e-01
8.92926555e-01  4.86999333e-01  6.19306915e-01  9.60695147e-01  3.58138933e-01  6.37823440e-01
8.93047377e-01  4.86367103e-01  6.19307110e-01  9.60699819e-01  3.57738733e-01  6.37887703e-01
8.93029133e-01  4.86945461e-01  6.18993571e-01  9.60742140e-01  3.58156076e-01  6.37518083e-01
8.92918247e-01  4.87215438e-01  6.19194822e-01  9.60707482e-01  3.58360495e-01  6.37692181e-01
8.92796621e-01  4.87388271e-01  6.19495615e-01  9.60663182e-01  3.58378955e-01  6.37971884e-01
8.93082904e-01  4.86956794e-01  6.18803624e-01  9.60766835e-01  3.58278812e-01  6.37330843e-01
8.92853680e-01  4.86378112e-01  6.19957693e-01  9.60608365e-01  3.57509243e-01  6.38528136e-01
8.92875854e-01  4.87738372e-01  6.18999269e-01  9.60727862e-01  3.58840971e-01  6.37448381e-01
8.93133921e-01  4.86771935e-01  6.18750403e-01  9.60778391e-01  3.58115168e-01  6.37295274e-01
8.92709449e-01  4.87229597e-01  6.19894639e-01  9.60600153e-01  3.58332259e-01  6.38387019e-01
8.92788464e-01  4.87725194e-01  6.19304571e-01  9.60676768e-01  3.58923681e-01  6.37756520e-01
8.92830154e-01  4.87182236e-01  6.19515512e-01  9.60663708e-01  3.58197747e-01  6.38011180e-01
8.92777227e-01  4.87433463e-01  6.19532131e-01  9.60654348e-01  3.58476359e-01  6.38005595e-01
8.92656007e-01  4.87234357e-01  6.20073020e-01  9.60575543e-01  3.58258690e-01  6.38562136e-01
8.92757866e-01  4.86946202e-01  6.19914221e-01  9.60609868e-01  3.57893475e-01  6.38428037e-01
8.93127312e-01  4.86812709e-01  6.18746373e-01  9.60780051e-01  3.58108427e-01  6.37286219e-01
8.92902497e-01  4.87209796e-01  6.19251969e-01  9.60701116e-01  3.58296651e-01  6.37748031e-01
8.92876476e-01  4.87035424e-01  6.19453534e-01  9.60674803e-01  3.58095751e-01  6.37964049e-01
8.92928337e-01  4.86852570e-01  6.19396148e-01  9.60682332e-01  3.58046994e-01  6.37927251e-01
8.92923810e-01  4.87648041e-01  6.18895072e-01  9.60744316e-01  3.58793866e-01  6.37353973e-01
8.92854525e-01  4.86657918e-01  6.19773163e-01  9.60634865e-01  3.57688303e-01  6.38316063e-01
8.92863020e-01  4.86793977e-01  6.19655984e-01  9.60649465e-01  3.57837596e-01  6.38187297e-01
8.92933617e-01  4.86846602e-01  6.19382094e-01  9.60687948e-01  3.57960675e-01  6.37911569e-01
8.92963447e-01  4.87287743e-01  6.18994397e-01  9.60736840e-01  3.58436872e-01  6.37485958e-01
8.92796087e-01  4.87164967e-01  6.19642404e-01  9.60642480e-01  3.58226717e-01  6.38140467e-01
8.93023082e-01  4.86827500e-01  6.19090702e-01  9.60728592e-01  3.58065065e-01  6.37626383e-01
8.92879885e-01  4.87494878e-01  6.19143665e-01  9.60703890e-01  3.58768101e-01  6.37619247e-01
8.92962413e-01  4.87454354e-01  6.18889736e-01  9.60746949e-01  3.58662292e-01  6.37368064e-01
8.92854634e-01  4.87403904e-01  6.19288471e-01  9.60685021e-01  3.58638337e-01  6.37770783e-01
8.92634339e-01  4.87249127e-01  6.20137009e-01  9.60567858e-01  3.58210358e-01  6.38622796e-01
8.92750045e-01  4.86882405e-01  6.19982197e-01  9.60600713e-01  3.57830416e-01  6.38501584e-01
8.92808504e-01  4.87700302e-01  6.19252683e-01  9.60693177e-01  3.58709106e-01  6.37701829e-01
8.92881997e-01  4.87502909e-01  6.19131281e-01  9.60713641e-01  3.58581016e-01  6.37600771e-01
8.92689364e-01  4.87700198e-01  6.19657309e-01  9.60634610e-01  3.58603750e-01  6.38102162e-01
8.92989602e-01  4.86691828e-01  6.19292470e-01  9.60702708e-01  3.57870451e-01  6.37838169e-01
8.92959884e-01  4.86684241e-01  6.19398309e-01  9.60686972e-01  3.57849715e-01  6.37943949e-01
8.92829894e-01  4.87657874e-01  6.19207594e-01  9.60693559e-01  3.58851388e-01  6.37665877e-01
8.92916708e-01  4.87714136e-01  6.18876276e-01  9.60741985e-01  3.58951767e-01  6.37331743e-01
8.92825912e-01  4.87837491e-01  6.19104505e-01  9.60712211e-01  3.58868558e-01  6.37542239e-01
8.93040321e-01  4.86687668e-01  6.19122946e-01  9.60722976e-01  3.58016608e-01  6.37673799e-01
8.92644092e-01  4.87252305e-01  6.20101828e-01  9.60573515e-01  3.58207123e-01  6.38587281e-01
8.49836928e-01  7.93699035e-01  5.66801515e-01  9.58922984e-01  7.68922780e-01  5.52987548e-01
8.92721836e-01  4.87035997e-01  6.19978266e-01  9.60591323e-01  3.58143436e-01  6.38488094e-01
7.85506020e-01  6.95125354e-01  8.49255082e-01  9.22807851e-01  4.87925468e-01  8.50716743e-01
9.36779709e-01  3.74363427e-01  5.43821673e-01  9.72257787e-01  3.09819955e-01  5.75576935e-01
8.92969409e-01  4.86584277e-01  6.19430862e-01  9.60677382e-01  3.57915012e-01  6.37990066e-01
8.92856913e-01  4.87474847e-01  6.19234673e-01  9.60694430e-01  3.58644873e-01  6.37708916e-01
8.92828367e-01  4.86455260e-01  6.19993558e-01  9.60600418e-01  3.57601935e-01  6.38557269e-01
8.92851047e-01  4.86378171e-01  6.19966592e-01  9.60603594e-01  3.57591864e-01  6.38539276e-01
8.92887282e-01  4.86571026e-01  6.19718343e-01  9.60640453e-01  3.57720470e-01  6.38272656e-01
8.92771484e-01  4.87065384e-01  6.19790599e-01  9.60618017e-01  3.58216765e-01  6.38299668e-01
8.92608816e-01  4.87807366e-01  6.19861246e-01  9.60603332e-01  3.58642005e-01  6.38293709e-01
8.92819663e-01  4.88044475e-01  6.18991341e-01  9.60723533e-01  3.59114950e-01  6.37411633e-01
8.93116673e-01  4.86877074e-01  6.18740713e-01  9.60776963e-01  3.58234221e-01  6.37276401e-01
8.92908992e-01  4.87696140e-01  6.18914161e-01  9.60741660e-01  3.58808032e-01  6.37367666e-01
8.92860635e-01  4.87597285e-01  6.19142545e-01  9.60706091e-01  3.58765002e-01  6.37605864e-01
8.92874578e-01  4.87119038e-01  6.19405694e-01  9.60672646e-01  3.58367260e-01  6.37913955e-01
8.92779868e-01  4.87907826e-01  6.19215189e-01  9.60692962e-01  3.58950177e-01  6.37646449e-01
8.92812950e-01  4.87715374e-01  6.19227798e-01  9.60692122e-01  3.58835887e-01  6.37678745e-01
8.93025408e-01  4.86603073e-01  6.19228505e-01  9.60706579e-01  3.57978236e-01  6.37787971e-01
8.92839824e-01  4.87926476e-01  6.18999489e-01  9.60721451e-01  3.59081450e-01  6.37432872e-01
8.92762945e-01  4.87016333e-01  6.19851443e-01  9.60618390e-01  3.57955122e-01  6.38358875e-01
7.66847771e-01  6.03519260e-01  9.72099506e-01  9.08740300e-01  3.46415455e-01  9.74238936e-01
8.47602228e-01  8.08825895e-01  5.64569636e-01  9.63599645e-01  6.75183318e-01  5.45071166e-01
8.92869328e-01  4.86928127e-01  6.19547467e-01  9.60658042e-01  3.58100065e-01  6.38070508e-01
8.92797856e-01  4.87486966e-01  6.19427345e-01  9.60665238e-01  3.58631998e-01  6.37899124e-01
8.93108763e-01  4.86593657e-01  6.18951574e-01  9.60749357e-01  3.57980212e-01  6.37513214e-01
8.92851529e-01  4.88007859e-01  6.18906907e-01  9.60736046e-01  3.59113333e-01  6.37331783e-01
8.92890846e-01  4.86532128e-01  6.19731493e-01  9.60635272e-01  3.57779397e-01  6.38292004e-01
8.92954906e-01  4.86561558e-01  6.19494865e-01  9.60675334e-01  3.57712324e-01  6.38050921e-01
8.92866436e-01  4.87421199e-01  6.19237166e-01  9.60694297e-01  3.58614433e-01  6.37716938e-01
8.92784929e-01  4.86942326e-01  6.19824840e-01  9.60618618e-01  3.58016912e-01  6.38342866e-01
8.92659167e-01  4.87706357e-01  6.19755851e-01  9.60617724e-01  3.58644834e-01  6.38200762e-01
8.92930001e-01  4.86793134e-01  6.19429086e-01  9.60679670e-01  3.57960305e-01  6.37964733e-01
8.92833113e-01  4.86434286e-01  6.19991060e-01  9.60601558e-01  3.57574151e-01  6.38556501e-01
9.26353501e-01  3.43726134e-01  5.99115959e-01  9.66446691e-01  2.31402010e-01  6.31300104e-01
8.92952152e-01  4.86533216e-01  6.19522616e-01  9.60667662e-01  3.57781413e-01  6.38083846e-01
7.90783027e-01  4.64269238e-01  9.81230702e-01  9.10280493e-01  2.56214789e-01  9.85600798e-01
8.92743609e-01  4.87431576e-01  6.19647512e-01  9.60637804e-01  3.58441724e-01  6.38119832e-01
8.93041587e-01  4.86629983e-01  6.19156097e-01  9.60716320e-01  3.58027209e-01  6.37713982e-01
8.92893284e-01  4.87574563e-01  6.19046430e-01  9.60722244e-01  3.58725156e-01  6.37511672e-01
8.92830953e-01  4.87543254e-01  6.19278415e-01  9.60686146e-01  3.58711997e-01  6.37746230e-01
8.92885651e-01  4.87087471e-01  6.19388587e-01  9.60681310e-01  3.58206647e-01  6.37896218e-01
8.92993868e-01  4.86852394e-01  6.19173740e-01  9.60713192e-01  3.58137119e-01  6.37708160e-01
8.92866870e-01  4.86892694e-01  6.19578817e-01  9.60656088e-01  3.58012967e-01  6.38103542e-01
8.92888794e-01  4.87432368e-01  6.19153995e-01  9.60708251e-01  3.58594435e-01  6.37632170e-01
8.92949926e-01  4.86681944e-01  6.19433615e-01  9.60676693e-01  3.57965489e-01  6.37982600e-01
8.92874667e-01  4.86956616e-01  6.19510841e-01  9.60660211e-01  3.58198752e-01  6.38033361e-01
8.92939000e-01  4.86440863e-01  6.19627232e-01  9.60656334e-01  3.57619669e-01  6.38194561e-01
8.92924341e-01  4.87443146e-01  6.19026294e-01  9.60730144e-01  3.58549507e-01  6.37502376e-01
8.92835053e-01  4.87843397e-01  6.19069629e-01  9.60714713e-01  3.58942370e-01  6.37508819e-01
8.92814257e-01  4.87350846e-01  6.19460025e-01  9.60667159e-01  3.58399935e-01  6.37941447e-01
8.93183123e-01  4.86566157e-01  6.18716927e-01  9.60781768e-01  3.58066584e-01  6.37285061e-01
8.92797130e-01  4.87386019e-01  6.19495347e-01  9.60656691e-01  3.58537146e-01  6.37976260e-01
8.92877882e-01  4.87659970e-01  6.19043283e-01  9.60718225e-01  3.58873634e-01  6.37502483e-01
8.92778812e-01  4.87819914e-01  6.19275851e-01  9.60687664e-01  3.58809752e-01  6.37713479e-01
8.92877671e-01  4.87267400e-01  6.19298869e-01  9.60685772e-01  3.58518985e-01  6.37794071e-01
8.92638333e-01  4.87306681e-01  6.20086080e-01  9.60578602e-01  3.58167309e-01  6.38564039e-01
8.92657024e-01  4.87553836e-01  6.19862148e-01  9.60601896e-01  3.58559156e-01  6.38322424e-01
8.92685563e-01  4.87259942e-01  6.19956046e-01  9.60597613e-01  3.58175314e-01  6.38440258e-01
8.92700416e-01  4.87240588e-01  6.19918176e-01  9.60598341e-01  3.58292254e-01  6.38408059e-01
8.92936065e-01  4.86343878e-01  6.19700165e-01  9.60645485e-01  3.57564167e-01  6.38277193e-01
8.92740273e-01  4.87099166e-01  6.19874651e-01  9.60608667e-01  3.58141592e-01  6.38377318e-01
8.93010514e-01  4.87236070e-01  6.18868118e-01  9.60752764e-01  3.58503736e-01  6.37368108e-01
8.92691909e-01  4.87347608e-01  6.19877582e-01  9.60607007e-01  3.58283059e-01  6.38354654e-01
8.92874095e-01  4.86606154e-01  6.19740315e-01  9.60634317e-01  3.57802667e-01  6.38292647e-01
8.92906478e-01  4.86578790e-01  6.19648120e-01  9.60652816e-01  3.57688566e-01  6.38200896e-01
8.93098598e-01  4.86459133e-01  6.19073430e-01  9.60730784e-01  3.57910577e-01  6.37648702e-01
8.92751166e-01  4.87294035e-01  6.19711146e-01  9.60630047e-01  3.58327673e-01  6.38196421e-01
8.92926865e-01  4.86344026e-01  6.19731310e-01  9.60641882e-01  3.57534129e-01  6.38307370e-01
8.92829734e-01  4.87739591e-01  6.19155083e-01  9.60705019e-01  3.58807974e-01  6.37602621e-01
8.92848001e-01  4.87624167e-01  6.19167992e-01  9.60699803e-01  3.58834009e-01  6.37629937e-01
8.93041056e-01  4.86950663e-01  6.18949706e-01  9.60748794e-01  3.58162409e-01  6.37473927e-01
8.92657834e-01  4.87498190e-01  6.19895526e-01  9.60596703e-01  3.58534196e-01  6.38361598e-01
8.92891086e-01  4.87196555e-01  6.19299311e-01  9.60689280e-01  3.58399807e-01  6.37799637e-01
8.07598032e-01  6.43451493e-01  8.07783091e-01  9.29401554e-01  4.70564591e-01  8.12524820e-01
8.92906284e-01  4.87331951e-01  6.19159802e-01  9.60712570e-01  3.58421806e-01  6.37645122e-01
8.92875968e-01  4.87471674e-01  6.19172029e-01  9.60704796e-01  3.58628108e-01  6.37646400e-01
8.92821120e-01  4.87748718e-01  6.19178410e-01  9.60701956e-01  3.58798380e-01  6.37624518e-01
8.92814963e-01  4.87683335e-01  6.19241763e-01  9.60686698e-01  3.58900667e-01  6.37698267e-01
8.92829356e-01  4.88065308e-01  6.18944903e-01  9.60730301e-01  3.59135371e-01  6.37363429e-01
8.92874571e-01  4.86621412e-01  6.19728794e-01  9.60638998e-01  3.57739097e-01  6.38277601e-01
8.93016836e-01  4.86953481e-01  6.19030116e-01  9.60728664e-01  3.58349694e-01  6.37558906e-01
8.92865648e-01  4.86423592e-01  6.19887525e-01  9.60615297e-01  3.57626485e-01  6.38456088e-01
8.92866293e-01  4.87693807e-01  6.19060666e-01  9.60721089e-01  3.58753310e-01  6.37512451e-01
8.92690205e-01  4.87314638e-01  6.19904772e-01  9.60601455e-01  3.58300524e-01  6.38386142e-01
8.92915955e-01  4.87341304e-01  6.19120888e-01  9.60712095e-01  3.58584991e-01  6.37609746e-01
8.92936186e-01  4.86250749e-01  6.19760215e-01  9.60636642e-01  3.57510297e-01  6.38346577e-01
8.92842028e-01  4.87349658e-01  6.19366496e-01  9.60682585e-01  3.58377688e-01  6.37847773e-01
8.92842002e-01  4.87934214e-01  6.18987070e-01  9.60725959e-01  3.59022149e-01  6.37417930e-01
8.92950499e-01  4.87489626e-01  6.18907293e-01  9.60745819e-01  3.58639279e-01  6.37380728e-01
8.92733960e-01  4.87665140e-01  6.19528635e-01  9.60646444e-01  3.58786874e-01  6.37983169e-01
8.92744609e-01  4.87427154e-01  6.19646985e-01  9.60634888e-01  3.58512785e-01  6.38121797e-01
8.92907063e-01  4.87438460e-01  6.19088006e-01  9.60714565e-01  3.58693266e-01  6.37568417e-01
8.92719113e-01  4.87846459e-01  6.19461334e-01  9.60657732e-01  3.58848616e-01  6.37896255e-01
8.93098303e-01  4.86854034e-01  6.18818048e-01  9.60764919e-01  3.58224402e-01  6.37355939e-01
8.92901983e-01  4.86610227e-01  6.19642974e-01  9.60653258e-01  3.57711478e-01  6.38192670e-01
8.92956736e-01  4.86825467e-01  6.19317307e-01  9.60691261e-01  3.58115717e-01  6.37853819e-01
8.92800207e-01  4.87250912e-01  6.19572614e-01  9.60646062e-01  3.58442537e-01  6.38066689e-01
8.92886443e-01  4.86765697e-01  6.19594804e-01  9.60653254e-01  3.57964144e-01  6.38133205e-01
8.92748467e-01  4.87595255e-01  6.19524747e-01  9.60650341e-01  3.58675049e-01  6.37984506e-01
8.92813092e-01  4.88085080e-01  6.18987294e-01  9.60724983e-01  3.59113321e-01  6.37402721e-01
8.92804091e-01  4.87083307e-01  6.19668241e-01  9.60639892e-01  3.58155099e-01  6.38173928e-01
8.93064428e-01  4.86615890e-01  6.19087689e-01  9.60729438e-01  3.57960204e-01  6.37645643e-01
8.38275382e-01  3.68303789e-01  8.82253476e-01  9.24646034e-01  2.44761775e-01  8.96182585e-01
8.92792277e-01  4.87795138e-01  6.19246211e-01  9.60685316e-01  3.58968036e-01  6.37691267e-01
8.92970153e-01  4.86673588e-01  6.19370353e-01  9.60688759e-01  3.57907220e-01  6.37918953e-01
8.92922870e-01  4.86992465e-01  6.19323886e-01  9.60691290e-01  3.58165538e-01  6.37841903e-01
8.92990481e-01  4.86716883e-01  6.19273219e-01  9.60703313e-01  3.57939914e-01  6.37817933e-01
8.93102298e-01  4.86633797e-01  6.18947468e-01  9.60750600e-01  3.57983631e-01  6.37504443e-01
8.92705988e-01  4.87001900e-01  6.20054222e-01  9.60587092e-01  3.57943553e-01  6.38562283e-01
8.92554389e-01  4.87799142e-01  6.20051401e-01  9.60575711e-01  3.58591266e-01  6.38482759e-01
8.92810093e-01  4.86975780e-01  6.19717673e-01  9.60636306e-01  3.58006755e-01  6.38231845e-01
8.92778331e-01  4.87804681e-01  6.19287374e-01  9.60683191e-01  3.58868234e-01  6.37728394e-01
8.92863472e-01  4.86751471e-01  6.19682043e-01  9.60642486e-01  3.57889825e-01  6.38219752e-01
8.93047342e-01  4.86465650e-01  6.19243247e-01  9.60706938e-01  3.57851594e-01  6.37815489e-01
8.92990064e-01  4.86776599e-01  6.19235864e-01  9.60705950e-01  3.58044097e-01  6.37776498e-01
8.92839800e-01  4.87174332e-01  6.19487888e-01  9.60662336e-01  3.58332213e-01  6.37988314e-01
8.92981352e-01  4.87295449e-01  6.18928591e-01  9.60739160e-01  3.58633058e-01  6.37424891e-01
8.92937041e-01  4.87294444e-01  6.19079711e-01  9.60719656e-01  3.58535507e-01  6.37572915e-01
8.92836564e-01  4.88062394e-01  6.18922316e-01  9.60732497e-01  3.59166107e-01  6.37342112e-01
8.92691149e-01  4.87437750e-01  6.19821640e-01  9.60608967e-01  3.58487834e-01  6.38293875e-01
8.92707302e-01  4.87719290e-01  6.19584002e-01  9.60644171e-01  3.58657027e-01  6.38028316e-01
8.92963414e-01  4.87230011e-01  6.19031987e-01  9.60725382e-01  3.58547603e-01  6.37533354e-01
8.92876792e-01  4.86773626e-01  6.19622430e-01  9.60649593e-01  3.57952352e-01  6.38159460e-01
8.92852183e-01  4.88057052e-01  6.18872750e-01  9.60741900e-01  3.59122340e-01  6.37292128e-01
8.93069356e-01  4.87028220e-01  6.18803256e-01  9.60768779e-01  3.58265137e-01  6.37321597e-01
8.93085423e-01  4.86575221e-01  6.19042798e-01  9.60735899e-01  3.57954371e-01  6.37605589e-01
8.93001834e-01  4.87262839e-01  6.18880212e-01  9.60745770e-01  3.58640471e-01  6.37380761e-01
8.92945435e-01  4.86441365e-01  6.19605057e-01  9.60655581e-01  3.57722219e-01  6.38175246e-01
8.93012421e-01  4.86672033e-01  6.19227837e-01  9.60712099e-01  3.57877395e-01  6.37776317e-01
8.92831226e-01  4.87889234e-01  6.19052863e-01  9.60714176e-01  3.59039697e-01  6.37489348e-01
8.92926003e-01  4.86735566e-01  6.19480035e-01  9.60673952e-01  3.57880728e-01  6.38020134e-01
8.92814592e-01  4.87117914e-01  6.19610116e-01  9.60650298e-01  3.58137230e-01  6.38111410e-01
8.92911111e-01  4.87501594e-01  6.19033271e-01  9.60723800e-01  3.58704088e-01  6.37506655e-01
8.92589362e-01  4.87766067e-01  6.19954118e-01  9.60590011e-01  3.58596261e-01  6.38389889e-01
8.93040912e-01  4.86713996e-01  6.19103846e-01  9.60729660e-01  3.57937952e-01  6.37649460e-01
8.92768788e-01  4.86903721e-01  6.19904713e-01  9.60606467e-01  3.57993184e-01  6.38426365e-01
8.92704178e-01  4.87576882e-01  6.19687066e-01  9.60624917e-01  3.58671591e-01  6.38148341e-01
8.92879610e-01  4.86691730e-01  6.19666029e-01  9.60642490e-01  3.57923389e-01  6.38211820e-01
8.92817079e-01  4.87598768e-01  6.19289486e-01  9.60688024e-01  3.58649390e-01  6.37748929e-01
8.92885441e-01  4.87238858e-01  6.19291016e-01  9.60691746e-01  3.58390238e-01  6.37786077e-01
8.93078760e-01  4.86419441e-01  6.19166562e-01  9.60718494e-01  3.57839469e-01  6.37744244e-01
8.92795009e-01  4.87175518e-01  6.19639216e-01  9.60644296e-01  3.58199299e-01  6.38135278e-01
8.92916310e-01  4.87594365e-01  6.18955386e-01  9.60736532e-01  3.58730789e-01  6.37418730e-01
8.92931459e-01  4.87272809e-01  6.19112713e-01  9.60716803e-01  3.58470260e-01  6.37606570e-01
8.93001314e-01  4.87120451e-01  6.18974424e-01  9.60736109e-01  3.58454693e-01  6.37486452e-01
8.92658362e-01  4.87652062e-01  6.19793836e-01  9.60613597e-01  3.58577027e-01  6.38243185e-01
8.92967031e-01  4.87277695e-01  6.18988749e-01  9.60729934e-01  3.58622001e-01  6.37486651e-01
8.80630730e-01  8.07358727e-01  4.53369838e-01  9.77622090e-01  8.12427194e-01  4.22848589e-01
8.92778507e-01  4.86901272e-01  6.19873300e-01  9.60613643e-01  3.57936151e-01  6.38393784e-01
8.92988871e-01  4.87302749e-01  6.18898323e-01  9.60747768e-01  3.58541248e-01  6.37391314e-01
8.93078419e-01  4.86727716e-01  6.18967577e-01  9.60748137e-01  3.58009954e-01  6.37514038e-01
8.92980075e-01  4.86404043e-01  6.19511662e-01  9.60672449e-01  3.57647912e-01  6.38084584e-01
8.92783782e-01  4.87884746e-01  6.19216881e-01  9.60692879e-01  3.58935356e-01  6.37650472e-01
8.88660382e-01  1.90313059e-01  8.26715133e-01  9.35422430e-01  1.35762628e-01  8.52746487e-01
8.92892560e-01  4.87867106e-01  6.18858959e-01  9.60741739e-01  3.59092565e-01  6.37300171e-01
8.92880605e-01  4.87138701e-01  6.19372462e-01  9.60684317e-01  3.58217585e-01  6.37874363e-01
8.92713030e-01  4.87578265e-01  6.19656109e-01  9.60629560e-01  3.58676300e-01  6.38117459e-01
8.92598058e-01  4.87513600e-01  6.20088502e-01  9.60574636e-01  3.58348144e-01  6.38546895e-01
7.93753795e-01  4.62738125e-01  9.72135277e-01  9.10764726e-01  2.77951222e-01  9.77377889e-01
8.92659127e-01  4.87573471e-01  6.19842261e-01  9.60603992e-01  3.58592246e-01  6.38301192e-01
8.92693393e-01  4.87566684e-01  6.19730310e-01  9.60619967e-01  3.58623841e-01  6.38191321e-01
8.92933736e-01  4.87366915e-01  6.19043882e-01  9.60725803e-01  3.58554204e-01  6.37529104e-01
8.73998050e-01  2.86273379e-01  8.14202992e-01  9.37046951e-01  1.61305373e-01  8.36315882e-01
8.93110305e-01  4.86801015e-01  6.18811716e-01  9.60769981e-01  3.58101064e-01  6.37352524e-01
8.92977569e-01  4.86953341e-01  6.19163546e-01  9.60714092e-01  3.58199416e-01  6.37687723e-01
8.93039533e-01  4.86621696e-01  6.19168453e-01  9.60721675e-01  3.57846170e-01  6.37722269e-01
8.92847978e-01  4.86953029e-01  6.19603797e-01  9.60651727e-01  3.58051891e-01  6.38122341e-01
8.92924446e-01  4.86649852e-01  6.19540970e-01  9.60665076e-01  3.57827596e-01  6.38089554e-01
8.93163722e-01  4.86669229e-01  6.18715888e-01  9.60779350e-01  3.58176071e-01  6.37274790e-01
8.92940798e-01  4.87468822e-01  6.18953741e-01  9.60739050e-01  3.58618894e-01  6.37428932e-01
8.93059837e-01  4.87023967e-01  6.18838340e-01  9.60757243e-01  3.58411447e-01  6.37361118e-01
8.92738645e-01  4.87563441e-01  6.19578756e-01  9.60646609e-01  3.58547083e-01  6.38038566e-01
8.93048314e-01  4.87051720e-01  6.18859450e-01  9.60756381e-01  3.58365061e-01  6.37377569e-01
8.92718343e-01  4.87086150e-01  6.19957568e-01  9.60598500e-01  3.58069522e-01  6.38459478e-01
8.93014062e-01  4.86589544e-01  6.19275820e-01  9.60704812e-01  3.57836020e-01  6.37832785e-01
8.92964360e-01  4.87393668e-01  6.18922525e-01  9.60738417e-01  3.58718559e-01  6.37409524e-01
8.81648570e-01  3.93161023e-01  7.18824686e-01  9.47018224e-01  2.88883652e-01  7.42341653e-01
8.92790130e-01  4.87260726e-01  6.19600464e-01  9.60648683e-01  3.58277633e-01  6.38088711e-01
8.92857594e-01  4.86841098e-01  6.19643814e-01  9.60644757e-01  3.58019696e-01  6.38174613e-01
8.92917045e-01  4.87672140e-01  6.18902398e-01  9.60740456e-01  3.58871061e-01  6.37360544e-01
8.92993593e-01  4.86546869e-01  6.19373030e-01  9.60690674e-01  3.57793185e-01  6.37933523e-01
8.92826343e-01  4.87714067e-01  6.19183169e-01  9.60699431e-01  3.58826218e-01  6.37634153e-01
8.92747084e-01  4.87572435e-01  6.19544258e-01  9.60646162e-01  3.58692698e-01  6.38007149e-01
8.92845682e-01  4.87032610e-01  6.19559925e-01  9.60652130e-01  3.58244141e-01  6.38074493e-01
8.92778477e-01  4.87705669e-01  6.19351158e-01  9.60670835e-01  3.58882990e-01  6.37804144e-01
8.92794444e-01  4.86634117e-01  6.19992633e-01  9.60603072e-01  3.57621415e-01  6.38535665e-01
8.93097303e-01  4.86922124e-01  6.18777238e-01  9.60767913e-01  3.58336800e-01  6.37310279e-01
8.93022265e-01  4.86738504e-01  6.19151254e-01  9.60722666e-01  3.57939940e-01  6.37693838e-01
8.93039443e-01  4.86448458e-01  6.19281230e-01  9.60702201e-01  3.57815442e-01  6.37854374e-01
8.92682323e-01  4.87291616e-01  6.19946484e-01  9.60598029e-01  3.58215681e-01  6.38428087e-01
8.92612765e-01  4.87876693e-01  6.19802829e-01  9.60611461e-01  3.58696432e-01  6.38228768e-01
8.93046465e-01  4.87036734e-01  6.18875456e-01  9.60752139e-01  3.58401026e-01  6.37396299e-01
8.92816905e-01  4.86824164e-01  6.19792975e-01  9.60624700e-01  3.57936032e-01  6.38322912e-01
8.92861138e-01  4.87288368e-01  6.19341396e-01  9.60681288e-01  3.58476674e-01  6.37832786e-01
8.41794374e-01  8.06849768e-01  5.85574181e-01  9.60783003e-01  6.54590671e-01  5.67979536e-01
8.92976946e-01  4.86296334e-01  6.19592215e-01  9.60659808e-01  3.57602360e-01  6.38176362e-01
8.92754756e-01  4.86913660e-01  6.19945910e-01  9.60604757e-01  3.57883359e-01  6.38463189e-01
8.92970981e-01  4.87028750e-01  6.19136961e-01  9.60717548e-01  3.58249968e-01  6.37653663e-01
8.92860440e-01  4.87708093e-01  6.19071267e-01  9.60711003e-01  3.58965380e-01  6.37527188e-01
8.14158651e-01  6.41276763e-01  7.86916291e-01  9.32956963e-01  4.62094865e-01  7.91721420e-01
8.92655941e-01  4.87697471e-01  6.19772575e-01  9.60612621e-01  3.58701854e-01  6.38220058e-01
8.12340913e-01  4.03376440e-01  9.47555871e-01  9.15433413e-01  2.43598153e-01  9.55529659e-01
8.92785730e-01  4.87482681e-01  6.19471302e-01  9.60659213e-01  3.58610417e-01  6.37942839e-01
8.92942083e-01  4.86600856e-01  6.19512892e-01  9.60666637e-01  3.57873751e-01  6.38068678e-01
8.92715140e-01  4.87696230e-01  6.19572360e-01  9.60643594e-01  3.58704769e-01  6.38020775e-01
8.92915570e-01  4.86735368e-01  6.19515589e-01  9.60665132e-01  3.57960945e-01  6.38057798e-01
8.92743247e-01  4.86837233e-01  6.20034608e-01  9.60588026e-01  3.57920785e-01  6.38561653e-01
8.92670108e-01  4.87536514e-01  6.19828965e-01  9.60609136e-01  3.58500545e-01  6.38289797e-01
8.92692797e-01  4.87789170e-01  6.19587889e-01  9.60640273e-01  3.58768851e-01  6.38026978e-01
8.80184113e-01  8.05716040e-01  4.55953033e-01  9.79837313e-01  7.48360341e-01  4.23728609e-01
8.93031839e-01  4.86510996e-01  6.19266450e-01  9.60702641e-01  3.57888924e-01  6.37834249e-01
8.92994855e-01  4.87218432e-01  6.18932741e-01  9.60738735e-01  3.58592865e-01  6.37437078e-01
8.92796600e-01  4.87619811e-01  6.19345361e-01  9.60674175e-01  3.58784757e-01  6.37805857e-01
8.92632527e-01  4.87748866e-01  6.19818711e-01  9.60608214e-01  3.58657720e-01  6.38258706e-01
8.05197137e-01  7.40078688e-01  7.53199876e-01  9.36585482e-01  5.37461410e-01  7.50710483e-01
8.92941307e-01  4.87640190e-01  6.18840754e-01  9.60746988e-01  3.58930944e-01  6.37304563e-01
8.92759892e-01  4.87486915e-01  6.19556292e-01  9.60650437e-01  3.58504317e-01  6.38024091e-01
8.92798070e-01  4.87821623e-01  6.19209348e-01  9.60696094e-01  3.58856994e-01  6.37648303e-01
8.92799622e-01  4.86796389e-01  6.19869695e-01  9.60614572e-01  3.57879823e-01  6.38401085e-01
8.92717665e-01  4.87453646e-01  6.19721281e-01  9.60625311e-01  3.58476757e-01  6.38191684e-01
8.92980618e-01  4.86372704e-01  6.19530163e-01  9.60667467e-01  3.57685119e-01  6.38107766e-01
8.92843622e-01  4.86463065e-01  6.19936690e-01  9.60608241e-01  3.57630114e-01  6.38500476e-01
8.92898868e-01  4.87625123e-01  6.18994643e-01  9.60723375e-01  3.58916613e-01  6.37459342e-01
8.92710323e-01  4.87590231e-01  6.19657536e-01  9.60632443e-01  3.58606052e-01  6.38115516e-01
8.92918977e-01  4.86344160e-01  6.19758006e-01  9.60638044e-01  3.57526629e-01  6.38333740e-01
8.92593809e-01  4.87434033e-01  6.20154585e-01  9.60560105e-01  3.58416132e-01  6.38624055e-01
8.92982237e-01  4.87129490e-01  6.19033332e-01  9.60729467e-01  3.58397514e-01  6.37542498e-01
8.93082847e-01  4.86818128e-01  6.18893843e-01  9.60754402e-01  3.58177406e-01  6.37434442e-01
8.92987879e-01  4.86462156e-01  6.19447432e-01  9.60677882e-01  3.57784943e-01  6.38017484e-01
8.92754652e-01  4.87573714e-01  6.19517732e-01  9.60655864e-01  3.58557302e-01  6.37976818e-01
8.92830661e-01  4.87480892e-01  6.19319893e-01  9.60681869e-01  3.58630934e-01  6.37792737e-01
8.92674149e-01  4.87385592e-01  6.19913227e-01  9.60598418e-01  3.58374542e-01  6.38388188e-01
8.93138383e-01  4.86700127e-01  6.18781871e-01  9.60772425e-01  3.58108901e-01  6.37335006e-01
8.93109458e-01  4.86781602e-01  6.18827195e-01  9.60767857e-01  3.58085415e-01  6.37369826e-01
8.92917718e-01  4.87073101e-01  6.19289030e-01  9.60692786e-01  3.58297536e-01  6.37801238e-01
8.92789897e-01  4.87759365e-01  6.19277519e-01  9.60687981e-01  3.58768345e-01  6.37721197e-01
8.92717380e-01  4.87061480e-01  6.19976857e-01  9.60598102e-01  3.57995052e-01  6.38479563e-01
8.92854102e-01  4.86590347e-01  6.19818468e-01  9.60622040e-01  3.57798834e-01  6.38372271e-01
8.92944534e-01  4.86231221e-01  6.19744548e-01  9.60638122e-01  3.57524728e-01  6.38333687e-01
8.92775254e-01  4.86817285e-01  6.19938874e-01  9.60601014e-01  3.57957745e-01  6.38469674e-01
8.92837829e-01  4.87877426e-01  6.19038110e-01  9.60715832e-01  3.59049891e-01  6.37476331e-01
8.92890625e-01  4.87574739e-01  6.19055347e-01  9.60722713e-01  3.58680036e-01  6.37519289e-01
8.92811732e-01  4.87095835e-01  6.19634163e-01  9.60646769e-01  3.58122211e-01  6.38137576e-01
8.92675438e-01  4.87131124e-01  6.20074059e-01  9.60577747e-01  3.58154480e-01  6.38572541e-01
8.92870340e-01  4.86269762e-01  6.19971463e-01  9.60607730e-01  3.57423723e-01  6.38552343e-01
8.92888162e-01  4.86885412e-01  6.19511245e-01  9.60663510e-01  3.58084687e-01  6.38039068e-01
8.92826325e-01  4.87951393e-01  6.19029151e-01  9.60718973e-01  3.59040742e-01  6.37458345e-01
8.92931391e-01  4.87053195e-01  6.19255522e-01  9.60698364e-01  3.58279503e-01  6.37769717e-01
8.60995354e-01  3.53427119e-01  8.14757483e-01  9.35574589e-01  2.12508565e-01  8.33701177e-01
8.92820404e-01  4.86918642e-01  6.19719755e-01  9.60638913e-01  3.57909551e-01  6.38238017e-01
9.49085968e-01  3.51116624e-01  5.17127174e-01  9.77377929e-01  2.74403771e-01  5.51085382e-01
8.92881768e-01  4.86994680e-01  6.19462016e-01  9.60673379e-01  3.58079941e-01  6.37976904e-01
8.92701609e-01  4.87524595e-01  6.19729738e-01  9.60622274e-01  3.58550794e-01  6.38193731e-01
8.92537223e-01  4.87736179e-01  6.20150571e-01  9.60563375e-01  3.58487939e-01  6.38586186e-01
8.93129862e-01  4.86778290e-01  6.18760060e-01  9.60777993e-01  3.58091165e-01  6.37303477e-01
8.92704684e-01  4.87777142e-01  6.19555332e-01  9.60646024e-01  3.58746573e-01  6.37995346e-01
8.92866936e-01  4.87222247e-01  6.19364639e-01  9.60683850e-01  3.58296336e-01  6.37858816e-01
8.92837481e-01  4.87311881e-01  6.19406461e-01  9.60669366e-01  3.58531414e-01  6.37896341e-01
8.92803017e-01  4.87111200e-01  6.19653780e-01  9.60637574e-01  3.58278933e-01  6.38159632e-01
8.92836442e-01  4.87889341e-01  6.19035085e-01  9.60718482e-01  3.59002152e-01  6.37470576e-01
8.92997307e-01  4.87305993e-01  6.18867570e-01  9.60753666e-01  3.58515480e-01  6.37359565e-01
8.92716266e-01  4.87436682e-01  6.19737042e-01  9.60619824e-01  3.58543130e-01  6.38211239e-01
8.93094354e-01  4.86761503e-01  6.18891531e-01  9.60757195e-01  3.58092497e-01  6.37436525e-01
8.92931969e-01  4.87374719e-01  6.19044813e-01  9.60720942e-01  3.58672649e-01  6.37532383e-01
8.92790422e-01  4.86946982e-01  6.19803165e-01  9.60620781e-01  3.58048379e-01  6.38321589e-01
8.92777910e-01  4.87945409e-01  6.19197438e-01  9.60696868e-01  3.58939227e-01  6.37623984e-01
8.92795340e-01  4.87156696e-01  6.19650311e-01  9.60637325e-01  3.58318692e-01  6.38151871e-01
8.92753516e-01  4.87752314e-01  6.19405637e-01  9.60668595e-01  3.58752300e-01  6.37849275e-01
8.92572860e-01  4.87659666e-01  6.20079233e-01  9.60570284e-01  3.58555214e-01  6.38526048e-01
8.92796539e-01  4.87307626e-01  6.19548251e-01  9.60652349e-01  3.58407190e-01  6.38034697e-01
8.93041807e-01  4.87207797e-01  6.18780213e-01  9.60765638e-01  3.58510184e-01  6.37284043e-01
8.92833296e-01  4.86659148e-01  6.19844451e-01  9.60623511e-01  3.57695631e-01  6.38387135e-01
8.92603715e-01  4.87702639e-01  6.19946560e-01  9.60593015e-01  3.58523048e-01  6.38387865e-01
8.92830220e-01  4.87529134e-01  6.19290071e-01  9.60687332e-01  3.58632572e-01  6.37757328e-01
8.92868507e-01  4.87961793e-01  6.18879165e-01  9.60739692e-01  3.59108741e-01  6.37309487e-01
8.92651780e-01  4.87484449e-01  6.19925006e-01  9.60598821e-01  3.58364716e-01  6.38387917e-01
8.93050324e-01  4.86712928e-01  6.19072579e-01  9.60732639e-01  3.57983286e-01  6.37619687e-01
8.93145162e-01  4.86606505e-01  6.18819634e-01  9.60767444e-01  3.58044921e-01  6.37382005e-01
8.92856784e-01  4.86925690e-01  6.19591645e-01  9.60653266e-01  3.58048062e-01  6.38113374e-01
8.92778269e-01  4.87434642e-01  6.19527825e-01  9.60654947e-01  3.58478597e-01  6.38001226e-01
8.92893919e-01  4.87745366e-01  6.18933384e-01  9.60734801e-01  3.58924609e-01  6.37384195e-01
8.93160894e-01  4.86641200e-01  6.18743688e-01  9.60777129e-01  3.58112237e-01  6.37304061e-01
8.92877733e-01  4.87099313e-01  6.19407789e-01  9.60679888e-01  3.58173922e-01  6.37913038e-01
8.92707905e-01  4.87300062e-01  6.19854133e-01  9.60604813e-01  3.58403878e-01  6.38340278e-01
8.92848537e-01  4.86753817e-01  6.19731235e-01  9.60636036e-01  3.57861799e-01  6.38267705e-01
8.93091470e-01  4.86519563e-01  6.19058399e-01  9.60735010e-01  3.57891827e-01  6.37626021e-01
8.92967476e-01  4.86876402e-01  6.19247772e-01  9.60701944e-01  3.58141720e-01  6.37779200e-01
8.92894916e-01  4.86699326e-01  6.19609126e-01  9.60655347e-01  3.57828963e-01  6.38151617e-01
8.92999923e-01  4.86918239e-01  6.19110427e-01  9.60718800e-01  3.58269992e-01  6.37640920e-01
8.92885207e-01  4.86238781e-01  6.19941096e-01  9.60611074e-01  3.57443227e-01  6.38526311e-01
8.92898306e-01  4.86834804e-01  6.19509657e-01  9.60665225e-01  3.58026043e-01  6.38041876e-01
8.92642522e-01  4.87658420e-01  6.19843494e-01  9.60604826e-01  3.58605585e-01  6.38292701e-01
8.92724571e-01  4.87145411e-01  6.19897944e-01  9.60604998e-01  3.58163666e-01  6.38395645e-01
8.92886834e-01  4.86873923e-01  6.19523216e-01  9.60666570e-01  3.57959590e-01  6.38048899e-01
8.92712573e-01  4.87146362e-01  6.19938068e-01  9.60602280e-01  3.58078402e-01  6.38433150e-01
8.92719254e-01  4.86954839e-01  6.20039726e-01  9.60590603e-01  3.57891644e-01  6.38551991e-01
8.92821413e-01  4.87382880e-01  6.19414930e-01  9.60671360e-01  3.58482820e-01  6.37894996e-01
8.92887205e-01  4.86582940e-01  6.19710869e-01  9.60637837e-01  3.57817918e-01  6.38266491e-01
8.92881280e-01  4.86996837e-01  6.19462274e-01  9.60674837e-01  3.58044394e-01  6.37975921e-01
8.92950624e-01  4.87477500e-01  6.18914742e-01  9.60738157e-01  3.58792289e-01  6.37393832e-01
8.92918739e-01  4.87496828e-01  6.19010462e-01  9.60724746e-01  3.58765285e-01  6.37486184e-01
8.92773046e-01  4.87457721e-01  6.19530577e-01  9.60650232e-01  3.58593503e-01  6.38004404e-01
8.92938513e-01  4.86547183e-01  6.19559859e-01  9.60663393e-01  3.57750733e-01  6.38118442e-01
8.92767427e-01  4.87181676e-01  6.19728876e-01  9.60626940e-01  3.58285523e-01  6.38226264e-01
8.92736863e-01  4.87027446e-01  6.19932791e-01  9.60598870e-01  3.58127832e-01  6.38443374e-01
8.92730488e-01  4.87906128e-01  6.19383968e-01  9.60668742e-01  3.58900302e-01  6.37813486e-01
8.93164144e-01  4.86655789e-01  6.18723182e-01  9.60780928e-01  3.58103907e-01  6.37281660e-01
8.92664576e-01  4.87456824e-01  6.19899487e-01  9.60599659e-01  3.58428486e-01  6.38367534e-01
8.92638291e-01  4.87474637e-01  6.19977180e-01  9.60589518e-01  3.58389445e-01  6.38441749e-01
8.92926847e-01  4.86911238e-01  6.19363119e-01  9.60689613e-01  3.58021158e-01  6.37886654e-01
8.93053797e-01  4.86576038e-01  6.19149660e-01  9.60720753e-01  3.57919170e-01  6.37710992e-01
8.93057822e-01  4.86859230e-01  6.18952136e-01  9.60748852e-01  3.58110454e-01  6.37485788e-01
8.92758024e-01  4.87286875e-01  6.19692508e-01  9.60634592e-01  3.58284246e-01  6.38177499e-01
8.92691837e-01  4.87151217e-01  6.20005328e-01  9.60588165e-01  3.58169910e-01  6.38502111e-01
8.92937234e-01  4.86402371e-01  6.19658220e-01  9.60652296e-01  3.57583373e-01  6.38228997e-01
8.92931299e-01  4.87013094e-01  6.19281871e-01  9.60693050e-01  3.58291089e-01  6.37801060e-01
8.92791846e-01  4.86576160e-01  6.20039078e-01  9.60591674e-01  3.57697211e-01  6.38590901e-01
8.92823817e-01  4.87499557e-01  6.19331014e-01  9.60684564e-01  3.58531587e-01  6.37798852e-01
8.92645578e-01  4.87222596e-01  6.20116069e-01  9.60574582e-01  3.58113802e-01  6.38602415e-01
8.92696408e-01  4.87206229e-01  6.19954092e-01  9.60592215e-01  3.58290028e-01  6.38447858e-01
8.92980294e-01  4.86634569e-01  6.19361251e-01  9.60687648e-01  3.57951137e-01  6.37915736e-01
8.92816832e-01  4.87975975e-01  6.19045429e-01  9.60715792e-01  3.59067717e-01  6.37472392e-01
8.92931653e-01  4.86872642e-01  6.19371857e-01  9.60689647e-01  3.57969795e-01  6.37898527e-01
8.93019931e-01  4.86661999e-01  6.19208847e-01  9.60709528e-01  3.58007445e-01  6.37762188e-01
8.93051497e-01  4.86557261e-01  6.19169661e-01  9.60719281e-01  3.57870822e-01  6.37731815e-01
8.92854812e-01  4.87432053e-01  6.19269593e-01  9.60692744e-01  3.58534351e-01  6.37745746e-01
8.92975065e-01  4.87253775e-01  6.18976996e-01  9.60733767e-01  3.58562297e-01  6.37476131e-01
8.92727114e-01  4.87706964e-01  6.19524731e-01  9.60648726e-01  3.58764931e-01  6.37973700e-01
8.92947011e-01  4.87470312e-01  6.18931677e-01  9.60739128e-01  3.58701230e-01  6.37409045e-01
8.93151829e-01  4.86565475e-01  6.18823633e-01  9.60765576e-01  3.58056745e-01  6.37391200e-01
8.92771892e-01  4.87769484e-01  6.19332090e-01  9.60676907e-01  3.58836083e-01  6.37776255e-01
8.92970877e-01  4.87341729e-01  6.18934117e-01  9.60744832e-01  3.58494835e-01  6.37421064e-01
8.92883042e-01  4.86659207e-01  6.19675493e-01  9.60646690e-01  3.57770523e-01  6.38220882e-01
8.92818407e-01  4.87535034e-01  6.19326353e-01  9.60682679e-01  3.58611191e-01  6.37792191e-01
8.92906535e-01  4.87764866e-01  6.18877886e-01  9.60745304e-01  3.58887731e-01  6.37325536e-01
8.92737955e-01  4.87792139e-01  6.19432622e-01  9.60665817e-01  3.58735787e-01  6.37870976e-01
8.92826430e-01  4.87667392e-01  6.19213177e-01  9.60695011e-01  3.58799173e-01  6.37668864e-01
8.92864634e-01  4.87307641e-01  6.19317012e-01  9.60687976e-01  3.58414739e-01  6.37804482e-01
8.92940102e-01  4.87211473e-01  6.19123184e-01  9.60716963e-01  3.58398976e-01  6.37622328e-01
8.92666663e-01  4.87765798e-01  6.19691806e-01  9.60624195e-01  3.58756529e-01  6.38132969e-01
8.93074775e-01  4.87067947e-01  6.18759061e-01  9.60767910e-01  3.58471687e-01  6.37278543e-01
8.93124268e-01  4.86733542e-01  6.18808108e-01  9.60770513e-01  3.58071243e-01  6.37356132e-01
8.92888483e-01  4.87809891e-01  6.18909952e-01  9.60736230e-01  3.59007738e-01  6.37355461e-01
8.92658453e-01  4.87165694e-01  6.20109292e-01  9.60576927e-01  3.58056631e-01  6.38600834e-01
8.92627983e-01  4.87491266e-01  6.20001387e-01  9.60586423e-01  3.58380689e-01  6.38463651e-01
8.92776778e-01  4.87614816e-01  6.19415915e-01  9.60668721e-01  3.58648183e-01  6.37872983e-01
8.92934411e-01  4.87352360e-01  6.19051040e-01  9.60726546e-01  3.58502390e-01  6.37536536e-01
8.92830965e-01  4.87167082e-01  6.19522598e-01  9.60659000e-01  3.58278783e-01  6.38022283e-01
8.93033992e-01  4.86651964e-01  6.19167617e-01  9.60721517e-01  3.57866867e-01  6.37718409e-01
8.92854726e-01  4.87415073e-01  6.19280909e-01  9.60692055e-01  3.58500628e-01  6.37758108e-01
9.37871929e-01  4.10613091e-01  5.16578677e-01  9.74341830e-01  3.81054321e-01  5.45442838e-01
8.92604896e-01  4.87512304e-01  6.20066123e-01  9.60577872e-01  3.58353436e-01  6.38524899e-01
8.92775370e-01  4.87811978e-01  6.19292691e-01  9.60683183e-01  3.58851567e-01  6.37732364e-01
8.92910439e-01  4.87492988e-01  6.19041140e-01  9.60723468e-01  3.58678480e-01  6.37514813e-01
8.92901185e-01  4.86989900e-01  6.19399186e-01  9.60682702e-01  3.58088508e-01  6.37915106e-01
8.92996062e-01  4.86709587e-01  6.19259005e-01  9.60702852e-01  3.58001688e-01  6.37806347e-01
8.92974332e-01  4.87395911e-01  6.18887205e-01  9.60743454e-01  3.58730609e-01  6.37374390e-01
8.93035131e-01  4.86872657e-01  6.19020468e-01  9.60735315e-01  3.58187614e-01  6.37554419e-01
8.92800304e-01  4.86828091e-01  6.19846797e-01  9.60619526e-01  3.57860099e-01  6.38373965e-01
8.92804376e-01  4.87949991e-01  6.19104592e-01  9.60706184e-01  3.59065969e-01  6.37534406e-01
8.92857383e-01  4.87461196e-01  6.19241939e-01  9.60690764e-01  3.58700523e-01  6.37719320e-01
8.92789412e-01  4.86847296e-01  6.19871315e-01  9.60613066e-01  3.57933363e-01  6.38398137e-01
8.92742642e-01  4.87493707e-01  6.19610458e-01  9.60642106e-01  3.58505268e-01  6.38077285e-01
8.92811859e-01  4.86863822e-01  6.19784362e-01  9.60630531e-01  3.57844427e-01  6.38307091e-01
8.92767941e-01  4.87173619e-01  6.19732361e-01  9.60626791e-01  3.58272332e-01  6.38230329e-01
8.93057651e-01  4.87027832e-01  6.18843251e-01  9.60754943e-01  3.58450663e-01  6.37366638e-01
8.93008210e-01  4.86829541e-01  6.19139876e-01  9.60721931e-01  3.58042071e-01  6.37674503e-01
8.92830440e-01  4.86758565e-01  6.19789604e-01  9.60626481e-01  3.57875802e-01  6.38325676e-01
8.92909977e-01  4.86985774e-01  6.19372009e-01  9.60683831e-01  3.58162059e-01  6.37890553e-01
8.93084438e-01  4.86556419e-01  6.19058349e-01  9.60734193e-01  3.57928574e-01  6.37622605e-01
8.24265604e-01  5.25676422e-01  8.27650575e-01  9.30004117e-01  3.47499721e-01  8.37636351e-01
8.92857195e-01  4.87780294e-01  6.19035409e-01  9.60716940e-01  3.58989193e-01  6.37483517e-01
8.92804663e-01  4.88064451e-01  6.19029307e-01  9.60718189e-01  3.59110386e-01  6.37446974e-01
8.92857356e-01  4.86518102e-01  6.19854323e-01  9.60626374e-01  3.57524845e-01  6.38408988e-01
8.92740608e-01  4.86843111e-01  6.20039754e-01  9.60592216e-01  3.57801848e-01  6.38562794e-01
8.92763294e-01  4.86904855e-01  6.19922632e-01  9.60608027e-01  3.57887833e-01  6.38441168e-01
8.92644604e-01  4.87354172e-01  6.20033951e-01  9.60582686e-01  3.58286615e-01  6.38509766e-01
8.92897824e-01  4.87294096e-01  6.19213104e-01  9.60704877e-01  3.58390282e-01  6.37701870e-01
8.92682796e-01  4.87231671e-01  6.19983795e-01  9.60590154e-01  3.58239256e-01  6.38473027e-01
8.92900941e-01  4.86394929e-01  6.19786289e-01  9.60632493e-01  3.57577749e-01  6.38357300e-01
8.86892532e-01  7.88529659e-01  4.44331343e-01  9.74238137e-01  9.15810366e-01  4.20205798e-01
7.99516351e-01  6.43974082e-01  8.34887633e-01  9.23777666e-01  5.06343367e-01  8.40161757e-01
8.92999674e-01  4.87069819e-01  6.19012864e-01  9.60734482e-01  3.58325851e-01  6.37527216e-01
8.93127948e-01  4.86763588e-01  6.18776102e-01  9.60768712e-01  3.58249926e-01  6.37325609e-01
8.93787309e-01  7.06197471e-01  4.74372028e-01  9.79001282e-01  6.18074543e-01  4.59763255e-01
8.93053520e-01  4.86762476e-01  6.19029559e-01  9.60738443e-01  3.58027160e-01  6.37572142e-01
8.92813568e-01  4.86549600e-01  6.19982565e-01  9.60607216e-01  3.57520416e-01  6.38532873e-01
8.92765620e-01  4.87808765e-01  6.19327884e-01  9.60677523e-01  3.58854755e-01  6.37767908e-01
8.92728464e-01  4.87238138e-01  6.19824525e-01  9.60612928e-01  3.58290285e-01  6.38314990e-01
8.92847107e-01  4.86378227e-01  6.19979937e-01  9.60604295e-01  3.57524278e-01  6.38550694e-01
8.93070564e-01  4.86953427e-01  6.18847713e-01  9.60761432e-01  3.58241976e-01  6.37374161e-01
8.92874293e-01  4.86923547e-01  6.19533580e-01  9.60659456e-01  3.58116119e-01  6.38057660e-01
8.92995056e-01  4.86656155e-01  6.19297110e-01  9.60699349e-01  3.57918634e-01  6.37848366e-01
8.92684419e-01  4.87750978e-01  6.19641134e-01  9.60632376e-01  3.58742401e-01  6.38083844e-01
8.92737939e-01  4.87456630e-01  6.19650499e-01  9.60639371e-01  3.58403533e-01  6.38118775e-01
8.92818772e-01  4.87915325e-01  6.19078216e-01  9.60712297e-01  3.59001237e-01  6.37510449e-01
8.92897148e-01  4.86596873e-01  6.19668063e-01  9.60650528e-01  3.57676974e-01  6.38218295e-01
8.93007869e-01  4.86796321e-01  6.19162601e-01  9.60715932e-01  3.58087195e-01  6.37702346e-01
8.93029380e-01  4.86747581e-01  6.19121199e-01  9.60722243e-01  3.58068165e-01  6.37666361e-01
8.92857118e-01  4.87323491e-01  6.19332245e-01  9.60683995e-01  3.58461224e-01  6.37819063e-01
8.93077266e-01  4.86779113e-01  6.18938123e-01  9.60750650e-01  3.58083503e-01  6.37480609e-01
8.92907045e-01  4.86489481e-01  6.19704177e-01  9.60646448e-01  3.57591208e-01  6.38264652e-01
8.93002000e-01  4.87169505e-01  6.18940244e-01  9.60741964e-01  3.58463646e-01  6.37446800e-01
8.73907159e-01  7.37290261e-01  5.21690272e-01  9.66700385e-01  7.34093412e-01  5.11319853e-01
8.93023667e-01  4.86819125e-01  6.19094150e-01  9.60728234e-01  3.58056942e-01  6.37630591e-01
8.81120539e-01  5.88527368e-01  5.93777937e-01  9.61269298e-01  4.92608096e-01  6.02998661e-01
8.92809209e-01  4.87552528e-01  6.19346228e-01  9.60679975e-01  3.58609731e-01  6.37809877e-01
8.92810479e-01  4.86875706e-01  6.19781332e-01  9.60628149e-01  3.57919334e-01  6.38304733e-01
8.92922736e-01  4.87056713e-01  6.19282627e-01  9.60696819e-01  3.58216097e-01  6.37794553e-01
8.93048756e-01  4.86656188e-01  6.19114741e-01  9.60727077e-01  3.57933533e-01  6.37667067e-01
8.92904197e-01  4.87827275e-01  6.18845305e-01  9.60745013e-01  3.59046484e-01  6.37290027e-01
8.92994174e-01  4.86445917e-01  6.19436600e-01  9.60681889e-01  3.57720977e-01  6.38006853e-01
8.92927437e-01  4.86908627e-01  6.19362807e-01  9.60682703e-01  3.58189551e-01  6.37891313e-01
8.92692782e-01  4.87829737e-01  6.19561604e-01  9.60645793e-01  3.58752220e-01  6.37995503e-01
8.92977588e-01  4.86692826e-01  6.19332618e-01  9.60689711e-01  3.58035594e-01  6.37882622e-01
8.92659076e-01  4.87758827e-01  6.19722095e-01  9.60620835e-01  3.58720561e-01  6.38162986e-01
8.92667656e-01  4.87836620e-01  6.19642454e-01  9.60633626e-01  3.58745599e-01  6.38075072e-01
8.92910014e-01  4.86337475e-01  6.19792783e-01  9.60629884e-01  3.57590814e-01  6.38370949e-01
8.92848426e-01  4.87292455e-01  6.19381908e-01  9.60675620e-01  3.58463220e-01  6.37872297e-01
8.92883132e-01  4.87040734e-01  6.19427485e-01  9.60672115e-01  3.58262306e-01  6.37942070e-01
8.93116547e-01  4.86524538e-01  6.18970017e-01  9.60744565e-01  3.57995915e-01  6.37540247e-01
8.92984194e-01  4.87323408e-01  6.18900790e-01  9.60741381e-01  3.58696893e-01  6.37395624e-01
8.93106218e-01  4.86628055e-01  6.18937884e-01  9.60751415e-01  3.57997463e-01  6.37495959e-01
8.92925407e-01  4.87201164e-01  6.19179776e-01  9.60707471e-01  3.58411312e-01  6.37680290e-01
8.92735291e-01  4.86930250e-01  6.20001233e-01  9.60592822e-01  3.57972242e-01  6.38518791e-01
8.92854309e-01  4.87197023e-01  6.19423890e-01  9.60669625e-01  3.58407192e-01  6.37923923e-01
8.93039863e-01  4.86678117e-01  6.19130703e-01  9.60722019e-01  3.58006250e-01  6.37682377e-01
8.92776423e-01  4.87494875e-01  6.19494989e-01  9.60653201e-01  3.58672713e-01  6.37966717e-01
8.93095699e-01  4.86859748e-01  6.18823179e-01  9.60763869e-01  3.58233133e-01  6.37360615e-01
8.92977339e-01  4.86763376e-01  6.19287661e-01  9.60699382e-01  3.58002031e-01  6.37828515e-01
8.92725952e-01  4.87150883e-01  6.19889705e-01  9.60608279e-01  3.58117385e-01  6.38385508e-01
8.92578723e-01  4.87818871e-01  6.19955965e-01  9.60589754e-01  3.58619360e-01  6.38386099e-01
8.92995600e-01  4.86757925e-01  6.19229188e-01  9.60703281e-01  3.58125989e-01  6.37774332e-01
8.92770382e-01  4.87307484e-01  6.19637163e-01  9.60635859e-01  3.58472275e-01  6.38125107e-01
8.56334686e-01  1.99963677e-01  9.30227529e-01  9.21274645e-01  1.30532210e-01  9.44695924e-01
8.92936155e-01  4.87587715e-01  6.18892316e-01  9.60744607e-01  3.58769922e-01  6.37357744e-01
8.92803664e-01  4.87305074e-01  6.19525714e-01  9.60654754e-01  3.58432799e-01  6.38013251e-01
8.92878956e-01  4.87498982e-01  6.19144155e-01  9.60706599e-01  3.58702079e-01  6.37617420e-01
8.92750929e-01  4.87717456e-01  6.19437052e-01  9.60662026e-01  3.58777652e-01  6.37885428e-01
9.60264253e-01  2.87709594e-01  5.20335417e-01  9.76564795e-01  2.49405942e-01  5.62184616e-01
8.92919357e-01  4.87303125e-01  6.19134123e-01  9.60712573e-01  3.58505969e-01  6.37625289e-01
8.92782913e-01  4.87506704e-01  6.19465274e-01  9.60664720e-01  3.58509891e-01  6.37931195e-01
8.92859562e-01  4.87150668e-01  6.19436149e-01  9.60674752e-01  3.58214888e-01  6.37936327e-01
8.92724289e-01  4.87493802e-01  6.19672715e-01  9.60634693e-01  3.58450182e-01  6.38137787e-01
8.93077434e-01  4.86992535e-01  6.18798995e-01  9.60770196e-01  3.58230612e-01  6.37320641e-01
8.92631424e-01  4.87638040e-01  6.19894410e-01  9.60598504e-01  3.58557645e-01  6.38344529e-01
8.93126905e-01  4.86762410e-01  6.18780410e-01  9.60768113e-01  3.58247686e-01  6.37329981e-01
8.93024521e-01  4.86745900e-01  6.19138791e-01  9.60721930e-01  3.58008418e-01  6.37682437e-01
8.93171526e-01  4.86634754e-01  6.18711771e-01  9.60781601e-01  3.58121216e-01  6.37273271e-01
8.93147851e-01  4.86588837e-01  6.18821974e-01  9.60765868e-01  3.58066482e-01  6.37387036e-01
8.92668881e-01  4.87738640e-01  6.19701905e-01  9.60626695e-01  3.58645085e-01  6.38143178e-01
8.52161613e-01  5.05457044e-01  7.46047133e-01  9.40735945e-01  3.81035910e-01  7.60927110e-01
8.93009030e-01  4.86715954e-01  6.19210837e-01  9.60710104e-01  3.58010238e-01  6.37757833e-01
8.92841162e-01  4.87098877e-01  6.19532252e-01  9.60659609e-01  3.58196588e-01  6.38037732e-01
8.92842644e-01  4.86768288e-01  6.19741852e-01  9.60636021e-01  3.57828485e-01  6.38275643e-01
8.92855530e-01  4.86722916e-01  6.19727552e-01  9.60635543e-01  3.57873810e-01  6.38268037e-01
8.92863563e-01  4.87781099e-01  6.19013266e-01  9.60726465e-01  3.58841330e-01  6.37457257e-01
8.92920839e-01  4.87510699e-01  6.18994326e-01  9.60733189e-01  3.58626934e-01  6.37464621e-01
8.92798090e-01  4.86536997e-01  6.20043305e-01  9.60596295e-01  3.57550918e-01  6.38595714e-01
8.92846322e-01  4.87295964e-01  6.19386774e-01  9.60673112e-01  3.58507485e-01  6.37877953e-01
8.92976468e-01  4.87230213e-01  6.18987528e-01  9.60733736e-01  3.58512514e-01  6.37488052e-01
8.93069038e-01  4.86624461e-01  6.19066469e-01  9.60729067e-01  3.58053477e-01  6.37626062e-01
8.92970899e-01  4.86733957e-01  6.19328629e-01  9.60696822e-01  3.57895998e-01  6.37869897e-01
8.93031134e-01  4.87035011e-01  6.18928635e-01  9.60748248e-01  3.58293656e-01  6.37446527e-01
8.92906853e-01  4.87479896e-01  6.19061817e-01  9.60720713e-01  3.58661387e-01  6.37536504e-01
8.92678878e-01  4.87613467e-01  6.19749224e-01  9.60616481e-01  3.58658295e-01  6.38205564e-01
8.92763610e-01  4.87609352e-01  6.19464177e-01  9.60662096e-01  3.58624360e-01  6.37921069e-01
8.93040779e-01  4.87009763e-01  6.18912275e-01  9.60751013e-01  3.58276824e-01  6.37432761e-01
8.92957085e-01  4.86401458e-01  6.19591405e-01  9.60658853e-01  3.57676162e-01  6.38165112e-01
8.92809195e-01  4.86927672e-01  6.19751956e-01  9.60631078e-01  3.57982632e-01  6.38271046e-01
8.92870077e-01  4.86959540e-01  6.19524531e-01  9.60662788e-01  3.58085426e-01  6.38043519e-01
8.92726914e-01  4.87198703e-01  6.19855392e-01  9.60608267e-01  3.58269188e-01  6.38349841e-01
8.92816210e-01  4.87023972e-01  6.19665614e-01  9.60640806e-01  3.58115965e-01  6.38177275e-01
8.93027127e-01  4.86647569e-01  6.19193781e-01  9.60714552e-01  3.57935541e-01  6.37746902e-01
8.92735392e-01  4.87051307e-01  6.19922297e-01  9.60599111e-01  3.58172465e-01  6.38431321e-01
8.92906830e-01  4.87161713e-01  6.19268469e-01  9.60695158e-01  3.58357615e-01  6.37771878e-01
8.92996798e-01  4.87354540e-01  6.18837779e-01  9.60754301e-01  3.58634797e-01  6.37327399e-01
9.39523038e-01  3.29105661e-01  5.63888859e-01  9.70067981e-01  2.66321896e-01  5.99859024e-01
8.92866115e-01  4.86404169e-01  6.19898551e-01  9.60618179e-01  3.57505722e-01  6.38466036e-01
8.92771982e-01  4.87219409e-01  6.19688911e-01  9.60630092e-01  3.58377080e-01  6.38184497e-01
8.92752626e-01  4.87229722e-01  6.19747941e-01  9.60624287e-01  3.58299682e-01  6.38239945e-01
8.92985059e-01  4.86711902e-01  6.19294864e-01  9.60700941e-01  3.57913501e-01  6.37839361e-01
8.92940854e-01  4.87213937e-01  6.19119030e-01  9.60713361e-01  3.58503610e-01  6.37620791e-01
8.92943913e-01  4.87455061e-01  6.18952097e-01  9.60739950e-01  3.58596958e-01  6.37428325e-01
8.92883908e-01  4.87911116e-01  6.18859767e-01  9.60740680e-01  3.59135219e-01  6.37296918e-01
8.92992578e-01  4.86736557e-01  6.19253327e-01  9.60705411e-01  3.57973019e-01  6.37796690e-01
8.92971037e-01  4.86351378e-01  6.19576541e-01  9.60660282e-01  3.57674997e-01  6.38156220e-01
8.92632436e-01  4.87321171e-01  6.20096695e-01  9.60573558e-01  3.58256577e-01  6.38575363e-01
8.93154682e-01  4.86691798e-01  6.18731933e-01  9.60779955e-01  3.58110781e-01  6.37286284e-01
8.92836186e-01  4.86825756e-01  6.19726470e-01  9.60638162e-01  3.57860507e-01  6.38254380e-01
8.92934174e-01  4.87231877e-01  6.19130067e-01  9.60715639e-01  3.58414395e-01  6.37627187e-01
8.92654527e-01  4.87350816e-01  6.20002435e-01  9.60584206e-01  3.58367402e-01  6.38480999e-01
8.92661378e-01  4.87297400e-01  6.20013852e-01  9.60589568e-01  3.58169373e-01  6.38493239e-01
8.92645963e-01  4.87458086e-01  6.19961872e-01  9.60588050e-01  3.58475716e-01  6.38430847e-01
8.92771275e-01  4.87708560e-01  6.19373737e-01  9.60668639e-01  3.58852286e-01  6.37825453e-01
8.92896336e-01  4.86959247e-01  6.19435555e-01  9.60679074e-01  3.58025347e-01  6.37953239e-01
8.92686562e-01  4.87915074e-01  6.19527320e-01  9.60650412e-01  3.58808065e-01  6.37952738e-01
8.92789764e-01  4.87904609e-01  6.19183674e-01  9.60699515e-01  3.58908396e-01  6.37614265e-01
8.92892214e-01  4.87561929e-01  6.19058266e-01  9.60719437e-01  3.58743022e-01  6.37525465e-01
8.92921146e-01  4.87115825e-01  6.19249651e-01  9.60699272e-01  3.58307899e-01  6.37757207e-01
8.92927614e-01  4.86583772e-01  6.19573115e-01  9.60657830e-01  3.57852642e-01  6.38130121e-01
8.92909063e-01  4.87227078e-01  6.19218450e-01  9.60701051e-01  3.58432986e-01  6.37716348e-01
8.62013140e-01  5.80812816e-01  6.63669343e-01  9.51974507e-01  4.45159898e-01  6.73767740e-01
8.92886235e-01  4.87854542e-01  6.18888596e-01  9.60739661e-01  3.59025243e-01  6.37329344e-01
8.92825693e-01  4.87682220e-01  6.19206052e-01  9.60694476e-01  3.58845895e-01  6.37661292e-01
8.92950473e-01  4.87107781e-01  6.19155288e-01  9.60710116e-01  3.58397389e-01  6.37666608e-01
8.92752637e-01  4.87466896e-01  6.19593922e-01  9.60643827e-01  3.58513832e-01  6.38064230e-01
8.92836050e-01  4.86832143e-01  6.19722784e-01  9.60632030e-01  3.58026787e-01  6.38254548e-01
8.93070030e-01  4.86990513e-01  6.18825448e-01  9.60764897e-01  3.58258638e-01  6.37348020e-01
