8.50699727e-01  9.72773254e-01  3.18946376e-01
9.23619678e-01  7.06165377e-01  6.35898669e-01
9.14354940e-01  3.65281979e-01  9.20985082e-01
7.96543668e-01  6.03667873e-01  5.75754140e-01
4.95830577e-01  7.59470741e-01  3.13514089e-01
2.66662538e-01  8.70481701e-01  9.91431755e-01
3.80666527e-01  9.31371104e-01  3.51691092e-01
7.19441475e-01  7.50549416e-01  4.87524010e-01
5.93782151e-01  2.76419577e-01  2.67736398e-01
9.99372076e-01  9.77844586e-01  6.22172269e-01
3.89417866e-01  3.32426269e-01  9.84597869e-01
6.63031291e-01  6.63677247e-01  8.45165039e-01
6.06451979e-01  5.06623373e-01  4.09828517e-01
9.28356457e-01  8.09710323e-01  5.53351800e-01
9.48014728e-01  3.86442998e-01  5.28148839e-01
7.71144793e-01  6.32605684e-01  2.75978944e-01
7.18176881e-01  4.97807306e-01  3.29194863e-01
2.75876388e-01  7.52421542e-01  9.85276177e-01
5.73383584e-01  4.74935846e-01  9.32542305e-01
9.85050766e-01  8.29176433e-01  4.70329572e-01
6.90656585e-01  5.82630020e-01  6.43627598e-01
7.88547911e-01  9.84576957e-01  9.92936186e-01
8.14476319e-01  4.67275672e-01  9.72282054e-01
3.08375986e-01  4.82372175e-01  3.55372303e-01
3.85485942e-01  8.89243670e-01  7.63512229e-01
6.97676033e-01  4.92482615e-01  7.06712611e-01
8.40179096e-01  7.31025154e-01  8.05692111e-01
6.87842965e-01  8.55126218e-01  3.59893866e-01
3.90003238e-01  3.23198683e-01  3.50345463e-01
7.15695546e-01  3.64431404e-01  8.16343315e-01
3.18309646e-01  9.63566891e-01  8.67751982e-01
6.54560927e-01  3.38064212e-01  9.64224138e-01
9.12678462e-01  6.55909834e-01  8.27318018e-01
7.99475584e-01  4.46397638e-01  9.39491544e-01
5.09446495e-01  5.33391742e-01  3.83207777e-01
8.32304180e-01  5.98504422e-01  7.12096676e-01
5.26817645e-01  7.78585338e-01  2.65131763e-01
6.67760040e-01  3.02062674e-01  5.62919917e-01
5.27061352e-01  4.04757173e-01  4.39461158e-01
9.34349423e-01  4.56604547e-01  3.09237005e-01
5.86982793e-01  7.81396192e-01  3.54357079e-01
4.63720578e-01  9.93590262e-01  8.45738126e-01
4.87384707e-01  2.51046259e-01  7.36414413e-01
8.51091163e-01  7.97318139e-01  5.74784422e-01
7.74285531e-01  5.55991663e-01  7.10971333e-01
2.88164746e-01  2.98657769e-01  9.92744108e-01
4.42119993e-01  3.92307978e-01  2.98280007e-01
3.22544205e-01  2.65793624e-01  5.44664392e-01
6.96117269e-01  6.10620712e-01  4.00348139e-01
7.77782691e-01  3.95192012e-01  4.20260134e-01
8.45208573e-01  3.95894359e-01  4.66187334e-01
7.54399227e-01  7.97087896e-01  4.94118333e-01
3.68939700e-01  5.93925453e-01  7.97696461e-01
3.90994902e-01  8.11397457e-01  4.94991974e-01
8.61305199e-01  5.00799088e-01  8.78394954e-01
8.96402019e-01  8.45338316e-01  7.45190117e-01
3.17784076e-01  3.16716989e-01  7.60860635e-01
9.14954983e-01  5.41642949e-01  9.49002075e-01
9.21290288e-01  8.12041536e-01  7.37169268e-01
6.44532641e-01  4.09353824e-01  7.61666698e-01
6.15929930e-01  7.96762117e-01  8.61467457e-01
8.66001992e-01  6.77163214e-01  2.67174676e-01
7.90282624e-01  4.24492653e-01  9.20811132e-01
7.85438134e-01  6.68580430e-01  6.43078842e-01
3.05860062e-01  2.64411505e-01  7.29466957e-01
8.88965220e-01  5.19046585e-01  3.98082606e-01
9.85972691e-01  4.34813598e-01  6.82814479e-01
6.17603464e-01  2.69954972e-01  6.21841330e-01
7.19414775e-01  4.15319022e-01  5.08990071e-01
5.17803642e-01  2.90028872e-01  8.93531683e-01
8.93516458e-01  4.38760279e-01  5.11292062e-01
8.42135644e-01  7.64365394e-01  7.47389922e-01
2.88025936e-01  5.83992540e-01  4.46725517e-01
9.59117541e-01  4.33947058e-01  5.93327356e-01
7.74814646e-01  6.67672568e-01  8.67244594e-01
5.60417602e-01  4.76456091e-01  4.15822806e-01
7.04577282e-01  9.11620297e-01  6.15594358e-01
6.68300563e-01  9.63558004e-01  4.97978859e-01
7.11876496e-01  7.34642821e-01  4.05157797e-01
5.01657351e-01  4.64006212e-01  3.51818877e-01
5.60047983e-01  2.70639898e-01  6.15308040e-01
8.72663140e-01  6.78345123e-01  5.56718995e-01
3.06611565e-01  5.34265583e-01  5.85771238e-01
3.89423042e-01  9.00891254e-01  8.98692661e-01
9.90949128e-01  3.61649445e-01  8.51151793e-01
6.68943691e-01  2.72966869e-01  6.59172407e-01
8.14516030e-01  3.85805230e-01  4.43282752e-01
7.91488222e-01  9.65690489e-01  4.91109033e-01
8.47777571e-01  3.29409399e-01  4.91096298e-01
8.93338224e-01  3.06761157e-01  5.15118743e-01
2.96830519e-01  3.27751283e-01  9.53636548e-01
3.28656513e-01  8.07129788e-01  3.72291307e-01
6.42750753e-01  5.94868727e-01  2.84549428e-01
3.12695731e-01  7.96468820e-01  3.15503307e-01
8.22935198e-01  8.43293034e-01  2.96779644e-01
9.19265558e-01  4.14056745e-01  3.36850594e-01
8.51608547e-01  5.86732779e-01  6.73386674e-01
4.64383579e-01  9.36764488e-01  7.06916045e-01
5.90849909e-01  8.54746361e-01  5.82497305e-01
3.07230527e-01  3.22682249e-01  9.25191124e-01
4.44579039e-01  8.64892835e-01  5.39321837e-01
6.97380984e-01  3.44414573e-01  5.12971770e-01
7.93784718e-01  2.54839346e-01  8.97287114e-01
3.42399735e-01  3.80897360e-01  2.99400439e-01
8.34716099e-01  8.40216156e-01  3.90508485e-01
8.92845188e-01  4.59886966e-01  8.90178228e-01
5.55805257e-01  3.29753480e-01  4.78292262e-01
8.76882533e-01  8.37181032e-01  5.27485452e-01
5.81050555e-01  3.80495183e-01  3.17793467e-01
3.84836741e-01  7.22810323e-01  9.81484723e-01
8.22119323e-01  3.34065423e-01  2.90328433e-01
8.54201475e-01  4.74583598e-01  7.29417767e-01
4.48820646e-01  5.91491264e-01  5.69460858e-01
9.00625371e-01  9.39639654e-01  7.77460955e-01
4.23104092e-01  8.90305834e-01  9.66675584e-01
5.22736693e-01  7.00728131e-01  6.05846592e-01
3.84403804e-01  4.92159901e-01  3.33118105e-01
6.33917958e-01  9.85427442e-01  7.70152581e-01
7.48112644e-01  5.38498064e-01  6.63022629e-01
2.85348443e-01  5.38503714e-01  3.86636084e-01
5.48617838e-01  8.85436298e-01  6.32054290e-01
2.59757817e-01  7.56519868e-01  6.29524919e-01
4.84227874e-01  5.16648333e-01  4.97884006e-01
2.76468044e-01  8.87906822e-01  5.38735066e-01
6.96835214e-01  3.03115885e-01  8.57917527e-01
3.87577244e-01  4.93043575e-01  6.53700515e-01
2.91444605e-01  4.78201710e-01  5.16446613e-01
3.70607888e-01  9.23537059e-01  3.12024895e-01
4.35655750e-01  3.53900531e-01  6.00712838e-01
2.58371313e-01  3.93365023e-01  4.11003900e-01
6.26443004e-01  4.00097552e-01  6.60570793e-01
6.47686015e-01  4.00414128e-01  6.48275510e-01
4.54743259e-01  4.83833271e-01  9.36747357e-01
3.41877903e-01  5.77447532e-01  9.81535379e-01
5.03775846e-01  4.47529848e-01  3.72562081e-01
7.70062873e-01  4.75735423e-01  9.57955709e-01
7.06326494e-01  5.28958470e-01  5.74540833e-01
8.09978061e-01  8.63988055e-01  6.93050246e-01
5.42538026e-01  8.48283263e-01  6.05228875e-01
7.45555780e-01  9.58143220e-01  3.02578897e-01
6.66133788e-01  7.00406675e-01  7.21502612e-01
5.48045917e-01  2.86426174e-01  2.50840169e-01
8.54745678e-01  8.24856556e-01  6.40778922e-01
5.64370247e-01  5.78983373e-01  5.68886910e-01
2.75026178e-01  3.01409332e-01  6.61334556e-01
7.92901664e-01  8.44561399e-01  7.94361167e-01
6.58774715e-01  8.90356576e-01  9.32579838e-01
3.51977972e-01  3.10409271e-01  5.75946525e-01
6.59062511e-01  5.64394622e-01  2.90079944e-01
4.26547974e-01  9.54420640e-01  4.03049458e-01
7.88077385e-01  8.58026202e-01  8.04982993e-01
4.18302818e-01  9.89486305e-01  5.82963356e-01
3.65093944e-01  4.40142826e-01  5.81413759e-01
3.41075750e-01  5.88727385e-01  2.70516346e-01
3.28648985e-01  5.61248513e-01  2.64964480e-01
9.87202209e-01  5.87100211e-01  2.84380597e-01
7.47704410e-01  5.54574156e-01  5.05867849e-01
9.65855997e-01  4.15618157e-01  7.60897907e-01
9.00739076e-01  9.07129910e-01  7.15212277e-01
5.32459366e-01  4.12863637e-01  2.76200081e-01
3.17270550e-01  7.57955275e-01  6.18002092e-01
8.81866051e-01  3.22199708e-01  8.56548889e-01
5.33473034e-01  8.01530314e-01  6.39849815e-01
8.79406191e-01  6.74885788e-01  3.35525195e-01
9.61891810e-01  8.75052920e-01  8.20030765e-01
5.23593334e-01  8.45724163e-01  6.04548744e-01
8.57825779e-01  7.42150133e-01  3.09270447e-01
8.70329645e-01  3.43201160e-01  5.29952600e-01
9.70488735e-01  6.43228131e-01  9.12027284e-01
6.80588792e-01  5.87230916e-01  2.58755667e-01
5.83310507e-01  4.03194026e-01  8.98051793e-01
3.64803137e-01  5.36867964e-01  3.68889883e-01
5.55872887e-01  4.38902457e-01  2.55239380e-01
3.43575608e-01  6.23540934e-01  5.08456938e-01
5.33242304e-01  5.72815454e-01  4.82632333e-01
3.28459258e-01  6.45389897e-01  6.37918831e-01
9.12958389e-01  2.90790925e-01  5.77268029e-01
5.56029753e-01  9.15112565e-01  5.04639227e-01
8.36965561e-01  3.39552912e-01  9.34234166e-01
6.20243279e-01  7.71855978e-01  7.60323525e-01
6.29203601e-01  2.88419130e-01  9.43196523e-01
8.25489100e-01  4.62462382e-01  5.17446594e-01
5.98110226e-01  4.67636605e-01  3.66905797e-01
8.34775774e-01  7.11729439e-01  8.89914414e-01
8.43783024e-01  8.74268230e-01  3.69231475e-01
5.54765720e-01  7.21346653e-01  4.68937833e-01
3.25601044e-01  7.20735670e-01  2.52260779e-01
8.52140859e-01  7.85263031e-01  7.71687756e-01
7.78719104e-01  7.95002948e-01  7.00394004e-01
2.69578430e-01  4.08595424e-01  3.76328500e-01
5.75652440e-01  5.00534701e-01  5.68812288e-01
9.13798531e-01  8.30380821e-01  4.41685753e-01
9.19861716e-01  9.49769336e-01  8.73359269e-01
3.12034619e-01  3.30613032e-01  3.63785326e-01
3.92520961e-01  2.97998259e-01  5.72177483e-01
2.97518546e-01  2.73529298e-01  5.35272334e-01
9.44022406e-01  5.07832645e-01  9.22629763e-01
5.14843406e-01  2.89485043e-01  7.02038379e-01
9.07548790e-01  9.07106377e-01  8.01837669e-01
8.37855446e-01  8.51716552e-01  8.06473361e-01
9.66424071e-01  4.90273381e-01  7.83053436e-01
4.29861452e-01  2.97192898e-01  9.42307845e-01
4.73959340e-01  4.53901140e-01  9.18291880e-01
4.18431074e-01  7.84016211e-01  8.44362074e-01
4.82286223e-01  6.47958590e-01  3.69577577e-01
4.12195062e-01  6.91445741e-01  2.61245910e-01
8.99052441e-01  7.29049428e-01  8.00074012e-01
3.04514548e-01  4.54249056e-01  7.35939223e-01
3.10613398e-01  9.14662271e-01  2.58590236e-01
4.51028315e-01  8.69289091e-01  5.33688203e-01
3.72794249e-01  4.97761481e-01  4.91243420e-01
9.97405056e-01  5.83884380e-01  2.66581697e-01
9.28297369e-01  6.96340753e-01  4.83667465e-01
6.47445617e-01  9.21999414e-01  3.54741211e-01
6.58583746e-01  4.52832099e-01  8.73608631e-01
9.50160270e-01  7.64587982e-01  4.13088837e-01
2.73206730e-01  5.36813097e-01  2.82569649e-01
8.48194866e-01  5.44932156e-01  6.00008834e-01
6.30226212e-01  9.75900705e-01  5.93259201e-01
7.69696396e-01  7.43234892e-01  6.74815866e-01
5.28917536e-01  3.88169596e-01  6.61364798e-01
7.71166782e-01  6.55831339e-01  4.63490894e-01
8.17343844e-01  4.87220111e-01  6.19893340e-01
5.60087929e-01  9.07215122e-01  7.61142911e-01
8.53667293e-01  7.33988217e-01  4.29024753e-01
6.94240732e-01  9.20720990e-01  8.77905530e-01
5.32138693e-01  8.73130508e-01  3.11068606e-01
5.35163882e-01  6.34828464e-01  7.26362560e-01
3.10607865e-01  7.45532037e-01  4.59119265e-01
6.01229756e-01  7.25790335e-01  6.34710632e-01
8.78167933e-01  9.65079723e-01  8.51784888e-01
3.94273079e-01  5.07898163e-01  8.78679675e-01
6.57001241e-01  6.12550951e-01  3.01745243e-01
6.27382029e-01  6.71031523e-01  9.64665966e-01
4.48585596e-01  8.32011228e-01  3.13898942e-01
5.92549613e-01  3.11304165e-01  6.69095134e-01
6.98997088e-01  6.54128750e-01  6.13713640e-01
4.58590571e-01  9.09678863e-01  6.81028179e-01
3.02322164e-01  5.09858102e-01  8.96937432e-01
3.14027570e-01  4.43633938e-01  4.69564457e-01
6.67531535e-01  6.52270861e-01  7.19157858e-01
8.04997784e-01  7.82612933e-01  5.83503766e-01
6.90488199e-01  4.84940154e-01  7.50523594e-01
4.56819839e-01  6.78292340e-01  2.99366496e-01
7.50985713e-01  8.10521065e-01  7.26258789e-01
3.87168597e-01  9.55724280e-01  7.95186302e-01
4.66121241e-01  5.03733741e-01  6.63045495e-01
9.28658524e-01  5.77523975e-01  5.75021612e-01
6.94076087e-01  7.84291166e-01  5.11446810e-01
4.56442770e-01  8.21982875e-01  8.10332167e-01
4.94997907e-01  4.78856312e-01  6.15774673e-01
7.17497322e-01  8.76673219e-01  6.77031763e-01
4.46335992e-01  2.53798218e-01  9.60408489e-01
3.43969049e-01  6.70990865e-01  9.81860842e-01
8.21019190e-01  3.67796665e-01  9.10039840e-01
4.68869969e-01  8.01213377e-01  9.46251527e-01
6.22536451e-01  8.50995948e-01  8.64468110e-01
3.21454485e-01  7.49305077e-01  6.13575869e-01
8.66391627e-01  9.48213646e-01  7.58988671e-01
3.25942665e-01  8.00303261e-01  6.57323113e-01
7.20003623e-01  5.55548142e-01  8.48576816e-01
2.67885855e-01  4.45666429e-01  7.13636047e-01
6.85858905e-01  7.42593116e-01  4.64424936e-01
2.88028004e-01  6.36169633e-01  4.06929275e-01
7.43010473e-01  3.50832987e-01  7.99768150e-01
9.91666262e-01  3.43167364e-01  7.59824456e-01
9.26601560e-01  6.04487079e-01  4.92216832e-01
9.57076124e-01  9.39562864e-01  4.51255030e-01
6.45661140e-01  7.32314589e-01  4.43416598e-01
7.08127708e-01  4.32098294e-01  9.71447345e-01
8.71786856e-01  4.82067300e-01  9.53705232e-01
3.85622092e-01  5.23242624e-01  6.28163875e-01
6.94252333e-01  4.56340566e-01  7.52095376e-01
6.23198211e-01  6.92582657e-01  7.59776091e-01
8.52836911e-01  8.73265236e-01  9.49130764e-01
2.74326206e-01  3.29399388e-01  7.25992535e-01
7.10883798e-01  7.90184648e-01  3.64281893e-01
6.73046787e-01  3.44854472e-01  9.08264396e-01
5.42829819e-01  5.50450162e-01  8.48923042e-01
3.21546591e-01  9.59600478e-01  9.11282483e-01
8.21531859e-01  5.07958658e-01  5.47693271e-01
9.99548412e-01  8.89860968e-01  2.57820270e-01
7.16017410e-01  9.58661391e-01  9.41883200e-01
3.85119637e-01  2.95129809e-01  8.65663541e-01
5.50665115e-01  3.65936378e-01  6.89172684e-01
8.83904751e-01  4.83445483e-01  3.55916597e-01
4.46164653e-01  7.14316648e-01  5.79066335e-01
7.00236820e-01  6.98003146e-01  9.69988478e-01
5.34789579e-01  5.92043535e-01  2.83399033e-01
4.71391996e-01  8.92081215e-01  5.75408720e-01
9.50770779e-01  9.98464984e-01  5.58424648e-01
9.89922127e-01  4.16731686e-01  8.06216307e-01
7.42960903e-01  3.24787240e-01  5.44070831e-01
8.18169519e-01  3.53694441e-01  6.87273683e-01
3.49122691e-01  8.54123899e-01  8.18332458e-01
9.53916644e-01  5.57460014e-01  3.54756989e-01
5.10283899e-01  7.61515614e-01  7.94385390e-01
9.06846001e-01  5.22988705e-01  9.29101500e-01
7.03928150e-01  7.04710133e-01  3.40484776e-01
6.14872059e-01  5.73374044e-01  3.41394687e-01
5.55301938e-01  4.58125374e-01  8.56415776e-01
7.18210390e-01  7.27626195e-01  7.49902992e-01
6.50956616e-01  4.17346884e-01  2.90717853e-01
4.51194957e-01  4.07963223e-01  7.90471359e-01
7.43588205e-01  8.68661108e-01  8.09904162e-01
2.52011429e-01  7.63854895e-01  5.04616368e-01
4.75233252e-01  9.38211270e-01  4.71075990e-01
7.08158680e-01  5.51859250e-01  8.98574706e-01
3.08212452e-01  5.61302744e-01  3.78425958e-01
6.35204024e-01  9.56176667e-01  4.70590020e-01
6.44244876e-01  3.33464508e-01  9.79232951e-01
4.17578915e-01  5.00107773e-01  2.87604847e-01
5.46752919e-01  3.80663948e-01  9.92943137e-01
3.54360266e-01  4.07189588e-01  3.73502774e-01
9.97807715e-01  5.24025705e-01  4.12023514e-01
4.73930201e-01  2.95212158e-01  5.24680788e-01
9.47516001e-01  4.66580037e-01  7.67890897e-01
6.01785023e-01  6.68740836e-01  5.74866822e-01
5.84678774e-01  8.33041543e-01  4.01144393e-01
5.06786642e-01  4.80434505e-01  4.60456127e-01
8.55026525e-01  7.99333029e-01  6.59417064e-01
6.58688292e-01  3.25258518e-01  6.24799948e-01
8.56303780e-01  7.09931240e-01  9.42616244e-01
7.03001677e-01  4.74363937e-01  2.72585560e-01
4.80385885e-01  3.10543404e-01  9.84146917e-01
