4.97446367e-01  4.97398169e-01  4.99388089e-01
4.97825024e-01  4.97843329e-01  5.00274602e-01
4.97617188e-01  4.96323670e-01  4.98373339e-01
4.97318701e-01  4.99650745e-01  4.97923755e-01
4.97511415e-01  4.97920792e-01  4.99054942e-01
4.98920510e-01  4.96090902e-01  4.99278397e-01
5.00994699e-01  4.99245156e-01  5.00221353e-01
4.97606875e-01  4.98980367e-01  5.00154453e-01
4.97394609e-01  4.98712103e-01  4.98819256e-01
4.97449312e-01  4.99329868e-01  5.00059367e-01
4.98448079e-01  4.96570160e-01  4.99850425e-01
7.64025705e-01  7.48562072e-01  8.89441482e-01
5.01001379e-01  4.99427193e-01  5.00390887e-01
4.99218906e-01  4.97253307e-01  5.00615789e-01
5.00966990e-01  4.98625134e-01  5.00538936e-01
5.01069718e-01  4.99040239e-01  4.97698313e-01
5.00765742e-01  4.96650683e-01  5.00544085e-01
3.98550196e-01  8.30408305e-01  4.85518725e-01
5.00271352e-01  4.98417828e-01  4.97560419e-01
4.99836778e-01  4.98356203e-01  4.99274594e-01
4.99952647e-01  4.97259182e-01  4.98332913e-01
4.98146463e-01  4.97065657e-01  4.98059847e-01
4.99672714e-01  4.96921163e-01  4.99339986e-01
4.98456761e-01  4.96450124e-01  4.99137312e-01
4.98624203e-01  4.97490465e-01  5.00879995e-01
4.99626008e-01  4.99529501e-01  5.01287171e-01
5.00620128e-01  4.97945670e-01  4.98483641e-01
4.98372220e-01  4.97416632e-01  4.99634351e-01
5.01084697e-01  4.96943507e-01  4.99654758e-01
4.99144238e-01  4.96284778e-01  4.98861111e-01
4.97614020e-01  4.98037462e-01  5.00117626e-01
8.53923926e-01  9.96677866e-01  4.38231608e-01
5.01151410e-01  4.96738196e-01  5.00991446e-01
4.99720850e-01  4.97626755e-01  5.00971797e-01
4.99227645e-01  4.99101566e-01  4.99866195e-01
4.99204532e-01  4.97458268e-01  5.00527562e-01
4.98657873e-01  4.95856633e-01  4.99222444e-01
4.98717408e-01  4.96639127e-01  4.98271956e-01
7.25241721e-01  6.69291957e-01  2.50779692e-01
4.99546684e-01  4.98890749e-01  4.98370640e-01
5.00602483e-01  4.96150335e-01  4.98250247e-01
5.01055601e-01  4.98508934e-01  5.00986995e-01
4.98512666e-01  4.96757946e-01  5.00492500e-01
4.99709473e-01  4.96548828e-01  5.00771452e-01
4.98181759e-01  4.97909156e-01  4.98660369e-01
4.99370442e-01  4.96940477e-01  5.01416198e-01
4.98426861e-01  4.98098902e-01  4.97786637e-01
5.00855918e-01  4.96193642e-01  5.01460287e-01
5.01105478e-01  4.96336903e-01  4.97536148e-01
4.99175744e-01  4.98521979e-01  4.99468556e-01
4.97890505e-01  4.98627780e-01  5.01333659e-01
4.98447073e-01  4.96044425e-01  5.01085252e-01
4.99569069e-01  4.96128949e-01  4.99390922e-01
4.99969293e-01  4.97206955e-01  4.97677880e-01
4.98321336e-01  4.98994193e-01  5.00951426e-01
4.99469244e-01  4.97357979e-01  4.97930056e-01
5.00762154e-01  4.98409877e-01  4.97730325e-01
5.00610125e-01  4.99407123e-01  4.97942615e-01
4.97765731e-01  4.98929951e-01  4.99429914e-01
4.97627162e-01  4.96513907e-01  5.01049160e-01
4.97358909e-01  4.95920593e-01  4.97866695e-01
4.98988600e-01  4.96690881e-01  4.99895508e-01
5.01021958e-01  4.97628892e-01  4.99988491e-01
5.01169379e-01  4.98610232e-01  4.97727266e-01
5.00435074e-01  4.97199976e-01  4.97859905e-01
4.98571113e-01  4.96140354e-01  5.00956697e-01
4.99236075e-01  4.97417833e-01  4.97758577e-01
3.16257279e-01  3.53341329e-01  4.95675931e-01
5.01007606e-01  4.98835890e-01  4.98359455e-01
4.99401352e-01  4.97753950e-01  4.99807810e-01
5.00685421e-01  4.96710133e-01  4.97960292e-01
4.99489004e-01  4.97957075e-01  4.97567022e-01
5.01057543e-01  4.97694461e-01  5.00418746e-01
4.97943979e-01  4.95813100e-01  4.97582557e-01
5.00199452e-01  4.97566694e-01  4.98037174e-01
4.99146787e-01  4.95675165e-01  5.01317980e-01
4.99730904e-01  4.96201718e-01  5.00084148e-01
4.97602817e-01  4.97288003e-01  5.00209022e-01
4.97549976e-01  4.96321861e-01  5.00141959e-01
4.97232876e-01  4.96271008e-01  5.01040210e-01
5.00292325e-01  4.97865729e-01  4.98863507e-01
4.97477433e-01  4.96204307e-01  4.99641721e-01
5.00333309e-01  4.96696014e-01  5.00816157e-01
4.97618295e-01  4.96019747e-01  5.00907180e-01
4.99697609e-01  4.96017413e-01  4.98756826e-01
4.98891836e-01  4.98000762e-01  5.01206034e-01
5.01087049e-01  4.96458164e-01  5.00157430e-01
4.97995664e-01  4.95691021e-01  4.99750537e-01
4.99513628e-01  4.98384272e-01  4.99018044e-01
4.97569431e-01  4.96717101e-01  5.01219738e-01
4.97279674e-01  4.98346438e-01  5.00972869e-01
4.99778457e-01  4.97167465e-01  4.97628308e-01
4.98470367e-01  4.96153757e-01  4.99502637e-01
4.89430809e-01  9.81121526e-01  6.00620632e-01
4.99894165e-01  4.95910159e-01  5.00020282e-01
4.98097317e-01  4.99509618e-01  4.98547245e-01
8.28496817e-01  6.92787352e-01  7.19248527e-01
9.65052388e-01  8.28842092e-01  3.89639127e-01
4.98733307e-01  4.96249532e-01  4.98370418e-01
5.30009622e-01  2.52180969e-01  9.82456894e-01
5.00045284e-01  4.97203562e-01  4.98807092e-01
4.98271506e-01  4.99325855e-01  5.00656023e-01
4.98479481e-01  4.98160518e-01  4.99936189e-01
4.98925330e-01  4.98049758e-01  4.99987148e-01
5.00402769e-01  4.97000508e-01  4.98385335e-01
5.00421695e-01  4.99064847e-01  4.99553839e-01
4.97469897e-01  4.98289217e-01  4.99761417e-01
4.97295541e-01  4.96289064e-01  5.00011330e-01
5.00467318e-01  4.95732989e-01  5.00385388e-01
4.97316874e-01  4.99305475e-01  4.97726252e-01
9.38337766e-01  2.80759135e-01  8.19156136e-01
4.99064165e-01  4.95637027e-01  5.00976864e-01
4.98295086e-01  4.97887968e-01  4.99746743e-01
4.98630003e-01  4.98048132e-01  4.98087875e-01
7.09399974e-01  2.63123094e-01  9.62123446e-01
4.99029168e-01  4.97463260e-01  4.99052202e-01
7.19720864e-01  4.32494274e-01  5.71682442e-01
4.97765830e-01  4.99289533e-01  4.98450914e-01
5.00426941e-01  4.99329992e-01  5.01014383e-01
4.71974889e-01  7.16754120e-01  8.45573296e-01
5.00839920e-01  4.97040812e-01  4.97531079e-01
4.99158328e-01  4.96070966e-01  5.00687576e-01
4.97281557e-01  4.98071236e-01  4.98248718e-01
5.00951774e-01  4.98907718e-01  5.00014631e-01
4.99394821e-01  4.96344677e-01  4.99808623e-01
4.98274928e-01  4.97370218e-01  5.00978296e-01
4.99316859e-01  4.98562548e-01  4.99059958e-01
5.00966058e-01  4.98738709e-01  4.99975205e-01
4.97836329e-01  4.96947385e-01  4.98082913e-01
4.98062830e-01  4.95743684e-01  4.98345359e-01
4.98327242e-01  4.99027241e-01  4.97593219e-01
5.00236735e-01  4.97722337e-01  4.97553835e-01
4.98661833e-01  4.96322521e-01  4.97790229e-01
5.00976992e-01  4.97750517e-01  4.99393825e-01
4.99182355e-01  4.96437682e-01  4.99418661e-01
4.98317600e-01  4.97133273e-01  5.01396570e-01
5.00100867e-01  4.99597036e-01  5.00467414e-01
4.99638881e-01  4.96594645e-01  4.97478894e-01
5.00372629e-01  4.98289870e-01  5.00092397e-01
4.97700803e-01  4.95720172e-01  4.99034114e-01
5.00013705e-01  4.96182072e-01  4.98322641e-01
4.99642320e-01  4.99639178e-01  4.97595222e-01
5.01152841e-01  4.99138861e-01  4.99461559e-01
4.99290555e-01  4.96900528e-01  4.98843789e-01
5.00641634e-01  4.96610705e-01  4.99456255e-01
5.01025781e-01  4.96992740e-01  5.00121148e-01
4.99969519e-01  4.98791878e-01  5.00688120e-01
4.99407894e-01  4.99303710e-01  5.01232790e-01
5.00827817e-01  4.97142417e-01  5.00193853e-01
4.99822423e-01  4.96722750e-01  5.00323125e-01
5.00311679e-01  4.95794582e-01  4.98752842e-01
5.00540632e-01  4.97989146e-01  4.97764764e-01
4.97840704e-01  4.97202288e-01  4.99641600e-01
4.98879794e-01  4.95931617e-01  4.98115884e-01
7.85937846e-01  4.75707525e-01  2.57202221e-01
4.97187883e-01  4.97611185e-01  4.98246236e-01
4.97366174e-01  4.99447673e-01  4.98334709e-01
5.01059886e-01  4.99394908e-01  4.99081671e-01
4.98150342e-01  4.95602601e-01  4.98326561e-01
5.00221781e-01  4.96301323e-01  5.00086921e-01
4.99448312e-01  4.98598737e-01  5.00038739e-01
4.97541809e-01  4.96691540e-01  5.00308869e-01
4.97475353e-01  4.98233824e-01  5.00976332e-01
4.99625469e-01  4.97423441e-01  5.00368163e-01
5.75514895e-01  4.61096520e-01  9.68861495e-01
4.99978219e-01  4.99135020e-01  4.98983898e-01
3.99213707e-01  7.44610368e-01  4.29936931e-01
4.98755372e-01  4.95930971e-01  5.01464317e-01
4.98704762e-01  4.96323866e-01  4.98401405e-01
4.97228375e-01  4.97117218e-01  5.00602525e-01
4.98098902e-01  4.97032407e-01  4.98799836e-01
5.00432005e-01  4.96102398e-01  4.99393500e-01
5.00832763e-01  4.96423151e-01  5.00273507e-01
5.00276563e-01  4.97585753e-01  5.00642329e-01
4.97851903e-01  4.96809803e-01  5.00880950e-01
4.99391366e-01  4.98584013e-01  4.99699162e-01
4.98059308e-01  4.97465411e-01  4.98953244e-01
6.41240267e-01  7.32466083e-01  5.39018818e-01
4.98584992e-01  4.97983623e-01  4.97882543e-01
4.98266252e-01  4.97768780e-01  5.00208665e-01
4.97578248e-01  4.97084548e-01  4.99099282e-01
4.97175478e-01  4.96260220e-01  4.99039712e-01
4.97166677e-01  4.98878437e-01  5.01503006e-01
5.00663856e-01  4.98536083e-01  5.01464392e-01
5.00359439e-01  4.99222918e-01  5.01460154e-01
5.81379326e-01  4.42910324e-01  4.52965068e-01
4.68910636e-01  7.61248708e-01  6.30626985e-01
4.99817157e-01  4.96418293e-01  5.01109283e-01
4.98370704e-01  4.99600131e-01  5.00279223e-01
5.01181258e-01  4.95792964e-01  4.99210063e-01
5.00769429e-01  4.96252013e-01  4.98301615e-01
4.97712669e-01  4.99588440e-01  4.98001682e-01
4.97275819e-01  4.97214475e-01  4.97752303e-01
5.00501772e-01  4.99215268e-01  5.00721240e-01
4.99389326e-01  4.98011795e-01  4.97922294e-01
4.98185181e-01  4.96045725e-01  5.00984322e-01
4.98832526e-01  4.97665331e-01  5.00221397e-01
4.98641670e-01  4.95628490e-01  5.00853723e-01
4.97269479e-01  4.98098387e-01  4.98382688e-01
7.55605988e-01  3.00629109e-01  9.32607658e-01
4.97314604e-01  4.96586154e-01  4.98401408e-01
4.98700661e-01  4.96946199e-01  4.99188513e-01
4.99695749e-01  4.98837925e-01  5.00589769e-01
4.18600685e-01  7.68014793e-01  2.93444540e-01
4.97704232e-01  4.99261998e-01  4.98641360e-01
8.15992007e-01  3.78084732e-01  4.09926362e-01
4.97592211e-01  4.98303889e-01  5.01258432e-01
4.98596165e-01  4.96033822e-01  5.00615812e-01
7.91322538e-01  6.19837654e-01  6.90966097e-01
4.94137506e-01  4.90203617e-01  9.35601988e-01
4.98432208e-01  4.98122880e-01  4.99600370e-01
4.99690098e-01  4.97599483e-01  5.00271248e-01
8.11609117e-01  3.89172388e-01  3.84375290e-01
4.98211389e-01  4.96152370e-01  5.01449323e-01
5.00790093e-01  4.97541101e-01  4.97531839e-01
4.97213147e-01  4.99378224e-01  5.00312521e-01
4.99616669e-01  4.98794213e-01  5.00323905e-01
4.99968372e-01  4.95889428e-01  4.98927817e-01
4.98715268e-01  4.96138535e-01  4.99151972e-01
4.97767537e-01  4.98849875e-01  5.00991201e-01
5.00351437e-01  4.98837677e-01  5.01372317e-01
7.00784573e-01  9.79745219e-01  9.95277044e-01
5.00749188e-01  4.97750404e-01  4.97521781e-01
5.00667514e-01  4.98827264e-01  4.98419787e-01
7.13330688e-01  2.85556591e-01  2.60370752e-01
8.20404307e-01  5.12179806e-01  2.51841341e-01
4.98035528e-01  4.97748467e-01  4.97742309e-01
4.98657577e-01  4.96842958e-01  5.00724878e-01
4.97313710e-01  4.98448050e-01  5.00568537e-01
4.97690344e-01  4.96632941e-01  5.01237198e-01
8.71517658e-01  5.08352449e-01  6.33876331e-01
5.00212415e-01  4.98392378e-01  4.98347903e-01
4.97430296e-01  4.97603043e-01  5.00770909e-01
4.97433373e-01  4.97674736e-01  4.97603323e-01
5.00971096e-01  4.96215296e-01  4.98165144e-01
4.98275589e-01  4.97179459e-01  4.98879474e-01
5.00193317e-01  4.96429467e-01  4.97581184e-01
4.99126515e-01  4.96102771e-01  5.01028307e-01
4.98872096e-01  4.98624571e-01  4.98492097e-01
4.99749163e-01  4.96953109e-01  4.99426722e-01
4.98554208e-01  4.97948314e-01  4.97962625e-01
5.00275326e-01  4.98299473e-01  5.00614724e-01
4.98291529e-01  4.97998572e-01  5.00904627e-01
5.00452847e-01  4.96523801e-01  5.01389849e-01
4.98812965e-01  4.97199554e-01  5.00816026e-01
4.99651984e-01  4.96282172e-01  4.98688815e-01
4.99707561e-01  4.96781684e-01  4.99277910e-01
4.97514550e-01  4.95687032e-01  4.99249760e-01
4.98658926e-01  4.96792489e-01  5.00626161e-01
5.00039771e-01  4.96989979e-01  4.98152261e-01
4.99916375e-01  4.96219007e-01  4.99533599e-01
4.99270583e-01  4.96195673e-01  4.98645610e-01
4.99780182e-01  4.99401054e-01  4.99196798e-01
4.98707344e-01  4.99104758e-01  4.98827412e-01
5.00771520e-01  4.96334414e-01  5.00951773e-01
4.98613053e-01  4.95665409e-01  5.00199990e-01
4.99509770e-01  4.97030682e-01  4.99092972e-01
4.98280078e-01  4.95988298e-01  4.98395309e-01
4.98356976e-01  4.99206544e-01  5.00120103e-01
4.98411976e-01  4.96074520e-01  4.99049420e-01
4.98124824e-01  4.98819013e-01  4.99102879e-01
4.97925897e-01  4.97180277e-01  5.01384872e-01
4.98999194e-01  4.97214116e-01  5.00354374e-01
4.99180318e-01  4.97711659e-01  4.98936249e-01
5.00780777e-01  4.97225180e-01  4.99072650e-01
4.99993748e-01  4.98406834e-01  4.99716659e-01
4.98990286e-01  4.97271299e-01  4.98734428e-01
5.01111424e-01  4.99349096e-01  5.00758622e-01
4.99263815e-01  4.98719933e-01  4.97454958e-01
5.01156456e-01  4.98771765e-01  4.97504428e-01
4.99215843e-01  4.96516383e-01  4.98013296e-01
5.00632175e-01  4.95636651e-01  4.98113526e-01
4.98713198e-01  4.97717048e-01  5.00424967e-01
5.01008404e-01  4.97829560e-01  4.97592095e-01
4.98876489e-01  4.99271409e-01  5.00683947e-01
5.00128840e-01  4.98239217e-01  5.01391518e-01
4.97253611e-01  4.97641781e-01  5.00700482e-01
4.98519904e-01  4.96776322e-01  4.99951434e-01
4.99973543e-01  4.96975392e-01  5.00269266e-01
3.35490836e-01  5.38858681e-01  4.04503617e-01
4.99056171e-01  4.98190923e-01  4.99524907e-01
5.00795985e-01  4.99611051e-01  4.99252200e-01
5.00576931e-01  4.95693987e-01  4.98099161e-01
5.00018664e-01  4.97285227e-01  4.97592435e-01
4.98236473e-01  4.95642927e-01  5.00443216e-01
4.97820815e-01  4.98106298e-01  4.97693628e-01
5.01073892e-01  4.98123242e-01  4.99397646e-01
4.99789684e-01  4.97003001e-01  4.97767830e-01
4.97419654e-01  4.98496430e-01  4.98898303e-01
4.97257402e-01  4.96303860e-01  5.01493955e-01
4.98457044e-01  4.96089415e-01  5.01314109e-01
4.98647285e-01  4.98301619e-01  4.99190888e-01
2.85174420e-01  2.60623548e-01  7.61541373e-01
4.97232597e-01  4.99122614e-01  4.99580906e-01
4.97339221e-01  4.95937361e-01  5.00279432e-01
5.01061507e-01  4.96059314e-01  4.97910449e-01
4.99262325e-01  4.96366015e-01  4.97667633e-01
4.98664594e-01  4.98026742e-01  5.00979447e-01
4.98873864e-01  4.95750016e-01  5.01388584e-01
4.99730384e-01  4.98579713e-01  5.00705143e-01
5.00376634e-01  4.97791634e-01  4.97471341e-01
5.00456899e-01  4.99446537e-01  5.00206650e-01
5.00203548e-01  4.98014115e-01  4.99954302e-01
4.98401183e-01  4.97700440e-01  5.01003116e-01
4.99419618e-01  4.97511898e-01  4.98192728e-01
4.98116102e-01  4.97314491e-01  4.99966830e-01
4.97305273e-01  4.95710614e-01  5.00730124e-01
4.99251451e-01  4.98725654e-01  4.99591255e-01
4.97173372e-01  4.97128398e-01  4.97888445e-01
4.98639697e-01  4.99243349e-01  4.97564258e-01
4.97203505e-01  4.97246543e-01  5.00986980e-01
4.97151680e-01  4.99091970e-01  4.99000766e-01
4.98506893e-01  4.97403892e-01  4.99453277e-01
4.97720436e-01  4.97339807e-01  4.98079076e-01
5.00091642e-01  4.96211726e-01  5.00527663e-01
4.99335381e-01  4.97309179e-01  5.00347278e-01
5.00486032e-01  4.95657432e-01  4.98115326e-01
4.99519592e-01  4.95851069e-01  4.98291641e-01
4.99683169e-01  4.98634699e-01  5.00392891e-01
4.99659796e-01  4.97984896e-01  5.00159960e-01
4.99750744e-01  4.97504190e-01  4.99850190e-01
5.00104094e-01  4.99353242e-01  5.01310424e-01
4.99671051e-01  4.98460900e-01  4.97643658e-01
4.98053434e-01  4.99580207e-01  4.97868278e-01
4.99989676e-01  4.99303249e-01  5.00181273e-01
4.99540475e-01  4.99231921e-01  4.98492301e-01
4.97601986e-01  4.99570663e-01  5.01021151e-01
5.00483010e-01  4.97929105e-01  4.97814869e-01
4.98508444e-01  4.96990096e-01  4.99545418e-01
5.00709953e-01  4.96310101e-01  4.97965841e-01
5.00192271e-01  4.98522038e-01  4.98124617e-01
4.97512669e-01  4.99279458e-01  4.98863160e-01
4.99754290e-01  4.97376840e-01  4.97968674e-01
4.98298469e-01  4.96207611e-01  4.99748885e-01
4.97192221e-01  4.97145479e-01  5.01191545e-01
4.98430828e-01  4.98264350e-01  4.99852642e-01
4.97853245e-01  4.96573015e-01  4.97731553e-01
4.97501341e-01  4.97313584e-01  4.97451615e-01
5.00511076e-01  4.97009995e-01  4.98406443e-01
4.99213414e-01  4.99225581e-01  4.98330519e-01
5.00092195e-01  4.99384890e-01  4.98817522e-01
4.99135342e-01  4.96308032e-01  5.00464140e-01
4.98581807e-01  4.96156783e-01  5.01411820e-01
5.00709549e-01  4.98685543e-01  4.99881510e-01
4.99726223e-01  4.95944611e-01  4.98141511e-01
5.01051593e-01  4.99089619e-01  5.01397945e-01
5.00709411e-01  4.97848745e-01  4.97708443e-01
5.00949427e-01  4.99220234e-01  4.98529825e-01
4.97417124e-01  4.95732446e-01  4.98561816e-01
4.99713954e-01  4.95832230e-01  4.98515969e-01
4.99995858e-01  4.98924744e-01  5.00943585e-01
5.00106539e-01  4.96104665e-01  5.01280904e-01
4.99180489e-01  4.97611488e-01  5.00849223e-01
4.97149801e-01  4.98676468e-01  4.98099569e-01
5.00902656e-01  4.99364586e-01  5.00240290e-01
4.99343792e-01  4.97363465e-01  4.98604328e-01
5.00280539e-01  4.97196947e-01  5.01464614e-01
4.97794052e-01  4.96359501e-01  4.99153458e-01
4.99761981e-01  4.96039547e-01  5.00538952e-01
4.98959172e-01  4.99442195e-01  5.01244739e-01
4.97426078e-01  4.96062785e-01  5.01391889e-01
4.98009873e-01  4.99336611e-01  5.01254283e-01
4.97431308e-01  4.96634330e-01  4.97796536e-01
4.98261089e-01  4.97052248e-01  4.99961011e-01
5.00077344e-01  4.98905795e-01  4.98189001e-01
4.98860320e-01  4.97287373e-01  5.00246991e-01
5.00751709e-01  4.96632879e-01  4.99536779e-01
4.97928917e-01  4.98107261e-01  5.01449755e-01
4.98279345e-01  4.98317109e-01  4.98485481e-01
5.00140372e-01  4.96995210e-01  4.99465728e-01
4.97388516e-01  4.96560702e-01  4.98113494e-01
4.97540403e-01  4.98203635e-01  4.98440963e-01
5.13743407e-01  5.41680940e-01  9.81205233e-01
4.99330105e-01  4.96435419e-01  5.00736944e-01
4.97877587e-01  4.98881199e-01  4.97570055e-01
4.99139023e-01  4.99152329e-01  4.99363703e-01
5.00428071e-01  4.96590003e-01  4.98718870e-01
5.00803592e-01  4.96050929e-01  5.01406495e-01
4.99246238e-01  4.96679075e-01  5.00798867e-01
4.99282600e-01  4.98004615e-01  5.00689159e-01
4.97443287e-01  4.98835868e-01  4.99624073e-01
2.52963134e-01  9.97810094e-01  7.85549457e-01
4.75528678e-01  9.74361949e-01  3.94869021e-01
7.37803527e-01  4.32213272e-01  2.98227854e-01
5.00424165e-01  4.97090888e-01  5.00106996e-01
5.00233774e-01  4.99232015e-01  4.98331756e-01
4.99873574e-01  4.99116803e-01  4.97601198e-01
4.98899617e-01  4.97270505e-01  4.98946508e-01
4.97196837e-01  4.97717541e-01  4.99636368e-01
5.00011194e-01  4.96698651e-01  5.00177882e-01
4.99832781e-01  4.98315809e-01  4.97518293e-01
5.01008842e-01  4.98894386e-01  5.00121456e-01
4.97509081e-01  4.97648785e-01  4.97618222e-01
4.99972406e-01  4.96007285e-01  4.98759293e-01
4.99297509e-01  4.98051957e-01  5.00987875e-01
5.01171221e-01  4.98961205e-01  4.98807530e-01
4.97157516e-01  4.98485761e-01  4.97762380e-01
4.99190991e-01  4.97298170e-01  5.00878448e-01
8.64471856e-01  4.19605727e-01  8.41576344e-01
4.99041666e-01  4.98586179e-01  5.00090626e-01
5.00208301e-01  4.95691694e-01  5.00438397e-01
4.99872011e-01  4.98211437e-01  5.00803504e-01
4.97835951e-01  4.96188537e-01  4.98844001e-01
4.99483388e-01  4.97043528e-01  5.00960881e-01
5.00374159e-01  4.99590226e-01  4.99667430e-01
4.97314023e-01  4.98005865e-01  4.99794351e-01
4.99603875e-01  4.96895136e-01  4.98548744e-01
4.98561167e-01  4.96150677e-01  4.99427553e-01
6.23885029e-01  5.25929882e-01  7.57993248e-01
4.97543233e-01  4.96619670e-01  4.99171671e-01
5.00673744e-01  4.97520395e-01  5.00446756e-01
5.01085848e-01  4.97828989e-01  5.01506312e-01
4.99948740e-01  4.99527695e-01  5.01363633e-01
5.00446036e-01  4.96140626e-01  5.01288591e-01
4.99315547e-01  4.96205609e-01  4.99503589e-01
4.97461115e-01  4.97838229e-01  4.99243411e-01
5.00785935e-01  4.97554863e-01  4.99680762e-01
4.99360173e-01  4.97699853e-01  5.01265942e-01
5.00862544e-01  4.96528430e-01  4.97967356e-01
5.00537867e-01  4.96237431e-01  4.98603508e-01
5.01087175e-01  4.99107023e-01  5.01209514e-01
4.97237333e-01  4.97881608e-01  5.01156900e-01
9.12959340e-01  8.90475812e-01  2.50932081e-01
9.31493782e-01  9.58926687e-01  7.56906581e-01
5.00823721e-01  4.99432684e-01  4.98170428e-01
5.00175444e-01  4.98557026e-01  4.98048259e-01
4.99781533e-01  4.98192033e-01  5.00299822e-01
5.00835617e-01  4.97971107e-01  4.99957422e-01
4.98398209e-01  4.95892379e-01  5.01478686e-01
6.34858536e-01  3.29077072e-01  2.99324653e-01
5.00812304e-01  4.97955650e-01  4.99369506e-01
4.98520977e-01  4.96278951e-01  4.97850022e-01
4.99368431e-01  4.97502193e-01  5.00263959e-01
4.98841459e-01  4.96497480e-01  4.98364294e-01
4.99763203e-01  4.97466002e-01  5.00579352e-01
4.97928134e-01  4.97102430e-01  5.00920158e-01
5.00923076e-01  4.99137594e-01  4.97805012e-01
4.99061300e-01  4.99493522e-01  4.99168862e-01
4.98656478e-01  4.96423507e-01  5.00259646e-01
5.00749703e-01  4.96148525e-01  4.99913018e-01
5.00526196e-01  4.95767713e-01  4.98168788e-01
4.98456161e-01  4.96108057e-01  4.98377430e-01
4.98591980e-01  4.97451584e-01  4.99136553e-01
5.00806611e-01  4.97352694e-01  4.99263596e-01
3.76836009e-01  3.78433133e-01  7.56380002e-01
5.00386846e-01  4.98512964e-01  4.99955561e-01
4.97647657e-01  4.99375742e-01  5.00030182e-01
4.97871141e-01  4.97115261e-01  5.01169661e-01
4.98330739e-01  4.98137359e-01  5.00230815e-01
8.59472292e-01  8.19829702e-01  3.46821680e-01
4.98803845e-01  4.97631727e-01  5.00762738e-01
6.60694668e-01  6.97179286e-01  4.54523611e-01
4.98140092e-01  4.97424343e-01  5.01499778e-01
4.99998041e-01  4.97118601e-01  4.98851654e-01
4.99021416e-01  4.99315514e-01  4.98982224e-01
4.98438192e-01  4.96342737e-01  4.99950544e-01
4.99477553e-01  4.97427798e-01  5.00010296e-01
4.99704710e-01  4.98897558e-01  4.97558574e-01
4.98041600e-01  4.98283662e-01  5.01018690e-01
5.00300544e-01  4.96297191e-01  4.97555523e-01
4.99343582e-01  4.99437435e-01  4.97973362e-01
5.00464084e-01  4.98714159e-01  4.97706457e-01
5.00237180e-01  4.97905761e-01  4.97957658e-01
4.99714468e-01  4.95997822e-01  5.00829300e-01
5.00917449e-01  4.97795004e-01  4.99949414e-01
4.97178746e-01  4.98563960e-01  4.98766819e-01
4.97472506e-01  4.96130574e-01  5.00577251e-01
4.97896834e-01  4.95956325e-01  4.99324031e-01
5.01006180e-01  4.97249300e-01  5.01255889e-01
5.00783617e-01  4.96974317e-01  5.00976859e-01
5.01153696e-01  4.97788284e-01  4.98824862e-01
4.98422448e-01  4.98813960e-01  4.99438774e-01
4.97340049e-01  4.97928177e-01  5.00326753e-01
5.00594675e-01  4.96321038e-01  5.01284514e-01
5.00927401e-01  4.99230174e-01  5.00317430e-01
4.98106755e-01  4.98616307e-01  5.00505014e-01
4.97787061e-01  4.95916364e-01  4.99800112e-01
8.92644552e-01  5.96751106e-01  7.72474623e-01
4.97890294e-01  4.96743563e-01  5.01437925e-01
5.00624328e-01  4.99237165e-01  5.00997896e-01
5.01056722e-01  4.96443956e-01  4.98521801e-01
4.98930953e-01  4.98160833e-01  4.99288285e-01
4.97525705e-01  4.96851885e-01  4.99290246e-01
4.97785374e-01  4.98006897e-01  5.00676893e-01
5.00891150e-01  4.95700849e-01  4.99993739e-01
4.99572164e-01  4.96245305e-01  5.00898968e-01
4.97528389e-01  4.98283118e-01  5.00400696e-01
2.65565992e-01  8.30637249e-01  9.21913326e-01
5.00173622e-01  4.96758203e-01  5.01421543e-01
4.98234364e-01  4.98996509e-01  5.00768719e-01
3.73764781e-01  8.32095873e-01  8.89933039e-01
4.97412197e-01  4.96685183e-01  4.99441564e-01
4.99608428e-01  4.99638212e-01  4.97745667e-01
4.98116930e-01  4.97060825e-01  4.97550869e-01
3.17846942e-01  9.06443902e-01  4.17310546e-01
4.97611355e-01  4.95663942e-01  5.00113099e-01
4.98044349e-01  4.99365209e-01  5.00210129e-01
4.97224114e-01  4.96486770e-01  4.99028348e-01
4.98435211e-01  4.98909229e-01  4.99821623e-01
5.00297549e-01  4.96417661e-01  4.98447020e-01
4.98798010e-01  4.95806535e-01  4.98440441e-01
4.99149874e-01  4.98316327e-01  4.99946200e-01
4.99540231e-01  4.97968620e-01  5.00246739e-01
4.98984047e-01  4.98546128e-01  4.99049137e-01
5.00116283e-01  4.98369337e-01  5.00258219e-01
4.99260327e-01  4.97882796e-01  5.00316199e-01
5.00035422e-01  4.98962830e-01  5.00104012e-01
4.99139461e-01  4.95774821e-01  5.00121873e-01
5.00790524e-01  4.96569913e-01  5.00990193e-01
6.34149046e-01  7.92759787e-01  6.52138996e-01
5.00152091e-01  4.99150559e-01  4.98622391e-01
4.99921379e-01  4.99464967e-01  4.98733007e-01
5.00000648e-01  4.98155895e-01  4.99320474e-01
4.98629728e-01  4.99008432e-01  4.98551148e-01
5.00408788e-01  4.98863494e-01  5.01060472e-01
4.99510942e-01  4.99449452e-01  4.99551012e-01
4.97472370e-01  4.95658573e-01  4.98255673e-01
4.98275706e-01  4.98915977e-01  4.98955544e-01
4.97582923e-01  4.97694785e-01  4.98312111e-01
4.99712720e-01  4.98067843e-01  5.01387666e-01
5.01094815e-01  4.96894019e-01  4.99741499e-01
4.99371675e-01  4.97787199e-01  5.00975418e-01
4.97608749e-01  4.96581871e-01  5.01512354e-01
4.99582189e-01  4.98079214e-01  5.01286325e-01
4.97364032e-01  4.96676773e-01  5.00041165e-01
4.97788723e-01  4.95841575e-01  5.00221546e-01
3.56630262e-01  7.76005568e-01  4.58459126e-01
4.99244357e-01  4.97902146e-01  4.99391180e-01
4.97501670e-01  4.96674277e-01  4.97664547e-01
4.98311570e-01  4.98138142e-01  4.99852598e-01
5.01099829e-01  4.96404004e-01  5.01082322e-01
4.98156624e-01  4.96916061e-01  5.01019157e-01
4.97295352e-01  4.97058025e-01  4.97556607e-01
4.99355711e-01  4.97860450e-01  5.01143300e-01
5.01155446e-01  4.98959260e-01  4.98154800e-01
4.98599019e-01  4.99131676e-01  4.97858426e-01
4.99455464e-01  4.96200791e-01  4.98698746e-01
5.00651317e-01  4.97587795e-01  5.01289072e-01
4.97883504e-01  4.99050548e-01  5.00693118e-01
4.99823294e-01  4.97769956e-01  4.98175086e-01
4.97527728e-01  4.96109195e-01  5.00660207e-01
5.00823848e-01  4.97985157e-01  4.98532913e-01
5.00761099e-01  4.96608110e-01  4.98764484e-01
4.97497602e-01  4.96584347e-01  4.97457519e-01
4.98325686e-01  4.98690210e-01  4.98722405e-01
4.97940069e-01  4.98114491e-01  4.99178171e-01
6.56913298e-01  6.19055473e-01  5.39402128e-01
4.97698395e-01  4.99009612e-01  4.99367804e-01
4.97490268e-01  4.98655759e-01  5.00998933e-01
4.99812747e-01  4.95854273e-01  4.99145318e-01
5.00408008e-01  4.96552717e-01  4.99284404e-01
5.00963074e-01  4.99150104e-01  5.00564107e-01
