7.55947078e-01  7.10776660e-01  9.09499074e-01  9.15716054e-01  4.52807917e-01  9.08540586e-01
8.63113631e-01  7.25864891e-01  5.33176562e-01  9.70612957e-01  6.15392342e-01  5.17555403e-01
9.04864945e-01  6.34246972e-01  4.52364776e-01  9.77982253e-01  7.09840199e-01  4.47706184e-01
8.48562534e-01  8.11159350e-01  5.25329022e-01  9.64728020e-01  8.41726229e-01  5.01181182e-01
9.75895521e-01  3.24033887e-01  4.19039085e-01  9.91481413e-01  3.17450409e-01  4.54949937e-01
8.05751919e-01  7.34762016e-01  7.23146638e-01  9.43313199e-01  5.13588947e-01  7.16996690e-01
7.89837694e-01  6.79551684e-01  8.14778506e-01  9.30916468e-01  4.38592140e-01  8.14442828e-01
8.93147418e-01  5.92307695e-01  5.20697207e-01  9.70944828e-01  5.74049002e-01  5.25312602e-01
9.14511094e-01  3.17929944e-01  6.32868378e-01  9.62925517e-01  2.05790183e-01  6.64804035e-01
8.83106728e-01  3.82153971e-01  6.96818975e-01  9.52301461e-01  2.57608397e-01  7.20555774e-01
8.76933112e-01  6.85876684e-01  5.12949143e-01  9.74412013e-01  5.82655023e-01  5.01016710e-01
8.86569181e-01  7.18579146e-01  4.58258101e-01  9.75353883e-01  8.09432653e-01  4.41267159e-01
8.47815819e-01  3.00934680e-01  8.72205429e-01  9.28445851e-01  1.93354682e-01  8.88931451e-01
9.82594319e-01  3.15866859e-01  4.01665429e-01  9.95753759e-01  2.79095117e-01  4.36719005e-01
1.01088073e+00  2.44357168e-01  3.53286755e-01  1.00227322e+00  2.64636680e-01  3.98361444e-01
8.99796879e-01  6.89935403e-01  4.32099749e-01  9.83631535e-01  7.04392305e-01  4.12775286e-01
7.86997165e-01  6.74693761e-01  8.28059219e-01  9.27482951e-01  4.72277413e-01  8.28927599e-01
9.43156822e-01  3.29522976e-01  5.27180522e-01  9.77437179e-01  2.47585060e-01  5.61733550e-01
9.86563721e-01  2.95193792e-01  4.02055246e-01  9.96371310e-01  2.49641205e-01  4.39800923e-01
9.32929842e-01  3.94646081e-01  5.18173169e-01  9.78256012e-01  2.96704431e-01  5.44736490e-01
9.00898608e-01  4.84194823e-01  5.67173829e-01  9.69355407e-01  3.71622880e-01  5.83909935e-01
8.68456755e-01  7.79041778e-01  4.79037290e-01  9.75357198e-01  7.65370105e-01  4.51264965e-01
8.21414968e-01  4.41273823e-01  8.67994897e-01  9.26877220e-01  2.78616942e-01  8.79121433e-01
9.60940010e-01  4.29373449e-01  3.99047235e-01  9.93652700e-01  4.15710519e-01  4.17528461e-01
7.92874138e-01  5.84376478e-01  8.68634069e-01  9.21914108e-01  4.29032770e-01  8.74470667e-01
7.83157149e-01  4.60190101e-01  9.85650366e-01  9.09830010e-01  2.70272043e-01  9.89943936e-01
9.22880408e-01  4.89280227e-01  4.88644392e-01  9.79496914e-01  4.35038475e-01  5.03699939e-01
9.47235243e-01  4.19119942e-01  4.52786046e-01  9.87946049e-01  3.31850481e-01  4.74181978e-01
9.61223455e-01  4.06658579e-01  4.13407187e-01  9.92932518e-01  3.60283710e-01  4.35400801e-01
9.32024565e-01  3.68485261e-01  5.38919476e-01  9.74193291e-01  3.01739511e-01  5.69590389e-01
9.86943344e-01  2.89208543e-01  4.04797166e-01  9.94870800e-01  2.70111740e-01  4.44530207e-01
9.01484701e-01  2.38194895e-01  7.31180463e-01  9.49512298e-01  1.54454112e-01  7.63111654e-01
8.83488152e-01  6.46111446e-01  5.17389314e-01  9.74856317e-01  5.28742794e-01  5.11058132e-01
9.44132434e-01  3.80502014e-01  4.89445800e-01  9.80235104e-01  3.49669027e-01  5.19378280e-01
8.15770244e-01  4.41086350e-01  8.87110290e-01  9.24610838e-01  2.62557450e-01  8.96981690e-01
9.53331921e-01  4.77374818e-01  3.92646769e-01  9.92968831e-01  4.91530910e-01  4.03785140e-01
9.19799233e-01  4.28560276e-01  5.40145585e-01  9.72567655e-01  3.67574465e-01  5.64274945e-01
8.97479238e-01  4.47637877e-01  6.03525171e-01  9.63962485e-01  3.45812803e-01  6.24671269e-01
9.76346826e-01  3.27255887e-01  4.15323082e-01  9.92187506e-01  3.17240244e-01  4.50471420e-01
7.82084219e-01  5.38576777e-01  9.36411928e-01  9.15638583e-01  3.19942281e-01  9.40809030e-01
8.83078804e-01  7.04888546e-01  4.79123181e-01  9.73578778e-01  7.52784616e-01  4.65680823e-01
8.80127063e-01  3.68589464e-01  7.16152969e-01  9.49945758e-01  2.40222043e-01  7.39822652e-01
9.09564330e-01  5.68274586e-01  4.80829669e-01  9.78724537e-01  5.33694538e-01  4.85063901e-01
8.69321011e-01  7.00446256e-01  5.29123024e-01  9.72087960e-01  5.80984874e-01  5.16322219e-01
8.41056856e-01  8.09023989e-01  5.52412571e-01  9.63244667e-01  7.62923860e-01  5.29537886e-01
8.17700847e-01  6.83761882e-01  7.16740222e-01  9.45323661e-01  4.69025036e-01  7.14757668e-01
8.93297202e-01  2.74178583e-01  7.34869909e-01  9.48936338e-01  1.66882485e-01  7.63834001e-01
9.25220630e-01  5.07746665e-01  4.68187810e-01  9.80042971e-01  5.13320948e-01  4.81479252e-01
7.96357450e-01  8.09700023e-01  7.04671034e-01  9.44388378e-01  5.93500095e-01  6.90992330e-01
8.95211246e-01  3.57488650e-01  6.72109518e-01  9.56657844e-01  2.31912790e-01  6.98758295e-01
9.24565595e-01  3.08260357e-01  6.05043367e-01  9.66694891e-01  2.10935605e-01  6.39397123e-01
8.26223996e-01  5.76795656e-01  7.59806918e-01  9.40597808e-01  3.78830912e-01  7.66636447e-01
8.66053010e-01  7.59428067e-01  5.00484524e-01  9.67081626e-01  8.54072279e-01  4.83133418e-01
9.70018519e-01  3.29018162e-01  4.35753272e-01  9.90628499e-01  2.77248511e-01  4.70033176e-01
8.22623932e-01  2.96734745e-01  9.61116169e-01  9.15797699e-01  1.91543784e-01  9.70491917e-01
8.34302371e-01  5.24262448e-01  7.67657726e-01  9.37220686e-01  4.14508857e-01  7.79766123e-01
8.18234172e-01  6.33847998e-01  7.48602727e-01  9.41657022e-01  4.15755124e-01  7.51013321e-01
9.27681688e-01  3.90757717e-01  5.38726314e-01  9.73562662e-01  3.29126950e-01  5.67086439e-01
9.04449828e-01  2.98996742e-01  6.80018765e-01  9.56350406e-01  1.88928169e-01  7.11008602e-01
9.86054929e-01  3.09911749e-01  3.93861640e-01  9.97624640e-01  2.61661823e-01  4.28887987e-01
8.97159303e-01  6.82667719e-01  4.46014736e-01  9.79768501e-01  7.29843613e-01  4.31466421e-01
9.30963864e-01  3.34566231e-01  5.65432257e-01  9.69876281e-01  2.90229414e-01  6.00031529e-01
9.42151303e-01  3.82170771e-01  4.95088111e-01  9.81392349e-01  3.02224249e-01  5.23300539e-01
8.55899253e-01  2.42300675e-01  8.84158403e-01  9.28657596e-01  1.34763556e-01  9.01583839e-01
8.82448735e-01  7.57307388e-01  4.45902862e-01  9.81225030e-01  7.53661607e-01  4.16429318e-01
7.85774543e-01  8.69002863e-01  7.00807125e-01  9.43288065e-01  6.63069377e-01  6.81414471e-01
8.29342754e-01  8.55071400e-01  5.61358393e-01  9.60472738e-01  8.20648887e-01  5.33513838e-01
9.45677231e-01  3.47983957e-01  5.06111967e-01  9.78517174e-01  3.09657640e-01  5.39964148e-01
8.38641008e-01  7.76858371e-01  5.82372247e-01  9.58610789e-01  7.29774471e-01  5.67185508e-01
8.47267012e-01  3.72310298e-01  8.25910845e-01  9.34381380e-01  2.27824266e-01  8.42617840e-01
8.74338466e-01  7.31737989e-01  4.90865111e-01  9.76546819e-01  6.54412912e-01  4.70166146e-01
8.39180249e-01  1.90335511e-01  9.76356809e-01  9.15626769e-01  1.30191123e-01  9.86259393e-01
8.91905959e-01  2.29743849e-01  7.69609432e-01  9.43402554e-01  1.67602822e-01  7.99155666e-01
8.83612809e-01  3.84797659e-01  6.93306090e-01  9.53332251e-01  2.46271131e-01  7.16655245e-01
8.95744918e-01  5.74391182e-01  5.23913989e-01  9.73288388e-01  4.95499029e-01  5.29063668e-01
9.18357457e-01  4.91647283e-01  5.02498785e-01  9.76043441e-01  4.64131284e-01  5.18893581e-01
8.39313623e-01  2.74678360e-01  9.18976073e-01  9.22615905e-01  1.67976327e-01  9.32394207e-01
8.00847315e-01  6.68912352e-01  7.84341695e-01  9.32843745e-01  5.05685111e-01  7.86037871e-01
9.48089814e-01  4.84711918e-01  4.05604117e-01  9.90713703e-01  4.96949135e-01  4.16953579e-01
9.35108835e-01  2.71508173e-01  5.93824508e-01  9.67074338e-01  2.25756794e-01  6.33419401e-01
8.51788625e-01  6.72721697e-01  6.07729249e-01  9.57062448e-01  6.07243579e-01  6.06415370e-01
9.62803289e-01  3.69166875e-01  4.33309767e-01  9.89922785e-01  3.28482729e-01  4.62308766e-01
7.66275818e-01  6.60743087e-01  9.07974741e-01  9.15231447e-01  4.60668174e-01  9.09769366e-01
9.20371200e-01  3.00607052e-01  6.24835286e-01  9.62665088e-01  2.35634169e-01  6.59855031e-01
8.84011060e-01  7.33361289e-01  4.56724289e-01  9.74595982e-01  8.42334831e-01  4.37744110e-01
8.32203626e-01  8.16977108e-01  5.77291824e-01  9.59787618e-01  7.46843451e-01  5.55556016e-01
8.05719158e-01  6.58479181e-01  7.74736952e-01  9.32912543e-01  5.37497428e-01  7.77989645e-01
8.36769360e-01  2.17785598e-01  9.66068004e-01  9.17553563e-01  1.20867266e-01  9.76130083e-01
7.91854592e-01  8.05067000e-01  7.23181638e-01  9.41061594e-01  5.97538854e-01  7.11364495e-01
9.67768277e-01  3.28433293e-01  4.43835388e-01  9.89024762e-01  2.83825350e-01  4.78746707e-01
8.66350481e-01  7.39688611e-01  5.12789701e-01  9.73469348e-01  6.41084689e-01  4.93091531e-01
8.48195271e-01  7.28896835e-01  5.82097148e-01  9.61115381e-01  6.43579514e-01  5.71731778e-01
9.00735996e-01  2.55068210e-01  7.22351350e-01  9.49965247e-01  1.79675391e-01  7.54175534e-01
9.22289636e-01  4.41339575e-01  5.23013569e-01  9.73066758e-01  4.27124866e-01  5.46834413e-01
8.01323711e-01  5.64941579e-01  8.52880739e-01  9.24701267e-01  4.14960479e-01  8.59958528e-01
8.25262763e-01  4.26183924e-01  8.64734326e-01  9.28010488e-01  2.57070771e-01  8.76487893e-01
8.34293131e-01  7.83062263e-01  5.93040694e-01  9.61549792e-01  6.20456968e-01  5.74474429e-01
8.88181731e-01  2.43993199e-01  7.72717519e-01  9.43428058e-01  1.60088903e-01  8.00788805e-01
8.65996907e-01  3.08096336e-01  8.05253536e-01  9.38228506e-01  1.90591675e-01  8.26845197e-01
8.90234929e-01  7.27969633e-01  4.39100199e-01  9.80701909e-01  7.71593823e-01  4.15496731e-01
8.04115658e-01  8.41777284e-01  6.56517140e-01  9.48876564e-01  6.96154713e-01  6.37658909e-01
8.15453591e-01  7.89204492e-01  6.53260110e-01  9.52114619e-01  6.04826751e-01  6.38728227e-01
9.87791844e-01  2.76538476e-01  4.10448310e-01  9.94046545e-01  2.59768512e-01  4.52290045e-01
8.58728099e-01  4.98837714e-01  7.01365456e-01  9.50558162e-01  3.27211960e-01  7.15093767e-01
9.00490402e-01  6.69070178e-01  4.43810818e-01  9.84863312e-01  6.11531083e-01  4.27079078e-01
8.63562791e-01  8.01624539e-01  4.80517630e-01  9.76673925e-01  7.45452075e-01  4.47582325e-01
8.69094211e-01  3.62689989e-01  7.57828478e-01  9.44530807e-01  2.20542557e-01  7.79260000e-01
9.43759346e-01  3.26697521e-01  5.27028558e-01  9.76180914e-01  2.76458867e-01  5.62886961e-01
1.00056271e+00  2.68907740e-01  3.71968930e-01  1.00017424e+00  2.58612844e-01  4.13264328e-01
9.08105914e-01  3.00015888e-01  6.66840021e-01  9.57765878e-01  2.01889135e-01  6.98830593e-01
9.60967510e-01  3.81151602e-01  4.31493957e-01  9.90791387e-01  3.22997017e-01  4.58049385e-01
8.28471208e-01  3.25646032e-01  9.21624342e-01  9.21587260e-01  1.92160397e-01  9.33209086e-01
8.57106664e-01  4.54688486e-01  7.36699110e-01  9.46110390e-01  2.88648174e-01  7.52843111e-01
9.39753458e-01  3.90645874e-01  4.97560634e-01  9.79680130e-01  3.38131583e-01  5.25696566e-01
9.69021282e-01  3.28416205e-01  4.39566304e-01  9.89777997e-01  2.82315271e-01  4.74276644e-01
8.90209726e-01  5.25650333e-01  5.75715920e-01  9.67525792e-01  4.04441385e-01  5.87797511e-01
9.34850292e-01  3.60992258e-01  5.34322437e-01  9.76152923e-01  2.68282594e-01  5.65021546e-01
8.57204552e-01  2.57622371e-01  8.69357763e-01  9.29904782e-01  1.58658879e-01  8.87870273e-01
8.79145890e-01  2.46837412e-01  8.01670087e-01  9.39871639e-01  1.47079570e-01  8.26710712e-01
7.94393471e-01  4.77916417e-01  9.35293649e-01  9.17142929e-01  2.77001417e-01  9.41428151e-01
9.26368495e-01  2.87697320e-01  6.12760315e-01  9.65473351e-01  2.03683368e-01  6.48966140e-01
8.66006662e-01  3.01772997e-01  8.09487747e-01  9.38010825e-01  1.79326280e-01  8.30935219e-01
9.72999135e-01  3.86204870e-01  3.86980536e-01  9.97150651e-01  3.51996648e-01  4.10327938e-01
8.51416415e-01  6.44439840e-01  6.28087130e-01  9.57774682e-01  4.96166232e-01  6.28407469e-01
8.25204909e-01  8.79887697e-01  5.58748340e-01  9.61605608e-01  8.21220315e-01  5.26111114e-01
8.52919169e-01  8.30917595e-01  4.97112380e-01  9.73416636e-01  7.72079482e-01  4.62107114e-01
8.38494004e-01  3.66360916e-01  8.59900408e-01  9.29423428e-01  2.26636081e-01  8.74702777e-01
9.04848463e-01  4.39549158e-01  5.83807444e-01  9.66708749e-01  3.49593516e-01  6.06152922e-01
9.18141081e-01  3.49202217e-01  5.99363519e-01  9.67444011e-01  2.31872755e-01  6.29585901e-01
7.55401155e-01  7.63230802e-01  8.75963693e-01  9.19622404e-01  5.00093731e-01  8.72177560e-01
9.64883867e-01  3.16639814e-01  4.61647810e-01  9.87156149e-01  2.53659290e-01  4.97944826e-01
9.90738750e-01  3.00292095e-01  3.84351800e-01  9.98140329e-01  2.79624624e-01  4.21285323e-01
8.03137871e-01  8.52249833e-01  6.52790522e-01  9.49687030e-01  6.97451267e-01  6.32150609e-01
8.44503303e-01  3.06826738e-01  8.79547097e-01  9.27621374e-01  1.88891357e-01  8.95287043e-01
9.46503163e-01  3.23160578e-01  5.20041509e-01  9.76825335e-01  2.84929762e-01  5.56728200e-01
9.38214463e-01  3.99521974e-01  4.96828484e-01  9.78605324e-01  3.71297710e-01  5.24659768e-01
9.37496825e-01  3.76691553e-01  5.14686805e-01  9.78688716e-01  2.89583273e-01  5.43663949e-01
9.24375697e-01  5.14252376e-01  4.66684259e-01  9.80633320e-01  5.09646973e-01  4.78571337e-01
7.93289176e-01  5.96933026e-01  8.58741917e-01  9.23322944e-01  4.34667752e-01  8.64086775e-01
7.95627719e-01  7.66077429e-01  7.36602702e-01  9.39436961e-01  5.67213252e-01  7.29036287e-01
8.65215317e-01  8.11656495e-01  4.68101749e-01  9.71986083e-01  9.13793978e-01  4.37396826e-01
9.51018780e-01  3.95471799e-01  4.55818086e-01  9.84302630e-01  3.90343247e-01  4.83563979e-01
8.80346886e-01  5.45908510e-01  5.95740644e-01  9.64835934e-01  4.02550562e-01  6.05502136e-01
8.13162182e-01  3.81672518e-01  9.36119750e-01  9.18182972e-01  2.33351361e-01  9.45194986e-01
7.43941180e-01  6.90436401e-01  9.64248046e-01  9.07611542e-01  4.36372706e-01  9.64454478e-01
7.77307995e-01  6.37533198e-01  8.85945574e-01  9.20546492e-01  4.08874492e-01  8.88063024e-01
7.63116688e-01  6.00455914e-01  9.59457754e-01  9.10819675e-01  3.61931570e-01  9.61677711e-01
8.29681088e-01  3.39312000e-01  9.08267162e-01  9.23217814e-01  2.01669817e-01  9.20476490e-01
8.36072060e-01  3.29952808e-01  8.92747272e-01  9.25924184e-01  1.88311363e-01  9.06311746e-01
8.95295015e-01  2.79140442e-01  7.24695494e-01  9.49332924e-01  1.94664195e-01  7.54647143e-01
7.56459870e-01  6.86282853e-01  9.24276943e-01  9.12505528e-01  4.70033493e-01  9.25014365e-01
9.49660023e-01  3.87015115e-01  4.66166758e-01  9.83824203e-01  3.57042397e-01  4.94595203e-01
8.36988305e-01  6.76321236e-01  6.55865489e-01  9.53499572e-01  5.05830306e-01  6.53516904e-01
8.46798072e-01  7.33816941e-01  5.83549681e-01  9.56966615e-01  7.38886278e-01  5.75552312e-01
9.02547219e-01  5.87564247e-01  4.91785189e-01  9.74367715e-01  6.04616263e-01  4.96049640e-01
9.35006963e-01  3.62557362e-01  5.32731085e-01  9.76637631e-01  2.63492754e-01  5.63058002e-01
9.87456993e-01  3.25420102e-01  3.78606665e-01  9.99912146e-01  2.78263428e-01  4.10246664e-01
7.62035657e-01  7.42776612e-01  8.67099821e-01  9.21541000e-01  4.82600005e-01  8.64054626e-01
8.49123673e-01  6.29870722e-01  6.45752105e-01  9.55989876e-01  4.63311041e-01  6.47711304e-01
8.86346703e-01  4.17044387e-01  6.62204465e-01  9.57238050e-01  2.77576079e-01  6.84117963e-01
7.84782824e-01  7.49182114e-01  7.85057504e-01  9.33311728e-01  5.18568074e-01  7.79955615e-01
9.01613380e-01  5.56217010e-01  5.16129666e-01  9.75416231e-01  4.64912769e-01  5.22729541e-01
8.77995750e-01  7.48313232e-01  4.67185129e-01  9.78206154e-01  7.26557164e-01  4.42272867e-01
9.21114825e-01  5.73054204e-01  4.38144257e-01  9.85694520e-01  5.45561789e-01  4.37521905e-01
8.98146031e-01  2.44858766e-01  7.38089963e-01  9.48374493e-01  1.60184736e-01  7.69039263e-01
9.39625298e-01  3.09171524e-01  5.52978721e-01  9.72717060e-01  2.55299257e-01  5.90163352e-01
8.75356725e-01  2.42392622e-01  8.17615605e-01  9.37089324e-01  1.58845112e-01  8.41743310e-01
8.00573221e-01  5.98169454e-01  8.33319203e-01  9.29293656e-01  3.86279408e-01  8.37877600e-01
8.31928765e-01  2.33614926e-01  9.71924014e-01  9.15823135e-01  1.45359164e-01  9.81372758e-01
9.44335231e-01  5.02772861e-01  4.06243200e-01  9.91544439e-01  4.88394986e-01  4.13670770e-01
8.40327220e-01  4.70311567e-01  7.83482636e-01  9.36109447e-01  3.66406796e-01  7.98395847e-01
8.72914119e-01  5.49990522e-01  6.18379522e-01  9.61867064e-01  3.89162474e-01  6.27745536e-01
9.33502497e-01  5.16039585e-01  4.34298297e-01  9.85090910e-01  5.34820814e-01  4.43961669e-01
8.82574375e-01  6.92401941e-01  4.89272802e-01  9.73851605e-01  6.96313901e-01  4.77433799e-01
8.41344735e-01  4.80139975e-01  7.73374059e-01  9.39028628e-01  3.35060616e-01  7.87167593e-01
9.02349387e-01  6.25398357e-01  4.66930200e-01  9.79976479e-01  5.98504248e-01  4.61537310e-01
8.47611769e-01  2.66913782e-01  8.95863112e-01  9.25714795e-01  1.71178281e-01  9.11751751e-01
8.04528766e-01  6.90937235e-01  7.57197150e-01  9.34313258e-01  5.84455478e-01  7.58293638e-01
8.48135260e-01  2.22116701e-01  9.24606000e-01  9.22072160e-01  1.55922311e-01  9.39281141e-01
8.49382625e-01  5.88886137e-01  6.72524602e-01  9.49834298e-01  4.90174505e-01  6.80769386e-01
8.94807772e-01  2.93240518e-01  7.16845223e-01  9.51328938e-01  1.78348696e-01  7.45746031e-01
8.90124576e-01  6.68108232e-01  4.79872395e-01  9.72765176e-01  7.43061905e-01  4.73223969e-01
9.21827623e-01  2.36178699e-01  6.63039704e-01  9.57858476e-01  1.89038593e-01  7.01309478e-01
9.12949269e-01  2.65810014e-01  6.73375802e-01  9.55801823e-01  2.13552784e-01  7.08639023e-01
8.93614834e-01  4.43364749e-01  6.19611404e-01  9.62615785e-01  3.16383356e-01  6.40345965e-01
9.23531063e-01  3.55071850e-01  5.76988199e-01  9.70117162e-01  2.52227173e-01  6.07573447e-01
8.98461519e-01  2.97595767e-01  7.01423068e-01  9.53308182e-01  1.86312925e-01  7.31146752e-01
8.41303928e-01  7.32469524e-01  6.03230411e-01  9.60458391e-01  5.76494339e-01  5.91986686e-01
8.75257533e-01  7.54713494e-01  4.72220966e-01  9.79383086e-01  6.82994355e-01  4.45140603e-01
8.04588991e-01  5.84481556e-01  8.28537130e-01  9.27462078e-01  4.43718156e-01  8.35373828e-01
9.60465605e-01  4.31027062e-01  3.99552167e-01  9.95305065e-01  3.76864788e-01  4.16218940e-01
8.59645932e-01  5.97442480e-01  6.31686730e-01  9.57193914e-01  4.73161007e-01  6.37633402e-01
8.70300612e-01  7.92270863e-01  4.63810394e-01  9.71783949e-01  9.21803862e-01  4.36778026e-01
8.78620310e-01  6.83713084e-01  5.08942367e-01  9.69394183e-01  7.16703256e-01  5.01664506e-01
8.33992142e-01  8.95467529e-01  5.18213887e-01  9.66234866e-01  8.95908811e-01  4.78560741e-01
9.44571200e-01  3.94820053e-01  4.78284787e-01  9.81207752e-01  3.77242529e-01  5.06546648e-01
8.06666363e-01  6.69695658e-01  7.63931104e-01  9.33953488e-01  5.57535213e-01  7.66521563e-01
8.64117626e-01  6.41968404e-01  5.86362074e-01  9.63415906e-01  5.23295205e-01  5.85738189e-01
7.95848825e-01  8.38587255e-01  6.87211692e-01  9.45159489e-01  6.60964729e-01  6.70431314e-01
8.77699605e-01  7.56324508e-01  4.62790692e-01  9.78595691e-01  7.42015646e-01  4.36078134e-01
8.65598616e-01  2.53832355e-01  8.43235719e-01  9.34037920e-01  1.47167755e-01  8.64107625e-01
9.73333245e-01  2.66201747e-01  4.66818325e-01  9.86260874e-01  2.26134442e-01  5.10268564e-01
8.70255971e-01  2.16648228e-01  8.52417167e-01  9.31989379e-01  1.57926036e-01  8.74674662e-01
9.64131877e-01  2.95165794e-01  4.78707698e-01  9.84346419e-01  2.43912921e-01  5.18296554e-01
9.29438764e-01  4.85657763e-01  4.68683429e-01  9.82238161e-01  4.45996294e-01  4.83497806e-01
8.37086645e-01  2.00339091e-01  9.76758882e-01  9.15662702e-01  1.28904279e-01  9.86336631e-01
8.34094544e-01  2.26713147e-01  9.69182221e-01  9.16999846e-01  1.24779428e-01  9.78746242e-01
9.39075170e-01  2.55505765e-01  5.91073097e-01  9.68994487e-01  1.82377340e-01  6.31476419e-01
7.61202649e-01  8.06558033e-01  8.26901180e-01  9.25966449e-01  5.51161592e-01  8.19274807e-01
9.48851677e-01  4.33234795e-01  4.37738902e-01  9.89605198e-01  3.60613997e-01  4.56662725e-01
8.84741008e-01  4.59243567e-01  6.39212727e-01  9.59853276e-01  3.17201930e-01  6.57868800e-01
7.91497211e-01  8.78049331e-01  6.75150676e-01  9.47676909e-01  6.67163128e-01  6.52285767e-01
8.44164878e-01  5.75347485e-01  6.99785701e-01  9.47468090e-01  4.40284237e-01  7.08392616e-01
8.97061879e-01  2.04047862e-01  7.69335077e-01  9.44098240e-01  1.44354827e-01  8.00252576e-01
8.88267206e-01  2.48537226e-01  7.69656767e-01  9.43671312e-01  1.68168222e-01  7.97813447e-01
9.29931737e-01  3.12590252e-01  5.83788346e-01  9.68204159e-01  2.53277357e-01  6.19592198e-01
9.79963797e-01  2.53795680e-01  4.52538111e-01  9.87834923e-01  2.34479181e-01  4.98177488e-01
9.96597506e-01  2.89444248e-01  3.71656861e-01  9.98262544e-01  3.17936787e-01  4.11340572e-01
8.70619633e-01  3.40532174e-01  7.67570082e-01  9.43473666e-01  2.04834632e-01  7.89796632e-01
9.35651829e-01  4.05222085e-01  5.01737007e-01  9.79957231e-01  3.24264361e-01  5.27235117e-01
9.19172680e-01  4.08101856e-01  5.56091705e-01  9.69543756e-01  3.69196608e-01  5.83282058e-01
8.59648198e-01  6.11027042e-01  6.22512076e-01  9.60011563e-01  4.47650632e-01  6.25661127e-01
9.76059725e-01  2.52507971e-01  4.66744493e-01  9.85634251e-01  2.33329354e-01  5.12567248e-01
7.87938948e-01  5.71602972e-01  8.94414574e-01  9.17818980e-01  4.32377414e-01  9.00454394e-01
8.67932671e-01  5.91065684e-01  6.07679387e-01  9.62708034e-01  4.30454777e-01  6.12477978e-01
8.73256573e-01  7.38795130e-01  4.89798250e-01  9.69479057e-01  8.27927338e-01  4.74008247e-01
9.19144470e-01  4.43073558e-01  5.32588417e-01  9.71818939e-01  4.21553969e-01  5.56169858e-01
9.40662402e-01  4.89950419e-01  4.27443525e-01  9.90651146e-01  4.15303829e-01  4.36877169e-01
9.42319443e-01  3.27249808e-01  5.31575143e-01  9.76092928e-01  2.62174521e-01  5.66866882e-01
9.06570599e-01  3.42005390e-01  6.43749626e-01  9.61098685e-01  2.20661484e-01  6.72965272e-01
9.06483105e-01  3.71607747e-01  6.24071720e-01  9.62617425e-01  2.67912955e-01  6.51925525e-01
8.60338688e-01  7.07040315e-01  5.55360297e-01  9.68416873e-01  5.65487521e-01  5.43573730e-01
9.49815628e-01  2.62369813e-01  5.49747711e-01  9.73896877e-01  2.15970115e-01  5.92000312e-01
8.15848114e-01  7.10139160e-01  7.05269449e-01  9.46640123e-01  4.92989479e-01  7.00583574e-01
7.64020297e-01  5.99554788e-01  9.56978604e-01  9.11484581e-01  3.54702054e-01  9.59141629e-01
8.46967134e-01  7.98709013e-01  5.39181886e-01  9.67466090e-01  7.11883427e-01  5.14666683e-01
9.55032304e-01  4.23140776e-01  4.23435444e-01  9.89339146e-01  4.15613806e-01  4.45218018e-01
9.80264181e-01  2.84308629e-01  4.30921506e-01  9.90709602e-01  2.65652421e-01  4.72285772e-01
9.77443109e-01  2.82842454e-01  4.41548485e-01  9.89364424e-01  2.56568085e-01  4.83085735e-01
8.35215615e-01  8.99285730e-01  5.11457828e-01  9.70697688e-01  8.24177600e-01  4.67088704e-01
9.81923754e-01  3.34774314e-01  3.91197394e-01  9.97670876e-01  2.87724691e-01  4.22359493e-01
9.21456840e-01  4.78475935e-01  5.00798723e-01  9.78220774e-01  4.11618290e-01  5.17485011e-01
8.42537013e-01  2.45691010e-01  9.27525711e-01  9.20938362e-01  1.75286313e-01  9.41406278e-01
9.55888288e-01  2.82253146e-01  5.15584101e-01  9.79803527e-01  2.09060506e-01  5.55767832e-01
8.29924348e-01  5.11960403e-01  7.90919079e-01  9.37213817e-01  3.24259171e-01  8.01390708e-01
9.05588839e-01  6.42810969e-01  4.44112961e-01  9.83811955e-01  6.15103421e-01  4.32968124e-01
7.63321758e-01  6.79548271e-01  9.05376266e-01  9.14638531e-01  4.89273738e-01  9.06732125e-01
9.07326634e-01  2.87336932e-01  6.78058692e-01  9.56648825e-01  1.84350749e-01  7.10189091e-01
8.64920366e-01  2.97718994e-01  8.15935129e-01  9.37148755e-01  1.76733060e-01  8.37084700e-01
9.28129142e-01  3.64348221e-01  5.55019357e-01  9.71944302e-01  2.93756278e-01  5.85924090e-01
7.96387474e-01  3.98938529e-01  9.81784100e-01  9.11812011e-01  2.28274488e-01  9.87273693e-01
8.28244866e-01  7.25874765e-01  6.52295842e-01  9.50738720e-01  6.10055052e-01  6.46303006e-01
8.18591746e-01  8.55130793e-01  5.98049121e-01  9.59665957e-01  6.87111701e-01  5.70619026e-01
8.02226495e-01  8.22413613e-01  6.76039510e-01  9.48348477e-01  6.19711539e-01  6.59324831e-01
7.79057379e-01  7.43812306e-01  8.08243207e-01  9.30179705e-01  5.02121998e-01  8.03977139e-01
8.94430572e-01  7.02405675e-01  4.42017442e-01  9.79622215e-01  7.64592426e-01  4.24095826e-01
9.36347713e-01  2.92829489e-01  5.75203936e-01  9.69239671e-01  2.50240357e-01  6.13676698e-01
1.00526546e+00  2.41967882e-01  3.74082228e-01  9.99180418e-01  2.55210471e-01  4.20452094e-01
9.74240024e-01  3.18843505e-01  4.28495180e-01  9.90825899e-01  2.95552745e-01  4.64907108e-01
8.93193969e-01  5.91257345e-01  5.21247326e-01  9.73689820e-01  5.06716998e-01  5.23806562e-01
9.96505708e-01  2.48764478e-01  3.99421474e-01  9.95613353e-01  2.46927375e-01  4.45311256e-01
8.88575322e-01  7.15858652e-01  4.52942632e-01  9.79114331e-01  7.40921858e-01  4.33013212e-01
9.25580369e-01  2.86453239e-01  6.16292544e-01  9.65522791e-01  1.89335706e-01  6.52079801e-01
9.67012531e-01  3.57174693e-01  4.27022307e-01  9.91932759e-01  2.98023091e-01  4.56700380e-01
9.22849553e-01  3.03729522e-01  6.13963192e-01  9.63963621e-01  2.42601218e-01  6.49343569e-01
8.02715421e-01  5.27956830e-01  8.73087186e-01  9.24884257e-01  3.25962067e-01  8.80066379e-01
9.53201127e-01  4.13155422e-01  4.36429461e-01  9.87121158e-01  4.10182541e-01  4.60742532e-01
9.52337113e-01  3.28011063e-01  4.96837984e-01  9.82338658e-01  2.42710019e-01  5.31461711e-01
9.37702062e-01  4.71214105e-01  4.50200096e-01  9.83307133e-01  4.83571622e-01  4.67656850e-01
9.70011854e-01  3.81046581e-01  4.00666752e-01  9.94901494e-01  3.46783886e-01  4.26000084e-01
8.49474312e-01  6.15834949e-01  6.54026027e-01  9.54943626e-01  4.49947527e-01  6.57617328e-01
9.97750992e-01  2.86674240e-01  3.69585474e-01  9.98663079e-01  3.14734585e-01  4.09537295e-01
8.44336195e-01  4.01613617e-01  8.16148547e-01  9.35456959e-01  2.44003434e-01  8.31850187e-01
8.48337858e-01  6.76706624e-01  6.16830188e-01  9.59397363e-01  5.17860453e-01  6.12812288e-01
8.27630366e-01  4.89254035e-01  8.14079741e-01  9.32573689e-01  3.45938160e-01  8.25968889e-01
7.60848983e-01  5.83356365e-01  9.78746764e-01  9.08031300e-01  3.55480495e-01  9.81105584e-01
8.29073198e-01  8.99614373e-01  5.32220548e-01  9.64728957e-01  8.74074925e-01  4.93440168e-01
8.69993495e-01  2.71831515e-01  8.16072807e-01  9.37672200e-01  1.56976354e-01  8.38451548e-01
8.55828585e-01  7.49982498e-01  5.41789964e-01  9.69561370e-01  6.20360887e-01  5.23112094e-01
9.23514690e-01  3.56375267e-01  5.76164046e-01  9.67570714e-01  3.16718849e-01  6.08485209e-01
9.78945449e-01  2.75045936e-01  4.41677273e-01  9.89953077e-01  2.37617965e-01  4.83841412e-01
8.18041497e-01  5.29941290e-01  8.19382664e-01  9.30633414e-01  3.85126866e-01  8.29043088e-01
8.20492349e-01  8.13294679e-01  6.19787647e-01  9.53750648e-01  7.14067613e-01  6.02113691e-01
9.18500416e-01  3.11232645e-01  6.23758679e-01  9.64087829e-01  2.07678244e-01  6.56897559e-01
8.59297251e-01  7.38125354e-01  5.37940662e-01  9.66675111e-01  6.96267883e-01  5.23473816e-01
7.65593744e-01  8.23376620e-01  8.00547896e-01  9.29356532e-01  5.79158853e-01  7.90835897e-01
9.60073746e-01  3.29232116e-01  4.69583157e-01  9.85500224e-01  2.70330408e-01  5.04579420e-01
9.31250076e-01  2.26523714e-01  6.37364313e-01  9.62255126e-01  1.68980152e-01  6.77905823e-01
8.77580325e-01  7.39676395e-01  4.74432510e-01  9.75601332e-01  7.50157656e-01  4.53336616e-01
9.05398902e-01  2.86042148e-01  6.85518490e-01  9.55638060e-01  1.81969295e-01  7.17241573e-01
8.53380437e-01  5.97509908e-01  6.53047419e-01  9.55665275e-01  4.27920802e-01  6.58255667e-01
8.18996855e-01  3.86481498e-01  9.12938286e-01  9.21802877e-01  2.28052824e-01  9.23243288e-01
9.14838380e-01  5.48324448e-01  4.76274559e-01  9.80420456e-01  4.99120906e-01  4.82453519e-01
9.30102939e-01  4.40773134e-01  4.96703253e-01  9.79051164e-01  3.85357883e-01  5.18438220e-01
8.83261936e-01  6.89871763e-01  4.88631506e-01  9.76341441e-01  6.39274100e-01  4.75103298e-01
9.74204146e-01  3.65476761e-01  3.96851368e-01  9.95582425e-01  3.35146092e-01  4.24415442e-01
8.85973135e-01  5.04977653e-01  6.04140331e-01  9.63782132e-01  3.75426368e-01  6.18746962e-01
8.63756778e-01  6.68407488e-01  5.69753142e-01  9.66142327e-01  5.38915912e-01  5.64516061e-01
8.37941228e-01  2.20686375e-01  9.60105777e-01  9.17961109e-01  1.31931038e-01  9.70870346e-01
9.29741412e-01  2.96023725e-01  5.95618083e-01  9.66980750e-01  2.32502048e-01  6.32406765e-01
9.50083118e-01  2.62010684e-01  5.49076183e-01  9.73777685e-01  2.21048683e-01  5.91550440e-01
9.36963275e-01  2.35962993e-01  6.11475771e-01  9.65189783e-01  1.93124440e-01  6.53309756e-01
8.93629292e-01  6.08410816e-01  5.08184577e-01  9.75255954e-01  5.32204464e-01  5.07667193e-01
9.29835430e-01  2.98176903e-01  5.93844015e-01  9.67874986e-01  2.18380502e-01  6.30047882e-01
8.61594324e-01  7.72935719e-01  5.06602152e-01  9.70517125e-01  7.58219521e-01  4.84018228e-01
8.24777934e-01  4.30191545e-01  8.63686287e-01  9.28321122e-01  2.54081441e-01  8.75210261e-01
9.37292088e-01  4.87357558e-01  4.40707141e-01  9.87706404e-01  4.29290474e-01  4.52419896e-01
8.60237176e-01  4.53958257e-01  7.26495996e-01  9.46515725e-01  3.16015417e-01  7.43699255e-01
7.67323575e-01  8.04449426e-01  8.07411118e-01  9.28823850e-01  5.58338204e-01  7.99231190e-01
8.61976072e-01  2.45161464e-01  8.61464150e-01  9.30481308e-01  1.69567418e-01  8.81563876e-01
8.23889709e-01  2.69776120e-01  9.74986553e-01  9.14698605e-01  1.66585405e-01  9.83509972e-01
8.25425356e-01  6.93998490e-01  6.83440937e-01  9.49567343e-01  5.00773966e-01  6.79947079e-01
9.05511116e-01  4.37114140e-01  5.83186758e-01  9.66714533e-01  3.50565288e-01  6.05883459e-01
9.43005422e-01  4.29773341e-01  4.60047026e-01  9.83262836e-01  4.19962502e-01  4.83150719e-01
7.93275161e-01  5.16510310e-01  9.13365021e-01  9.18791582e-01  3.26360145e-01  9.19567297e-01
8.83866599e-01  4.59904276e-01  6.41754007e-01  9.58713323e-01  3.35512692e-01  6.60801991e-01
9.41289540e-01  2.82759264e-01  5.65116821e-01  9.72580182e-01  2.01924862e-01  6.03803909e-01
9.11031717e-01  4.80650958e-01  5.34946972e-01  9.74559981e-01  3.68583164e-01  5.51255181e-01
8.11251040e-01  8.31406446e-01  6.39138075e-01  9.52259694e-01  6.80676600e-01  6.19660835e-01
8.80929680e-01  7.48446179e-01  4.57072044e-01  9.78456345e-01  7.63322863e-01  4.31877074e-01
8.78871115e-01  3.61773998e-01  7.25043449e-01  9.49128288e-01  2.25790167e-01  7.48516846e-01
9.03406441e-01  5.42654237e-01  5.19156072e-01  9.72846826e-01  5.05454472e-01  5.29515317e-01
8.70097224e-01  6.71875728e-01  5.45751178e-01  9.69247711e-01  5.63136846e-01  5.38806923e-01
9.26919609e-01  5.78915926e-01  4.14655793e-01  9.90446909e-01  5.37717767e-01  4.09433278e-01
8.47256794e-01  4.65408124e-01  7.63117403e-01  9.41804816e-01  3.00232635e-01  7.77689091e-01
9.95623830e-01  2.76815837e-01  3.83504963e-01  9.97618606e-01  2.78996416e-01  4.24781785e-01
8.42778806e-01  8.77269111e-01  5.00476452e-01  9.72121030e-01  8.22094661e-01  4.58457678e-01
9.50747517e-01  4.09336839e-01  4.47388517e-01  9.85410126e-01  4.05436588e-01  4.72851646e-01
9.77976812e-01  3.05929993e-01  4.24145441e-01  9.90382688e-01  3.12164572e-01  4.63260907e-01
9.00813328e-01  3.81794388e-01  6.36567672e-01  9.60228420e-01  2.84342090e-01  6.63319999e-01
8.39639352e-01  3.39900572e-01  8.73844759e-01  9.27850341e-01  2.10054402e-01  8.88757827e-01
8.87466662e-01  6.77804921e-01  4.82409882e-01  9.79448060e-01  5.84144775e-01  4.68360025e-01
8.34767540e-01  5.85166237e-01  7.24967768e-01  9.43515383e-01  4.42615461e-01  7.32670985e-01
8.59566107e-01  3.96083551e-01  7.67845158e-01  9.40429630e-01  2.95118829e-01  7.87732415e-01
8.41899932e-01  8.07932701e-01  5.50268617e-01  9.62810900e-01  7.81255378e-01  5.27936698e-01
8.87031573e-01  2.74387464e-01  7.56135634e-01  9.45825914e-01  1.68158398e-01  7.83479261e-01
8.48180809e-01  6.51499140e-01  6.34377461e-01  9.56437673e-01  5.07186192e-01  6.34347901e-01
9.71703495e-01  3.14964237e-01  4.39480560e-01  9.89298347e-01  2.85483171e-01  4.76595567e-01
7.94245271e-01  3.94766975e-01  9.91919275e-01  9.10117907e-01  2.33164893e-01  9.96970655e-01
9.38245437e-01  3.19764863e-01  5.50544507e-01  9.74515840e-01  2.26541956e-01  5.85502446e-01
9.01061797e-01  1.96504040e-01  7.61057947e-01  9.45210612e-01  1.45663898e-01  7.93321561e-01
8.84791640e-01  7.12839397e-01  4.67906481e-01  9.78453242e-01  6.91788502e-01  4.49001693e-01
8.32260460e-01  7.01527699e-01  6.55007827e-01  9.53638336e-01  5.17917714e-01  6.49736576e-01
8.55663448e-01  3.10411394e-01  8.38996959e-01  9.33429530e-01  1.89822824e-01  8.57810100e-01
9.04132667e-01  3.44234367e-01  6.50574326e-01  9.59628159e-01  2.32476409e-01  6.79572021e-01
7.68982304e-01  7.84399778e-01  8.15275126e-01  9.28866713e-01  5.19410615e-01  8.08264662e-01
8.97800269e-01  6.80037868e-01  4.45599584e-01  9.78743311e-01  7.53209904e-01  4.32454666e-01
7.79641599e-01  5.72660067e-01  9.21754821e-01  9.16852094e-01  3.50925190e-01  9.25616554e-01
8.04377310e-01  5.59059112e-01  8.46715846e-01  9.26703292e-01  3.89372938e-01  8.53752712e-01
9.43167186e-01  2.44079620e-01  5.84803739e-01  9.69399969e-01  1.89858608e-01  6.27086793e-01
9.09914274e-01  5.99853428e-01  4.58324486e-01  9.84241369e-01  5.16621273e-01  4.53762201e-01
9.29204789e-01  2.71201101e-01  6.14202248e-01  9.64477584e-01  2.15472408e-01  6.52533990e-01
8.54327618e-01  7.50680541e-01  5.46446784e-01  9.68800776e-01  6.19635938e-01  5.28163794e-01
9.21599391e-01  5.84190222e-01  4.28974121e-01  9.87190777e-01  5.56205661e-01  4.25380079e-01
8.98427678e-01  2.76879480e-01  7.15518953e-01  9.51744713e-01  1.67440873e-01  7.45687519e-01
8.30855758e-01  8.11400022e-01  5.85660747e-01  9.61131738e-01  6.77310410e-01  5.63561305e-01
8.95190595e-01  2.71650946e-01  7.30106529e-01  9.48770143e-01  1.86930508e-01  7.60106111e-01
9.22236783e-01  4.95512046e-01  4.86637710e-01  9.77950804e-01  4.82858880e-01  5.02181991e-01
8.24792025e-01  4.13688194e-01  8.74775916e-01  9.26822142e-01  2.47235735e-01  8.86461880e-01
8.08248976e-01  6.54845596e-01  7.68547506e-01  9.38268199e-01  4.29180284e-01  7.69539076e-01
9.27402968e-01  5.54002489e-01  4.29518190e-01  9.83847085e-01  6.09283397e-01  4.34134455e-01
8.93531938e-01  6.72067260e-01  4.65560580e-01  9.80265808e-01  6.30172758e-01  4.52109261e-01
8.40071952e-01  7.06473542e-01  6.25279471e-01  9.53974027e-01  6.31525252e-01  6.20934922e-01
9.07360800e-01  5.63296755e-01  4.91716994e-01  9.79154253e-01  4.77444331e-01  4.95757907e-01
8.23981425e-01  5.07297833e-01  8.14370284e-01  9.33610581e-01  3.24282265e-01  8.24496569e-01
8.67630700e-01  4.14282024e-01  7.28011579e-01  9.47711525e-01  2.67507272e-01  7.47628615e-01
8.40828423e-01  8.72217095e-01  5.10548850e-01  9.70202448e-01  8.19618094e-01  4.71355337e-01
9.57579205e-01  4.57653996e-01  3.91444707e-01  9.94370312e-01  4.49712173e-01  4.04795625e-01
9.31392752e-01  2.83813776e-01  5.98215915e-01  9.66182504e-01  2.36934485e-01  6.36466795e-01
8.82602478e-01  5.59526941e-01  5.78844197e-01  9.65452521e-01  4.59679565e-01  5.87886997e-01
8.30898613e-01  2.33321566e-01  9.75642040e-01  9.15362127e-01  1.43773510e-01  9.84708943e-01
9.23928824e-01  5.73154683e-01  4.28462765e-01  9.83732711e-01  6.29908436e-01  4.29936343e-01
9.30344309e-01  4.33474740e-01  5.00803915e-01  9.79995549e-01  3.43264207e-01  5.22446218e-01
8.39681788e-01  7.52945622e-01  5.94954232e-01  9.60663866e-01  6.16370511e-01  5.81133803e-01
8.27285126e-01  3.84645327e-01  8.86156164e-01  9.25518431e-01  2.34557737e-01  8.98372491e-01
8.38833113e-01  1.85695501e-01  9.80674802e-01  9.15271667e-01  1.23556525e-01  9.90123620e-01
9.01066945e-01  6.38861682e-01  4.62226013e-01  9.78629336e-01  6.58162306e-01  4.55912702e-01
9.25638963e-01  4.09607703e-01  5.32984961e-01  9.76115117e-01  3.00096797e-01  5.57656785e-01
8.71949572e-01  4.43374178e-01  6.93623389e-01  9.52083972e-01  2.97517551e-01  7.12407728e-01
7.97467894e-01  5.99703365e-01  8.42595325e-01  9.26514104e-01  4.17872497e-01  8.47634471e-01
8.64535944e-01  7.46023942e-01  5.14712797e-01  9.66079703e-01  8.09982574e-01  5.00102015e-01
8.45435029e-01  1.76576926e-01  9.64270685e-01  9.17736440e-01  1.17969526e-01  9.75650004e-01
9.82044670e-01  3.04579068e-01  4.11160260e-01  9.94249600e-01  2.70442732e-01  4.48435338e-01
8.60520589e-01  1.75429163e-01  9.13499412e-01  9.24568702e-01  1.23150455e-01  9.30587640e-01
8.66140642e-01  5.75202955e-01  6.24506227e-01  9.59701643e-01  4.29852573e-01  6.31904739e-01
7.88111339e-01  5.71066238e-01  8.93891541e-01  9.21284956e-01  3.46080558e-01  8.98341955e-01
9.10682275e-01  5.13038257e-01  5.14285055e-01  9.76288519e-01  4.25705251e-01  5.26509858e-01
9.87131573e-01  3.14461827e-01  3.87113010e-01  9.96901833e-01  3.07271674e-01  4.22618098e-01
7.93733515e-01  5.11543794e-01  9.14852402e-01  9.17606862e-01  3.47240332e-01  9.21656502e-01
8.27235619e-01  6.05848619e-01  7.36744048e-01  9.43345472e-01  4.09719646e-01  7.41626792e-01
9.38853217e-01  3.49399334e-01  5.28469930e-01  9.75435570e-01  3.00781447e-01  5.61851631e-01
7.74876486e-01  6.15506227e-01  9.09118740e-01  9.16616614e-01  4.12926908e-01  9.12300803e-01
9.17453504e-01  2.97395645e-01  6.36672482e-01  9.60631548e-01  2.39060037e-01  6.71562076e-01
9.34048300e-01  2.54566936e-01  6.08880270e-01  9.66227210e-01  1.85194682e-01  6.48551887e-01
8.73739791e-01  7.76586833e-01  4.62645068e-01  9.74763530e-01  8.46214225e-01  4.35741864e-01
9.73971856e-01  3.30835796e-01  4.21021032e-01  9.93307410e-01  2.71906998e-01  4.54128265e-01
8.47285229e-01  5.36850168e-01  7.14807661e-01  9.48171748e-01  3.49448642e-01  7.25082996e-01
8.52564410e-01  7.71441614e-01  5.38459651e-01  9.63828658e-01  7.82317081e-01  5.21155077e-01
7.74518671e-01  5.95462066e-01  9.23869798e-01  9.16274988e-01  3.61291395e-01  9.26839385e-01
8.52139887e-01  5.50288155e-01  6.89153083e-01  9.51636450e-01  3.67312285e-01  6.98588936e-01
8.57633358e-01  3.20435138e-01  8.25501650e-01  9.35123792e-01  1.98297066e-01  8.44916560e-01
9.30620706e-01  2.99878719e-01  5.90012494e-01  9.66963283e-01  2.54782043e-01  6.27191297e-01
7.30053305e-01  7.64603738e-01  9.61644550e-01  9.07043413e-01  4.71876936e-01  9.59608557e-01
8.21344106e-01  2.62094844e-01  9.88869325e-01  9.13024590e-01  1.58438102e-01  9.96195745e-01
8.27429437e-01  2.34003293e-01  9.87035735e-01  9.12987936e-01  1.63189796e-01  9.95294603e-01
9.27753706e-01  4.55342589e-01  4.94897240e-01  9.78627980e-01  4.10835561e-01  5.15060407e-01
8.25711374e-01  2.48183669e-01  9.83335954e-01  9.14625309e-01  1.36566023e-01  9.91158569e-01
7.67288363e-01  5.95049301e-01  9.48852360e-01  9.11548478e-01  3.83566353e-01  9.51829578e-01
9.35554201e-01  2.83965933e-01  5.83896364e-01  9.69097592e-01  2.18341326e-01  6.22215542e-01
8.38360505e-01  1.97866281e-01  9.74075026e-01  9.15849907e-01  1.33346906e-01  9.84073498e-01
8.60619181e-01  2.05777258e-01  8.92680615e-01  9.27267579e-01  1.33082940e-01  9.10901494e-01
8.42076427e-01  7.49854876e-01  5.88858825e-01  9.61431540e-01  6.20974184e-01  5.75109220e-01
8.45322536e-01  3.72634646e-01  8.32335505e-01  9.33335662e-01  2.30577759e-01  8.48666748e-01
9.30823676e-01  5.16255435e-01  4.43304238e-01  9.83035303e-01  5.46967211e-01  4.54241650e-01
9.15221943e-01  5.13969270e-01  4.98445720e-01  9.79257635e-01  4.19783622e-01  5.09399069e-01
8.30604881e-01  7.85947609e-01  6.03694181e-01  9.59656348e-01  6.23700940e-01  5.85843103e-01
8.62178258e-01  2.66400622e-01  8.46439708e-01  9.32872934e-01  1.67487829e-01  8.66720981e-01
8.32163038e-01  5.87280488e-01  7.32738111e-01  9.44718279e-01  3.86722582e-01  7.38837444e-01
8.64127218e-01  7.26171016e-01  5.29805195e-01  9.71903334e-01  6.01014308e-01  5.13233880e-01
9.41962358e-01  4.25380356e-01  4.66575061e-01  9.84210267e-01  3.70068064e-01  4.89004430e-01
8.71291142e-01  3.94915882e-01  7.28574779e-01  9.47896250e-01  2.54329626e-01  7.49594819e-01
9.02297981e-01  4.15272328e-01  6.08903725e-01  9.64262345e-01  3.03562197e-01  6.32850784e-01
9.40272194e-01  3.99375703e-01  4.89897443e-01  9.80652444e-01  3.49154208e-01  5.16824611e-01
8.32463295e-01  3.65596220e-01  8.81020993e-01  9.24771905e-01  2.65789426e-01  8.95175763e-01
8.54664688e-01  6.13941319e-01  6.37571409e-01  9.58118673e-01  4.36236799e-01  6.40531225e-01
8.22130761e-01  6.39979733e-01  7.31151747e-01  9.44057694e-01  4.26664231e-01  7.33006824e-01
8.50291025e-01  8.67010085e-01  4.81734544e-01  9.69547513e-01  9.54252081e-01  4.43363382e-01
9.14993816e-01  3.44817831e-01  6.13074228e-01  9.64390928e-01  2.53443569e-01  6.44010249e-01
9.79974608e-01  3.71097107e-01  3.73345319e-01  1.00024451e+00  3.23657817e-01  3.97260613e-01
9.09388349e-01  4.89587325e-01  5.34530743e-01  9.73812567e-01  3.92856632e-01  5.50244882e-01
9.44963050e-01  3.48326889e-01  5.08320737e-01  9.80446232e-01  2.56088710e-01  5.40400473e-01
8.50745386e-01  3.29531693e-01  8.42896551e-01  9.32577253e-01  2.01368068e-01  8.60515961e-01
8.37961170e-01  8.08635416e-01  5.63250837e-01  9.61368615e-01  7.62134994e-01  5.41759275e-01
9.24094188e-01  2.88519777e-01  6.19975363e-01  9.64925442e-01  1.91437376e-01  6.55408616e-01
1.00057047e+00  2.64740969e-01  3.74754138e-01  9.99007468e-01  2.72042058e-01  4.17536731e-01
9.57239728e-01  3.14230740e-01  4.89388117e-01  9.82501995e-01  2.58699495e-01  5.26590784e-01
8.51165244e-01  2.07088549e-01  9.24098056e-01  9.22970813e-01  1.30925905e-01  9.38977470e-01
9.21049496e-01  5.67140354e-01  4.42357929e-01  9.81513038e-01  6.21095896e-01  4.46280144e-01
9.43025633e-01  2.89896756e-01  5.54369035e-01  9.73156862e-01  2.30344992e-01  5.93309449e-01
9.22742288e-01  4.80150155e-01  4.95277561e-01  9.80170861e-01  3.88060148e-01  5.10610471e-01
8.97945465e-01  1.98922782e-01  7.69774884e-01  9.43981543e-01  1.44291932e-01  8.01016117e-01
8.42409523e-01  2.80994614e-01  9.04433303e-01  9.25205358e-01  1.58115268e-01  9.18659866e-01
7.84158956e-01  7.39137733e-01  7.94265099e-01  9.31188429e-01  5.32965777e-01  7.90648569e-01
8.98973483e-01  2.10227558e-01  7.58633434e-01  9.45059189e-01  1.59587982e-01  7.90446448e-01
8.55074484e-01  8.42336599e-01  4.82042727e-01  9.69444343e-01  9.36497695e-01  4.48270388e-01
8.29501160e-01  8.88750582e-01  5.38089927e-01  9.66162280e-01  8.07998602e-01  5.00046730e-01
9.35620327e-01  3.23214244e-01  5.57184976e-01  9.72881612e-01  2.43003778e-01  5.92047964e-01
8.30799694e-01  9.39104164e-01  4.99673492e-01  9.69100254e-01  9.42601998e-01  4.49017683e-01
8.82591959e-01  2.98568355e-01  7.54985047e-01  9.45099194e-01  1.97253546e-01  7.81183233e-01
9.54025239e-01  4.29971207e-01  4.22266562e-01  9.88474110e-01  4.44798522e-01  4.43787799e-01
7.74934830e-01  5.44170841e-01  9.57063121e-01  9.09225661e-01  4.02930603e-01  9.62098118e-01
9.02920799e-01  2.51267733e-01  7.17451864e-01  9.51155668e-01  1.66566170e-01  7.49674822e-01
9.57263188e-01  3.11594583e-01  4.91086970e-01  9.82956488e-01  2.40234632e-01  5.28090924e-01
8.54019578e-01  3.90665012e-01  7.90452845e-01  9.39111508e-01  2.44135402e-01  8.08378099e-01
8.14180433e-01  3.61469292e-01  9.46276352e-01  9.17793801e-01  2.03341218e-01  9.54867410e-01
7.42723018e-01  7.77389994e-01  9.09725692e-01  9.14527534e-01  4.95266998e-01  9.06010913e-01
8.82473914e-01  6.13728474e-01  5.43004257e-01  9.66353746e-01  6.09532085e-01  5.46791544e-01
8.36493292e-01  3.82822742e-01  8.55625509e-01  9.27674484e-01  2.88949920e-01  8.71020033e-01
9.05404140e-01  4.75662502e-01  5.57836723e-01  9.69554637e-01  3.99659778e-01  5.76444860e-01
8.84255480e-01  7.15088329e-01  4.68220204e-01  9.73904205e-01  7.97305568e-01  4.52948089e-01
7.79575771e-01  7.01552127e-01  8.34990729e-01  9.23711672e-01  5.43740290e-01  8.35511741e-01
9.67613939e-01  3.96922956e-01  3.98145110e-01  9.93969559e-01  3.89109235e-01  4.21856870e-01
9.36698878e-01  4.96242991e-01  4.36737743e-01  9.88458406e-01  4.33576340e-01  4.46571866e-01
8.11671977e-01  4.75151777e-01  8.78121391e-01  9.22781907e-01  3.47979585e-01  8.88286237e-01
8.63240919e-01  2.01383680e-01  8.86687993e-01  9.28302617e-01  1.27402200e-01  9.05621009e-01
8.77279950e-01  6.75224576e-01  5.18952518e-01  9.73793849e-01  5.65947968e-01  5.08976402e-01
8.70973083e-01  7.77758009e-01  4.71307047e-01  9.77395807e-01  7.49895815e-01  4.41889748e-01
8.70038451e-01  7.28037565e-01  5.08052731e-01  9.74994605e-01  6.17098939e-01  4.89044055e-01
9.07863666e-01  3.56096461e-01  6.29822133e-01  9.59993689e-01  3.03529584e-01  6.60237513e-01
9.28552714e-01  3.22781398e-01  5.81622805e-01  9.70304547e-01  2.15563951e-01  6.15138329e-01
8.62613334e-01  7.31095825e-01  5.31355044e-01  9.64950332e-01  7.58960024e-01  5.19545803e-01
9.79950640e-01  3.54711715e-01  3.84484096e-01  9.97096779e-01  3.40750971e-01  4.13362441e-01
7.81119207e-01  5.20442425e-01  9.51946867e-01  9.10827338e-01  3.78817588e-01  9.57590691e-01
9.01470715e-01  6.40809934e-01  4.59532001e-01  9.80318204e-01  6.31369385e-01  4.51487084e-01
8.68306952e-01  2.19915736e-01  8.56871278e-01  9.31487764e-01  1.55531332e-01  8.78464709e-01
7.47424515e-01  6.63532891e-01  9.70503972e-01  9.08056813e-01  3.97000287e-01  9.71013418e-01
9.34138868e-01  3.02948674e-01  5.75921517e-01  9.69022118e-01  2.57586918e-01  6.13315391e-01
8.26205682e-01  2.88018102e-01  9.54761244e-01  9.17901259e-01  1.60503128e-01  9.64421877e-01
8.44672220e-01  7.69959717e-01  5.66422812e-01  9.62377636e-01  7.01429272e-01  5.49803113e-01
8.14466999e-01  9.22911863e-01  5.66399698e-01  9.61520999e-01  8.19429176e-01  5.27082060e-01
8.00445565e-01  4.93311131e-01  9.04224884e-01  9.21238312e-01  2.93188599e-01  9.11288902e-01
9.04132568e-01  5.22890143e-01  5.30013025e-01  9.74724539e-01  4.07623128e-01  5.40864715e-01
8.56580772e-01  4.00900490e-01  7.74794724e-01  9.41058753e-01  2.55976186e-01  7.93056992e-01
8.64694731e-01  7.76341038e-01  4.93712095e-01  9.72405341e-01  7.70333893e-01  4.69010805e-01
8.43784865e-01  9.13089866e-01  4.72866347e-01  9.71123576e-01  9.92735547e-01  4.24052934e-01
9.02481347e-01  6.24019217e-01  4.67409985e-01  9.79199220e-01  6.13650580e-01  4.62900856e-01
9.60933902e-01  3.90663507e-01  4.25190039e-01  9.91606957e-01  3.34561276e-01  4.50053290e-01
8.48099642e-01  8.10907130e-01  5.27081388e-01  9.70527507e-01  6.98815322e-01  4.98155928e-01
8.97322159e-01  1.91201298e-01  7.77115290e-01  9.42951687e-01  1.42144896e-01  8.08135075e-01
9.26897337e-01  2.83791225e-01  6.13589567e-01  9.65605784e-01  1.95859119e-01  6.49987629e-01
8.37726398e-01  8.88836443e-01  5.09931377e-01  9.70074145e-01  8.37464774e-01  4.67910889e-01
9.27593811e-01  3.79257707e-01  5.46786915e-01  9.72275458e-01  3.23830929e-01  5.76608796e-01
8.33893423e-01  2.15264485e-01  9.77596564e-01  9.15922387e-01  1.20977593e-01  9.86566433e-01
9.27810754e-01  4.22075046e-01  5.17152063e-01  9.77511722e-01  3.33421601e-01  5.40730690e-01
9.04147660e-01  2.81750339e-01  6.92689319e-01  9.53893151e-01  1.97465687e-01  7.24727935e-01
9.53898074e-01  2.63772940e-01  5.34853753e-01  9.75319660e-01  2.36311223e-01  5.78010859e-01
9.12484943e-01  4.27875053e-01  5.65596336e-01  9.69559552e-01  3.43597996e-01  5.89301743e-01
8.54973911e-01  4.89766295e-01  7.20312465e-01  9.45027752e-01  3.87879718e-01  7.36059010e-01
9.15199239e-01  6.28966291e-01  4.20623554e-01  9.88773317e-01  5.87514877e-01  4.07743536e-01
9.31775857e-01  3.23262387e-01  5.70286412e-01  9.70168251e-01  2.60172462e-01  6.05345935e-01
8.85504476e-01  2.54570511e-01  7.74726654e-01  9.43608167e-01  1.51563442e-01  8.01672191e-01
8.29662081e-01  6.26609914e-01  7.14443140e-01  9.46215384e-01  4.33241265e-01  7.17594728e-01
8.98928407e-01  5.88575579e-01  5.03466002e-01  9.74676460e-01  5.51939456e-01  5.06665094e-01
8.41815989e-01  2.82429095e-01  9.05195237e-01  9.25030935e-01  1.57864680e-01  9.19321745e-01
8.25487036e-01  2.43717407e-01  9.87116504e-01  9.13061653e-01  1.61978743e-01  9.95111360e-01
8.31634350e-01  5.15723532e-01  7.82535938e-01  9.35614365e-01  3.95817472e-01  7.94538619e-01
8.95423879e-01  5.95086032e-01  5.11343488e-01  9.75891553e-01  4.98370123e-01  5.12197580e-01
8.04246721e-01  6.91266518e-01  7.57641982e-01  9.37853892e-01  4.94446920e-01  7.56589917e-01
7.62338991e-01  5.78816999e-01  9.76719566e-01  9.08926963e-01  3.40260994e-01  9.78999995e-01
8.84952243e-01  5.98148785e-01  5.44753847e-01  9.71907593e-01  4.60490493e-01  5.46290939e-01
9.20732796e-01  4.98527989e-01  4.89740990e-01  9.80914362e-01  4.03282357e-01  5.02201919e-01
8.25700940e-01  3.07750371e-01  9.43167936e-01  9.18791472e-01  1.82216953e-01  9.53519523e-01
9.47093465e-01  4.40354480e-01  4.38941019e-01  9.89204064e-01  3.69969777e-01  4.56998455e-01
8.44650130e-01  2.35402488e-01  9.27249635e-01  9.21754125e-01  1.54396007e-01  9.41169226e-01
8.70414009e-01  7.85505210e-01  4.67988748e-01  9.73756110e-01  8.53651200e-01  4.40425015e-01
7.77030209e-01  5.26986210e-01  9.61503279e-01  9.12257671e-01  3.08033957e-01  9.65342461e-01
9.74506580e-01  2.78806194e-01  4.54304132e-01  9.86540128e-01  2.72988972e-01  4.97273926e-01
9.58752589e-01  4.46405984e-01  3.95026386e-01  9.94413839e-01  4.26296191e-01  4.10115488e-01
9.37959693e-01  5.17263067e-01  4.18245607e-01  9.87615964e-01  5.41234979e-01  4.26232681e-01
7.47567890e-01  7.41232488e-01  9.17574525e-01  9.14361198e-01  4.60786495e-01  9.15322961e-01
8.25101272e-01  2.62206979e-01  9.75955421e-01  9.14745843e-01  1.61153764e-01  9.84505834e-01
8.74715405e-01  6.86592581e-01  5.20042271e-01  9.71368421e-01  6.25690177e-01  5.10247620e-01
8.16196309e-01  7.83088579e-01  6.55147205e-01  9.49696158e-01  6.54125872e-01  6.42968681e-01
8.92607825e-01  3.96999375e-01  6.54340779e-01  9.58775050e-01  2.60974614e-01  6.78229407e-01
9.70816491e-01  2.40222338e-01  4.92947453e-01  9.82290690e-01  2.10050537e-01  5.39578723e-01
7.94300414e-01  5.56406162e-01  8.82637651e-01  9.20426220e-01  4.06794795e-01  8.89331794e-01
9.13734442e-01  3.39893006e-01  6.20700207e-01  9.63538607e-01  2.44196777e-01  6.51688048e-01
8.95204770e-01  2.51536685e-01  7.43632228e-01  9.47373273e-01  1.67324275e-01  7.73753910e-01
9.20704910e-01  5.11966316e-01  4.80767589e-01  9.79656643e-01  4.76011490e-01  4.92878274e-01
8.36272417e-01  9.40133582e-01  4.80281978e-01  9.71478972e-01  9.73864874e-01  4.26285675e-01
8.90143434e-01  7.13669544e-01  4.49062913e-01  9.82442585e-01  6.78858592e-01  4.26506405e-01
7.78225676e-01  7.44112803e-01  8.10881957e-01  9.29606186e-01  5.05896108e-01  8.06753250e-01
9.65726441e-01  2.39716190e-01  5.10678237e-01  9.80074699e-01  1.98210645e-01  5.56622927e-01
8.66079718e-01  3.69242587e-01  7.63705122e-01  9.42390297e-01  2.53857769e-01  7.85022975e-01
8.53232783e-01  2.24430150e-01  9.05329550e-01  9.25160971e-01  1.44546307e-01  9.21672436e-01
8.47767847e-01  8.08814886e-01  5.29626292e-01  9.66065570e-01  7.91044937e-01  5.04720873e-01
8.24129426e-01  8.83718624e-01  5.59837875e-01  9.64392783e-01  7.53760064e-01  5.24365187e-01
9.22913526e-01  5.82603786e-01  4.25555170e-01  9.87436827e-01  5.63278349e-01  4.22110794e-01
8.72426495e-01  2.16518235e-01  8.45089098e-01  9.33518586e-01  1.45501436e-01  8.67837155e-01
9.33433315e-01  2.37171930e-01  6.22719820e-01  9.64253697e-01  1.76525307e-01  6.63282896e-01
8.31725900e-01  2.24799702e-01  9.78566934e-01  9.14981972e-01  1.42119301e-01  9.87542914e-01
8.21210428e-01  3.02782201e-01  9.61864696e-01  9.16225659e-01  1.78884234e-01  9.70774121e-01
8.10455841e-01  3.72745432e-01  9.51392283e-01  9.16760103e-01  2.12154283e-01  9.59390321e-01
8.22909509e-01  2.65344663e-01  9.81327192e-01  9.14635910e-01  1.45149072e-01  9.89038128e-01
8.16805878e-01  9.36608312e-01  5.49166344e-01  9.64059533e-01  8.43148192e-01  5.05128726e-01
8.68838013e-01  3.33890026e-01  7.78437018e-01  9.40906489e-01  2.29187771e-01  8.00956110e-01
9.27845388e-01  5.70532054e-01  4.16852480e-01  9.86600733e-01  6.08944906e-01  4.16553962e-01
9.42239401e-01  2.53530664e-01  5.81595542e-01  9.69302270e-01  2.07850171e-01  6.23411361e-01
8.95881254e-01  3.48667897e-01  6.75772862e-01  9.55746998e-01  2.37398374e-01  7.03288742e-01
8.71994315e-01  4.90503800e-01  6.61665733e-01  9.56462948e-01  3.28885389e-01  6.76820490e-01
9.12236817e-01  5.59587653e-01  4.77561527e-01  9.77749528e-01  5.63676911e-01  4.84148301e-01
8.53096724e-01  8.27506487e-01  4.98807122e-01  9.67598624e-01  8.97277504e-01  4.69486554e-01
7.76070127e-01  5.55229761e-01  9.46018413e-01  9.11348086e-01  3.95454204e-01  9.50789073e-01
8.24728582e-01  8.86899154e-01  5.55644073e-01  9.61570045e-01  8.39795595e-01  5.21897618e-01
8.07014159e-01  5.50522802e-01  8.43169610e-01  9.27282016e-01  3.84146223e-01  8.50773732e-01
8.53716285e-01  7.95268665e-01  5.18445776e-01  9.69886734e-01  7.39106885e-01  4.92631534e-01
9.08281677e-01  5.97856099e-01  4.65249736e-01  9.82650204e-01  5.24241183e-01  4.62145671e-01
8.49250874e-01  2.72752493e-01  8.86322481e-01  9.27660592e-01  1.57505018e-01  9.02540730e-01
7.99755299e-01  5.93539898e-01  8.38938898e-01  9.25597336e-01  4.52745237e-01  8.45175868e-01
8.18072563e-01  5.56156958e-01  8.01585509e-01  9.35177622e-01  3.47491304e-01  8.08895682e-01
9.13636027e-01  3.35858716e-01  6.23758628e-01  9.62138849e-01  2.65114692e-01  6.55664205e-01
7.97117129e-01  5.90696069e-01  8.49871490e-01  9.23081099e-01  4.72718092e-01  8.56539309e-01
7.71953178e-01  7.95392794e-01  7.98003031e-01  9.29620172e-01  5.75465413e-01  7.90544896e-01
7.43942666e-01  7.54778664e-01  9.20818691e-01  9.13390747e-01  4.74725715e-01  9.18214373e-01
9.96454021e-01  2.53089336e-01  3.96679588e-01  9.95586964e-01  2.60603529e-01  4.42210378e-01
9.40390625e-01  2.98330191e-01  5.57679962e-01  9.71784836e-01  2.55209593e-01  5.96164002e-01
8.48994096e-01  2.27975062e-01  9.17419745e-01  9.23060140e-01  1.55166254e-01  9.32608026e-01
9.50320502e-01  4.38262232e-01  4.29328388e-01  9.90794990e-01  3.69130633e-01  4.46995154e-01
8.63055250e-01  2.42014647e-01  8.59901217e-01  9.31956875e-01  1.37811395e-01  8.79693015e-01
9.41875809e-01  3.88736926e-01  4.91598089e-01  9.79647719e-01  3.60182927e-01  5.20631674e-01
8.79400145e-01  7.36808580e-01  4.70150295e-01  9.71638761e-01  8.57446041e-01  4.53097964e-01
8.47092288e-01  7.46150258e-01  5.74222581e-01  9.63817318e-01  6.21441784e-01  5.59695291e-01
8.91532313e-01  3.78811455e-01  6.70288633e-01  9.55364542e-01  2.78140202e-01  6.95999706e-01
8.13199948e-01  9.38894018e-01  5.59943142e-01  9.61880008e-01  8.49425690e-01  5.17606859e-01
8.64029498e-01  4.85692755e-01  6.92123866e-01  9.51623522e-01  3.30624284e-01  7.07444623e-01
8.53417619e-01  1.86187713e-01  9.30508178e-01  9.22143646e-01  1.26276043e-01  9.45394978e-01
8.27151051e-01  2.77279911e-01  9.58778533e-01  9.17591310e-01  1.52628689e-01  9.68292944e-01
8.72078987e-01  7.41618782e-01  4.91916554e-01  9.76603810e-01  6.55685360e-01  4.69496356e-01
8.83981193e-01  6.73204255e-01  4.97421596e-01  9.72973772e-01  6.70717262e-01  4.89184573e-01
8.55126734e-01  4.09601883e-01  7.73889409e-01  9.38683245e-01  3.20124027e-01  7.92954558e-01
7.88754297e-01  7.50083424e-01  7.71178186e-01  9.35386809e-01  5.25024088e-01  7.65619034e-01
9.42837697e-01  3.05376190e-01  5.44565288e-01  9.74370179e-01  2.44582886e-01  5.82122849e-01
8.74787462e-01  4.20678709e-01  6.99243644e-01  9.51664700e-01  2.78526847e-01  7.19637959e-01
8.43192967e-01  8.04060446e-01  5.48464736e-01  9.66779948e-01  6.93021582e-01  5.23577621e-01
7.80191033e-01  8.83507338e-01  7.10095320e-01  9.42429433e-01  6.52508209e-01  6.89447059e-01
9.23045726e-01  3.90096581e-01  5.55308763e-01  9.73053384e-01  2.81347537e-01  5.82294457e-01
9.11672524e-01  3.50125831e-01  6.20839374e-01  9.64184509e-01  2.32587985e-01  6.50321121e-01
8.89139269e-01  6.41996963e-01  5.01157042e-01  9.73090128e-01  6.34360025e-01  4.97648572e-01
8.27160276e-01  7.46199761e-01  6.42285026e-01  9.51086958e-01  6.51539206e-01  6.34149902e-01
8.89409057e-01  6.65876983e-01  4.83823166e-01  9.79050358e-01  5.79390496e-01  4.72047631e-01
9.22300228e-01  5.63281184e-01  4.40689649e-01  9.87030328e-01  4.97510731e-01  4.40443834e-01
9.80777036e-01  2.46453391e-01  4.54714501e-01  9.87636786e-01  2.26867528e-01  5.01268359e-01
9.12438073e-01  5.22179621e-01  5.02117764e-01  9.76959846e-01  4.62526066e-01  5.13399702e-01
9.13124668e-01  2.77281494e-01  6.65035251e-01  9.56897462e-01  2.20723062e-01  6.99897071e-01
8.25406765e-01  7.01688300e-01  6.78314863e-01  9.49678178e-01  5.21664327e-01  6.74240948e-01
8.60394678e-01  5.29697640e-01  6.74845027e-01  9.50681818e-01  4.35739433e-01  6.88349798e-01
9.16563612e-01  5.03375166e-01  5.01011195e-01  9.78831037e-01  4.13394835e-01  5.13662863e-01
9.50794554e-01  4.45144808e-01  4.23064340e-01  9.90222645e-01  4.11550116e-01  4.40523070e-01
8.58151974e-01  2.37818650e-01  8.79486155e-01  9.29118921e-01  1.38847570e-01  8.97648247e-01
9.68049638e-01  3.77462009e-01  4.09789166e-01  9.94110388e-01  3.27236107e-01  4.35748217e-01
9.21333249e-01  5.59063221e-01  4.46839144e-01  9.81710736e-01  5.93014303e-01  4.51726788e-01
8.04559238e-01  4.83327885e-01  8.96905982e-01  9.20275375e-01  3.42389590e-01  9.05700179e-01
8.61995446e-01  2.22577232e-01  8.76937845e-01  9.29043914e-01  1.48897037e-01  8.96243107e-01
8.98931935e-01  3.24677580e-01  6.81540118e-01  9.55952934e-01  2.02659660e-01  7.10274524e-01
9.33353866e-01  3.03980043e-01  5.77907424e-01  9.68987343e-01  2.51742614e-01  6.14935896e-01
8.16787010e-01  6.18328519e-01  7.64020434e-01  9.39496251e-01  4.03951807e-01  7.67694951e-01
7.98128534e-01  5.74455540e-01  8.57376503e-01  9.22976089e-01  4.42962675e-01  8.64328047e-01
9.60967052e-01  4.47434367e-01  3.86767267e-01  9.96835292e-01  4.04346052e-01  3.99833239e-01
9.48912355e-01  3.16996873e-01  5.15970289e-01  9.77487191e-01  2.80899855e-01  5.53446738e-01
8.41278173e-01  3.20682604e-01  8.81215629e-01  9.27699259e-01  1.83677257e-01  8.96034293e-01
9.18676754e-01  3.01315087e-01  6.29848957e-01  9.63602935e-01  1.93363300e-01  6.63430588e-01
9.82010775e-01  3.02929091e-01  4.12389481e-01  9.94231606e-01  2.65137552e-01  4.49819280e-01
8.03134839e-01  3.52883115e-01  9.89813289e-01  9.11702127e-01  1.96987040e-01  9.95460214e-01
7.72025476e-01  5.75970613e-01  9.45542403e-01  9.11478742e-01  3.95008658e-01  9.49540733e-01
9.76628234e-01  3.61423578e-01  3.91305108e-01  9.95827285e-01  3.48195739e-01  4.19724627e-01
9.04024043e-01  3.78143585e-01  6.28062280e-01  9.61812188e-01  2.75603284e-01  6.55251384e-01
8.45498067e-01  4.77585073e-01  7.60907898e-01  9.40374683e-01  3.47278755e-01  7.75612344e-01
8.11386357e-01  3.25718162e-01  9.79952809e-01  9.13491896e-01  1.85005444e-01  9.86845338e-01
7.92371067e-01  5.05366253e-01  9.23677733e-01  9.18218068e-01  2.97973076e-01  9.29517154e-01
8.03468506e-01  4.80776240e-01  9.02356023e-01  9.21898220e-01  2.81371077e-01  9.09882013e-01
8.49372817e-01  3.35617247e-01  8.43479403e-01  9.32851406e-01  1.93885695e-01  8.60546720e-01
8.67482849e-01  7.27492102e-01  5.17151385e-01  9.71238944e-01  6.67154390e-01  5.01163426e-01
8.08082797e-01  8.59444734e-01  6.31041060e-01  9.53601710e-01  6.97213450e-01  6.07099037e-01
9.33922460e-01  3.00849386e-01  5.78077509e-01  9.68864393e-01  2.52614300e-01  6.15516056e-01
8.54866396e-01  4.31797654e-01  7.59799949e-01  9.40371578e-01  3.36802041e-01  7.78137467e-01
9.41865412e-01  4.64921791e-01  4.40223258e-01  9.88372117e-01  4.00642780e-01  4.55000135e-01
8.32001887e-01  2.71596135e-01  9.46039659e-01  9.19185114e-01  1.57290038e-01  9.56955311e-01
8.58793439e-01  7.80712257e-01  5.10923539e-01  9.72687417e-01  6.95102725e-01  4.85190313e-01
9.40870100e-01  5.14873070e-01  4.09915790e-01  9.91780421e-01  4.77049776e-01  4.14869993e-01
9.45999095e-01  3.47267791e-01  5.05495844e-01  9.80047377e-01  2.75406233e-01  5.38339594e-01
7.74163705e-01  5.25206629e-01  9.72498639e-01  9.10355999e-01  3.13899422e-01  9.76137615e-01
9.15819193e-01  4.72275085e-01  5.24243495e-01  9.76355578e-01  3.62226337e-01  5.41258433e-01
8.53218725e-01  2.23059400e-01  9.06302639e-01  9.24892199e-01  1.47616953e-01  9.22662118e-01
9.51615946e-01  4.31165001e-01  4.29691940e-01  9.89222922e-01  3.99385028e-01  4.49843956e-01
9.14798313e-01  6.29736269e-01  4.21473231e-01  9.81496833e-01  7.51458708e-01  4.15212788e-01
9.57094084e-01  2.81925450e-01  5.11685714e-01  9.79492311e-01  2.30454512e-01  5.52648321e-01
9.89523966e-01  3.31675690e-01  3.67323912e-01  9.99192457e-01  3.42966702e-01  3.99391320e-01
9.88411553e-01  2.99870546e-01  3.92586596e-01  9.96986158e-01  2.74535819e-01  4.29904782e-01
8.39310500e-01  2.45898559e-01  9.38410924e-01  9.20955645e-01  1.36557502e-01  9.50556464e-01
8.69879141e-01  5.60331918e-01  6.21769593e-01  9.61203958e-01  3.97121784e-01  6.30095449e-01
8.47255261e-01  6.10747997e-01  6.65337515e-01  9.51236642e-01  4.95457725e-01  6.71028303e-01
9.36928303e-01  2.71593465e-01  5.87550947e-01  9.67798630e-01  2.30803503e-01  6.27567096e-01
9.22787653e-01  4.02400166e-01  5.47887706e-01  9.73924860e-01  2.94554570e-01  5.73546899e-01
7.39794021e-01  7.25881858e-01  9.54495976e-01  9.08777419e-01  4.51024792e-01  9.53472592e-01
9.24299576e-01  4.57571065e-01  5.05193675e-01  9.75441228e-01  4.47844640e-01  5.26650462e-01
9.15063968e-01  3.86275779e-01  5.84857297e-01  9.65885596e-01  3.39515807e-01  6.13842308e-01
8.35075200e-01  2.23164830e-01  9.68226190e-01  9.17072515e-01  1.25932011e-01  9.78004513e-01
8.42824942e-01  7.95563605e-01  5.55455777e-01  9.64643980e-01  7.08885609e-01  5.33484145e-01
9.76422820e-01  2.28680830e-01  4.81582850e-01  9.83673682e-01  2.12275491e-01  5.30176363e-01
8.49293943e-01  8.19900377e-01  5.16931961e-01  9.68931642e-01  7.84754946e-01  4.87842316e-01
9.13829811e-01  6.19217414e-01  4.31880276e-01  9.82160744e-01  6.85845342e-01  4.26643491e-01
8.61207447e-01  4.47985309e-01  7.27212046e-01  9.46961377e-01  3.00425029e-01  7.44568798e-01
7.37113091e-01  6.94765051e-01  9.84656892e-01  9.04300723e-01  4.39520185e-01  9.84938167e-01
8.72787189e-01  7.01179076e-01  5.16786242e-01  9.69803963e-01  6.84918344e-01  5.06119609e-01
9.34266569e-01  3.20255676e-01  5.63806380e-01  9.71885711e-01  2.41235610e-01  5.98858380e-01
8.47854379e-01  8.06307983e-01  5.31022745e-01  9.68685565e-01  7.22295596e-01  5.04355452e-01
9.72952095e-01  3.60511284e-01  4.04479509e-01  9.95130015e-01  3.12697246e-01  4.32684919e-01
8.32978788e-01  3.21267983e-01  9.09177732e-01  9.23798182e-01  1.80907325e-01  9.21718746e-01
8.04698269e-01  4.13289240e-01  9.43701371e-01  9.17022075e-01  2.39293279e-01  9.51220332e-01
8.81352573e-01  2.15710255e-01  8.15137075e-01  9.37865789e-01  1.41949181e-01  8.40803191e-01
8.73019513e-01  6.07744394e-01  5.79045363e-01  9.66870895e-01  4.51118163e-01  5.80836829e-01
8.91963685e-01  6.21925304e-01  5.04755190e-01  9.76906448e-01  5.15808093e-01  5.01001734e-01
9.09326648e-01  5.11049803e-01  5.20257736e-01  9.71874255e-01  5.05509520e-01  5.35740118e-01
8.77439115e-01  2.86508893e-01  7.80728435e-01  9.41603295e-01  1.88564248e-01  8.05683885e-01
9.54086198e-01  4.35673254e-01  4.18210473e-01  9.88311769e-01  4.68225197e-01  4.39227427e-01
8.77814812e-01  7.66380890e-01  4.55610640e-01  9.76263636e-01  8.33565813e-01  4.29144825e-01
8.52496088e-01  5.52420958e-01  6.86496759e-01  9.51825187e-01  3.73653759e-01  6.95862022e-01
9.04849171e-01  4.80798378e-01  5.55969171e-01  9.70711856e-01  3.79998984e-01  5.73206956e-01
8.35471122e-01  2.68238031e-01  9.36452227e-01  9.20748850e-01  1.51738892e-01  9.48252621e-01
9.25874708e-01  2.63842816e-01  6.30544610e-01  9.61961005e-01  2.15076605e-01  6.68769849e-01
9.89056401e-01  2.52188567e-01  4.22559732e-01  9.92351207e-01  2.38672362e-01  4.68208043e-01
9.68664904e-01  3.42947692e-01  4.30977645e-01  9.88790222e-01  3.46920173e-01  4.65164237e-01
8.90490448e-01  2.70012209e-01  7.47270410e-01  9.45919456e-01  1.95761137e-01  7.76278915e-01
9.24926095e-01  3.57733862e-01  5.70425901e-01  9.71191116e-01  2.51882278e-01  6.00767668e-01
8.06290254e-01  3.74632657e-01  9.64351714e-01  9.14479059e-01  2.22343140e-01  9.71584991e-01
8.39856121e-01  2.04799592e-01  9.64285091e-01  9.17345741e-01  1.30865477e-01  9.75072263e-01
9.32259270e-01  3.11550024e-01  5.76538941e-01  9.70844320e-01  2.15797573e-01  6.11620406e-01
8.93270104e-01  7.06492808e-01  4.43224196e-01  9.83529261e-01  6.72873561e-01  4.20967745e-01
8.91131193e-01  6.58771373e-01  4.82734261e-01  9.74068377e-01  6.94821500e-01  4.76400318e-01
8.53380655e-01  2.14785992e-01  9.11333241e-01  9.24570818e-01  1.36731427e-01  9.27326512e-01
9.13401219e-01  3.46807298e-01  6.17172423e-01  9.62906340e-01  2.75175307e-01  6.48335901e-01
9.46135955e-01  3.32449130e-01  5.15028063e-01  9.78254111e-01  2.74481866e-01  5.50062425e-01
8.24904911e-01  8.61528248e-01  5.72162683e-01  9.59339824e-01  8.06412170e-01  5.44184398e-01
9.20412306e-01  4.15802380e-01  5.46660571e-01  9.72893214e-01  3.28694956e-01  5.71483498e-01
9.22064744e-01  5.73393971e-01  4.34669803e-01  9.86736415e-01  5.35780221e-01  4.33178248e-01
9.63009494e-01  3.69368159e-01  4.32469556e-01  9.90955178e-01  3.07813059e-01  4.60629531e-01
8.37398204e-01  5.68998155e-01  7.26890861e-01  9.42968037e-01  4.42591313e-01  7.36187443e-01
9.60378793e-01  3.21107211e-01  4.74023607e-01  9.82974254e-01  3.08379454e-01  5.11682628e-01
9.52929280e-01  4.63211482e-01  4.03580010e-01  9.94147780e-01  4.10541434e-01  4.15589084e-01
9.17734281e-01  4.71037364e-01  5.18536162e-01  9.77418045e-01  3.58227074e-01  5.35400181e-01
8.63804317e-01  6.34957173e-01  5.92164219e-01  9.64402184e-01  4.73301961e-01  5.91366422e-01
8.51202953e-01  4.83348278e-01  7.37528095e-01  9.45053816e-01  3.21249242e-01  7.51824444e-01
8.84416715e-01  3.70296878e-01  7.00345331e-01  9.52671490e-01  2.31525656e-01  7.24419278e-01
9.43429944e-01  4.04058009e-01  4.75949864e-01  9.82348119e-01  3.64878358e-01  5.02188920e-01
9.85802293e-01  3.00774991e-01  4.00890164e-01  9.95055492e-01  2.88210078e-01  4.39018085e-01
9.30925613e-01  3.90996849e-01  5.27482893e-01  9.77127504e-01  2.86605815e-01  5.54389339e-01
9.84399142e-01  2.74258259e-01  4.23577460e-01  9.92663389e-01  2.41307664e-01  4.65575615e-01
7.68323205e-01  6.50634805e-01  9.07800689e-01  9.14072946e-01  4.88098213e-01  9.10640983e-01
8.94027669e-01  3.27491007e-01  6.96396761e-01  9.53706150e-01  2.05118923e-01  7.24097319e-01
9.39111911e-01  5.34228232e-01  4.02861004e-01  9.89072931e-01  5.81897164e-01  4.07165143e-01
8.41815070e-01  2.78808523e-01  9.07641739e-01  9.24405857e-01  1.64161209e-01  9.21825440e-01
9.36208316e-01  4.52576522e-01  4.67880208e-01  9.82658640e-01  4.18321069e-01  4.87418423e-01
8.69307139e-01  7.91242116e-01  4.67898630e-01  9.71158044e-01  9.18224308e-01  4.41648390e-01
9.19286300e-01  3.93495319e-01  5.65560907e-01  9.71524872e-01  2.79521629e-01  5.92017987e-01
9.85345040e-01  3.49134808e-01  3.69818705e-01  9.98835572e-01  3.53937970e-01  3.99056961e-01
8.26589809e-01  7.06739241e-01  6.70864715e-01  9.51725457e-01  5.03950587e-01  6.65345448e-01
8.61282017e-01  3.32932201e-01  8.04601738e-01  9.38103006e-01  2.02447390e-01  8.24815199e-01
7.94374182e-01  6.20979606e-01  8.38806580e-01  9.26386487e-01  4.41048044e-01  8.42911230e-01
9.33981860e-01  5.03335135e-01  4.41233987e-01  9.87180630e-01  4.50256849e-01  4.50778807e-01
9.13454054e-01  2.18985475e-01  7.03250361e-01  9.53075866e-01  1.58711671e-01  7.39236825e-01
8.45209255e-01  5.21106757e-01  7.32523386e-01  9.42150377e-01  4.23906770e-01  7.45899753e-01
9.70884927e-01  2.49872474e-01  4.86201646e-01  9.83283891e-01  2.16288656e-01  5.31716826e-01
8.78019971e-01  6.78277876e-01  5.14363968e-01  9.74927211e-01  5.59913737e-01  5.03150038e-01
9.16771155e-01  5.40827095e-01  4.74730798e-01  9.79543385e-01  5.20777270e-01  4.82900616e-01
8.86566257e-01  2.92454454e-01  7.45532836e-01  9.46942273e-01  1.83707830e-01  7.72600714e-01
8.47325415e-01  5.01698957e-01  7.38391021e-01  9.42289335e-01  3.91861717e-01  7.52671063e-01
9.16739898e-01  4.99298253e-01  5.02862268e-01  9.78929010e-01  3.99524306e-01  5.15834302e-01
8.03205706e-01  7.00020827e-01  7.55291153e-01  9.38974215e-01  4.79494096e-01  7.52979651e-01
9.09620434e-01  6.50109195e-01  4.25414502e-01  9.80706878e-01  7.68786574e-01  4.16136127e-01
7.96282483e-01  3.95623453e-01  9.84380132e-01  9.11138662e-01  2.35286154e-01  9.89916030e-01
7.98012860e-01  4.76013758e-01  9.24210405e-01  9.17660213e-01  3.04949014e-01  9.31427218e-01
9.34502181e-01  2.76716601e-01  5.92382704e-01  9.69029096e-01  1.86308927e-01  6.30314329e-01
7.86110237e-01  5.58927509e-01  9.08920076e-01  9.17153142e-01  3.89505568e-01  9.14460062e-01
9.32269470e-01  4.94537210e-01  4.53021027e-01  9.85965340e-01  4.26122694e-01  4.64344263e-01
8.19917781e-01  8.19704850e-01  6.17425229e-01  9.55948604e-01  6.74976695e-01  5.97363417e-01
8.56719710e-01  8.04117879e-01  5.02213424e-01  9.73055551e-01  7.39474708e-01  4.72219259e-01
8.30466249e-01  2.46807249e-01  9.68017682e-01  9.16789732e-01  1.36379614e-01  9.77320036e-01
9.55902130e-01  2.64397959e-01  5.27585512e-01  9.76638049e-01  2.31473917e-01  5.70711507e-01
8.24161497e-01  8.35207238e-01  5.92465433e-01  9.60384467e-01  6.81262527e-01  5.67409209e-01
8.04493617e-01  7.88200500e-01  6.91382678e-01  9.47196920e-01  5.69304596e-01  6.78764012e-01
8.11266669e-01  8.40870341e-01  6.32697993e-01  9.52773419e-01  6.99881620e-01  6.11773623e-01
8.77894051e-01  6.61481505e-01  5.26128379e-01  9.70810159e-01  5.98400238e-01  5.20353631e-01
8.98277649e-01  4.73300978e-01  5.83479689e-01  9.68129683e-01  3.33713830e-01  6.00836238e-01
9.83067774e-01  2.94519309e-01  4.14453400e-01  9.92962714e-01  2.81391451e-01  4.54071251e-01
8.96563237e-01  6.06953268e-01  4.99144644e-01  9.75301047e-01  5.66106235e-01  4.99271613e-01
7.54344771e-01  7.60529659e-01  8.81396133e-01  9.19096220e-01  4.90908359e-01  8.77749002e-01
8.03893317e-01  3.85339473e-01  9.65315765e-01  9.14651634e-01  2.15819695e-01  9.72037988e-01
8.18663016e-01  4.77144337e-01  8.52890687e-01  9.27254291e-01  3.30787002e-01  8.63710971e-01
8.26983842e-01  9.46795374e-01  5.07519817e-01  9.69478672e-01  9.05465156e-01  4.55470433e-01
9.36543777e-01  5.22749234e-01  4.19380566e-01  9.85681775e-01  5.85188150e-01  4.28128526e-01
7.99601978e-01  7.59516928e-01  7.27452313e-01  9.42296524e-01  5.31427436e-01  7.19252120e-01
9.85124562e-01  2.88405064e-01  4.11552752e-01  9.92865128e-01  2.90655417e-01  4.52482028e-01
8.55539370e-01  7.71231018e-01  5.28438951e-01  9.71143776e-01  6.52024265e-01  5.05391622e-01
9.87230604e-01  2.29053871e-01  4.44408618e-01  9.89132340e-01  2.19425613e-01  4.93455545e-01
7.76616036e-01  5.06823167e-01  9.76525791e-01  9.08127384e-01  3.52303613e-01  9.81248980e-01
8.69060301e-01  5.59552685e-01  6.25092880e-01  9.60415370e-01  4.02962234e-01  6.33756853e-01
8.62534250e-01  4.76188253e-01  7.03646569e-01  9.50501136e-01  3.11462220e-01  7.19225587e-01
9.90740911e-01  2.93730315e-01  3.88772319e-01  9.96940118e-01  2.86007878e-01  4.27456972e-01
9.46411337e-01  4.83661901e-01  4.12046996e-01  9.92385898e-01  4.32047686e-01  4.21747096e-01
9.85805971e-01  2.53993994e-01  4.32445773e-01  9.90756063e-01  2.40341910e-01  4.78039851e-01
8.24443446e-01  9.49967631e-01  5.14057860e-01  9.66743661e-01  9.42568671e-01  4.64140456e-01
9.04934939e-01  6.65943802e-01  4.30736159e-01  9.79654393e-01  7.82992754e-01  4.19489717e-01
8.86292930e-01  6.24697350e-01  5.22257930e-01  9.74677646e-01  5.00070047e-01  5.19060143e-01
8.32285884e-01  8.76535956e-01  5.36818605e-01  9.63616749e-01  8.64349245e-01  5.02899247e-01
9.05791614e-01  5.01052466e-01  5.39081509e-01  9.72720687e-01  4.07728822e-01  5.53691920e-01
8.53925235e-01  5.31580722e-01  6.95676808e-01  9.47107224e-01  4.44971576e-01  7.09069584e-01
8.80621222e-01  2.64640648e-01  7.84614613e-01  9.41710118e-01  1.66278178e-01  8.10327781e-01
8.70572405e-01  5.73138123e-01  6.10758963e-01  9.62247048e-01  4.20600101e-01  6.17791111e-01
9.09274721e-01  5.38393885e-01  5.01982862e-01  9.74065822e-01  5.40876584e-01  5.13226940e-01
9.12310256e-01  6.17316844e-01  4.38652114e-01  9.83580079e-01  6.26065523e-01  4.32350971e-01
8.01646728e-01  8.53911228e-01  6.56763889e-01  9.49350020e-01  6.90121427e-01  6.36064850e-01
8.81293754e-01  5.44449249e-01  5.93490492e-01  9.65100187e-01  4.04100951e-01  6.03436520e-01
8.45757133e-01  2.47690970e-01  9.15173748e-01  9.23669385e-01  1.50914840e-01  9.29716838e-01
9.23985871e-01  4.76931840e-01  4.93200719e-01  9.79491494e-01  4.10052293e-01  5.09709230e-01
9.12607132e-01  3.43246996e-01  6.22288373e-01  9.63956821e-01  2.29835645e-01  6.52439627e-01
8.82867595e-01  7.30080733e-01  4.62845008e-01  9.80250957e-01  6.83992991e-01  4.39335443e-01
8.71976954e-01  2.98149216e-01  7.91535188e-01  9.40730192e-01  1.75000120e-01  8.14527480e-01
9.87797816e-01  3.01532476e-01  3.93561734e-01  9.95549638e-01  3.05131850e-01  4.31802511e-01
9.13622937e-01  5.89683590e-01  4.52517038e-01  9.82408480e-01  5.75405071e-01  4.51462139e-01
7.93323033e-01  7.41519023e-01  7.61050834e-01  9.37692682e-01  5.03497483e-01  7.55459743e-01
7.95269197e-01  4.26489243e-01  9.67009200e-01  9.10858944e-01  3.09578043e-01  9.73944997e-01
8.48759124e-01  8.63842201e-01  4.89106331e-01  9.74250396e-01  8.11665854e-01  4.47293927e-01
8.29855051e-01  4.39358695e-01  8.40152549e-01  9.31422193e-01  2.65583407e-01  8.52569273e-01
9.11546072e-01  1.94530133e-01  7.26272314e-01  9.49887958e-01  1.48735847e-01  7.62069523e-01
9.09482493e-01  3.33782068e-01  6.39350388e-01  9.60715321e-01  2.42382879e-01  6.70230199e-01
8.12602047e-01  6.04156353e-01  7.87883042e-01  9.36311343e-01  3.86209185e-01  7.92365678e-01
8.93549804e-01  6.07500414e-01  5.09070628e-01  9.76159814e-01  5.06928218e-01  5.07913835e-01
1.00793690e+00  2.53993028e-01  3.56841293e-01  1.00205311e+00  2.62850280e-01  4.00200342e-01
8.73209906e-01  2.57826907e-01  8.14534571e-01  9.37685187e-01  1.58650371e-01  8.37967958e-01
8.34371886e-01  9.17732068e-01  5.01891976e-01  9.69116802e-01  9.16078494e-01  4.55253640e-01
8.39411407e-01  6.11236037e-01  6.91509531e-01  9.50138767e-01  4.19844021e-01  6.95633757e-01
8.10440789e-01  9.60229597e-01  5.54971678e-01  9.62470532e-01  8.71799785e-01  5.08469383e-01
8.23235341e-01  4.73378756e-01  8.39809255e-01  9.27902680e-01  3.62075777e-01  8.52070289e-01
8.52806255e-01  2.49174658e-01  8.90384446e-01  9.26226910e-01  1.76719443e-01  9.07658769e-01
9.10731473e-01  6.33059206e-01  4.33124615e-01  9.83414498e-01  6.62147438e-01  4.24268568e-01
9.99203921e-01  2.69391393e-01  3.76284478e-01  9.98358717e-01  2.84336564e-01  4.18757947e-01
9.44607982e-01  2.73103597e-01  5.60295543e-01  9.72657661e-01  2.12822073e-01  6.00701277e-01
8.95675769e-01  2.50824215e-01  7.42503697e-01  9.47131683e-01  1.76977100e-01  7.72995294e-01
8.92586336e-01  6.58903514e-01  4.77674316e-01  9.79865043e-01  5.80693001e-01  4.66510922e-01
8.12263112e-01  4.34238330e-01  9.03714915e-01  9.22147604e-01  2.61538945e-01  9.13024787e-01
9.83848607e-01  2.77520506e-01  4.23256863e-01  9.92884012e-01  2.39406639e-01  4.64615126e-01
8.67004122e-01  6.84536413e-01  5.47774554e-01  9.68233972e-01  5.86612677e-01  5.39695525e-01
8.17575940e-01  2.80447354e-01  9.89358282e-01  9.12876495e-01  1.62154881e-01  9.96256878e-01
9.65676745e-01  2.90916556e-01  4.76297439e-01  9.85107455e-01  2.32477328e-01  5.16149771e-01
8.70583802e-01  4.28260284e-01  7.08489024e-01  9.50119649e-01  2.85077278e-01  7.27981577e-01
8.78789870e-01  2.44730663e-01  8.04308078e-01  9.39178952e-01  1.54394152e-01  8.29404583e-01
9.97155234e-01  2.93676942e-01  3.66895282e-01  9.99184306e-01  3.17948628e-01  4.05425720e-01
9.30436472e-01  5.04187940e-01  4.53068450e-01  9.84588405e-01  4.66277411e-01  4.64091019e-01
7.25885465e-01  7.55501343e-01  9.82326430e-01  9.04235851e-01  4.60229638e-01  9.80918879e-01
9.29198066e-01  4.65047043e-01  4.83414173e-01  9.80615146e-01  4.14099463e-01  5.01534548e-01
9.20939346e-01  2.83172342e-01  6.34362224e-01  9.63078243e-01  1.82427326e-01  6.69410924e-01
9.10173500e-01  3.67808210e-01  6.14027551e-01  9.62757970e-01  2.99412089e-01  6.43492120e-01
9.41386903e-01  5.01451210e-01  4.17505325e-01  9.90358808e-01  4.71588943e-01  4.25810532e-01
8.95616942e-01  2.59156671e-01  7.37081791e-01  9.48411183e-01  1.67243729e-01  7.67115983e-01
8.22689381e-01  3.72232880e-01  9.09937196e-01  9.20624573e-01  2.65833694e-01  9.21766786e-01
8.92128845e-01  3.30497572e-01  7.00855112e-01  9.53037564e-01  2.06505312e-01  7.28054116e-01
9.37323365e-01  4.85714717e-01  4.41708590e-01  9.83426812e-01  5.23517013e-01  4.57337812e-01
8.99360617e-01  3.10010015e-01  6.89973435e-01  9.54000421e-01  2.14600950e-01  7.19942547e-01
8.69817436e-01  6.33004530e-01  5.72938080e-01  9.64216394e-01  5.51949005e-01  5.73752404e-01
9.59780716e-01  2.94223775e-01  4.94208298e-01  9.82195485e-01  2.37057943e-01  5.33731499e-01
9.16050641e-01  2.27717436e-01  6.88486415e-01  9.54554826e-01  1.77177597e-01  7.25335228e-01
9.07092064e-01  6.61384193e-01  4.26443839e-01  9.83602026e-01  7.06717229e-01  4.12408642e-01
8.52985426e-01  4.61753227e-01  7.46011612e-01  9.44078261e-01  3.06403150e-01  7.61631663e-01
8.85106478e-01  6.68527561e-01  4.96733652e-01  9.77579779e-01  5.62944092e-01  4.85412247e-01
8.32212482e-01  2.91349020e-01  9.31988242e-01  9.20301427e-01  1.82055320e-01  9.43873040e-01
8.26520916e-01  9.74876063e-01  4.90151750e-01  9.71188190e-01  9.64997419e-01  4.30271001e-01
7.79051378e-01  5.21256513e-01  9.58464263e-01  9.12746851e-01  3.06474794e-01  9.62577595e-01
8.88385858e-01  5.96150125e-01  5.34372041e-01  9.73225378e-01  4.68988306e-01  5.35806874e-01
8.62139866e-01  3.01479493e-01  8.22896971e-01  9.35499634e-01  1.93694209e-01  8.43606520e-01
8.88322553e-01  4.68799760e-01  6.20527114e-01  9.59525093e-01  3.98858301e-01  6.40448373e-01
8.16456835e-01  5.83461850e-01  7.88678579e-01  9.36287340e-01  3.77264582e-01  7.94658477e-01
8.87293136e-01  2.45300103e-01  7.74871611e-01  9.43381074e-01  1.54071255e-01  8.02529110e-01
8.16517650e-01  1.00753641e+00  5.02286592e-01  9.68646760e-01  9.95753523e-01  4.39217149e-01
8.40669564e-01  8.16239312e-01  5.49165003e-01  9.66956631e-01  6.95852343e-01  5.22284322e-01
9.05814771e-01  4.04088227e-01  6.04436234e-01  9.64787246e-01  3.02261167e-01  6.29795205e-01
8.41342336e-01  8.05134408e-01  5.54359668e-01  9.60975534e-01  8.07685587e-01  5.33905487e-01
9.85270085e-01  2.58911019e-01  4.30958460e-01  9.90948414e-01  2.44351451e-01  4.75847408e-01
7.98028404e-01  4.36584513e-01  9.50768897e-01  9.15358321e-01  2.58176012e-01  9.57376623e-01
8.99524052e-01  2.61199677e-01  7.22354412e-01  9.50508926e-01  1.68369614e-01  7.53391796e-01
7.42047538e-01  7.53510376e-01  9.28149884e-01  9.12390074e-01  4.70241903e-01  9.25705044e-01
9.57173823e-01  3.92385838e-01  4.36873360e-01  9.90375211e-01  3.19307240e-01  4.61600946e-01
9.73083009e-01  2.31194162e-01  4.91296609e-01  9.82183656e-01  2.13706944e-01  5.39390936e-01
8.97609542e-01  4.94636354e-01  5.71364367e-01  9.68806964e-01  3.74262456e-01  5.86796432e-01
8.82487932e-01  7.58540866e-01  4.44936599e-01  9.81592418e-01  7.50300558e-01  4.14876624e-01
9.23554688e-01  2.80884547e-01  6.26970975e-01  9.64028228e-01  1.84901271e-01  6.62726198e-01
8.93850563e-01  5.34873042e-01  5.57053868e-01  9.70971756e-01  3.99015524e-01  5.66992841e-01
9.72093620e-01  3.86057821e-01  3.90173180e-01  9.95313172e-01  3.81665235e-01  4.15019111e-01
8.33285014e-01  6.30034461e-01  6.99754058e-01  9.47726038e-01  4.54437179e-01  7.02837097e-01
9.26072859e-01  2.32517542e-01  6.51007077e-01  9.60475413e-01  1.66465121e-01  6.89922227e-01
7.90531642e-01  8.18930324e-01  7.18345864e-01  9.41577511e-01  6.10481870e-01  7.04960508e-01
9.54121538e-01  3.82185400e-01  4.54184255e-01  9.87970233e-01  3.02631876e-01  4.81013412e-01
9.27810154e-01  3.13234545e-01  5.90601723e-01  9.67435232e-01  2.47417324e-01  6.25925262e-01
9.11581172e-01  4.97619116e-01  5.21619176e-01  9.74913955e-01  4.20831302e-01  5.36491575e-01
8.07180346e-01  7.33254433e-01  7.19282229e-01  9.39372961e-01  6.23693575e-01  7.15941324e-01
8.92436777e-01  6.62967741e-01  4.75442648e-01  9.80187590e-01  5.85126314e-01  4.63382098e-01
8.29009394e-01  5.65757063e-01  7.57739970e-01  9.41312172e-01  3.65420851e-01  7.65261110e-01
9.36179805e-01  3.20837074e-01  5.56877911e-01  9.73707338e-01  2.23263497e-01  5.91472028e-01
8.25514107e-01  2.92580955e-01  9.54044522e-01  9.17553310e-01  1.72337964e-01  9.63823674e-01
9.39568181e-01  2.82206818e-01  5.71370041e-01  9.69808752e-01  2.45441164e-01  6.11174220e-01
9.35024634e-01  4.37706323e-01  4.81958899e-01  9.83000267e-01  3.47075961e-01  5.02262911e-01
9.53899982e-01  3.41954894e-01  4.82088905e-01  9.81419850e-01  3.27001411e-01  5.17199612e-01
8.70446591e-01  7.64439020e-01  4.82093055e-01  9.69244080e-01  8.83394497e-01  4.62252470e-01
9.36595908e-01  2.52520759e-01  6.01557254e-01  9.66275263e-01  2.09139818e-01  6.42518008e-01
8.48640522e-01  2.79965477e-01  8.83539848e-01  9.27808082e-01  1.65006880e-01  8.99800831e-01
8.18039095e-01  7.75900928e-01  6.53404579e-01  9.52289961e-01  5.93311163e-01  6.40357162e-01
8.71111243e-01  2.14518419e-01  8.50932639e-01  9.32941237e-01  1.39059365e-01  8.73080783e-01
8.33709522e-01  8.14593625e-01  5.73755806e-01  9.62116751e-01  7.04965322e-01  5.50630868e-01
9.02185914e-01  3.94954210e-01  6.22997966e-01  9.62986398e-01  2.73216777e-01  6.48290714e-01
8.71182937e-01  4.31449648e-01  7.04587143e-01  9.49166709e-01  3.25743747e-01  7.24886436e-01
7.83864274e-01  5.47086651e-01  9.24586520e-01  9.17271415e-01  3.25284013e-01  9.29058408e-01
7.99659491e-01  7.86838875e-01  7.08817473e-01  9.44479805e-01  5.64452369e-01  6.97351745e-01
9.35711734e-01  3.75049153e-01  5.21893623e-01  9.77836636e-01  2.81990872e-01  5.50944548e-01
8.47204453e-01  8.23753819e-01  5.21470335e-01  9.70590665e-01  7.29721770e-01  4.90360714e-01
9.31792932e-01  4.93955033e-01  4.55339759e-01  9.85365342e-01  4.32515066e-01  4.67180864e-01
8.65446689e-01  1.87867818e-01  8.88272931e-01  9.27732587e-01  1.33707413e-01  9.07769546e-01
9.50928142e-01  3.73894294e-01  4.70688767e-01  9.85203080e-01  2.99705086e-01  4.99461379e-01
9.61780871e-01  4.18846901e-01  4.03278046e-01  9.93442770e-01  3.96503337e-01  4.23467583e-01
9.02574550e-01  5.69935979e-01  5.03588032e-01  9.76154134e-01  5.05145717e-01  5.08376493e-01
8.29702540e-01  3.28180302e-01  9.15706575e-01  9.22124308e-01  2.00379103e-01  9.27799065e-01
9.15459703e-01  3.62361150e-01  5.99643906e-01  9.66164559e-01  2.67557713e-01  6.29259371e-01
9.47829757e-01  4.04949492e-01  4.60317269e-01  9.85614995e-01  3.48449840e-01  4.85163903e-01
8.40933643e-01  3.62371223e-01  8.54257580e-01  9.30543750e-01  2.18330139e-01  8.69503042e-01
8.63298209e-01  6.52743582e-01  5.81890488e-01  9.65724418e-01  4.91966814e-01  5.78422699e-01
7.95719999e-01  8.33879577e-01  6.90531304e-01  9.46019426e-01  6.22504590e-01  6.73595380e-01
7.87788072e-01  5.36107430e-01  9.18588122e-01  9.15315551e-01  3.94643510e-01  9.25018070e-01
8.72548854e-01  2.66362639e-01  8.11330326e-01  9.37531101e-01  1.77893510e-01  8.34871633e-01
9.16203524e-01  5.34322687e-01  4.81059159e-01  9.77392580e-01  5.41984073e-01  4.91624756e-01
8.81259120e-01  7.10341088e-01  4.81660482e-01  9.74621205e-01  7.22030593e-01  4.66348521e-01
8.38368672e-01  8.80553173e-01  5.13326494e-01  9.66149289e-01  9.07921394e-01  4.76237267e-01
8.46787092e-01  8.50637954e-01  5.04753639e-01  9.68307997e-01  8.72506285e-01  4.70859841e-01
8.97190996e-01  3.85500018e-01  6.46442669e-01  9.59619463e-01  2.64622962e-01  6.71940997e-01
8.80740155e-01  3.23867230e-01  7.44239010e-01  9.46643131e-01  2.05401480e-01  7.69332034e-01
7.65705457e-01  6.02041453e-01  9.49540807e-01  9.09192639e-01  4.40793320e-01  9.53255941e-01
9.43763515e-01  3.37737734e-01  5.19564456e-01  9.78800959e-01  2.47654155e-01  5.52969888e-01
9.68371558e-01  4.07202417e-01  3.88620149e-01  9.93988830e-01  4.33188129e-01  4.11193486e-01
9.83537030e-01  3.38286037e-01  3.83316151e-01  9.96517632e-01  3.47136208e-01  4.15550209e-01
8.81514981e-01  4.03790618e-01  6.87655422e-01  9.51917703e-01  3.08282222e-01  7.10900160e-01
9.32934384e-01  3.19831905e-01  5.68643674e-01  9.71701397e-01  2.27863115e-01  6.03238123e-01
8.98091077e-01  2.72584968e-01  7.19566906e-01  9.50800010e-01  1.74791676e-01  7.49989136e-01
8.46613743e-01  5.75721794e-01  6.90868231e-01  9.47266488e-01  4.77043547e-01  7.00379076e-01
8.84402716e-01  7.26132292e-01  4.60264463e-01  9.73515852e-01  8.47183271e-01  4.43512564e-01
8.20540323e-01  5.74696882e-01  7.80642187e-01  9.37877473e-01  3.65920791e-01  7.87171831e-01
8.16125654e-01  5.63760824e-01  8.03105778e-01  9.34833125e-01  3.52475125e-01  8.09913570e-01
7.94848424e-01  4.00951491e-01  9.85684361e-01  9.11294375e-01  2.27156849e-01  9.90861188e-01
9.25665053e-01  3.61401349e-01  5.65426358e-01  9.71416110e-01  2.66645976e-01  5.95794351e-01
8.75344078e-01  4.65400880e-01  6.67161607e-01  9.55442420e-01  3.22586327e-01  6.84872338e-01
8.16322395e-01  3.56755377e-01  9.42138936e-01  9.18233712e-01  2.06663852e-01  9.51251208e-01
8.68461957e-01  7.22113533e-01  5.17436009e-01  9.71534338e-01  6.55528487e-01  5.02048715e-01
9.42145334e-01  2.69638539e-01  5.71046938e-01  9.70279511e-01  2.29479968e-01  6.11971385e-01
8.68800827e-01  3.29499572e-01  7.81229632e-01  9.41759599e-01  1.94941180e-01  8.03156473e-01
9.42070700e-01  4.80816827e-01  4.28795724e-01  9.89330575e-01  4.34157155e-01  4.40839038e-01
7.58465100e-01  7.97202975e-01  8.42568296e-01  9.24481749e-01  5.22227598e-01  8.35716521e-01
8.69982399e-01  7.29140296e-01  5.07499202e-01  9.67025975e-01  8.06003660e-01  4.94984173e-01
9.30619637e-01  4.89791568e-01  4.61859621e-01  9.82865886e-01  4.60575529e-01  4.75985591e-01
9.72950570e-01  3.37421516e-01  4.20065863e-01  9.92552002e-01  2.97353869e-01  4.52888674e-01
8.86622119e-01  7.15668811e-01  4.59743463e-01  9.77541166e-01  7.48772269e-01  4.41226104e-01
8.81561804e-01  6.10116514e-01  5.48557757e-01  9.65383104e-01  6.08631448e-01  5.53232488e-01
7.65474308e-01  7.14434297e-01  8.74478486e-01  9.20612437e-01  4.69526947e-01  8.73136605e-01
9.13548066e-01  3.35263756e-01  6.24460805e-01  9.62735115e-01  2.47968649e-01  6.55939687e-01
8.79778673e-01  2.20415859e-01  8.17338933e-01  9.37664262e-01  1.40386227e-01  8.42469537e-01
8.97811910e-01  5.52977152e-01  5.31303109e-01  9.72910392e-01  4.62922831e-01  5.39277510e-01
9.23815301e-01  5.03120948e-01  4.76110636e-01  9.81885461e-01  4.36460222e-01  4.88040168e-01
9.48020084e-01  3.59500260e-01  4.90336583e-01  9.79767014e-01  3.45256819e-01  5.23435574e-01
9.58417441e-01  3.00502897e-01  4.94628538e-01  9.82833689e-01  2.23913240e-01  5.32781214e-01
8.32434746e-01  2.36716530e-01  9.68101787e-01  9.16481400e-01  1.42681912e-01  9.77790702e-01
8.73947723e-01  7.35914232e-01  4.89381858e-01  9.77172149e-01  6.48975096e-01  4.67455622e-01
9.04302208e-01  6.18794214e-01  4.64715492e-01  9.82325360e-01  5.48385366e-01  4.58455993e-01
8.83427696e-01  5.26907992e-01  5.98037357e-01  9.64374165e-01  3.95234479e-01  6.10213276e-01
8.56969917e-01  6.87865856e-01  5.79808472e-01  9.63013288e-01  5.84256504e-01  5.73743797e-01
9.29570356e-01  4.01122130e-01  5.25279903e-01  9.75465780e-01  3.39680246e-01  5.52356601e-01
9.10638945e-01  5.94323207e-01  4.59580317e-01  9.80181997e-01  6.01860466e-01  4.59416642e-01
9.48015195e-01  3.63203827e-01  4.87854173e-01  9.81081190e-01  3.25721799e-01  5.19677700e-01
8.70378562e-01  6.86091616e-01  5.35196774e-01  9.70550460e-01  5.83519852e-01  5.25577396e-01
9.14882451e-01  3.79261237e-01  5.90211342e-01  9.66931658e-01  2.91522843e-01  6.18608808e-01
8.28672048e-01  6.34641692e-01  7.12405409e-01  9.46472769e-01  4.38039851e-01  7.14796438e-01
9.41457330e-01  2.92194712e-01  5.58176179e-01  9.72460131e-01  2.34334617e-01  5.96824242e-01
8.55767724e-01  1.89953960e-01  9.19936212e-01  9.23355835e-01  1.33277977e-01  9.35945434e-01
9.93173987e-01  2.34564246e-01  4.20385931e-01  9.92436439e-01  2.33886887e-01  4.68805650e-01
9.19670062e-01  3.87841514e-01  5.68065035e-01  9.70680087e-01  2.87583414e-01  5.95508673e-01
8.97207500e-01  6.99284024e-01  4.34637031e-01  9.78997770e-01  8.07260396e-01  4.17898507e-01
9.13108008e-01  2.70375966e-01  6.69752266e-01  9.56397227e-01  2.13585449e-01  7.04812302e-01
8.35243120e-01  2.81571939e-01  9.28231700e-01  9.21036228e-01  1.75625461e-01  9.40697437e-01
7.93887799e-01  4.74104759e-01  9.39891278e-01  9.15395455e-01  3.05092246e-01  9.46436360e-01
9.46479618e-01  3.57494315e-01  4.96953149e-01  9.80690151e-01  2.97717160e-01  5.28882067e-01
9.76253649e-01  3.07414063e-01  4.29031004e-01  9.92544953e-01  2.44378053e-01  4.65601072e-01
8.71042360e-01  6.73952542e-01  5.41120630e-01  9.69127635e-01  5.85734137e-01  5.34173754e-01
9.13430875e-01  5.60013675e-01  4.73194784e-01  9.78644058e-01  5.60336195e-01  4.79209724e-01
9.29631655e-01  5.06462864e-01  4.53984864e-01  9.83904415e-01  4.78170308e-01  4.65117492e-01
9.15816561e-01  3.48130752e-01  6.08028023e-01  9.66117362e-01  2.31734615e-01  6.38127973e-01
9.16024100e-01  2.21927475e-01  6.92484364e-01  9.54072737e-01  1.72953038e-01  7.29437515e-01
