9.10769212e-01  4.48681224e-01  5.83596770e-01  9.66144835e-01  3.42817812e-01  6.06487536e-01
8.91608760e-01  5.41436293e-01  5.88439373e-01  9.64226436e-01  4.16125189e-01  6.01528656e-01
8.94932062e-01  4.67298750e-01  6.25287152e-01  9.59997113e-01  3.43780881e-01  6.45679686e-01
8.78902324e-01  5.27632031e-01  6.40548421e-01  9.56829907e-01  3.89849954e-01  6.55141120e-01
8.35728184e-01  6.64731192e-01  6.98442818e-01  9.46673848e-01  4.75327309e-01  7.00652798e-01
8.81027949e-01  5.40918392e-01  6.24704482e-01  9.58994015e-01  4.03562257e-01  6.38036490e-01
8.94545484e-01  4.25509564e-01  6.53730929e-01  9.56549656e-01  3.04068727e-01  6.77134608e-01
8.81820186e-01  4.72053465e-01  6.66724162e-01  9.54253203e-01  3.30663877e-01  6.85597799e-01
9.07968732e-01  4.74627344e-01  5.76261193e-01  9.66849480e-01  3.66169197e-01  5.96471534e-01
8.88847172e-01  5.44201387e-01  5.96021531e-01  9.62881703e-01  4.20843635e-01  6.09040088e-01
8.89441488e-01  5.22478354e-01  6.08106786e-01  9.61593815e-01  3.95272451e-01  6.23318458e-01
8.93583548e-01  5.28060472e-01  5.90417632e-01  9.63822239e-01  4.11689296e-01  6.05164728e-01
9.10031280e-01  4.52776548e-01  5.83443684e-01  9.65964435e-01  3.49737147e-01  6.06015157e-01
8.83095017e-01  5.47106958e-01  6.13667530e-01  9.60386895e-01  4.14900842e-01  6.26435839e-01
8.82210616e-01  4.73442267e-01  6.64496686e-01  9.54485618e-01  3.33875140e-01  6.83351493e-01
8.98271949e-01  5.21132034e-01  5.78995657e-01  9.65573608e-01  4.09739027e-01  5.94394235e-01
8.89446441e-01  5.16500407e-01  6.11971138e-01  9.61478936e-01  3.80492529e-01  6.27534858e-01
8.91645033e-01  5.26672085e-01  5.97901511e-01  9.62631402e-01  4.11163117e-01  6.12924191e-01
8.94779697e-01  5.34951195e-01  5.81882273e-01  9.64995686e-01  4.19549467e-01  5.95790061e-01
8.96783312e-01  5.11939554e-01  5.90018610e-01  9.64279063e-01  3.94250769e-01  6.06341344e-01
8.97855886e-01  5.21779062e-01  5.79988477e-01  9.65886780e-01  3.98668847e-01  5.94992565e-01
8.93394027e-01  4.76891763e-01  6.24281621e-01  9.59709779e-01  3.58829121e-01  6.43979086e-01
8.78932050e-01  4.79615717e-01  6.71621652e-01  9.53231785e-01  3.40386637e-01  6.89857971e-01
9.08044067e-01  4.67738542e-01  5.80477831e-01  9.66524792e-01  3.54629897e-01  6.01270228e-01
8.91305416e-01  5.00793965e-01  6.15855804e-01  9.60971222e-01  3.70786482e-01  6.33075500e-01
8.94203337e-01  4.98647466e-01  6.07408904e-01  9.61712637e-01  3.83869397e-01  6.25241326e-01
8.81547197e-01  5.24462299e-01  6.33625219e-01  9.58072754e-01  3.84491772e-01  6.48433567e-01
9.02675526e-01  4.96606175e-01  5.79965646e-01  9.65855421e-01  3.86973869e-01  5.97947109e-01
8.86387695e-01  4.87366982e-01  6.41271999e-01  9.57195849e-01  3.60683356e-01  6.59661754e-01
8.96321081e-01  4.75509616e-01  6.15239705e-01  9.61220838e-01  3.55516098e-01  6.35070254e-01
8.96838669e-01  4.85077702e-01  6.07270233e-01  9.62253213e-01  3.64937842e-01  6.26232445e-01
8.78053180e-01  5.32058574e-01  6.40558046e-01  9.57049933e-01  3.86383427e-01  6.54546485e-01
8.96907151e-01  4.81729867e-01  6.09211294e-01  9.62339120e-01  3.53942341e-01  6.28270408e-01
8.87092571e-01  4.56936885e-01  6.58634991e-01  9.55645607e-01  3.20697296e-01  6.79016284e-01
8.89244166e-01  5.33544683e-01  6.01592234e-01  9.62574188e-01  4.01700009e-01  6.15519042e-01
8.74688264e-01  5.37449013e-01  6.48484536e-01  9.55615501e-01  3.93545922e-01  6.62057672e-01
8.90995056e-01  5.03681824e-01  6.15034788e-01  9.61057052e-01  3.73145307e-01  6.31969796e-01
8.88034455e-01  4.48230624e-01  6.61088990e-01  9.55088947e-01  3.21667487e-01  6.82357157e-01
8.69152457e-01  5.40419832e-01  6.65353806e-01  9.53354129e-01  3.85838602e-01  6.78372168e-01
8.67252971e-01  6.66622448e-01  5.90164987e-01  9.57673656e-01  6.33859011e-01  5.92797520e-01
8.83994572e-01  4.50784613e-01  6.73149177e-01  9.53574893e-01  3.14873855e-01  6.93664767e-01
9.00744916e-01  5.07623927e-01  5.79368266e-01  9.65913799e-01  3.93319416e-01  5.96078794e-01
8.79706428e-01  5.12427179e-01  6.47689459e-01  9.55835624e-01  3.80414994e-01  6.63737826e-01
8.79138378e-01  4.88878206e-01  6.64907422e-01  9.54044840e-01  3.49396467e-01  6.82523373e-01
8.84589460e-01  4.85570488e-01  6.48544564e-01  9.56043672e-01  3.60679621e-01  6.67050369e-01
8.82028797e-01  5.09965668e-01  6.41401633e-01  9.57217989e-01  3.69410125e-01  6.57465144e-01
9.10489214e-01  4.60014528e-01  5.77189698e-01  9.67253533e-01  3.45678224e-01  5.98705177e-01
8.80861761e-01  4.69056361e-01  6.71924413e-01  9.53122673e-01  3.37744479e-01  6.91179673e-01
9.13882937e-01  4.49267035e-01  5.72643361e-01  9.67595222e-01  3.49356146e-01  5.95648356e-01
8.92600377e-01  5.05016404e-01  6.08717207e-01  9.61967938e-01  3.75652926e-01  6.25538842e-01
7.66179497e-01  6.34827124e-01  9.54040254e-01  9.10547322e-01  3.75090311e-01  9.55900334e-01
8.90270923e-01  4.98732904e-01  6.20706751e-01  9.60454807e-01  3.63995889e-01  6.37985516e-01
8.85613691e-01  4.54617081e-01  6.65162855e-01  9.54456647e-01  3.24535904e-01  6.85736110e-01
8.91208138e-01  4.77924453e-01  6.31033846e-01  9.59191716e-01  3.46452177e-01  6.50214934e-01
8.76449445e-01  5.03548998e-01  6.64513254e-01  9.53473591e-01  3.70878103e-01  6.81128526e-01
9.08885471e-01  4.75465017e-01  5.72604405e-01  9.67163499e-01  3.72902025e-01  5.92872886e-01
8.92634213e-01  4.93723432e-01  6.15934022e-01  9.60791441e-01  3.71632290e-01  6.34029112e-01
9.10554015e-01  4.43068889e-01  5.87971170e-01  9.65476758e-01  3.39855714e-01  6.11468606e-01
8.97673500e-01  5.02418968e-01  5.93176915e-01  9.63985443e-01  3.84678193e-01  6.10477794e-01
8.81900939e-01  5.50410682e-01  6.15577356e-01  9.60167366e-01  4.14450472e-01  6.27949479e-01
8.79446490e-01  5.22644780e-01  6.41938523e-01  9.56725077e-01  3.84934825e-01  6.56970519e-01
8.79584311e-01  5.11489864e-01  6.48712779e-01  9.56095270e-01  3.69780734e-01  6.64576734e-01
8.96462300e-01  4.31613494e-01  6.43259108e-01  9.57914803e-01  3.12078538e-01  6.66495464e-01
8.80696239e-01  4.98489788e-01  6.53377211e-01  9.55757627e-01  3.54879760e-01  6.70250005e-01
8.82990088e-01  4.64512921e-01  6.67647120e-01  9.54145383e-01  3.26836635e-01  6.87190238e-01
8.82720744e-01  4.69895812e-01  6.65066976e-01  9.54559025e-01  3.28505202e-01  6.84145119e-01
8.92258805e-01  4.43437034e-01  6.49856676e-01  9.57161234e-01  3.10826953e-01  6.71622008e-01
8.74043030e-01  5.32507817e-01  6.53883649e-01  9.55153264e-01  3.82145180e-01  6.67705739e-01
8.84936895e-01  5.31523346e-01  6.17530549e-01  9.60052274e-01  4.00937194e-01  6.31869032e-01
8.86927273e-01  5.00062077e-01  6.31197681e-01  9.58640120e-01  3.69042489e-01  6.48433041e-01
8.91549792e-01  5.14626590e-01  6.06045248e-01  9.61631354e-01  3.98536585e-01  6.22309249e-01
8.90094739e-01  4.34838248e-01  6.62787736e-01  9.55016959e-01  3.11752682e-01  6.85153109e-01
8.92855275e-01  4.32212481e-01  6.55118531e-01  9.56121675e-01  3.12117659e-01  6.77983755e-01
8.76273508e-01  5.16596868e-01  6.56639635e-01  9.54972471e-01  3.69359017e-01  6.71875385e-01
8.93312660e-01  5.17397981e-01  5.98259906e-01  9.62849051e-01  4.00039516e-01  6.14147588e-01
8.92514499e-01  4.80907228e-01  6.24661251e-01  9.59705723e-01  3.59279915e-01  6.43898952e-01
8.91473209e-01  5.35789565e-01  5.92565591e-01  9.63219765e-01  4.21830315e-01  6.06640150e-01
8.83388412e-01  5.34672748e-01  6.20744019e-01  9.59689191e-01  3.98930301e-01  6.34669605e-01
8.69605821e-01  5.17159041e-01  6.78916219e-01  9.51743446e-01  3.64385887e-01  6.93750734e-01
8.72276886e-01  5.10896395e-01  6.73911950e-01  9.52393639e-01  3.64843045e-01  6.89474068e-01
8.83988637e-01  4.67868628e-01  6.62077693e-01  9.54951120e-01  3.29273222e-01  6.81450184e-01
8.98613207e-01  4.89594283e-01  5.98312172e-01  9.63318907e-01  3.75163355e-01  6.16991765e-01
8.83143782e-01  4.78348837e-01  6.58142314e-01  9.55084287e-01  3.45054102e-01  6.76880830e-01
8.94814292e-01  4.86894055e-01  6.12965170e-01  9.61732123e-01  3.56862717e-01  6.31474867e-01
8.96814733e-01  5.18042686e-01  5.85949560e-01  9.64722059e-01  4.02106980e-01  6.01651205e-01
9.02954050e-01  4.80571013e-01  5.89430408e-01  9.64780921e-01  3.69123450e-01  6.09039454e-01
8.46933947e-01  2.79888261e-01  9.10257013e-01  9.22301998e-01  1.87339952e-01  9.24732914e-01
9.05294040e-01  4.65657087e-01  5.91167234e-01  9.64822659e-01  3.54388364e-01  6.12241071e-01
8.95499089e-01  4.48209862e-01  6.35754867e-01  9.58642227e-01  3.29293463e-01  6.57778123e-01
8.93392539e-01  4.49189960e-01  6.42271802e-01  9.57991069e-01  3.21249809e-01  6.63847144e-01
9.06692930e-01  4.85034475e-01  5.73836678e-01  9.66771692e-01  3.82450698e-01  5.93136982e-01
8.71274139e-01  5.26406335e-01  6.67247342e-01  9.53324637e-01  3.73556964e-01  6.81452892e-01
8.98071317e-01  4.51772520e-01  6.24707480e-01  9.60419832e-01  3.28812964e-01  6.46493304e-01
8.90249964e-01  5.08317278e-01  6.14555264e-01  9.60593297e-01  3.88394634e-01  6.31353057e-01
8.90943492e-01  3.83781946e-01  6.93350623e-01  9.49940689e-01  3.06696023e-01  7.19408935e-01
8.69889908e-01  5.46071996e-01  6.59477151e-01  9.52556803e-01  4.32206808e-01  6.73083780e-01
8.89896177e-01  5.19441081e-01  6.08534622e-01  9.61160217e-01  4.02747411e-01  6.24338754e-01
8.77541812e-01  5.12578248e-01  6.54941799e-01  9.54927473e-01  3.75209350e-01  6.70786498e-01
8.89695023e-01  4.60372193e-01  6.47567380e-01  9.56687294e-01  3.38022244e-01  6.68257977e-01
8.88304173e-01  5.27086119e-01  6.08977161e-01  9.61204027e-01  4.03589324e-01  6.23859623e-01
9.05163689e-01  4.52161821e-01  6.00371444e-01  9.63864036e-01  3.36582781e-01  6.22579874e-01
8.85522528e-01  4.84562769e-01  6.46030473e-01  9.56685186e-01  3.54029277e-01  6.64502765e-01
8.96263155e-01  4.69486210e-01  6.19347045e-01  9.60897906e-01  3.45167568e-01  6.39577352e-01
8.99538464e-01  4.85674509e-01  5.97715171e-01  9.63491748e-01  3.71376945e-01  6.16774993e-01
8.88938722e-01  4.44231670e-01  6.60614701e-01  9.55398571e-01  3.14232347e-01  6.82122401e-01
8.80430743e-01  5.24316462e-01  6.37510984e-01  9.57345128e-01  3.87380765e-01  6.52418894e-01
8.95629366e-01  4.21698924e-01  6.52524384e-01  9.56677007e-01  3.03883935e-01  6.76361545e-01
8.94534205e-01  4.94715890e-01  6.08837932e-01  9.61696508e-01  3.77000643e-01  6.26961935e-01
8.95955431e-01  4.76107640e-01  6.16093126e-01  9.61320811e-01  3.50126624e-01  6.35698135e-01
8.81544292e-01  4.62561322e-01  6.73823676e-01  9.53244429e-01  3.25088153e-01  6.93378818e-01
8.89082604e-01  5.28079250e-01  6.05689148e-01  9.61879062e-01  4.00249221e-01  6.20317730e-01
8.96913866e-01  4.74875018e-01  6.13638776e-01  9.61318037e-01  3.58909219e-01  6.33648137e-01
8.94246542e-01  5.34802754e-01  5.83789139e-01  9.65174878e-01  4.07786352e-01  5.97410603e-01
8.71701521e-01  5.26635906e-01  6.65646942e-01  9.53262797e-01  3.81246836e-01  6.80038887e-01
8.97416707e-01  4.99958697e-01  5.95646155e-01  9.63547908e-01  3.84692265e-01  6.13279927e-01
9.04550924e-01  4.42221013e-01  6.08906080e-01  9.62805129e-01  3.25705563e-01  6.31930487e-01
8.81325171e-01  5.12923057e-01  6.41870798e-01  9.56808820e-01  3.78913748e-01  6.57851175e-01
9.04687725e-01  4.86623758e-01  5.79613900e-01  9.66378288e-01  3.70725057e-01  5.98420148e-01
8.86893556e-01  5.55404401e-01  5.95382054e-01  9.63203575e-01  4.21013399e-01  6.06936290e-01
8.88577982e-01  4.82225019e-01  6.37172945e-01  9.58301864e-01  3.46899563e-01  6.55815298e-01
8.99049187e-01  4.34628883e-01  6.32517133e-01  9.59271874e-01  3.20204368e-01  6.55880798e-01
8.98546670e-01  5.04125798e-01  5.89103884e-01  9.64886522e-01  3.79212745e-01  6.05986911e-01
9.65363441e-01  4.14843235e-01  4.20483515e-01  9.88999106e-01  4.05214200e-01  4.45773898e-01
8.83430664e-01  4.70771197e-01  6.62087929e-01  9.54872657e-01  3.32335812e-01  6.81232226e-01
8.91842311e-01  4.76040901e-01  6.30103175e-01  9.58985522e-01  3.54171200e-01  6.49719660e-01
8.73346879e-01  5.05634496e-01  6.73694863e-01  9.52690845e-01  3.56253724e-01  6.89590678e-01
8.87555056e-01  4.34922212e-01  6.71357242e-01  9.53796709e-01  3.09904860e-01  6.93412405e-01
8.98184388e-01  4.99390185e-01  5.93408467e-01  9.63829303e-01  3.86123301e-01  6.11138714e-01
8.95440634e-01  4.37042823e-01  6.43203450e-01  9.57889111e-01  3.15176730e-01  6.65930755e-01
9.04125175e-01  4.43653679e-01  6.09421574e-01  9.62423483e-01  3.33712917e-01  6.32492322e-01
8.82061547e-01  5.22342248e-01  6.33254941e-01  9.57667739e-01  3.94843063e-01  6.48593383e-01
8.83773097e-01  4.67633326e-01  6.62962389e-01  9.54890247e-01  3.27355107e-01  6.82292107e-01
9.04009459e-01  4.73900216e-01  5.90177527e-01  9.64894270e-01  3.60335341e-01  6.10381747e-01
8.90452770e-01  4.63507364e-01  6.42958843e-01  9.57325304e-01  3.41003814e-01  6.63465089e-01
8.78632421e-01  5.37695721e-01  6.34931272e-01  9.57783447e-01  3.92469712e-01  6.48410251e-01
8.83684484e-01  4.71636034e-01  6.60664506e-01  9.54942025e-01  3.36325866e-01  6.79848011e-01
8.88422601e-01  5.34312635e-01  6.03883403e-01  9.62191558e-01  4.02559865e-01  6.17769999e-01
7.91168005e-01  5.53464801e-01  9.22005874e-01  9.14630956e-01  3.82556771e-01  9.27957254e-01
8.81366194e-01  5.16572460e-01  6.39362227e-01  9.57345032e-01  3.76933825e-01  6.54879155e-01
8.95413182e-01  4.60885229e-01  6.27817312e-01  9.59725900e-01  3.38064343e-01  6.48764612e-01
8.88853974e-01  5.46771292e-01  5.94330025e-01  9.63360066e-01  4.17029953e-01  6.06870746e-01
8.84981130e-01  5.28758426e-01  6.19175394e-01  9.59727055e-01  4.01283113e-01  6.33872878e-01
8.96223727e-01  4.56999975e-01  6.27587483e-01  9.60101923e-01  3.28049055e-01  6.48711576e-01
8.90583974e-01  5.27017916e-01  6.01280070e-01  9.62574348e-01  3.99758195e-01  6.15975199e-01
7.89398062e-01  4.58690914e-01  9.89555193e-01  9.06299038e-01  3.25661891e-01  9.94779457e-01
8.74833876e-01  4.91812368e-01  6.77619307e-01  9.52169401e-01  3.48774531e-01  6.94695103e-01
8.85786434e-01  5.14981630e-01  6.25385292e-01  9.59276914e-01  3.82265057e-01  6.41236802e-01
8.97028577e-01  4.75653844e-01  6.12743665e-01  9.61644748e-01  3.54690575e-01  6.32546527e-01
8.83301717e-01  5.27704275e-01  6.25562580e-01  9.59033871e-01  3.93277475e-01  6.40202403e-01
9.12016243e-01  4.53316279e-01  5.76353099e-01  9.67119204e-01  3.48827178e-01  5.98825094e-01
9.04555836e-01  4.74452039e-01  5.87963936e-01  9.65057371e-01  3.65042490e-01  6.08227695e-01
8.94636350e-01  4.35937462e-01  6.46652136e-01  9.57217817e-01  3.18297937e-01  6.69500213e-01
8.95037884e-01  4.56147521e-01  6.32167656e-01  9.59427860e-01  3.26945115e-01  6.53293565e-01
8.87659534e-01  4.80556693e-01  6.41374710e-01  9.57220035e-01  3.56785654e-01  6.60424362e-01
8.97810223e-01  4.47420785e-01  6.28419419e-01  9.60152514e-01  3.19520770e-01  6.50395105e-01
8.94946702e-01  4.77267224e-01  6.18765509e-01  9.60576173e-01  3.58697857e-01  6.38454704e-01
8.92927223e-01  5.39221036e-01  5.85400587e-01  9.64863512e-01  4.11318421e-01  5.98575469e-01
8.77623027e-01  5.20686426e-01  6.49401856e-01  9.55573714e-01  3.83858006e-01  6.64606556e-01
9.00953657e-01  4.96775245e-01  5.85702826e-01  9.65502813e-01  3.73681400e-01  6.03337597e-01
9.01298283e-01  4.46954419e-01  6.16877803e-01  9.61383197e-01  3.32562628e-01  6.39433418e-01
8.81924415e-01  5.32786293e-01  6.26939975e-01  9.58569253e-01  4.01647221e-01  6.41210929e-01
8.88545122e-01  5.17519266e-01  6.14370088e-01  9.60481653e-01  3.96073038e-01  6.30261097e-01
8.94756466e-01  4.66117103e-01  6.26650654e-01  9.60093025e-01  3.35785848e-01  6.46947070e-01
8.83790238e-01  5.34395016e-01  6.19559835e-01  9.59748063e-01  4.01903082e-01  6.33592208e-01
8.77553925e-01  8.25904248e-01  4.51777153e-01  9.76805183e-01  8.52482404e-01  4.18656001e-01
8.82100800e-01  5.19327552e-01  6.35079037e-01  9.57968713e-01  3.79212121e-01  6.50343723e-01
8.86200600e-01  4.44980745e-01  6.69426150e-01  9.53866587e-01  3.19307398e-01  6.90750586e-01
8.90935679e-01  4.31465618e-01  6.62121765e-01  9.55042793e-01  3.12253152e-01  6.84869633e-01
8.91102392e-01  4.99604479e-01  6.17317492e-01  9.60893424e-01  3.66581229e-01  6.34564429e-01
8.79546465e-01  4.74005373e-01  6.73177674e-01  9.52865173e-01  3.41331202e-01  6.91986294e-01
9.04513659e-01  4.72613199e-01  5.89301057e-01  9.65236048e-01  3.54751243e-01  6.09505006e-01
8.73219523e-01  5.29620136e-01  6.58554818e-01  9.54444443e-01  3.80492706e-01  6.72639747e-01
8.75722498e-01  5.19682618e-01  6.56507133e-01  9.54330948e-01  3.86871075e-01  6.71865738e-01
9.07101730e-01  7.05669637e-01  4.29504329e-01  9.81287639e-01  7.52274721e-01  4.13507762e-01
8.85858132e-01  4.63558414e-01  6.58527832e-01  9.55615855e-01  3.24522133e-01  6.78306520e-01
8.93667239e-01  4.88006958e-01  6.16137555e-01  9.60898750e-01  3.65640976e-01  6.34751652e-01
8.94726450e-01  5.03411308e-01  6.02539888e-01  9.62964418e-01  3.74220651e-01  6.19486676e-01
8.84240248e-01  4.81400944e-01  6.52437540e-01  9.56008997e-01  3.45117448e-01  6.70936693e-01
9.10135739e-01  4.69094769e-01  5.72494754e-01  9.67513012e-01  3.61697736e-01  5.93269769e-01
9.06470961e-01  4.29656200e-01  6.10543713e-01  9.62455256e-01  3.22436573e-01  6.34943515e-01
8.89119528e-01  4.84696975e-01  6.33729067e-01  9.58481934e-01  3.56574077e-01  6.52382915e-01
8.99930980e-01  4.44381284e-01  6.23191370e-01  9.60913533e-01  3.19207438e-01  6.45589248e-01
8.99427293e-01  4.85305178e-01  5.98332551e-01  9.63862000e-01  3.59863811e-01  6.17111617e-01
8.97374738e-01  4.58872193e-01  6.22463387e-01  9.60280628e-01  3.43764423e-01  6.43865681e-01
8.86387319e-01  4.73013821e-01  6.50591900e-01  9.56087532e-01  3.46636483e-01  6.70075482e-01
8.93640571e-01  5.35038495e-01  5.85693687e-01  9.64589876e-01  4.14724988e-01  5.99527964e-01
8.96217187e-01  4.41125110e-01  6.37916096e-01  9.58364798e-01  3.24986668e-01  6.60570990e-01
8.79492493e-01  5.11044336e-01  6.49313682e-01  9.55505925e-01  3.81731915e-01  6.65541791e-01
8.73775141e-01  5.28155892e-01  6.57618668e-01  9.54330879e-01  3.86218328e-01  6.72019861e-01
9.03045837e-01  4.53519495e-01  6.06681460e-01  9.62820388e-01  3.38833793e-01  6.28741716e-01
8.93059880e-01  5.00099951e-01  6.10348719e-01  9.61380146e-01  3.81452490e-01  6.27942280e-01
8.97938843e-01  4.72587430e-01  6.11643545e-01  9.61913009e-01  3.50917722e-01  6.31714734e-01
9.05004268e-01  4.91277166e-01  5.75517875e-01  9.66739186e-01  3.79931221e-01  5.93938593e-01
8.78352996e-01  4.98601005e-01  6.61261809e-01  9.54076768e-01  3.66332404e-01  6.78331212e-01
8.90532789e-01  5.31931054e-01  5.98264113e-01  9.62978141e-01  4.03901410e-01  6.12410621e-01
8.93549708e-01  5.39080074e-01  5.83378261e-01  9.64627583e-01  4.24760854e-01  5.96923345e-01
8.78016277e-01  4.91750166e-01  6.66853125e-01  9.53616672e-01  3.53739315e-01  6.84246290e-01
8.83013302e-01  4.93917899e-01  6.48477288e-01  9.56075512e-01  3.63681704e-01  6.66139389e-01
8.75692374e-01  5.29007096e-01  6.50555748e-01  9.55589003e-01  3.82660944e-01  6.64790358e-01
8.93145923e-01  5.39611286e-01  5.84404460e-01  9.64322935e-01  4.28441781e-01  5.98010087e-01
8.84648347e-01  4.94305293e-01  6.42673683e-01  9.56948752e-01  3.64410882e-01  6.60368520e-01
9.00248687e-01  4.78023496e-01  6.00270890e-01  9.63704727e-01  3.52896052e-01  6.19760541e-01
8.94987109e-01  4.93801341e-01  6.07893756e-01  9.61742579e-01  3.79041780e-01  6.26185960e-01
9.09629308e-01  4.57814164e-01  5.81538077e-01  9.66228223e-01  3.52977784e-01  6.03560785e-01
8.94640021e-01  4.48090838e-01  6.38749383e-01  9.58664003e-01  3.17502859e-01  6.60414495e-01
8.90860873e-01  5.19588788e-01  6.05163041e-01  9.62061521e-01  3.93800402e-01  6.20666131e-01
9.03352003e-01  4.92408626e-01  5.80393766e-01  9.65920902e-01  3.81678674e-01  5.98773955e-01
8.86384706e-01  4.70441979e-01  6.52270550e-01  9.56015823e-01  3.41018635e-01  6.71857962e-01
8.85195415e-01  5.06621449e-01  6.32819847e-01  9.57973751e-01  3.82055330e-01  6.49642011e-01
8.92005231e-01  4.61037779e-01  6.39290616e-01  9.58233613e-01  3.31502890e-01  6.59877950e-01
8.78619980e-01  5.01559614e-01  6.58434379e-01  9.54501192e-01  3.67829460e-01  6.75257339e-01
8.90011476e-01  5.05907125e-01  6.16929835e-01  9.60240717e-01  3.86833888e-01  6.33981249e-01
9.01010876e-01  4.94462612e-01  5.87009882e-01  9.64952309e-01  3.80906630e-01  6.05166284e-01
8.88308553e-01  4.78473289e-01  6.40523583e-01  9.57791581e-01  3.45124601e-01  6.59505120e-01
8.78128482e-01  5.45631392e-01  6.31490330e-01  9.58078685e-01  4.02010508e-01  6.44270894e-01
8.94777523e-01  4.95970892e-01  6.07197021e-01  9.62362398e-01  3.67625694e-01  6.24899521e-01
8.87388402e-01  4.83488538e-01  6.40392080e-01  9.57888545e-01  3.45401436e-01  6.58818210e-01
8.79751318e-01  4.94276621e-01  6.59321152e-01  9.54660580e-01  3.57560532e-01  6.76653091e-01
8.76771904e-01  5.07725417e-01  6.60706779e-01  9.53971505e-01  3.74776722e-01  6.77018005e-01
8.86142253e-01  4.45874449e-01  6.69044128e-01  9.54159854e-01  3.13877628e-01  6.90148558e-01
8.84973256e-01  4.96643188e-01  6.40052579e-01  9.57431729e-01  3.63523464e-01  6.57480619e-01
9.01625480e-01  4.88168990e-01  5.89008983e-01  9.65063725e-01  3.67531966e-01  6.07600828e-01
9.10596030e-01  4.41219859e-01  5.89028957e-01  9.65390576e-01  3.37090080e-01  6.12672346e-01
8.66590188e-01  5.28825870e-01  6.81581882e-01  9.51226907e-01  3.71616382e-01  6.95360411e-01
9.03112141e-01  4.85061974e-01  5.85977961e-01  9.65430576e-01  3.68672312e-01  6.04980121e-01
8.86754136e-01  4.72007301e-01  6.49999815e-01  9.56336846e-01  3.42335255e-01  6.69489577e-01
8.88188695e-01  5.61154124e-01  5.87251299e-01  9.64276528e-01  4.29373522e-01  5.98088272e-01
8.76103484e-01  4.91313306e-01  6.73632011e-01  9.52508958e-01  3.55238080e-01  6.90996070e-01
8.83483593e-01  5.21798621e-01  6.28779070e-01  9.58324966e-01  3.95619460e-01  6.44196476e-01
8.88111732e-01  4.68763358e-01  6.47495916e-01  9.56701169e-01  3.41461776e-01  6.67359201e-01
8.83287865e-01  4.87944438e-01  6.51423170e-01  9.55771295e-01  3.57496696e-01  6.69546234e-01
8.85679159e-01  4.51054259e-01  6.67253746e-01  9.54445417e-01  3.15587399e-01  6.87914972e-01
9.03229707e-01  4.90218196e-01  5.82231191e-01  9.65981768e-01  3.72114123e-01  6.00635567e-01
8.83984810e-01  4.52430997e-01  6.72113340e-01  9.53430974e-01  3.22918816e-01  6.92693449e-01
9.01967301e-01  4.59353242e-01  6.06556330e-01  9.62737911e-01  3.43983144e-01  6.28058186e-01
8.71124226e-01  5.14328805e-01  6.75597578e-01  9.52041824e-01  3.68484512e-01  6.90872549e-01
9.08610281e-01  4.70115980e-01  5.77011724e-01  9.67229544e-01  3.51890276e-01  5.97396424e-01
8.03238269e-01  4.03109456e-01  9.78643098e-01  9.10820507e-01  2.45598176e-01  9.84637814e-01
8.89226182e-01  4.77384773e-01  6.38114268e-01  9.58008430e-01  3.48433176e-01  6.57335716e-01
8.96882704e-01  5.06410269e-01  5.93270872e-01  9.63783576e-01  3.91143662e-01  6.10249916e-01
8.83325469e-01  5.19510491e-01  6.30801661e-01  9.58517153e-01  3.82198986e-01  6.46123915e-01
8.82641004e-01  4.65624085e-01  6.68111021e-01  9.53815485e-01  3.33643422e-01  6.87702936e-01
8.97705819e-01  4.43207839e-01  6.31509083e-01  9.59565485e-01  3.20472211e-01  6.53935106e-01
8.81596284e-01  4.69519563e-01  6.69129583e-01  9.53949052e-01  3.28100419e-01  6.88151561e-01
8.98224673e-01  4.74604809e-01  6.09363227e-01  9.62265063e-01  3.51891146e-01  6.29228192e-01
9.06893731e-01  4.61099527e-01  5.88694174e-01  9.65285625e-01  3.50339134e-01  6.10225913e-01
8.90593898e-01  4.61263169e-01  6.43936763e-01  9.57701207e-01  3.27189220e-01  6.64307341e-01
8.84953907e-01  5.15973395e-01  6.27568303e-01  9.58582391e-01  3.91334461e-01  6.43554741e-01
8.86324020e-01  4.84894255e-01  6.43093658e-01  9.57169884e-01  3.53386564e-01  6.61546211e-01
8.79801969e-01  7.65705925e-01  4.83226048e-01  9.75317293e-01  7.08953412e-01  4.61988201e-01
8.83165409e-01  4.56062613e-01  6.72538100e-01  9.53662697e-01  3.17063304e-01  6.92586278e-01
8.91825702e-01  4.53517797e-01  6.44782386e-01  9.57170220e-01  3.33762224e-01  6.66164459e-01
8.76514050e-01  4.95766790e-01  6.69346461e-01  9.53079337e-01  3.59155308e-01  6.86416522e-01
8.67747984e-01  5.25971470e-01  6.79503509e-01  9.51527916e-01  3.70967865e-01  6.93583035e-01
8.94860504e-01  5.24692207e-01  5.88268416e-01  9.64606193e-01  3.99292426e-01  6.03056794e-01
9.11812362e-01  4.55116537e-01  5.75876626e-01  9.67179060e-01  3.50061269e-01  5.98150746e-01
8.83965825e-01  4.90242435e-01  6.47629082e-01  9.56302478e-01  3.59772342e-01  6.65604521e-01
9.13515019e-01  4.44359593e-01  5.77078716e-01  9.66979379e-01  3.45111438e-01  6.00596484e-01
8.84675099e-01  4.70347547e-01  6.58137115e-01  9.54989814e-01  3.44109855e-01  6.77708905e-01
8.82943746e-01  4.86793118e-01  6.53339276e-01  9.55873537e-01  3.47288473e-01  6.71294104e-01
9.26979500e-01  3.52677876e-01  5.91178147e-01  9.65555890e-01  2.86285739e-01  6.24089995e-01
8.84518832e-01  5.34965824e-01  6.16715218e-01  9.60303073e-01  3.99555059e-01  6.30586331e-01
8.89361347e-01  4.44351560e-01  6.59101809e-01  9.55791385e-01  3.10284705e-01  6.80533126e-01
8.77877718e-01  5.12272128e-01  6.53999867e-01  9.54919844e-01  3.78836933e-01  6.69981324e-01
9.02384710e-01  4.49940364e-01  6.11250199e-01  9.62590914e-01  3.25607280e-01  6.33327162e-01
8.72942101e-01  5.25827493e-01  6.61959144e-01  9.53809890e-01  3.81508551e-01  6.76469316e-01
8.87468128e-01  4.58529887e-01  6.56325337e-01  9.55487122e-01  3.33873601e-01  6.76930229e-01
8.92468965e-01  5.02690326e-01  6.10673590e-01  9.61651510e-01  3.74816621e-01  6.27764665e-01
9.11488498e-01  4.53260366e-01  5.78181444e-01  9.66950539e-01  3.45966708e-01  6.00580031e-01
8.93640313e-01  5.26728821e-01  5.91089507e-01  9.64107600e-01  4.01537654e-01  6.05725121e-01
8.90226152e-01  5.54242733e-01  5.84819907e-01  9.64720205e-01  4.24576073e-01  5.96372958e-01
8.78786341e-01  5.04970581e-01  6.55654912e-01  9.54792910e-01  3.72611632e-01  6.72260924e-01
8.79547780e-01  4.80435065e-01  6.68998867e-01  9.53646708e-01  3.40374588e-01  6.87200327e-01
8.84451726e-01  5.22735582e-01  6.24883416e-01  9.59363815e-01  3.85571782e-01  6.39901055e-01
8.93878186e-01  5.00883342e-01  6.07061435e-01  9.61879873e-01  3.82168769e-01  6.24569416e-01
8.89554048e-01  5.08605615e-01  6.16731284e-01  9.60781124e-01  3.75668853e-01  6.33144889e-01
7.69893106e-01  7.03323653e-01  8.96953442e-01  9.16800278e-01  4.53115995e-01  8.97433985e-01
8.95307493e-01  4.54949686e-01  6.32029713e-01  9.59019750e-01  3.36916043e-01  6.53562777e-01
8.99158474e-01  4.39980066e-01  6.28671857e-01  9.59751265e-01  3.25154012e-01  6.51641603e-01
9.04934035e-01  4.40730416e-01  6.08572912e-01  9.62878325e-01  3.24499022e-01  6.31745226e-01
9.03898844e-01  4.89847641e-01  5.80199587e-01  9.66124052e-01  3.76237022e-01  5.98752556e-01
8.77604281e-01  4.81608411e-01  6.74836640e-01  9.52749538e-01  3.40951759e-01  6.92817084e-01
8.95984420e-01  4.79916820e-01  6.13521551e-01  9.61265497e-01  3.62927557e-01  6.33038940e-01
8.87100137e-01  4.62992815e-01  6.54677529e-01  9.56048217e-01  3.28119113e-01  6.74687340e-01
8.83187770e-01  5.81221779e-01  5.91501737e-01  9.63555590e-01  4.42438626e-01  6.00151019e-01
8.84746540e-01  4.63610544e-01  6.62268594e-01  9.54979262e-01  3.26145563e-01  6.82006123e-01
8.85253430e-01  4.74064728e-01  6.53760088e-01  9.56092283e-01  3.35052637e-01  6.72772343e-01
8.95514316e-01  4.30797755e-01  6.47007799e-01  9.57500972e-01  3.07915517e-01  6.70129087e-01
9.04379666e-01  4.43328119e-01  6.08768789e-01  9.62582601e-01  3.32140850e-01  6.31842190e-01
8.80897784e-01  4.94736639e-01  6.55129462e-01  9.55364629e-01  3.56316340e-01  6.72431673e-01
9.04532466e-01  4.59775307e-01  5.97571987e-01  9.64367285e-01  3.38455257e-01  6.18912208e-01
8.80013757e-01  5.02221993e-01  6.53271614e-01  9.55694175e-01  3.58401105e-01  6.69827785e-01
8.76162108e-01  5.08241719e-01  6.62442431e-01  9.54293157e-01  3.60538692e-01  6.78307811e-01
8.71683779e-01  5.08256568e-01  6.77639784e-01  9.51619610e-01  3.68714974e-01  6.93525524e-01
8.92866802e-01  4.49740945e-01  6.43699370e-01  9.57957499e-01  3.16961451e-01  6.65072048e-01
8.89745232e-01  4.98229889e-01  6.22818262e-01  9.59591253e-01  3.76802062e-01  6.40507487e-01
8.90908880e-01  4.85787129e-01  6.26945207e-01  9.59313392e-01  3.62387989e-01  6.45682797e-01
7.54176511e-01  8.00359214e-01  8.87322935e-01  9.17212276e-01  5.02376389e-01  8.83193864e-01
8.91352929e-01  4.56262076e-01  6.44606110e-01  9.57239454e-01  3.33878027e-01  6.65693263e-01
8.98507896e-01  4.85419570e-01  6.01380237e-01  9.63429728e-01  3.58843614e-01  6.20123518e-01
8.83072424e-01  4.72949286e-01  6.61890238e-01  9.54645379e-01  3.39536593e-01  6.80994157e-01
8.95104063e-01  4.87763024e-01  6.11416977e-01  9.61665130e-01  3.64762713e-01  6.30044437e-01
8.93430382e-01  4.72197721e-01  6.27205781e-01  9.59646301e-01  3.47274088e-01  6.47106638e-01
8.97335679e-01  5.14075346e-01  5.86756296e-01  9.64476548e-01  4.03005717e-01  6.03013812e-01
8.84864241e-01  5.58428018e-01  6.00309855e-01  9.62327985e-01  4.24680411e-01  6.11687160e-01
8.68573710e-01  5.22479942e-01  6.78966443e-01  9.51725750e-01  3.66750395e-01  6.93307494e-01
8.81959201e-01  5.44116939e-01  6.19465662e-01  9.59797362e-01  4.05569346e-01  6.32412915e-01
8.83262899e-01  5.16816960e-01  6.32762812e-01  9.58052413e-01  3.84871401e-01  6.48474611e-01
8.86237655e-01  4.98990576e-01  6.34235139e-01  9.58505684e-01  3.60338394e-01  6.51344348e-01
8.93411603e-01  5.09937975e-01  6.02767211e-01  9.62306790e-01  3.92421211e-01  6.19418202e-01
8.78731111e-01  4.97875309e-01  6.60448997e-01  9.54226772e-01  3.65423682e-01  6.77583340e-01
8.93689362e-01  4.43235589e-01  6.45129719e-01  9.57791983e-01  3.12946605e-01  6.67078601e-01
8.75918566e-01  4.96115331e-01  6.71142306e-01  9.52940526e-01  3.55935056e-01  6.88064756e-01
8.92438845e-01  4.42169662e-01  6.50068024e-01  9.56735534e-01  3.19946653e-01  6.72204421e-01
9.03053633e-01  4.50675635e-01  6.08501398e-01  9.62956182e-01  3.27383028e-01  6.30566993e-01
9.00819697e-01  4.79761008e-01  5.97203793e-01  9.63681208e-01  3.65918159e-01  6.16845410e-01
8.77744897e-01  5.22645414e-01  6.47716263e-01  9.56121050e-01  3.77718943e-01  6.62542440e-01
8.87175115e-01  4.89029952e-01  6.37518490e-01  9.57656975e-01  3.64301254e-01  6.55853226e-01
8.86185593e-01  5.22716435e-01  6.19008210e-01  9.60260107e-01  3.86159044e-01  6.34015801e-01
8.90057899e-01  4.97966483e-01  6.21927551e-01  9.59684932e-01  3.77778739e-01  6.39676874e-01
8.80340495e-01  4.92722843e-01  6.58329220e-01  9.54696294e-01  3.59784276e-01  6.75900528e-01
9.08336585e-01  4.58780226e-01  5.85300531e-01  9.65846415e-01  3.48463360e-01  6.07071794e-01
8.96365260e-01  4.99817852e-01  5.99307931e-01  9.62956038e-01  3.85038748e-01  6.16993388e-01
8.80411990e-01  5.27634403e-01  6.35420542e-01  9.57630299e-01  3.89855728e-01  6.50007673e-01
9.00780042e-01  4.66778461e-01  6.05767170e-01  9.62795856e-01  3.48964838e-01  6.26513746e-01
8.93858691e-01  5.00847446e-01  6.07150981e-01  9.62054216e-01  3.77571909e-01  6.24533825e-01
9.03704608e-01  4.91333795e-01  5.79894343e-01  9.66419450e-01  3.70982802e-01  5.98095539e-01
9.10030294e-01  4.62536212e-01  5.77110848e-01  9.67121327e-01  3.50413670e-01  5.98437956e-01
8.70304699e-01  5.26411565e-01  6.70535790e-01  9.52510139e-01  3.81054112e-01  6.84910293e-01
9.00966102e-01  4.53176285e-01  6.13966406e-01  9.62020894e-01  3.30740018e-01  6.35773648e-01
8.95967354e-01  4.38697288e-01  6.40340711e-01  9.58174040e-01  3.19576915e-01  6.63067809e-01
8.88623797e-01  5.22305135e-01  6.10995765e-01  9.60814085e-01  4.03102183e-01  6.26474607e-01
8.81288676e-01  4.93503162e-01  6.54602832e-01  9.55098359e-01  3.64311667e-01  6.72256554e-01
9.06885660e-01  4.52938243e-01  5.94020181e-01  9.64852040e-01  3.36878928e-01  6.16175121e-01
8.74026282e-01  5.11975644e-01  6.67270669e-01  9.52888096e-01  3.78261594e-01  6.83144322e-01
9.08416413e-01  4.36391951e-01  5.99564569e-01  9.63904927e-01  3.31339317e-01  6.23552215e-01
9.02430738e-01  4.69146395e-01  5.98624595e-01  9.63561832e-01  3.58438644e-01  6.19371825e-01
9.02238505e-01  4.86639681e-01  5.87920164e-01  9.64864838e-01  3.75760365e-01  6.06938786e-01
9.02076940e-01  4.89539893e-01  5.86585853e-01  9.64909758e-01  3.81158994e-01  6.05379700e-01
8.84973103e-01  5.27526186e-01  6.20002710e-01  9.59810514e-01  3.95520290e-01  6.34694549e-01
8.49836928e-01  7.93699035e-01  5.66801515e-01  9.58922984e-01  7.68922780e-01  5.52987548e-01
8.98061949e-01  4.67684885e-01  6.14408467e-01  9.61801251e-01  3.40971711e-01  6.34773023e-01
7.85506020e-01  6.95125354e-01  8.49255082e-01  9.22807851e-01  4.87925468e-01  8.50716743e-01
9.36779709e-01  3.74363427e-01  5.43821673e-01  9.72257787e-01  3.09819955e-01  5.75576935e-01
8.80443526e-01  4.80059601e-01  6.66200816e-01  9.53640064e-01  3.50896765e-01  6.84765558e-01
8.91057242e-01  5.35851238e-01  5.93938152e-01  9.63603032e-01  4.07287909e-01  6.07606533e-01
9.03975775e-01  4.49926009e-01  6.05856748e-01  9.63108045e-01  3.33293562e-01  6.28201674e-01
8.98350192e-01  5.02368979e-01  5.90911507e-01  9.64044398e-01  3.91872152e-01  6.08406026e-01
8.93861995e-01  4.87790493e-01  6.15616796e-01  9.61093239e-01  3.62778718e-01  6.34178493e-01
8.96454141e-01  5.23738744e-01  5.83475939e-01  9.64978723e-01  4.08216003e-01  5.98567181e-01
8.77142043e-01  4.86244761e-01  6.73396204e-01  9.53052097e-01  3.40767942e-01  6.90920352e-01
8.94569303e-01  5.19164810e-01  5.92845804e-01  9.64079286e-01  3.91785677e-01  6.08202679e-01
9.03626251e-01  4.47588550e-01  6.08561206e-01  9.62928074e-01  3.26439731e-01  6.30969313e-01
8.97548450e-01  4.74803483e-01  6.11530432e-01  9.61819724e-01  3.54628364e-01  6.31439231e-01
8.78870937e-01  4.80857925e-01  6.71022657e-01  9.53221662e-01  3.43379144e-01  6.89218319e-01
8.76138631e-01  5.30877806e-01  6.47825790e-01  9.55716737e-01  3.90740430e-01  6.62069079e-01
8.84099075e-01  4.89705583e-01  6.47525210e-01  9.56545981e-01  3.53977865e-01  6.65407444e-01
8.96290896e-01  4.90591363e-01  6.05550688e-01  9.62664586e-01  3.64025054e-01  6.23809648e-01
8.81463781e-01  5.17024031e-01  6.38737538e-01  9.56912258e-01  3.90078414e-01  6.54559305e-01
8.90355215e-01  4.50158888e-01  6.51956509e-01  9.56448838e-01  3.23206593e-01  6.73275184e-01
8.87988359e-01  5.00640227e-01  6.27219157e-01  9.58955406e-01  3.76694125e-01  6.44609930e-01
7.66847771e-01  6.03519260e-01  9.72099506e-01  9.08740300e-01  3.46415455e-01  9.74238936e-01
8.47602228e-01  8.08825895e-01  5.64569636e-01  9.63599645e-01  6.75183318e-01  5.45071166e-01
8.93073958e-01  4.59693352e-01  6.36534323e-01  9.58317824e-01  3.39212873e-01  6.57522740e-01
9.00823877e-01  5.01992331e-01  5.82756288e-01  9.65210307e-01  3.94589637e-01  6.00290480e-01
8.83375274e-01  5.12901461e-01  6.34923290e-01  9.57731170e-01  3.82763190e-01  6.51030773e-01
8.94734397e-01  5.15268863e-01  5.94814468e-01  9.63330253e-01  4.00521357e-01  6.10948703e-01
8.87725385e-01  4.73765296e-01  6.45560462e-01  9.57192995e-01  3.38802538e-01  6.64831717e-01
8.89977475e-01  4.63492573e-01  6.44582385e-01  9.57040022e-01  3.41887416e-01  6.65086269e-01
8.86531604e-01  4.70072500e-01  6.52011572e-01  9.55930327e-01  3.43931847e-01  6.71720262e-01
8.88277267e-01  4.81374856e-01  6.38746031e-01  9.58065531e-01  3.46374510e-01  6.57454279e-01
8.85198311e-01  4.63991870e-01  6.60486960e-01  9.55290990e-01  3.25325895e-01  6.80200311e-01
8.76717042e-01  5.33414635e-01  6.44214766e-01  9.56543025e-01  3.85409902e-01  6.58025975e-01
9.00694743e-01  4.76396854e-01  5.99812186e-01  9.63249157e-01  3.64941762e-01  6.19845582e-01
9.26353501e-01  3.43726134e-01  5.99115959e-01  9.66446691e-01  2.31402010e-01  6.31300104e-01
8.83009912e-01  4.71685553e-01  6.62922941e-01  9.54401583e-01  3.41131075e-01  6.82181967e-01
7.90783027e-01  4.64269238e-01  9.81230702e-01  9.10280493e-01  2.56214789e-01  9.85600798e-01
8.81628469e-01  5.10431854e-01  6.42458203e-01  9.56481582e-01  3.83602606e-01  6.58845465e-01
8.88152703e-01  4.98220594e-01  6.28232113e-01  9.59253935e-01  3.64491109e-01  6.45568866e-01
9.03988085e-01  4.54799865e-01  6.02650717e-01  9.63656258e-01  3.34266878e-01  6.24457398e-01
8.90793321e-01  4.69607068e-01  6.37842332e-01  9.58147476e-01  3.42714395e-01  6.57790600e-01
8.89779213e-01  4.99602122e-01  6.21812065e-01  9.60097845e-01  3.68891851e-01  6.39121633e-01
8.90577664e-01  5.32843201e-01  5.97519483e-01  9.62825612e-01  4.10904977e-01  6.11739701e-01
8.91653814e-01  4.59771833e-01  6.41305773e-01  9.57804563e-01  3.33898905e-01  6.62064884e-01
8.84699660e-01  4.88976070e-01  6.45959455e-01  9.56849407e-01  3.52153038e-01  6.63891523e-01
8.84096771e-01  5.22023957e-01  6.26550629e-01  9.58682372e-01  3.95500803e-01  6.41932734e-01
8.78428615e-01  4.86771269e-01  6.68685535e-01  9.53710903e-01  3.42519355e-01  6.86283736e-01
8.77820887e-01  5.05191125e-01  6.58790201e-01  9.54625079e-01  3.64956792e-01  6.75139328e-01
8.88325894e-01  4.31795923e-01  6.70769413e-01  9.53915318e-01  3.07955758e-01  6.93110783e-01
8.87346848e-01  5.22712437e-01  6.15067546e-01  9.60753801e-01  3.89196136e-01  6.30135200e-01
9.00348840e-01  4.69563942e-01  6.05422972e-01  9.62866061e-01  3.49843093e-01  6.25856819e-01
9.06511046e-01  4.83944926e-01  5.75161739e-01  9.67021751e-01  3.70803465e-01  5.94275846e-01
8.84929572e-01  4.47948805e-01  6.71815234e-01  9.53570193e-01  3.18853374e-01  6.92757956e-01
8.79702947e-01  5.09536229e-01  6.49578178e-01  9.55546732e-01  3.79088692e-01  6.65902460e-01
8.88876060e-01  4.64258471e-01  6.47825221e-01  9.56648922e-01  3.39618845e-01  6.68128114e-01
8.91304781e-01  4.54225311e-01  6.46092043e-01  9.57390073e-01  3.23773830e-01  6.67106455e-01
8.91746946e-01  5.26699983e-01  5.97537483e-01  9.63367459e-01  3.94712717e-01  6.12077728e-01
8.88761874e-01  5.03487861e-01  6.22743753e-01  9.59497325e-01  3.81746325e-01  6.39945668e-01
8.99496293e-01  4.74418440e-01  6.05166234e-01  9.62858736e-01  3.53238714e-01  6.25104318e-01
8.86456845e-01  5.26018843e-01  6.15943080e-01  9.60622111e-01  3.90588462e-01  6.30651776e-01
8.76734806e-01  5.03632926e-01  6.63489933e-01  9.54201282e-01  3.56932735e-01  6.79745908e-01
8.90570636e-01  5.09547907e-01  6.12667530e-01  9.61380520e-01  3.76997006e-01  6.28988882e-01
8.95566122e-01  4.78952723e-01  6.15567946e-01  9.61284855e-01  3.54277475e-01  6.34951403e-01
8.82216039e-01  4.80445086e-01  6.59931601e-01  9.54495657e-01  3.53619826e-01  6.78638386e-01
8.72774493e-01  5.14141861e-01  6.70115044e-01  9.52629474e-01  3.74726771e-01  6.85634851e-01
9.01831788e-01  4.43958285e-01  6.17011389e-01  9.61405232e-01  3.30191341e-01  6.39850429e-01
8.74658948e-01  5.20638043e-01  6.59498353e-01  9.53951431e-01  3.85217827e-01  6.74688438e-01
8.85776973e-01  4.93815187e-01  6.39159502e-01  9.57787129e-01  3.56991441e-01  6.56739714e-01
8.75603184e-01  4.91182270e-01  6.75415942e-01  9.52179907e-01  3.56557394e-01  6.92795317e-01
8.81095880e-01  5.25823276e-01  6.34274066e-01  9.57625107e-01  3.93548984e-01  6.49171417e-01
8.89800576e-01  5.08804368e-01  6.15765115e-01  9.60900849e-01  3.76525092e-01  6.32175620e-01
8.93363318e-01  4.54239238e-01  6.39092777e-01  9.58103691e-01  3.32530371e-01  6.60469097e-01
8.95511727e-01  4.57488862e-01  6.29687668e-01  9.59284272e-01  3.40341897e-01  6.51060087e-01
8.97175383e-01  4.66353973e-01  6.18282955e-01  9.60985650e-01  3.45636866e-01  6.38904254e-01
8.07598032e-01  6.43451493e-01  8.07783091e-01  9.29401554e-01  4.70564591e-01  8.12524820e-01
8.83964530e-01  5.29145828e-01  6.22375969e-01  9.59458005e-01  3.95777197e-01  6.36894336e-01
8.74673817e-01  4.93665856e-01  6.76959451e-01  9.52209931e-01  3.50993613e-01  6.93912757e-01
8.88275323e-01  4.42203426e-01  6.64184159e-01  9.54689591e-01  3.17521392e-01  6.85893989e-01
8.87862115e-01  5.60492897e-01  5.88789522e-01  9.63979226e-01  4.30274430e-01  5.99782443e-01
8.81582136e-01  5.01785544e-01  6.48229164e-01  9.56187553e-01  3.65217891e-01  6.65059304e-01
8.84584759e-01  4.89831850e-01  6.45793880e-01  9.56354086e-01  3.65260345e-01  6.63981505e-01
8.93040478e-01  4.74012756e-01  6.27351398e-01  9.59660634e-01  3.47174999e-01  6.47038061e-01
8.72645300e-01  5.16191081e-01  6.69223296e-01  9.52693190e-01  3.77372130e-01  6.84603475e-01
8.95995540e-01  4.65385587e-01  6.22918037e-01  9.60414820e-01  3.41664458e-01  6.43499661e-01
9.10466361e-01  4.48689471e-01  5.84619838e-01  9.66249903e-01  3.36411016e-01  6.07322270e-01
8.80614920e-01  4.77693629e-01  6.67154915e-01  9.53587737e-01  3.47646843e-01  6.85866252e-01
9.09290063e-01  4.71839921e-01  5.73584196e-01  9.67669995e-01  3.55116692e-01  5.93812648e-01
8.94324370e-01  5.25867579e-01  5.89325784e-01  9.64131491e-01  4.07311232e-01  6.04212598e-01
8.86490613e-01  4.94777638e-01  6.36111316e-01  9.58094733e-01  3.61425899e-01  6.53723310e-01
8.89499852e-01  4.65276824e-01  6.45045961e-01  9.57388581e-01  3.32368726e-01  6.65092420e-01
8.89780623e-01  5.38410210e-01  5.96611643e-01  9.62724859e-01  4.19546284e-01  6.10351208e-01
8.95080246e-01  4.65406808e-01  6.26012279e-01  9.59901489e-01  3.42550848e-01  6.46582426e-01
8.87300801e-01  4.67439556e-01  6.51109067e-01  9.56251036e-01  3.38369508e-01  6.70973496e-01
9.05652488e-01  4.41001039e-01  6.05957546e-01  9.63026807e-01  3.30821455e-01  6.29304603e-01
9.00408779e-01  4.45327107e-01  6.20954860e-01  9.61207819e-01  3.20826488e-01  6.43321107e-01
8.97544301e-01  4.94010935e-01  5.99074488e-01  9.63672865e-01  3.65760743e-01  6.16935963e-01
8.85241985e-01  4.54681495e-01  6.66383307e-01  9.54506920e-01  3.18768429e-01  6.86771666e-01
8.93457421e-01  4.87520037e-01  6.17166134e-01  9.60676824e-01  3.66928987e-01  6.35871384e-01
8.88941415e-01  4.93862910e-01  6.28382981e-01  9.58940905e-01  3.69619936e-01  6.46368469e-01
8.85714394e-01  4.64546343e-01  6.58374392e-01  9.55176928e-01  3.36263191e-01  6.78356571e-01
8.79207375e-01  4.95686320e-01  6.60253061e-01  9.54755101e-01  3.52308906e-01  6.77283472e-01
9.12830863e-01  4.57866935e-01  5.70632520e-01  9.67793736e-01  3.56411229e-01  5.92714450e-01
8.84946021e-01  4.60308860e-01  6.63734711e-01  9.54498491e-01  3.31126033e-01  6.83916206e-01
8.38275382e-01  3.68303789e-01  8.82253476e-01  9.24646034e-01  2.44761775e-01  8.96182585e-01
8.94605027e-01  4.20260633e-01  6.56936489e-01  9.55967415e-01  3.04339099e-01  6.80804272e-01
8.95924290e-01  5.11877997e-01  5.92975552e-01  9.64051702e-01  3.88416165e-01  6.09172871e-01
8.76684742e-01  5.11409106e-01  6.58611322e-01  9.54804161e-01  3.63834648e-01  6.74255250e-01
8.97424010e-01  4.81349616e-01  6.07703055e-01  9.62428700e-01  3.57301968e-01  6.26905030e-01
8.84046168e-01  4.80493012e-01  6.53686084e-01  9.55990600e-01  3.40490325e-01  6.72144071e-01
8.95007764e-01  5.12714166e-01  5.95544901e-01  9.63743305e-01  3.86470717e-01  6.11608330e-01
8.87573861e-01  4.36791407e-01  6.70079917e-01  9.54250327e-01  3.04234241e-01  6.91838913e-01
8.96366623e-01  4.56772678e-01  6.27249796e-01  9.60041313e-01  3.30697861e-01  6.48476572e-01
8.89596399e-01  5.24006311e-01  6.06588798e-01  9.61965753e-01  3.92764078e-01  6.21524182e-01
8.85770135e-01  5.09657771e-01  6.28897060e-01  9.58767926e-01  3.78924352e-01  6.45286955e-01
8.98634453e-01  5.08596356e-01  5.85903284e-01  9.64832712e-01  3.94948995e-01  6.02626987e-01
8.80916987e-01  4.72173284e-01  6.69713297e-01  9.53569606e-01  3.36287627e-01  6.88656948e-01
9.09822122e-01  4.56741593e-01  5.81579756e-01  9.66545094e-01  3.44620476e-01  6.03496677e-01
8.92163553e-01  4.69384521e-01  6.33334008e-01  9.59028504e-01  3.38049239e-01  6.53239845e-01
8.86125207e-01  4.89338917e-01  6.40883119e-01  9.57401110e-01  3.57980687e-01  6.58981951e-01
9.05049331e-01  4.66594384e-01  5.91389644e-01  9.64725074e-01  3.56361026e-01  6.12402338e-01
8.87016035e-01  4.72159180e-01  6.49011873e-01  9.56442141e-01  3.43532137e-01  6.68532630e-01
9.06401327e-01  4.81401064e-01  5.77185807e-01  9.66526790e-01  3.73806367e-01  5.96742502e-01
9.05001963e-01  4.49828177e-01  6.02435643e-01  9.63416912e-01  3.38606136e-01  6.24970432e-01
8.89506432e-01  4.32757447e-01  6.66136473e-01  9.54843938e-01  3.02727553e-01  6.88387418e-01
8.94775809e-01  4.80052166e-01  6.17537767e-01  9.60889379e-01  3.56961315e-01  6.36855290e-01
8.79689674e-01  4.75012809e-01  6.72037349e-01  9.53145807e-01  3.39110955e-01  6.90709614e-01
8.86929540e-01  5.27724703e-01  6.13230463e-01  9.61014396e-01  3.92217657e-01  6.27752888e-01
8.99027466e-01  5.02880741e-01  5.88279521e-01  9.64645593e-01  3.87597152e-01  6.05557706e-01
8.86976553e-01  5.29880892e-01  6.11670905e-01  9.61010438e-01  3.99295821e-01  6.26111776e-01
8.79181446e-01  5.42971124e-01  6.29641968e-01  9.58480092e-01  3.98101749e-01  6.42617371e-01
8.99833361e-01  4.85652433e-01  5.96728109e-01  9.63492721e-01  3.75092128e-01  6.15894048e-01
9.04718031e-01  4.65424021e-01  5.93274423e-01  9.64313334e-01  3.58668841e-01  6.14499041e-01
8.90731606e-01  5.49770314e-01  5.86007211e-01  9.64668862e-01  4.18972075e-01  5.98021572e-01
8.93873668e-01  4.41718037e-01  6.45489004e-01  9.57314448e-01  3.22666064e-01  6.67852175e-01
8.97356236e-01  4.32332396e-01  6.39756863e-01  9.58465277e-01  3.11955308e-01  6.62994850e-01
9.11184005e-01  4.64594735e-01  5.71856814e-01  9.67814993e-01  3.54583561e-01  5.93008453e-01
8.92545266e-01  5.46136977e-01  5.82207409e-01  9.64610315e-01  4.33252153e-01  5.95034868e-01
8.94496877e-01  4.67343132e-01  6.26736160e-01  9.60079726e-01  3.36327807e-01  6.46904740e-01
8.78607605e-01  5.38056144e-01  6.34781462e-01  9.57510541e-01  3.99863447e-01  6.48419325e-01
8.86750069e-01  4.54049759e-01  6.61672308e-01  9.54723002e-01  3.30809291e-01  6.82551225e-01
8.98632911e-01  4.64389493e-01  6.14609026e-01  9.61292488e-01  3.51120452e-01  6.35645759e-01
8.82382031e-01  5.05936626e-01  6.42817886e-01  9.56768714e-01  3.73275946e-01  6.59435705e-01
8.96272229e-01  4.62859544e-01  6.23618445e-01  9.60184445e-01  3.43530230e-01  6.44537536e-01
8.80829674e-01  5.01830748e-01  6.50755028e-01  9.56108023e-01  3.57625389e-01  6.67356836e-01
8.98319045e-01  5.17442626e-01  5.81230978e-01  9.65134343e-01  4.09934918e-01  5.97164656e-01
8.94692501e-01  4.74198482e-01  6.21621024e-01  9.60212765e-01  3.55401602e-01  6.41560937e-01
9.02567669e-01  4.50870180e-01  6.10025144e-01  9.62247834e-01  3.38989221e-01  6.32376315e-01
8.80934772e-01  5.12376216e-01  6.43551602e-01  9.56936803e-01  3.69166594e-01  6.59325439e-01
8.80630730e-01  8.07358727e-01  4.53369838e-01  9.77622090e-01  8.12427194e-01  4.22848589e-01
8.74921055e-01  5.19352758e-01  6.59442881e-01  9.54351857e-01  3.75080388e-01  6.74507697e-01
8.88358564e-01  4.72725822e-01  6.44085148e-01  9.57056154e-01  3.47259394e-01  6.63718042e-01
8.99483301e-01  5.15174801e-01  5.78749943e-01  9.65610485e-01  4.06803401e-01  5.94848951e-01
9.00231257e-01  4.79366410e-01  5.99458104e-01  9.63307417e-01  3.66263140e-01  6.19160916e-01
8.96008892e-01  4.77607992e-01  6.14937548e-01  9.61612534e-01  3.48069190e-01  6.34312026e-01
8.88660382e-01  1.90313059e-01  8.26715133e-01  9.35422430e-01  1.35762628e-01  8.52746487e-01
8.85901100e-01  5.22845901e-01  6.19890069e-01  9.59590663e-01  3.99153360e-01  6.35248847e-01
8.75181343e-01  5.31001275e-01  6.50996381e-01  9.55577815e-01  3.82111780e-01  6.64991390e-01
8.79529618e-01  5.20394795e-01  6.43117076e-01  9.56784682e-01  3.78013936e-01  6.58217798e-01
8.68997194e-01  5.35430433e-01  6.69120365e-01  9.52880802e-01  3.81035225e-01  6.82538052e-01
7.93753795e-01  4.62738125e-01  9.72135277e-01  9.10764726e-01  2.77951222e-01  9.77377889e-01
8.99794133e-01  4.46970118e-01  6.21975314e-01  9.61120950e-01  3.19843084e-01  6.44109638e-01
8.96800581e-01  4.43465463e-01  6.34415736e-01  9.59212329e-01  3.18340675e-01  6.56701386e-01
8.85531152e-01  5.24231731e-01  6.20246657e-01  9.59920102e-01  3.90404902e-01  6.35196249e-01
8.73998050e-01  2.86273379e-01  8.14202992e-01  9.37046951e-01  1.61305373e-01  8.36315882e-01
8.91941035e-01  4.28972736e-01  6.60326366e-01  9.55368709e-01  3.09930900e-01  6.83326620e-01
9.05075843e-01  4.90313829e-01  5.75900250e-01  9.66668033e-01  3.79712375e-01  5.94446346e-01
8.83510912e-01  5.17824460e-01  6.31266510e-01  9.58168760e-01  3.88175695e-01  6.46950632e-01
8.71057874e-01  5.24555012e-01  6.69183629e-01  9.52922100e-01  3.75319949e-01  6.83618872e-01
8.86641066e-01  5.03876244e-01  6.29693296e-01  9.58971629e-01  3.68351990e-01  6.46469989e-01
8.72323895e-01  5.09950831e-01  6.74366278e-01  9.52522165e-01  3.59589584e-01  6.89886851e-01
8.80855818e-01  5.19301959e-01  6.39323077e-01  9.56806869e-01  3.91424782e-01  6.54918063e-01
8.85391249e-01  4.94382835e-01  6.40100703e-01  9.57419683e-01  3.62658430e-01  6.57761520e-01
8.96366494e-01  5.21301334e-01  5.85355993e-01  9.64703673e-01  4.06442403e-01  6.00748362e-01
8.92177200e-01  5.26898152e-01  5.95947773e-01  9.63314237e-01  4.02201625e-01  6.10655795e-01
9.05019494e-01  4.43092842e-01  6.06748972e-01  9.63171225e-01  3.25286068e-01  6.29681857e-01
8.72080939e-01  5.20756718e-01  6.68175642e-01  9.53254505e-01  3.69434966e-01  6.82873073e-01
8.91190303e-01  4.81422212e-01  6.28823575e-01  9.59615224e-01  3.45993724e-01  6.47607353e-01
8.81648570e-01  3.93161023e-01  7.18824686e-01  9.47018224e-01  2.88883652e-01  7.42341653e-01
8.94316804e-01  5.11159168e-01  5.98900678e-01  9.63094375e-01  3.88642129e-01  6.15257995e-01
8.93295822e-01  4.67057992e-01  6.30999549e-01  9.58986492e-01  3.46848003e-01  6.51437629e-01
8.76872514e-01  5.17441986e-01  6.54056851e-01  9.55159222e-01  3.74943343e-01  6.69363155e-01
9.01812893e-01  4.84372629e-01  5.90837302e-01  9.64813369e-01  3.64816213e-01  6.09845496e-01
8.90253942e-01  5.45720509e-01  5.90258442e-01  9.64055982e-01  4.15361866e-01  6.02801313e-01
8.84108788e-01  4.83305413e-01  6.51647493e-01  9.56134353e-01  3.45817816e-01  6.69968014e-01
8.77132631e-01  5.01395855e-01  6.63591289e-01  9.53725990e-01  3.67287773e-01  6.80355460e-01
8.86540522e-01  4.88869576e-01  6.39777649e-01  9.57922187e-01  3.49215735e-01  6.57704451e-01
8.76751098e-01  5.43693443e-01  6.37425670e-01  9.57192356e-01  4.00029557e-01  6.50420401e-01
9.03982831e-01  4.82575179e-01  5.84635874e-01  9.65461538e-01  3.71820669e-01  6.04040344e-01
8.95110457e-01  4.79328226e-01  6.16871460e-01  9.61162102e-01  3.52508579e-01  6.36154964e-01
8.72955025e-01  5.20963706e-01  6.65072964e-01  9.53199308e-01  3.82641089e-01  6.80117713e-01
8.84187601e-01  5.28808472e-01  6.21837515e-01  9.59533792e-01  3.95834862e-01  6.36394812e-01
8.74376830e-01  5.06326601e-01  6.69747958e-01  9.52800947e-01  3.68738561e-01  6.85945245e-01
8.80417805e-01  4.93574431e-01  6.57513843e-01  9.54908170e-01  3.58019432e-01  6.74957499e-01
8.79442278e-01  4.84098168e-01  6.66978897e-01  9.53930510e-01  3.42472329e-01  6.84886692e-01
9.00069318e-01  5.01957497e-01  5.85341193e-01  9.65234507e-01  3.84103681e-01  6.02604130e-01
8.41794374e-01  8.06849768e-01  5.85574181e-01  9.60783003e-01  6.54590671e-01  5.67979536e-01
8.94330090e-01  4.21493577e-01  6.57069618e-01  9.55935522e-01  3.05121595e-01  6.80824536e-01
8.89006285e-01  4.79053927e-01  6.37777311e-01  9.58097490e-01  3.48245416e-01  6.56808872e-01
8.89123782e-01  5.22601091e-01  6.09105947e-01  9.61549933e-01  3.92574695e-01  6.24234990e-01
8.90736820e-01  4.80471664e-01  6.30980570e-01  9.59256357e-01  3.46191089e-01  6.49861923e-01
8.14158651e-01  6.41276763e-01  7.86916291e-01  9.32956963e-01  4.62094865e-01  7.91721420e-01
8.83377051e-01  5.14089968e-01  6.34145677e-01  9.57989672e-01  3.79933428e-01  6.50039512e-01
8.12340913e-01  4.03376440e-01  9.47555871e-01  9.15433413e-01  2.43598153e-01  9.55529659e-01
9.03338751e-01  4.94101129e-01  5.79340038e-01  9.66531836e-01  3.71748130e-01  5.97194733e-01
8.84620149e-01  5.43448243e-01  6.10864078e-01  9.60947189e-01  4.10326521e-01  6.23920240e-01
8.94756729e-01  4.35052021e-01  6.46818221e-01  9.57189250e-01  3.18012814e-01  6.69750514e-01
8.85623447e-01  5.08505337e-01  6.30143418e-01  9.58797380e-01  3.72954727e-01  6.46503592e-01
8.79275696e-01  5.15884468e-01  6.46907616e-01  9.56375104e-01  3.71670202e-01  6.62337583e-01
8.91884730e-01  4.38408780e-01  6.54391433e-01  9.56503034e-01  3.07986386e-01  6.76511164e-01
8.87766955e-01  4.36726821e-01  6.69466045e-01  9.53960878e-01  3.13603944e-01  6.91488832e-01
8.80184113e-01  8.05716040e-01  4.55953033e-01  9.79837313e-01  7.48360341e-01  4.23728609e-01
8.98369870e-01  4.38464307e-01  6.32333774e-01  9.59220220e-01  3.23791497e-01  6.55367440e-01
8.89586963e-01  5.03248125e-01  6.20097793e-01  9.60402286e-01  3.69638574e-01  6.36993757e-01
8.90495798e-01  4.85857058e-01  6.28302591e-01  9.59479112e-01  3.53243319e-01  6.46773239e-01
8.76407215e-01  4.92557828e-01  6.71792766e-01  9.53205899e-01  3.45542350e-01  6.88810075e-01
8.05197137e-01  7.40078688e-01  7.53199876e-01  9.36585482e-01  5.37461410e-01  7.50710483e-01
8.90108747e-01  4.61754031e-01  6.45265352e-01  9.56959288e-01  3.40570868e-01  6.65913906e-01
8.91831644e-01  4.36451697e-01  6.55842238e-01  9.56068882e-01  3.12434314e-01  6.78247709e-01
9.04448422e-01  4.91040408e-01  5.77559003e-01  9.66289079e-01  3.82910409e-01  5.96123230e-01
8.94727973e-01  4.45206728e-01  6.40323069e-01  9.58010781e-01  3.26377360e-01  6.62513507e-01
8.92417219e-01  5.08552768e-01  6.07043091e-01  9.61576994e-01  3.93194069e-01  6.23915654e-01
8.96448214e-01  5.28369629e-01  5.80489610e-01  9.65632447e-01  4.06202167e-01  5.94849681e-01
8.94145740e-01  4.87569908e-01  6.14796479e-01  9.61115597e-01  3.65242192e-01  6.33455130e-01
8.77528809e-01  5.19059788e-01  6.50777871e-01  9.55400912e-01  3.82163634e-01  6.66113481e-01
8.99796537e-01  4.39560608e-01  6.26777527e-01  9.60006149e-01  3.25830897e-01  6.49847931e-01
8.85868518e-01  4.88701945e-01  6.42168344e-01  9.57389080e-01  3.53147754e-01  6.60196957e-01
9.03058600e-01  4.77033469e-01  5.91372154e-01  9.64923952e-01  3.56581030e-01  6.11075343e-01
8.85452130e-01  5.06584671e-01  6.31972026e-01  9.58180042e-01  3.80221683e-01  6.48750999e-01
8.98686447e-01  4.66582052e-01  6.13003831e-01  9.61811872e-01  3.45512617e-01  6.33635805e-01
8.98423399e-01  4.61559163e-01  6.17158153e-01  9.61572561e-01  3.33419016e-01  6.38017587e-01
8.86154946e-01  5.52898133e-01  5.99517280e-01  9.62662024e-01  4.16938464e-01  6.11368087e-01
8.92663119e-01  5.03108377e-01  6.09742797e-01  9.61354863e-01  3.85769868e-01  6.27087904e-01
8.97238456e-01  4.90518963e-01  6.02380067e-01  9.62962117e-01  3.68806137e-01  6.20776230e-01
9.01186458e-01  4.79670880e-01  5.96016956e-01  9.64035751e-01  3.61768161e-01  6.15549173e-01
8.76656434e-01  4.97568632e-01  6.67693233e-01  9.53613206e-01  3.53014083e-01  6.84439259e-01
8.82101107e-01  4.80046014e-01  6.60581138e-01  9.54995502e-01  3.38757831e-01  6.78932524e-01
8.73106684e-01  5.45000012e-01  6.48952754e-01  9.55640048e-01  3.94430222e-01  6.61692071e-01
9.05270957e-01  4.61461826e-01  5.93969354e-01  9.64694422e-01  3.44913905e-01  6.15293993e-01
9.06317635e-01  4.61336406e-01  5.90496624e-01  9.65136051e-01  3.47263836e-01  6.11909023e-01
9.09987861e-01  4.60732529e-01  5.78425977e-01  9.67149548e-01  3.43860211e-01  5.99799951e-01
8.84250718e-01  4.61081807e-01  6.65594000e-01  9.54476397e-01  3.25022888e-01  6.85494812e-01
9.03885464e-01  4.39579527e-01  6.12880688e-01  9.62251189e-01  3.23102596e-01  6.36095172e-01
8.84162988e-01  4.53918693e-01  6.70542395e-01  9.53542264e-01  3.26630199e-01  6.91106040e-01
8.92340525e-01  4.80353352e-01  6.25611710e-01  9.59991257e-01  3.48477949e-01  6.44611352e-01
9.01026496e-01  4.96036205e-01  5.85935173e-01  9.64875320e-01  3.87640045e-01  6.04074614e-01
8.92542556e-01  5.44828834e-01  5.83065908e-01  9.64547581e-01  4.30792818e-01  5.96016140e-01
8.88224392e-01  5.14545268e-01  6.17390088e-01  9.60435991e-01  3.84292155e-01  6.33327586e-01
8.84069173e-01  4.74435082e-01  6.57540888e-01  9.55089960e-01  3.45567367e-01  6.76723611e-01
9.10196514e-01  4.48695717e-01  5.85532061e-01  9.65993318e-01  3.39194548e-01  6.08312120e-01
8.60995354e-01  3.53427119e-01  8.14757483e-01  9.35574589e-01  2.12508565e-01  8.33701177e-01
9.07215017e-01  4.55204360e-01  5.91430496e-01  9.64837693e-01  3.48069297e-01  6.13632443e-01
9.49085968e-01  3.51116624e-01  5.17127174e-01  9.77377929e-01  2.74403771e-01  5.51085382e-01
8.96851613e-01  4.35859839e-01  6.39180276e-01  9.58570605e-01  3.13010782e-01  6.62070986e-01
8.76289021e-01  5.18116796e-01  6.55600081e-01  9.54834744e-01  3.77316328e-01  6.70885001e-01
8.85032605e-01  5.33379000e-01  6.16000772e-01  9.60160114e-01  4.05032217e-01  6.30213426e-01
8.74217529e-01  4.96003129e-01  6.76991338e-01  9.51912992e-01  3.59094344e-01  6.93909467e-01
8.69027555e-01  5.21506400e-01  6.78057295e-01  9.51604692e-01  3.72781020e-01  6.92663853e-01
8.87042196e-01  5.21657021e-01  6.16787275e-01  9.60598844e-01  3.85907348e-01  6.31903091e-01
8.90127780e-01  4.46218320e-01  6.55287228e-01  9.56198381e-01  3.15293002e-01  6.76744303e-01
8.85718768e-01  4.64756331e-01  6.58223328e-01  9.55620967e-01  3.26026483e-01  6.77919556e-01
8.88053225e-01  4.34461083e-01  6.69964953e-01  9.53883890e-01  3.12755470e-01  6.92182241e-01
8.91123478e-01  5.51379748e-01  5.83631562e-01  9.64518531e-01  4.32611694e-01  5.95774172e-01
8.89303971e-01  4.39310774e-01  6.62569276e-01  9.55223918e-01  3.09266259e-01  6.84411502e-01
8.69533784e-01  5.42091802e-01  6.62973408e-01  9.53663663e-01  3.88026794e-01  6.75872251e-01
8.72438800e-01  5.30396391e-01  6.60701885e-01  9.53906373e-01  3.85832084e-01  6.74832723e-01
8.85049247e-01  4.79047668e-01  6.51218244e-01  9.56157349e-01  3.45090646e-01  6.69991772e-01
8.84894878e-01  5.35781194e-01  6.14908892e-01  9.60414456e-01  4.04148470e-01  6.28790668e-01
8.91840840e-01  5.05560065e-01  6.10943344e-01  9.61512142e-01  3.78512909e-01  6.27788025e-01
9.08170283e-01  4.43409172e-01  5.95844577e-01  9.64490170e-01  3.34338836e-01  6.19093458e-01
8.82419418e-01  5.48374558e-01  6.15138729e-01  9.60401797e-01  4.09478168e-01  6.27617005e-01
8.97810956e-01  4.58028767e-01  6.21529829e-01  9.60884097e-01  3.32180087e-01  6.42723690e-01
8.93942163e-01  4.99958750e-01  6.07444511e-01  9.62034855e-01  3.76510356e-01  6.24907898e-01
9.13946590e-01  4.53275404e-01  5.69824871e-01  9.67913847e-01  3.54293415e-01  5.92442923e-01
8.80796097e-01  5.20800130e-01  6.38553347e-01  9.57453879e-01  3.79206723e-01  6.53646094e-01
8.95340526e-01  5.31074027e-01  5.82495157e-01  9.65380460e-01  4.05930603e-01  5.96529346e-01
8.98795960e-01  4.94054775e-01  5.94795797e-01  9.64160638e-01  3.70233176e-01  6.12755398e-01
8.90543492e-01  4.65814529e-01  6.41152955e-01  9.57816950e-01  3.36734013e-01  6.61317952e-01
8.87764806e-01  4.97206158e-01  6.30207901e-01  9.58999880e-01  3.62749756e-01  6.47607845e-01
8.77303132e-01  4.94950368e-01  6.67197041e-01  9.53473682e-01  3.57248214e-01  6.84336994e-01
8.78800590e-01  5.26529459e-01  6.41609682e-01  9.56581476e-01  3.91392929e-01  6.56370776e-01
8.94791304e-01  5.12704689e-01  5.96285953e-01  9.63055463e-01  4.00322732e-01  6.12757410e-01
9.03733519e-01  4.95152379e-01  5.77316953e-01  9.66342655e-01  3.84581380e-01  5.95386288e-01
8.86375876e-01  5.08308018e-01  6.27716520e-01  9.59165740e-01  3.73104304e-01  6.44106467e-01
8.76716221e-01  4.89749692e-01  6.72566630e-01  9.53126941e-01  3.43445821e-01  6.89809967e-01
9.00112351e-01  4.53791003e-01  6.16466328e-01  9.61517306e-01  3.33889825e-01  6.38261035e-01
8.89544286e-01  5.20873013e-01  6.08799874e-01  9.61134850e-01  4.03023669e-01  6.24436363e-01
9.02183327e-01  4.39363458e-01  6.18800836e-01  9.61374547e-01  3.22198366e-01  6.41929054e-01
8.86597670e-01  4.94290545e-01  6.36063925e-01  9.57731885e-01  3.70256363e-01  6.53970821e-01
8.72512623e-01  5.09384860e-01  6.74092874e-01  9.52613027e-01  3.58164778e-01  6.89639703e-01
8.85853839e-01  4.49236636e-01  6.67840624e-01  9.54274883e-01  3.16866084e-01  6.88707381e-01
8.95413990e-01  5.08293378e-01  5.97035599e-01  9.63494332e-01  3.84686273e-01  6.13624865e-01
9.06243679e-01  4.71967642e-01  5.83845601e-01  9.65804501e-01  3.61358238e-01  6.04304564e-01
8.84659047e-01  5.23820178e-01  6.23475229e-01  9.59429009e-01  3.89851112e-01  6.38475501e-01
8.95098368e-01  5.31002892e-01  5.83363593e-01  9.65104953e-01  4.09217551e-01  5.97521997e-01
9.04611082e-01  4.76017082e-01  5.86760334e-01  9.65533098e-01  3.58829492e-01  6.06640156e-01
8.79264800e-01  5.15306380e-01  6.47319911e-01  9.56240644e-01  3.73144825e-01  6.62852549e-01
8.89184289e-01  5.23355325e-01  6.08410798e-01  9.61573456e-01  3.95017638e-01  6.23508993e-01
9.07463157e-01  4.69621684e-01  5.81227725e-01  9.66018482e-01  3.64969122e-01  6.02082388e-01
8.91436376e-01  4.98760265e-01  6.16731452e-01  9.60855623e-01  3.69342843e-01  6.34156610e-01
8.73003799e-01  5.21423705e-01  6.64608700e-01  9.53289531e-01  3.82379555e-01  6.79600779e-01
8.91250406e-01  4.89368355e-01  6.23460414e-01  9.59674197e-01  3.68366117e-01  6.41961829e-01
8.87101003e-01  5.30564033e-01  6.10804793e-01  9.61117132e-01  4.00340429e-01  6.25181714e-01
8.91033392e-01  5.24486682e-01  6.01397284e-01  9.62235722e-01  4.06317344e-01  6.16602162e-01
8.72256429e-01  5.30985923e-01  6.60938406e-01  9.53825988e-01  3.87148822e-01  6.75038138e-01
8.79180412e-01  4.72806393e-01  6.75199167e-01  9.52755992e-01  3.35965817e-01  6.93949606e-01
9.04200561e-01  4.68783534e-01  5.92850494e-01  9.64448692e-01  3.58579660e-01  6.13652127e-01
8.98084069e-01  5.06515006e-01  5.89123446e-01  9.64292214e-01  3.94710183e-01  6.06148857e-01
8.83797195e-01  5.56893069e-01  6.04929740e-01  9.61748471e-01  4.20152068e-01  6.16469126e-01
8.99888154e-01  4.64148732e-01  6.10503072e-01  9.62362668e-01  3.40426805e-01  6.31301534e-01
9.06759360e-01  4.76788242e-01  5.78964933e-01  9.66806571e-01  3.57984265e-01  5.98673724e-01
8.88210077e-01  5.23377101e-01  6.11704763e-01  9.61125033e-01  3.93330868e-01  6.26781391e-01
9.14782209e-01  4.47281513e-01  5.70878821e-01  9.67837842e-01  3.49182773e-01  5.94133514e-01
8.85924042e-01  4.71295950e-01  6.53280480e-01  9.56160908e-01  3.34025912e-01  6.72574055e-01
8.92742273e-01  5.38892561e-01  5.86241872e-01  9.64765060e-01  4.10292097e-01  5.99448375e-01
8.84023431e-01  5.15714147e-01  6.30896203e-01  9.58052928e-01  3.91469567e-01  6.46917833e-01
8.69425219e-01  5.32835593e-01  6.69351568e-01  9.52799841e-01  3.81075153e-01  6.83047776e-01
8.81146254e-01  5.55680405e-01  6.14718761e-01  9.60366889e-01  4.15387321e-01  6.26449576e-01
8.89113739e-01  4.34350307e-01  6.66435817e-01  9.54846252e-01  3.02185726e-01  6.88500155e-01
8.93435308e-01  4.91294807e-01  6.14790521e-01  9.61005633e-01  3.69644273e-01  6.33123787e-01
8.76579670e-01  5.02170547e-01  6.64965995e-01  9.53424316e-01  3.69813211e-01  6.81695196e-01
8.80368329e-01  4.86212494e-01  6.62461578e-01  9.54519698e-01  3.45870905e-01  6.80308653e-01
9.00777176e-01  4.62657184e-01  6.08452576e-01  9.62496416e-01  3.44224002e-01  6.29549930e-01
8.96392790e-01  5.19814659e-01  5.86231946e-01  9.64854324e-01  3.98694825e-01  6.01606493e-01
9.06267308e-01  4.47067863e-01  5.99931046e-01  9.63753194e-01  3.38578162e-01  6.22820797e-01
8.89618491e-01  5.14537623e-01  6.12661157e-01  9.61136524e-01  3.85275097e-01  6.28604373e-01
9.00628107e-01  4.99143536e-01  5.85270686e-01  9.65421007e-01  3.78474203e-01  6.02733708e-01
9.05364046e-01  4.54221259e-01  5.98354062e-01  9.64178217e-01  3.37505437e-01  6.20348132e-01
9.08115658e-01  4.53905463e-01  5.89215552e-01  9.65305296e-01  3.44465395e-01  6.11482705e-01
9.08376289e-01  4.68184895e-01  5.79059977e-01  9.66895903e-01  3.51240559e-01  5.99688674e-01
8.94116960e-01  4.62202481e-01  6.31363738e-01  9.59531349e-01  3.30059417e-01  6.51896756e-01
8.87284708e-01  4.98195603e-01  6.31195643e-01  9.58327509e-01  3.75855052e-01  6.48833537e-01
8.79701707e-01  4.99740587e-01  6.55942150e-01  9.54918407e-01  3.66266076e-01  6.72950254e-01
8.80415937e-01  5.31313852e-01  6.33018272e-01  9.57812774e-01  3.96210108e-01  6.47341565e-01
8.80974931e-01  4.65524270e-01  6.73833454e-01  9.53395776e-01  3.22495562e-01  6.93018790e-01
9.00769975e-01  5.05043424e-01  5.80958489e-01  9.65576753e-01  3.94103685e-01  5.98055268e-01
8.92096027e-01  4.95780063e-01  6.16426294e-01  9.60716930e-01  3.72517895e-01  6.34298366e-01
8.91226733e-01  4.81982526e-01  6.28336036e-01  9.59441887e-01  3.52313136e-01  6.47230926e-01
9.02001549e-01  4.35217307e-01  6.22109892e-01  9.60865907e-01  3.20403264e-01  6.45613083e-01
8.89096131e-01  5.51593975e-01  5.90376663e-01  9.63682424e-01  4.26872784e-01  6.02486405e-01
8.70518955e-01  5.24266243e-01  6.71201064e-01  9.52425586e-01  3.79730384e-01  6.85764110e-01
8.72282998e-01  5.14370920e-01  6.71635282e-01  9.52326365e-01  3.76506251e-01  6.87159418e-01
9.06375770e-01  4.66576647e-01  5.86897025e-01  9.65244633e-01  3.60759655e-01  6.08035341e-01
8.80560597e-01  4.87574753e-01  6.60924163e-01  9.54394273e-01  3.55291786e-01  6.78894802e-01
8.73657115e-01  5.23759917e-01  6.60873533e-01  9.54043844e-01  3.79036806e-01  6.75551157e-01
9.10000124e-01  4.70635699e-01  5.71954885e-01  9.67814992e-01  3.57210602e-01  5.92389950e-01
8.85429279e-01  5.56603149e-01  5.99575960e-01  9.62532784e-01  4.21656888e-01  6.11085860e-01
8.85386290e-01  5.53467165e-01  6.01757913e-01  9.62223494e-01  4.19205891e-01  6.13646072e-01
8.70033077e-01  5.21432733e-01  6.74690580e-01  9.51877348e-01  3.78811257e-01  6.89495808e-01
8.70331274e-01  5.35593016e-01  6.64484627e-01  9.53469092e-01  3.84322677e-01  6.77991938e-01
8.92793315e-01  4.45268736e-01  6.46852306e-01  9.57099938e-01  3.24304473e-01  6.68841858e-01
8.95142985e-01  4.70314542e-01  6.22612996e-01  9.60442291e-01  3.44332271e-01  6.42695404e-01
9.37871929e-01  4.10613091e-01  5.16578677e-01  9.74341830e-01  3.81054321e-01  5.45442838e-01
9.04213695e-01  4.42524755e-01  6.09853951e-01  9.62484604e-01  3.30091756e-01  6.32952985e-01
8.81212450e-01  4.73926516e-01  6.67571750e-01  9.53955170e-01  3.35551773e-01  6.86357965e-01
8.90485355e-01  4.43579103e-01  6.55786478e-01  9.56111845e-01  3.14478469e-01  6.77490950e-01
8.94764763e-01  4.41391417e-01  6.42675285e-01  9.58106757e-01  3.13637653e-01  6.64897573e-01
8.84502578e-01  5.35536296e-01  6.16400074e-01  9.60474168e-01  3.96865009e-01  6.30122623e-01
8.92257001e-01  5.19693031e-01  6.00354594e-01  9.62763731e-01  3.95194408e-01  6.15835392e-01
8.86153994e-01  5.04902885e-01  6.30680620e-01  9.58479529e-01  3.77068590e-01  6.47573072e-01
8.69365335e-01  5.19085952e-01  6.78481802e-01  9.51756715e-01  3.66472145e-01  6.93174459e-01
8.88096079e-01  4.48241763e-01  6.60872535e-01  9.55233568e-01  3.18931010e-01  6.82074130e-01
8.98729178e-01  4.56806231e-01  6.19205545e-01  9.61149750e-01  3.33898122e-01  6.40615838e-01
9.09947231e-01  4.44936903e-01  5.88818842e-01  9.65449010e-01  3.38220383e-01  6.12031549e-01
8.78006341e-01  5.23869928e-01  6.46033352e-01  9.55891313e-01  3.90266773e-01  6.61061227e-01
8.94030282e-01  5.36620880e-01  5.83343047e-01  9.64963653e-01  4.15529867e-01  5.96941829e-01
8.96322509e-01  4.96681390e-01  6.01489380e-01  9.62641408e-01  3.82889570e-01  6.19516787e-01
8.94781847e-01  4.76169215e-01  6.20038262e-01  9.60800597e-01  3.47926696e-01  6.39551682e-01
8.90057443e-01  4.27225828e-01  6.67856724e-01  9.54576153e-01  3.00744628e-01  6.90571324e-01
8.81850462e-01  4.98247196e-01  6.49615288e-01  9.56199871e-01  3.58171454e-01  6.66639347e-01
8.91557755e-01  4.79024697e-01  6.29132219e-01  9.58968532e-01  3.59557710e-01  6.48560396e-01
8.91120648e-01  5.49513579e-01  5.84852741e-01  9.64354210e-01  4.30923507e-01  5.97225251e-01
8.24265604e-01  5.25676422e-01  8.27650575e-01  9.30004117e-01  3.47499721e-01  8.37636351e-01
8.90826631e-01  4.53878122e-01  6.47941091e-01  9.57101310e-01  3.23778206e-01  6.68956961e-01
8.98567212e-01  4.36772041e-01  6.32762384e-01  9.59337258e-01  3.18606173e-01  6.55837835e-01
9.07140759e-01  4.46796346e-01  5.97141425e-01  9.64293809e-01  3.35807771e-01  6.20006665e-01
8.93290259e-01  5.13586662e-01  6.00810448e-01  9.62727178e-01  3.91419163e-01  6.16958617e-01
8.99231935e-01  5.13090859e-01  5.80956474e-01  9.65441268e-01  4.01390719e-01  5.97208326e-01
8.68612438e-01  5.22530583e-01  6.78802024e-01  9.51641542e-01  3.69462664e-01  6.93208854e-01
8.89600555e-01  4.78549724e-01  6.36086711e-01  9.58373010e-01  3.47667277e-01  6.55178360e-01
9.02757105e-01  4.78646637e-01  5.91348532e-01  9.64561502e-01  3.66238113e-01  6.11125684e-01
9.11258176e-01  4.61304712e-01  5.73740935e-01  9.67602914e-01  3.50934754e-01  5.95227368e-01
8.86892532e-01  7.88529659e-01  4.44331343e-01  9.74238137e-01  9.15810366e-01  4.20205798e-01
7.99516351e-01  6.43974082e-01  8.34887633e-01  9.23777666e-01  5.06343367e-01  8.40161757e-01
9.01134094e-01  4.57743282e-01  6.10430881e-01  9.62316494e-01  3.38908733e-01  6.31955017e-01
8.90685081e-01  4.31841253e-01  6.62728963e-01  9.55355271e-01  3.02474559e-01  6.85168322e-01
8.93787309e-01  7.06197471e-01  4.74372028e-01  9.79001282e-01  6.18074543e-01  4.59763255e-01
8.94754420e-01  4.57725476e-01  6.32105618e-01  9.58935600e-01  3.39886525e-01  6.53402970e-01
8.77785186e-01  4.94435587e-01  6.65894276e-01  9.53443630e-01  3.62686693e-01  6.83249242e-01
8.87852065e-01  5.56206472e-01  5.91606510e-01  9.63520818e-01  4.28325979e-01  6.03180471e-01
8.75394398e-01  4.96316551e-01  6.72791661e-01  9.52931642e-01  3.50017422e-01  6.89514987e-01
8.96807154e-01  4.85024560e-01  6.07411742e-01  9.62201560e-01  3.65633072e-01  6.26399956e-01
8.76660348e-01  5.21512453e-01  6.52134532e-01  9.55151171e-01  3.84167087e-01  6.67243120e-01
8.91370982e-01  4.77178812e-01  6.30964977e-01  9.59214165e-01  3.45837325e-01  6.50215751e-01
8.79950741e-01  4.87400059e-01  6.63108434e-01  9.53939103e-01  3.58160973e-01  6.81137823e-01
8.74950187e-01  5.20469330e-01  6.58619074e-01  9.54591911e-01  3.72793144e-01  6.73506985e-01
8.78475815e-01  5.32059696e-01  6.39122077e-01  9.56870013e-01  3.96257614e-01  6.53375334e-01
8.96665311e-01  4.35992978e-01  6.39726448e-01  9.58450179e-01  3.13975571e-01  6.62616002e-01
8.97084946e-01  4.75876127e-01  6.12407892e-01  9.61479703e-01  3.60079910e-01  6.32335915e-01
8.87116768e-01  5.14330506e-01  6.21290634e-01  9.59834145e-01  3.83986203e-01  6.37258630e-01
9.01992845e-01  4.39113469e-01  6.19609924e-01  9.61153104e-01  3.24460187e-01  6.42816417e-01
8.84680029e-01  5.53543930e-01  6.04106312e-01  9.61941003e-01  4.17037400e-01  6.15967941e-01
9.00870742e-01  4.60101815e-01  6.09793853e-01  9.62180404e-01  3.45694645e-01  6.31229939e-01
8.88575723e-01  5.24446421e-01  6.09768842e-01  9.61085835e-01  4.02190211e-01  6.24946873e-01
9.06347358e-01  4.71667379e-01  5.83688515e-01  9.65987008e-01  3.57385065e-01  6.04069789e-01
8.73907159e-01  7.37290261e-01  5.21690272e-01  9.66700385e-01  7.34093412e-01  5.11319853e-01
8.73748126e-01  4.97663870e-01  6.77507157e-01  9.52081457e-01  3.53668379e-01  6.94106776e-01
8.81120539e-01  5.88527368e-01  5.93777937e-01  9.61269298e-01  4.92608096e-01  6.02998661e-01
8.94572236e-01  4.23535870e-01  6.54921426e-01  9.56203600e-01  3.07337491e-01  6.78583908e-01
9.00761250e-01  4.85606663e-01  5.93607143e-01  9.64428223e-01  3.64220278e-01  6.12455337e-01
8.88624028e-01  5.17482753e-01  6.14125926e-01  9.60811116e-01  3.88970635e-01  6.29820792e-01
8.92057161e-01  4.96807314e-01  6.15891366e-01  9.60879171e-01  3.71067210e-01  6.33599634e-01
8.75295504e-01  5.06510352e-01  6.66509185e-01  9.53537196e-01  3.62986590e-01  6.82578684e-01
9.01695359e-01  4.53444240e-01  6.11316064e-01  9.62103867e-01  3.38806654e-01  6.33342406e-01
8.86738187e-01  4.86956248e-01  6.40348601e-01  9.57704528e-01  3.51555771e-01  6.58549135e-01
8.83364052e-01  4.74616693e-01  6.59817428e-01  9.54991275e-01  3.39512806e-01  6.78781876e-01
8.91268195e-01  5.07116494e-01  6.11877299e-01  9.61054148e-01  3.86821292e-01  6.28768529e-01
8.97687891e-01  4.56967979e-01  6.22636401e-01  9.60673453e-01  3.32689205e-01  6.43954461e-01
8.87127714e-01  4.70051640e-01  6.50000914e-01  9.56243189e-01  3.43808558e-01  6.69743230e-01
8.99527416e-01  4.69348538e-01  6.08352084e-01  9.62403712e-01  3.49925495e-01  6.28801981e-01
8.97925416e-01  5.10265766e-01  5.87227178e-01  9.65049637e-01  3.85443739e-01  6.03473999e-01
8.99722280e-01  5.01605762e-01  5.86747889e-01  9.64646262e-01  3.92810029e-01  6.04326097e-01
8.91996579e-01  5.18521591e-01  6.01999383e-01  9.62309383e-01  3.99373111e-01  6.17764811e-01
8.77583756e-01  5.08355063e-01  6.57541314e-01  9.54904186e-01  3.64161986e-01  6.73536829e-01
8.87122992e-01  5.07765918e-01  6.25531489e-01  9.59418016e-01  3.75015311e-01  6.42038951e-01
8.89245799e-01  4.87679872e-01  6.31363643e-01  9.58604484e-01  3.63824131e-01  6.49890164e-01
9.04194406e-01  4.72017370e-01  5.90771855e-01  9.64544440e-01  3.65670121e-01  6.11368814e-01
8.81406506e-01  4.87439068e-01  6.58139812e-01  9.54833658e-01  3.54949154e-01  6.76158143e-01
8.92782262e-01  4.89870322e-01  6.17932905e-01  9.60709495e-01  3.64294675e-01  6.36282121e-01
8.89117074e-01  4.91684750e-01  6.29200752e-01  9.59297700e-01  3.56851488e-01  6.47086931e-01
9.03010933e-01  4.93392630e-01  5.80913100e-01  9.65981838e-01  3.78705866e-01  5.99083156e-01
8.91933507e-01  5.39064534e-01  5.88876369e-01  9.63715399e-01  4.25640604e-01  6.02565079e-01
8.82144517e-01  5.34551737e-01  6.25046402e-01  9.58866517e-01  4.02447521e-01  6.39116457e-01
8.88326597e-01  4.68034781e-01  6.47239427e-01  9.57123263e-01  3.31786049e-01  6.66930818e-01
8.90058752e-01  4.51715318e-01  6.51952698e-01  9.56385862e-01  3.25404357e-01  6.73161541e-01
8.97088956e-01  4.98021375e-01  5.98016925e-01  9.63554208e-01  3.74577098e-01  6.15621055e-01
8.56334686e-01  1.99963677e-01  9.30227529e-01  9.21274645e-01  1.30532210e-01  9.44695924e-01
8.96641813e-01  4.97011666e-01  6.00190703e-01  9.62807654e-01  3.83949649e-01  6.18201241e-01
8.95751907e-01  5.06667301e-01  5.96943879e-01  9.63650383e-01  3.80468766e-01  6.13617249e-01
9.03108710e-01  4.56895350e-01  6.04276255e-01  9.63145694e-01  3.41525898e-01  6.26022039e-01
9.00710186e-01  4.99783895e-01  5.84576205e-01  9.65363360e-01  3.82838917e-01  6.02075711e-01
9.60264253e-01  2.87709594e-01  5.20335417e-01  9.76564795e-01  2.49405942e-01  5.62184616e-01
8.82169256e-01  5.30874751e-01  6.27349626e-01  9.58583311e-01  3.98871836e-01  6.41774230e-01
8.81182340e-01  5.19644468e-01  6.37992033e-01  9.57349447e-01  3.83385673e-01  6.53331809e-01
8.95449102e-01  4.74959954e-01  6.18557522e-01  9.60798889e-01  3.53017230e-01  6.38364114e-01
8.86397827e-01  5.13162603e-01  6.24490225e-01  9.59630882e-01  3.76222422e-01  6.40389855e-01
8.93331386e-01  4.41535211e-01  6.47449222e-01  9.57404946e-01  3.13057922e-01  6.69534063e-01
8.93723619e-01  4.45745626e-01  6.43383780e-01  9.57989241e-01  3.15690238e-01  6.65167818e-01
8.98656379e-01  5.04642661e-01  5.88395761e-01  9.64859692e-01  3.82822719e-01  6.05309010e-01
8.81408810e-01  4.77439468e-01  6.64624223e-01  9.54357328e-01  3.38158974e-01  6.83165485e-01
8.76799939e-01  5.36409164e-01  6.41989093e-01  9.56766957e-01  3.89745761e-01  6.55569285e-01
8.84254521e-01  4.75839023e-01  6.56000125e-01  9.55689115e-01  3.37247218e-01  6.74840753e-01
8.95570655e-01  4.30952022e-01  6.46716305e-01  9.57428622e-01  3.10836590e-01  6.69905255e-01
8.52161613e-01  5.05457044e-01  7.46047133e-01  9.40735945e-01  3.81035910e-01  7.60927110e-01
8.77890360e-01  5.23760535e-01  6.46498209e-01  9.55816010e-01  3.90292561e-01  6.61537993e-01
8.86555145e-01  5.05038095e-01  6.29230603e-01  9.58474992e-01  3.82742810e-01  6.46266211e-01
8.88144454e-01  4.59355679e-01  6.53492643e-01  9.56019586e-01  3.31763111e-01  6.74012975e-01
8.95987298e-01  4.46618335e-01  6.35130366e-01  9.58847366e-01  3.25935925e-01  6.57253280e-01
9.13320969e-01  4.52622922e-01  5.72372937e-01  9.67989160e-01  3.42494555e-01  5.94737946e-01
8.91125638e-01  4.58084018e-01  6.44195028e-01  9.57200240e-01  3.37142935e-01  6.65176010e-01
8.95588364e-01  4.42591045e-01  6.39099635e-01  9.58158290e-01  3.26236650e-01  6.61600815e-01
8.90689754e-01  5.33727059e-01  5.96565095e-01  9.63221061e-01  4.05409229e-01  6.10498027e-01
9.06340706e-01  4.55106339e-01  5.94463072e-01  9.64826691e-01  3.36842448e-01  6.16346247e-01
8.92695233e-01  5.03036625e-01  6.09680476e-01  9.61975219e-01  3.70883784e-01  6.26615006e-01
8.91588013e-01  4.44356830e-01  6.51537301e-01  9.56857895e-01  3.12363961e-01  6.73205134e-01
8.77141542e-01  5.18741093e-01  6.52299887e-01  9.55418382e-01  3.75820315e-01  6.67494946e-01
8.86199675e-01  4.98837390e-01  6.34463400e-01  9.57856073e-01  3.75269647e-01  6.51994197e-01
8.79299166e-01  4.87644487e-01  6.65162334e-01  9.53762062e-01  3.54873971e-01  6.83046906e-01
8.73066595e-01  5.09381910e-01  6.72213515e-01  9.52411579e-01  3.70213847e-01  6.88094525e-01
8.88168340e-01  5.21465069e-01  6.13087868e-01  9.61062176e-01  3.88678989e-01  6.28279672e-01
8.79996370e-01  5.23746844e-01  6.39355732e-01  9.56836918e-01  3.92516215e-01  6.54468422e-01
8.81530757e-01  4.98017226e-01  6.50850126e-01  9.55698241e-01  3.65685521e-01  6.68086658e-01
8.75541656e-01  4.88681459e-01  6.77248569e-01  9.52159978e-01  3.49166815e-01  6.94663159e-01
8.89527041e-01  4.50809400e-01  6.54346451e-01  9.56288500e-01  3.18471463e-01  6.75418115e-01
9.02891432e-01  4.88655565e-01  5.84394250e-01  9.65168871e-01  3.82797170e-01  6.03332592e-01
8.76363242e-01  5.19090935e-01  6.54715578e-01  9.54878788e-01  3.80006071e-01  6.69969310e-01
8.77432396e-01  4.82211621e-01  6.75028665e-01  9.52645819e-01  3.43017427e-01  6.92995780e-01
8.96562218e-01  4.77234401e-01  6.13301116e-01  9.61565208e-01  3.55240228e-01  6.32927120e-01
9.00251913e-01  4.57684174e-01  6.13464844e-01  9.61893351e-01  3.37765174e-01  6.34937434e-01
9.39523038e-01  3.29105661e-01  5.63888859e-01  9.70067981e-01  2.66321896e-01  5.99859024e-01
8.81406761e-01  5.39919420e-01  6.24066735e-01  9.59130947e-01  4.02212175e-01  6.37476352e-01
8.97258014e-01  4.41024031e-01  6.34447539e-01  9.59360176e-01  3.13564974e-01  6.56877799e-01
8.96730188e-01  4.72651685e-01  6.15706015e-01  9.61345722e-01  3.49418473e-01  6.35705139e-01
8.88971944e-01  4.70625499e-01  6.43365933e-01  9.57274416e-01  3.43733132e-01  6.63148781e-01
8.72228537e-01  5.37325641e-01  6.56917200e-01  9.54613838e-01  3.85837826e-01  6.70295119e-01
8.76526472e-01  5.01784630e-01  6.65397214e-01  9.53445135e-01  3.67516913e-01  6.82102352e-01
8.86516429e-01  4.41321431e-01  6.70729526e-01  9.53938659e-01  3.11248418e-01  6.92185884e-01
8.78516372e-01  5.31987888e-01  6.39031056e-01  9.57175855e-01  3.89104162e-01  6.53098506e-01
8.71859252e-01  5.21073240e-01  6.68722833e-01  9.52850635e-01  3.77397422e-01  6.83587980e-01
8.83787206e-01  5.19418235e-01  6.29293607e-01  9.58591180e-01  3.86097038e-01  6.44731490e-01
8.89571668e-01  5.00334816e-01  6.22041020e-01  9.59608170e-01  3.80288458e-01  6.39578173e-01
8.70548832e-01  5.33773296e-01  6.64927287e-01  9.53385673e-01  3.83926205e-01  6.78620171e-01
8.66019848e-01  5.32459866e-01  6.81159243e-01  9.51213731e-01  3.74991466e-01  6.94650260e-01
8.85228666e-01  5.17276120e-01  6.25789623e-01  9.59178777e-01  3.84153961e-01  6.41421325e-01
8.99895782e-01  4.85956281e-01  5.96318893e-01  9.63604906e-01  3.74066895e-01  6.15416110e-01
8.90396983e-01  4.43744300e-01  6.55979339e-01  9.56182098e-01  3.12103359e-01  6.77599686e-01
8.69457947e-01  5.21484104e-01  6.76610303e-01  9.51895723e-01  3.71106152e-01  6.91192099e-01
9.05301259e-01  4.89373102e-01  5.75745583e-01  9.66774765e-01  3.77252068e-01  5.94341243e-01
9.06720744e-01  4.52421587e-01  5.94915626e-01  9.64806352e-01  3.34368230e-01  6.17059192e-01
8.94332814e-01  4.94935698e-01  6.09379085e-01  9.61641477e-01  3.76385495e-01  6.27459619e-01
8.96198915e-01  5.00849852e-01  5.99202820e-01  9.63180960e-01  3.80467745e-01  6.16627405e-01
8.93952937e-01  4.71115402e-01  6.26134048e-01  9.59876760e-01  3.45211760e-01  6.46114498e-01
8.99543216e-01  5.09657086e-01  5.82128762e-01  9.65203507e-01  4.00946435e-01  5.98837434e-01
8.88751275e-01  4.57677537e-01  6.52521639e-01  9.56390566e-01  3.25616364e-01  6.73081463e-01
8.62013140e-01  5.80812816e-01  6.63669343e-01  9.51974507e-01  4.45159898e-01  6.73767740e-01
8.91975614e-01  4.85165842e-01  6.23726305e-01  9.59850001e-01  3.61193226e-01  6.42523373e-01
9.08305362e-01  4.46513852e-01  5.93370200e-01  9.64608881e-01  3.42219077e-01  6.16476957e-01
8.77207487e-01  5.35377110e-01  6.41275217e-01  9.56827863e-01  3.90530319e-01  6.54994040e-01
8.80105531e-01  5.47154455e-01  6.23788096e-01  9.59270571e-01  4.03206725e-01  6.36346931e-01
8.83666557e-01  5.06175511e-01  6.38300987e-01  9.57581812e-01  3.70634611e-01  6.54844028e-01
9.05344988e-01  4.54850829e-01  5.98010030e-01  9.64173960e-01  3.39199754e-01  6.19976517e-01
