7.97511275e-01  5.35228187e-01  7.87646545e-01
5.14555060e-01  8.51981801e-01  5.11988109e-01
5.58508317e-01  8.64209274e-01  6.58255736e-01
3.70241121e-01  4.14495729e-01  7.00510397e-01
7.19720864e-01  4.32494274e-01  5.71682442e-01
5.02039218e-01  7.33899820e-01  9.05674651e-01
5.14152030e-01  7.26047351e-01  3.35421011e-01
6.65552095e-01  4.72176473e-01  6.95793967e-01
6.08000258e-01  8.17191382e-01  7.52926629e-01
5.18372547e-01  7.97001995e-01  8.46385141e-01
3.83889930e-01  9.74128385e-01  6.40135564e-01
5.85471645e-01  1.00095319e+00  3.24019824e-01
4.88351589e-01  8.03386516e-01  6.05981200e-01
5.18430775e-01  4.98290384e-01  4.71755324e-01
7.85587778e-01  8.37692233e-01  6.25164589e-01
6.57100345e-01  9.77850948e-01  6.15777815e-01
9.10415645e-01  5.41162267e-01  5.56917160e-01
6.49516339e-01  5.97917958e-01  6.96759934e-01
8.03194628e-01  4.07731023e-01  4.58075393e-01
9.46823194e-01  4.16507307e-01  8.99922298e-01
4.95489548e-01  9.34348564e-01  4.60413950e-01
3.33129911e-01  3.56637900e-01  6.29104623e-01
5.25304693e-01  5.71022683e-01  3.06865869e-01
3.25835728e-01  7.16310342e-01  5.16984667e-01
7.90172112e-01  3.88227969e-01  3.64584312e-01
3.49302266e-01  8.62756268e-01  8.28386381e-01
5.57209570e-01  3.52099675e-01  5.55784340e-01
7.18268791e-01  3.22639856e-01  8.52286592e-01
8.67795347e-01  9.79870422e-01  8.22203511e-01
6.95553007e-01  8.05578377e-01  3.20676997e-01
4.71047998e-01  4.00745540e-01  5.08160843e-01
8.85341922e-01  6.13727683e-01  8.99721169e-01
6.88730934e-01  8.07359619e-01  5.14019838e-01
3.08293115e-01  7.62390600e-01  8.09678415e-01
7.39954870e-01  6.66158010e-01  8.43420474e-01
8.22663123e-01  4.43722678e-01  3.24449304e-01
8.92251239e-01  5.09663962e-01  8.97600808e-01
7.06940844e-01  7.88312559e-01  2.85484739e-01
7.06234800e-01  4.12539785e-01  2.92732463e-01
8.53923926e-01  9.96677866e-01  4.38231608e-01
3.20991896e-01  8.97510602e-01  6.43547816e-01
6.94765252e-01  8.37315724e-01  3.41446203e-01
7.24956259e-01  4.84180600e-01  5.86878727e-01
4.57494831e-01  4.33330872e-01  3.49656773e-01
5.83092375e-01  5.79706031e-01  4.57129927e-01
9.24654387e-01  8.58311416e-01  7.55355823e-01
5.38100555e-01  6.16653039e-01  7.97223599e-01
3.96926723e-01  6.30664708e-01  4.56245277e-01
9.20223249e-01  3.21078302e-01  3.63332677e-01
9.43963709e-01  9.50847544e-01  5.28733545e-01
7.55605988e-01  3.00629109e-01  9.32607658e-01
4.61743036e-01  6.51110116e-01  6.14063537e-01
8.40199688e-01  6.93111577e-01  6.68611678e-01
4.01125318e-01  8.05444143e-01  5.16145111e-01
6.31119384e-01  7.76436391e-01  7.64322846e-01
9.14433727e-01  9.78129207e-01  4.72261229e-01
3.06159000e-01  4.57547534e-01  5.71308297e-01
9.04052970e-01  6.74628142e-01  5.08401222e-01
4.14462891e-01  9.36299957e-01  6.53509106e-01
5.46332917e-01  3.45131328e-01  3.41356941e-01
8.15033433e-01  5.79746714e-01  5.19961532e-01
3.77592978e-01  9.96790510e-01  3.97667034e-01
4.12853298e-01  7.00810919e-01  5.77719576e-01
7.64477151e-01  3.76310026e-01  6.86690286e-01
5.05574009e-01  3.52485450e-01  3.79971473e-01
5.24612743e-01  3.78964102e-01  8.29718225e-01
5.36635884e-01  8.27357063e-01  6.45298034e-01
3.25898242e-01  8.15586636e-01  5.19821494e-01
4.57235036e-01  9.70096882e-01  8.89153029e-01
7.21444027e-01  7.42299411e-01  8.11507615e-01
5.02287690e-01  9.62739937e-01  5.31713449e-01
4.68866298e-01  7.45660883e-01  3.52235793e-01
4.40575557e-01  9.66980501e-01  4.84572705e-01
4.67392484e-01  9.29551126e-01  4.69223396e-01
5.91143561e-01  9.58628515e-01  3.60048148e-01
9.42373001e-01  6.95496284e-01  5.12219958e-01
4.21224459e-01  6.82669625e-01  7.01568029e-01
7.67365181e-01  5.76364032e-01  5.00398548e-01
3.66195401e-01  3.37748668e-01  8.91759146e-01
5.16189058e-01  4.43438648e-01  4.66410414e-01
9.21954832e-01  5.09625393e-01  3.77774145e-01
8.30125648e-01  3.41902645e-01  8.96766683e-01
6.14377239e-01  4.87709281e-01  7.61496814e-01
9.32073783e-01  7.58614040e-01  7.35094548e-01
5.07034280e-01  3.76091787e-01  3.60958962e-01
8.93963069e-01  3.71302983e-01  5.19833728e-01
3.73764781e-01  8.32095873e-01  8.89933039e-01
7.27357314e-01  7.02372715e-01  7.82602369e-01
7.18369091e-01  8.95088000e-01  6.65786931e-01
7.52740931e-01  9.08473420e-01  8.03344939e-01
4.87066760e-01  6.98531843e-01  8.09983968e-01
4.11547474e-01  4.33867337e-01  8.94773727e-01
8.81831348e-01  7.24784618e-01  4.98117078e-01
6.20346285e-01  9.26308708e-01  4.93705659e-01
4.89430809e-01  9.81121526e-01  6.00620632e-01
6.41240267e-01  7.32466083e-01  5.39018818e-01
6.80853216e-01  5.95916476e-01  8.91462001e-01
4.90201017e-01  1.01671798e+00  7.37387649e-01
3.15520084e-01  4.74021062e-01  9.07054617e-01
4.32105144e-01  5.60677329e-01  4.06991976e-01
6.40769275e-01  6.61458625e-01  8.48309978e-01
4.63059266e-01  1.00682063e+00  6.52662148e-01
4.48103915e-01  7.40084663e-01  3.84216112e-01
4.93948499e-01  5.51591616e-01  6.34178363e-01
6.42479362e-01  5.61106767e-01  6.17537411e-01
6.38049274e-01  4.76462443e-01  4.10801156e-01
4.39979598e-01  7.91416836e-01  6.47072864e-01
5.29762966e-01  6.67060117e-01  5.51623712e-01
5.16142666e-01  3.62200979e-01  5.61819424e-01
5.17591943e-01  6.29564934e-01  9.06490792e-01
3.63556244e-01  7.59522937e-01  7.38663243e-01
9.27532721e-01  6.97276300e-01  5.14645136e-01
8.85408093e-01  9.74891781e-01  5.84305458e-01
8.37743121e-01  6.35540221e-01  8.29360451e-01
9.36541283e-01  8.74956086e-01  5.52310032e-01
4.06112231e-01  6.61867677e-01  3.42527052e-01
8.95498079e-01  8.55777753e-01  8.99098251e-01
4.87187007e-01  8.02225924e-01  7.38316600e-01
9.51203446e-01  4.38714255e-01  4.07964483e-01
4.86342856e-01  5.56100795e-01  3.61199288e-01
7.27174810e-01  3.67708995e-01  8.51013379e-01
8.12854955e-01  1.00513669e+00  7.32918843e-01
4.18600685e-01  7.68014793e-01  2.93444540e-01
4.02909133e-01  6.15689317e-01  3.24312686e-01
6.12021927e-01  5.53993822e-01  7.00582895e-01
9.04802994e-01  3.46432408e-01  6.53896668e-01
7.04137968e-01  8.86157250e-01  5.00522311e-01
6.56885208e-01  5.91052771e-01  5.87620093e-01
7.11962233e-01  8.40997071e-01  5.76886271e-01
7.22262543e-01  4.89248873e-01  3.42330227e-01
6.46380789e-01  1.02075320e+00  8.00009168e-01
3.88460674e-01  5.57071731e-01  4.65180720e-01
7.96107767e-01  5.10081820e-01  5.86211417e-01
6.09951935e-01  7.49555125e-01  2.86533139e-01
9.33780085e-01  5.55800382e-01  4.54754268e-01
3.54410056e-01  7.51845804e-01  3.32046552e-01
9.44368408e-01  6.68192338e-01  8.63576414e-01
7.64025705e-01  7.48562072e-01  8.89441482e-01
4.78632318e-01  4.58487254e-01  3.30313759e-01
4.51006000e-01  6.16455134e-01  7.15823252e-01
6.53929133e-01  1.00111215e+00  2.83954238e-01
3.48424360e-01  9.25213889e-01  3.53825131e-01
7.27948531e-01  4.46661927e-01  8.82011936e-01
5.22546496e-01  9.41070677e-01  8.29954411e-01
7.00784573e-01  9.79745219e-01  9.95277044e-01
6.27687024e-01  5.69791722e-01  7.17073868e-01
8.48668408e-01  8.82739141e-01  8.50352135e-01
8.38166771e-01  8.16573137e-01  7.39302970e-01
3.83542301e-01  4.78867170e-01  6.29644315e-01
4.12610218e-01  6.35710302e-01  4.99182124e-01
3.32994167e-01  9.33774576e-01  7.58655136e-01
4.79695035e-01  4.24570035e-01  3.74271259e-01
9.01248991e-01  6.81872986e-01  5.93637545e-01
8.08488623e-01  7.87843734e-01  3.57997700e-01
3.10677688e-01  8.28006802e-01  8.40263993e-01
9.42054748e-01  3.23948022e-01  3.13331142e-01
7.54346291e-01  8.56681221e-01  4.97705713e-01
5.26490955e-01  3.48079911e-01  7.53050505e-01
5.97789600e-01  3.36927927e-01  6.53620533e-01
5.34883359e-01  4.57282687e-01  7.79128262e-01
4.36559226e-01  9.12755836e-01  4.56723863e-01
9.58131191e-01  8.15373412e-01  5.29610193e-01
8.66799335e-01  4.56852835e-01  3.30588764e-01
8.15082671e-01  3.44096172e-01  8.01380738e-01
8.20404307e-01  5.12179806e-01  2.51841341e-01
5.84930008e-01  4.80486499e-01  3.57053455e-01
4.65289338e-01  9.47057590e-01  3.47097041e-01
8.32455620e-01  5.87538548e-01  6.51813745e-01
8.16964927e-01  8.46127312e-01  4.71241025e-01
3.51036468e-01  4.74461639e-01  8.31810418e-01
5.49750989e-01  6.11057007e-01  6.80698195e-01
3.76193750e-01  4.71450681e-01  6.60074753e-01
6.34723203e-01  7.37432061e-01  6.59065024e-01
7.25241721e-01  6.69291957e-01  2.50779692e-01
3.74455491e-01  8.60945096e-01  8.47597667e-01
3.05813910e-01  6.31087246e-01  7.68978733e-01
8.57205649e-01  5.67273507e-01  4.84787827e-01
5.44534567e-01  3.74287632e-01  5.66330165e-01
5.42184935e-01  8.85527108e-01  8.20299628e-01
4.00796098e-01  3.49826783e-01  6.77564915e-01
7.98557594e-01  7.16952213e-01  3.31075013e-01
4.84074878e-01  7.17113907e-01  4.08772918e-01
4.94916365e-01  5.18874832e-01  7.37084742e-01
7.62669834e-01  4.79770510e-01  7.97717422e-01
8.42223816e-01  7.08501705e-01  3.82661388e-01
3.88193527e-01  9.52736790e-01  3.69923182e-01
8.85226536e-01  4.01931598e-01  5.21983150e-01
8.48215516e-01  6.50399834e-01  3.75754206e-01
6.83435731e-01  3.36414258e-01  7.74599913e-01
3.29631278e-01  6.35553596e-01  5.63811371e-01
3.15565818e-01  3.24924984e-01  8.86169930e-01
6.15687330e-01  6.55616868e-01  5.93916165e-01
5.66650221e-01  6.01677661e-01  6.58557403e-01
7.33253543e-01  7.96399417e-01  6.00269020e-01
7.07676981e-01  6.04601682e-01  5.83050598e-01
5.73999859e-01  3.28624285e-01  7.22171430e-01
8.48710754e-01  7.45541857e-01  7.83665255e-01
3.45761317e-01  7.53232735e-01  9.08320285e-01
3.41072852e-01  3.89358733e-01  7.97754005e-01
9.61003231e-01  3.63362230e-01  7.61938846e-01
8.98541906e-01  4.12492400e-01  3.25985319e-01
9.47208610e-01  9.24037601e-01  6.07200555e-01
4.02893002e-01  8.36568168e-01  6.06995558e-01
3.78661235e-01  9.29709518e-01  8.18636369e-01
3.91411695e-01  4.82672552e-01  4.44306884e-01
8.94551153e-01  3.43749368e-01  8.32551845e-01
9.60701412e-01  1.01170712e+00  6.93190624e-01
6.48385415e-01  5.08538610e-01  7.12320536e-01
9.57756476e-01  6.11898438e-01  8.94191197e-01
9.30413286e-01  7.75662180e-01  8.40365223e-01
8.68494115e-01  7.24988649e-01  3.89909076e-01
3.46175899e-01  7.64120129e-01  4.68473027e-01
7.68032461e-01  4.70086204e-01  4.67732979e-01
3.65964887e-01  7.52041427e-01  2.95875605e-01
3.12332476e-01  1.01224301e+00  8.33965781e-01
4.84921082e-01  7.38240588e-01  3.66866299e-01
6.06728881e-01  6.51404792e-01  8.57854513e-01
8.96389964e-01  9.09708261e-01  6.16367910e-01
8.43272122e-01  8.53954579e-01  8.29345621e-01
8.82804243e-01  6.91390863e-01  7.37519220e-01
6.88715532e-01  6.37676861e-01  5.69387211e-01
3.98828718e-01  3.83422190e-01  4.53796572e-01
6.61533120e-01  5.92191689e-01  8.19809663e-01
5.92144401e-01  8.92714710e-01  4.72797580e-01
3.08903016e-01  9.42323390e-01  8.73571383e-01
7.98465006e-01  9.88883477e-01  6.56849445e-01
5.31884542e-01  4.54190476e-01  9.04843191e-01
3.80183464e-01  3.24990426e-01  6.20133564e-01
6.62087155e-01  7.04868636e-01  5.08202901e-01
4.47108740e-01  9.06220842e-01  6.72905222e-01
9.02181880e-01  3.33118288e-01  4.35940204e-01
4.40993583e-01  4.64717094e-01  6.71039722e-01
4.53866760e-01  9.96744449e-01  8.72722568e-01
4.51583166e-01  4.99202717e-01  6.70196888e-01
4.93336218e-01  5.52792549e-01  7.40021114e-01
5.46446640e-01  9.13189215e-01  3.52820778e-01
7.15419788e-01  7.90915142e-01  8.94025502e-01
5.13743407e-01  5.41680940e-01  9.81205233e-01
8.69047841e-01  3.30772034e-01  6.86683009e-01
7.07765361e-01  8.83535038e-01  5.73137825e-01
7.64534895e-01  5.57513285e-01  7.85282467e-01
5.88720362e-01  7.15834602e-01  7.25580308e-01
8.13527848e-01  4.71664978e-01  6.67932020e-01
8.02415698e-01  3.38733206e-01  7.25677229e-01
4.60313601e-01  8.95026795e-01  6.06585795e-01
5.16044349e-01  4.42002479e-01  8.22608694e-01
3.42071514e-01  4.15348488e-01  6.98691615e-01
8.81387729e-01  6.24173199e-01  9.06131683e-01
7.22178306e-01  7.06156255e-01  3.17233575e-01
7.37803527e-01  4.32213272e-01  2.98227854e-01
3.67533774e-01  8.51999284e-01  4.45198890e-01
4.99789462e-01  9.02551404e-01  2.87601694e-01
5.55307455e-01  8.85755118e-01  7.07341316e-01
5.68410101e-01  9.33444411e-01  4.31473539e-01
5.33253380e-01  1.01163228e+00  4.41945014e-01
7.86517279e-01  7.77373985e-01  8.60797196e-01
7.97106388e-01  7.19284337e-01  8.02033037e-01
5.11892722e-01  6.97625736e-01  8.72064663e-01
3.78548955e-01  8.26541493e-01  3.90586199e-01
3.72167171e-01  8.81414614e-01  3.44193189e-01
3.98550196e-01  8.30408305e-01  4.85518725e-01
7.56505438e-01  8.17201466e-01  7.79384097e-01
6.95912989e-01  4.90489450e-01  7.85886154e-01
5.43584027e-01  5.97328117e-01  8.82718515e-01
3.84946020e-01  3.37408078e-01  8.20196131e-01
7.03700420e-01  3.91115820e-01  8.41789361e-01
4.51886280e-01  3.32447596e-01  4.73243501e-01
6.28810121e-01  4.60701493e-01  3.23525856e-01
4.71073948e-01  8.30729610e-01  6.95197465e-01
7.51712365e-01  7.85100560e-01  5.69517281e-01
6.85312324e-01  9.83876426e-01  3.81302298e-01
6.60135808e-01  9.40773230e-01  7.59095810e-01
5.19866270e-01  3.29669545e-01  6.83640932e-01
9.53999309e-01  5.92315837e-01  4.14354401e-01
7.12022305e-01  4.66444525e-01  5.72337420e-01
8.07854577e-01  4.78361352e-01  6.36085464e-01
8.64471856e-01  4.19605727e-01  8.41576344e-01
3.47920041e-01  4.86912104e-01  4.30795870e-01
3.28813268e-01  7.15204576e-01  5.30245829e-01
3.08192009e-01  3.73048238e-01  6.33149368e-01
3.37411416e-01  9.76545937e-01  3.23173948e-01
6.80295190e-01  7.81715952e-01  5.53893758e-01
7.81599277e-01  7.69753814e-01  7.76695687e-01
8.51290204e-01  5.44597810e-01  4.37554310e-01
5.81379326e-01  4.42910324e-01  4.52965068e-01
7.64721203e-01  4.84600955e-01  3.07809433e-01
6.82766232e-01  6.59354730e-01  7.98577480e-01
5.65080789e-01  5.04581118e-01  7.76462948e-01
9.34391619e-01  4.23610414e-01  4.83967782e-01
4.03188955e-01  5.03571026e-01  5.26815795e-01
4.08016865e-01  6.97042902e-01  3.12814862e-01
3.50553774e-01  3.89683537e-01  6.79623799e-01
7.74862348e-01  8.14736509e-01  3.32327151e-01
7.23308487e-01  8.79696576e-01  5.57416347e-01
5.99884087e-01  3.66790766e-01  3.98490953e-01
9.21044641e-01  9.32110262e-01  6.93689378e-01
3.61728091e-01  7.62569747e-01  4.52344063e-01
9.38337766e-01  2.80759135e-01  8.19156136e-01
6.93095369e-01  4.08778752e-01  8.96222618e-01
9.34319952e-01  4.31449949e-01  8.50537095e-01
9.33168561e-01  4.40476497e-01  7.80760061e-01
9.47229359e-01  9.09027041e-01  6.89868317e-01
5.63768660e-01  9.19979983e-01  3.90613114e-01
7.81732731e-01  8.08168851e-01  6.93389775e-01
9.09329643e-01  3.28370637e-01  8.09210337e-01
8.76881296e-01  6.68070654e-01  5.49426096e-01
8.42155973e-01  8.53951813e-01  8.21430028e-01
3.78730278e-01  1.01193252e+00  6.12013578e-01
5.49102039e-01  9.17290113e-01  4.86998830e-01
7.63873815e-01  8.12536868e-01  3.21660073e-01
4.50043356e-01  4.67742776e-01  8.81278433e-01
7.48337727e-01  7.78622329e-01  2.94386629e-01
6.67674191e-01  6.25933427e-01  7.28304488e-01
5.47366851e-01  5.60349924e-01  6.64310560e-01
7.64024638e-01  7.25986415e-01  7.34627199e-01
3.55304223e-01  9.30049637e-01  8.15442587e-01
9.62648216e-01  3.89939795e-01  8.27992783e-01
8.45643832e-01  5.05747410e-01  6.00936429e-01
5.75991901e-01  4.44529606e-01  6.79679662e-01
3.81694248e-01  4.87928599e-01  5.45866746e-01
8.39026591e-01  6.05279523e-01  5.69739622e-01
8.91838090e-01  9.87769985e-01  3.25465007e-01
9.50228841e-01  7.65834851e-01  7.82309285e-01
6.54754952e-01  6.82841997e-01  7.85246236e-01
6.03579705e-01  6.95794157e-01  3.90878111e-01
5.37157972e-01  6.27452091e-01  5.93103769e-01
5.98480561e-01  4.71865411e-01  5.39119253e-01
8.00738970e-01  8.45909033e-01  3.16536308e-01
6.98433826e-01  4.60811359e-01  3.35766779e-01
4.86451298e-01  5.99162943e-01  9.04428993e-01
3.61419766e-01  9.37472159e-01  7.59178029e-01
3.21564436e-01  4.41642712e-01  6.08188934e-01
5.38547148e-01  6.08205669e-01  3.52643968e-01
5.92934288e-01  7.62888540e-01  8.63465228e-01
4.00004080e-01  5.65681284e-01  2.88026279e-01
4.08424729e-01  5.35897047e-01  4.42622216e-01
5.00123564e-01  3.91316599e-01  3.25308423e-01
3.27430632e-01  8.67266911e-01  4.09473794e-01
6.68976618e-01  1.01353116e+00  5.64357333e-01
4.71634628e-01  4.20868951e-01  3.36698304e-01
9.65052388e-01  8.28842092e-01  3.89639127e-01
5.92253739e-01  4.44048993e-01  3.56753961e-01
8.92644552e-01  5.96751106e-01  7.72474623e-01
3.99213707e-01  7.44610368e-01  4.29936931e-01
8.30781973e-01  9.87574668e-01  6.35891662e-01
4.23341538e-01  9.86508246e-01  7.17630044e-01
4.60686411e-01  3.67496243e-01  6.05431897e-01
4.89646482e-01  5.93314466e-01  4.07262372e-01
3.24857290e-01  4.61307533e-01  7.54676819e-01
7.18497724e-01  5.06505743e-01  2.91987009e-01
3.03215322e-01  7.63747075e-01  7.92403645e-01
6.79700893e-01  6.15411786e-01  3.08164856e-01
3.99162753e-01  3.58412639e-01  8.35435213e-01
8.74211635e-01  6.98791848e-01  9.07282528e-01
6.70031578e-01  1.02037105e+00  6.12238749e-01
3.23099090e-01  7.67737091e-01  4.67537680e-01
9.36623176e-01  4.97971744e-01  7.95605731e-01
7.42307479e-01  9.16309832e-01  3.97097533e-01
8.40653718e-01  8.33134748e-01  6.67499840e-01
3.22603566e-01  6.46291937e-01  5.70844267e-01
7.19499734e-01  7.52910488e-01  2.97746379e-01
7.09399974e-01  2.63123094e-01  9.62123446e-01
8.11609117e-01  3.89172388e-01  3.84375290e-01
7.28207774e-01  8.48076570e-01  8.67308027e-01
3.66428719e-01  8.05331278e-01  6.96465342e-01
7.28788910e-01  4.06870763e-01  5.38370660e-01
7.19194906e-01  7.63141451e-01  5.68725203e-01
7.92062020e-01  7.05314780e-01  3.39128961e-01
6.41047234e-01  8.33829659e-01  8.41513616e-01
4.57220125e-01  7.80980312e-01  5.59416229e-01
6.05039606e-01  5.52737111e-01  8.08644047e-01
8.05403791e-01  6.66429884e-01  6.33667721e-01
6.40545203e-01  1.01428069e+00  7.41373454e-01
5.45290636e-01  9.98294580e-01  5.75377451e-01
3.16257279e-01  3.53341329e-01  4.95675931e-01
8.20136801e-01  6.31160138e-01  2.88278928e-01
5.30009622e-01  2.52180969e-01  9.82456894e-01
6.43861017e-01  5.95965507e-01  8.83000292e-01
3.09659557e-01  9.78287661e-01  7.74200647e-01
7.13262701e-01  7.47836262e-01  8.48032292e-01
8.45013370e-01  8.94129950e-01  4.40600566e-01
4.20016098e-01  1.01432533e+00  4.81135682e-01
3.84758965e-01  4.08287914e-01  7.62285808e-01
3.18964009e-01  9.82461782e-01  3.43018972e-01
5.36718845e-01  5.94283977e-01  7.67198966e-01
6.25905687e-01  9.62433029e-01  4.32308031e-01
6.69877158e-01  6.23254367e-01  6.66642027e-01
9.06707896e-01  9.95431428e-01  6.72710234e-01
5.58859022e-01  7.98979474e-01  5.63414607e-01
8.30430620e-01  5.33055567e-01  2.81650388e-01
9.34189095e-01  3.39211954e-01  7.97516735e-01
4.29141884e-01  3.70153518e-01  7.91020218e-01
9.29171999e-01  4.37147050e-01  3.62843087e-01
4.60727054e-01  8.14103952e-01  3.97182162e-01
4.71276430e-01  7.35084732e-01  6.02968757e-01
6.38691519e-01  7.28076542e-01  5.98874150e-01
8.23681652e-01  9.66282979e-01  7.14467507e-01
8.18311927e-01  8.79068035e-01  5.68796720e-01
6.48407097e-01  6.68560369e-01  7.66025084e-01
5.61464649e-01  9.13023842e-01  8.89548315e-01
5.87445231e-01  3.54458885e-01  6.31340822e-01
4.24378895e-01  8.03342822e-01  6.09679976e-01
5.41756738e-01  3.99007177e-01  5.11874064e-01
6.78643485e-01  5.26024982e-01  3.56981182e-01
4.59172200e-01  5.45715131e-01  8.70571878e-01
6.89347902e-01  5.46614198e-01  6.19344346e-01
8.45113774e-01  8.02591334e-01  6.80936047e-01
7.56172284e-01  7.26341547e-01  9.04633625e-01
8.98311284e-01  8.37986154e-01  5.22405911e-01
8.35065096e-01  4.44395384e-01  8.65724905e-01
7.86116668e-01  4.26166044e-01  4.72215991e-01
8.26353643e-01  9.83793112e-01  6.57239878e-01
4.17015224e-01  5.38713705e-01  4.21880630e-01
6.52789483e-01  4.89993536e-01  3.22570074e-01
8.28496817e-01  6.92787352e-01  7.19248527e-01
6.90628978e-01  1.01677977e+00  3.85570221e-01
8.63607828e-01  8.67262955e-01  4.43684416e-01
5.15038435e-01  4.83728924e-01  6.64659435e-01
7.10438640e-01  9.37126802e-01  6.05869736e-01
6.12000179e-01  6.63402081e-01  5.39540438e-01
8.14381751e-01  8.22089664e-01  3.31539786e-01
8.95155364e-01  5.41408363e-01  7.82812259e-01
7.60293220e-01  9.29800770e-01  8.53261038e-01
3.92814178e-01  4.25520798e-01  4.11755471e-01
9.25039083e-01  6.66776791e-01  4.40775998e-01
7.47705548e-01  5.78140901e-01  5.05611602e-01
7.21130621e-01  8.06325410e-01  6.15395454e-01
3.76858776e-01  6.05224609e-01  6.91941263e-01
4.75929839e-01  9.83547185e-01  6.85484370e-01
5.38988994e-01  5.66530515e-01  3.63483346e-01
9.67164456e-01  8.24373712e-01  2.88592674e-01
8.14178997e-01  7.88222272e-01  5.11732653e-01
9.03255810e-01  4.42807628e-01  7.05774365e-01
4.86470479e-01  5.63704954e-01  6.93579324e-01
3.43037694e-01  5.64409187e-01  6.62852033e-01
5.60893719e-01  8.21985513e-01  6.79346998e-01
4.65925134e-01  4.07326967e-01  5.40078788e-01
7.33032153e-01  9.63194262e-01  6.73387890e-01
6.46541084e-01  1.01422918e+00  5.91374212e-01
7.64061816e-01  5.99988888e-01  5.70204272e-01
7.55352181e-01  4.99471570e-01  6.06378795e-01
7.09874938e-01  9.33623961e-01  7.68813317e-01
6.70921859e-01  5.74903729e-01  4.54697573e-01
4.71974889e-01  7.16754120e-01  8.45573296e-01
3.55645138e-01  5.63350155e-01  7.73430650e-01
7.76478608e-01  9.91599053e-01  2.82689717e-01
5.87254311e-01  3.37220348e-01  8.33274102e-01
7.61296648e-01  1.01424223e+00  7.61221988e-01
3.23235352e-01  3.23506205e-01  5.83284008e-01
9.15521831e-01  9.48131995e-01  6.81082303e-01
9.58334840e-01  7.76303847e-01  6.59091330e-01
4.29636703e-01  6.49591492e-01  4.72747344e-01
7.72115877e-01  3.95815403e-01  6.20168007e-01
3.39413998e-01  3.43554678e-01  8.02100851e-01
3.47228810e-01  9.27033341e-01  3.52397613e-01
9.47011853e-01  3.63168360e-01  3.03400187e-01
8.17821067e-01  7.54862301e-01  3.65762551e-01
9.65104031e-01  4.77300597e-01  6.32580772e-01
6.13950060e-01  9.91508667e-01  5.90955587e-01
6.36897823e-01  4.06534418e-01  5.51337102e-01
6.72019578e-01  6.56278679e-01  5.85391471e-01
6.40147210e-01  4.98116583e-01  6.67450433e-01
4.11920446e-01  1.02150276e+00  8.58388890e-01
7.13302722e-01  4.09590705e-01  8.87025921e-01
8.77853559e-01  9.70323335e-01  7.83844771e-01
8.47812401e-01  6.35235156e-01  7.39092521e-01
3.70722257e-01  3.76204140e-01  6.26151666e-01
7.71303144e-01  3.33683678e-01  7.77352845e-01
4.38576024e-01  6.74463410e-01  6.20599643e-01
4.85812328e-01  8.07587810e-01  4.88981887e-01
5.14719889e-01  5.08314647e-01  8.38068082e-01
3.74511717e-01  5.60386655e-01  5.69403129e-01
5.49053555e-01  8.15912966e-01  4.01292018e-01
3.23543825e-01  7.75181942e-01  5.33082993e-01
8.72661498e-01  1.00421432e+00  8.82083118e-01
9.32097032e-01  8.23239299e-01  7.13461679e-01
6.08681498e-01  8.81931915e-01  4.61187977e-01
8.40359494e-01  4.80944982e-01  4.14899471e-01
7.24870942e-01  9.71867773e-01  3.02866411e-01
5.61028187e-01  4.43844603e-01  5.67499014e-01
8.07369316e-01  9.02889505e-01  5.31302983e-01
8.27963953e-01  9.88212861e-01  8.86345538e-01
6.65881724e-01  9.44282664e-01  7.17996520e-01
7.83917922e-01  8.92001810e-01  8.98999261e-01
7.75574986e-01  9.20907432e-01  5.96626079e-01
7.17133080e-01  9.29109746e-01  5.53531257e-01
4.48554324e-01  3.43613570e-01  2.93834363e-01
8.39856406e-01  5.25288831e-01  7.94802146e-01
7.85937846e-01  4.75707525e-01  2.57202221e-01
5.11242557e-01  9.48387556e-01  4.71333312e-01
5.13968328e-01  3.82139381e-01  3.02463364e-01
3.92252256e-01  8.59078853e-01  3.92214603e-01
6.27352351e-01  8.98972206e-01  3.17476964e-01
6.34778911e-01  4.97179567e-01  5.03708565e-01
2.52963134e-01  9.97810094e-01  7.85549457e-01
6.90325181e-01  9.38711553e-01  5.45502025e-01
9.27380008e-01  9.32327186e-01  6.80626530e-01
6.70947520e-01  5.63764987e-01  4.39248524e-01
7.84166595e-01  1.01936247e+00  7.49503859e-01
5.75514895e-01  4.61096520e-01  9.68861495e-01
6.05630055e-01  4.31379262e-01  4.72613034e-01
6.59271146e-01  4.14822415e-01  4.31037221e-01
3.28959794e-01  3.77871776e-01  3.46976971e-01
2.85174420e-01  2.60623548e-01  7.61541373e-01
5.84210153e-01  3.31620643e-01  3.19828821e-01
5.32112805e-01  3.80499557e-01  3.33974545e-01
9.43022770e-01  9.31093307e-01  8.38269694e-01
5.41390707e-01  7.94183018e-01  5.51273021e-01
9.41398009e-01  9.04243373e-01  3.96645305e-01
3.36269049e-01  7.81590281e-01  8.35128027e-01
3.61214334e-01  9.69494232e-01  6.67320627e-01
6.29227918e-01  9.83087080e-01  3.13520569e-01
7.16048361e-01  7.63515919e-01  2.87035820e-01
9.46935481e-01  8.79970719e-01  6.79323041e-01
9.05534890e-01  6.13775456e-01  5.56984241e-01
3.14828038e-01  8.28309466e-01  4.93332755e-01
9.42756968e-01  5.22003344e-01  4.88270243e-01
4.68910636e-01  7.61248708e-01  6.30626985e-01
3.48085958e-01  7.81743161e-01  5.34017144e-01
8.78452908e-01  3.45499324e-01  5.98692351e-01
3.04716697e-01  7.81643741e-01  7.67685496e-01
9.58843707e-01  3.73461098e-01  3.33139685e-01
8.84935677e-01  3.83295424e-01  6.31880856e-01
9.42238495e-01  5.09550818e-01  8.00933514e-01
6.61514153e-01  7.11526391e-01  8.15951137e-01
6.02557183e-01  7.11532298e-01  5.72336722e-01
5.77725064e-01  4.14286967e-01  4.73205856e-01
5.56114352e-01  6.89812038e-01  7.93646363e-01
4.84883547e-01  4.34275630e-01  3.50275655e-01
5.29743765e-01  6.83331519e-01  6.33011393e-01
7.14609601e-01  6.63885341e-01  8.18662249e-01
7.03967811e-01  6.42912380e-01  6.20659544e-01
9.47232399e-01  9.32284779e-01  8.88691933e-01
8.79474019e-01  6.55158762e-01  4.43259468e-01
9.06126157e-01  4.12224445e-01  6.46690563e-01
8.15992007e-01  3.78084732e-01  4.09926362e-01
9.26116144e-01  3.58352741e-01  8.51274897e-01
8.03868942e-01  5.57474518e-01  4.16488062e-01
3.84201275e-01  1.00162024e+00  7.76357566e-01
8.97860438e-01  6.60457618e-01  3.56980252e-01
7.91322538e-01  6.19837654e-01  6.90966097e-01
7.32749526e-01  8.79790694e-01  6.02873130e-01
4.94137506e-01  4.90203617e-01  9.35601988e-01
5.64266578e-01  9.25929226e-01  5.50960980e-01
5.49274563e-01  3.66966499e-01  7.74993841e-01
9.20120820e-01  5.45287796e-01  3.68698556e-01
3.94196867e-01  9.48067162e-01  4.05208968e-01
6.27955476e-01  4.00998610e-01  7.50974621e-01
3.91709239e-01  4.77035406e-01  7.35823047e-01
4.15179904e-01  5.01211694e-01  4.78960454e-01
7.13330688e-01  2.85556591e-01  2.60370752e-01
4.83738120e-01  4.02089892e-01  4.57656761e-01
4.17235164e-01  3.63706270e-01  5.92787957e-01
8.57658836e-01  7.35077011e-01  5.62704680e-01
3.90538106e-01  7.37837285e-01  8.09316304e-01
8.71517658e-01  5.08352449e-01  6.33876331e-01
5.27345804e-01  7.56944263e-01  4.96413253e-01
9.37167739e-01  7.79139152e-01  7.79972542e-01
8.01744466e-01  5.08988076e-01  6.97986197e-01
3.72554942e-01  7.30599177e-01  6.90757464e-01
3.52225147e-01  9.37045876e-01  5.87259180e-01
9.33593299e-01  9.31553735e-01  8.06908125e-01
4.89063572e-01  4.61717772e-01  5.42299429e-01
9.60638802e-01  5.97790710e-01  5.30266905e-01
7.45746017e-01  3.19802300e-01  3.09365454e-01
9.04724261e-01  4.04265258e-01  8.75220010e-01
3.83828642e-01  8.36871932e-01  7.16031654e-01
7.30547168e-01  4.68262434e-01  4.79928447e-01
8.64662493e-01  4.34554981e-01  8.12291771e-01
9.20335945e-01  7.57149066e-01  7.71525586e-01
8.84860750e-01  6.59918524e-01  3.43936473e-01
5.08803159e-01  4.44046933e-01  4.76702967e-01
4.63989130e-01  7.96810292e-01  7.40552976e-01
6.73714099e-01  8.28656639e-01  7.99952952e-01
4.23658336e-01  6.33061078e-01  4.03951633e-01
4.80040651e-01  6.36310969e-01  6.04870348e-01
7.60656311e-01  7.36589075e-01  7.13291735e-01
7.47790811e-01  8.30008453e-01  4.78296062e-01
8.97015125e-01  9.50864334e-01  5.07081575e-01
3.10752353e-01  1.00965805e+00  8.03548340e-01
3.44953792e-01  5.18732778e-01  2.97136099e-01
9.58583420e-01  9.84854842e-01  7.94591143e-01
6.98941104e-01  7.44819242e-01  5.03850030e-01
7.24189119e-01  3.34494061e-01  5.52574709e-01
4.07534324e-01  7.96748430e-01  7.43172502e-01
9.27113752e-01  7.41210065e-01  8.54843323e-01
8.07927463e-01  3.48945519e-01  5.87376730e-01
4.06027510e-01  6.03508826e-01  7.22407194e-01
3.57888966e-01  8.36538308e-01  3.07087027e-01
3.76836009e-01  3.78433133e-01  7.56380002e-01
5.50888737e-01  7.92004063e-01  4.31244731e-01
3.35490836e-01  5.38858681e-01  4.04503617e-01
6.36472269e-01  3.31376111e-01  8.50422125e-01
8.99507587e-01  8.33584100e-01  4.67096195e-01
5.10519284e-01  8.80656444e-01  8.12863866e-01
6.07903237e-01  3.19223302e-01  4.70069710e-01
5.53300849e-01  4.28565041e-01  5.98286266e-01
7.69445536e-01  9.60984189e-01  6.90038200e-01
7.75645074e-01  6.37337181e-01  7.47906612e-01
7.34589331e-01  9.83400682e-01  4.47299192e-01
9.45052434e-01  3.32986647e-01  4.04814688e-01
9.28205671e-01  4.29424483e-01  6.40198383e-01
3.19585270e-01  4.62753859e-01  8.87871832e-01
6.22608715e-01  4.20642971e-01  4.32743320e-01
5.23682541e-01  3.33864525e-01  6.02976913e-01
7.65487616e-01  3.38068382e-01  8.55976932e-01
7.70891761e-01  1.00046914e+00  4.22321543e-01
5.84499891e-01  9.49648973e-01  3.65644487e-01
6.48162980e-01  5.23053695e-01  2.96894177e-01
6.42315543e-01  1.00273346e+00  7.12155367e-01
5.50661528e-01  6.87143112e-01  5.44055866e-01
7.22176365e-01  7.80196244e-01  6.91305145e-01
7.15147156e-01  8.67078422e-01  5.04094128e-01
6.82073886e-01  8.77846117e-01  3.68208976e-01
6.33973627e-01  6.18265391e-01  6.21567031e-01
6.45526481e-01  3.28736094e-01  5.63442777e-01
8.43936192e-01  6.04800385e-01  7.87345894e-01
6.49352458e-01  6.01551457e-01  6.90715097e-01
8.03592143e-01  5.11511679e-01  5.63798824e-01
6.73940969e-01  5.96631376e-01  3.72690689e-01
4.64752242e-01  8.67743959e-01  4.66156379e-01
6.34751246e-01  9.52253591e-01  4.44009105e-01
7.13421066e-01  7.34660021e-01  7.51448125e-01
7.20663416e-01  9.01966996e-01  4.64761516e-01
5.46123317e-01  7.58381399e-01  6.66017105e-01
6.35057039e-01  8.16708140e-01  3.36368867e-01
3.02258947e-01  7.71188115e-01  8.26407387e-01
5.24358614e-01  6.87515682e-01  5.48541962e-01
3.95469696e-01  4.39758154e-01  2.88286661e-01
8.00567549e-01  5.28581322e-01  5.55311298e-01
7.84075870e-01  9.64485161e-01  7.31013756e-01
5.56786422e-01  8.94223877e-01  6.50192768e-01
3.33224756e-01  6.54623416e-01  6.40309267e-01
3.76057597e-01  4.72715895e-01  7.17577146e-01
7.39091857e-01  8.09005287e-01  6.56766338e-01
7.98992513e-01  9.76197980e-01  3.51444896e-01
6.35244976e-01  7.29712236e-01  4.64381908e-01
7.94218012e-01  3.87457862e-01  4.75166810e-01
6.93747608e-01  6.52408729e-01  5.28670804e-01
8.43343173e-01  7.47378536e-01  3.18089166e-01
8.98326656e-01  5.54069768e-01  3.50444695e-01
4.33411646e-01  8.83657000e-01  6.80767361e-01
8.75303848e-01  4.90579863e-01  4.23492564e-01
3.66636665e-01  1.02254920e+00  6.62339249e-01
4.16948215e-01  3.41664867e-01  5.46319561e-01
8.70687125e-01  9.17732265e-01  4.50300755e-01
8.31786957e-01  4.69015389e-01  7.03755671e-01
3.78029756e-01  7.27319689e-01  6.23575493e-01
7.97809906e-01  7.17399900e-01  7.64271453e-01
8.25969741e-01  9.52256761e-01  3.70027000e-01
5.74519348e-01  7.27460470e-01  3.80570834e-01
9.57990960e-01  4.08550451e-01  3.23209028e-01
8.52815068e-01  6.86596339e-01  8.58681508e-01
9.16989310e-01  3.91119514e-01  5.70793965e-01
8.13193040e-01  5.90531177e-01  5.83722148e-01
3.17815317e-01  6.13985063e-01  4.99414669e-01
4.85782101e-01  8.88247076e-01  5.04162305e-01
8.85319372e-01  3.68869591e-01  6.81270382e-01
4.21971166e-01  5.39326005e-01  7.23068707e-01
7.68378362e-01  3.93860655e-01  3.84284301e-01
4.27166307e-01  7.52195653e-01  6.24340204e-01
5.58168999e-01  8.99775472e-01  3.55063526e-01
6.96921538e-01  8.23610817e-01  8.30283803e-01
8.30376370e-01  8.07979201e-01  4.86205963e-01
3.01950949e-01  4.92303346e-01  3.90127699e-01
9.18255998e-01  6.79826046e-01  6.84841630e-01
6.28022623e-01  1.00133118e+00  3.01532325e-01
6.84391901e-01  4.78399707e-01  6.46831335e-01
6.69310857e-01  3.77249594e-01  6.50464933e-01
3.29331814e-01  7.98953581e-01  7.05956922e-01
7.30049289e-01  3.37783359e-01  7.75386891e-01
6.55337907e-01  6.06422992e-01  3.22439182e-01
8.94139292e-01  4.41015977e-01  6.08495555e-01
3.59563322e-01  6.21491559e-01  8.69639931e-01
4.42904219e-01  4.47585103e-01  3.98876210e-01
6.28027311e-01  6.20056647e-01  7.01275927e-01
4.00156439e-01  6.36665086e-01  6.98737622e-01
6.07549507e-01  6.18567014e-01  7.24263151e-01
8.44697280e-01  7.97439456e-01  5.12687386e-01
8.54073658e-01  7.73645875e-01  4.53388143e-01
5.31474710e-01  4.83728354e-01  4.85056963e-01
9.55568313e-01  7.87874489e-01  6.58291403e-01
6.15545420e-01  9.01944288e-01  5.61727008e-01
4.23339509e-01  9.31556246e-01  4.29939124e-01
9.07782491e-01  8.20756317e-01  8.19568823e-01
5.07041631e-01  4.83252551e-01  5.45996308e-01
4.81417043e-01  8.74231413e-01  3.85001061e-01
8.39211824e-01  6.12008006e-01  4.28184199e-01
9.00754119e-01  5.08199941e-01  6.02696638e-01
3.50049022e-01  5.84261055e-01  6.89443147e-01
6.51485703e-01  6.55560551e-01  8.33653175e-01
4.75528678e-01  9.74361949e-01  3.94869021e-01
6.03303341e-01  5.96447315e-01  7.68287984e-01
8.38571665e-01  9.29939880e-01  3.70097568e-01
3.79245581e-01  7.85194878e-01  7.45838792e-01
5.64646655e-01  8.54843737e-01  5.98952231e-01
3.40950210e-01  5.84616943e-01  8.66453249e-01
3.76745767e-01  9.88594612e-01  6.80575406e-01
7.41652412e-01  6.08965961e-01  7.55499474e-01
8.77778483e-01  8.93750557e-01  8.42711289e-01
3.60831787e-01  8.81103871e-01  3.75076583e-01
8.59229539e-01  1.00589491e+00  8.99369465e-01
3.11989190e-01  1.00168460e+00  7.80212041e-01
5.12118777e-01  6.17139594e-01  3.01799045e-01
8.42821719e-01  6.98552888e-01  7.18173165e-01
3.75367252e-01  7.42509094e-01  2.84127874e-01
7.48081642e-01  6.82725955e-01  8.83945321e-01
4.14401061e-01  7.95245826e-01  7.74125476e-01
3.28864578e-01  7.81409271e-01  3.73368756e-01
4.14515909e-01  7.16742901e-01  3.46191798e-01
4.23307063e-01  5.25864233e-01  5.79935576e-01
6.23885029e-01  5.25929882e-01  7.57993248e-01
4.20204942e-01  4.35788183e-01  7.02350976e-01
8.06996675e-01  8.90700941e-01  5.99672637e-01
3.89769356e-01  7.56312885e-01  5.02202001e-01
6.88907706e-01  4.34178997e-01  6.43795194e-01
6.54436644e-01  7.87358824e-01  8.16478558e-01
6.64198797e-01  6.70899092e-01  7.72321826e-01
8.61764390e-01  4.70765219e-01  5.43309727e-01
3.16296257e-01  4.27900541e-01  6.84642516e-01
5.82280180e-01  3.98693948e-01  3.84887673e-01
9.12959340e-01  8.90475812e-01  2.50932081e-01
9.31493782e-01  9.58926687e-01  7.56906581e-01
9.06002648e-01  7.40435672e-01  6.17212030e-01
5.06546898e-01  8.81457634e-01  3.63983722e-01
6.34858536e-01  3.29077072e-01  2.99324653e-01
4.91598316e-01  7.53854371e-01  4.18393395e-01
5.26666719e-01  5.52118307e-01  3.04824785e-01
3.52970868e-01  4.46939578e-01  4.38447344e-01
5.79189080e-01  5.79307664e-01  6.84491835e-01
7.30249594e-01  3.61951821e-01  8.64145897e-01
4.29508478e-01  3.20245885e-01  4.90971248e-01
7.12046855e-01  1.01350820e+00  2.88464745e-01
6.15217802e-01  5.61712164e-01  4.90799634e-01
4.51479263e-01  9.29801636e-01  7.27190934e-01
5.50203513e-01  9.66984719e-01  6.22384968e-01
8.91922570e-01  3.86057937e-01  6.61813259e-01
8.55293014e-01  4.03895296e-01  6.15733127e-01
8.26652527e-01  4.22562894e-01  6.32840107e-01
4.13811192e-01  4.91628831e-01  8.24211312e-01
5.38303204e-01  3.34892792e-01  3.89760026e-01
7.80117222e-01  7.45087276e-01  5.61327142e-01
3.06694585e-01  8.07244574e-01  7.56430622e-01
4.20168081e-01  9.30950083e-01  4.90022314e-01
8.59472292e-01  8.19829702e-01  3.46821680e-01
5.73024772e-01  8.93853666e-01  6.83549292e-01
6.60694668e-01  6.97179286e-01  4.54523611e-01
5.48873435e-01  8.60951914e-01  6.09718502e-01
4.64245201e-01  4.99436352e-01  3.21439404e-01
7.68736080e-01  9.62353013e-01  4.03024185e-01
5.13099506e-01  8.24263473e-01  7.44237485e-01
7.88114185e-01  7.23300447e-01  4.23163660e-01
6.61479745e-01  4.33861706e-01  4.35751637e-01
4.01801671e-01  5.84327091e-01  3.48581429e-01
4.89233895e-01  8.69059393e-01  6.02785823e-01
5.73034071e-01  5.47018632e-01  8.78258423e-01
9.19413627e-01  7.51289121e-01  4.31988186e-01
6.57775938e-01  7.52692310e-01  8.52542227e-01
3.54837577e-01  6.98980491e-01  7.44332595e-01
3.73496036e-01  8.87065901e-01  7.48158540e-01
9.33955343e-01  6.34965944e-01  3.20056034e-01
8.97480519e-01  8.60588094e-01  7.58094618e-01
6.76519804e-01  3.71897676e-01  2.96665240e-01
8.66515782e-01  3.39737337e-01  5.20789109e-01
4.58781810e-01  7.86066295e-01  4.15962280e-01
4.06388598e-01  5.05313367e-01  3.19236485e-01
4.07321993e-01  9.31708777e-01  4.79812195e-01
8.77406126e-01  6.23789019e-01  3.25260989e-01
8.71375480e-01  9.07694075e-01  4.19363558e-01
6.91037798e-01  9.30248947e-01  7.01387788e-01
5.93855882e-01  5.96921956e-01  7.40128278e-01
4.19772225e-01  9.76594745e-01  7.29573582e-01
9.15103741e-01  4.50590466e-01  8.69725031e-01
3.16199726e-01  7.70889770e-01  3.76293281e-01
3.63996083e-01  7.34700656e-01  3.29112401e-01
2.65565992e-01  8.30637249e-01  9.21913326e-01
9.00190008e-01  6.57709623e-01  7.00993210e-01
5.78281518e-01  9.48574569e-01  4.07672209e-01
7.04884196e-01  4.74577803e-01  7.56060839e-01
4.60449352e-01  5.86698269e-01  7.84587009e-01
3.17846942e-01  9.06443902e-01  4.17310546e-01
8.61570344e-01  4.97330763e-01  8.81106061e-01
3.36220749e-01  3.61140338e-01  6.89928733e-01
3.14129803e-01  3.91389950e-01  5.50788551e-01
5.12610981e-01  6.61314781e-01  4.51639245e-01
5.72068421e-01  3.80432203e-01  8.37811302e-01
6.29733927e-01  7.85005937e-01  8.10046666e-01
6.93707693e-01  4.79575741e-01  9.04210168e-01
3.28807504e-01  6.35624563e-01  6.92015418e-01
6.47835562e-01  4.40576249e-01  7.41543045e-01
3.92043836e-01  5.17201453e-01  7.96947845e-01
8.98612462e-01  8.07042719e-01  7.44285700e-01
6.34149046e-01  7.92759787e-01  6.52138996e-01
7.93982578e-01  8.37373047e-01  8.69995522e-01
6.46444645e-01  9.28923952e-01  4.91409295e-01
7.69163369e-01  6.65914163e-01  7.99369021e-01
5.44489538e-01  1.00249523e+00  7.67673079e-01
8.36051622e-01  5.23985850e-01  3.16992639e-01
7.07498742e-01  3.89359488e-01  3.70314326e-01
7.45020061e-01  6.20467995e-01  5.70090337e-01
3.54815401e-01  7.76610680e-01  6.63243117e-01
4.66965875e-01  7.36163606e-01  8.56948368e-01
3.72933305e-01  8.00584833e-01  8.15039793e-01
7.21976132e-01  7.33160924e-01  7.08320708e-01
5.50339799e-01  6.88019572e-01  5.57494569e-01
9.22362926e-01  7.03005664e-01  3.96487243e-01
6.54773567e-01  5.33508181e-01  8.41650551e-01
9.48481484e-01  7.23461778e-01  5.41026801e-01
7.43441376e-01  8.22215866e-01  6.60268256e-01
6.31917711e-01  7.98945988e-01  3.52923962e-01
6.66083843e-01  7.67317001e-01  4.44225741e-01
8.97268921e-01  6.80376751e-01  3.10933471e-01
3.77165903e-01  5.05970928e-01  3.19817069e-01
7.00583999e-01  6.34578625e-01  4.27599515e-01
3.37060401e-01  6.12575114e-01  5.43958751e-01
7.08810208e-01  3.72389542e-01  3.69130739e-01
6.87290651e-01  6.43528443e-01  3.03752873e-01
4.06661080e-01  9.33106776e-01  5.02753026e-01
3.56630262e-01  7.76005568e-01  4.58459126e-01
6.45218190e-01  6.11188557e-01  6.23320904e-01
3.59617208e-01  1.02093018e+00  5.87198904e-01
4.92347959e-01  7.33206382e-01  3.76243344e-01
9.49303070e-01  9.25395670e-01  3.07040849e-01
4.66954664e-01  7.07663245e-01  7.41884478e-01
3.25804737e-01  3.69571930e-01  7.86757186e-01
8.29599904e-01  4.65694952e-01  3.56460623e-01
6.63467485e-01  8.41564086e-01  5.21979421e-01
9.58417990e-01  8.64965474e-01  6.33503130e-01
5.39456805e-01  6.78320455e-01  4.08942147e-01
7.87360818e-01  9.71360163e-01  5.39072398e-01
6.79815580e-01  6.55114055e-01  8.10024824e-01
8.33201465e-01  3.94882967e-01  7.86705493e-01
8.75798562e-01  4.79153590e-01  4.98256815e-01
3.53245239e-01  3.56103358e-01  8.85978333e-01
4.22194164e-01  7.36806257e-01  7.26249088e-01
7.40097543e-01  9.25455761e-01  6.70197757e-01
3.63887709e-01  5.72026957e-01  3.76489264e-01
9.04073926e-01  5.09247729e-01  3.21761648e-01
8.93790226e-01  8.71859708e-01  7.13763630e-01
3.58950490e-01  5.19903678e-01  3.75000929e-01
4.94661508e-01  3.73992275e-01  4.99038657e-01
4.31464378e-01  5.07209485e-01  8.32642529e-01
5.33034383e-01  8.34212220e-01  5.76961255e-01
6.56913298e-01  6.19055473e-01  5.39402128e-01
3.56697022e-01  6.67348602e-01  3.39673814e-01
3.91857568e-01  3.19005503e-01  3.18477474e-01
3.57748499e-01  3.41578755e-01  6.28837885e-01
7.38369073e-01  8.08969081e-01  4.09980513e-01
8.35923785e-01  9.78569669e-01  3.31340007e-01
9.26890924e-01  4.64182004e-01  4.46083389e-01
