9.03682086e-01  9.97969595e-01  9.72279388e-01
3.08626948e-01  7.73625026e-01  8.32501831e-01
4.51028315e-01  8.69289091e-01  5.33688203e-01
7.74285531e-01  5.55991663e-01  7.10971333e-01
9.85050766e-01  8.29176433e-01  4.70329572e-01
4.01117871e-01  3.75567920e-01  3.71193871e-01
7.77782691e-01  3.95192012e-01  4.20260134e-01
7.78719104e-01  7.95002948e-01  7.00394004e-01
3.24018323e-01  5.65474146e-01  9.30431825e-01
6.42750753e-01  5.94868727e-01  2.84549428e-01
6.67760040e-01  3.02062674e-01  5.62919917e-01
7.96543668e-01  6.03667873e-01  5.75754140e-01
4.29861452e-01  2.97192898e-01  9.42307845e-01
8.83904751e-01  4.83445483e-01  3.55916597e-01
3.21546591e-01  9.59600478e-01  9.11282483e-01
5.73383584e-01  4.74935846e-01  9.32542305e-01
9.21290288e-01  8.12041536e-01  7.37169268e-01
6.17603464e-01  2.69954972e-01  6.21841330e-01
6.22536451e-01  8.50995948e-01  8.64468110e-01
4.56442770e-01  8.21982875e-01  8.10332167e-01
2.96830519e-01  3.27751283e-01  9.53636548e-01
9.68874335e-01  4.08810268e-01  4.85079242e-01
5.92549613e-01  3.11304165e-01  6.69095134e-01
7.18210390e-01  7.27626195e-01  7.49902992e-01
5.28917536e-01  3.88169596e-01  6.61364798e-01
5.22736693e-01  7.00728131e-01  6.05846592e-01
2.98344244e-01  9.71947660e-01  5.80487573e-01
2.55566244e-01  6.08166161e-01  5.35791031e-01
9.83089149e-01  7.42331529e-01  9.00235553e-01
7.17523523e-01  4.13837735e-01  4.77304461e-01
8.72663140e-01  6.78345123e-01  5.56718995e-01
3.43969049e-01  6.70990865e-01  9.81860842e-01
6.55018558e-01  8.81358988e-01  9.62590133e-01
2.76468044e-01  8.87906822e-01  5.38735066e-01
3.94273079e-01  5.07898163e-01  8.78679675e-01
4.12195062e-01  6.91445741e-01  2.61245910e-01
7.19414775e-01  4.15319022e-01  5.08990071e-01
8.53667293e-01  7.33988217e-01  4.29024753e-01
5.35163882e-01  6.34828464e-01  7.26362560e-01
4.58590571e-01  9.09678863e-01  6.81028179e-01
9.39123310e-01  5.31841130e-01  7.38968761e-01
8.14476319e-01  4.67275672e-01  9.72282054e-01
4.54743259e-01  4.83833271e-01  9.36747357e-01
3.43575608e-01  6.23540934e-01  5.08456938e-01
7.08127708e-01  4.32098294e-01  9.71447345e-01
7.10883798e-01  7.90184648e-01  3.64281893e-01
2.74326206e-01  3.29399388e-01  7.25992535e-01
7.43588205e-01  8.68661108e-01  8.09904162e-01
9.61891810e-01  8.75052920e-01  8.20030765e-01
9.79759744e-01  8.24934129e-01  8.32659963e-01
7.93784718e-01  2.54839346e-01  8.97287114e-01
2.69578430e-01  4.08595424e-01  3.76328500e-01
6.47686015e-01  4.00414128e-01  6.48275510e-01
8.50699727e-01  9.72773254e-01  3.18946376e-01
3.87577244e-01  4.93043575e-01  6.53700515e-01
3.12695731e-01  7.96468820e-01  3.15503307e-01
4.48820646e-01  5.91491264e-01  5.69460858e-01
6.58622682e-01  6.29027093e-01  2.63260805e-01
7.88077385e-01  8.58026202e-01  8.04982993e-01
5.06786642e-01  4.80434505e-01  4.60456127e-01
3.68939700e-01  5.93925453e-01  7.97696461e-01
4.63720578e-01  9.93590262e-01  8.45738126e-01
8.21019190e-01  3.67796665e-01  9.10039840e-01
5.75652440e-01  5.00534701e-01  5.68812288e-01
7.73792864e-01  6.65559453e-01  3.63266980e-01
