4.58449015e-01  9.97725424e-01  8.86445162e-01
7.27373918e-01  6.74189884e-01  8.67168077e-01
9.53885894e-01  9.73964865e-01  6.07590980e-01
9.71666955e-01  4.52335211e-01  9.75965835e-01
8.59768604e-01  5.26677643e-01  4.31204265e-01
9.65655218e-01  8.08379469e-01  4.27637526e-01
8.12313852e-01  9.67301387e-01  9.19385206e-01
3.65613760e-01  7.79894631e-01  7.61560980e-01
4.98043292e-01  9.10159667e-01  7.27745422e-01
6.42264490e-01  8.74324146e-01  9.37150423e-01
3.16257279e-01  3.53341329e-01  4.95675931e-01
9.22011129e-01  4.86827861e-01  8.41125776e-01
6.96153940e-01  8.16413394e-01  2.64555241e-01
4.75657118e-01  6.11483791e-01  2.83072160e-01
9.32123607e-01  8.92600490e-01  9.51214941e-01
9.53386340e-01  4.06001761e-01  2.83185154e-01
8.82064463e-01  3.58915451e-01  8.03726689e-01
8.53923926e-01  9.96677866e-01  4.38231608e-01
5.13664706e-01  4.96736482e-01  6.30329369e-01
4.97190724e-01  4.01380187e-01  9.99329738e-01
9.41952790e-01  6.40030092e-01  3.61445009e-01
4.02209639e-01  4.17636325e-01  3.73599589e-01
2.88078346e-01  7.69897279e-01  8.97325243e-01
3.90110622e-01  9.69828214e-01  8.96936614e-01
9.09943338e-01  5.65659776e-01  8.17342358e-01
6.37286344e-01  4.69115373e-01  2.69408277e-01
8.02943015e-01  3.29873443e-01  8.47509643e-01
8.92861655e-01  8.91338239e-01  6.31359914e-01
5.93071835e-01  8.76427957e-01  7.74453962e-01
7.19641763e-01  4.27842579e-01  6.68947067e-01
4.13598514e-01  6.27749594e-01  2.92781952e-01
9.45228916e-01  5.48382181e-01  6.14933781e-01
9.83171495e-01  7.53259149e-01  4.25091208e-01
9.41583191e-01  2.71021950e-01  5.37040212e-01
7.25241721e-01  6.69291957e-01  2.50779692e-01
4.26308293e-01  7.80546911e-01  7.14842493e-01
9.68612751e-01  4.15008961e-01  4.46852389e-01
2.79971547e-01  7.18792804e-01  5.18495025e-01
9.29545573e-01  8.62167172e-01  6.68658750e-01
6.92656318e-01  8.92456942e-01  4.37385086e-01
9.53883593e-01  2.95876881e-01  3.35548571e-01
9.84121883e-01  7.22864985e-01  7.21502053e-01
4.43873012e-01  8.59275230e-01  3.53595250e-01
8.40988600e-01  9.60765241e-01  9.24149332e-01
4.89430809e-01  9.81121526e-01  6.00620632e-01
8.22436728e-01  4.29028103e-01  7.04630031e-01
8.28496817e-01  6.92787352e-01  7.19248527e-01
9.65052388e-01  8.28842092e-01  3.89639127e-01
8.22919931e-01  8.43611354e-01  2.96736029e-01
5.30009622e-01  2.52180969e-01  9.82456894e-01
4.86198871e-01  8.69312310e-01  4.54397988e-01
8.03131968e-01  2.94930206e-01  3.24664002e-01
6.82058760e-01  4.05559925e-01  3.48433309e-01
5.48265671e-01  3.39253738e-01  3.04197646e-01
4.49156164e-01  3.00474342e-01  2.82335260e-01
9.58202860e-01  7.77344022e-01  8.63700137e-01
7.34061004e-01  2.69947669e-01  8.90436004e-01
9.38337766e-01  2.80759135e-01  8.19156136e-01
2.61887000e-01  5.25629220e-01  7.18797100e-01
9.08579429e-01  2.95021974e-01  5.51336634e-01
8.29191858e-01  2.92392485e-01  7.81132692e-01
9.17980440e-01  5.75214633e-01  3.63783775e-01
7.80019444e-01  3.67177309e-01  7.41488073e-01
9.42722626e-01  3.43059292e-01  6.54725156e-01
5.63136163e-01  8.67206844e-01  8.74972337e-01
7.19720864e-01  4.32494274e-01  5.71682442e-01
6.58762494e-01  8.90692662e-01  9.32442784e-01
4.71974889e-01  7.16754120e-01  8.45573296e-01
8.86480497e-01  3.93354009e-01  7.96533234e-01
9.93103692e-01  2.63942688e-01  2.64827534e-01
8.14586424e-01  9.57946093e-01  3.41732246e-01
3.05854388e-01  2.64511314e-01  7.29359753e-01
8.99122817e-01  4.08306814e-01  8.48104712e-01
3.52344620e-01  3.43024825e-01  8.33579062e-01
3.90987648e-01  8.11703738e-01  4.94919229e-01
9.83284163e-01  7.44202839e-01  6.87237432e-01
2.94877155e-01  3.10008543e-01  6.18178452e-01
8.30379071e-01  9.27309022e-01  3.54271657e-01
8.27732401e-01  7.74557669e-01  3.14437800e-01
8.38481364e-01  2.73680709e-01  7.16937922e-01
3.90155169e-01  8.94290501e-01  3.04612235e-01
6.98382825e-01  4.92967571e-01  7.36059965e-01
8.04568401e-01  9.20320289e-01  4.41667490e-01
5.61435856e-01  2.73375901e-01  2.93735915e-01
8.21516618e-01  5.08150399e-01  5.47612781e-01
6.06353821e-01  3.31574016e-01  6.68517178e-01
9.80433429e-01  2.87497169e-01  9.98590774e-01
4.37970497e-01  4.18560731e-01  2.87043945e-01
6.39410968e-01  5.67361572e-01  6.96509879e-01
5.32550753e-01  4.18999982e-01  9.87245652e-01
2.86855050e-01  2.65243613e-01  6.37219979e-01
8.68294417e-01  6.99934946e-01  9.57724126e-01
9.44354312e-01  7.50616968e-01  2.66178112e-01
9.08860479e-01  4.44752226e-01  7.21474425e-01
8.05159797e-01  5.01575767e-01  9.98743647e-01
9.02473621e-01  2.63171170e-01  4.86606420e-01
4.77300570e-01  8.85568656e-01  4.11784679e-01
2.82325176e-01  4.76189040e-01  4.41957301e-01
8.40217560e-01  6.53723510e-01  2.61407040e-01
7.09399974e-01  2.63123094e-01  9.62123446e-01
7.65757911e-01  2.54456132e-01  7.58761110e-01
9.59659747e-01  4.36634498e-01  9.07629229e-01
7.85937846e-01  4.75707525e-01  2.57202221e-01
7.50971781e-01  8.10827015e-01  7.26152057e-01
3.83295205e-01  7.91801673e-01  3.90659288e-01
9.90726681e-01  9.71655702e-01  4.69912900e-01
4.20865073e-01  5.14919329e-01  8.34879720e-01
8.45813187e-01  6.17765718e-01  9.28558980e-01
6.49565476e-01  3.81357498e-01  8.84968438e-01
6.18663332e-01  8.41178005e-01  4.85676488e-01
7.88346869e-01  5.04312175e-01  4.61900320e-01
2.62365000e-01  8.09203490e-01  7.67730139e-01
7.59934741e-01  9.04677470e-01  8.66562272e-01
5.75514895e-01  4.61096520e-01  9.68861495e-01
5.49146249e-01  4.51340438e-01  2.64856843e-01
6.02145445e-01  2.88566176e-01  8.93392770e-01
3.20104256e-01  3.10223227e-01  7.52022623e-01
5.79259019e-01  7.47624713e-01  9.68269293e-01
6.48019612e-01  5.07280033e-01  7.38538686e-01
3.99213707e-01  7.44610368e-01  4.29936931e-01
5.78207796e-01  2.85723885e-01  4.66402783e-01
9.63471126e-01  5.73326637e-01  2.74238854e-01
5.57318631e-01  8.35295757e-01  8.85587678e-01
2.80207455e-01  8.67995160e-01  4.02353472e-01
3.69248672e-01  8.45597354e-01  8.31606882e-01
3.14021744e-01  4.43801397e-01  4.69495449e-01
3.45093299e-01  3.33719993e-01  7.65181826e-01
3.47061615e-01  4.14609174e-01  4.68548781e-01
4.86515842e-01  5.10767905e-01  6.61158227e-01
4.27310330e-01  3.89010171e-01  8.07771201e-01
6.41240267e-01  7.32466083e-01  5.39018818e-01
6.98984120e-01  6.54375665e-01  6.13623448e-01
9.35844757e-01  8.89323966e-01  6.80735241e-01
8.53409943e-01  7.70647113e-01  9.54406304e-01
3.51234093e-01  8.94002948e-01  8.98750380e-01
5.92232938e-01  3.48659149e-01  7.88231241e-01
8.63806171e-01  3.08284323e-01  9.18203806e-01
5.81379326e-01  4.42910324e-01  4.52965068e-01
4.68910636e-01  7.61248708e-01  6.30626985e-01
6.30449604e-01  8.81473526e-01  2.74370783e-01
3.09712186e-01  4.14811276e-01  3.77948509e-01
5.44269882e-01  7.27864333e-01  2.69483747e-01
8.57135879e-01  5.70237418e-01  9.56378846e-01
5.04784742e-01  4.48740079e-01  7.19493813e-01
9.69309028e-01  3.88828696e-01  7.74601591e-01
4.87482913e-01  8.20382852e-01  9.64986777e-01
7.55605988e-01  3.00629109e-01  9.32607658e-01
2.75935005e-01  7.35623629e-01  8.05435843e-01
2.63461880e-01  6.83294132e-01  8.68995895e-01
4.53547366e-01  3.30920615e-01  3.48264809e-01
4.18600685e-01  7.68014793e-01  2.93444540e-01
7.70978739e-01  7.53050150e-01  7.05752691e-01
8.15992007e-01  3.78084732e-01  4.09926362e-01
7.91322538e-01  6.19837654e-01  6.90966097e-01
7.37854553e-01  8.63930476e-01  3.41174255e-01
8.53475888e-01  9.25601814e-01  2.71670374e-01
8.11609117e-01  3.89172388e-01  3.84375290e-01
7.61529848e-01  3.15709953e-01  4.65895939e-01
8.81849691e-01  3.22321329e-01  8.56423008e-01
6.98034073e-01  3.74880771e-01  2.52944143e-01
6.70838081e-01  4.84062305e-01  4.31562645e-01
4.46156375e-01  7.14586283e-01  5.78981234e-01
8.91564863e-01  5.30968576e-01  9.60942268e-01
7.00784573e-01  9.79745219e-01  9.95277044e-01
9.57552944e-01  7.37086951e-01  8.97133386e-01
5.60167964e-01  4.29795104e-01  2.70096620e-01
7.13330688e-01  2.85556591e-01  2.60370752e-01
8.20404307e-01  5.12179806e-01  2.51841341e-01
7.12434280e-01  9.34944132e-01  8.80117419e-01
5.13167479e-01  7.33980573e-01  4.03966932e-01
8.71517658e-01  5.08352449e-01  6.33876331e-01
7.45221556e-01  3.16208197e-01  9.88990547e-01
2.79808449e-01  4.75994908e-01  5.32807287e-01
4.81957607e-01  8.56687159e-01  7.33225038e-01
7.51562868e-01  2.81320811e-01  6.41829405e-01
3.45510261e-01  4.11088109e-01  1.00003518e+00
2.79853193e-01  4.61183644e-01  2.88726969e-01
9.90268505e-01  3.50028060e-01  6.39661295e-01
8.81761332e-01  8.53922700e-01  3.25613171e-01
8.89772621e-01  3.99915581e-01  2.83808426e-01
2.69210754e-01  2.61100558e-01  6.37518002e-01
3.42853602e-01  8.08417388e-01  8.40164717e-01
3.48484837e-01  8.14172509e-01  8.76553221e-01
3.26619111e-01  7.69907926e-01  3.73753182e-01
2.54987045e-01  7.16712031e-01  5.52226546e-01
8.50683945e-01  9.73140449e-01  3.18899503e-01
3.59596645e-01  9.46889741e-01  3.76825358e-01
4.79098602e-01  5.71447150e-01  4.28210328e-01
4.32776135e-01  8.19070034e-01  3.68672276e-01
3.67032181e-01  2.87224280e-01  4.18511602e-01
3.57673551e-01  3.49669857e-01  4.89379765e-01
7.88202513e-01  3.11802857e-01  9.85797115e-01
9.93348131e-01  5.57556461e-01  3.77778340e-01
6.68018542e-01  9.68586166e-01  3.79954832e-01
7.53087841e-01  3.83858933e-01  6.32991753e-01
3.46470959e-01  8.74037304e-01  4.53780346e-01
3.70601012e-01  9.23885669e-01  3.11979039e-01
2.98190575e-01  8.22777332e-01  5.33840458e-01
9.94844994e-01  7.63387740e-01  2.98475049e-01
9.55310873e-01  9.55803251e-01  5.77463122e-01
8.93382117e-01  3.06389956e-01  5.54588363e-01
4.46665161e-01  7.66873660e-01  8.16116515e-01
7.92815772e-01  4.50425223e-01  3.42198277e-01
9.25873914e-01  9.41096557e-01  4.58439726e-01
3.55231551e-01  9.71849108e-01  3.17101084e-01
8.38774370e-01  3.20554512e-01  5.63301927e-01
4.21657763e-01  3.79469858e-01  4.07600498e-01
5.09764260e-01  4.06671076e-01  3.07994997e-01
5.92171085e-01  9.98026277e-01  5.31072133e-01
3.31965152e-01  2.97438317e-01  3.10988209e-01
9.99725497e-01  7.68166160e-01  7.47622407e-01
7.39437715e-01  7.69915583e-01  4.13799776e-01
7.74800271e-01  6.67924596e-01  8.67117142e-01
8.93819715e-01  3.94867751e-01  4.40892280e-01
2.99801029e-01  3.59310886e-01  7.48235461e-01
3.40233702e-01  4.53348983e-01  2.76314035e-01
5.55921293e-01  2.60467267e-01  9.11168367e-01
2.90039245e-01  5.71386163e-01  8.29914874e-01
4.17236607e-01  2.81069126e-01  9.97830109e-01
3.61592195e-01  6.93698394e-01  9.26236330e-01
2.68455178e-01  6.02942998e-01  9.82315309e-01
3.91768589e-01  9.22628968e-01  3.84423196e-01
3.35490836e-01  5.38858681e-01  4.04503617e-01
6.19116424e-01  9.99946308e-01  5.39300875e-01
6.01323383e-01  9.36867221e-01  7.67986201e-01
5.80376221e-01  9.83401911e-01  9.72823829e-01
8.11585285e-01  3.00516330e-01  7.06888406e-01
5.69534534e-01  3.38841256e-01  2.99753542e-01
7.51380631e-01  2.81203993e-01  8.02046770e-01
4.38533953e-01  4.68564372e-01  7.43499145e-01
7.25350013e-01  4.96478916e-01  6.28288382e-01
6.74135419e-01  4.47938302e-01  5.47570247e-01
3.11475971e-01  4.60339970e-01  9.02652219e-01
3.98550196e-01  8.30408305e-01  4.85518725e-01
9.00159390e-01  2.55673281e-01  4.08624318e-01
2.53671625e-01  9.50148613e-01  3.45865287e-01
7.03309097e-01  5.77944364e-01  5.39067682e-01
6.32824799e-01  9.70371151e-01  3.36285135e-01
3.25255851e-01  3.72271278e-01  2.86096755e-01
9.35716669e-01  9.49340999e-01  9.69500959e-01
4.05595758e-01  9.66267155e-01  3.18485900e-01
9.00333863e-01  9.63085397e-01  2.74469940e-01
4.23909565e-01  7.50706148e-01  9.63552398e-01
7.64025705e-01  7.48562072e-01  8.89441482e-01
2.55191077e-01  9.76163889e-01  7.21550647e-01
9.36311631e-01  6.43763010e-01  5.40958757e-01
6.35104826e-01  6.16295831e-01  9.93225916e-01
2.85174420e-01  2.60623548e-01  7.61541373e-01
3.58947580e-01  8.20375826e-01  7.62037865e-01
9.31503922e-01  3.54161312e-01  9.02137877e-01
5.14216580e-01  9.80047059e-01  7.77821209e-01
3.19741184e-01  9.22791644e-01  4.72523938e-01
4.56409928e-01  9.06649992e-01  4.23714035e-01
5.12597262e-01  9.59306175e-01  8.07827425e-01
5.77276280e-01  2.70804142e-01  3.62157387e-01
5.46439968e-01  2.53945441e-01  8.63299850e-01
3.36049563e-01  2.52790826e-01  7.13179514e-01
9.92610496e-01  4.86495003e-01  9.43671176e-01
5.40410906e-01  9.16343673e-01  9.68228488e-01
2.77486080e-01  4.92027287e-01  7.50629246e-01
7.45789195e-01  2.69987449e-01  8.23519809e-01
5.50673712e-01  4.62544664e-01  4.90450269e-01
3.35873560e-01  3.87310392e-01  3.07429971e-01
9.82818059e-01  8.05368812e-01  5.64394466e-01
9.19248504e-01  4.14213040e-01  3.36801090e-01
7.30770760e-01  2.60017263e-01  4.92444106e-01
3.96400751e-01  9.11381241e-01  8.92855384e-01
5.80584808e-01  4.68205729e-01  7.39293922e-01
8.66375554e-01  9.48571570e-01  7.58877129e-01
4.15372720e-01  8.67292801e-01  6.81618581e-01
2.61451210e-01  3.07272243e-01  7.12451850e-01
7.13280657e-01  3.42224652e-01  3.89684554e-01
5.77109787e-01  3.48394096e-01  3.50436433e-01
7.25919468e-01  4.41412474e-01  8.00796335e-01
9.28630237e-01  7.05769755e-01  8.86847627e-01
2.71229536e-01  8.17240683e-01  3.27515789e-01
3.99735541e-01  8.71088486e-01  2.90448944e-01
4.24689262e-01  5.14298959e-01  2.53192320e-01
2.96719491e-01  7.53762015e-01  8.86209591e-01
7.24929461e-01  9.14269954e-01  6.38522673e-01
7.61012460e-01  9.34382983e-01  6.36568595e-01
2.66937750e-01  7.12293938e-01  4.91201110e-01
5.46742775e-01  3.80807638e-01  9.92797212e-01
5.14886028e-01  2.58616163e-01  6.62013861e-01
6.03695953e-01  5.09768797e-01  8.27864015e-01
7.14464561e-01  3.76135411e-01  2.88841479e-01
9.18303948e-01  7.51753530e-01  8.50747807e-01
9.97487834e-01  5.28175723e-01  8.81562338e-01
3.53423139e-01  7.73081636e-01  9.84688183e-01
8.17967637e-01  5.30185386e-01  9.95272610e-01
9.65270708e-01  5.90301765e-01  2.53391382e-01
8.71409028e-01  7.04173349e-01  9.56076739e-01
3.11552933e-01  8.41085913e-01  4.38524615e-01
8.87270150e-01  3.96192087e-01  2.86203574e-01
2.92355188e-01  6.43174683e-01  5.78450815e-01
9.06015829e-01  3.11940803e-01  8.52997470e-01
7.42529750e-01  6.15366407e-01  9.86406332e-01
4.06650100e-01  9.78274116e-01  8.08909078e-01
3.84396672e-01  4.92345678e-01  3.33069149e-01
9.81485348e-01  7.79441187e-01  4.72467254e-01
9.52174426e-01  3.69346522e-01  7.76045079e-01
7.54652101e-01  5.89729402e-01  2.67079452e-01
7.94342765e-01  6.99091179e-01  5.81006209e-01
9.27075729e-01  3.87171942e-01  9.74589041e-01
8.34734379e-01  5.26455655e-01  6.28989514e-01
8.14231559e-01  9.39402213e-01  6.27993863e-01
5.62046864e-01  9.19817277e-01  9.08819539e-01
7.26313914e-01  4.86934850e-01  2.67651335e-01
5.97617092e-01  8.60242985e-01  5.34976603e-01
7.36577381e-01  3.19513273e-01  5.06964270e-01
8.49077442e-01  9.64566602e-01  8.93459519e-01
9.47498423e-01  4.66756159e-01  7.67778046e-01
6.42437914e-01  2.70398607e-01  8.87232253e-01
3.62332362e-01  2.56162809e-01  6.08152912e-01
7.67806135e-01  6.63285412e-01  6.41953505e-01
4.36212163e-01  4.16936560e-01  9.32438177e-01
6.55006406e-01  8.81691677e-01  9.62448669e-01
4.69170227e-01  2.82571773e-01  6.43098861e-01
9.19341758e-01  9.29346023e-01  9.62233400e-01
3.89244601e-01  7.55062590e-01  5.22360164e-01
3.61519624e-01  6.50360982e-01  8.04034453e-01
9.86061273e-01  7.97495694e-01  7.76077906e-01
5.13743407e-01  5.41680940e-01  9.81205233e-01
2.92943175e-01  6.04387307e-01  4.24073749e-01
5.17890279e-01  3.35261671e-01  6.95488057e-01
9.14860183e-01  4.70609027e-01  8.47439391e-01
2.69051894e-01  3.69609496e-01  4.26365213e-01
5.19145401e-01  9.96234204e-01  5.59746255e-01
8.67449650e-01  9.89864820e-01  8.02888102e-01
2.83777271e-01  4.03435656e-01  3.80567821e-01
2.51218212e-01  8.83058431e-01  7.23464637e-01
2.52963134e-01  9.97810094e-01  7.85549457e-01
4.75528678e-01  9.74361949e-01  3.94869021e-01
7.37803527e-01  4.32213272e-01  2.98227854e-01
9.34332089e-01  4.56776903e-01  3.09191559e-01
3.52296208e-01  2.55823792e-01  3.22803095e-01
5.84971594e-01  2.81523440e-01  3.36441835e-01
2.67377268e-01  3.30394957e-01  5.33353734e-01
8.55862435e-01  6.09222045e-01  9.18609243e-01
6.21291223e-01  2.58743609e-01  7.81329226e-01
3.20097728e-01  9.61233991e-01  6.92547224e-01
8.53242195e-01  3.39083125e-01  4.86111274e-01
9.23312225e-01  5.29335829e-01  3.59886471e-01
7.52945775e-01  9.68245412e-01  3.06139563e-01
9.26491177e-01  5.41447660e-01  2.50596158e-01
8.64471856e-01  4.19605727e-01  8.41576344e-01
8.24173267e-01  3.95123870e-01  3.50097809e-01
9.21075625e-01  8.18954983e-01  3.68685740e-01
9.22125568e-01  8.32341335e-01  7.05463979e-01
3.84770027e-01  2.85457558e-01  5.49669632e-01
9.49745516e-01  8.37322751e-01  7.23281946e-01
2.87641099e-01  8.77643260e-01  5.07732494e-01
6.23885029e-01  5.25929882e-01  7.57993248e-01
4.69780724e-01  9.01685865e-01  9.25125435e-01
5.64089974e-01  7.49570155e-01  2.50484766e-01
3.54676140e-01  5.97146459e-01  7.41145574e-01
8.74230750e-01  4.11574767e-01  8.26444807e-01
3.43187065e-01  8.27717945e-01  9.00881853e-01
5.49129222e-01  9.90425720e-01  7.62324686e-01
9.65432818e-01  8.88888485e-01  5.19171360e-01
4.88708341e-01  7.80791017e-01  8.66611317e-01
2.55339293e-01  4.52390520e-01  4.28389784e-01
6.27404483e-01  4.34314369e-01  9.75763635e-01
9.27130909e-01  6.31766396e-01  5.45869252e-01
9.12959340e-01  8.90475812e-01  2.50932081e-01
9.31493782e-01  9.58926687e-01  7.56906581e-01
9.77672036e-01  8.58319634e-01  7.07632121e-01
5.17563370e-01  5.32030822e-01  9.07376414e-01
6.09230346e-01  9.32353916e-01  8.27771382e-01
9.73752004e-01  3.79871206e-01  5.24145371e-01
6.34858536e-01  3.29077072e-01  2.99324653e-01
3.34598232e-01  4.86806374e-01  9.14305217e-01
8.33840908e-01  3.36251874e-01  4.93334134e-01
6.54548784e-01  3.38191822e-01  9.64082434e-01
2.74885194e-01  6.50188122e-01  8.93589123e-01
3.42716628e-01  9.71634271e-01  3.12849299e-01
8.22537650e-01  7.95677230e-01  2.99347385e-01
5.23583620e-01  8.46043401e-01  6.04459899e-01
6.50923438e-01  3.21729080e-01  3.74678475e-01
3.46877017e-01  3.94926976e-01  5.32131483e-01
4.43080162e-01  7.04207489e-01  9.10639053e-01
4.87375665e-01  2.51141022e-01  7.36306188e-01
3.76836009e-01  3.78433133e-01  7.56380002e-01
6.35179427e-01  5.34365156e-01  3.00928222e-01
5.58885999e-01  4.24614264e-01  9.64974605e-01
2.79463462e-01  3.11986935e-01  9.39429137e-01
9.34097062e-01  5.15582178e-01  5.47933814e-01
8.59472292e-01  8.19829702e-01  3.46821680e-01
9.87183894e-01  5.87321825e-01  2.84338804e-01
6.60694668e-01  6.97179286e-01  4.54523611e-01
9.87059613e-01  7.31948239e-01  2.75696470e-01
7.55874137e-01  9.85151957e-01  4.83079452e-01
7.18968493e-01  9.83291980e-01  4.26927985e-01
7.18605372e-01  7.82335877e-01  9.46012783e-01
3.55547404e-01  9.46107803e-01  7.98820876e-01
5.42443419e-01  9.73486074e-01  4.04125082e-01
9.62813396e-01  4.20299735e-01  8.22127538e-01
5.95098147e-01  5.37941880e-01  9.93483992e-01
5.99626288e-01  7.02842424e-01  2.58060088e-01
3.67368411e-01  4.29823593e-01  4.00188569e-01
7.66593308e-01  9.56290501e-01  7.09164100e-01
7.92519919e-01  4.54570825e-01  2.84917098e-01
2.56602499e-01  4.77592748e-01  6.60672361e-01
2.62482877e-01  4.24484715e-01  7.40798591e-01
6.32511269e-01  8.39763931e-01  2.91658815e-01
8.19108324e-01  3.47696623e-01  4.11104616e-01
5.75874650e-01  8.15800025e-01  4.48654673e-01
4.14195995e-01  8.76563589e-01  9.90601996e-01
4.68495473e-01  9.18212979e-01  8.69616665e-01
4.87911483e-01  5.68809950e-01  9.84807759e-01
3.02735330e-01  8.98121588e-01  4.26381282e-01
8.92644552e-01  5.96751106e-01  7.72474623e-01
5.81039775e-01  3.80638810e-01  3.17746763e-01
9.53357321e-01  7.85265862e-01  9.10114865e-01
7.16004126e-01  9.59023259e-01  9.41744779e-01
4.05177111e-01  7.45217200e-01  8.81829307e-01
6.87355884e-01  8.47250606e-01  9.54515083e-01
4.02290921e-01  4.49988093e-01  8.34023065e-01
3.63366793e-01  7.57454863e-01  8.67985666e-01
9.85433582e-01  7.53286801e-01  2.97772343e-01
2.65565992e-01  8.30637249e-01  9.21913326e-01
9.25566789e-01  8.34141680e-01  3.78711752e-01
3.46248268e-01  8.18852761e-01  8.26651524e-01
3.73764781e-01  8.32095873e-01  8.89933039e-01
8.51312235e-01  2.51408620e-01  5.21130550e-01
7.04188557e-01  4.94826987e-01  9.17948675e-01
6.31325378e-01  2.66163162e-01  4.71969964e-01
3.17846942e-01  9.06443902e-01  4.17310546e-01
4.50660155e-01  3.39596671e-01  8.84885011e-01
9.72108678e-01  8.72252159e-01  5.97079321e-01
8.86933237e-01  3.27716550e-01  2.98428015e-01
4.69602073e-01  2.88186256e-01  4.34706411e-01
9.28339235e-01  8.10015966e-01  5.53270478e-01
3.91170451e-01  5.96434272e-01  9.46888439e-01
8.65835863e-01  4.22695108e-01  2.94031430e-01
9.90553624e-01  9.30543449e-01  9.17000328e-01
9.02367615e-01  6.99928275e-01  3.53001571e-01
3.59453365e-01  3.41311342e-01  7.42829770e-01
6.34149046e-01  7.92759787e-01  6.52138996e-01
8.70984369e-01  8.74218832e-01  5.21273044e-01
6.68188750e-01  2.53896629e-01  3.73009761e-01
3.24515337e-01  6.77821068e-01  9.86500759e-01
8.93452127e-01  9.37678367e-01  6.33892410e-01
9.78730361e-01  2.73227810e-01  5.50701010e-01
3.25936618e-01  8.00605354e-01  6.57226512e-01
4.39671867e-01  9.61328266e-01  6.49517841e-01
6.72213515e-01  8.59609796e-01  3.74690108e-01
3.97688603e-01  8.29417702e-01  8.21609801e-01
2.63014687e-01  4.78040520e-01  6.73620788e-01
5.52238390e-01  8.36188471e-01  6.06977240e-01
6.33238315e-01  9.99376085e-01  5.98256898e-01
5.38089950e-01  5.06981155e-01  9.99159663e-01
4.76258390e-01  9.15171494e-01  2.58177162e-01
5.44401095e-01  9.42012709e-01  5.34597569e-01
7.68576461e-01  3.09130079e-01  4.22602910e-01
7.75248819e-01  9.16737345e-01  9.64334193e-01
9.70275638e-01  6.31370982e-01  9.03618107e-01
7.77985542e-01  2.62138372e-01  3.33655542e-01
9.36995966e-01  6.24880559e-01  3.66634159e-01
5.21417755e-01  8.87891535e-01  9.95442004e-01
9.73723412e-01  9.78901219e-01  2.91194994e-01
8.69598781e-01  6.49733112e-01  9.10777543e-01
4.94137506e-01  4.90203617e-01  9.35601988e-01
9.89405813e-01  9.76870044e-01  4.97655134e-01
7.48160569e-01  8.37080143e-01  9.08298270e-01
9.27448584e-01  8.32202937e-01  7.65121073e-01
3.56630262e-01  7.76005568e-01  4.58459126e-01
3.30776862e-01  5.47502829e-01  7.16813423e-01
8.57809865e-01  7.42430275e-01  3.09224996e-01
3.23918711e-01  3.94350480e-01  9.50399365e-01
4.47159039e-01  6.66000489e-01  9.89476297e-01
2.95736400e-01  3.64054890e-01  5.04858144e-01
9.35406113e-01  9.13667616e-01  7.47725033e-01
3.00120603e-01  5.32734004e-01  9.71296173e-01
8.03599929e-01  4.03186518e-01  9.37758120e-01
8.49059993e-01  9.77401678e-01  5.23553932e-01
4.93656828e-01  9.68895564e-01  9.39101569e-01
7.03846601e-01  9.67912437e-01  4.08275678e-01
5.79165604e-01  2.66008115e-01  7.32912328e-01
2.59734566e-01  8.58044864e-01  2.97970151e-01
8.92184797e-01  6.02157831e-01  4.25867218e-01
3.07224827e-01  3.22804053e-01  9.25055156e-01
3.27967952e-01  3.16913931e-01  4.16965672e-01
6.39852631e-01  9.51432792e-01  4.41399941e-01
4.10008603e-01  2.53873780e-01  2.83994234e-01
4.31560206e-01  5.87240711e-01  2.59085680e-01
2.99859088e-01  6.96605521e-01  4.35862103e-01
2.94798156e-01  4.74862062e-01  7.02136514e-01
9.86484831e-01  6.63359506e-01  5.05231991e-01
9.72526863e-01  4.14802770e-01  5.16619713e-01
6.63374964e-01  6.86043231e-01  6.14882827e-01
7.80397280e-01  2.55178729e-01  5.24614761e-01
6.56913298e-01  6.19055473e-01  5.39402128e-01
8.30469018e-01  3.58798428e-01  9.84356502e-01
5.72123508e-01  8.29966266e-01  7.32577652e-01
3.84750508e-01  7.58893191e-01  4.14393486e-01
6.59379608e-01  9.09561366e-01  2.85429692e-01
2.51717326e-01  9.43225794e-01  4.14404992e-01
3.49587711e-01  9.22456736e-01  4.73786794e-01
6.10945065e-01  5.89229782e-01  7.44340743e-01
