8.31324432e-01  8.71652437e-01  3.81328876e-01
9.15803638e-01  5.79734254e-01  4.12860464e-01
3.87168597e-01  9.55724280e-01  7.95186302e-01
2.94882625e-01  3.09891567e-01  6.18269314e-01
8.18677388e-01  5.27926753e-01  2.63953250e-01
2.71178776e-01  8.36954380e-01  3.50137886e-01
2.67410914e-01  8.75953121e-01  6.10551821e-01
4.52311122e-01  8.86450650e-01  3.60110624e-01
5.26703469e-01  3.30289989e-01  2.78765404e-01
3.72232698e-01  4.33476468e-01  9.59433449e-01
3.08041788e-01  6.27263523e-01  9.77014464e-01
8.06723034e-01  3.81738756e-01  2.98080900e-01
2.53948335e-01  5.56646931e-01  8.11641421e-01
7.77170745e-01  4.69196772e-01  2.99057349e-01
2.97518546e-01  2.73529298e-01  5.35272334e-01
8.60463653e-01  9.18668411e-01  8.13288090e-01
6.29203601e-01  2.88419130e-01  9.43196523e-01
7.32216501e-01  6.92709968e-01  4.24656709e-01
4.76267226e-01  9.14826172e-01  2.58215110e-01
4.81679660e-01  9.59273378e-01  2.93262351e-01
7.64559906e-01  6.86266677e-01  2.59303705e-01
8.91596317e-01  5.12148798e-01  6.41471124e-01
2.79813640e-01  4.75815301e-01  5.32885601e-01
2.51721996e-01  9.42869887e-01  4.14465903e-01
3.09188495e-01  4.08326070e-01  9.77681080e-01
3.54456922e-01  7.67709651e-01  7.91781803e-01
9.92628911e-01  4.86311434e-01  9.43809880e-01
3.67822449e-01  3.30999062e-01  7.25666961e-01
9.20367093e-01  7.16586056e-01  2.54990107e-01
4.03215333e-01  7.93005151e-01  3.69148572e-01
2.62487747e-01  4.24324544e-01  7.40907477e-01
9.07601839e-01  4.81475561e-01  6.87091135e-01
4.10493164e-01  5.38092076e-01  3.32336446e-01
7.38437698e-01  3.46075212e-01  3.80670654e-01
8.77692914e-01  4.79604322e-01  6.43833631e-01
3.79813438e-01  9.22480120e-01  8.93274017e-01
7.42579580e-01  7.39956144e-01  8.59109677e-01
3.53843202e-01  7.88920445e-01  9.92474760e-01
9.53901289e-01  2.95765237e-01  3.35597891e-01
3.11109783e-01  9.02405661e-01  3.03284178e-01
4.85932744e-01  5.99635839e-01  9.87615294e-01
9.53375008e-01  7.84969557e-01  9.10248637e-01
2.75812607e-01  4.34293003e-01  6.47597377e-01
8.13861916e-01  9.78263893e-01  8.32222154e-01
9.40847917e-01  3.81234016e-01  7.76847102e-01
3.98684093e-01  3.70586293e-01  3.20686566e-01
6.00893383e-01  5.76316534e-01  2.92090949e-01
2.78791752e-01  2.61187909e-01  5.34029007e-01
9.26508366e-01  5.41243356e-01  2.50632992e-01
5.01374129e-01  2.58523493e-01  9.19911947e-01
4.11495064e-01  6.33768367e-01  3.65172032e-01
3.45780466e-01  5.22270779e-01  8.98622929e-01
7.45803031e-01  2.69885574e-01  8.23640853e-01
5.62057291e-01  9.19470202e-01  9.08953121e-01
2.79527428e-01  7.64221872e-01  7.24821623e-01
2.84424476e-01  3.43047966e-01  6.87476790e-01
5.73560685e-01  4.73620592e-01  2.81623216e-01
9.88409073e-01  2.58901166e-01  9.68951243e-01
2.53145215e-01  9.80859654e-01  6.59555327e-01
9.33714127e-01  4.21817538e-01  4.66263954e-01
4.73462712e-01  9.84867345e-01  7.40747240e-01
9.55084552e-01  2.60514045e-01  8.95702789e-01
9.60065722e-01  5.42713826e-01  8.09710717e-01
8.19973569e-01  3.72840267e-01  3.39170956e-01
4.23917430e-01  7.50422884e-01  9.63694025e-01
3.05340023e-01  2.73447394e-01  9.89137117e-01
8.95617711e-01  4.10502430e-01  4.36283641e-01
9.32491529e-01  5.23338001e-01  9.21385008e-01
2.73709307e-01  5.48327319e-01  2.74418112e-01
8.02957911e-01  3.29748972e-01  8.47634213e-01
3.08895922e-01  9.20989767e-01  8.76998178e-01
3.54388784e-01  4.32711797e-01  9.90184718e-01
4.50668516e-01  3.39468531e-01  8.85015075e-01
3.71382778e-01  6.21766093e-01  2.64993639e-01
4.59386403e-01  9.40380597e-01  8.49858625e-01
6.11951946e-01  2.67968452e-01  3.25750137e-01
6.90506428e-01  6.63137761e-01  6.95841745e-01
2.59757817e-01  7.56519868e-01  6.29524919e-01
3.61547443e-01  9.30974859e-01  4.28553565e-01
9.69323508e-01  7.14643290e-01  4.16083779e-01
4.45180211e-01  4.77234070e-01  7.03957799e-01
5.28701317e-01  2.71323080e-01  2.96423854e-01
9.93983899e-01  4.33673870e-01  4.94698842e-01
7.76280465e-01  5.70088491e-01  2.92320843e-01
9.55724567e-01  9.39464117e-01  8.69862138e-01
9.81185103e-01  8.91595938e-01  8.70583395e-01
8.65999921e-01  3.39408499e-01  7.26082442e-01
7.74833579e-01  3.84378312e-01  4.01074391e-01
2.69394256e-01  4.11611001e-01  4.64229769e-01
6.25427709e-01  8.63322170e-01  9.65891993e-01
4.52409438e-01  7.73694307e-01  7.90970836e-01
3.65206668e-01  2.76374725e-01  5.15280096e-01
4.49832110e-01  5.14090755e-01  9.69098888e-01
4.12195062e-01  6.91445741e-01  2.61245910e-01
3.66242804e-01  3.65232731e-01  5.24972656e-01
6.58232417e-01  9.82653121e-01  8.52234610e-01
7.70524004e-01  8.36278560e-01  5.13886006e-01
3.34604440e-01  4.86622688e-01  9.14439605e-01
9.14954983e-01  5.41642949e-01  9.49002075e-01
3.59765903e-01  5.32759696e-01  9.90923687e-01
9.82734110e-01  9.09605178e-01  8.53266105e-01
8.82177558e-01  9.51947050e-01  8.22199889e-01
4.99644046e-01  3.70868165e-01  8.78415140e-01
4.28223538e-01  3.41360234e-01  9.70236290e-01
3.42722986e-01  9.71267644e-01  3.12895283e-01
4.67764801e-01  5.56960380e-01  3.08885356e-01
6.54560927e-01  3.38064212e-01  9.64224138e-01
2.54631251e-01  7.40900367e-01  3.55441196e-01
2.83782535e-01  4.03283428e-01  3.80623758e-01
8.28743413e-01  3.91947638e-01  8.78580456e-01
6.97549053e-01  8.38489236e-01  6.25428333e-01
9.36849877e-01  5.59844246e-01  3.92182420e-01
3.46790653e-01  9.30909542e-01  9.57437724e-01
4.21665586e-01  3.79326673e-01  4.07660409e-01
9.49763136e-01  8.37006804e-01  7.23388256e-01
2.77538492e-01  5.22244556e-01  3.49538888e-01
4.01662602e-01  7.83320883e-01  2.97278740e-01
3.92425023e-01  3.85427701e-01  9.94366254e-01
6.63672537e-01  7.07602424e-01  2.85249500e-01
8.43783024e-01  8.74268230e-01  3.69231475e-01
8.75667275e-01  5.98624564e-01  9.57555278e-01
2.58488331e-01  9.55744845e-01  3.29192742e-01
8.35193606e-01  6.53540121e-01  9.90620661e-01
9.92589058e-01  6.25722550e-01  3.89524547e-01
9.25891091e-01  9.40741453e-01  4.58507109e-01
9.76073176e-01  9.51780278e-01  6.04602699e-01
3.28656513e-01  8.07129788e-01  3.72291307e-01
3.04736360e-01  4.19300774e-01  5.25760177e-01
3.62160317e-01  4.04827492e-01  5.77467094e-01
4.17244348e-01  2.80963070e-01  9.97976773e-01
8.70821163e-01  2.78109778e-01  8.72427399e-01
4.50597349e-01  4.57151753e-01  3.55888773e-01
3.57236572e-01  6.35368178e-01  6.91509987e-01
2.82951540e-01  4.69863210e-01  5.38363326e-01
2.54567005e-01  4.84337769e-01  4.96612700e-01
8.53667293e-01  7.33988217e-01  4.29024753e-01
2.63368922e-01  4.17530859e-01  9.65316687e-01
8.61197560e-01  2.63751395e-01  8.54906019e-01
3.08626948e-01  7.73625026e-01  8.32501831e-01
3.54824662e-01  8.85801568e-01  7.84742120e-01
7.87245296e-01  5.74089955e-01  2.87509087e-01
4.10016209e-01  2.53777986e-01  2.84035977e-01
8.87165395e-01  8.76191337e-01  4.58061776e-01
3.42399735e-01  3.80897360e-01  2.99400439e-01
6.82071413e-01  4.05406895e-01  3.48484523e-01
5.14226119e-01  9.79677258e-01  7.77935536e-01
8.67999080e-01  4.07846103e-01  3.88347458e-01
2.71661742e-01  7.16905355e-01  4.22616086e-01
4.57789474e-01  9.07283489e-01  2.92395083e-01
5.21427429e-01  8.87556506e-01  9.95588317e-01
9.87182495e-01  3.86293879e-01  2.99836494e-01
9.67595777e-01  3.31628347e-01  8.38519281e-01
9.00350566e-01  9.62721996e-01  2.74510283e-01
8.40508531e-01  6.04426220e-01  8.31794119e-01
9.00838772e-01  4.95583066e-01  9.28207920e-01
9.17935112e-01  4.01531035e-01  2.62547300e-01
5.21657123e-01  3.06373607e-01  7.85537241e-01
4.48364310e-01  3.72502444e-01  3.09892611e-01
9.75816394e-01  2.85411507e-01  4.87361970e-01
2.83920114e-01  2.99422500e-01  9.70837878e-01
3.58230589e-01  8.52358486e-01  5.22884242e-01
2.55344030e-01  4.52219819e-01  4.28452751e-01
7.93784718e-01  2.54839346e-01  8.97287114e-01
9.68630721e-01  4.14852366e-01  4.46918069e-01
3.19747116e-01  9.22443447e-01  4.72593392e-01
9.51860440e-01  9.43756129e-01  3.31666138e-01
6.46106894e-01  8.87066786e-01  4.88882615e-01
5.35587890e-01  8.42510342e-01  9.64877311e-01
9.72673869e-01  3.16838014e-01  9.46101036e-01
9.98587045e-01  5.47600277e-01  2.82235882e-01
2.67885855e-01  4.45666429e-01  7.13636047e-01
9.50770779e-01  9.98464984e-01  5.58424648e-01
4.93809027e-01  2.95731453e-01  7.39523823e-01
7.86402083e-01  7.98496932e-01  9.70412530e-01
3.05345692e-01  6.02729523e-01  9.82309767e-01
3.15277085e-01  5.95020192e-01  8.83313494e-01
7.08127708e-01  4.32098294e-01  9.71447345e-01
2.70334837e-01  4.72143403e-01  3.68516503e-01
9.03682086e-01  9.97969595e-01  9.72279388e-01
5.34406341e-01  4.15667291e-01  5.71368418e-01
8.93338224e-01  3.06761157e-01  5.15118743e-01
8.79467772e-01  8.18994298e-01  3.78959267e-01
9.97392158e-01  3.96498925e-01  2.90892961e-01
9.85283165e-01  8.37490393e-01  4.77768830e-01
4.39335999e-01  3.04895649e-01  8.05146424e-01
9.02877779e-01  2.56010417e-01  7.10463984e-01
8.27747757e-01  7.74265405e-01  3.14484017e-01
4.06386386e-01  3.82066897e-01  8.46474987e-01
9.13318943e-01  3.35413257e-01  7.27432444e-01
7.07143836e-01  5.15241959e-01  6.26150490e-01
5.24462613e-01  8.89373434e-01  8.36311929e-01
6.48119298e-01  3.25413027e-01  2.59807223e-01
3.62339084e-01  2.56066151e-01  6.08242300e-01
7.00438355e-01  6.70873673e-01  2.75387295e-01
3.47564292e-01  6.92118394e-01  7.78768342e-01
9.01674520e-01  3.42709860e-01  3.26629558e-01
9.73546274e-01  9.36264404e-01  3.51892706e-01
5.19155033e-01  9.95858295e-01  5.59828529e-01
6.59062511e-01  5.64394622e-01  2.90079944e-01
9.12892677e-01  9.86252080e-01  5.90561405e-01
7.40833947e-01  2.67058259e-01  5.28002131e-01
2.72610905e-01  3.12772035e-01  8.00152350e-01
9.60372479e-01  8.65258862e-01  2.65333333e-01
6.47445617e-01  9.21999414e-01  3.54741211e-01
3.72465476e-01  2.55322455e-01  3.51986636e-01
6.58622682e-01  6.29027093e-01  2.63260805e-01
3.43008121e-01  3.01282244e-01  4.20836909e-01
9.37026600e-01  3.19562349e-01  8.01551017e-01
9.93864673e-01  5.24678748e-01  8.55789141e-01
2.80061759e-01  6.84450592e-01  4.92041374e-01
4.66516611e-01  8.34895802e-01  2.89493200e-01
3.66612040e-01  3.86099078e-01  4.72139452e-01
6.82990846e-01  2.77115397e-01  3.04910858e-01
9.50899451e-01  2.76515359e-01  5.05093222e-01
9.73640252e-01  5.93659656e-01  7.85251420e-01
3.62124184e-01  8.02404175e-01  9.22098495e-01
7.43588205e-01  8.68661108e-01  8.09904162e-01
2.63714524e-01  3.60809716e-01  3.02684431e-01
9.22445596e-01  7.94935773e-01  3.44511497e-01
3.40240014e-01  4.53177921e-01  2.76354649e-01
8.25094432e-01  4.54996443e-01  9.53839507e-01
4.25474590e-01  2.90691283e-01  3.84222025e-01
9.87089525e-01  4.37380035e-01  4.94496230e-01
3.01312267e-01  7.67588034e-01  7.15300506e-01
3.73765660e-01  9.81787779e-01  8.27569411e-01
2.59333457e-01  9.77435999e-01  3.21045689e-01
2.75940124e-01  7.35346056e-01  8.05554229e-01
7.00164915e-01  6.11397087e-01  7.71161904e-01
3.67038990e-01  2.87115902e-01  4.18573116e-01
4.99518550e-01  2.72816042e-01  5.24772249e-01
6.14326441e-01  3.12847842e-01  4.81093050e-01
2.86463365e-01  8.96504710e-01  9.81596727e-01
8.36409729e-01  8.89705697e-01  9.63119261e-01
4.39114277e-01  3.75466410e-01  8.99452575e-01
8.78701035e-01  6.87546671e-01  9.89143882e-01
9.83089149e-01  7.42331529e-01  9.00235553e-01
4.14203679e-01  8.76232835e-01  9.90747598e-01
3.21049137e-01  3.63218412e-01  3.10503828e-01
5.58676025e-01  3.91852495e-01  9.97223759e-01
5.04234208e-01  9.38168319e-01  9.68312430e-01
8.46427533e-01  4.50208849e-01  9.44319084e-01
3.46583632e-01  8.02179119e-01  8.59856351e-01
7.53299300e-01  9.27435886e-01  6.06061693e-01
9.52192091e-01  3.69207157e-01  7.76159145e-01
3.56893343e-01  2.55769112e-01  7.93681171e-01
7.01766737e-01  8.94183415e-01  3.34946108e-01
6.89207997e-01  4.52299812e-01  4.43121017e-01
2.85348443e-01  5.38503714e-01  3.86636084e-01
2.54525993e-01  5.19305470e-01  3.16775100e-01
2.87430474e-01  5.39102277e-01  9.15088666e-01
