3.86414364e-01  8.33064223e-01  5.98149986e-01
4.69117964e-01  9.06818740e-01  5.55541283e-01
3.24528802e-01  3.99377315e-01  7.88414930e-01
4.23571365e-01  7.59777439e-01  6.39335193e-01
3.90769384e-01  8.97031996e-01  4.04502435e-01
4.80376973e-01  3.10660626e-01  9.84002285e-01
9.41980113e-01  7.85201322e-01  3.54313700e-01
7.35256539e-01  2.64390696e-01  3.42698875e-01
3.46152424e-01  5.17677159e-01  3.21785407e-01
3.17778181e-01  3.16836541e-01  7.60748817e-01
4.58449015e-01  9.97725424e-01  8.86445162e-01
3.25131027e-01  4.43376269e-01  3.60618035e-01
2.54781815e-01  9.21789895e-01  2.54140104e-01
5.66701737e-01  3.82965914e-01  7.89134481e-01
2.60373236e-01  2.89175526e-01  2.64345507e-01
4.85923729e-01  5.99862185e-01  9.87470153e-01
2.50420925e-01  7.08206793e-01  4.12230260e-01
4.61240811e-01  3.61346997e-01  5.90903609e-01
8.89288209e-01  7.12231462e-01  4.00724492e-01
8.79508300e-01  8.77977630e-01  8.38521774e-01
3.75196304e-01  7.03234332e-01  5.39585574e-01
3.16019808e-01  7.39839167e-01  9.14120520e-01
4.62279970e-01  8.57017330e-01  4.06562923e-01
3.08430457e-01  3.62034678e-01  3.07021548e-01
9.00333863e-01  9.63085397e-01  2.74469940e-01
5.92149738e-01  7.27855356e-01  2.61567639e-01
7.94342765e-01  6.99091179e-01  5.81006209e-01
8.22919931e-01  8.43611354e-01  2.96736029e-01
8.52452552e-01  3.76071786e-01  6.04343875e-01
7.07641447e-01  7.58366863e-01  7.64035289e-01
5.86407279e-01  3.27057254e-01  9.45780487e-01
4.93471197e-01  5.77843803e-01  9.14956561e-01
3.82874015e-01  9.71946068e-01  9.07586277e-01
9.54822315e-01  8.40059346e-01  6.22033647e-01
4.71237592e-01  2.95062079e-01  4.67504899e-01
5.14833854e-01  2.89594316e-01  7.01935206e-01
2.93551850e-01  2.88887248e-01  7.54034002e-01
6.09330831e-01  7.89105358e-01  5.57418922e-01
8.83296099e-01  2.97257396e-01  4.99078655e-01
4.55056427e-01  3.01301632e-01  9.52347321e-01
8.59257292e-01  7.61841754e-01  4.55134139e-01
2.56917791e-01  6.03955364e-01  6.55986863e-01
5.56542576e-01  8.96939044e-01  4.66769668e-01
3.17582479e-01  7.15989626e-01  2.57855050e-01
6.30107598e-01  9.09272690e-01  7.81186579e-01
8.79141662e-01  6.68646342e-01  4.53595774e-01
3.15929243e-01  8.13549448e-01  5.20221339e-01
6.40376502e-01  8.43901820e-01  4.55981578e-01
3.43081008e-01  7.21721172e-01  4.58227288e-01
5.52014017e-01  8.53975814e-01  9.26231454e-01
5.85002406e-01  3.13447772e-01  4.36789091e-01
9.55310873e-01  9.55803251e-01  5.77463122e-01
7.74800271e-01  6.67924596e-01  8.67117142e-01
5.27905378e-01  5.67663404e-01  8.70777819e-01
3.73258659e-01  3.02926662e-01  2.95212999e-01
8.93382117e-01  3.06389956e-01  5.54588363e-01
5.43557987e-01  2.57548833e-01  4.40361945e-01
4.83585059e-01  5.14428088e-01  6.45857276e-01
3.06605877e-01  5.34467254e-01  5.85685152e-01
9.20613455e-01  6.78599618e-01  6.07003592e-01
8.19215091e-01  4.43131551e-01  4.37172839e-01
2.62733224e-01  3.34269910e-01  7.65508145e-01
4.27625329e-01  9.80600284e-01  9.19419412e-01
6.87355884e-01  8.47250606e-01  9.54515083e-01
6.46301607e-01  6.01140131e-01  3.52343507e-01
5.76270025e-01  4.11299052e-01  2.51466125e-01
5.19222751e-01  2.99630127e-01  5.57599260e-01
5.69563754e-01  4.48917792e-01  7.63556932e-01
3.97035755e-01  8.48393792e-01  6.51010494e-01
3.72468053e-01  3.96417933e-01  6.50321382e-01
3.56886722e-01  2.55865658e-01  7.93564530e-01
6.28368823e-01  4.42280152e-01  6.23163326e-01
6.03212893e-01  2.74588847e-01  6.57054069e-01
7.08145542e-01  5.52067562e-01  8.98442650e-01
9.31503922e-01  3.54161312e-01  9.02137877e-01
9.17566154e-01  9.56115533e-01  6.75790921e-01
8.21556383e-01  4.08226523e-01  8.28659490e-01
5.22317041e-01  2.99940281e-01  3.24722648e-01
6.34008370e-01  9.84956043e-01  8.56247807e-01
6.57445675e-01  9.81171976e-01  7.88335139e-01
3.30746317e-01  8.13609574e-01  9.46277318e-01
9.92610496e-01  4.86495003e-01  9.43671176e-01
8.81243262e-01  9.28381067e-01  8.67961783e-01
5.11354987e-01  9.66322622e-01  6.80228433e-01
7.30506109e-01  6.67706847e-01  4.29651298e-01
3.18563051e-01  3.74800420e-01  8.51603644e-01
6.65358977e-01  4.10129713e-01  8.87677114e-01
8.93459696e-01  3.84204121e-01  7.95022766e-01
3.75753754e-01  8.12963867e-01  8.57049377e-01
8.92630107e-01  3.81276985e-01  8.80600676e-01
5.24215995e-01  8.73017709e-01  6.74243658e-01
7.06028007e-01  8.98175905e-01  6.29799344e-01
8.83171189e-01  7.95128866e-01  5.17258644e-01
3.11323329e-01  2.57643839e-01  5.91189613e-01
5.30886903e-01  6.88890512e-01  4.50052048e-01
7.30350720e-01  5.69029791e-01  8.25298544e-01
2.54020656e-01  6.85891193e-01  5.16955488e-01
9.30152679e-01  5.06033101e-01  6.56202118e-01
9.06155815e-01  4.50106177e-01  6.17849780e-01
9.70982925e-01  3.84197094e-01  9.66571491e-01
4.82824390e-01  4.67243390e-01  5.91343607e-01
6.11558653e-01  2.88390626e-01  8.29188444e-01
6.74892907e-01  4.66383563e-01  8.50475008e-01
6.54029146e-01  4.92876893e-01  8.91177478e-01
9.22428483e-01  7.95235839e-01  3.44460867e-01
9.51842781e-01  9.44112371e-01  3.31617396e-01
8.66375554e-01  9.48571570e-01  7.58877129e-01
8.12854673e-01  7.81636578e-01  4.92222982e-01
8.79122579e-01  2.58999212e-01  3.58684505e-01
7.59132352e-01  4.86502391e-01  6.27818247e-01
5.50034146e-01  5.28562053e-01  3.25036591e-01
8.20167515e-01  7.99040956e-01  4.05643377e-01
4.02738202e-01  7.34523684e-01  7.23824909e-01
8.79559888e-01  8.80735547e-01  2.69176209e-01
9.41952790e-01  6.40030092e-01  3.61445009e-01
5.15101539e-01  5.00354377e-01  4.93587011e-01
4.94462160e-01  6.71133471e-01  4.80188706e-01
3.03609035e-01  6.41562266e-01  4.84640687e-01
7.89803130e-01  3.88881551e-01  6.54437522e-01
3.51058903e-01  3.94536085e-01  3.95268680e-01
3.43495376e-01  7.78204945e-01  4.80122390e-01
6.49476685e-01  9.59463719e-01  6.56682865e-01
5.32595141e-01  6.45749329e-01  4.85020649e-01
3.87161414e-01  9.56085040e-01  7.95069440e-01
3.49726034e-01  8.58546894e-01  8.43335145e-01
5.69778444e-01  7.29476550e-01  9.80265075e-01
9.25863201e-01  4.95781626e-01  4.39864954e-01
6.44955372e-01  9.82608109e-01  6.74439671e-01
9.14545128e-01  3.19480933e-01  6.58527343e-01
4.03175105e-01  4.23942365e-01  3.90654437e-01
5.95098147e-01  5.37941880e-01  9.93483992e-01
7.62666528e-01  3.89897443e-01  2.68340163e-01
9.60047911e-01  5.42918686e-01  8.09591720e-01
9.59508415e-01  3.24967407e-01  8.04802081e-01
6.94151164e-01  4.50781620e-01  6.57442618e-01
9.23539247e-01  3.14559014e-01  9.36744794e-01
4.73140173e-01  7.14461216e-01  6.24354535e-01
3.28359416e-01  4.76874439e-01  2.75270188e-01
8.81849691e-01  3.22321329e-01  8.56423008e-01
4.82563971e-01  5.21977755e-01  4.55184591e-01
8.13751869e-01  8.13604133e-01  3.04114232e-01
7.18269761e-01  6.33868715e-01  7.77580979e-01
4.93503403e-01  9.42214321e-01  8.24320517e-01
8.50516790e-01  6.57916433e-01  6.02944675e-01
4.39431872e-01  2.60841266e-01  4.56415867e-01
8.30559945e-01  5.90881497e-01  4.19745470e-01
4.99634777e-01  3.71008158e-01  8.78286046e-01
7.08876038e-01  6.82286672e-01  5.33086821e-01
9.31923809e-01  8.83382789e-01  6.37195424e-01
6.74708505e-01  5.95386536e-01  5.90941419e-01
8.14872509e-01  4.31344819e-01  6.41541049e-01
3.02894627e-01  5.07092022e-01  7.01018119e-01
4.21754521e-01  5.05099830e-01  4.90650869e-01
8.40163510e-01  7.31301096e-01  8.05573705e-01
3.56023324e-01  4.25573591e-01  9.48620619e-01
2.79210165e-01  6.50624169e-01  2.96406119e-01
6.51581433e-01  9.19335430e-01  8.40424651e-01
2.93951348e-01  2.72799811e-01  9.43378693e-01
6.75059903e-01  8.54399724e-01  5.33871504e-01
5.92199289e-01  9.77323041e-01  5.99731985e-01
9.52671627e-01  6.49694637e-01  7.17324324e-01
8.69374845e-01  3.13285601e-01  4.11412473e-01
9.85753547e-01  3.62166882e-01  2.76835307e-01
5.71537129e-01  4.24467538e-01  7.53264696e-01
3.83328032e-01  3.19449872e-01  5.01232735e-01
6.78733990e-01  3.97826432e-01  3.80639521e-01
8.39316260e-01  6.75484871e-01  5.65420817e-01
8.17773348e-01  2.80643828e-01  2.84910870e-01
9.78222362e-01  8.23704878e-01  8.64972953e-01
8.33413742e-01  6.68384019e-01  3.13468399e-01
9.89196955e-01  6.17734742e-01  8.96999995e-01
6.12311462e-01  9.03465675e-01  9.55715670e-01
6.20421777e-01  2.79269787e-01  6.87705048e-01
9.56342127e-01  7.21004718e-01  4.65242439e-01
2.70254376e-01  9.35139747e-01  4.48099352e-01
4.62584621e-01  5.83469534e-01  5.39604579e-01
2.63062495e-01  3.65658548e-01  9.72058375e-01
5.87140572e-01  4.94955122e-01  8.27916170e-01
4.93236062e-01  7.33680948e-01  3.35806272e-01
9.26584369e-01  6.04715256e-01  4.92144495e-01
3.18303741e-01  9.63930611e-01  8.67624456e-01
5.79445193e-01  5.30919917e-01  3.00028907e-01
5.32409850e-01  7.74297608e-01  8.29048272e-01
2.98338709e-01  9.72314544e-01  5.80402263e-01
9.97081968e-01  4.05432856e-01  3.78110224e-01
2.83405354e-01  7.44116625e-01  4.64922022e-01
4.48355992e-01  3.72643054e-01  3.09847069e-01
9.78730361e-01  2.73227810e-01  5.50701010e-01
3.33990078e-01  8.04554328e-01  5.14105166e-01
3.01587063e-01  8.80635162e-01  9.09711402e-01
7.01986648e-01  2.76681891e-01  6.69938524e-01
7.98611155e-01  4.24247049e-01  4.22068697e-01
7.15940644e-01  3.87464090e-01  9.77860689e-01
8.69501167e-01  6.03368219e-01  7.17282768e-01
4.45690649e-01  6.08325631e-01  8.38613987e-01
7.98276833e-01  3.84681115e-01  7.00367709e-01
9.70470731e-01  6.43470932e-01  9.11893251e-01
2.99859088e-01  6.96605521e-01  4.35862103e-01
6.37441801e-01  3.85002134e-01  4.77803017e-01
8.20571703e-01  5.70055251e-01  7.66695065e-01
4.85518046e-01  4.21415205e-01  3.72649205e-01
4.41599478e-01  5.48413465e-01  5.15339711e-01
3.05130243e-01  8.72858777e-01  3.85143005e-01
5.82888923e-01  5.24156811e-01  3.50973320e-01
9.96042216e-01  6.31513237e-01  7.55250838e-01
3.89222040e-01  5.17220916e-01  2.72180958e-01
6.30449604e-01  8.81473526e-01  2.74370783e-01
8.89487320e-01  8.56453559e-01  9.87161626e-01
9.53764253e-01  8.98329111e-01  6.24147890e-01
8.31309009e-01  8.71981462e-01  3.81272835e-01
5.79066251e-01  8.62536632e-01  8.77470371e-01
7.27039496e-01  9.68172112e-01  8.73825373e-01
8.16048914e-01  3.46585555e-01  9.19247949e-01
7.02377602e-01  4.73387107e-01  6.91930791e-01
6.02131555e-01  5.42597671e-01  7.71400886e-01
9.84121883e-01  7.22864985e-01  7.21502053e-01
8.76881712e-01  4.17436986e-01  8.77707734e-01
4.53740892e-01  3.87474435e-01  6.37828186e-01
7.45221556e-01  3.16208197e-01  9.88990547e-01
8.15252468e-01  4.84287710e-01  9.98262705e-01
3.71174998e-01  7.41052288e-01  6.29526483e-01
4.49095691e-01  3.00937223e-01  7.00916471e-01
3.92510491e-01  9.40083959e-01  7.80549838e-01
4.41922796e-01  3.85839486e-01  7.00952407e-01
6.70669536e-01  9.28426708e-01  9.70521066e-01
5.48930958e-01  9.53424295e-01  3.71878638e-01
8.11193172e-01  3.35054062e-01  3.60029163e-01
7.67525657e-01  8.17506003e-01  6.36910079e-01
6.23633151e-01  5.89884367e-01  7.89715945e-01
7.07287757e-01  3.83061230e-01  8.90995588e-01
6.30130885e-01  6.98237919e-01  3.64204081e-01
6.02851330e-01  8.10393675e-01  8.91396933e-01
9.54852529e-01  4.31194557e-01  4.39751886e-01
9.15243294e-01  7.02237469e-01  7.46352881e-01
5.52238390e-01  8.36188471e-01  6.06977240e-01
2.53315503e-01  3.92639677e-01  7.11135389e-01
5.71564867e-01  6.43087183e-01  5.69236663e-01
3.73837292e-01  3.88589040e-01  2.71880678e-01
6.95953523e-01  9.69449940e-01  4.43499007e-01
7.44961975e-01  7.09592832e-01  6.17141977e-01
9.00822060e-01  4.95770135e-01  9.28071509e-01
8.59715527e-01  6.13939230e-01  7.32682411e-01
3.22538221e-01  2.65893954e-01  5.44584347e-01
2.64512619e-01  9.18125758e-01  8.97398343e-01
7.68517848e-01  8.58907130e-01  8.84435464e-01
4.21926869e-01  7.30613686e-01  9.16186054e-01
8.18951430e-01  5.28351596e-01  6.34662707e-01
9.81485348e-01  7.79441187e-01  4.72467254e-01
9.60611513e-01  3.31138576e-01  5.79134696e-01
5.17469136e-01  7.82166910e-01  3.62269711e-01
2.86458050e-01  8.96843116e-01  9.81452470e-01
8.82060618e-01  6.83384083e-01  6.31381453e-01
6.05843778e-01  7.74979086e-01  3.61690643e-01
7.18103471e-01  8.37530076e-01  4.88831743e-01
2.75118291e-01  6.53488381e-01  8.75955940e-01
7.46265606e-01  6.09674581e-01  4.25680309e-01
3.21942512e-01  4.30277358e-01  7.21650106e-01
5.22007913e-01  2.86485298e-01  4.44336738e-01
6.23953102e-01  6.33198336e-01  4.43095306e-01
6.33270639e-01  7.43189621e-01  2.92292824e-01
3.99555616e-01  5.45025202e-01  6.49308110e-01
4.77300570e-01  8.85568656e-01  4.11784679e-01
2.86472606e-01  5.60616985e-01  3.70281280e-01
2.85525241e-01  6.90204996e-01  7.86503582e-01
4.90400915e-01  7.33213177e-01  5.61547202e-01
5.37230579e-01  5.69655494e-01  8.26415827e-01
8.35778429e-01  6.54531278e-01  8.38756826e-01
4.91024043e-01  4.31834029e-01  8.87084581e-01
6.74887454e-01  2.54389155e-01  3.27400244e-01
4.61442079e-01  2.81301863e-01  3.10232933e-01
6.06126478e-01  2.52285503e-01  8.76821910e-01
5.74143828e-01  4.45715184e-01  9.60931198e-01
3.40135933e-01  4.00669621e-01  7.46022092e-01
5.49129222e-01  9.90425720e-01  7.62324686e-01
2.88159400e-01  2.98770504e-01  9.92598213e-01
6.84517322e-01  8.21335052e-01  7.42531647e-01
9.29683598e-01  9.87505465e-01  2.83277737e-01
2.68706638e-01  3.98040737e-01  2.60590541e-01
8.38985541e-01  3.55648492e-01  4.25492244e-01
4.61877122e-01  9.94537061e-01  4.99569172e-01
3.85086585e-01  4.77053028e-01  5.17791502e-01
4.74801034e-01  3.31353921e-01  7.85916649e-01
9.18303948e-01  7.51753530e-01  8.50747807e-01
6.49237834e-01  5.10868971e-01  5.12064625e-01
5.91324967e-01  7.35074688e-01  8.19691635e-01
3.40577196e-01  8.79807567e-01  6.75395212e-01
8.74642850e-01  3.43737761e-01  3.02466300e-01
6.12093250e-01  6.72106555e-01  7.20119815e-01
9.74016045e-01  5.29329343e-01  4.65246988e-01
5.05193819e-01  7.76342004e-01  6.66249453e-01
3.73764781e-01  8.32095873e-01  8.89933039e-01
3.51272648e-01  6.99917685e-01  5.71024193e-01
9.86947555e-01  9.79751646e-01  7.77538607e-01
4.26540061e-01  9.54780908e-01  4.02990226e-01
8.82600446e-01  8.27202754e-01  9.69437954e-01
8.69876169e-01  9.94110669e-01  3.64749987e-01
2.60193961e-01  7.36347837e-01  9.60896046e-01
3.18536313e-01  2.74004756e-01  9.71881503e-01
6.07577801e-01  5.80484047e-01  3.53740650e-01
8.49059993e-01  9.77401678e-01  5.23553932e-01
