6.21291223e-01  2.58743609e-01  7.81329226e-01
7.09399974e-01  2.63123094e-01  9.62123446e-01
8.53923926e-01  9.96677866e-01  4.38231608e-01
8.94911978e-01  7.96583243e-01  9.28923073e-01
3.33813148e-01  6.51277528e-01  2.51525051e-01
3.30746317e-01  8.13609574e-01  9.46277318e-01
8.30379071e-01  9.27309022e-01  3.54271657e-01
3.33178388e-01  3.92632288e-01  7.31883187e-01
5.04103943e-01  3.04879320e-01  8.44661323e-01
8.15992007e-01  3.78084732e-01  4.09926362e-01
3.09712186e-01  4.14811276e-01  3.77948509e-01
3.70952690e-01  5.66996485e-01  9.17513477e-01
2.71656702e-01  7.17175967e-01  4.22553978e-01
9.08579429e-01  2.95021974e-01  5.51336634e-01
3.28010170e-01  8.81269198e-01  6.01171123e-01
9.56427871e-01  4.36868427e-01  5.03796406e-01
9.90726681e-01  9.71655702e-01  4.69912900e-01
3.90148720e-01  9.36280657e-01  7.02466245e-01
6.98382825e-01  4.92967571e-01  7.36059965e-01
4.98043292e-01  9.10159667e-01  7.27745422e-01
7.73023016e-01  9.48398860e-01  2.51753027e-01
7.91322538e-01  6.19837654e-01  6.90966097e-01
8.45298102e-01  9.71885797e-01  5.74925628e-01
9.84121883e-01  7.22864985e-01  7.21502053e-01
5.17890279e-01  3.35261671e-01  6.95488057e-01
6.98034073e-01  3.74880771e-01  2.52944143e-01
4.75657118e-01  6.11483791e-01  2.83072160e-01
4.79098602e-01  5.71447150e-01  4.28210328e-01
9.01657792e-01  3.42839223e-01  3.26581556e-01
6.87132540e-01  2.55619350e-01  2.82079575e-01
3.16257279e-01  3.53341329e-01  4.95675931e-01
9.38337766e-01  2.80759135e-01  8.19156136e-01
9.58202860e-01  7.77344022e-01  8.63700137e-01
2.82325176e-01  4.76189040e-01  4.41957301e-01
7.32692378e-01  9.58807512e-01  7.97386337e-01
9.29904507e-01  2.63167716e-01  8.81790881e-01
2.97987459e-01  3.34406007e-01  5.25686229e-01
7.84384494e-01  3.34550586e-01  9.33853404e-01
3.77562252e-01  2.80992689e-01  7.76480951e-01
9.09943338e-01  5.65659776e-01  8.17342358e-01
5.63136163e-01  8.67206844e-01  8.74972337e-01
5.91820123e-01  7.83845215e-01  9.76905188e-01
2.85174420e-01  2.60623548e-01  7.61541373e-01
5.81379326e-01  4.42910324e-01  4.52965068e-01
9.97266855e-01  5.90798352e-01  3.04046915e-01
9.09317730e-01  5.92811245e-01  8.58016144e-01
7.00784573e-01  9.79745219e-01  9.95277044e-01
7.85937846e-01  4.75707525e-01  2.57202221e-01
3.52344620e-01  3.43024825e-01  8.33579062e-01
4.77300570e-01  8.85568656e-01  4.11784679e-01
4.20080353e-01  3.35466633e-01  9.28214964e-01
9.51460654e-01  5.33978302e-01  8.24304163e-01
4.18600685e-01  7.68014793e-01  2.93444540e-01
9.22199222e-01  9.69249273e-01  3.85932357e-01
9.77325674e-01  9.80512208e-01  3.12891861e-01
7.27373918e-01  6.74189884e-01  8.67168077e-01
8.59039625e-01  3.69003236e-01  9.14226328e-01
4.88708341e-01  7.80791017e-01  8.66611317e-01
9.70427789e-01  4.70037267e-01  7.43057773e-01
9.82818059e-01  8.05368812e-01  5.64394466e-01
8.28674467e-01  2.75755974e-01  5.92077369e-01
5.80584808e-01  4.68205729e-01  7.39293922e-01
6.41240267e-01  7.32466083e-01  5.39018818e-01
2.52963134e-01  9.97810094e-01  7.85549457e-01
4.75528678e-01  9.74361949e-01  3.94869021e-01
2.99317616e-01  9.58589689e-01  7.54973007e-01
3.99213707e-01  7.44610368e-01  4.29936931e-01
4.39327848e-01  3.05010739e-01  8.05028098e-01
6.06353821e-01  3.31574016e-01  6.68517178e-01
5.71068000e-01  2.85051109e-01  8.65098152e-01
3.20097728e-01  9.61233991e-01  6.92547224e-01
2.81969850e-01  9.63764053e-01  9.01636356e-01
7.62666528e-01  3.89897443e-01  2.68340163e-01
8.64471856e-01  4.19605727e-01  8.41576344e-01
9.09559115e-01  9.44802909e-01  9.66266356e-01
9.29683598e-01  9.87505465e-01  2.83277737e-01
7.13330688e-01  2.85556591e-01  2.60370752e-01
3.61592195e-01  6.93698394e-01  9.26236330e-01
8.55878230e-01  8.68091178e-01  2.85359518e-01
2.98338709e-01  9.72314544e-01  5.80402263e-01
7.25241721e-01  6.69291957e-01  2.50779692e-01
8.22436728e-01  4.29028103e-01  7.04630031e-01
4.71974889e-01  7.16754120e-01  8.45573296e-01
8.85834630e-01  8.69411409e-01  4.52390183e-01
7.01412948e-01  4.31707492e-01  9.38543219e-01
2.69051894e-01  3.69609496e-01  4.26365213e-01
7.34061004e-01  2.69947669e-01  8.90436004e-01
3.35490836e-01  5.38858681e-01  4.04503617e-01
6.66580822e-01  6.65413764e-01  9.85893316e-01
9.27130909e-01  6.31766396e-01  5.45869252e-01
5.30009622e-01  2.52180969e-01  9.82456894e-01
9.90268505e-01  3.50028060e-01  6.39661295e-01
8.32165455e-01  9.66856878e-01  3.59705678e-01
4.89430809e-01  9.81121526e-01  6.00620632e-01
9.65052388e-01  8.28842092e-01  3.89639127e-01
4.36142516e-01  3.08044681e-01  7.51401999e-01
4.14960823e-01  4.41997335e-01  2.93854228e-01
3.98550196e-01  8.30408305e-01  4.85518725e-01
6.34858536e-01  3.29077072e-01  2.99324653e-01
5.11139866e-01  9.71755106e-01  9.71644677e-01
6.23885029e-01  5.25929882e-01  7.57993248e-01
9.31493782e-01  9.58926687e-01  7.56906581e-01
5.24424943e-01  2.66812268e-01  8.57160025e-01
8.75917451e-01  7.57232641e-01  2.61539403e-01
3.24176056e-01  8.77184013e-01  8.96318484e-01
7.15940644e-01  3.87464090e-01  9.77860689e-01
7.64025705e-01  7.48562072e-01  8.89441482e-01
6.50923438e-01  3.21729080e-01  3.74678475e-01
9.12875741e-01  9.86624363e-01  5.90474615e-01
4.48694509e-01  8.80961131e-01  8.94103697e-01
7.62922050e-01  9.12418776e-01  3.57409376e-01
8.28496817e-01  6.92787352e-01  7.19248527e-01
8.43244730e-01  7.81180847e-01  8.63512012e-01
6.48107274e-01  3.25535861e-01  2.59769041e-01
2.79971547e-01  7.18792804e-01  5.18495025e-01
2.78827080e-01  5.20860765e-01  3.00097594e-01
2.79463462e-01  3.11986935e-01  9.39429137e-01
5.13743407e-01  5.41680940e-01  9.81205233e-01
4.59901534e-01  3.66334539e-01  9.07992582e-01
7.37803527e-01  4.32213272e-01  2.98227854e-01
6.60694668e-01  6.97179286e-01  4.54523611e-01
2.51218212e-01  8.83058431e-01  7.23464637e-01
6.42563525e-01  2.84959096e-01  9.09026032e-01
2.63330792e-01  7.58452837e-01  3.85179772e-01
5.75514895e-01  4.61096520e-01  9.68861495e-01
7.55605988e-01  3.00629109e-01  9.32607658e-01
7.92519919e-01  4.54570825e-01  2.84917098e-01
2.62365000e-01  8.09203490e-01  7.67730139e-01
6.35104826e-01  6.16295831e-01  9.93225916e-01
7.19720864e-01  4.32494274e-01  5.71682442e-01
3.40135933e-01  4.00669621e-01  7.46022092e-01
9.12959340e-01  8.90475812e-01  2.50932081e-01
5.04784742e-01  4.48740079e-01  7.19493813e-01
9.77672036e-01  8.58319634e-01  7.07632121e-01
8.92644552e-01  5.96751106e-01  7.72474623e-01
2.87984498e-01  7.12184432e-01  3.72025533e-01
8.11609117e-01  3.89172388e-01  3.84375290e-01
8.87270150e-01  3.96192087e-01  2.86203574e-01
3.63366793e-01  7.57454863e-01  8.67985666e-01
9.84597353e-01  5.01662697e-01  2.80059668e-01
2.99859088e-01  6.96605521e-01  4.35862103e-01
5.01166774e-01  2.69130469e-01  4.97162349e-01
6.14225448e-01  7.26467639e-01  9.72350585e-01
3.73764781e-01  8.32095873e-01  8.89933039e-01
7.04188557e-01  4.94826987e-01  9.17948675e-01
3.17846942e-01  9.06443902e-01  4.17310546e-01
8.20404307e-01  5.12179806e-01  2.51841341e-01
4.52079583e-01  9.58626463e-01  9.45673142e-01
4.69602073e-01  2.88186256e-01  4.34706411e-01
4.46665161e-01  7.66873660e-01  8.16116515e-01
3.92956012e-01  4.69887470e-01  8.84477396e-01
7.62336804e-01  3.55855452e-01  8.78900828e-01
6.74135419e-01  4.47938302e-01  5.47570247e-01
3.76836009e-01  3.78433133e-01  7.56380002e-01
6.34149046e-01  7.92759787e-01  6.52138996e-01
4.38533953e-01  4.68564372e-01  7.43499145e-01
2.60510106e-01  6.72916617e-01  5.34335755e-01
8.82161192e-01  9.52306384e-01  8.22079057e-01
4.68910636e-01  7.61248708e-01  6.30626985e-01
4.86198871e-01  8.69312310e-01  4.54397988e-01
8.17644159e-01  2.68861426e-01  5.05507878e-01
9.93889405e-01  5.10864236e-01  3.88919916e-01
9.90495548e-01  7.38507535e-01  7.38515251e-01
4.69010188e-01  4.87620238e-01  2.59838280e-01
6.92656318e-01  8.92456942e-01  4.37385086e-01
5.38089950e-01  5.06981155e-01  9.99159663e-01
2.65439542e-01  3.41739466e-01  3.86034451e-01
5.44401095e-01  9.42012709e-01  5.34597569e-01
9.49982972e-01  4.39168988e-01  4.56449133e-01
8.69598781e-01  6.49733112e-01  9.10777543e-01
4.94137506e-01  4.90203617e-01  9.35601988e-01
6.68188750e-01  2.53896629e-01  3.73009761e-01
3.56630262e-01  7.76005568e-01  4.58459126e-01
5.92232938e-01  3.48659149e-01  7.88231241e-01
9.64797150e-01  3.43865914e-01  6.96772246e-01
8.93382117e-01  3.06389956e-01  5.54588363e-01
3.55547404e-01  9.46107803e-01  7.98820876e-01
8.71517658e-01  5.08352449e-01  6.33876331e-01
3.46866464e-01  9.31152196e-01  6.98572328e-01
9.41004263e-01  6.99170350e-01  4.05395849e-01
2.65565992e-01  8.30637249e-01  9.21913326e-01
8.65835863e-01  4.22695108e-01  2.94031430e-01
4.39431872e-01  2.60841266e-01  4.56415867e-01
9.67613809e-01  3.82830702e-01  2.76184992e-01
9.66425317e-01  4.23005700e-01  3.67924738e-01
3.70682606e-01  3.01000002e-01  2.50384955e-01
6.39852631e-01  9.51432792e-01  4.41399941e-01
9.19341758e-01  9.29346023e-01  9.62233400e-01
4.31560206e-01  5.87240711e-01  2.59085680e-01
5.09764260e-01  4.06671076e-01  3.07994997e-01
9.76503937e-01  9.08158802e-01  4.33142166e-01
7.37854553e-01  8.63930476e-01  3.41174255e-01
6.56913298e-01  6.19055473e-01  5.39402128e-01
8.01597756e-01  8.02095829e-01  3.24415690e-01
5.72123508e-01  8.29966266e-01  7.32577652e-01
6.23622447e-01  9.71622057e-01  9.38735950e-01
8.59472292e-01  8.19829702e-01  3.46821680e-01
2.98190575e-01  8.22777332e-01  5.33840458e-01
3.01306677e-01  7.67877778e-01  7.15195384e-01
9.48932268e-01  7.62780570e-01  3.14709568e-01
