8.40426123e-01  2.76993116e-01  9.13612132e-01  9.22317278e-01  1.94768705e-01  9.27902926e-01
8.08251869e-01  7.02036649e-01  7.36986689e-01  9.37715735e-01  5.84264625e-01  7.36515756e-01
8.63137320e-01  5.56537432e-01  6.47362578e-01  9.54834530e-01  4.50908960e-01  6.58087185e-01
8.22140231e-01  5.22072487e-01  8.10689050e-01  9.31679312e-01  3.89609459e-01  8.21262742e-01
9.35024634e-01  4.37706323e-01  4.81958899e-01  9.83000267e-01  3.47075961e-01  5.02262911e-01
8.76099812e-01  7.28709431e-01  4.87188892e-01  9.72210185e-01  7.70095631e-01  4.70836284e-01
7.67288363e-01  5.95049301e-01  9.48852360e-01  9.11548478e-01  3.83566353e-01  9.51829578e-01
7.85969118e-01  7.48197643e-01  7.81668744e-01  9.33743874e-01  5.21023968e-01  7.76596558e-01
8.53591693e-01  8.21922406e-01  5.00884692e-01  9.70495317e-01  8.17302367e-01  4.70030652e-01
9.61821370e-01  2.70563456e-01  5.03202979e-01  9.80354614e-01  2.34869687e-01  5.46061881e-01
8.22623932e-01  2.96734745e-01  9.61116169e-01  9.15797699e-01  1.91543784e-01  9.70491917e-01
8.84020674e-01  5.18630802e-01  6.01895194e-01  9.64417425e-01  3.77436130e-01  6.14708477e-01
8.48491097e-01  7.62067911e-01  5.58999490e-01  9.63404543e-01  7.04542151e-01  5.42989126e-01
8.35889257e-01  8.16280948e-01  5.65467660e-01  9.60031030e-01  7.91270456e-01  5.43888493e-01
8.10647548e-01  3.43980906e-01  9.70448649e-01  9.13711371e-01  2.17986710e-01  9.78067684e-01
8.22358195e-01  5.95038829e-01  7.60702782e-01  9.39201235e-01  4.15795435e-01  7.66755151e-01
8.39310500e-01  2.45898559e-01  9.38410924e-01  9.20955645e-01  1.36557502e-01  9.50556464e-01
8.61615468e-01  2.04357721e-01  8.90234545e-01  9.27597906e-01  1.33125858e-01  9.08772469e-01
9.46411337e-01  4.83661901e-01  4.12046996e-01  9.92385898e-01  4.32047686e-01  4.21747096e-01
8.63716955e-01  5.61461163e-01  6.42059311e-01  9.54376849e-01  4.84272087e-01  6.53045056e-01
8.35534934e-01  2.07149926e-01  9.77761945e-01  9.15177361e-01  1.40416612e-01  9.87213630e-01
8.70047240e-01  5.76704632e-01  6.10145822e-01  9.59935288e-01  4.80004713e-01  6.18413995e-01
8.10603233e-01  5.30419677e-01  8.44771728e-01  9.26983913e-01  3.82583674e-01  8.53576253e-01
8.14315763e-01  6.32425504e-01  7.62949191e-01  9.36966874e-01  4.74706607e-01  7.66999574e-01
8.26608041e-01  2.94329772e-01  9.49125816e-01  9.17099087e-01  2.01457055e-01  9.59774019e-01
8.73865320e-01  6.78024048e-01  5.28728412e-01  9.67875268e-01  6.67270403e-01  5.22709858e-01
8.61964532e-01  2.95822224e-01  8.27313553e-01  9.34053949e-01  2.12411748e-01  8.48403504e-01
8.36769360e-01  2.17785598e-01  9.66068004e-01  9.17553563e-01  1.20867266e-01  9.76130083e-01
8.52001066e-01  4.81187332e-01  7.36556420e-01  9.42156123e-01  3.96836075e-01  7.52852843e-01
7.47698751e-01  6.66409703e-01  9.67922728e-01  9.07334755e-01  4.27700413e-01  9.68820455e-01
8.70506096e-01  6.04620883e-01  5.90037099e-01  9.61021675e-01  5.47854722e-01  5.95738830e-01
8.98091492e-01  4.31760824e-01  6.12445233e-01  9.61065097e-01  3.76802627e-01  6.36361567e-01
9.71703495e-01  3.14964237e-01  4.39480560e-01  9.89298347e-01  2.85483171e-01  4.76595567e-01
8.00546450e-01  3.75438818e-01  9.83731509e-01  9.11334735e-01  2.32794404e-01  9.89771043e-01
8.00341657e-01  5.46080847e-01  8.69262493e-01  9.22048900e-01  4.16689731e-01  8.77074431e-01
8.43849335e-01  4.34921664e-01  7.95332742e-01  9.36211216e-01  3.10201049e-01  8.11183061e-01
8.49763894e-01  2.87050673e-01  8.74919567e-01  9.28370351e-01  1.82884673e-01  8.91919350e-01
8.61098493e-01  5.64162130e-01  6.49480317e-01  9.53251827e-01  4.86433870e-01  6.60260770e-01
8.61738290e-01  2.85287513e-01  8.35493955e-01  9.32876734e-01  2.12267330e-01  8.56505632e-01
7.64449781e-01  7.79920971e-01  8.34080927e-01  9.24511717e-01  5.52368256e-01  8.28833841e-01
8.73927209e-01  7.42386770e-01  4.85083600e-01  9.72112279e-01  7.88779486e-01  4.66479898e-01
8.85936553e-01  5.45865071e-01  5.76672661e-01  9.63539076e-01  5.06286006e-01  5.89015370e-01
9.36605982e-01  4.18598695e-01  4.89450338e-01  9.79640819e-01  3.85930997e-01  5.14519214e-01
8.25497520e-01  6.51879193e-01  7.11915511e-01  9.43496666e-01  5.21107543e-01  7.14538941e-01
8.72351041e-01  2.26451127e-01  8.38941237e-01  9.34065927e-01  1.57606713e-01  8.61948622e-01
9.05115346e-01  6.19829766e-01  4.61238359e-01  9.78234018e-01  6.58014085e-01  4.58483653e-01
7.94467429e-01  6.00229222e-01  8.52492345e-01  9.25645535e-01  4.01834932e-01  8.57040500e-01
8.30466249e-01  2.46807249e-01  9.68017682e-01  9.16789732e-01  1.36379614e-01  9.77320036e-01
8.52007290e-01  3.52708226e-01  8.22943472e-01  9.34311848e-01  2.35357916e-01  8.41262367e-01
8.24583579e-01  3.68883019e-01  9.05726430e-01  9.22342586e-01  2.37701661e-01  9.17474235e-01
8.15853806e-01  5.19624814e-01  8.33819424e-01  9.28464746e-01  3.82025880e-01  8.43694620e-01
8.08961913e-01  4.37427100e-01  9.12841550e-01  9.19243064e-01  3.00894930e-01  9.22243988e-01
9.69021282e-01  3.28416205e-01  4.39566304e-01  9.89777997e-01  2.82315271e-01  4.74276644e-01
8.36594273e-01  5.35252036e-01  7.52709451e-01  9.40941332e-01  3.85056874e-01  7.63461148e-01
7.53102231e-01  6.74016144e-01  9.44027773e-01  9.09208607e-01  4.73031442e-01  9.45444528e-01
8.37488829e-01  8.27643039e-01  5.52037753e-01  9.63348230e-01  7.74090465e-01  5.26203554e-01
8.83127949e-01  7.12214487e-01  4.74310007e-01  9.79710564e-01  6.37619650e-01  4.54406660e-01
8.90743231e-01  4.11772628e-01  6.51038871e-01  9.57018338e-01  3.23620684e-01  6.75033944e-01
8.26408882e-01  4.74736857e-01  8.28348537e-01  9.31479426e-01  3.18481280e-01  8.40069935e-01
9.16787787e-01  3.77788063e-01  5.84696307e-01  9.68588746e-01  2.71404686e-01  6.12790941e-01
8.16456835e-01  5.83461850e-01  7.88678579e-01  9.36287340e-01  3.77264582e-01  7.94658477e-01
8.16776457e-01  3.83957448e-01  9.22526183e-01  9.20140375e-01  2.36394138e-01  9.32429065e-01
8.67010735e-01  4.55635657e-01  7.02519894e-01  9.49708324e-01  3.29173621e-01  7.20592369e-01
8.03452127e-01  5.23290953e-01  8.74015857e-01  9.22702097e-01  3.77655360e-01  8.82218774e-01
7.79932986e-01  5.15025197e-01  9.59656754e-01  9.11077526e-01  3.42867929e-01  9.64582440e-01
8.60968258e-01  4.25866190e-01  7.43253969e-01  9.44392122e-01  2.98959016e-01  7.61915405e-01
8.39613712e-01  6.08195540e-01  6.92868957e-01  9.45914778e-01  5.15576257e-01  6.99835056e-01
9.34266569e-01  3.20255676e-01  5.63806380e-01  9.71885711e-01  2.41235610e-01  5.98858380e-01
8.95423879e-01  5.95086032e-01  5.11343488e-01  9.75891553e-01  4.98370123e-01  5.12197580e-01
8.09105195e-01  5.46867701e-01  8.38492340e-01  9.28833221e-01  3.62484219e-01  8.46004020e-01
8.79195962e-01  6.57076902e-01  5.24652628e-01  9.68835504e-01  6.47893973e-01  5.21184204e-01
8.60435320e-01  7.13941656e-01  5.50670025e-01  9.63574662e-01  7.04642805e-01  5.41873950e-01
9.43167186e-01  2.44079620e-01  5.84803739e-01  9.69399969e-01  1.89858608e-01  6.27086793e-01
8.44554185e-01  7.15345202e-01  6.03681278e-01  9.56020967e-01  6.70862940e-01  5.97882979e-01
7.66333655e-01  6.89553111e-01  8.88334107e-01  9.18710586e-01  4.56701375e-01  8.88402215e-01
8.37064513e-01  2.55396905e-01  9.39674261e-01  9.19978811e-01  1.57806026e-01  9.51741000e-01
8.95186044e-01  5.86032211e-01  5.17967685e-01  9.73952121e-01  5.10257480e-01  5.21277621e-01
7.93320684e-01  5.10126317e-01  9.17219832e-01  9.17742222e-01  3.34776606e-01  9.23768667e-01
8.35369537e-01  3.26904675e-01  8.97501912e-01  9.23667657e-01  2.29006219e-01  9.11571149e-01
7.62701597e-01  7.34068454e-01  8.70701299e-01  9.20828782e-01  4.83825000e-01  8.68329945e-01
7.39411871e-01  6.84194225e-01  9.83937043e-01  9.05246247e-01  4.17383382e-01  9.84166868e-01
7.72504528e-01  6.73694648e-01  8.78249554e-01  9.18564888e-01  4.97978376e-01  8.79983270e-01
8.30496019e-01  2.46726002e-01  9.68268489e-01  9.16298821e-01  1.49943046e-01  9.77742294e-01
9.65601394e-01  2.51740474e-01  5.02991219e-01  9.80489736e-01  2.22434956e-01  5.48168544e-01
8.69786275e-01  5.77856303e-01  6.10260815e-01  9.62569406e-01  4.17164752e-01  6.16544976e-01
7.54054868e-01  6.50860005e-01  9.56699079e-01  9.08156491e-01  4.48595404e-01  9.58553128e-01
9.04848463e-01  4.39549158e-01  5.83807444e-01  9.66708749e-01  3.49593516e-01  6.06152922e-01
9.05478283e-01  3.53812349e-01  6.39811587e-01  9.61391974e-01  2.34728604e-01  6.68237246e-01
9.05719144e-01  6.01448844e-01  4.71877221e-01  9.77092796e-01  6.31183876e-01  4.72735510e-01
8.66079718e-01  3.69242587e-01  7.63705122e-01  9.42390297e-01  2.53857769e-01  7.85022975e-01
8.12194926e-01  5.56845227e-01  8.21201386e-01  9.29261390e-01  4.19479052e-01  8.29629001e-01
8.54489099e-01  5.67625058e-01  6.69426737e-01  9.52231542e-01  4.34882674e-01  6.78614782e-01
9.02481347e-01  6.24019217e-01  4.67409985e-01  9.79199220e-01  6.13650580e-01  4.62900856e-01
8.20465670e-01  5.85252133e-01  7.73772868e-01  9.36194326e-01  4.36516891e-01  7.81086653e-01
8.73209906e-01  2.57826907e-01  8.14534571e-01  9.37685187e-01  1.58650371e-01  8.37967958e-01
9.07092064e-01  6.61384193e-01  4.26443839e-01  9.83602026e-01  7.06717229e-01  4.12408642e-01
8.27335611e-01  4.17171734e-01  8.64030933e-01  9.25826927e-01  3.13888832e-01  8.77423824e-01
8.27609334e-01  7.42827168e-01  6.43324598e-01  9.50610857e-01  6.59111711e-01  6.35909683e-01
8.42847663e-01  4.67152356e-01  7.77004067e-01  9.38913374e-01  3.20506833e-01  7.91386941e-01
8.05331939e-01  7.62301985e-01  7.05995977e-01  9.44993868e-01  5.52495539e-01  6.96913650e-01
8.72991508e-01  4.26382854e-01  7.01827728e-01  9.50448788e-01  3.02797449e-01  7.22150070e-01
9.28197930e-01  2.28577692e-01  6.46703445e-01  9.60717710e-01  1.76216843e-01  6.86553145e-01
8.97472774e-01  6.38270181e-01  4.75201848e-01  9.76086139e-01  6.66237631e-01  4.70810264e-01
8.26123138e-01  4.48354008e-01  8.46831193e-01  9.27297741e-01  3.45208160e-01  8.59983862e-01
9.11085190e-01  5.73562607e-01  4.72065680e-01  9.81984980e-01  4.95987430e-01  4.73168142e-01
8.27722758e-01  3.22088285e-01  9.26880878e-01  9.21206540e-01  1.84420577e-01  9.38018696e-01
9.51018780e-01  3.95471799e-01  4.55818086e-01  9.84302630e-01  3.90343247e-01  4.83563979e-01
8.18072563e-01  5.56156958e-01  8.01585509e-01  9.35177622e-01  3.47491304e-01  8.08895682e-01
7.52380734e-01  7.36233776e-01  9.04800968e-01  9.14920661e-01  4.98483771e-01  9.03236957e-01
8.00783247e-01  7.43091290e-01  7.34500473e-01  9.39138043e-01  5.73551418e-01  7.29437978e-01
8.14101955e-01  8.51455150e-01  6.15868598e-01  9.56404470e-01  6.88571075e-01  5.91188914e-01
8.64920366e-01  2.97718994e-01  8.15935129e-01  9.37148755e-01  1.76733060e-01  8.37084700e-01
7.92711791e-01  4.66035093e-01  9.49057161e-01  9.12547100e-01  3.38869887e-01  9.56112346e-01
8.13695063e-01  5.68626220e-01  8.08126061e-01  9.32620260e-01  3.89360697e-01  8.15286905e-01
8.27593380e-01  3.26111752e-01  9.24606544e-01  9.19523222e-01  2.35167440e-01  9.36680941e-01
8.37594761e-01  3.26237293e-01  8.90051713e-01  9.25515673e-01  2.07423798e-01  9.04361755e-01
8.07205124e-01  3.65084269e-01  9.67669512e-01  9.12777804e-01  2.51725377e-01  9.75471144e-01
8.59728462e-01  4.24350562e-01  7.48214789e-01  9.43879973e-01  2.90820737e-01  7.66629551e-01
8.40523825e-01  6.53614057e-01  6.59109257e-01  9.49826835e-01  5.70863351e-01  6.61523178e-01
7.71080350e-01  5.14969940e-01  9.89942219e-01  9.06016990e-01  3.55645649e-01  9.93986377e-01
8.02666250e-01  7.07042352e-01  7.52395529e-01  9.38822409e-01  4.97099891e-01  7.49743453e-01
8.97334408e-01  4.56374247e-01  5.98422254e-01  9.64286756e-01  3.63228720e-01  6.18943802e-01
8.39828859e-01  5.97309499e-01  6.99481001e-01  9.47517272e-01  4.47092963e-01  7.05932263e-01
8.11502911e-01  4.09194562e-01  9.23213362e-01  9.17503925e-01  3.01531180e-01  9.33246988e-01
8.79760006e-01  6.88801685e-01  5.01615127e-01  9.72732411e-01  6.71717411e-01  4.91010276e-01
7.98128534e-01  5.74455540e-01  8.57376503e-01  9.22976089e-01  4.42962675e-01  8.64328047e-01
8.51061730e-01  8.73100141e-01  4.74992076e-01  9.73064233e-01  9.07087466e-01  4.32085346e-01
9.85124562e-01  2.88405064e-01  4.11552752e-01  9.92865128e-01  2.90655417e-01  4.52482028e-01
8.62476947e-01  3.77522773e-01  7.70723684e-01  9.39954660e-01  2.92884944e-01  7.91829883e-01
8.55250453e-01  4.75315467e-01  7.29120386e-01  9.45801993e-01  3.31275368e-01  7.44628191e-01
7.70016643e-01  5.96289254e-01  9.38692174e-01  9.10190068e-01  4.56453436e-01  9.43113501e-01
8.47535476e-01  6.72877753e-01  6.22154303e-01  9.53946070e-01  6.25216573e-01  6.22105948e-01
9.28015703e-01  4.99058018e-01  4.64800413e-01  9.84214498e-01  4.25603571e-01  4.76214828e-01
8.71111243e-01  2.14518419e-01  8.50932639e-01  9.32941237e-01  1.39059365e-01  8.73080783e-01
8.51696773e-01  2.62958381e-01  8.84873152e-01  9.27707969e-01  1.61767326e-01  9.01734446e-01
9.31463190e-01  4.26097826e-01  5.01959483e-01  9.79687453e-01  3.41834716e-01  5.24764120e-01
8.07207869e-01  6.05073650e-01  8.05692557e-01  9.30774037e-01  4.54651917e-01  8.11516187e-01
9.30085411e-01  4.39225292e-01  4.97807415e-01  9.76849352e-01  4.32022145e-01  5.21402310e-01
8.14180433e-01  3.61469292e-01  9.46276352e-01  9.17793801e-01  2.03341218e-01  9.54867410e-01
9.75895521e-01  3.24033887e-01  4.19039085e-01  9.91481413e-01  3.17450409e-01  4.54949937e-01
7.40149628e-01  6.79098650e-01  9.84855194e-01  9.04951549e-01  4.20535467e-01  9.85303383e-01
7.72615326e-01  5.96461807e-01  9.29696516e-01  9.11475101e-01  4.58759144e-01  9.34319710e-01
9.36698878e-01  4.96242991e-01  4.36737743e-01  9.88458406e-01  4.33576340e-01  4.46571866e-01
8.69094211e-01  3.62689989e-01  7.57828478e-01  9.44530807e-01  2.20542557e-01  7.79260000e-01
8.12392923e-01  7.06120642e-01  7.20082517e-01  9.40049397e-01  5.95072642e-01  7.18963270e-01
7.50276004e-01  6.82376222e-01  9.48043047e-01  9.10208533e-01  4.33783567e-01  9.48415986e-01
9.43025633e-01  2.89896756e-01  5.54369035e-01  9.73156862e-01  2.30344992e-01  5.93309449e-01
8.38309719e-01  9.03242358e-01  4.98514613e-01  9.67970323e-01  9.48060440e-01  4.55476507e-01
7.62073920e-01  6.18025135e-01  9.51162403e-01  9.10364348e-01  4.07755731e-01  9.53640505e-01
7.53242263e-01  7.68995681e-01  8.79448961e-01  9.18163755e-01  5.23756747e-01  8.75875128e-01
