8.67252971e-01  6.66622448e-01  5.90164987e-01  9.57673656e-01  6.33859011e-01  5.92797520e-01
9.40903728e-01  3.33133070e-01  5.56288652e-01  9.72866427e-01  2.26482616e-01  5.90779138e-01
9.07431532e-01  6.55308721e-01  4.60782564e-01  9.82381116e-01  5.57944661e-01  4.51732852e-01
7.47329997e-01  7.08242049e-01  9.70087395e-01  9.05900531e-01  4.37690229e-01  9.70441175e-01
9.24343046e-01  3.17783271e-01  6.22487998e-01  9.63105299e-01  2.14340018e-01  6.56225899e-01
8.83305861e-01  3.75638891e-01  7.24276247e-01  9.48308604e-01  2.29045716e-01  7.47639984e-01
8.23129477e-01  4.01293299e-01  9.11972263e-01  9.21006791e-01  2.31340997e-01  9.22161740e-01
9.14210339e-01  6.75024457e-01  4.24964351e-01  9.79859922e-01  7.79871302e-01  4.15648638e-01
9.26353501e-01  3.43726134e-01  5.99115959e-01  9.66446691e-01  2.31402010e-01  6.31300104e-01
9.29400372e-01  3.82285909e-01  5.63438224e-01  9.70883579e-01  2.71657829e-01  5.92856954e-01
8.83187770e-01  5.81221779e-01  5.91501737e-01  9.63555590e-01  4.42438626e-01  6.00151019e-01
7.73247308e-01  7.28074514e-01  8.69194808e-01  9.20736927e-01  4.67239861e-01  8.68349935e-01
7.97199936e-01  7.06636317e-01  8.02070436e-01  9.30716822e-01  4.78917570e-01  8.02124519e-01
8.43414716e-01  1.97630068e-01  9.75323680e-01  9.14836018e-01  1.32068280e-01  9.85104023e-01
9.35520571e-01  5.36040787e-01  4.42835157e-01  9.82186336e-01  5.54853643e-01  4.53709521e-01
7.78824298e-01  5.87587882e-01  9.41471255e-01  9.09753266e-01  4.34722621e-01  9.46435314e-01
8.59823097e-01  2.03955840e-01  9.15490597e-01  9.22906781e-01  1.39614861e-01  9.31575604e-01
9.26979500e-01  3.52677876e-01  5.91178147e-01  9.65555890e-01  2.86285739e-01  6.24089995e-01
9.36115576e-01  2.40822506e-01  6.32477573e-01  9.61340205e-01  1.90676441e-01  6.73115062e-01
8.45123502e-01  7.67734140e-01  5.99366333e-01  9.54317063e-01  7.30011699e-01  5.91165350e-01
8.77472954e-01  6.57624389e-01  5.61006718e-01  9.67402382e-01  5.08615481e-01  5.59388797e-01
7.79196947e-01  5.64388791e-01  9.55270493e-01  9.11060909e-01  3.45171781e-01  9.59135255e-01
8.80630730e-01  8.07358727e-01  4.53369838e-01  9.77622090e-01  8.12427194e-01  4.22848589e-01
1.00561150e+00  2.79213558e-01  3.71575332e-01  9.99310472e-01  2.62341647e-01  4.12780203e-01
8.36559277e-01  3.26053055e-01  9.15217120e-01  9.20363757e-01  2.23600136e-01  9.28107605e-01
8.38275382e-01  3.68303789e-01  8.82253476e-01  9.24646034e-01  2.44761775e-01  8.96182585e-01
9.50271877e-01  3.01675106e-01  5.45198882e-01  9.74271077e-01  2.20217671e-01  5.83763840e-01
8.41794374e-01  8.06849768e-01  5.85574181e-01  9.60783003e-01  6.54590671e-01  5.67979536e-01
8.31912452e-01  8.27526222e-01  6.05407808e-01  9.53876865e-01  7.48743315e-01  5.89577675e-01
7.66847771e-01  6.03519260e-01  9.72099506e-01  9.08740300e-01  3.46415455e-01  9.74238936e-01
9.19846993e-01  3.73270961e-01  6.01730161e-01  9.62972174e-01  3.17454614e-01  6.32802033e-01
8.41288304e-01  2.65184924e-01  9.38679947e-01  9.19184300e-01  1.60081348e-01  9.50626067e-01
9.86878499e-01  3.47604450e-01  3.90783450e-01  9.96809269e-01  2.91873242e-01  4.21864713e-01
8.90943492e-01  3.83781946e-01  6.93350623e-01  9.49940689e-01  3.06696023e-01  7.19408935e-01
7.80275202e-01  6.26160569e-01  9.11498807e-01  9.14029055e-01  4.48810069e-01  9.15701189e-01
8.82660573e-01  6.32471714e-01  5.59720506e-01  9.62764619e-01  6.11205567e-01  5.64971997e-01
7.96583820e-01  6.92592063e-01  8.12982334e-01  9.26275601e-01  5.40481026e-01  8.15590927e-01
7.91168005e-01  5.53464801e-01  9.22005874e-01  9.14630956e-01  3.82556771e-01  9.27957254e-01
8.16488207e-01  8.85156486e-01  6.20368517e-01  9.53440314e-01  7.29142545e-01  5.96991599e-01
8.16611949e-01  7.58291006e-01  7.02612210e-01  9.41018247e-01  6.36562853e-01  6.98954741e-01
9.34323579e-01  2.64185356e-01  6.23692333e-01  9.62576050e-01  2.03137930e-01  6.62773083e-01
8.11008303e-01  6.24821272e-01  8.08000027e-01  9.28002976e-01  4.97103185e-01  8.14728016e-01
7.93753795e-01  4.62738125e-01  9.72135277e-01  9.10764726e-01  2.77951222e-01  9.77377889e-01
9.01979404e-01  2.51588129e-01  7.41405007e-01  9.47090867e-01  1.58692464e-01  7.72012484e-01
7.54176511e-01  8.00359214e-01  8.87322935e-01  9.17212276e-01  5.02376389e-01  8.83193864e-01
8.35782289e-01  8.45048482e-01  5.80891175e-01  9.58098431e-01  7.58758137e-01  5.60151454e-01
9.33893516e-01  2.81594811e-01  6.13552331e-01  9.63644643e-01  2.18579191e-01  6.51769568e-01
8.62033111e-01  3.79078382e-01  7.94578001e-01  9.36087791e-01  2.79662298e-01  8.14599362e-01
8.32087694e-01  5.07927322e-01  8.12611749e-01  9.32805959e-01  3.29377361e-01  8.23937505e-01
8.30932475e-01  6.66586631e-01  7.13224419e-01  9.40356085e-01  5.71704933e-01  7.17954692e-01
8.33696902e-01  5.73583506e-01  7.64519082e-01  9.39354455e-01  3.67666854e-01  7.72932950e-01
9.98185499e-01  2.43553859e-01  4.19941101e-01  9.91579353e-01  2.37259179e-01  4.68256459e-01
8.91898347e-01  7.65723503e-01  4.42140410e-01  9.81464336e-01  7.39619351e-01  4.15354335e-01
8.44666876e-01  2.87608804e-01  9.12645396e-01  9.21520748e-01  1.97576972e-01  9.26815919e-01
8.14158651e-01  6.41276763e-01  7.86916291e-01  9.32956963e-01  4.62094865e-01  7.91721420e-01
7.71723296e-01  6.73287607e-01  9.10239259e-01  9.13177826e-01  4.86235309e-01  9.12863870e-01
8.88717394e-01  7.42493899e-01  4.67724758e-01  9.73063123e-01  8.08801497e-01  4.52417476e-01
7.96805723e-01  5.47865811e-01  9.06495621e-01  9.17385730e-01  3.71049647e-01  9.13002475e-01
9.22773981e-01  3.62585299e-01  5.98729304e-01  9.66608509e-01  2.35216006e-01  6.28848362e-01
8.24152514e-01  4.06721662e-01  9.05270025e-01  9.20023724e-01  2.83976377e-01  9.16588579e-01
7.40832532e-01  7.21391737e-01  9.83614980e-01  9.03519752e-01  4.45857395e-01  9.83784345e-01
8.73998050e-01  2.86273379e-01  8.14202992e-01  9.37046951e-01  1.61305373e-01  8.36315882e-01
9.56886460e-01  3.49236843e-01  4.91860499e-01  9.81623492e-01  2.66513494e-01  5.25720908e-01
8.29327937e-01  7.35685669e-01  6.73810511e-01  9.44419434e-01  6.55995418e-01  6.72054935e-01
9.14744404e-01  4.71806324e-01  5.55382599e-01  9.69779789e-01  3.75513650e-01  5.75998738e-01
8.00375835e-01  8.40731561e-01  7.03925388e-01  9.43572787e-01  6.02057460e-01  6.90182856e-01
9.92782200e-01  3.13088628e-01  3.93145288e-01  9.94689863e-01  3.09531385e-01  4.31296669e-01
9.28900056e-01  3.92418831e-01  5.58558087e-01  9.68861043e-01  3.43771661e-01  5.88846828e-01
8.67673079e-01  8.23199428e-01  4.86786979e-01  9.72990222e-01  7.87218813e-01  4.57966260e-01
7.98578308e-01  6.59333444e-01  8.27803186e-01  9.24725678e-01  5.12052729e-01  8.32222533e-01
8.56699367e-01  2.70052476e-01  8.83181938e-01  9.25896247e-01  1.89603953e-01  9.00636676e-01
8.15181857e-01  3.54770089e-01  9.69170775e-01  9.11891211e-01  2.45801937e-01  9.77208007e-01
8.02745763e-01  9.17684660e-01  6.45915608e-01  9.50318364e-01  7.15271951e-01  6.20275031e-01
7.73083311e-01  6.81864667e-01  8.99755410e-01  9.17369792e-01  4.21153374e-01  9.00791526e-01
8.28047021e-01  2.80115218e-01  9.73954874e-01  9.13908655e-01  1.68987312e-01  9.82357823e-01
7.76951924e-01  5.85087519e-01  9.49453518e-01  9.08690881e-01  4.30553374e-01  9.54229217e-01
8.14823934e-01  5.92561762e-01  8.16286629e-01  9.30502525e-01  3.95958121e-01  8.23031119e-01
8.36200133e-01  2.82004985e-01  9.45038610e-01  9.18391289e-01  1.59557920e-01  9.55834270e-01
8.83270431e-01  6.89492530e-01  5.20927767e-01  9.67131914e-01  6.97131126e-01  5.17255285e-01
9.07101730e-01  7.05669637e-01  4.29504329e-01  9.81287639e-01  7.52274721e-01  4.13507762e-01
7.95537886e-01  8.90219771e-01  6.88223519e-01  9.44855199e-01  6.57891583e-01  6.68814334e-01
9.48752956e-01  4.96273862e-01  4.24019069e-01  9.87798242e-01  4.73577235e-01  4.37378446e-01
8.03930195e-01  5.15745523e-01  9.02859888e-01  9.20578218e-01  2.96185581e-01  9.09642171e-01
9.54490996e-01  2.20820680e-01  5.83067231e-01  9.68685201e-01  1.79503772e-01  6.28649682e-01
9.30748123e-01  4.21545033e-01  5.33670964e-01  9.72127639e-01  3.75349902e-01  5.60983080e-01
9.34778582e-01  4.56058485e-01  4.97280661e-01  9.76005727e-01  4.38251245e-01  5.20791504e-01
8.25911765e-01  7.02701895e-01  7.06825683e-01  9.40550666e-01  6.06319076e-01  7.08557366e-01
7.89398062e-01  4.58690914e-01  9.89555193e-01  9.06299038e-01  3.25661891e-01  9.94779457e-01
7.68182834e-01  5.99452225e-01  9.69907639e-01  9.06958536e-01  3.97464866e-01  9.73128149e-01
8.49250811e-01  3.28229134e-01  8.70704068e-01  9.27915809e-01  1.94450561e-01  8.86545774e-01
9.52873834e-01  5.03288373e-01  4.05174928e-01  9.89858105e-01  5.04114383e-01  4.16465132e-01
8.12053318e-01  8.96726442e-01  6.27916525e-01  9.52603407e-01  7.24152326e-01  6.03532680e-01
9.65363441e-01  4.14843235e-01  4.20483515e-01  9.88999106e-01  4.05214200e-01  4.45773898e-01
8.40209211e-01  7.50894768e-01  6.27283971e-01  9.50421290e-01  7.04882941e-01  6.22577319e-01
7.93943265e-01  6.77571637e-01  8.31703598e-01  9.27935315e-01  4.21564135e-01  8.32947246e-01
8.19964848e-01  7.37355055e-01  7.04523170e-01  9.45822588e-01  5.00097634e-01  6.99762864e-01
8.90012049e-01  2.02252793e-01  8.14075225e-01  9.36838185e-01  1.45125160e-01  8.40947906e-01
8.45038656e-01  4.92808309e-01  7.78448653e-01  9.38663090e-01  3.07116039e-01  7.91622441e-01
9.62003680e-01  4.07423921e-01  4.36411083e-01  9.89519905e-01  3.23911163e-01  4.61060196e-01
9.53764892e-01  3.05013279e-01  5.31170893e-01  9.76648973e-01  2.16122255e-01  5.69481174e-01
8.30374680e-01  2.99056319e-01  9.53750966e-01  9.17108543e-01  1.62817338e-01  9.63292089e-01
8.15597720e-01  4.24876835e-01  9.22236467e-01  9.16711552e-01  3.05878799e-01  9.32153721e-01
8.69889908e-01  5.46071996e-01  6.59477151e-01  9.52556803e-01  4.32206808e-01  6.73083780e-01
8.88660382e-01  1.90313059e-01  8.26715133e-01  9.35422430e-01  1.35762628e-01  8.52746487e-01
9.37871929e-01  4.10613091e-01  5.16578677e-01  9.74341830e-01  3.81054321e-01  5.45442838e-01
8.79801969e-01  7.65705925e-01  4.83226048e-01  9.75317293e-01  7.08953412e-01  4.61988201e-01
9.36779709e-01  3.74363427e-01  5.43821673e-01  9.72257787e-01  3.09819955e-01  5.75576935e-01
8.60085890e-01  1.97233896e-01  9.18962784e-01  9.22558409e-01  1.35199642e-01  9.34849005e-01
8.12285561e-01  7.51058958e-01  7.21701438e-01  9.38193662e-01  6.24945875e-01  7.19284925e-01
8.28368616e-01  5.98488587e-01  7.66144047e-01  9.34820344e-01  4.79995604e-01  7.75042477e-01
7.90783027e-01  4.64269238e-01  9.81230702e-01  9.10280493e-01  2.56214789e-01  9.85600798e-01
7.87819619e-01  5.68053601e-01  9.23608171e-01  9.16479243e-01  3.29974112e-01  9.27970047e-01
7.87309327e-01  7.36329340e-01  8.16377964e-01  9.25735928e-01  5.55562957e-01  8.16016572e-01
8.45403184e-01  7.52503919e-01  6.08305913e-01  9.59590947e-01  5.58200397e-01  5.97800834e-01
8.20052804e-01  3.56281168e-01  9.51647231e-01  9.14719144e-01  2.38311984e-01  9.60838144e-01
8.97722911e-01  2.50529874e-01  7.56843388e-01  9.43893588e-01  1.85242197e-01  7.86778833e-01
7.57603687e-01  6.94829745e-01  9.43905324e-01  9.08597559e-01  4.71179085e-01  9.45262221e-01
9.91541879e-01  3.06507016e-01  4.01629812e-01  9.95510826e-01  2.53240650e-01  4.39285711e-01
8.08581395e-01  5.76556055e-01  8.47878554e-01  9.27578497e-01  3.44147622e-01  8.53978940e-01
7.75892519e-01  5.31080378e-01  9.88119578e-01  9.04459644e-01  3.83081230e-01  9.92538376e-01
7.92300022e-01  4.83811079e-01  9.63090923e-01  9.09976651e-01  3.32354018e-01  9.69105760e-01
7.74794788e-01  7.02881147e-01  8.80594252e-01  9.18222694e-01  4.81700524e-01  8.81583039e-01
7.69893106e-01  7.03323653e-01  8.96953442e-01  9.16800278e-01  4.53115995e-01  8.97433985e-01
7.68582021e-01  7.91285340e-01  8.43995888e-01  9.22604709e-01  5.37208725e-01  8.39899470e-01
7.65880856e-01  7.71243328e-01  8.66182302e-01  9.20745140e-01  4.89558360e-01  8.63042415e-01
7.97504502e-01  8.57147742e-01  7.03315170e-01  9.43548599e-01  6.14501504e-01  6.87924294e-01
7.64760814e-01  6.29621438e-01  9.61939857e-01  9.07702103e-01  4.13503116e-01  9.64583981e-01
8.80184113e-01  8.05716040e-01  4.55953033e-01  9.79837313e-01  7.48360341e-01  4.23728609e-01
8.92868614e-01  6.18997420e-01  5.33806596e-01  9.72384883e-01  4.75750401e-01  5.35179194e-01
8.12842455e-01  6.19106827e-01  8.05481734e-01  9.28573929e-01  4.90902090e-01  8.12527042e-01
8.07598032e-01  6.43451493e-01  8.07783091e-01  9.29401554e-01  4.70564591e-01  8.12524820e-01
8.07927527e-01  4.21776463e-01  9.50298303e-01  9.12811770e-01  3.00222124e-01  9.58491831e-01
7.75721104e-01  8.69261138e-01  7.69125130e-01  9.32857938e-01  6.10832829e-01  7.56820509e-01
7.82988468e-01  7.72318715e-01  8.07387967e-01  9.29376385e-01  5.09361831e-01  8.03035307e-01
9.33238150e-01  3.35151909e-01  5.81007363e-01  9.69466574e-01  2.18672054e-01  6.14417715e-01
8.33666336e-01  3.68902248e-01  8.97517184e-01  9.22273431e-01  2.49015753e-01  9.10394520e-01
9.49085968e-01  3.51116624e-01  5.17127174e-01  9.77377929e-01  2.74403771e-01  5.51085382e-01
8.17906890e-01  7.71277463e-01  6.89783844e-01  9.44065882e-01  6.18736925e-01  6.83610307e-01
8.42393948e-01  6.30916034e-01  6.97463261e-01  9.43605850e-01  5.38817463e-01  7.04860314e-01
8.87322506e-01  7.58060883e-01  4.62355250e-01  9.79404394e-01  6.93855126e-01  4.38820776e-01
8.49836928e-01  7.93699035e-01  5.66801515e-01  9.58922984e-01  7.68922780e-01  5.52987548e-01
9.21365728e-01  5.18433725e-01  5.02330166e-01  9.78083589e-01  4.05284837e-01  5.15230020e-01
8.88071481e-01  3.99544927e-01  6.92572470e-01  9.52508936e-01  2.49821984e-01  7.15815708e-01
8.93787309e-01  7.06197471e-01  4.74372028e-01  9.79001282e-01  6.18074543e-01  4.59763255e-01
9.53639541e-01  4.49838403e-01  4.37275710e-01  9.88750557e-01  3.65813500e-01  4.56127760e-01
8.24265604e-01  5.25676422e-01  8.27650575e-01  9.30004117e-01  3.47499721e-01  8.37636351e-01
8.70423076e-01  7.88532946e-01  4.99954938e-01  9.66246437e-01  8.66386697e-01  4.82567443e-01
7.99516351e-01  6.43974082e-01  8.34887633e-01  9.23777666e-01  5.06343367e-01  8.40161757e-01
9.23924978e-01  4.08575922e-01  5.64962460e-01  9.70685846e-01  2.83551904e-01  5.91324457e-01
9.66633975e-01  4.34899097e-01  4.02851318e-01  9.92584815e-01  4.02220310e-01  4.22971505e-01
9.56417758e-01  4.47689284e-01  4.29237263e-01  9.88368611e-01  4.05143550e-01  4.49316979e-01
8.76176276e-01  6.97261499e-01  5.39973721e-01  9.69983555e-01  5.56527438e-01  5.32074399e-01
7.99244991e-01  4.94092185e-01  9.32830370e-01  9.16134054e-01  2.91717535e-01  9.39191009e-01
8.04589529e-01  4.21414251e-01  9.61869894e-01  9.11418957e-01  2.92566979e-01  9.69225284e-01
7.71549213e-01  6.90541910e-01  8.99329908e-01  9.14813260e-01  4.89011627e-01  9.01207278e-01
8.21331350e-01  3.46706419e-01  9.53522265e-01  9.14710035e-01  2.30474895e-01  9.62741807e-01
9.39085056e-01  2.60865318e-01  6.09679605e-01  9.64898504e-01  1.95348829e-01  6.49715454e-01
7.69060762e-01  6.02173986e-01  9.65159797e-01  9.09606917e-01  3.48972394e-01  9.67563724e-01
8.41615285e-01  2.54358582e-01  9.44897184e-01  9.19174355e-01  1.38824347e-01  9.56211039e-01
8.03238269e-01  4.03109456e-01  9.78643098e-01  9.10820507e-01  2.45598176e-01  9.84637814e-01
7.60657487e-01  6.16625018e-01  9.84314615e-01  9.05940726e-01  3.69364127e-01  9.86270982e-01
8.67468865e-01  7.53683470e-01  5.32612383e-01  9.69774718e-01  6.24265359e-01  5.16949104e-01
8.81120539e-01  5.88527368e-01  5.93777937e-01  9.61269298e-01  4.92608096e-01  6.02998661e-01
7.72314770e-01  6.02034906e-01  9.54197479e-01  9.07572490e-01  4.43029885e-01  9.58462982e-01
7.76522254e-01  5.70782120e-01  9.60201703e-01  9.08035179e-01  4.03866562e-01  9.64717175e-01
7.66179497e-01  6.34827124e-01  9.54040254e-01  9.10547322e-01  3.75090311e-01  9.55900334e-01
8.21281342e-01  7.55896282e-01  6.88013266e-01  9.43123246e-01  6.40098045e-01  6.84108969e-01
9.13915070e-01  5.30635651e-01  5.19707227e-01  9.71034926e-01  5.12798196e-01  5.35112517e-01
7.86816897e-01  4.73691688e-01  9.88581334e-01  9.07505233e-01  3.00122665e-01  9.93058278e-01
8.35728184e-01  6.64731192e-01  6.98442818e-01  9.46673848e-01  4.75327309e-01  7.00652798e-01
9.62093497e-01  3.23536363e-01  4.90567327e-01  9.82107589e-01  2.43698449e-01  5.27472283e-01
8.86892532e-01  7.88529659e-01  4.44331343e-01  9.74238137e-01  9.15810366e-01  4.20205798e-01
8.47655355e-01  4.55359130e-01  7.93876943e-01  9.36540128e-01  2.91732840e-01  8.08856953e-01
8.01152787e-01  5.90189041e-01  8.63954471e-01  9.20733707e-01  4.55525941e-01  8.71128647e-01
7.56127691e-01  7.58885872e-01  9.07327266e-01  9.14736860e-01  4.73116155e-01  9.05439721e-01
7.85506020e-01  6.95125354e-01  8.49255082e-01  9.22807851e-01  4.87925468e-01  8.50716743e-01
8.45273379e-01  1.83795328e-01  9.77994848e-01  9.14953091e-01  1.18267583e-01  9.87602727e-01
9.39349259e-01  4.75587466e-01  4.69082000e-01  9.79299250e-01  4.80754864e-01  4.89666817e-01
8.47602228e-01  8.08825895e-01  5.64569636e-01  9.63599645e-01  6.75183318e-01  5.45071166e-01
8.43552302e-01  2.65724743e-01  9.30640243e-01  9.19474959e-01  1.81595641e-01  9.43696746e-01
8.51187347e-01  2.82157245e-01  8.94339075e-01  9.24648391e-01  1.85473107e-01  9.10126958e-01
9.04689757e-01  2.54055822e-01  7.30599209e-01  9.48793256e-01  1.55550312e-01  7.61836483e-01
9.73552745e-01  3.56091071e-01  4.30521608e-01  9.87936285e-01  3.51922232e-01  4.64619313e-01
8.69992328e-01  8.46006410e-01  4.64104818e-01  9.74830620e-01  8.58485660e-01  4.29387027e-01
7.94574136e-01  4.81922852e-01  9.56594995e-01  9.13405666e-01  2.69538804e-01  9.61908042e-01
8.46933947e-01  2.79888261e-01  9.10257013e-01  9.22301998e-01  1.87339952e-01  9.24732914e-01
7.46273328e-01  6.95873412e-01  9.81707044e-01  9.04386906e-01  4.28363129e-01  9.82343002e-01
7.84723002e-01  5.57327580e-01  9.41385961e-01  9.13010162e-01  3.50161613e-01  9.45977567e-01
9.60264253e-01  2.87709594e-01  5.20335417e-01  9.76564795e-01  2.49405942e-01  5.62184616e-01
9.51998652e-01  4.69655699e-01  4.29981624e-01  9.88583429e-01  4.11592747e-01  4.46421209e-01
8.77553925e-01  8.25904248e-01  4.51777153e-01  9.76805183e-01  8.52482404e-01  4.18656001e-01
8.61209107e-01  2.24510128e-01  8.97437763e-01  9.25523873e-01  1.40463678e-01  9.14594454e-01
8.52019837e-01  2.05289086e-01  9.41125709e-01  9.19372302e-01  1.38783078e-01  9.54435270e-01
8.82042797e-01  7.66368131e-01  4.74889658e-01  9.77006365e-01  7.02946860e-01  4.52056075e-01
9.01874549e-01  5.20235056e-01  5.67642814e-01  9.69029062e-01  3.71513934e-01  5.81754022e-01
8.48893261e-01  3.47870426e-01  8.59462519e-01  9.28120692e-01  2.36119520e-01  8.75937351e-01
7.63120206e-01  6.93323456e-01  9.26149814e-01  9.12769277e-01  4.35513706e-01  9.26909735e-01
7.70313230e-01  5.76369633e-01  9.77659874e-01  9.04605915e-01  4.24487225e-01  9.81851291e-01
8.48772208e-01  6.31390527e-01  6.75794931e-01  9.50458595e-01  4.56917783e-01  6.80719422e-01
8.60995354e-01  3.53427119e-01  8.14757483e-01  9.35574589e-01  2.12508565e-01  8.33701177e-01
8.52161613e-01  5.05457044e-01  7.46047133e-01  9.40735945e-01  3.81035910e-01  7.60927110e-01
8.55362872e-01  3.93740924e-01  8.07709980e-01  9.35567397e-01  2.48544709e-01  8.25262694e-01
8.35944664e-01  2.97706768e-01  9.35710144e-01  9.18220064e-01  1.99625784e-01  9.47498186e-01
8.09651681e-01  6.41602291e-01  8.01711527e-01  9.28564075e-01  5.12249787e-01  8.07563986e-01
8.81648570e-01  3.93161023e-01  7.18824686e-01  9.47018224e-01  2.88883652e-01  7.42341653e-01
7.43910669e-01  6.97313135e-01  9.88795391e-01  9.01955870e-01  4.62167122e-01  9.89972214e-01
9.19180868e-01  4.22614690e-01  5.72254363e-01  9.66713533e-01  3.61187797e-01  5.99032252e-01
9.54242134e-01  3.52487344e-01  4.98431338e-01  9.78296615e-01  3.21226524e-01  5.33654748e-01
8.94727015e-01  7.55868875e-01  4.38635566e-01  9.79854957e-01  7.82719028e-01  4.15009991e-01
7.96369336e-01  5.24734280e-01  9.22700346e-01  9.17425078e-01  3.02269393e-01  9.28428255e-01
8.78357626e-01  7.64117949e-01  4.88864020e-01  9.76328246e-01  6.58332326e-01  4.66908013e-01
8.88089808e-01  5.77074408e-01  5.77548166e-01  9.62456877e-01  5.21179739e-01  5.88657077e-01
7.95702643e-01  4.23213633e-01  9.91181187e-01  9.08706684e-01  2.54782184e-01  9.96029798e-01
7.66023520e-01  6.38130423e-01  9.52126122e-01  9.07914435e-01  4.47584469e-01  9.55197953e-01
8.94666180e-01  4.40309533e-01  6.44009483e-01  9.55850189e-01  3.65496410e-01  6.67673112e-01
8.11862660e-01  3.72655464e-01  9.68829794e-01  9.11606167e-01  2.56321818e-01  9.76558847e-01
9.06738304e-01  4.10090725e-01  6.22338742e-01  9.62154746e-01  2.77156146e-01  6.47531263e-01
8.33633999e-01  3.04608107e-01  9.39076142e-01  9.17345846e-01  2.10582742e-01  9.50524032e-01
9.54688135e-01  2.86220861e-01  5.39938527e-01  9.73924894e-01  2.38392344e-01  5.81188306e-01
8.73907159e-01  7.37290261e-01  5.21690272e-01  9.66700385e-01  7.34093412e-01  5.11319853e-01
8.06974926e-01  8.62118960e-01  6.67630122e-01  9.47077688e-01  6.75314720e-01  6.50461678e-01
7.99459528e-01  5.17842310e-01  9.16679304e-01  9.15107782e-01  3.82495391e-01  9.24397999e-01
8.38502938e-01  8.13072916e-01  5.92413170e-01  9.60719380e-01  6.29403010e-01  5.73801451e-01
8.58599706e-01  2.57396330e-01  8.84946552e-01  9.27139693e-01  1.49666430e-01  9.02066746e-01
7.70176487e-01  6.35917826e-01  9.39756983e-01  9.10558157e-01  4.30678678e-01  9.42742530e-01
8.62402258e-01  7.88142064e-01  5.27444467e-01  9.64654251e-01  7.89354231e-01  5.10912716e-01
8.12340913e-01  4.03376440e-01  9.47555871e-01  9.15433413e-01  2.43598153e-01  9.55529659e-01
8.68014777e-01  7.33859268e-01  5.43926885e-01  9.69461415e-01  5.74903183e-01  5.31095938e-01
9.39523038e-01  3.29105661e-01  5.63888859e-01  9.70067981e-01  2.66321896e-01  5.99859024e-01
8.16593641e-01  5.31365285e-01  8.50010744e-01  9.27584569e-01  3.25094722e-01  8.58425973e-01
8.40642465e-01  2.14289396e-01  9.73921473e-01  9.15246938e-01  1.28264139e-01  9.83364784e-01
8.83837560e-01  7.65046573e-01  4.69652807e-01  9.70799637e-01  8.69809104e-01  4.52567175e-01
8.78852579e-01  6.82612960e-01  5.40097940e-01  9.64983970e-01  6.64855207e-01  5.38110485e-01
8.60888142e-01  2.97530715e-01  8.51115511e-01  9.29687963e-01  2.14185787e-01  8.70535852e-01
7.70384584e-01  6.17209661e-01  9.50899691e-01  9.08467581e-01  4.35285740e-01  9.54546815e-01
7.61623014e-01  6.66675078e-01  9.48536207e-01  9.07864976e-01  4.67128512e-01  9.50913424e-01
8.05197137e-01  7.40078688e-01  7.53199876e-01  9.36585482e-01  5.37461410e-01  7.50710483e-01
8.07047863e-01  3.80106659e-01  9.80343889e-01  9.10904173e-01  2.32547833e-01  9.86657844e-01
8.46859785e-01  8.53725410e-01  5.37642547e-01  9.64451574e-01  7.93871520e-01  5.11148692e-01
7.52041121e-01  6.85727776e-01  9.68706275e-01  9.05358703e-01  4.53934816e-01  9.70090697e-01
8.56334686e-01  1.99963677e-01  9.30227529e-01  9.21274645e-01  1.30532210e-01  9.44695924e-01
8.54728435e-01  8.74681813e-01  4.97615753e-01  9.70784682e-01  8.31417065e-01  4.62218148e-01
9.76998762e-01  4.00853384e-01  3.89760320e-01  9.94453601e-01  3.87168265e-01  4.14532930e-01
7.62744723e-01  5.96826720e-01  9.90080929e-01  9.04010642e-01  3.93861898e-01  9.92879133e-01
7.69242451e-01  5.76265276e-01  9.81365531e-01  9.07192150e-01  3.44422322e-01  9.84119139e-01
8.73123783e-01  7.07831692e-01  5.43177971e-01  9.63557527e-01  7.01461308e-01  5.38638190e-01
8.98524308e-01  5.27278413e-01  5.74445469e-01  9.63676451e-01  4.78218067e-01  5.90952165e-01
9.51623034e-01  2.68262529e-01  5.62005374e-01  9.71387491e-01  2.10854714e-01  6.03941437e-01
9.62979209e-01  4.66101415e-01  3.95301741e-01  9.92649331e-01  4.54516107e-01  4.10761662e-01
9.65224822e-01  3.33413560e-01  4.73522020e-01  9.82125340e-01  3.12825815e-01  5.11083208e-01
9.25054431e-01  5.65818977e-01  4.59338863e-01  9.83052078e-01  4.89779186e-01  4.63995652e-01
8.59785262e-01  7.73225350e-01  5.46015167e-01  9.62336024e-01  7.58479893e-01  5.33045942e-01
7.67880004e-01  7.43187477e-01  8.77608624e-01  9.17797836e-01  5.11224280e-01  8.76839750e-01
7.60912203e-01  6.18439845e-01  9.82269815e-01  9.03214466e-01  4.46869186e-01  9.85503726e-01
8.30337100e-01  7.91173869e-01  6.34358548e-01  9.50030487e-01  7.04189808e-01  6.24730108e-01
8.62013140e-01  5.80812816e-01  6.63669343e-01  9.51974507e-01  4.45159898e-01  6.73767740e-01
7.86785187e-01  5.67737174e-01  9.27324989e-01  9.12606283e-01  4.13635293e-01  9.33106198e-01
8.47796264e-01  4.40948202e-01  8.02754296e-01  9.33901102e-01  3.20817231e-01  8.18930821e-01
7.52396594e-01  6.44254881e-01  9.94427858e-01  9.01571268e-01  4.43951313e-01  9.96727361e-01
9.03467906e-01  3.37120762e-01  6.80818949e-01  9.55127356e-01  2.05581703e-01  7.09442461e-01
