9.65224822e-01  3.33413560e-01  4.73522020e-01  9.82125340e-01  3.12825815e-01  5.11083208e-01
9.83885165e-01  2.85586998e-01  4.41209914e-01  9.89098136e-01  2.41044053e-01  4.83274608e-01
8.75758225e-01  4.77329631e-01  6.83882591e-01  9.49073712e-01  3.95761263e-01  7.03481973e-01
8.95744223e-01  6.51753036e-01  5.02775854e-01  9.72498655e-01  6.17537452e-01  5.01067561e-01
7.98497020e-01  5.56122834e-01  8.95391213e-01  9.19889719e-01  3.51717510e-01  9.01498195e-01
8.41903586e-01  4.17064018e-01  8.37975246e-01  9.29894026e-01  2.83146773e-01  8.52977806e-01
8.88471742e-01  7.61467166e-01  4.56241008e-01  9.73754303e-01  8.54480013e-01  4.37231307e-01
8.89628922e-01  2.76568142e-01  7.67126535e-01  9.43651421e-01  1.59888861e-01  7.93784739e-01
8.04559613e-01  7.72199435e-01  7.34212881e-01  9.39765548e-01  5.44633216e-01  7.28115043e-01
7.47513461e-01  6.94257514e-01  9.78544717e-01  9.04984582e-01  4.25539951e-01  9.79175277e-01
8.38582090e-01  9.52903906e-01  5.01360900e-01  9.68279855e-01  9.29286946e-01  4.54720325e-01
9.92782200e-01  3.13088628e-01  3.93145288e-01  9.94689863e-01  3.09531385e-01  4.31296669e-01
8.04589529e-01  4.21414251e-01  9.61869894e-01  9.11418957e-01  2.92566979e-01  9.69225284e-01
7.84127731e-01  5.50823610e-01  9.47332681e-01  9.11466902e-01  3.63372692e-01  9.52246516e-01
9.38784301e-01  4.32914121e-01  4.98705064e-01  9.78964433e-01  3.48895093e-01  5.22858487e-01
8.36486463e-01  5.48820312e-01  7.70825067e-01  9.35411709e-01  4.31674076e-01  7.82627683e-01
7.74053077e-01  6.26491837e-01  9.32413924e-01  9.10217229e-01  4.64129466e-01  9.36536412e-01
8.30253451e-01  5.56107958e-01  7.87259628e-01  9.32578510e-01  4.42162681e-01  7.98324853e-01
8.09664999e-01  7.83329012e-01  7.09649216e-01  9.40578933e-01  6.27647943e-01  7.03354362e-01
7.52996940e-01  7.52771461e-01  9.21929125e-01  9.12239930e-01  4.76469731e-01  9.20660893e-01
7.85757299e-01  6.28979182e-01  8.91051851e-01  9.17758233e-01  4.34504593e-01  8.95157263e-01
7.55840227e-01  7.57789571e-01  9.09014487e-01  9.12896896e-01  5.12529463e-01  9.07958054e-01
8.73479623e-01  3.76589987e-01  7.57026584e-01  9.43715093e-01  2.23722444e-01  7.78347123e-01
8.52460693e-01  6.76467671e-01  6.33706196e-01  9.55611676e-01  5.14499042e-01  6.33604784e-01
8.95101402e-01  7.24331241e-01  4.57839136e-01  9.76929178e-01  7.46620969e-01  4.42268486e-01
8.59856385e-01  8.00788242e-01  5.27879785e-01  9.70305079e-01  6.61425459e-01  5.04799572e-01
8.87885434e-01  5.47101600e-01  5.97404545e-01  9.63541314e-01  4.00933156e-01  6.09498431e-01
8.21661511e-01  6.95818659e-01  7.25728255e-01  9.40274337e-01  5.36142180e-01  7.26851862e-01
7.43519585e-01  6.93517079e-01  9.92588615e-01  9.01917250e-01  4.47649572e-01  9.93638052e-01
9.33893516e-01  2.81594811e-01  6.13552331e-01  9.63644643e-01  2.18579191e-01  6.51769568e-01
8.26020509e-01  4.53822171e-01  8.68046701e-01  9.24660929e-01  3.11572958e-01  8.79840238e-01
8.94593745e-01  3.66573516e-01  6.91830945e-01  9.52595691e-01  2.38507305e-01  7.17923408e-01
8.62919803e-01  8.12891919e-01  5.09618900e-01  9.67636303e-01  8.09476131e-01  4.87054686e-01
8.42599044e-01  9.14300140e-01  5.12783319e-01  9.65314905e-01  9.21012234e-01  4.75679371e-01
8.16571982e-01  8.58862170e-01  6.37155249e-01  9.50531909e-01  7.15531320e-01  6.18844743e-01
8.72398941e-01  4.33728680e-01  7.23597844e-01  9.44922223e-01  3.34827852e-01  7.44447779e-01
8.58024100e-01  8.25747125e-01  5.17897184e-01  9.69049122e-01  7.49763677e-01  4.92054433e-01
7.68108878e-01  6.76503150e-01  9.20129607e-01  9.14035762e-01  4.24206179e-01  9.21451148e-01
8.53668572e-01  6.11455041e-01  6.71812972e-01  9.49014004e-01  4.97242073e-01  6.79971887e-01
8.22336272e-01  6.63741735e-01  7.44262535e-01  9.36663586e-01  5.40985179e-01  7.48863848e-01
8.52074994e-01  6.73260521e-01  6.37097154e-01  9.50935641e-01  6.13371974e-01  6.40308572e-01
8.55963906e-01  7.48901869e-01  5.74782609e-01  9.58285143e-01  7.23679668e-01  5.67213149e-01
8.33219207e-01  7.63210679e-01  6.42727227e-01  9.51901357e-01  6.10917605e-01  6.34694273e-01
8.66864888e-01  3.96701323e-01  7.66431221e-01  9.41342674e-01  2.54337899e-01  7.86350956e-01
8.43179999e-01  5.76829299e-01  7.29911068e-01  9.43549652e-01  3.94929950e-01  7.39098028e-01
8.40522140e-01  3.64353374e-01  8.76891028e-01  9.25753865e-01  2.33481663e-01  8.91218672e-01
8.39288953e-01  2.31717563e-01  9.67201665e-01  9.16280514e-01  1.27747758e-01  9.76858813e-01
8.78646332e-01  2.67473043e-01  8.10326680e-01  9.37378317e-01  1.60204212e-01  8.33934191e-01
7.61844670e-01  7.30016651e-01  9.06656173e-01  9.13741523e-01  4.95061830e-01  9.06654907e-01
9.07431532e-01  6.55308721e-01  4.60782564e-01  9.82381116e-01  5.57944661e-01  4.51732852e-01
8.72431704e-01  5.86015734e-01  6.24615781e-01  9.58570427e-01  4.35129778e-01  6.33320212e-01
9.19224536e-01  2.67428292e-01  6.72560873e-01  9.56247552e-01  1.82593054e-01  7.07672294e-01
8.98040661e-01  6.97824059e-01  4.65067948e-01  9.79419233e-01  6.39258887e-01  4.51579630e-01
9.24534598e-01  3.91757959e-01  5.73810724e-01  9.67731825e-01  3.13855997e-01  6.03130650e-01
8.15400665e-01  3.96822508e-01  9.41122489e-01  9.16222512e-01  2.44269506e-01  9.49795494e-01
8.55900410e-01  5.30757958e-01  7.16626666e-01  9.44304293e-01  4.10181257e-01  7.30668441e-01
8.79528414e-01  3.03498214e-01  7.84238891e-01  9.40507661e-01  1.86505311e-01  8.08192242e-01
9.33650926e-01  4.14778176e-01  5.27909866e-01  9.73143323e-01  3.67164690e-01  5.55881524e-01
8.99703114e-01  6.08491740e-01  5.17419599e-01  9.73110998e-01  5.17614613e-01  5.20666962e-01
8.79201602e-01  4.36801109e-01  6.98503741e-01  9.50842825e-01  2.82542779e-01  7.18794927e-01
9.76074984e-01  3.47338078e-01  4.27639834e-01  9.88530271e-01  3.43521142e-01  4.62788685e-01
9.38980837e-01  3.32529390e-01  5.63209790e-01  9.71046373e-01  2.44713859e-01  5.98156838e-01
8.21574691e-01  5.36600793e-01  8.29397708e-01  9.28549767e-01  3.77961095e-01  8.39273550e-01
7.83676837e-01  5.91279494e-01  9.22596155e-01  9.15356946e-01  3.66189124e-01  9.26639602e-01
7.58243621e-01  7.22999709e-01  9.23739662e-01  9.12630895e-01  4.56072835e-01  9.23472624e-01
8.14729393e-01  4.99895876e-01  8.76476291e-01  9.23479960e-01  3.19394539e-01  8.85571195e-01
8.43978737e-01  5.88252448e-01  7.19781456e-01  9.42619429e-01  4.60817696e-01  7.29549780e-01
8.21344381e-01  6.36081579e-01  7.65590346e-01  9.36618859e-01  4.49834912e-01  7.70611462e-01
9.38720827e-01  3.83893509e-01  5.30745802e-01  9.74658721e-01  3.03828599e-01  5.61076738e-01
9.01686329e-01  7.08830778e-01  4.45542787e-01  9.78922355e-01  7.40366843e-01  4.30960972e-01
9.17555972e-01  2.75997112e-01  6.72663271e-01  9.54976375e-01  2.16631889e-01  7.07808876e-01
8.64577896e-01  4.71356086e-01  7.25727257e-01  9.45698297e-01  3.20571877e-01  7.42828036e-01
8.95629934e-01  4.88783810e-01  6.08968597e-01  9.62135768e-01  3.63068995e-01  6.27425497e-01
7.70210086e-01  7.12003034e-01  8.89943596e-01  9.16937259e-01  4.77003271e-01  8.90415192e-01
9.48409510e-01  4.85651187e-01  4.31784127e-01  9.87354131e-01  4.43936646e-01  4.46688333e-01
8.52042697e-01  5.59091461e-01  7.11331577e-01  9.46288568e-01  3.91735133e-01  7.22288241e-01
9.18555726e-01  3.95533325e-01  5.91661610e-01  9.64858041e-01  3.18910373e-01  6.20367187e-01
8.51945230e-01  7.52376681e-01  5.86173176e-01  9.59585082e-01  6.48133599e-01  5.76664572e-01
7.73902113e-01  6.19141881e-01  9.37698899e-01  9.09404012e-01  4.63034798e-01  9.42008675e-01
8.66073414e-01  8.55551616e-01  4.71214866e-01  9.73721314e-01  8.60769953e-01  4.35961923e-01
7.64552732e-01  5.90906249e-01  9.87784564e-01  9.03442316e-01  4.16596035e-01  9.91170585e-01
7.83281994e-01  7.33767756e-01  8.31420470e-01  9.24717255e-01  5.18608373e-01  8.30733012e-01
8.66552791e-01  7.26245072e-01  5.53536368e-01  9.63747536e-01  6.65808094e-01  5.45814019e-01
8.34032359e-01  4.05634804e-01  8.72126220e-01  9.24986134e-01  2.78410432e-01  8.85563055e-01
8.37675287e-01  3.33436337e-01  9.06633835e-01  9.23033475e-01  1.88399447e-01  9.19276859e-01
9.04337215e-01  7.16376994e-01  4.31642524e-01  9.82782053e-01  7.14548567e-01  4.12291733e-01
8.98405344e-01  2.92017635e-01  7.27292626e-01  9.48002514e-01  1.98766218e-01  7.56731801e-01
8.69875059e-01  8.05574355e-01  4.90752342e-01  9.70188141e-01  8.23838964e-01  4.67311076e-01
8.89606528e-01  5.63381106e-01  5.80990385e-01  9.61700263e-01  5.17071016e-01  5.93959598e-01
9.04878748e-01  4.55631969e-01  5.99085895e-01  9.63179325e-01  3.59683318e-01  6.21531401e-01
8.21367591e-01  4.17433242e-01  9.07475036e-01  9.19390002e-01  2.91519782e-01  9.18359814e-01
7.73979539e-01  6.36346449e-01  9.26266877e-01  9.14744152e-01  3.75198839e-01  9.28447602e-01
8.83282519e-01  3.63750889e-01  7.32073641e-01  9.46965359e-01  2.30014351e-01  7.56024866e-01
7.91633155e-01  6.91299806e-01  8.30633744e-01  9.24806263e-01  5.07732466e-01  8.32722997e-01
8.25104197e-01  4.51575102e-01  8.72618260e-01  9.25683513e-01  2.68380624e-01  8.83452846e-01
9.62847887e-01  4.29840982e-01  4.18990885e-01  9.89860579e-01  3.98752248e-01  4.41255437e-01
8.33144692e-01  4.91630486e-01  8.19305723e-01  9.31921550e-01  3.19973017e-01  8.31306442e-01
8.15181857e-01  3.54770089e-01  9.69170775e-01  9.11891211e-01  2.45801937e-01  9.77208007e-01
7.78070101e-01  5.45335033e-01  9.71469592e-01  9.09569799e-01  3.18425372e-01  9.74994102e-01
7.85060700e-01  5.40388242e-01  9.50939567e-01  9.10040731e-01  3.84279559e-01  9.56468905e-01
9.04489202e-01  5.88364769e-01  5.14532297e-01  9.72464925e-01  5.34510426e-01  5.21347788e-01
9.21670891e-01  6.45026729e-01  4.19404643e-01  9.86951468e-01  6.17700573e-01  4.08875851e-01
7.98716456e-01  5.69472122e-01  8.85681144e-01  9.21660469e-01  3.44655487e-01  8.91290380e-01
8.45900790e-01  6.42214731e-01  6.78219960e-01  9.48566997e-01  4.96372320e-01  6.83042857e-01
8.88865373e-01  7.53961119e-01  4.59777435e-01  9.72675106e-01  8.59398360e-01  4.42993004e-01
7.95630676e-01  4.51775252e-01  9.72878800e-01  9.09067451e-01  3.17050418e-01  9.79055263e-01
7.95090434e-01  6.19285239e-01  8.65651010e-01  9.21761356e-01  4.29854847e-01  8.70583410e-01
8.41876896e-01  2.45622194e-01  9.49383360e-01  9.17576711e-01  1.60062625e-01  9.60938703e-01
8.26679515e-01  8.70080398e-01  5.95550196e-01  9.58722764e-01  6.97197131e-01  5.70642158e-01
8.88933769e-01  4.30900598e-01  6.69286763e-01  9.54908391e-01  2.88707974e-01  6.91274957e-01
8.49523701e-01  2.57561097e-01  9.15661620e-01  9.21818414e-01  1.74608066e-01  9.30315264e-01
8.59979293e-01  5.76977197e-01  6.72768919e-01  9.52462584e-01  3.94537375e-01  6.82040675e-01
9.30210138e-01  4.81276734e-01  4.96718625e-01  9.76698234e-01  4.40447241e-01  5.16350387e-01
7.47156557e-01  7.29599583e-01  9.56808747e-01  9.07420020e-01  4.55089206e-01  9.56601229e-01
9.17204143e-01  4.00962503e-01  5.92726486e-01  9.65462629e-01  3.02740604e-01  6.20297621e-01
8.84068335e-01  3.02932879e-01  7.68890959e-01  9.41126521e-01  2.23866076e-01  7.94911424e-01
8.73177560e-01  4.55299486e-01  7.06948909e-01  9.46537248e-01  3.64117103e-01  7.27196216e-01
8.43310056e-01  3.97185803e-01  8.46105417e-01  9.28891162e-01  2.73921702e-01  8.61580326e-01
7.77799577e-01  7.04280879e-01  8.69184254e-01  9.20995438e-01  4.55129089e-01  8.69543792e-01
9.03634404e-01  3.70758087e-01  6.58414670e-01  9.57219398e-01  2.48591664e-01  6.85901893e-01
8.00959801e-01  5.76113688e-01  8.73749568e-01  9.21390434e-01  3.98448668e-01  8.80356359e-01
7.84605971e-01  6.85988175e-01  8.57946372e-01  9.21183737e-01  4.90132311e-01  8.60094962e-01
8.95061353e-01  5.61724437e-01  5.63544137e-01  9.68680533e-01  4.15518540e-01  5.73112125e-01
8.46859785e-01  8.53725410e-01  5.37642547e-01  9.64451574e-01  7.93871520e-01  5.11148692e-01
9.03467906e-01  3.37120762e-01  6.80818949e-01  9.55127356e-01  2.05581703e-01  7.09442461e-01
7.98349435e-01  6.58866966e-01  8.28884347e-01  9.27042042e-01  4.49818505e-01  8.32022611e-01
8.53658716e-01  3.48479689e-01  8.42586877e-01  9.32045778e-01  1.96681231e-01  8.59538618e-01
8.30259736e-01  4.63492657e-01  8.47371972e-01  9.28255969e-01  3.00220090e-01  8.59461354e-01
8.48912198e-01  2.44424226e-01  9.26268469e-01  9.20958081e-01  1.56622161e-01  9.40066678e-01
9.55174354e-01  2.43938394e-01  5.65738353e-01  9.71400132e-01  1.85942323e-01  6.09725780e-01
8.55718703e-01  7.62449624e-01  5.66819751e-01  9.60232978e-01  7.17112944e-01  5.56269862e-01
8.46218714e-01  7.74660557e-01  5.91151331e-01  9.60068907e-01  6.28609460e-01  5.78159078e-01
7.57603687e-01  6.94829745e-01  9.43905324e-01  9.08597559e-01  4.71179085e-01  9.45262221e-01
8.71285250e-01  7.62235389e-01  5.14100629e-01  9.67312870e-01  7.64855200e-01  4.99633971e-01
8.86556153e-01  5.18863105e-01  6.20251191e-01  9.58244554e-01  4.28735106e-01  6.36915282e-01
8.76528629e-01  4.59043362e-01  6.93139571e-01  9.50716639e-01  3.13812273e-01  7.12241838e-01
8.92625186e-01  3.62524397e-01  7.01144391e-01  9.50985891e-01  2.42819028e-01  7.27230306e-01
9.48525705e-01  3.50681443e-01  5.19014680e-01  9.77955649e-01  2.51224949e-01  5.52322102e-01
8.50134080e-01  3.98259391e-01  8.22234200e-01  9.31400006e-01  2.98680173e-01  8.39663997e-01
7.87799077e-01  7.49595665e-01  8.05805044e-01  9.29877537e-01  4.96142503e-01  8.02934320e-01
1.01598159e+00  2.53722092e-01  3.52912926e-01  1.00140764e+00  2.68452337e-01  3.97894777e-01
8.91036205e-01  5.01606031e-01  6.16242728e-01  9.60873304e-01  3.72072019e-01  6.33400680e-01
8.10976296e-01  7.94338363e-01  6.98048463e-01  9.41931127e-01  6.45838078e-01  6.90401361e-01
7.55814593e-01  8.05578510e-01  8.78073438e-01  9.18044180e-01  5.17891459e-01  8.73690358e-01
8.09316091e-01  7.16571298e-01  7.54177342e-01  9.36484354e-01  5.25511961e-01  7.53656146e-01
8.29741469e-01  9.96488766e-01  5.03381349e-01  9.67514085e-01  9.73105097e-01  4.49830096e-01
7.75661039e-01  7.12865574e-01  8.70872623e-01  9.20389379e-01  4.65716791e-01  8.70937071e-01
8.62428808e-01  4.14222425e-01  7.70119350e-01  9.39922582e-01  2.81309601e-01  7.89106313e-01
8.22562216e-01  8.50460153e-01  6.22269293e-01  9.53791639e-01  6.93736471e-01  6.03074947e-01
8.35830741e-01  5.35488499e-01  7.81707900e-01  9.34806351e-01  4.01524555e-01  7.93607844e-01
8.01724240e-01  5.06664530e-01  9.16246530e-01  9.16529420e-01  3.46294067e-01  9.23805782e-01
8.57524029e-01  2.31608092e-01  9.05343638e-01  9.24093445e-01  1.49745364e-01  9.21581250e-01
9.11458704e-01  5.16500868e-01  5.37224829e-01  9.69814494e-01  4.66164706e-01  5.53917165e-01
8.08227070e-01  6.78791984e-01  7.82403333e-01  9.30818702e-01  5.42533659e-01  7.85976940e-01
7.92694715e-01  6.10590409e-01  8.79432202e-01  9.19871931e-01  4.22298539e-01  8.84477806e-01
8.44922569e-01  7.01139740e-01  6.43284521e-01  9.50516796e-01  6.12376656e-01  6.43228522e-01
8.44772450e-01  6.89395062e-01  6.51419946e-01  9.51736238e-01  5.44959309e-01  6.51282334e-01
9.34527339e-01  3.09604453e-01  5.93215641e-01  9.67039111e-01  2.21529216e-01  6.29309802e-01
8.49719237e-01  3.83273131e-01  8.33373461e-01  9.30761623e-01  2.70375013e-01  8.50421758e-01
8.67492674e-01  5.77866581e-01  6.46677573e-01  9.54009918e-01  4.57410379e-01  6.57316258e-01
8.24001746e-01  7.18156200e-01  7.03279297e-01  9.45228800e-01  5.11657762e-01  7.00848482e-01
8.28142476e-01  4.21111502e-01  8.82079693e-01  9.24146115e-01  2.65957340e-01  8.93881446e-01
9.06276784e-01  4.78027741e-01  5.80096398e-01  9.66415052e-01  3.65788456e-01  5.99862899e-01
8.91488922e-01  7.50695520e-01  4.52989461e-01  9.78985164e-01  7.38048589e-01  4.31104046e-01
8.74428627e-01  7.55939411e-01  5.07515136e-01  9.74152582e-01  6.25996563e-01  4.88471156e-01
7.97326106e-01  7.69937542e-01  7.60245530e-01  9.36882874e-01  5.10757148e-01  7.54574747e-01
8.82690107e-01  7.54133016e-01  4.80634487e-01  9.70687533e-01  8.18828807e-01  4.65288635e-01
9.49758073e-01  3.19509101e-01  5.35067461e-01  9.73690102e-01  2.78343376e-01  5.73287700e-01
8.77404622e-01  4.39628751e-01  7.02769986e-01  9.50186005e-01  2.83937951e-01  7.22677982e-01
8.60886925e-01  7.30652996e-01  5.69914328e-01  9.64159965e-01  5.91922940e-01  5.60565017e-01
9.08462457e-01  6.78610133e-01  4.42154032e-01  9.82416408e-01  6.50983494e-01  4.29601758e-01
8.69581155e-01  8.42763014e-01  4.67606428e-01  9.71146658e-01  9.26969492e-01  4.36884430e-01
7.93341933e-01  5.81195586e-01  8.96320181e-01  9.18199124e-01  3.93513708e-01  9.01981477e-01
8.38409387e-01  4.41240785e-01  8.34143447e-01  9.29173530e-01  3.21056107e-01  8.48672057e-01
8.28939728e-01  4.46678521e-01  8.62772380e-01  9.27519407e-01  2.57744907e-01  8.74184981e-01
8.30255937e-01  5.42196703e-01  7.96284186e-01  9.33792980e-01  3.73664394e-01  8.06665209e-01
8.03836788e-01  5.09560194e-01  9.07193045e-01  9.19719629e-01  3.00366269e-01  9.14163258e-01
8.42189485e-01  8.39626153e-01  5.62654835e-01  9.60538359e-01  7.73123817e-01  5.41124622e-01
7.76513910e-01  6.19321047e-01  9.28712761e-01  9.10687935e-01  4.65373750e-01  9.33225185e-01
8.36092210e-01  6.53064810e-01  7.04482854e-01  9.43977701e-01  5.11275044e-01  7.08960660e-01
8.33025308e-01  6.89527509e-01  6.91223641e-01  9.44288350e-01  5.70392158e-01  6.93050075e-01
8.42916759e-01  2.90264843e-01  9.16864779e-01  9.21841208e-01  1.74707397e-01  9.30145707e-01
9.50662978e-01  3.86271103e-01  4.88651730e-01  9.80886931e-01  3.14988564e-01  5.18514545e-01
8.74838827e-01  7.93735942e-01  4.81582929e-01  9.68407024e-01  8.96131697e-01  4.61710957e-01
9.52873834e-01  5.03288373e-01  4.05174928e-01  9.89858105e-01  5.04114383e-01  4.16465132e-01
8.52045647e-01  8.39812501e-01  5.29065869e-01  9.65231259e-01  8.02450597e-01  5.04129609e-01
7.60189948e-01  6.11072972e-01  9.89507665e-01  9.05604370e-01  3.57052258e-01  9.91326645e-01
8.21281211e-01  5.07594485e-01  8.49227391e-01  9.25934053e-01  3.61759764e-01  8.59860396e-01
8.42590836e-01  2.05449453e-01  9.73044312e-01  9.15058963e-01  1.35269565e-01  9.82920689e-01
7.71069229e-01  6.74940628e-01  9.11089417e-01  9.12629112e-01  4.94883807e-01  9.13829824e-01
8.35743526e-01  2.37219861e-01  9.75669534e-01  9.14331072e-01  1.47662756e-01  9.84670098e-01
8.11755666e-01  7.37131562e-01  7.32841306e-01  9.38228183e-01  5.76510017e-01  7.30983681e-01
9.02918527e-01  4.24753460e-01  6.25789634e-01  9.60513392e-01  3.10723721e-01  6.50152364e-01
7.80275202e-01  6.26160569e-01  9.11498807e-01  9.14029055e-01  4.48810069e-01  9.15701189e-01
7.62803662e-01  7.03430993e-01  9.20959515e-01  9.13232995e-01  4.48308975e-01  9.21439846e-01
8.28947738e-01  2.79128766e-01  9.71536201e-01  9.13840403e-01  1.79349051e-01  9.80355780e-01
8.32651637e-01  3.38126330e-01  9.20649128e-01  9.20791360e-01  1.94931057e-01  9.32115863e-01
9.55115778e-01  4.55058515e-01  4.28874096e-01  9.89939321e-01  3.74452933e-01  4.46471514e-01
8.44567474e-01  4.88336132e-01  7.82653597e-01  9.35301006e-01  3.71689822e-01  7.97460553e-01
8.46488244e-01  3.28625315e-01  8.79828066e-01  9.25765140e-01  2.15724827e-01  8.95327206e-01
8.43545625e-01  2.55322556e-01  9.37417948e-01  9.20160291e-01  1.38526453e-01  9.49442919e-01
8.85705915e-01  7.37564721e-01  4.81150814e-01  9.73779505e-01  7.32441171e-01  4.65802209e-01
8.01094009e-01  4.53221887e-01  9.53087607e-01  9.11854340e-01  3.18297225e-01  9.60375275e-01
8.35797364e-01  6.43736072e-01  7.11540604e-01  9.42583528e-01  5.14494109e-01  7.17142203e-01
8.33361554e-01  4.31460663e-01  8.57635661e-01  9.26160969e-01  3.07643403e-01  8.71146977e-01
9.30335918e-01  3.75251959e-01  5.64828053e-01  9.70577177e-01  2.70490603e-01  5.95096397e-01
7.99244991e-01  4.94092185e-01  9.32830370e-01  9.16134054e-01  2.91717535e-01  9.39191009e-01
8.62521454e-01  5.59772956e-01  6.75306146e-01  9.52215370e-01  3.83757075e-01  6.86163951e-01
8.98360894e-01  5.55371909e-01  5.56464424e-01  9.70133207e-01  4.04768719e-01  5.66328628e-01
9.51623034e-01  2.68262529e-01  5.62005374e-01  9.71387491e-01  2.10854714e-01  6.03941437e-01
8.30374680e-01  2.99056319e-01  9.53750966e-01  9.17108543e-01  1.62817338e-01  9.63292089e-01
8.48063926e-01  9.31187922e-01  4.83262644e-01  9.68536797e-01  9.86567702e-01  4.39586842e-01
8.74177955e-01  5.57320113e-01  6.37316366e-01  9.57209523e-01  4.06125227e-01  6.48875153e-01
8.59417958e-01  2.58464168e-01  8.81474373e-01  9.27518819e-01  1.52669866e-01  8.98928566e-01
9.34627830e-01  3.94021436e-01  5.38068900e-01  9.74800334e-01  2.78084099e-01  5.66230003e-01
8.47447682e-01  8.34875849e-01  5.47884379e-01  9.65945019e-01  7.03013895e-01  5.22964267e-01
8.83015880e-01  6.21143266e-01  5.65869404e-01  9.66029035e-01  5.02172176e-01  5.69711602e-01
8.14539764e-01  7.62107834e-01  7.06873926e-01  9.42674636e-01  5.78393210e-01  7.01513391e-01
8.74487696e-01  6.97625187e-01  5.45173693e-01  9.68410651e-01  5.71256419e-01  5.38175728e-01
8.36200133e-01  2.82004985e-01  9.45038610e-01  9.18391289e-01  1.59557920e-01  9.55834270e-01
8.76394361e-01  5.09302228e-01  6.60965593e-01  9.55636929e-01  3.33627414e-01  6.76027618e-01
9.17042196e-01  5.42192016e-01  5.01586449e-01  9.76116125e-01  4.69194986e-01  5.12798271e-01
8.92134381e-01  7.48099632e-01  4.52482996e-01  9.78195931e-01  7.56742350e-01  4.31763288e-01
9.39203458e-01  5.48803768e-01  4.22043956e-01  9.87398532e-01  5.25145393e-01  4.27284071e-01
8.71648990e-01  7.03827805e-01  5.50785441e-01  9.63966941e-01  6.58558117e-01  5.46114151e-01
8.13644202e-01  7.12929121e-01  7.41843507e-01  9.35116198e-01  6.06577917e-01  7.43342314e-01
8.77741483e-01  1.94679866e-01  8.60662137e-01  9.30608295e-01  1.36538332e-01  8.82916527e-01
7.97043995e-01  7.42759411e-01  7.78847872e-01  9.31033001e-01  5.72200686e-01  7.77617861e-01
8.11150584e-01  6.01766663e-01  8.22486056e-01  9.27577472e-01  4.45678247e-01  8.29564206e-01
7.94439758e-01  5.43416101e-01  9.17122458e-01  9.16618096e-01  3.47033906e-01  9.23062971e-01
9.12207724e-01  5.41752117e-01  5.18287825e-01  9.72847812e-01  4.81342303e-01  5.30894409e-01
7.65393354e-01  6.14581303e-01  9.69557243e-01  9.06331441e-01  4.16663817e-01  9.72628808e-01
7.71607601e-01  7.00127330e-01  8.92908419e-01  9.16681870e-01  4.69199800e-01  8.93890111e-01
9.63993242e-01  3.45571179e-01  4.69811049e-01  9.83195600e-01  3.08254176e-01  5.05297153e-01
8.41296167e-01  7.80103820e-01  6.04332720e-01  9.57877724e-01  6.30598105e-01  5.91740572e-01
8.57720804e-01  6.97341567e-01  6.02291902e-01  9.57658191e-01  6.00101331e-01  6.00328389e-01
7.77462949e-01  6.57530480e-01  9.00680900e-01  9.15057309e-01  4.70928497e-01  9.03900062e-01
9.07088763e-01  5.59168179e-01  5.24362575e-01  9.69716304e-01  5.42436268e-01  5.36589429e-01
9.43951272e-01  3.90780733e-01  5.08513925e-01  9.76813027e-01  3.39592919e-01  5.38843194e-01
8.66989509e-01  3.51138316e-01  7.95590097e-01  9.37240684e-01  2.37660325e-01  8.16579913e-01
8.57559706e-01  4.45211848e-01  7.66533243e-01  9.38588708e-01  3.36949547e-01  7.84559034e-01
8.31184827e-01  5.42575699e-01  7.92884241e-01  9.35430458e-01  3.45817072e-01  8.02722108e-01
8.64961828e-01  2.13663617e-01  8.91736028e-01  9.26466774e-01  1.35001793e-01  9.09834403e-01
7.97755327e-01  4.98127798e-01  9.35267762e-01  9.13059379e-01  3.61006372e-01  9.42592378e-01
8.34186884e-01  6.50979869e-01  7.12306601e-01  9.43061175e-01  5.02572601e-01  7.16886365e-01
7.58995996e-01  6.17062671e-01  9.89672252e-01  9.03367469e-01  4.13976279e-01  9.92267347e-01
7.70551341e-01  6.39308509e-01  9.35984792e-01  9.11063819e-01  4.30922936e-01  9.38926389e-01
8.66036540e-01  3.20556669e-01  8.18682556e-01  9.35711021e-01  1.84770742e-01  8.38840947e-01
8.18503821e-01  3.62281647e-01  9.53011608e-01  9.14574992e-01  2.37738077e-01  9.61897606e-01
8.62402258e-01  7.88142064e-01  5.27444467e-01  9.64654251e-01  7.89354231e-01  5.10912716e-01
8.36587794e-01  4.05996252e-01  8.63213425e-01  9.26399022e-01  2.75684031e-01  8.77145327e-01
1.00561931e+00  2.74887096e-01  3.74357593e-01  9.98144707e-01  2.75964489e-01  4.17047600e-01
9.10146866e-01  3.43431837e-01  6.54041574e-01  9.58140165e-01  2.31334320e-01  6.84061063e-01
8.33857147e-01  9.88566305e-01  4.94251949e-01  9.68678824e-01  9.78601327e-01  4.40551751e-01
9.66073747e-01  4.22243660e-01  4.12969742e-01  9.92075004e-01  3.65478451e-01  4.34890743e-01
7.25055261e-01  7.78749278e-01  9.99952970e-01  9.00373519e-01  4.66463849e-01  9.99106976e-01
8.29361669e-01  5.17119116e-01  8.15602656e-01  9.30334513e-01  3.80234290e-01  8.27294362e-01
8.19387807e-01  1.02356958e+00  5.20659417e-01  9.65603516e-01  9.59223656e-01  4.64832410e-01
7.69060762e-01  6.02173986e-01  9.65159797e-01  9.09606917e-01  3.48972394e-01  9.67563724e-01
7.88768962e-01  5.67068099e-01  9.21024059e-01  9.16884719e-01  3.29458608e-01  9.25491432e-01
8.13043899e-01  4.54191377e-01  9.11875630e-01  9.18449189e-01  3.05233375e-01  9.21163610e-01
7.72200130e-01  6.75570211e-01  9.06840103e-01  9.13283536e-01  4.95135844e-01  9.09574197e-01
8.15701057e-01  6.88555356e-01  7.50981571e-01  9.35221021e-01  5.61428941e-01  7.53816454e-01
8.95309259e-01  5.11823674e-01  5.95099541e-01  9.65027201e-01  3.56592490e-01  6.10410608e-01
8.29877877e-01  2.57695242e-01  9.82295440e-01  9.13835422e-01  1.38535096e-01  9.89997460e-01
8.74806080e-01  8.15609489e-01  4.67493547e-01  9.72915157e-01  8.65959547e-01  4.39909072e-01
8.00173408e-01  5.44043603e-01  8.97242823e-01  9.18232675e-01  3.81957080e-01  9.04487354e-01
8.70381424e-01  4.01377975e-01  7.51452590e-01  9.41273568e-01  3.12349121e-01  7.73135610e-01
7.52895572e-01  6.37814697e-01  9.96915458e-01  9.02296109e-01  4.15072616e-01  9.98879055e-01
8.22169299e-01  5.50251149e-01  8.18515637e-01  9.29829702e-01  3.90679807e-01  8.28071892e-01
8.97090288e-01  6.84155816e-01  4.77168866e-01  9.79018814e-01  5.89065707e-01  4.65964420e-01
8.89228938e-01  7.19550181e-01  4.80883412e-01  9.72618676e-01  7.48598212e-01  4.69441319e-01
7.75921083e-01  5.98044534e-01  9.44541880e-01  9.10691572e-01  4.00704080e-01  9.48428378e-01
8.20243789e-01  5.85366807e-01  8.02255974e-01  9.34025786e-01  3.57557278e-01  8.08964783e-01
8.10211566e-01  7.09891835e-01  7.55472133e-01  9.33434197e-01  5.93526397e-01  7.57200268e-01
8.68439991e-01  3.81064399e-01  7.71234307e-01  9.39479394e-01  2.78613678e-01  7.92582821e-01
8.60250607e-01  4.76761340e-01  7.36911610e-01  9.41768106e-01  3.78000115e-01  7.54507418e-01
7.42406732e-01  7.48354780e-01  9.60761734e-01  9.06865270e-01  4.56077884e-01  9.59925620e-01
9.32082603e-01  5.75234487e-01  4.29063696e-01  9.82997417e-01  6.18068333e-01  4.33625881e-01
8.94616105e-01  6.93713302e-01  4.79364620e-01  9.71925079e-01  7.53775723e-01  4.72669603e-01
8.85963067e-01  4.19265786e-01  6.86927782e-01  9.51095610e-01  3.12727180e-01  7.10067364e-01
8.27706970e-01  4.76594201e-01  8.47534827e-01  9.28848324e-01  2.87762970e-01  8.58596091e-01
8.98943829e-01  7.29325186e-01  4.41549723e-01  9.78776195e-01  7.75616681e-01  4.23599012e-01
8.95627802e-01  6.84018611e-01  4.82223457e-01  9.73227154e-01  7.04839765e-01  4.75842231e-01
9.44282466e-01  3.73221586e-01  5.18788995e-01  9.74833625e-01  3.38962231e-01  5.51683433e-01
8.29285499e-01  8.08075183e-01  6.26957393e-01  9.55044942e-01  6.21511503e-01  6.12043528e-01
8.10821596e-01  7.74127597e-01  7.11696010e-01  9.41367279e-01  5.96221346e-01  7.05698653e-01
7.90205590e-01  6.67498223e-01  8.50934776e-01  9.20611848e-01  5.27255290e-01  8.55021481e-01
8.25911765e-01  7.02701895e-01  7.06825683e-01  9.40550666e-01  6.06319076e-01  7.08557366e-01
8.44905023e-01  2.71363899e-01  9.22682239e-01  9.20443527e-01  1.88544199e-01  9.36366262e-01
8.56464861e-01  5.44150744e-01  7.06015496e-01  9.48073792e-01  3.62349778e-01  7.17759955e-01
9.42473746e-01  5.56427064e-01  4.05990296e-01  9.87873004e-01  5.85017001e-01  4.10145836e-01
8.53641630e-01  8.88590893e-01  4.91978559e-01  9.73076167e-01  8.10196133e-01  4.52005463e-01
8.35624584e-01  4.81150196e-01  8.17688328e-01  9.31164060e-01  3.42251599e-01  8.30918134e-01
9.28174705e-01  3.70033255e-01  5.75554380e-01  9.66735102e-01  3.21285451e-01  6.07772389e-01
7.76065755e-01  8.26139787e-01  7.95951740e-01  9.28966018e-01  5.82915189e-01  7.88348779e-01
8.17313308e-01  4.36385250e-01  9.08938833e-01  9.20665410e-01  2.57112258e-01  9.18282891e-01
8.19276521e-01  4.17867419e-01  9.14295260e-01  9.20017055e-01  2.50529064e-01  9.23990282e-01
9.19125677e-01  3.30114524e-01  6.32198710e-01  9.62093917e-01  2.08757363e-01  6.64025239e-01
9.19454615e-01  5.69338837e-01  4.75770590e-01  9.79573748e-01  5.06317467e-01  4.81888341e-01
7.70253858e-01  5.83274094e-01  9.73379182e-01  9.07177354e-01  3.76474705e-01  9.76667216e-01
8.50494934e-01  2.45997129e-01  9.19872080e-01  9.21925176e-01  1.55151644e-01  9.34211705e-01
9.48190451e-01  4.19543425e-01  4.75446239e-01  9.81499745e-01  3.70139347e-01  5.01600622e-01
8.19723850e-01  4.63434164e-01  8.83189967e-01  9.24178422e-01  2.69299799e-01  8.92887300e-01
8.46341413e-01  2.69146009e-01  9.18947158e-01  9.22101541e-01  1.57436509e-01  9.32542835e-01
9.37637365e-01  4.09770787e-01  5.17624866e-01  9.77411173e-01  3.00982456e-01  5.44098349e-01
8.95250392e-01  3.46618771e-01  7.02556531e-01  9.51009947e-01  2.31565560e-01  7.29725621e-01
9.65299364e-01  3.80956105e-01  4.42701254e-01  9.87818102e-01  3.25128171e-01  4.72201613e-01
8.86158527e-01  7.26234559e-01  4.86969500e-01  9.70486760e-01  7.78220322e-01  4.76136735e-01
7.41807133e-01  7.44955728e-01  9.65004416e-01  9.05068974e-01  4.84122364e-01  9.64840783e-01
7.92665054e-01  7.75172855e-01  7.72673791e-01  9.32903048e-01  5.61486780e-01  7.68149544e-01
8.58679920e-01  5.42823209e-01  6.99354872e-01  9.46866347e-01  4.16902423e-01  7.12658050e-01
8.09784782e-01  6.83715220e-01  7.73917166e-01  9.32106863e-01  5.45247320e-01  7.77078256e-01
8.30384166e-01  4.34324924e-01  8.65886907e-01  9.24677643e-01  3.15067522e-01  8.78910281e-01
8.55548499e-01  5.77055218e-01  6.87762943e-01  9.46520891e-01  4.82939210e-01  6.99325214e-01
8.92367243e-01  4.85664591e-01  6.22072201e-01  9.58080590e-01  4.10808473e-01  6.42187294e-01
8.86831660e-01  7.07089942e-01  4.97113090e-01  9.70931059e-01  7.13239538e-01  4.88586878e-01
8.43951763e-01  3.86055919e-01  8.51153325e-01  9.29799510e-01  2.30155259e-01  8.66060592e-01
8.13344850e-01  5.40969344e-01  8.54509125e-01  9.24656912e-01  3.81650278e-01  8.63366402e-01
9.18063303e-01  2.27378035e-01  7.02506218e-01  9.52252772e-01  1.61000051e-01  7.38370834e-01
9.48896485e-01  3.95084652e-01  4.88927894e-01  9.79388555e-01  3.54710720e-01  5.18769846e-01
8.63758666e-01  7.37275260e-01  5.55863561e-01  9.66419643e-01  5.98838541e-01  5.44447967e-01
8.05451784e-01  5.76563687e-01  8.58202155e-01  9.22136638e-01  4.39134939e-01  8.65992089e-01
7.67880004e-01  7.43187477e-01  8.77608624e-01  9.17797836e-01  5.11224280e-01  8.76839750e-01
8.28339909e-01  4.98392995e-01  8.31230771e-01  9.28285633e-01  3.68067190e-01  8.43296714e-01
9.92112596e-01  3.26513492e-01  3.86703388e-01  9.96040890e-01  3.11702062e-01  4.22123015e-01
8.16032304e-01  6.53281562e-01  7.72461202e-01  9.33287821e-01  5.11577392e-01  7.77433308e-01
7.99112732e-01  4.99381208e-01  9.29844506e-01  9.14805398e-01  3.37435925e-01  9.36946209e-01
8.59472170e-01  3.25625297e-01  8.37682938e-01  9.31497408e-01  2.23108584e-01  8.56832590e-01
8.87428272e-01  3.57101103e-01  7.22610129e-01  9.47178077e-01  2.59109247e-01  7.48326887e-01
8.07610690e-01  5.81942409e-01  8.47379732e-01  9.26674332e-01  3.67891255e-01  8.53669964e-01
9.91923418e-01  3.00292383e-01  4.04368831e-01  9.94011611e-01  2.74006338e-01  4.44009454e-01
8.09507878e-01  8.18337382e-01  6.87453499e-01  9.43105206e-01  6.70598611e-01  6.77043505e-01
8.61209107e-01  2.24510128e-01  8.97437763e-01  9.25523873e-01  1.40463678e-01  9.14594454e-01
8.17506705e-01  5.19176525e-01  8.54526596e-01  9.27516198e-01  3.04769387e-01  8.63133721e-01
9.18040007e-01  5.81476050e-01  4.72694074e-01  9.77798884e-01  5.68415387e-01  4.78648345e-01
7.75225399e-01  6.75891182e-01  8.96359029e-01  9.17200542e-01  4.37525640e-01  8.98021952e-01
9.70599454e-01  2.48903249e-01  5.10137864e-01  9.79228289e-01  2.01068540e-01  5.55970862e-01
7.98436657e-01  7.10648575e-01  7.94968643e-01  9.32929422e-01  4.50916105e-01  7.94013780e-01
9.28963551e-01  4.75107355e-01  5.04659106e-01  9.74598819e-01  4.54301876e-01  5.26033509e-01
7.97550435e-01  6.09509677e-01  8.63644680e-01  9.23476759e-01  3.92250694e-01  8.68437839e-01
8.31537347e-01  2.64835121e-01  9.72023164e-01  9.14892977e-01  1.49297422e-01  9.80682133e-01
8.76093944e-01  2.21727400e-01  8.48695827e-01  9.32501482e-01  1.36371316e-01  8.70816454e-01
8.26507779e-01  6.17843534e-01  7.59897847e-01  9.38390124e-01  4.21790570e-01  7.65856923e-01
8.00954812e-01  5.78207511e-01  8.72407851e-01  9.23255988e-01  3.57118792e-01  8.78125203e-01
7.72055669e-01  8.37315274e-01  8.02314016e-01  9.28750185e-01  5.66163035e-01  7.93676931e-01
8.89310827e-01  3.64574096e-01  7.11068394e-01  9.49696922e-01  2.39194162e-01  7.36348654e-01
8.37920511e-01  6.07158905e-01  7.28078906e-01  9.41515454e-01  4.63184610e-01  7.36071209e-01
8.13498502e-01  4.52547472e-01  9.11399609e-01  9.19455575e-01  2.81292863e-01  9.20347260e-01
8.51888781e-01  2.77143182e-01  8.94915157e-01  9.24915331e-01  1.73646410e-01  9.10683664e-01
9.33726525e-01  3.11437127e-01  5.94744911e-01  9.66005480e-01  2.41934614e-01  6.31133128e-01
7.89958036e-01  6.39738955e-01  8.69799377e-01  9.19124542e-01  4.84739767e-01  8.74568481e-01
7.95486242e-01  4.57598881e-01  9.69291125e-01  9.11346636e-01  2.71040043e-01  9.74757568e-01
9.28757127e-01  2.99577221e-01  6.19319338e-01  9.64092115e-01  1.94197610e-01  6.54640827e-01
8.40470448e-01  4.14994219e-01  8.44185768e-01  9.28631283e-01  2.91508008e-01  8.59106045e-01
8.74616851e-01  2.91470441e-01  8.08727281e-01  9.37660597e-01  1.66799652e-01  8.31087508e-01
8.86717483e-01  5.76394918e-01  5.82351960e-01  9.63510443e-01  4.74675892e-01  5.92334353e-01
8.38111451e-01  4.10896065e-01  8.54858554e-01  9.29114886e-01  2.39170620e-01  8.68327841e-01
9.27398405e-01  4.98551782e-01  4.94753484e-01  9.79324368e-01  3.93655383e-01  5.10012307e-01
7.56340999e-01  6.87478078e-01  9.52967361e-01  9.08212397e-01  4.44005253e-01  9.54130068e-01
8.16169729e-01  3.90653928e-01  9.42516127e-01  9.16334209e-01  2.35439890e-01  9.51158213e-01
7.92274249e-01  5.20062349e-01  9.39640469e-01  9.13934977e-01  3.25599232e-01  9.45314483e-01
7.66114653e-01  6.64528384e-01  9.34677107e-01  9.11770402e-01  4.22290693e-01  9.36428093e-01
8.87311651e-01  5.71751181e-01  5.83349781e-01  9.66110251e-01  4.05555269e-01  5.91938331e-01
8.32465724e-01  7.07896695e-01  6.81198687e-01  9.48809872e-01  5.06947852e-01  6.78995596e-01
8.22100135e-01  4.05585007e-01  9.12680463e-01  9.19028356e-01  2.79462948e-01  9.23517538e-01
8.27943723e-01  3.41712486e-01  9.34308754e-01  9.18108580e-01  2.13685543e-01  9.44902653e-01
8.85184331e-01  3.36279356e-01  7.43451495e-01  9.45825592e-01  2.08363056e-01  7.68430787e-01
8.50944603e-01  2.93376346e-01  8.87581285e-01  9.25366303e-01  1.91394463e-01  9.03613186e-01
8.78681838e-01  5.88838024e-01  6.01559630e-01  9.59976496e-01  4.91801014e-01  6.10961849e-01
8.21194442e-01  3.76445141e-01  9.34677539e-01  9.17430166e-01  2.34493725e-01  9.44353473e-01
8.86542335e-01  5.13930920e-01  6.23500294e-01  9.58015975e-01  4.19696955e-01  6.40508876e-01
8.21050499e-01  7.84090880e-01  6.70492025e-01  9.45728899e-01  6.59368966e-01  6.62864385e-01
8.47230631e-01  9.15807144e-01  4.96077827e-01  9.67422120e-01  9.45070893e-01  4.56503886e-01
7.88314450e-01  7.35410190e-01  8.13264081e-01  9.26682675e-01  5.41863392e-01  8.12655243e-01
8.00375835e-01  8.40731561e-01  7.03925388e-01  9.43572787e-01  6.02057460e-01  6.90182856e-01
9.24440500e-01  4.44984735e-01  5.39574032e-01  9.71727728e-01  3.72874328e-01  5.63613916e-01
7.54551909e-01  6.65548684e-01  9.73282193e-01  9.05489734e-01  4.29931906e-01  9.74902026e-01
8.68397372e-01  6.96573587e-01  5.66536386e-01  9.61740750e-01  6.44365103e-01  5.63729875e-01
7.99172385e-01  7.07891692e-01  7.94258401e-01  9.28919045e-01  5.52634434e-01  7.95779478e-01
7.48257847e-01  7.51444452e-01  9.38884846e-01  9.09818365e-01  4.69530716e-01  9.37822243e-01
8.70470719e-01  5.48726121e-01  6.55483935e-01  9.52248098e-01  4.54064347e-01  6.69400808e-01
8.09790846e-01  5.94682333e-01  8.31704179e-01  9.28405789e-01  3.87748722e-01  8.37892275e-01
8.97865581e-01  2.45761109e-01  7.59157510e-01  9.43718150e-01  1.77959569e-01  7.89102207e-01
8.75035124e-01  3.96127701e-01  7.39059362e-01  9.45766723e-01  2.44584535e-01  7.60280093e-01
8.82244228e-01  7.95752234e-01  4.55128537e-01  9.75420517e-01  8.45584559e-01  4.28642096e-01
8.69211576e-01  3.39448328e-01  7.95633888e-01  9.36664341e-01  2.48839285e-01  8.17643435e-01
8.62601603e-01  1.95143007e-01  9.12074513e-01  9.23732118e-01  1.31617242e-01  9.28682639e-01
8.31088408e-01  2.83247577e-01  9.61591831e-01  9.15711956e-01  1.68089454e-01  9.71006012e-01
7.96050936e-01  5.27526589e-01  9.21968039e-01  9.16408666e-01  3.31218490e-01  9.28129619e-01
8.12655572e-01  9.43411773e-01  5.95561469e-01  9.57243033e-01  7.76295789e-01  5.61507107e-01
8.50362756e-01  5.74045763e-01  7.07326413e-01  9.44248304e-01  4.62940864e-01  7.18605525e-01
8.12149853e-01  6.16212125e-01  8.09714241e-01  9.30638815e-01  4.22277511e-01  8.15444200e-01
8.40751329e-01  7.72688524e-01  6.10996863e-01  9.55812629e-01  6.49363212e-01  6.00563762e-01
8.91404685e-01  4.92521302e-01  6.20889131e-01  9.58227063e-01  4.14787818e-01  6.40311207e-01
9.02476459e-01  2.06546444e-01  7.68960349e-01  9.43166304e-01  1.46372401e-01  8.00077753e-01
9.09967505e-01  2.97004637e-01  6.84793111e-01  9.54812754e-01  1.84593014e-01  7.16401348e-01
9.18554859e-01  6.02120649e-01  4.57840711e-01  9.81474085e-01  5.57148674e-01  4.58252226e-01
8.69023395e-01  5.72462751e-01  6.44988260e-01  9.55008106e-01  4.37134744e-01  6.55689637e-01
8.79388773e-01  4.75568359e-01  6.72697786e-01  9.50724719e-01  3.96327564e-01  6.92762392e-01
8.76365205e-01  5.84065466e-01  6.12524561e-01  9.58084378e-01  4.92860468e-01  6.22844574e-01
9.59851355e-01  4.39357534e-01  4.22987387e-01  9.88484734e-01  4.21606323e-01  4.44696460e-01
8.70716896e-01  5.09789512e-01  6.79927758e-01  9.51142967e-01  3.72395126e-01  6.95715292e-01
8.40591941e-01  7.66663610e-01  6.15449105e-01  9.52242097e-01  7.14500511e-01  6.08121846e-01
9.11939303e-01  5.84884953e-01  4.91196685e-01  9.78308638e-01  4.84328349e-01  4.95177143e-01
7.74824767e-01  5.39586939e-01  9.86222426e-01  9.04988121e-01  3.77782436e-01  9.90397246e-01
8.01139347e-01  6.13334338e-01  8.48972201e-01  9.22283909e-01  4.79533965e-01  8.55535902e-01
8.19917032e-01  4.62127970e-01  8.83380754e-01  9.21521862e-01  3.35272889e-01  8.94388304e-01
8.69284717e-01  3.09128996e-01  8.15071750e-01  9.36339417e-01  1.79281281e-01  8.36104083e-01
8.24213550e-01  5.51206155e-01  8.10954613e-01  9.33274875e-01  3.33523740e-01  8.19438306e-01
9.27506212e-01  3.15369875e-01  6.13313528e-01  9.63131124e-01  2.46099157e-01  6.48582884e-01
9.15099798e-01  3.57744026e-01  6.27930584e-01  9.59769451e-01  2.92615884e-01  6.59185850e-01
8.38272285e-01  7.63245872e-01  6.25546079e-01  9.56424874e-01  5.70558025e-01  6.15192008e-01
8.06955970e-01  6.06435508e-01  8.33698794e-01  9.24898255e-01  4.70938372e-01  8.40796216e-01
8.06954203e-01  8.49928380e-01  6.75615801e-01  9.48062547e-01  6.12525145e-01  6.58930075e-01
8.16139912e-01  3.93694414e-01  9.40642556e-01  9.15284208e-01  2.69393236e-01  9.49896705e-01
7.64973487e-01  6.74131179e-01  9.32316528e-01  9.10070017e-01  4.76166414e-01  9.34646249e-01
8.29997427e-01  4.83987793e-01  8.34955679e-01  9.29660210e-01  3.16150642e-01  8.46706369e-01
9.19011184e-01  4.41023737e-01  5.60581402e-01  9.68559390e-01  3.67573372e-01  5.85177115e-01
9.07948456e-01  5.11076555e-01  5.52666203e-01  9.69840729e-01  4.02955375e-01  5.68630916e-01
8.42341736e-01  4.98290079e-01  7.83750355e-01  9.37957615e-01  3.04319416e-01  7.96288239e-01
8.97525440e-01  3.90195157e-01  6.66538971e-01  9.53748128e-01  3.11581928e-01  6.93329062e-01
8.28287947e-01  9.17586905e-01  5.59245484e-01  9.63559916e-01  7.64628134e-01  5.23750910e-01
8.41623679e-01  5.90804858e-01  7.26121704e-01  9.42153673e-01  4.48972803e-01  7.35325024e-01
8.28230558e-01  3.14035799e-01  9.51305318e-01  9.15387247e-01  2.17247807e-01  9.61513710e-01
8.44513799e-01  5.04910148e-01  7.72075007e-01  9.36586825e-01  3.84200028e-01  7.86270319e-01
8.67450676e-01  4.10908367e-01  7.55217295e-01  9.40997640e-01  3.08329901e-01  7.75851182e-01
7.68309201e-01  8.90796147e-01  7.80313218e-01  9.31422220e-01  6.08311802e-01  7.66619949e-01
8.34052056e-01  4.30517967e-01  8.55903232e-01  9.27320923e-01  2.84683825e-01  8.69114979e-01
9.46715459e-01  4.41682945e-01  4.66081356e-01  9.83360285e-01  3.75403880e-01  4.88431578e-01
7.93723479e-01  4.76676893e-01  9.62889050e-01  9.10097518e-01  3.29153051e-01  9.69084407e-01
8.41288304e-01  2.65184924e-01  9.38679947e-01  9.19184300e-01  1.60081348e-01  9.50626067e-01
8.18243314e-01  3.36844186e-01  9.70413638e-01  9.12594104e-01  2.21384603e-01  9.78449992e-01
9.13027794e-01  3.16658220e-01  6.61641026e-01  9.56611675e-01  2.31032576e-01  6.93932779e-01
9.08906914e-01  4.14462015e-01  6.12434529e-01  9.63774066e-01  2.78497213e-01  6.37348696e-01
8.33268000e-01  7.98175279e-01  6.19860832e-01  9.53610686e-01  6.80046291e-01  6.07458439e-01
9.28551973e-01  5.48269202e-01  4.58558910e-01  9.84418784e-01  4.47217044e-01  4.64737053e-01
8.04088754e-01  3.88309451e-01  9.85067333e-01  9.10302870e-01  2.31226016e-01  9.90824781e-01
8.20637762e-01  1.04614997e+00  5.01755099e-01  9.67810220e-01  1.01011077e+00  4.38702621e-01
9.36163312e-01  4.42427912e-01  5.01428336e-01  9.78841377e-01  3.46763450e-01  5.24149376e-01
9.90317048e-01  3.62515306e-01  3.69427382e-01  9.97972959e-01  3.59041215e-01  3.98589479e-01
7.95194086e-01  6.54443687e-01  8.42471426e-01  9.24813767e-01  4.51587323e-01  8.45894093e-01
8.47431162e-01  7.40966749e-01  6.08909066e-01  9.55733835e-01  6.42941277e-01  6.02580971e-01
8.14312607e-01  6.97174716e-01  7.49803603e-01  9.37737665e-01  5.04755341e-01  7.50506901e-01
9.10385473e-01  4.19574801e-01  6.03796651e-01  9.63954038e-01  3.06619312e-01  6.29057421e-01
8.36821701e-01  2.98885484e-01  9.32263749e-01  9.18441280e-01  2.08793265e-01  9.44437428e-01
9.03898751e-01  3.21891066e-01  6.89243341e-01  9.53176529e-01  2.17695168e-01  7.19099158e-01
8.64002572e-01  3.36900862e-01  8.14976996e-01  9.34049091e-01  2.43728196e-01  8.35616070e-01
7.98859194e-01  4.16317850e-01  9.84641362e-01  9.10507365e-01  2.30432104e-01  9.89700428e-01
8.50546541e-01  5.39800377e-01  7.28936947e-01  9.44027206e-01  3.73673169e-01  7.41040725e-01
8.97891231e-01  3.19642421e-01  7.11102957e-01  9.49466465e-01  2.29650896e-01  7.40073267e-01
8.04313446e-01  6.03259673e-01  8.44735806e-01  9.26131356e-01  3.96884861e-01  8.50325116e-01
9.36723052e-01  3.62692962e-01  5.51293204e-01  9.71220351e-01  2.99209684e-01  5.84210787e-01
8.30291719e-01  4.65537056e-01  8.45935121e-01  9.26496910e-01  3.50185535e-01  8.58976419e-01
7.82724724e-01  8.18724177e-01  7.78153953e-01  9.32838789e-01  5.56285469e-01  7.69786189e-01
7.87765367e-01  5.91704776e-01  9.08433882e-01  9.14496503e-01  4.42454748e-01  9.14200198e-01
8.30577325e-01  6.94067426e-01  6.96589126e-01  9.44381862e-01  5.48898483e-01  6.97511002e-01
9.04692241e-01  5.98974555e-01  5.06657241e-01  9.74198315e-01  5.28922773e-01  5.11032832e-01
8.25962434e-01  5.03540551e-01  8.35962967e-01  9.29077623e-01  3.31753924e-01  8.46768230e-01
8.72302254e-01  4.39588589e-01  7.20121470e-01  9.44815845e-01  3.52310772e-01  7.41013626e-01
9.92439658e-01  3.37891741e-01  3.78206044e-01  9.99048604e-01  2.82275561e-01  4.09766074e-01
7.74896033e-01  5.30088282e-01  9.92148718e-01  9.05579521e-01  3.39072172e-01  9.95719468e-01
8.66664962e-01  5.21923949e-01  6.85809157e-01  9.51170852e-01  3.54240542e-01  6.99810858e-01
8.89808784e-01  4.67414800e-01  6.42608526e-01  9.56397013e-01  3.66682119e-01  6.63371519e-01
8.03825741e-01  4.92290056e-01  9.18442680e-01  9.15440960e-01  3.63119174e-01  9.26823735e-01
9.17374082e-01  3.78589609e-01  6.06674233e-01  9.62112647e-01  3.22497177e-01  6.37126052e-01
8.31919851e-01  7.92051562e-01  6.28711875e-01  9.51453622e-01  6.95083873e-01  6.18265147e-01
8.41517049e-01  9.44011033e-01  4.97168272e-01  9.67635377e-01  9.56218047e-01  4.52512048e-01
7.93757896e-01  6.22951413e-01  8.67795606e-01  9.20835165e-01  4.45685889e-01  8.72794894e-01
8.61458721e-01  7.84198751e-01  5.33208311e-01  9.62519794e-01  8.13724853e-01  5.18860837e-01
8.27932518e-01  2.88634401e-01  9.68812274e-01  9.15216557e-01  1.55206396e-01  9.77215970e-01
7.62356480e-01  5.91598940e-01  9.94794598e-01  9.04728723e-01  3.56736971e-01  9.97015772e-01
8.95140258e-01  4.09861201e-01  6.61870251e-01  9.53662543e-01  3.38530580e-01  6.87532969e-01
8.45276408e-01  3.86857845e-01  8.46134384e-01  9.30796806e-01  2.23650444e-01  8.61197340e-01
8.70941626e-01  3.26806296e-01  7.97967077e-01  9.36904538e-01  2.31134740e-01  8.20271746e-01
8.36916107e-01  4.52937660e-01  8.31619771e-01  9.28808098e-01  3.42372401e-01  8.45996383e-01
7.63432023e-01  7.21228744e-01  9.06971884e-01  9.14716618e-01  4.67468822e-01  9.06899189e-01
8.12943115e-01  7.16518911e-01  7.42191491e-01  9.36103702e-01  5.84237992e-01  7.42786413e-01
8.71656070e-01  2.98674782e-01  8.13805758e-01  9.34929859e-01  2.16613348e-01  8.36352604e-01
8.47646272e-01  7.33118298e-01  6.13273947e-01  9.54309808e-01  6.55759001e-01  6.08693941e-01
9.22773981e-01  3.62585299e-01  5.98729304e-01  9.66608509e-01  2.35216006e-01  6.28848362e-01
8.23742637e-01  6.53355445e-01  7.46230478e-01  9.37485313e-01  5.09313232e-01  7.51051879e-01
8.49955071e-01  2.62894183e-01  9.10733933e-01  9.22639621e-01  1.72251455e-01  9.25604382e-01
7.78155510e-01  7.43060476e-01  8.42796129e-01  9.23087237e-01  5.16830631e-01  8.41603425e-01
7.96026000e-01  6.08222392e-01  8.69657139e-01  9.22069637e-01  4.04158665e-01  8.74656791e-01
8.49474144e-01  5.41078035e-01  7.31748268e-01  9.41336719e-01  4.30018858e-01  7.45025957e-01
8.08022300e-01  6.45255002e-01  8.04873199e-01  9.28309944e-01  5.07439468e-01  8.10326063e-01
8.77021134e-01  5.95339773e-01  6.02977607e-01  9.59410687e-01  5.03216916e-01  6.11902018e-01
8.63727761e-01  2.82565284e-01  8.51189252e-01  9.30213805e-01  1.97579553e-01  8.71073987e-01
8.38962147e-01  2.80908969e-01  9.36369757e-01  9.18885840e-01  1.78066301e-01  9.48305281e-01
9.63322067e-01  3.90808696e-01  4.42721262e-01  9.88190763e-01  3.20373755e-01  4.70415332e-01
8.18607254e-01  4.02612424e-01  9.26472729e-01  9.17331803e-01  2.71061649e-01  9.36374257e-01
8.22139605e-01  6.46927350e-01  7.55847287e-01  9.35407704e-01  5.21232555e-01  7.61567254e-01
7.66185721e-01  6.01000007e-01  9.75686053e-01  9.08141997e-01  3.45167038e-01  9.77853129e-01
8.71670549e-01  2.20481558e-01  8.64526052e-01  9.29524131e-01  1.55186384e-01  8.85477691e-01
8.83272739e-01  7.64886315e-01  4.71675249e-01  9.76809926e-01  7.20106958e-01  4.49275488e-01
8.61408421e-01  3.50191394e-01  8.15157635e-01  9.34668941e-01  2.30808212e-01  8.34683486e-01
8.18669802e-01  4.71437687e-01  8.81572355e-01  9.23229464e-01  3.00835357e-01  8.91547159e-01
8.00406011e-01  4.14227742e-01  9.80745228e-01  9.11024553e-01  2.31565858e-01  9.86117135e-01
8.53048837e-01  6.70952150e-01  6.35586907e-01  9.52881475e-01  5.72906831e-01  6.37875321e-01
7.88863929e-01  5.88954227e-01  9.06490481e-01  9.17815138e-01  3.65654682e-01  9.11003045e-01
8.55264611e-01  5.22697441e-01  7.24019118e-01  9.43770042e-01  3.92583041e-01  7.38237459e-01
7.67173446e-01  7.05591778e-01  9.04418245e-01  9.13848633e-01  4.96328318e-01  9.05669918e-01
9.73244495e-01  3.73844171e-01  4.20042690e-01  9.88767899e-01  3.83944687e-01  4.51747822e-01
9.21031102e-01  6.37224289e-01  4.26344890e-01  9.84588287e-01  6.36178094e-01  4.19161737e-01
9.13204968e-01  5.53843975e-01  5.07051194e-01  9.73625331e-01  5.13964651e-01  5.18228469e-01
9.40635249e-01  3.24188290e-01  5.63007158e-01  9.70396908e-01  2.57260033e-01  5.99367293e-01
9.46824348e-01  4.99244004e-01  4.28341995e-01  9.88476171e-01  4.40417038e-01  4.40322610e-01
8.12842455e-01  6.19106827e-01  8.05481734e-01  9.28573929e-01  4.90902090e-01  8.12527042e-01
8.37507627e-01  7.18068835e-01  6.57472113e-01  9.46787592e-01  6.54982643e-01  6.57108823e-01
8.55638969e-01  5.99035707e-01  6.73185731e-01  9.50814085e-01  4.42582800e-01  6.81298897e-01
8.26372937e-01  6.60388667e-01  7.32733368e-01  9.42693068e-01  4.35649419e-01  7.35003294e-01
9.12625952e-01  6.03166961e-01  4.76995747e-01  9.77372659e-01  5.75167562e-01  4.79791523e-01
8.50478497e-01  4.40961151e-01  7.93339688e-01  9.34882882e-01  3.28968688e-01  8.10200124e-01
8.72106411e-01  3.45372665e-01  7.81957181e-01  9.38912735e-01  2.43748796e-01  8.04425071e-01
8.41848004e-01  2.71094866e-01  9.32941429e-01  9.19321329e-01  1.77989737e-01  9.45530865e-01
9.32561478e-01  5.90047818e-01  4.17820735e-01  9.86790583e-01  5.85920441e-01  4.16873452e-01
8.29020049e-01  2.60081643e-01  9.83658828e-01  9.12715593e-01  1.62382062e-01  9.91563274e-01
9.62411108e-01  4.75193463e-01  3.91030501e-01  9.93511556e-01  4.56196336e-01  4.04321420e-01
7.64307209e-01  6.11757490e-01  9.75080321e-01  9.07384080e-01  3.68086466e-01  9.77316657e-01
9.24290032e-01  3.25077940e-01  6.17931657e-01  9.61883135e-01  2.63851594e-01  6.52405290e-01
9.40000882e-01  2.72071442e-01  5.98996761e-01  9.65624874e-01  2.18785976e-01  6.39023712e-01
8.82951710e-01  4.91789887e-01  6.50067594e-01  9.54218385e-01  4.02238734e-01  6.68969309e-01
8.22078784e-01  4.53263240e-01  8.81795682e-01  9.22830434e-01  3.06453925e-01  8.92782921e-01
8.73861884e-01  5.18882020e-01  6.63345171e-01  9.53904042e-01  3.71055414e-01  6.78326729e-01
8.68984200e-01  4.72201414e-01  7.10215095e-01  9.46220096e-01  3.65846007e-01  7.28822736e-01
8.70900842e-01  3.88445500e-01  7.58085299e-01  9.40719556e-01  2.97916359e-01  7.80086094e-01
8.51318675e-01  7.15719587e-01  6.12100266e-01  9.58271484e-01  5.55555304e-01  6.06883917e-01
7.91220941e-01  4.51644388e-01  9.87643317e-01  9.08998127e-01  2.61207026e-01  9.92132015e-01
9.11457688e-01  4.86823299e-01  5.56495810e-01  9.68094710e-01  4.17646885e-01  5.76367295e-01
8.18609917e-01  3.92887880e-01  9.32778304e-01  9.17361583e-01  2.45606238e-01  9.42176796e-01
9.32197163e-01  4.63740710e-01  5.01058610e-01  9.75457686e-01  4.41181233e-01  5.23615651e-01
8.59969693e-01  2.65269763e-01  8.75181404e-01  9.27341865e-01  1.80821347e-01  8.93434992e-01
9.56674810e-01  4.26300221e-01  4.42250441e-01  9.85206692e-01  4.14935273e-01  4.67285455e-01
8.45176958e-01  3.76259003e-01  8.53353650e-01  9.29740116e-01  2.21478126e-01  8.68484448e-01
7.82355799e-01  7.06276159e-01  8.52414755e-01  9.20589136e-01  5.31794175e-01  8.54098433e-01
9.08694782e-01  5.42929768e-01  5.29452193e-01  9.73882749e-01  4.13500431e-01  5.40231110e-01
7.99111847e-01  7.01944973e-01  7.98623924e-01  9.31651456e-01  4.67750444e-01  7.98760827e-01
8.71902692e-01  5.05689881e-01  6.78562263e-01  9.49584269e-01  4.14228035e-01  6.95860410e-01
8.26351180e-01  6.28295634e-01  7.53643509e-01  9.39150980e-01  4.30614902e-01  7.58900634e-01
9.34694008e-01  5.79708925e-01  4.17589326e-01  9.85788990e-01  6.04741552e-01  4.19380527e-01
7.95370594e-01  5.37478802e-01  9.17815643e-01  9.15001687e-01  3.84229491e-01  9.24670004e-01
8.40069276e-01  6.86895114e-01  6.69013177e-01  9.47242205e-01  5.84204518e-01  6.70857992e-01
8.22290362e-01  5.13079020e-01  8.42239674e-01  9.27493216e-01  3.50203214e-01  8.52583803e-01
8.25142518e-01  3.43887227e-01  9.42409968e-01  9.17135742e-01  2.09115806e-01  9.52216643e-01
7.61623014e-01  6.66675078e-01  9.48536207e-01  9.07864976e-01  4.67128512e-01  9.50913424e-01
8.56237619e-01  7.43073328e-01  5.77637937e-01  9.62089729e-01  6.17337344e-01  5.67855643e-01
7.75178557e-01  5.86054663e-01  9.54848706e-01  9.09373990e-01  3.92588993e-01  9.58787718e-01
8.59534465e-01  3.39586932e-01  8.28406312e-01  9.32331528e-01  2.38870001e-01  8.47773121e-01
8.23019288e-01  6.51080106e-01  7.50163984e-01  9.36579078e-01  5.15680959e-01  7.55363451e-01
8.17153429e-01  7.03666053e-01  7.35941110e-01  9.36521138e-01  5.91622787e-01  7.37854897e-01
9.34516912e-01  5.91952687e-01  4.09944261e-01  9.87195314e-01  6.10369385e-01  4.08522192e-01
8.52608847e-01  2.86777902e-01  8.86511365e-01  9.25503892e-01  1.92744077e-01  9.02929390e-01
8.33246160e-01  8.99164815e-01  5.54369356e-01  9.64670238e-01  7.47119007e-01  5.20753970e-01
8.18392260e-01  3.78871552e-01  9.42618688e-01  9.16563416e-01  2.27628592e-01  9.51527667e-01
8.16702402e-01  6.27310485e-01  7.87049346e-01  9.35502728e-01  3.91777731e-01  7.91437448e-01
9.26479125e-01  2.45230184e-01  6.62338110e-01  9.57031252e-01  1.91764241e-01  7.00487918e-01
8.90956218e-01  5.43665191e-01  5.89207665e-01  9.61811007e-01  4.72770563e-01  6.03679628e-01
8.45071206e-01  9.05644583e-01  5.10008614e-01  9.69364564e-01  8.31435735e-01  4.70803160e-01
8.96239736e-01  4.30980793e-01  6.44425203e-01  9.56065577e-01  3.52752317e-01  6.68776347e-01
8.68345616e-01  5.32893449e-01  6.73277987e-01  9.53439814e-01  3.52522247e-01  6.86183041e-01
7.98177738e-01  6.89193243e-01  8.09777239e-01  9.28995057e-01  4.84205658e-01  8.11403356e-01
7.99282091e-01  4.42834330e-01  9.65985962e-01  9.10072310e-01  3.14041686e-01  9.72804053e-01
8.89160532e-01  4.52218899e-01  6.54675427e-01  9.54468327e-01  3.62436091e-01  6.76737910e-01
8.87906879e-01  3.60656728e-01  7.18378789e-01  9.47566935e-01  2.63954462e-01  7.44176535e-01
7.63371564e-01  7.28375795e-01  9.02536759e-01  9.15406531e-01  4.69121075e-01  9.02086324e-01
8.75668447e-01  2.77905654e-01  8.13665231e-01  9.35850012e-01  1.89084881e-01  8.36933982e-01
9.35520571e-01  5.36040787e-01  4.42835157e-01  9.82186336e-01  5.54853643e-01  4.53709521e-01
8.55654797e-01  2.59398977e-01  8.93646840e-01  9.25106060e-01  1.70336981e-01  9.10239889e-01
8.01081334e-01  4.14558971e-01  9.78235926e-01  9.09871510e-01  2.70279581e-01  9.84395511e-01
8.51016279e-01  8.98580283e-01  4.94407397e-01  9.68004721e-01  9.26016520e-01  4.57254439e-01
8.11133009e-01  5.67836128e-01  8.44576488e-01  9.26022430e-01  3.91495396e-01  8.52292509e-01
8.85488939e-01  3.54448582e-01  7.30620120e-01  9.45797104e-01  2.61285018e-01  7.56153261e-01
7.91483328e-01  5.53324242e-01  9.20729511e-01  9.16462489e-01  3.38915609e-01  9.25972205e-01
8.58664111e-01  5.09718035e-01  7.20901993e-01  9.44115633e-01  3.91181836e-01  7.36351431e-01
7.94769014e-01  6.01831834e-01  8.78074058e-01  9.18599753e-01  4.57637251e-01  8.84314762e-01
8.78186047e-01  8.21762140e-01  4.52022160e-01  9.74817134e-01  8.92640531e-01  4.21432184e-01
8.71389290e-01  5.74327418e-01  6.35743478e-01  9.55024060e-01  4.73160239e-01  6.47105443e-01
9.04331248e-01  3.25365736e-01  6.85518491e-01  9.52657042e-01  2.45219226e-01  7.15949758e-01
8.53019451e-01  4.77561757e-01  7.60947426e-01  9.38236161e-01  3.76347723e-01  7.77543470e-01
8.49101580e-01  6.73684834e-01  6.46919278e-01  9.52916737e-01  5.26642272e-01  6.48025611e-01
9.04062676e-01  2.25868879e-01  7.51028613e-01  9.45201797e-01  1.64130420e-01  7.82844983e-01
8.60085890e-01  1.97233896e-01  9.18962784e-01  9.22558409e-01  1.35199642e-01  9.34849005e-01
8.19970569e-01  5.39539297e-01  8.32937120e-01  9.27662907e-01  3.87534109e-01  8.42706260e-01
7.47695075e-01  7.16897192e-01  9.63227729e-01  9.06827713e-01  4.42664534e-01  9.63324651e-01
9.05130244e-01  4.69643364e-01  5.89135034e-01  9.63119524e-01  4.05306463e-01  6.11173295e-01
7.91776338e-01  7.52015699e-01  7.90726988e-01  9.30881136e-01  5.31893371e-01  7.88081789e-01
7.64183051e-01  7.57471799e-01  8.80889427e-01  9.18433965e-01  4.85472353e-01  8.78824035e-01
8.66010195e-01  2.87812578e-01  8.40031196e-01  9.31499809e-01  2.06275962e-01  8.60780405e-01
7.60912203e-01  6.18439845e-01  9.82269815e-01  9.03214466e-01  4.46869186e-01  9.85503726e-01
7.68582021e-01  7.91285340e-01  8.43995888e-01  9.22604709e-01  5.37208725e-01  8.39899470e-01
8.99728443e-01  3.71189308e-01  6.71398327e-01  9.55831657e-01  2.35256618e-01  6.97939723e-01
8.40932489e-01  2.83581345e-01  9.27943269e-01  9.20509721e-01  1.67580981e-01  9.40361388e-01
9.79119938e-01  3.79483561e-01  3.96431441e-01  9.94722622e-01  3.39978387e-01  4.23918254e-01
8.27364512e-01  4.40466575e-01  8.72154480e-01  9.25039711e-01  2.84030080e-01  8.83896360e-01
8.67571511e-01  3.27725081e-01  8.08815238e-01  9.35920436e-01  2.16862891e-01  8.29942159e-01
9.41269536e-01  5.42783459e-01  4.18936800e-01  9.84830522e-01  5.93625670e-01  4.27626988e-01
8.89243633e-01  2.80377760e-01  7.65961209e-01  9.43135084e-01  1.77983642e-01  7.92835193e-01
7.99459528e-01  5.17842310e-01  9.16679304e-01  9.15107782e-01  3.82495391e-01  9.24397999e-01
7.97493636e-01  4.50102444e-01  9.67340544e-01  9.09994811e-01  3.11816409e-01  9.73824936e-01
8.35705268e-01  5.25700534e-01  7.88489039e-01  9.34197280e-01  3.88229645e-01  8.00643483e-01
8.88566274e-01  5.21250293e-01  6.11875591e-01  9.59107964e-01  4.40742994e-01  6.28551990e-01
8.09735257e-01  8.55001065e-01  6.63176048e-01  9.49483393e-01  6.33639620e-01  6.45364635e-01
8.20680714e-01  3.86968314e-01  9.29589140e-01  9.17487121e-01  2.53289779e-01  9.39562727e-01
8.46148123e-01  8.38896507e-01  5.49686352e-01  9.61979399e-01  7.92519887e-01  5.27318238e-01
8.64794729e-01  3.00769904e-01  8.35746557e-01  9.33332960e-01  1.78448221e-01  8.55577975e-01
8.82812385e-01  3.31615972e-01  7.54533239e-01  9.42751038e-01  2.43329826e-01  7.79912255e-01
1.00278560e+00  2.97660954e-01  3.69194399e-01  9.97800616e-01  3.19272577e-01  4.09057535e-01
8.42075115e-01  6.90471952e-01  6.59879788e-01  9.48991823e-01  5.79026158e-01  6.60858683e-01
9.41719930e-01  4.50638404e-01  4.77229767e-01  9.79952941e-01  4.18475280e-01  5.00138423e-01
7.91763216e-01  5.56653605e-01  9.17616121e-01  9.14525068e-01  4.00333666e-01  9.23934442e-01
8.09083065e-01  4.75740775e-01  9.11335235e-01  9.19234891e-01  2.91085341e-01  9.19456684e-01
7.63006533e-01  7.90392562e-01  8.63510063e-01  9.20747891e-01  5.05019572e-01  8.59384461e-01
7.82004322e-01  6.13698135e-01  9.13718167e-01  9.13131766e-01  4.60594685e-01  9.18680096e-01
8.61031515e-01  6.10800860e-01  6.47235862e-01  9.54880988e-01  4.48693478e-01  6.53783295e-01
8.68123181e-01  6.18785926e-01  6.17969823e-01  9.55870954e-01  5.42193549e-01  6.25421903e-01
8.75134762e-01  4.48369273e-01  7.04802335e-01  9.47493356e-01  3.46000504e-01  7.25331072e-01
8.70366690e-01  3.19904046e-01  8.04401460e-01  9.37418235e-01  1.93339716e-01  8.25876575e-01
9.14976662e-01  3.88182483e-01  6.08587415e-01  9.63477042e-01  2.86388057e-01  6.36879180e-01
8.54764512e-01  6.63591948e-01  6.34242151e-01  9.54062211e-01  5.43921577e-01  6.36612616e-01
8.16477164e-01  9.47921415e-01  5.79656412e-01  9.58013845e-01  8.28772591e-01  5.44209649e-01
9.29889253e-01  5.27205921e-01  4.67692398e-01  9.79196589e-01  5.20722252e-01  4.80915215e-01
8.67468865e-01  7.53683470e-01  5.32612383e-01  9.69774718e-01  6.24265359e-01  5.16949104e-01
9.13973021e-01  2.95775580e-01  6.71989302e-01  9.56015198e-01  2.00614139e-01  7.04919199e-01
8.39457721e-01  2.92363109e-01  9.27249494e-01  9.20240804e-01  1.78157712e-01  9.39595441e-01
8.40376116e-01  6.97551784e-01  6.61052758e-01  9.49416328e-01  5.67244705e-01  6.60910612e-01
8.71903914e-01  1.94056281e-01  8.80891432e-01  9.27995297e-01  1.31246278e-01  9.00917491e-01
8.48918137e-01  5.45437033e-01  7.30806625e-01  9.42520788e-01  4.05825327e-01  7.43129888e-01
7.86693304e-01  5.96344699e-01  9.09359587e-01  9.14435539e-01  4.43472153e-01  9.14867774e-01
8.88561987e-01  7.26858213e-01  4.78403749e-01  9.75011239e-01  7.07517716e-01  4.63772406e-01
9.44138520e-01  2.84038727e-01  5.77177415e-01  9.68375565e-01  2.36054813e-01  6.17320608e-01
8.22028819e-01  7.23478151e-01  7.06523108e-01  9.43102514e-01  5.53254622e-01  7.04688547e-01
8.71928221e-01  2.81568594e-01  8.23988278e-01  9.34101521e-01  1.96918687e-01  8.46301054e-01
9.49674575e-01  5.13445867e-01  4.09443670e-01  9.88105451e-01  5.34933319e-01  4.20446972e-01
8.29211787e-01  7.51298925e-01  6.64068565e-01  9.47462616e-01  6.27628181e-01  6.59220957e-01
8.26147207e-01  8.43418549e-01  6.14964906e-01  9.54506179e-01  7.04893009e-01  5.96382864e-01
8.68898355e-01  7.74615111e-01  5.14168155e-01  9.65245379e-01  8.21661286e-01  4.99516162e-01
8.90784414e-01  7.21262069e-01  4.74490245e-01  9.73100889e-01  7.64920363e-01  4.62506589e-01
7.90155082e-01  7.97382038e-01  7.66777443e-01  9.32871378e-01  5.93774840e-01  7.60750565e-01
9.00699399e-01  2.01834856e-01  7.78053973e-01  9.41997508e-01  1.42367881e-01  8.08515013e-01
8.11253343e-01  7.61356214e-01  7.18521122e-01  9.38561701e-01  6.32686283e-01  7.15102622e-01
8.03593824e-01  7.13552998e-01  7.75569303e-01  9.34448022e-01  4.90592242e-01  7.74934863e-01
9.07128902e-01  5.91778624e-01  5.03055162e-01  9.75311110e-01  5.12429147e-01  5.07780947e-01
7.69569174e-01  6.25114532e-01  9.48536053e-01  9.08407444e-01  4.47148887e-01  9.52139233e-01
8.71953666e-01  2.65184082e-01  8.34540044e-01  9.33117863e-01  1.80286416e-01  8.56524417e-01
8.41598763e-01  5.15196054e-01  7.75296756e-01  9.38498619e-01  3.27665816e-01  7.87322478e-01
8.26902841e-01  7.28919649e-01  6.86439352e-01  9.46469220e-01  5.52636774e-01  6.83246714e-01
8.49506820e-01  2.40618631e-01  9.26720302e-01  9.21385053e-01  1.43651046e-01  9.40382901e-01
9.28590928e-01  5.95120683e-01  4.28009388e-01  9.82883141e-01  6.38990754e-01  4.29432687e-01
7.90816554e-01  5.00043323e-01  9.57887663e-01  9.12629973e-01  2.88919871e-01  9.62834876e-01
8.44876954e-01  3.58231900e-01  8.66076301e-01  9.26329563e-01  2.57143543e-01  8.81956051e-01
7.98687206e-01  5.37183807e-01  9.06743648e-01  9.16118345e-01  3.97977767e-01  9.14272753e-01
8.24554335e-01  4.45071952e-01  8.78707889e-01  9.24681726e-01  2.69662096e-01  8.89574739e-01
8.84789078e-01  5.66830308e-01  5.95110262e-01  9.64002684e-01  4.08354726e-01  6.04792811e-01
8.39693199e-01  3.32561061e-01  9.00349054e-01  9.23570744e-01  1.97482194e-01  9.13693264e-01
8.14214753e-01  4.38333033e-01  9.18196129e-01  9.17570746e-01  3.01288763e-01  9.27725120e-01
7.89553986e-01  6.10877875e-01  8.89910833e-01  9.17068923e-01  4.52554873e-01  8.95327321e-01
9.35623023e-01  4.05981699e-01  5.26924739e-01  9.76283639e-01  2.90738233e-01  5.53739891e-01
7.79794997e-01  5.58004622e-01  9.57384979e-01  9.11235426e-01  3.31755707e-01  9.61175045e-01
8.33192539e-01  5.87439552e-01  7.56938170e-01  9.40499237e-01  3.70689661e-01  7.64364633e-01
7.58490310e-01  8.35217661e-01  8.49742572e-01  9.21526112e-01  5.53032706e-01  8.43089837e-01
8.96637642e-01  5.09424630e-01  5.92145715e-01  9.62477294e-01  4.28582116e-01  6.09811193e-01
8.59261038e-01  5.66895417e-01  6.81752483e-01  9.48002036e-01  4.65444463e-01  6.93947135e-01
9.42021623e-01  5.06035406e-01  4.40240808e-01  9.86853403e-01  4.35480187e-01  4.51889901e-01
8.66313968e-01  3.07159532e-01  8.26438133e-01  9.33247283e-01  2.15474401e-01  8.47409628e-01
7.79562123e-01  6.59987199e-01  8.91957178e-01  9.16685833e-01  4.64409012e-01  8.94992699e-01
8.29067345e-01  8.94546089e-01  5.71557251e-01  9.58511321e-01  8.18039402e-01  5.43546904e-01
8.97804741e-01  2.84686405e-01  7.34092308e-01  9.48116820e-01  1.69288676e-01  7.62939195e-01
8.22168889e-01  5.03850342e-01  8.48942418e-01  9.28069925e-01  3.10500708e-01  8.58749942e-01
7.35443699e-01  7.69790943e-01  9.70489780e-01  9.04733438e-01  4.73998964e-01  9.69375883e-01
8.21334704e-01  5.06915218e-01  8.49487185e-01  9.26835845e-01  3.37993451e-01  8.59673708e-01
7.81964287e-01  5.10233485e-01  9.81036681e-01  9.08778280e-01  2.97962472e-01  9.84887559e-01
8.07729606e-01  3.74035051e-01  9.81971045e-01  9.10706952e-01  2.30936609e-01  9.88301844e-01
7.98859915e-01  5.79325050e-01  8.79093511e-01  9.21210968e-01  3.85386017e-01  8.85098914e-01
8.42840662e-01  3.55698068e-01  8.74636881e-01  9.25583580e-01  2.44301264e-01  8.89763108e-01
8.33397072e-01  8.26847122e-01  6.01105746e-01  9.58402465e-01  6.59043633e-01  5.82194941e-01
9.68996844e-01  3.06477944e-01  4.78201155e-01  9.83496320e-01  2.47429773e-01  5.17689387e-01
9.34081959e-01  4.86347032e-01  4.79982122e-01  9.77504012e-01  4.87395296e-01  4.99614258e-01
8.78544149e-01  2.42722656e-01  8.26743295e-01  9.35160633e-01  1.51715352e-01  8.50152911e-01
8.58658649e-01  5.90904844e-01  6.68210346e-01  9.50621465e-01  4.63054797e-01  6.77714003e-01
8.90437349e-01  2.60540918e-01  7.74786875e-01  9.42329909e-01  1.61153985e-01  8.01960509e-01
9.07167322e-01  6.77234203e-01  4.47444878e-01  9.79656715e-01  6.92529815e-01  4.37514976e-01
7.95726881e-01  4.79277155e-01  9.54396632e-01  9.10789405e-01  3.43866131e-01  9.61183647e-01
8.86854405e-01  4.95402563e-01  6.34469973e-01  9.57144206e-01  3.91123539e-01  6.52825997e-01
7.73892585e-01  6.63351304e-01  9.09027747e-01  9.16369932e-01  4.06359550e-01  9.10686004e-01
8.55281871e-01  4.38992512e-01  7.78307413e-01  9.39619750e-01  2.65880848e-01  7.94680717e-01
8.16760830e-01  4.90382041e-01  8.76052472e-01  9.23888338e-01  3.10900078e-01  8.85468838e-01
7.95490497e-01  5.36687295e-01  9.17922561e-01  9.15415182e-01  3.73237673e-01  9.24606617e-01
8.68130373e-01  2.82323383e-01  8.36395666e-01  9.33036279e-01  1.79486623e-01  8.57235848e-01
8.46810856e-01  7.70672045e-01  5.91729548e-01  9.57097854e-01  6.95602389e-01  5.81436444e-01
8.19945254e-01  4.92955089e-01  8.63270401e-01  9.26388179e-01  2.94339775e-01  8.72822375e-01
8.69805814e-01  4.39310288e-01  7.28780428e-01  9.46311554e-01  2.83141200e-01  7.47708653e-01
9.05122456e-01  4.88847113e-01  5.76991625e-01  9.65699051e-01  4.00284617e-01  5.96332060e-01
8.55523930e-01  3.63033657e-01  8.26802101e-01  9.31633424e-01  2.67693661e-01  8.45462990e-01
8.14760830e-01  7.09780866e-01  7.40097700e-01  9.41094799e-01  4.64585594e-01  7.38438578e-01
8.89972693e-01  2.64326858e-01  7.73906879e-01  9.42793250e-01  1.53748755e-01  8.00733058e-01
8.86249820e-01  4.31046948e-01  6.78305803e-01  9.53994422e-01  2.77735054e-01  6.99718818e-01
8.39765588e-01  4.71241232e-01  8.10060532e-01  9.34572386e-01  2.82868253e-01  8.23045216e-01
8.76182769e-01  4.11516582e-01  7.25170137e-01  9.45266183e-01  3.13037679e-01  7.47372665e-01
8.17253991e-01  4.53862024e-01  8.97791741e-01  9.20167503e-01  3.14222944e-01  9.08028876e-01
8.76684562e-01  7.71708678e-01  4.89616852e-01  9.74924538e-01  6.93498645e-01  4.67628931e-01
9.46899358e-01  2.79972364e-01  5.70442686e-01  9.69441560e-01  2.32788719e-01  6.11254481e-01
8.95208714e-01  4.31931241e-01  6.47309547e-01  9.57152521e-01  3.15795143e-01  6.70508155e-01
7.63471093e-01  6.46763767e-01  9.55189851e-01  9.09826608e-01  3.88385265e-01  9.56875186e-01
8.42360564e-01  6.23868483e-01  7.02153730e-01  9.47792554e-01  4.14869511e-01  7.07197823e-01
8.89397935e-01  4.52308279e-01  6.53811208e-01  9.54416122e-01  3.66977238e-01  6.76003470e-01
9.31511485e-01  5.32642801e-01  4.58654495e-01  9.82843778e-01  4.73879027e-01  4.68558556e-01
8.19964848e-01  7.37355055e-01  7.04523170e-01  9.45822588e-01  5.00097634e-01  6.99762864e-01
8.18455607e-01  4.00720072e-01  9.28217180e-01  9.18602809e-01  2.32153491e-01  9.37385246e-01
9.02810319e-01  4.91440112e-01  5.82862282e-01  9.67293589e-01  3.38525474e-01  6.00132379e-01
8.83128197e-01  4.66865591e-01  6.65650301e-01  9.53036977e-01  3.62460130e-01  6.85910044e-01
7.83489488e-01  5.89213360e-01  9.24574046e-01  9.15298111e-01  3.59706975e-01  9.28543086e-01
8.04489568e-01  5.98316477e-01  8.47347668e-01  9.26742602e-01  3.70306825e-01  8.52663464e-01
8.33186731e-01  5.38166731e-01  7.88947533e-01  9.33370156e-01  4.10759891e-01  8.00642417e-01
7.97587165e-01  6.91960402e-01  8.09985944e-01  9.28505955e-01  4.96401930e-01  8.11667955e-01
8.42277852e-01  5.42046076e-01  7.55557087e-01  9.38504036e-01  4.10473095e-01  7.67791176e-01
7.60325847e-01  6.35253003e-01  9.73343904e-01  9.03960723e-01  4.64720588e-01  9.76515378e-01
9.29250869e-01  2.43648921e-01  6.53952782e-01  9.58247607e-01  1.91121723e-01  6.92839930e-01
9.11145115e-01  3.55112655e-01  6.43068445e-01  9.60268663e-01  2.23843085e-01  6.72176915e-01
8.62906973e-01  6.05849965e-01  6.44081564e-01  9.54968883e-01  4.56560619e-01  6.51367466e-01
7.90104691e-01  6.13470829e-01  8.86357372e-01  9.18225500e-01  4.37659569e-01  8.91418245e-01
8.59875378e-01  4.17499993e-01  7.76662740e-01  9.39827395e-01  2.60558275e-01  7.94602465e-01
9.35923554e-01  4.57096653e-01  4.92718981e-01  9.78121948e-01  4.05947141e-01  5.14828152e-01
8.52535125e-01  5.74236873e-01  6.99825696e-01  9.45951663e-01  4.49711908e-01  7.10798238e-01
8.25651503e-01  8.48988585e-01  6.12734469e-01  9.55568257e-01  6.89536140e-01  5.92672322e-01
8.03598506e-01  6.28365848e-01  8.30863215e-01  9.28564251e-01  3.95880101e-01  8.34961682e-01
8.06378803e-01  6.04116799e-01  8.37165586e-01  9.27404655e-01  3.94288067e-01  8.42771981e-01
8.79484736e-01  6.59256957e-01  5.53114988e-01  9.65235448e-01  5.93113869e-01  5.53388744e-01
8.83837560e-01  7.65046573e-01  4.69652807e-01  9.70799637e-01  8.69809104e-01  4.52567175e-01
8.66725577e-01  6.82126752e-01  5.81592860e-01  9.61617705e-01  5.79049117e-01  5.79896803e-01
7.97108755e-01  6.78998741e-01  8.20026205e-01  9.27254571e-01  4.84613160e-01  8.22467566e-01
8.69899259e-01  4.81598998e-01  7.01006183e-01  9.46530567e-01  3.95986685e-01  7.19735565e-01
8.15927126e-01  8.76180617e-01  6.28101486e-01  9.53214064e-01  6.97409624e-01  6.05913507e-01
8.96471014e-01  2.75143033e-01  7.44816795e-01  9.45190521e-01  2.00784260e-01  7.74287301e-01
7.73083311e-01  6.81864667e-01  8.99755410e-01  9.17369792e-01  4.21153374e-01  9.00791526e-01
8.89557788e-01  4.66631181e-01  6.43969274e-01  9.54922750e-01  3.97316294e-01  6.65611891e-01
9.29887670e-01  4.73906325e-01  5.02301130e-01  9.76795689e-01  4.10245655e-01  5.22319946e-01
7.61714036e-01  6.69559807e-01  9.46652833e-01  9.10615608e-01  4.07490370e-01  9.47833833e-01
8.43179227e-01  5.20219106e-01  7.66668609e-01  9.39941545e-01  3.25836756e-01  7.78500987e-01
8.54282646e-01  2.22974065e-01  9.22255345e-01  9.21785440e-01  1.49029574e-01  9.37065383e-01
8.25137612e-01  7.36074407e-01  6.87788326e-01  9.45850590e-01  5.65535611e-01  6.84176430e-01
9.20119455e-01  6.16457168e-01  4.42922918e-01  9.83669611e-01  5.74377282e-01  4.39602360e-01
8.61063353e-01  7.27344890e-01  5.71462111e-01  9.58671697e-01  7.15619992e-01  5.66632171e-01
9.05327655e-01  6.10274606e-01  4.97163370e-01  9.75355498e-01  5.46357143e-01  4.99508387e-01
8.27954510e-01  6.27131865e-01  7.48953927e-01  9.38382374e-01  4.67366251e-01  7.55176074e-01
9.77861569e-01  3.74327783e-01  4.04051510e-01  9.94270602e-01  3.17205863e-01  4.32178044e-01
7.70313230e-01  5.76369633e-01  9.77659874e-01  9.04605915e-01  4.24487225e-01  9.81851291e-01
8.78108762e-01  4.48698770e-01  6.94489503e-01  9.49013340e-01  3.46925566e-01  7.15367114e-01
8.01837965e-01  4.75436230e-01  9.36137089e-01  9.14246813e-01  3.24246875e-01  9.43633351e-01
9.85210551e-01  2.95204682e-01  4.30465528e-01  9.89854008e-01  2.69482723e-01  4.71732505e-01
9.21740922e-01  5.76011452e-01  4.63675099e-01  9.79203322e-01  5.67896764e-01  4.69765367e-01
8.16422409e-01  5.73514290e-01  8.22927069e-01  9.28162887e-01  4.21792761e-01  8.31434235e-01
7.82152569e-01  7.72630728e-01  8.10023924e-01  9.28803362e-01  5.13190358e-01  8.05808165e-01
8.61505638e-01  2.31948044e-01  8.91600989e-01  9.25572773e-01  1.61154902e-01  9.09409162e-01
8.61921736e-01  6.11977837e-01  6.43448657e-01  9.54905222e-01  4.63351635e-01  6.50176765e-01
7.92086535e-01  6.03953834e-01  8.85806198e-01  9.18122533e-01  4.40390126e-01  8.91435580e-01
9.24373983e-01  4.71450140e-01  5.22618159e-01  9.75407946e-01  3.63608743e-01  5.42198161e-01
7.99477584e-01  6.20991563e-01  8.49645028e-01  9.24953719e-01  4.11889744e-01  8.54343404e-01
7.71605010e-01  5.77976118e-01  9.72230092e-01  9.06321500e-01  4.02008856e-01  9.76143102e-01
8.15378766e-01  6.43438365e-01  7.81071831e-01  9.33508314e-01  4.69566623e-01  7.85910722e-01
7.82407959e-01  5.47615020e-01  9.55256186e-01  9.09531115e-01  3.81733256e-01  9.60336211e-01
8.07827115e-01  7.07041879e-01  7.65421262e-01  9.36326066e-01  4.81772988e-01  7.64969195e-01
8.56866413e-01  8.01006908e-01  5.37889882e-01  9.62996278e-01  7.93596899e-01  5.20544561e-01
8.82311445e-01  7.36451410e-01  4.93400189e-01  9.75459054e-01  6.40978391e-01  4.76566934e-01
8.14984125e-01  7.96274541e-01  6.83181624e-01  9.43503788e-01  6.68146507e-01  6.75065141e-01
7.92434337e-01  6.13225357e-01  8.78604947e-01  9.18488307e-01  4.60857352e-01  8.84271200e-01
8.59672991e-01  5.19129156e-01  7.11365743e-01  9.44790122e-01  4.13810789e-01  7.26698744e-01
8.11973558e-01  3.45894416e-01  9.85830548e-01  9.10706462e-01  2.13944722e-01  9.92305777e-01
8.74965275e-01  5.95103489e-01  6.10112690e-01  9.61416034e-01  4.26664512e-01  6.17067389e-01
9.25350747e-01  5.31587289e-01  4.80258866e-01  9.78810594e-01  4.82874848e-01  4.92300884e-01
8.23785724e-01  6.68566078e-01  7.36209094e-01  9.40201737e-01  4.86650700e-01  7.38969837e-01
7.69242451e-01  5.76265276e-01  9.81365531e-01  9.07192150e-01  3.44422322e-01  9.84119139e-01
8.98518153e-01  6.26700733e-01  5.09621399e-01  9.73025004e-01  5.61895944e-01  5.10792818e-01
9.03878317e-01  2.18667706e-01  7.56330036e-01  9.44537939e-01  1.59935210e-01  7.88089427e-01
8.42169443e-01  2.29144122e-01  9.59089843e-01  9.17168341e-01  1.33833282e-01  9.69733004e-01
7.89526736e-01  5.52354578e-01  9.28003427e-01  9.14692992e-01  3.55738693e-01  9.33357573e-01
8.48691424e-01  4.70186090e-01  7.80434107e-01  9.37507402e-01  3.19696764e-01  7.95554521e-01
9.70721126e-01  4.36386942e-01  3.88007216e-01  9.91871115e-01  4.79102172e-01  4.09446818e-01
8.25152019e-01  5.93090604e-01  7.80573424e-01  9.36924493e-01  3.70718600e-01  7.87279281e-01
7.71367003e-01  7.66486110e-01  8.50639804e-01  9.21864124e-01  5.22456999e-01  8.48121448e-01
7.66266108e-01  6.60816156e-01  9.36572363e-01  9.09999575e-01  4.59057090e-01  9.39126336e-01
8.07253683e-01  4.13460619e-01  9.57986705e-01  9.12499009e-01  2.78565586e-01  9.65596388e-01
8.87946194e-01  6.70873495e-01  5.16841840e-01  9.74014413e-01  5.36366457e-01  5.10459444e-01
8.68606138e-01  5.38983129e-01  6.68140961e-01  9.50230189e-01  4.51226767e-01  6.83007695e-01
8.54941185e-01  4.87507961e-01  7.47963968e-01  9.39951640e-01  3.85337192e-01  7.64427201e-01
9.48934089e-01  3.51436433e-01  5.17137466e-01  9.75756814e-01  3.11505877e-01  5.52228339e-01
9.11057180e-01  3.85849515e-01  6.23411361e-01  9.61786091e-01  2.71775850e-01  6.51161816e-01
7.80444353e-01  6.05337491e-01  9.24445065e-01  9.13113521e-01  4.18178527e-01  9.28783967e-01
7.56902352e-01  6.99847634e-01  9.43028853e-01  9.08423398e-01  4.79851833e-01  9.44336971e-01
7.96711780e-01  4.83895764e-01  9.48052919e-01  9.11759008e-01  3.43755873e-01  9.54992292e-01
9.73910921e-01  3.41002669e-01  4.39101178e-01  9.88923207e-01  2.86385826e-01  4.73721044e-01
7.84717694e-01  5.06613944e-01  9.74035275e-01  9.08383022e-01  3.34209208e-01  9.78887684e-01
8.29571731e-01  7.28580317e-01  6.77597106e-01  9.48858019e-01  5.29185930e-01  6.73451097e-01
7.74139118e-01  7.92217949e-01  8.24519327e-01  9.26296009e-01  5.23513072e-01  8.19455080e-01
9.41656002e-01  2.82002212e-01  5.86929232e-01  9.66962821e-01  2.34131337e-01  6.26831922e-01
9.43821128e-01  2.41299385e-01  6.06002843e-01  9.65732333e-01  1.78042352e-01  6.47927433e-01
8.75389811e-01  7.06283510e-01  5.36488582e-01  9.64946071e-01  6.94445549e-01  5.31386770e-01
8.31790664e-01  4.12314377e-01  8.75402085e-01  9.24608142e-01  2.77213809e-01  8.88268539e-01
8.42872754e-01  8.06631262e-01  5.81756011e-01  9.57782915e-01  7.40296704e-01  5.66521069e-01
7.97977196e-01  6.31231200e-01  8.48092044e-01  9.25398774e-01  4.09264981e-01  8.52107649e-01
8.39783753e-01  6.85230322e-01  6.71064329e-01  9.49696371e-01  5.15358733e-01  6.71331112e-01
7.94586084e-01  6.33507065e-01  8.58129647e-01  9.22350738e-01  4.47438849e-01  8.62664096e-01
8.08304915e-01  7.17759124e-01  7.56840286e-01  9.37043944e-01  5.01576090e-01  7.55703598e-01
8.28603552e-01  9.86374888e-01  5.13513912e-01  9.65908763e-01  9.56159072e-01  4.63596731e-01
8.30533109e-01  4.93940486e-01  8.26674149e-01  9.29884811e-01  3.43962012e-01  8.38718097e-01
8.20986465e-01  7.03565686e-01  7.22991791e-01  9.43409114e-01  4.72626177e-01  7.21706046e-01
8.75404224e-01  5.75623376e-01  6.21268497e-01  9.56283707e-01  4.98841091e-01  6.32982310e-01
9.90776608e-01  3.12302112e-01  4.00465964e-01  9.94196144e-01  2.92365627e-01  4.38503790e-01
8.73311649e-01  3.20829161e-01  7.93799631e-01  9.37719628e-01  2.24227472e-01  8.16671601e-01
7.96784949e-01  7.48856760e-01  7.75769959e-01  9.34350465e-01  5.04159316e-01  7.72366096e-01
7.78426858e-01  6.18282991e-01  9.22892208e-01  9.15483676e-01  3.66500665e-01  9.25753623e-01
8.65963143e-01  2.12189676e-01  8.89292546e-01  9.26796815e-01  1.35045330e-01  9.07707873e-01
8.73693625e-01  8.21566260e-01  4.67403525e-01  9.70319334e-01  9.31463700e-01  4.41131014e-01
8.19303173e-01  4.08277993e-01  9.20430489e-01  9.17772326e-01  2.83085425e-01  9.30718535e-01
8.06716469e-01  7.34139562e-01  7.51599384e-01  9.38011625e-01  5.04267313e-01  7.48865154e-01
8.08514532e-01  8.37862895e-01  6.78150863e-01  9.48011570e-01  5.97640692e-01  6.62761359e-01
8.05905371e-01  6.48345480e-01  8.10057079e-01  9.31251555e-01  4.14886767e-01  8.13255367e-01
8.07860982e-01  4.06848849e-01  9.60217469e-01  9.12410766e-01  2.71716384e-01  9.67774878e-01
8.41522382e-01  2.27708409e-01  9.62219734e-01  9.16946079e-01  1.28160297e-01  9.72493920e-01
7.75762510e-01  7.57653876e-01  8.41446998e-01  9.22141233e-01  5.49804805e-01  8.39905634e-01
8.59948914e-01  8.99256866e-01  4.63636540e-01  9.72568750e-01  9.54179708e-01  4.21359887e-01
8.14449870e-01  6.54915356e-01  7.76773823e-01  9.31787557e-01  5.32649278e-01  7.82091816e-01
8.55198605e-01  4.62211057e-01  7.63514453e-01  9.39377374e-01  3.33694233e-01  7.80268497e-01
8.36994198e-01  5.81003430e-01  7.48206497e-01  9.40262563e-01  4.07803826e-01  7.57143872e-01
9.31405842e-01  3.64689806e-01  5.68051880e-01  9.68381886e-01  3.06636978e-01  6.00662157e-01
7.68535114e-01  6.79432580e-01  9.16779169e-01  9.12742432e-01  4.70559779e-01  9.18830274e-01
7.97074874e-01  7.20651907e-01  7.93098223e-01  9.33007726e-01  4.59516411e-01  7.91486781e-01
9.43267516e-01  2.74978183e-01  5.86017571e-01  9.68366512e-01  2.00174368e-01  6.25826385e-01
9.32492446e-01  4.38250959e-01  5.16604840e-01  9.76667525e-01  3.38229031e-01  5.40097242e-01
8.38839366e-01  5.79353710e-01  7.43010824e-01  9.38339463e-01  4.74699015e-01  7.53724776e-01
8.76444868e-01  2.15914637e-01  8.51277921e-01  9.31519834e-01  1.50779863e-01  8.73718455e-01
9.58010938e-01  4.28989494e-01  4.35967654e-01  9.86268662e-01  4.16096747e-01  4.60202787e-01
7.42030220e-01  7.53237305e-01  9.58869788e-01  9.06378348e-01  4.76738555e-01  9.58183292e-01
9.42948652e-01  4.14833547e-01  4.96302766e-01  9.77760183e-01  3.76651256e-01  5.24045146e-01
8.89472287e-01  3.08911170e-01  7.46658929e-01  9.44555548e-01  2.20050994e-01  7.73822522e-01
8.76253745e-01  5.84168901e-01  6.12836197e-01  9.59472362e-01  4.57985895e-01  6.22155787e-01
8.31856141e-01  6.95640601e-01  6.91224509e-01  9.42625850e-01  6.13742417e-01  6.93503520e-01
8.99721934e-01  2.61176761e-01  7.42845355e-01  9.46555104e-01  1.69736836e-01  7.72847484e-01
8.47037577e-01  8.62918330e-01  5.31070408e-01  9.64469472e-01  8.27335093e-01  5.03155331e-01
8.64973546e-01  8.69044523e-01  4.66189452e-01  9.71706686e-01  9.39833274e-01  4.30265000e-01
8.17427229e-01  5.28793293e-01  8.48551024e-01  9.25073570e-01  3.90861022e-01  8.58526091e-01
8.28008258e-01  3.64400788e-01  9.19357975e-01  9.20199350e-01  2.18698060e-01  9.30316001e-01
8.16435058e-01  4.75598485e-01  8.86459202e-01  9.20837121e-01  3.43685205e-01  8.96798300e-01
9.23419819e-01  4.01899979e-01  5.71011420e-01  9.66865337e-01  3.50153589e-01  6.00140599e-01
8.33148658e-01  3.32032498e-01  9.22917502e-01  9.19560369e-01  2.16924419e-01  9.34830882e-01
7.98660313e-01  7.85577464e-01  7.45559743e-01  9.37161533e-01  5.68548236e-01  7.39181402e-01
9.01568490e-01  5.04865431e-01  5.78362404e-01  9.65024941e-01  4.17306762e-01  5.96130509e-01
8.85429553e-01  2.67580419e-01  7.87221926e-01  9.40234385e-01  1.71083081e-01  8.13059412e-01
9.47266811e-01  5.13606476e-01  4.17515078e-01  9.87371649e-01  5.19635183e-01  4.28753757e-01
8.57469739e-01  7.22061081e-01  5.87095469e-01  9.58356001e-01  6.57311943e-01  5.82384409e-01
9.31993441e-01  3.40574383e-01  5.81713009e-01  9.66944028e-01  2.79853529e-01  6.16187535e-01
8.08966608e-01  4.10211644e-01  9.54278738e-01  9.12444445e-01  2.93278138e-01  9.62482177e-01
7.63373258e-01  6.07800047e-01  9.80820395e-01  9.03533987e-01  4.43158333e-01  9.84328608e-01
8.36344769e-01  8.14179339e-01  5.99022308e-01  9.54627997e-01  7.49477617e-01  5.84588597e-01
8.00879058e-01  4.04321535e-01  9.85570125e-01  9.08267187e-01  2.82797369e-01  9.91735514e-01
7.96066094e-01  7.28847135e-01  7.91202655e-01  9.32374029e-01  4.85396042e-01  7.89456844e-01
7.72953519e-01  5.98672521e-01  9.54211477e-01  9.07640044e-01  4.40788630e-01  9.58557513e-01
9.44447882e-01  2.67871346e-01  5.86623378e-01  9.68069073e-01  2.02112687e-01  6.27277190e-01
7.60862399e-01  6.22663914e-01  9.79695981e-01  9.03043908e-01  4.61719482e-01  9.83100850e-01
8.03636734e-01  7.88625212e-01  7.26682562e-01  9.41482739e-01  5.39089809e-01  7.18409540e-01
7.99796558e-01  4.90912766e-01  9.33020744e-01  9.14333029e-01  3.36116062e-01  9.40285900e-01
7.93904508e-01  4.76697213e-01  9.62260878e-01  9.09762505e-01  3.40026282e-01  9.68672469e-01
8.03694538e-01  8.16994265e-01  7.08067440e-01  9.43664135e-01  5.72590910e-01  6.96534821e-01
8.71275775e-01  5.44401748e-01  6.55558367e-01  9.54587099e-01  3.94689762e-01  6.68382451e-01
8.68937833e-01  4.44304689e-01  7.28484615e-01  9.44469999e-01  3.31517588e-01  7.48126830e-01
8.75024656e-01  6.94643842e-01  5.45285327e-01  9.64081123e-01  6.72639535e-01  5.42066712e-01
9.40274966e-01  2.94848852e-01  5.83278516e-01  9.68260662e-01  2.21489474e-01  6.21486637e-01
8.49595667e-01  5.23924045e-01  7.42474085e-01  9.43317638e-01  3.34550530e-01  7.54801699e-01
8.61205063e-01  6.71556886e-01  6.07200583e-01  9.56001465e-01  6.07433293e-01  6.09224979e-01
9.66633975e-01  4.34899097e-01  4.02851318e-01  9.92584815e-01  4.02220310e-01  4.22971505e-01
8.74437460e-01  5.98806683e-01  6.09500198e-01  9.59106271e-01  4.86925648e-01  6.17689543e-01
8.29314230e-01  5.06640131e-01  8.22865976e-01  9.31573152e-01  3.21353338e-01  8.33731621e-01
7.75721104e-01  8.69261138e-01  7.69125130e-01  9.32857938e-01  6.10832829e-01  7.56820509e-01
8.30337100e-01  7.91173869e-01  6.34358548e-01  9.50030487e-01  7.04189808e-01  6.24730108e-01
8.30288678e-01  2.57823779e-01  9.80816685e-01  9.13795771e-01  1.44877423e-01  9.88758394e-01
7.99830071e-01  5.22068609e-01  9.12676909e-01  9.15902087e-01  3.78282074e-01  9.20296792e-01
8.03587117e-01  6.69144857e-01  8.04424340e-01  9.29857700e-01  4.77659224e-01  8.07413354e-01
9.58711403e-01  2.73881968e-01  5.34287799e-01  9.74477356e-01  2.39718470e-01  5.77333738e-01
8.03877664e-01  7.20092783e-01  7.70358293e-01  9.32300307e-01  5.66621892e-01  7.70805334e-01
8.33947115e-01  4.58858142e-01  8.37858591e-01  9.28800547e-01  3.20841076e-01  8.51114294e-01
8.32835440e-01  3.21546802e-01  9.30789754e-01  9.18698376e-01  2.08650510e-01  9.42306261e-01
8.97397900e-01  6.60990557e-01  4.91163428e-01  9.73995196e-01  6.35055297e-01  4.87347547e-01
8.06015083e-01  4.96028833e-01  9.08580028e-01  9.16876440e-01  3.64541508e-01  9.17284273e-01
8.36835628e-01  3.55294358e-01  8.95291925e-01  9.22203610e-01  2.54330314e-01  9.09074710e-01
8.19804706e-01  5.51130637e-01  8.25974100e-01  9.27735962e-01  4.15018289e-01  8.35766758e-01
8.59566010e-01  4.93531805e-01  7.28348870e-01  9.44985181e-01  3.36051853e-01  7.43755884e-01
8.25762633e-01  6.03600328e-01  7.71675087e-01  9.35112332e-01  4.53206382e-01  7.79477615e-01
8.43548762e-01  2.85205335e-01  9.18003661e-01  9.21819117e-01  1.70398290e-01  9.31301938e-01
8.77191235e-01  7.28051578e-01  5.16239406e-01  9.68966423e-01  6.94793820e-01  5.05526707e-01
9.52803752e-01  3.73278012e-01  4.89817735e-01  9.78920869e-01  3.50234895e-01  5.22822387e-01
7.48551444e-01  7.32217423e-01  9.50371799e-01  9.08206936e-01  4.61253732e-01  9.50103902e-01
8.28790514e-01  4.98182927e-01  8.29837852e-01  9.30519029e-01  3.17293981e-01  8.40930329e-01
8.72953768e-01  7.85656842e-01  4.93229234e-01  9.70194218e-01  7.99445981e-01  4.73015143e-01
9.57737719e-01  4.80963938e-01  4.03152963e-01  9.93289216e-01  4.16460815e-01  4.15102235e-01
8.19741726e-01  6.68093348e-01  7.50247913e-01  9.36089133e-01  5.33459626e-01  7.54319101e-01
7.97819033e-01  4.27860878e-01  9.80677772e-01  9.08952247e-01  2.85993708e-01  9.86590133e-01
9.38975509e-01  4.71840945e-01  4.72783437e-01  9.79248124e-01  4.65250539e-01  4.93644936e-01
9.03857566e-01  3.64897778e-01  6.61461265e-01  9.55677063e-01  2.73048025e-01  6.90033272e-01
9.54026035e-01  2.92265683e-01  5.38262389e-01  9.74546118e-01  2.32472563e-01  5.78598809e-01
9.17925455e-01  5.21583880e-01  5.12264282e-01  9.76112015e-01  4.17246136e-01  5.25571595e-01
8.36534719e-01  2.60945454e-01  9.57576609e-01  9.16532525e-01  1.59090908e-01  9.67863058e-01
8.51395368e-01  5.47375758e-01  7.21135803e-01  9.43941094e-01  4.08088282e-01  7.33490048e-01
8.49167382e-01  9.35989418e-01  4.76398544e-01  9.69992563e-01  9.86529978e-01  4.30261563e-01
8.16072543e-01  7.97185357e-01  6.78894761e-01  9.45858509e-01  6.28313103e-01  6.69345170e-01
8.71860129e-01  7.55373044e-01  5.16604163e-01  9.70400165e-01  6.76773737e-01  5.00576330e-01
8.88282293e-01  6.20159396e-01  5.48625139e-01  9.67120832e-01  5.43631914e-01  5.52949837e-01
8.66873359e-01  4.08036800e-01  7.59043007e-01  9.42708534e-01  2.50866138e-01  7.78410382e-01
8.57610484e-01  7.93765721e-01  5.40065105e-01  9.67395238e-01  6.75204751e-01  5.20212972e-01
8.59418062e-01  5.03606870e-01  7.22310476e-01  9.46920921e-01  3.14379894e-01  7.36446398e-01
8.52894960e-01  7.68485062e-01  5.72489875e-01  9.59912585e-01  7.05140157e-01  5.61143055e-01
7.82130912e-01  6.61312953e-01  8.82374170e-01  9.20767913e-01  3.99339143e-01  8.84138373e-01
7.84611894e-01  7.32109511e-01  8.27980338e-01  9.23937517e-01  5.51227557e-01  8.28052696e-01
8.45848269e-01  4.87716816e-01  7.78706686e-01  9.36818396e-01  3.48456981e-01  7.93201006e-01
8.86940928e-01  7.87611743e-01  4.44465790e-01  9.80744697e-01  7.61118746e-01  4.14390610e-01
8.52607786e-01  4.10428221e-01  8.05933281e-01  9.34409404e-01  2.86214284e-01  8.23302478e-01
8.72132992e-01  5.03292841e-01  6.79634507e-01  9.51037298e-01  3.75602053e-01  6.96153996e-01
9.69899323e-01  2.84996601e-01  4.89380259e-01  9.81165617e-01  2.51801027e-01  5.32120658e-01
8.74595921e-01  7.98664424e-01  4.79208118e-01  9.69460845e-01  8.84873753e-01  4.57604535e-01
9.10158401e-01  6.67446528e-01  4.43643025e-01  9.82962317e-01  6.23972273e-01  4.32460916e-01
9.71892034e-01  3.70863318e-01  4.26570455e-01  9.91076108e-01  3.02320129e-01  4.56165371e-01
8.95771549e-01  4.90267877e-01  6.07524028e-01  9.61479608e-01  3.85199764e-01  6.26422277e-01
8.64394804e-01  6.36444146e-01  6.19464210e-01  9.59011202e-01  4.70658290e-01  6.22645307e-01
9.05358792e-01  3.96426557e-01  6.35894090e-01  9.59399149e-01  2.88441869e-01  6.62542942e-01
8.29679615e-01  3.03794042e-01  9.53035002e-01  9.16760894e-01  1.74822814e-01  9.62694587e-01
7.65043644e-01  8.37469155e-01  8.26026197e-01  9.25166767e-01  5.59108500e-01  8.18315054e-01
8.01087840e-01  8.63961249e-01  6.86425317e-01  9.44837816e-01  6.53423579e-01  6.69977756e-01
7.59234924e-01  7.20666296e-01  9.21590463e-01  9.12572341e-01  4.63470820e-01  9.21590013e-01
8.03885123e-01  5.23537968e-01  8.97952124e-01  9.18699217e-01  3.63606023e-01  9.05816549e-01
7.86748178e-01  6.15349149e-01  8.96536429e-01  9.16596444e-01  4.39819718e-01  9.01355416e-01
7.90185852e-01  6.78265868e-01  8.44011738e-01  9.24074060e-01  4.70254615e-01  8.46242009e-01
7.55525081e-01  6.27363564e-01  9.94770755e-01  9.01063434e-01  4.53788443e-01  9.97667563e-01
8.88879444e-01  3.84488408e-01  6.99604263e-01  9.51848745e-01  2.34863902e-01  7.23570645e-01
9.04071388e-01  5.72229302e-01  5.26129089e-01  9.71795736e-01  4.93233970e-01  5.34840447e-01
8.78386770e-01  6.98376199e-01  5.31445590e-01  9.64775255e-01  7.14167653e-01  5.27838681e-01
8.76719604e-01  8.10932562e-01  4.64032682e-01  9.77187052e-01  7.77422935e-01  4.33363094e-01
8.45067987e-01  8.38016627e-01  5.53925384e-01  9.61602333e-01  7.83212694e-01  5.31927222e-01
8.24682727e-01  7.45752115e-01  6.83049830e-01  9.46617969e-01  5.69876012e-01  6.78234091e-01
7.59761554e-01  7.38016987e-01  9.08536690e-01  9.14925225e-01  4.59336715e-01  9.07476261e-01
9.04382635e-01  3.02022306e-01  7.00499870e-01  9.51895245e-01  2.01853927e-01  7.31044495e-01
8.69020200e-01  4.22289242e-01  7.42498757e-01  9.43537977e-01  2.95607372e-01  7.62557859e-01
8.59409849e-01  3.06788285e-01  8.50125079e-01  9.30031928e-01  2.11037238e-01  8.69071615e-01
8.68103365e-01  4.10633826e-01  7.53179278e-01  9.41669869e-01  2.99026208e-01  7.73731318e-01
8.52922725e-01  2.90695080e-01  8.82604933e-01  9.27006810e-01  1.67386028e-01  8.98746744e-01
9.05444503e-01  5.02751461e-01  5.66573675e-01  9.68518254e-01  3.76981115e-01  5.83225904e-01
8.93972360e-01  2.47379620e-01  7.71625395e-01  9.43228123e-01  1.48526821e-01  7.99690312e-01
9.42227393e-01  3.91128156e-01  5.14142190e-01  9.77843503e-01  2.93758621e-01  5.43027065e-01
7.57041379e-01  6.18514347e-01  9.95665918e-01  9.03661505e-01  3.85465101e-01  9.97611159e-01
8.56547259e-01  3.04878812e-01  8.61086100e-01  9.28533021e-01  2.08954423e-01  8.79173215e-01
8.18058918e-01  5.14737752e-01  8.55531730e-01  9.24025758e-01  3.87618553e-01  8.66008235e-01
8.39200555e-01  3.21056251e-01  9.09491507e-01  9.20960101e-01  2.28446199e-01  9.23142732e-01
9.56197121e-01  3.61471412e-01  4.85960469e-01  9.80282140e-01  3.25688821e-01  5.19873159e-01
9.01504707e-01  3.85991272e-01  6.55755946e-01  9.55393001e-01  3.09172412e-01  6.83349452e-01
8.65037061e-01  8.73565880e-01  4.63038326e-01  9.70828067e-01  9.77478554e-01  4.27035486e-01
9.02514289e-01  5.14836335e-01  5.68677284e-01  9.65460548e-01  4.48927970e-01  5.85892527e-01
8.51330554e-01  6.45027385e-01  6.57955216e-01  9.48801909e-01  5.70784320e-01  6.64016893e-01
8.55048994e-01  6.28155869e-01  6.56282213e-01  9.49528703e-01  5.52041413e-01  6.63769580e-01
8.98123976e-01  4.60356585e-01  6.18955764e-01  9.61784452e-01  3.20945121e-01  6.39595821e-01
8.11294741e-01  5.85149300e-01  8.32786157e-01  9.27331004e-01  4.08039761e-01  8.40006449e-01
7.95491072e-01  9.11700339e-01  6.74436267e-01  9.46858478e-01  6.76782602e-01  6.51521636e-01
8.11469786e-01  4.86230042e-01  8.96418774e-01  9.20323231e-01  3.21402951e-01  9.05339783e-01
8.51688532e-01  6.49192829e-01  6.54036447e-01  9.53968665e-01  4.61759378e-01  6.56556817e-01
9.88039641e-01  3.15643528e-01  4.07590045e-01  9.91947326e-01  3.19998664e-01  4.46417057e-01
8.25533056e-01  3.67550998e-01  9.25718277e-01  9.18813800e-01  2.30980803e-01  9.36308448e-01
8.31408905e-01  5.21322556e-01  8.05921729e-01  9.32636975e-01  3.60264210e-01  8.17232642e-01
8.48749177e-01  3.27803341e-01  8.72683537e-01  9.26521464e-01  2.22339072e-01  8.88920223e-01
8.05421472e-01  4.47181323e-01  9.42313511e-01  9.13961497e-01  3.04258657e-01  9.50169107e-01
7.48321064e-01  7.46060289e-01  9.42165801e-01  9.08845057e-01  4.80118267e-01  9.41570457e-01
8.18288752e-01  3.75322507e-01  9.45275052e-01  9.17001178e-01  2.06273088e-01  9.53748815e-01
8.01578434e-01  7.45590704e-01  7.61611252e-01  9.33077822e-01  5.90789516e-01  7.60129731e-01
7.88680108e-01  6.45715391e-01  8.70259237e-01  9.20050711e-01  4.61051855e-01  8.74207029e-01
8.57755518e-01  5.29354521e-01  7.11238865e-01  9.46671172e-01  3.71623307e-01  7.24570182e-01
7.87558021e-01  8.74189688e-01  7.25729089e-01  9.39417471e-01  6.29124663e-01  7.10453946e-01
8.76349392e-01  4.60366376e-01  6.92889433e-01  9.51261735e-01  3.01807300e-01  7.11573167e-01
8.10626019e-01  6.63307538e-01  7.84311378e-01  9.33408693e-01  4.65776129e-01  7.87441950e-01
8.42609854e-01  7.14016069e-01  6.42777671e-01  9.48943484e-01  6.58815932e-01  6.42382811e-01
8.34076172e-01  3.56944076e-01  9.03592532e-01  9.22240023e-01  2.23455998e-01  9.16110557e-01
8.22483988e-01  5.28201069e-01  8.31763462e-01  9.28136417e-01  3.77253568e-01  8.42090586e-01
8.28720332e-01  8.04814684e-01  6.30993276e-01  9.54022481e-01  6.28072852e-01  6.17054683e-01
7.89935084e-01  7.76872118e-01  7.80841623e-01  9.32937476e-01  5.28536338e-01  7.75686801e-01
7.70527897e-01  7.13008412e-01  8.88211612e-01  9.17330042e-01  4.74178816e-01  8.88561620e-01
8.80660071e-01  4.04191311e-01  7.14722437e-01  9.47491324e-01  2.93899796e-01  7.37610892e-01
7.92465579e-01  4.86769123e-01  9.60608735e-01  9.11967606e-01  2.91532247e-01  9.65950829e-01
8.82008557e-01  7.68024296e-01  4.73930491e-01  9.74758785e-01  7.60973783e-01  4.52805548e-01
8.71498842e-01  5.93279903e-01  6.23364284e-01  9.55995413e-01  5.08088896e-01  6.33169720e-01
8.78501395e-01  3.67363634e-01  7.45963064e-01  9.43233819e-01  2.73197775e-01  7.69784367e-01
8.24055051e-01  8.51119820e-01  6.16771902e-01  9.55123030e-01  6.84708829e-01  5.96663626e-01
8.02550287e-01  5.54420777e-01  8.82432641e-01  9.19070257e-01  4.19160951e-01  8.90357022e-01
8.94406529e-01  6.99072203e-01  4.76597195e-01  9.72917811e-01  7.45366203e-01  4.68284246e-01
8.38500864e-01  4.97303151e-01  7.97433343e-01  9.34093743e-01  3.49101227e-01  8.10520005e-01
9.36973661e-01  5.13490217e-01  4.52541664e-01  9.85113843e-01  4.32266733e-01  4.63800299e-01
9.20883891e-01  6.01306074e-01  4.50461024e-01  9.80656977e-01  6.05834396e-01  4.52028973e-01
9.46960883e-01  3.73337138e-01  5.09619275e-01  9.76699639e-01  3.28704019e-01  5.42133907e-01
7.87962588e-01  7.58718469e-01  7.99325629e-01  9.28402794e-01  5.61485680e-01  7.97005714e-01
8.76971337e-01  5.82757533e-01  6.11315764e-01  9.59536615e-01  4.61640878e-01  6.20883269e-01
8.49587996e-01  3.86915770e-01  8.31454771e-01  9.32529616e-01  2.33902339e-01  8.47672563e-01
8.67518851e-01  5.03974607e-01  6.94562267e-01  9.47494777e-01  4.04749971e-01  7.11489781e-01
8.81898692e-01  6.11326582e-01  5.76035883e-01  9.62497799e-01  5.41973098e-01  5.82982896e-01
8.27816284e-01  7.67150525e-01  6.58515816e-01  9.48289342e-01  6.37175455e-01  6.51672188e-01
8.24906945e-01  7.94772223e-01  6.50461983e-01  9.49343401e-01  6.57365342e-01  6.40160065e-01
8.12351370e-01  5.93634309e-01  8.23689436e-01  9.29798216e-01  3.83358044e-01  8.29997655e-01
8.85070440e-01  3.84767391e-01  7.12357189e-01  9.49073898e-01  2.56784005e-01  7.36202074e-01
8.55356151e-01  9.06561472e-01  4.74489464e-01  9.72223877e-01  9.20166282e-01  4.31579173e-01
8.55038210e-01  3.42160908e-01  8.42004643e-01  9.31771862e-01  2.04271488e-01  8.59507896e-01
9.19408335e-01  5.13492681e-01  5.12184205e-01  9.74383984e-01  4.52220426e-01  5.27901052e-01
8.16488207e-01  8.85156486e-01  6.20368517e-01  9.53440314e-01  7.29142545e-01  5.96991599e-01
8.78431414e-01  2.38038453e-01  8.30464969e-01  9.34539394e-01  1.55216935e-01  8.53828146e-01
7.69336858e-01  7.41814801e-01  8.73553159e-01  9.19817380e-01  4.76296809e-01  8.72113754e-01
9.81179783e-01  3.19195625e-01  4.28577026e-01  9.91687773e-01  2.47901612e-01  4.65055636e-01
7.64688193e-01  6.05713342e-01  9.77711106e-01  9.07247108e-01  3.60605981e-01  9.79956251e-01
9.12107626e-01  3.94031431e-01  6.14532273e-01  9.62283894e-01  2.96018025e-01  6.42262303e-01
8.67819158e-01  2.94787345e-01  8.29359542e-01  9.32872785e-01  2.11556124e-01  8.50733505e-01
7.80023966e-01  5.86153671e-01  9.38328479e-01  9.10548851e-01  4.26444775e-01  9.43282876e-01
7.66991489e-01  5.95826016e-01  9.76605369e-01  9.05188272e-01  4.18262395e-01  9.80098927e-01
8.83141083e-01  4.55372000e-01  6.73069417e-01  9.54632843e-01  2.90964777e-01  6.92510416e-01
9.63703225e-01  2.66237859e-01  5.22300521e-01  9.77181310e-01  2.14562986e-01  5.65918793e-01
8.27800869e-01  7.12242443e-01  6.94216641e-01  9.42519995e-01  6.11540185e-01  6.94700756e-01
8.87288233e-01  7.02266055e-01  4.98694704e-01  9.72446397e-01  6.67715119e-01  4.89588889e-01
8.51862372e-01  6.76247708e-01  6.35880218e-01  9.53198839e-01  5.64511302e-01  6.37300853e-01
7.79354985e-01  5.40533557e-01  9.70222502e-01  9.07329808e-01  3.79528986e-01  9.74970519e-01
9.38719927e-01  4.75780260e-01  4.71093916e-01  9.80661600e-01  4.40688484e-01  4.90364736e-01
8.82255547e-01  3.85481580e-01  7.21451536e-01  9.45839577e-01  3.03780226e-01  7.45875663e-01
7.65880856e-01  7.71243328e-01  8.66182302e-01  9.20745140e-01  4.89558360e-01  8.63042415e-01
8.70191901e-01  3.15559004e-01  8.07815380e-01  9.35274337e-01  2.33613716e-01  8.30141087e-01
8.51189853e-01  7.63914025e-01  5.81247481e-01  9.58617870e-01  6.97910894e-01  5.71146710e-01
8.52497373e-01  4.68738360e-01  7.68449753e-01  9.39374965e-01  3.17391116e-01  7.84122435e-01
8.49738971e-01  6.14894509e-01  6.82923999e-01  9.48144147e-01  4.77058469e-01  6.90301469e-01
7.90076915e-01  5.80348257e-01  9.07958305e-01  9.16361072e-01  3.95121643e-01  9.13388803e-01
9.57184968e-01  3.57339727e-01  4.85288565e-01  9.80666735e-01  3.16725280e-01  5.19517535e-01
8.52205851e-01  4.45525124e-01  7.84510617e-01  9.36020952e-01  3.34497381e-01  8.01601017e-01
8.42380321e-01  7.64838845e-01  6.10561206e-01  9.53833956e-01  6.94799600e-01  6.02553334e-01
7.76634693e-01  7.28628435e-01  8.57332047e-01  9.23017991e-01  4.57159553e-01  8.56096838e-01
9.36727521e-01  3.82607361e-01  5.38349220e-01  9.73351960e-01  3.06090134e-01  5.68923133e-01
8.11974414e-01  7.56622515e-01  7.19145960e-01  9.38777285e-01  6.22980005e-01  7.16005579e-01
9.28476833e-01  5.22402925e-01  4.75606841e-01  9.81037487e-01  4.42753311e-01  4.87468445e-01
8.36331975e-01  4.39576374e-01  8.42577503e-01  9.30361677e-01  2.61794176e-01  8.55522790e-01
7.98382559e-01  6.44778484e-01  8.37919000e-01  9.25586443e-01  4.47407283e-01  8.41923788e-01
8.45300792e-01  8.40029618e-01  5.51828037e-01  9.62412791e-01  7.73924057e-01  5.28917550e-01
8.19233639e-01  7.40859362e-01  7.04729512e-01  9.41064519e-01  6.17626067e-01  7.02600378e-01
8.44346055e-01  2.83194417e-01  9.16601255e-01  9.21094830e-01  1.93464929e-01  9.30515172e-01
9.77860036e-01  3.50353106e-01  4.19621372e-01  9.91694816e-01  3.01641257e-01  4.52358130e-01
8.53536157e-01  2.83205660e-01  8.85384622e-01  9.26859447e-01  1.59775999e-01  9.01483433e-01
8.24094615e-01  8.38624013e-01  6.24749827e-01  9.51742900e-01  7.26681185e-01  6.08454818e-01
8.78010885e-01  6.21153851e-01  5.82858020e-01  9.65056493e-01  4.58545595e-01  5.86218899e-01
8.39846223e-01  5.45614165e-01  7.61498642e-01  9.39676587e-01  3.60026613e-01  7.72150074e-01
7.89549076e-01  4.59379567e-01  9.88298251e-01  9.08107376e-01  2.82204169e-01  9.92899917e-01
8.91944780e-01  7.03781614e-01  4.81899422e-01  9.78602191e-01  5.92567250e-01  4.67811357e-01
7.98822546e-01  5.43949314e-01  9.01891920e-01  9.18279295e-01  3.63103462e-01  9.08627486e-01
7.84127843e-01  9.17367521e-01  7.09343934e-01  9.41615534e-01  6.61916381e-01  6.88639394e-01
8.00293549e-01  4.21804268e-01  9.76206670e-01  9.09793464e-01  2.80602930e-01  9.82465307e-01
8.36485562e-01  9.10128963e-01  5.36250572e-01  9.62784552e-01  8.76811841e-01  5.02310117e-01
