8.88953643e-01  7.43732873e-01  4.66118146e-01  9.72646279e-01  8.26182172e-01  4.50998164e-01
8.98524308e-01  5.27278413e-01  5.74445469e-01  9.63676451e-01  4.78218067e-01  5.90952165e-01
8.73118811e-01  5.92064650e-01  6.18354591e-01  9.55650502e-01  5.33256280e-01  6.28939641e-01
8.69475789e-01  2.75222380e-01  8.36436861e-01  9.32212267e-01  1.98471697e-01  8.58049533e-01
9.74725115e-01  2.28472562e-01  5.09392815e-01  9.79021696e-01  1.98459713e-01  5.57909746e-01
8.11893713e-01  5.80232689e-01  8.34242513e-01  9.28501457e-01  3.74049569e-01  8.41020479e-01
9.84908651e-01  2.63522332e-01  4.52059259e-01  9.86981811e-01  2.37860013e-01  4.97593890e-01
8.85064798e-01  2.74782931e-01  7.83784375e-01  9.40896841e-01  1.68675655e-01  8.09378509e-01
9.65816511e-01  3.95759135e-01  4.31037373e-01  9.89935722e-01  3.27654141e-01  4.57512795e-01
9.69752629e-01  3.28774951e-01  4.61159319e-01  9.86303623e-01  2.57316670e-01  4.97361500e-01
7.54551909e-01  6.65548684e-01  9.73282193e-01  9.05489734e-01  4.29931906e-01  9.74902026e-01
9.08317614e-01  5.11371118e-01  5.51518724e-01  9.68159666e-01  4.50025201e-01  5.68843852e-01
8.77448328e-01  4.43170386e-01  7.00619840e-01  9.50702491e-01  2.82540558e-01  7.20211476e-01
8.84530968e-01  6.69431481e-01  5.29671647e-01  9.66368176e-01  6.67873336e-01  5.29040708e-01
9.04488809e-01  5.57871754e-01  5.34330232e-01  9.68390268e-01  5.36455031e-01  5.47016260e-01
7.87761450e-01  5.65896569e-01  9.25204546e-01  9.12675567e-01  4.19685974e-01  9.31237304e-01
7.56340999e-01  6.87478078e-01  9.52967361e-01  9.08212397e-01  4.44005253e-01  9.54130068e-01
8.28207060e-01  9.78779092e-01  5.19791720e-01  9.65487254e-01  9.32731117e-01  4.71815214e-01
8.70423076e-01  7.88532946e-01  4.99954938e-01  9.66246437e-01  8.66386697e-01  4.82567443e-01
9.33893516e-01  2.81594811e-01  6.13552331e-01  9.63644643e-01  2.18579191e-01  6.51769568e-01
8.85026758e-01  4.45781742e-01  6.73189492e-01  9.52565385e-01  3.39649923e-01  6.94820591e-01
9.51623034e-01  2.68262529e-01  5.62005374e-01  9.71387491e-01  2.10854714e-01  6.03941437e-01
8.33868521e-01  6.47680867e-01  7.15826764e-01  9.41382512e-01  5.31058298e-01  7.21459411e-01
9.30335918e-01  3.75251959e-01  5.64828053e-01  9.70577177e-01  2.70490603e-01  5.95096397e-01
7.75983689e-01  7.87818089e-01  8.21111861e-01  9.26471285e-01  5.31517423e-01  8.16446601e-01
8.43951763e-01  3.86055919e-01  8.51153325e-01  9.29799510e-01  2.30155259e-01  8.66060592e-01
8.72985486e-01  2.55749988e-01  8.37161796e-01  9.33733344e-01  1.53438689e-01  8.58899104e-01
8.37592087e-01  8.18247676e-01  5.92145569e-01  9.55874609e-01  7.50037339e-01  5.76463635e-01
7.69776271e-01  6.34608373e-01  9.41965728e-01  9.08822658e-01  4.65814465e-01  9.45598178e-01
9.42277664e-01  5.06336767e-01  4.39473357e-01  9.87184887e-01  4.32883407e-01  4.50892040e-01
8.31431715e-01  9.07384180e-01  5.55491276e-01  9.60434672e-01  8.50507773e-01  5.24086457e-01
8.25019813e-01  7.84740474e-01  6.56890099e-01  9.51397539e-01  5.78454929e-01  6.46083976e-01
9.90241715e-01  2.68833715e-01  4.30502442e-01  9.90092613e-01  2.47874626e-01  4.75289969e-01
8.05647826e-01  3.81385797e-01  9.84565386e-01  9.09558543e-01  2.53544651e-01  9.90858846e-01
8.55423552e-01  5.64215790e-01  6.96820757e-01  9.45461146e-01  4.71442386e-01  7.09343357e-01
8.75758225e-01  4.77329631e-01  6.83882591e-01  9.49073712e-01  3.95761263e-01  7.03481973e-01
8.13044839e-01  3.35222972e-01  9.89122075e-01  9.11328186e-01  1.85021336e-01  9.95129202e-01
8.06254770e-01  5.48378738e-01  8.74073603e-01  9.21940016e-01  3.79576058e-01  8.81792101e-01
8.40537473e-01  4.74669129e-01  8.05510031e-01  9.32371658e-01  3.57856404e-01  8.20017010e-01
8.74326391e-01  7.89787964e-01  4.86183717e-01  9.68694243e-01  8.69200086e-01  4.66726244e-01
7.78018296e-01  5.69929439e-01  9.55675663e-01  9.10863467e-01  3.49387241e-01  9.59408761e-01
7.68128434e-01  7.87721025e-01  8.47850762e-01  9.22695961e-01  5.18469528e-01  8.43726446e-01
8.25911765e-01  7.02701895e-01  7.06825683e-01  9.40550666e-01  6.06319076e-01  7.08557366e-01
9.22013032e-01  6.39078480e-01  4.22104286e-01  9.81350374e-01  7.32559750e-01  4.17747155e-01
7.48206531e-01  6.95669595e-01  9.75571429e-01  9.04867260e-01  4.42717293e-01  9.76399353e-01
8.54032380e-01  2.10940896e-01  9.30621005e-01  9.20767646e-01  1.41319040e-01  9.44890924e-01
8.94569384e-01  2.66963398e-01  7.56585021e-01  9.43763888e-01  1.91962542e-01  7.85511996e-01
8.78852579e-01  6.82612960e-01  5.40097940e-01  9.64983970e-01  6.64855207e-01  5.38110485e-01
8.08966608e-01  4.10211644e-01  9.54278738e-01  9.12444445e-01  2.93278138e-01  9.62482177e-01
8.90784414e-01  7.21262069e-01  4.74490245e-01  9.73100889e-01  7.64920363e-01  4.62506589e-01
8.62299317e-01  6.86098341e-01  5.94043933e-01  9.56968032e-01  6.43739733e-01  5.94479412e-01
8.76093944e-01  2.21727400e-01  8.48695827e-01  9.32501482e-01  1.36371316e-01  8.70816454e-01
8.67410189e-01  2.51289794e-01  8.58991315e-01  9.31152020e-01  1.39798425e-01  8.78662484e-01
8.21239507e-01  6.32914837e-01  7.68299602e-01  9.34984237e-01  4.80996179e-01  7.74272199e-01
8.42872754e-01  8.06631262e-01  5.81756011e-01  9.57782915e-01  7.40296704e-01  5.66521069e-01
7.40832532e-01  7.21391737e-01  9.83614980e-01  9.03519752e-01  4.45857395e-01  9.83784345e-01
9.25618371e-01  5.45855387e-01  4.70384642e-01  9.80804359e-01  4.85724698e-01  4.79362329e-01
8.52563365e-01  4.49477939e-01  7.81028776e-01  9.39028430e-01  2.75685057e-01  7.96680151e-01
9.31726676e-01  5.13106194e-01  4.70904822e-01  9.80294694e-01  4.75125567e-01  4.85125684e-01
9.53639541e-01  4.49838403e-01  4.37275710e-01  9.88750557e-01  3.65813500e-01  4.56127760e-01
8.16702402e-01  6.27310485e-01  7.87049346e-01  9.35502728e-01  3.91777731e-01  7.91437448e-01
8.40387136e-01  4.06666295e-01  8.50173842e-01  9.28828685e-01  2.64814088e-01  8.64641509e-01
8.50707159e-01  6.57203539e-01  6.52465671e-01  9.54367310e-01  4.63881941e-01  6.54017176e-01
7.69637646e-01  7.14303301e-01  8.90691929e-01  9.17384325e-01  4.65463088e-01  8.90781870e-01
8.66073414e-01  8.55551616e-01  4.71214866e-01  9.73721314e-01  8.60769953e-01  4.35961923e-01
8.31919851e-01  7.92051562e-01  6.28711875e-01  9.51453622e-01  6.95083873e-01  6.18265147e-01
7.66266108e-01  6.60816156e-01  9.36572363e-01  9.09999575e-01  4.59057090e-01  9.39126336e-01
8.85487555e-01  7.09663605e-01  5.00006752e-01  9.75208165e-01  6.01719503e-01  4.87418636e-01
9.24523951e-01  4.57114910e-01  5.31713162e-01  9.73523263e-01  3.68118679e-01  5.53736962e-01
9.41321930e-01  2.62198550e-01  6.00920718e-01  9.65440770e-01  2.12155295e-01  6.41765320e-01
7.53793109e-01  6.80614025e-01  9.66076940e-01  9.06126378e-01  4.44156523e-01  9.67470495e-01
7.61960152e-01  7.39437702e-01  9.00445620e-01  9.16554589e-01  4.52973813e-01  8.99042851e-01
9.25982256e-01  5.80489171e-01  4.46366322e-01  9.80862913e-01  6.01564664e-01  4.51197605e-01
8.33310718e-01  8.53421641e-01  5.83848247e-01  9.60804349e-01  6.86438679e-01  5.59828185e-01
8.74595921e-01  7.98664424e-01  4.79208118e-01  9.69460845e-01  8.84873753e-01  4.57604535e-01
8.39982939e-01  8.93144975e-01  5.35401243e-01  9.62849970e-01  8.67477861e-01  5.04088247e-01
8.31897738e-01  6.13699939e-01  7.44283658e-01  9.37484973e-01  5.02889559e-01  7.52566487e-01
9.44309201e-01  2.93022319e-01  5.70765448e-01  9.68971208e-01  2.48980050e-01  6.10458250e-01
7.83388754e-01  5.46825808e-01  9.52735376e-01  9.09974475e-01  3.82203803e-01  9.57898706e-01
8.29588630e-01  7.08456299e-01  6.90604005e-01  9.43123737e-01  6.09379829e-01  6.91338209e-01
9.72557739e-01  2.89196903e-01  4.77329030e-01  9.83315474e-01  2.45461069e-01  5.19312464e-01
8.46958408e-01  7.17200247e-01  6.26241624e-01  9.51332975e-01  6.70045654e-01  6.24933771e-01
8.72132992e-01  5.03292841e-01  6.79634507e-01  9.51037298e-01  3.75602053e-01  6.96153996e-01
1.00153403e+00  2.58298310e-01  3.98998827e-01  9.94753524e-01  2.50487691e-01  4.44789589e-01
7.82982438e-01  5.41233531e-01  9.57450067e-01  9.11958587e-01  3.10893692e-01  9.61449968e-01
8.62300733e-01  2.02120717e-01  9.08565736e-01  9.24422152e-01  1.27585475e-01  9.25207286e-01
8.31639556e-01  7.46792992e-01  6.58749663e-01  9.46993000e-01  6.58250958e-01  6.55022249e-01
8.15701057e-01  6.88555356e-01  7.50981571e-01  9.35221021e-01  5.61428941e-01  7.53816454e-01
8.70733604e-01  4.02614981e-01  7.49751604e-01  9.42897316e-01  2.80734187e-01  7.70683828e-01
9.23312357e-01  3.12862908e-01  6.29182484e-01  9.62770750e-01  1.96151304e-01  6.62653401e-01
8.16404104e-01  3.18795467e-01  9.88380091e-01  9.11179350e-01  1.89978714e-01  9.94916352e-01
8.20787355e-01  6.18267587e-01  7.79046966e-01  9.32592794e-01  4.92176529e-01  7.86457711e-01
7.74124166e-01  5.39856613e-01  9.88426677e-01  9.04668599e-01  3.77504723e-01  9.92511495e-01
8.82255547e-01  3.85481580e-01  7.21451536e-01  9.45839577e-01  3.03780226e-01  7.45875663e-01
8.18503821e-01  3.62281647e-01  9.53011608e-01  9.14574992e-01  2.37738077e-01  9.61897606e-01
8.70191901e-01  3.15559004e-01  8.07815380e-01  9.35274337e-01  2.33613716e-01  8.30141087e-01
7.37019911e-01  8.11924087e-01  9.38077556e-01  9.09210703e-01  5.00766190e-01  9.34880492e-01
9.15711160e-01  4.45872440e-01  5.68937100e-01  9.69484432e-01  3.18007275e-01  5.91431854e-01
8.52045647e-01  8.39812501e-01  5.29065869e-01  9.65231259e-01  8.02450597e-01  5.04129609e-01
7.97074874e-01  7.20651907e-01  7.93098223e-01  9.33007726e-01  4.59516411e-01  7.91486781e-01
8.98876453e-01  6.17663155e-01  5.14569998e-01  9.74351928e-01  5.06907657e-01  5.15747280e-01
8.43056493e-01  7.29525892e-01  6.31489284e-01  9.51652536e-01  6.47478907e-01  6.28197889e-01
7.91768831e-01  5.74640585e-01  9.06215571e-01  9.15576267e-01  4.22720534e-01  9.12439184e-01
8.33686787e-01  9.22811711e-01  5.37520549e-01  9.65327885e-01  8.19648708e-01  4.99460942e-01
7.81818603e-01  7.58416298e-01  8.20387165e-01  9.27693464e-01  4.95194374e-01  8.17162013e-01
8.21665659e-01  3.94638805e-01  9.21561296e-01  9.18604674e-01  2.57882247e-01  9.31831660e-01
8.12335404e-01  5.74391892e-01  8.36235958e-01  9.25293110e-01  4.43156727e-01  8.44805474e-01
8.00375835e-01  8.40731561e-01  7.03925388e-01  9.43572787e-01  6.02057460e-01  6.90182856e-01
8.85767967e-01  6.14484680e-01  5.61145228e-01  9.68893354e-01  4.50293956e-01  5.64076203e-01
9.03509664e-01  2.18284474e-01  7.57830688e-01  9.44243018e-01  1.61888997e-01  7.89520466e-01
8.30288678e-01  2.57823779e-01  9.80816685e-01  9.13795771e-01  1.44877423e-01  9.88758394e-01
8.67468865e-01  7.53683470e-01  5.32612383e-01  9.69774718e-01  6.24265359e-01  5.16949104e-01
9.20437732e-01  3.61472770e-01  6.07384640e-01  9.65283005e-01  2.35075874e-01  6.37380427e-01
8.70376494e-01  3.13338367e-01  8.08631189e-01  9.37200742e-01  1.81911891e-01  8.29961806e-01
8.03001324e-01  7.36785721e-01  7.62793826e-01  9.33501559e-01  5.74607547e-01  7.61738874e-01
8.48596678e-01  4.17005352e-01  8.15284942e-01  9.34649081e-01  2.47521591e-01  8.30875703e-01
8.30748800e-01  2.61451458e-01  9.76898034e-01  9.13483214e-01  1.67290507e-01  9.85485378e-01
7.73508736e-01  6.90294196e-01  8.92837248e-01  9.17849139e-01  4.38013037e-01  8.93748280e-01
9.34627830e-01  3.94021436e-01  5.38068900e-01  9.74800334e-01  2.78084099e-01  5.66230003e-01
8.77662988e-01  7.67109257e-01  4.89279972e-01  9.68641797e-01  8.39864786e-01  4.73452962e-01
9.31574421e-01  2.94667448e-01  6.12940299e-01  9.64771870e-01  1.98683109e-01  6.49226190e-01
8.55147919e-01  5.62638437e-01  6.98780799e-01  9.45102616e-01  4.72192057e-01  7.11465747e-01
7.52352919e-01  6.53937261e-01  9.88289318e-01  9.02615090e-01  4.42554463e-01  9.90362985e-01
8.31913621e-01  7.13975826e-01  6.79125332e-01  9.44412057e-01  6.25500468e-01  6.79282036e-01
8.60416181e-01  4.91918865e-01  7.26806394e-01  9.44510558e-01  3.55109402e-01  7.42828401e-01
8.64961828e-01  2.13663617e-01  8.91736028e-01  9.26466774e-01  1.35001793e-01  9.09834403e-01
7.87558021e-01  8.74189688e-01  7.25729089e-01  9.39417471e-01  6.29124663e-01  7.10453946e-01
7.92086535e-01  6.03953834e-01  8.85806198e-01  9.18122533e-01  4.40390126e-01  8.91435580e-01
8.53078539e-01  2.22414967e-01  9.26707839e-01  9.21591752e-01  1.38061808e-01  9.40889717e-01
8.21701392e-01  2.91195424e-01  9.88311395e-01  9.12088118e-01  1.64492907e-01  9.95089796e-01
9.24343046e-01  3.17783271e-01  6.22487998e-01  9.63105299e-01  2.14340018e-01  6.56225899e-01
8.94888658e-01  2.75828552e-01  7.49745506e-01  9.45649547e-01  1.71981748e-01  7.78125408e-01
8.65493925e-01  3.99107048e-01  7.69821990e-01  9.39820559e-01  2.82623111e-01  7.89967446e-01
8.94482040e-01  7.32871955e-01  4.54397575e-01  9.79399474e-01  7.09390159e-01  4.35194806e-01
7.53245591e-01  6.40953605e-01  9.93985434e-01  9.00921814e-01  4.64094634e-01  9.96665264e-01
8.40591941e-01  7.66663610e-01  6.15449105e-01  9.52242097e-01  7.14500511e-01  6.08121846e-01
8.45772215e-01  3.71220149e-01  8.54602880e-01  9.27585390e-01  2.70007908e-01  8.70874612e-01
8.10358760e-01  3.88990354e-01  9.63331288e-01  9.13689299e-01  2.25548989e-01  9.70446811e-01
8.60567061e-01  3.01848077e-01  8.49402693e-01  9.29858624e-01  2.16946543e-01  8.68791533e-01
8.05037529e-01  8.83867437e-01  6.60089200e-01  9.49049870e-01  6.69319919e-01  6.39227549e-01
8.69992328e-01  8.46006410e-01  4.64104818e-01  9.74830620e-01  8.58485660e-01  4.29387027e-01
8.60085890e-01  1.97233896e-01  9.18962784e-01  9.22558409e-01  1.35199642e-01  9.34849005e-01
8.49940029e-01  2.90968289e-01  8.92556403e-01  9.24739204e-01  1.88934779e-01  9.08213382e-01
9.32838701e-01  3.70585522e-01  5.59358749e-01  9.69184550e-01  3.22303828e-01  5.91826918e-01
8.65908924e-01  5.92356572e-01  6.42945553e-01  9.54098505e-01  4.78157903e-01  6.52379609e-01
8.00879058e-01  4.04321535e-01  9.85570125e-01  9.08267187e-01  2.82797369e-01  9.91735514e-01
8.56140763e-01  2.66470562e-01  8.87404861e-01  9.25748902e-01  1.77605104e-01  9.04406597e-01
7.89164169e-01  7.39112826e-01  8.08273321e-01  9.30112194e-01  4.79402029e-01  8.05887365e-01
8.59969693e-01  2.65269763e-01  8.75181404e-01  9.27341865e-01  1.80821347e-01  8.93434992e-01
9.72651594e-01  3.41020412e-01  4.43365745e-01  9.88170622e-01  2.87917678e-01  4.78185872e-01
