8.84430859e-01  2.31839232e-01  8.14116647e-01  9.37325651e-01  1.41750142e-01  8.39133059e-01
7.74794788e-01  7.02881147e-01  8.80594252e-01  9.18222694e-01  4.81700524e-01  8.81583039e-01
8.32608872e-01  3.20207616e-01  9.32726708e-01  9.19210387e-01  1.90638162e-01  9.43780372e-01
8.48793184e-01  6.88237169e-01  6.38517750e-01  9.50492417e-01  6.25679952e-01  6.40252698e-01
9.34432846e-01  3.07368756e-01  5.94987831e-01  9.66145648e-01  2.35854372e-01  6.31665922e-01
8.50024787e-01  2.57183661e-01  9.14205359e-01  9.22871688e-01  1.53090802e-01  9.28627706e-01
8.45539502e-01  8.11171180e-01  5.70050992e-01  9.60867190e-01  7.19297503e-01  5.52205206e-01
9.58713320e-01  3.55060224e-01  4.81578784e-01  9.80572278e-01  3.31716272e-01  5.16593730e-01
8.41274810e-01  3.87368286e-01  8.59391900e-01  9.28346495e-01  2.36802234e-01  8.73812508e-01
7.66695156e-01  6.42464822e-01  9.47328214e-01  9.08077080e-01  4.65016309e-01  9.50566912e-01
8.17300408e-01  5.22396582e-01  8.53433648e-01  9.26891977e-01  3.27459570e-01  8.62310164e-01
8.83282519e-01  3.63750889e-01  7.32073641e-01  9.46965359e-01  2.30014351e-01  7.56024866e-01
7.96785478e-01  8.40419400e-01  7.16319786e-01  9.40617721e-01  6.23838334e-01  7.04002581e-01
7.85629527e-01  6.22726424e-01  8.95842523e-01  9.15646200e-01  4.70088405e-01  9.00838015e-01
8.60085890e-01  1.97233896e-01  9.18962784e-01  9.22558409e-01  1.35199642e-01  9.34849005e-01
7.88863929e-01  5.88954227e-01  9.06490481e-01  9.17815138e-01  3.65654682e-01  9.11003045e-01
8.17250942e-01  5.00047946e-01  8.68112491e-01  9.25626279e-01  2.99008210e-01  8.77124821e-01
8.34374131e-01  4.67548420e-01  8.30766158e-01  9.29838703e-01  3.23282358e-01  8.43882720e-01
7.70176487e-01  6.35917826e-01  9.39756983e-01  9.10558157e-01  4.30678678e-01  9.42742530e-01
9.74483065e-01  3.66983637e-01  4.20588725e-01  9.90461325e-01  3.39487590e-01  4.51872856e-01
7.78218769e-01  5.23218234e-01  9.85325481e-01  9.07529682e-01  3.14792435e-01  9.88931238e-01
7.96151823e-01  5.16785597e-01  9.28897503e-01  9.16223253e-01  3.10067876e-01  9.34814661e-01
7.77201575e-01  7.08499883e-01  8.68475750e-01  9.21105998e-01  4.56146324e-01  8.68595355e-01
8.49803364e-01  4.74833845e-01  7.73937658e-01  9.37229837e-01  3.54280866e-01  7.89707819e-01
8.77334450e-01  6.62618512e-01  5.58531488e-01  9.62811274e-01  6.33582180e-01  5.59920703e-01
8.93107538e-01  6.20657945e-01  5.32214045e-01  9.66916036e-01  6.15881225e-01  5.37768856e-01
8.90264101e-01  6.16783811e-01  5.44384541e-01  9.66098897e-01  5.85023104e-01  5.50273478e-01
7.98535841e-01  6.59198544e-01  8.28334268e-01  9.28497751e-01  4.17792880e-01  8.30744995e-01
7.85844666e-01  6.20183945e-01  8.96465541e-01  9.16498830e-01  4.43516200e-01  9.01110998e-01
8.28730937e-01  2.92437532e-01  9.63630771e-01  9.15000087e-01  1.79873862e-01  9.72796027e-01
8.73461913e-01  6.62213116e-01  5.71945082e-01  9.64996631e-01  5.27326627e-01  5.70925123e-01
9.08224520e-01  5.19553907e-01  5.46522941e-01  9.72305752e-01  3.73911124e-01  5.60179751e-01
7.86921283e-01  6.63685480e-01  8.64861616e-01  9.19635755e-01  4.98773510e-01  8.68502498e-01
7.91867206e-01  4.69606092e-01  9.74082476e-01  9.09531695e-01  3.02766319e-01  9.79441624e-01
9.03395348e-01  5.83217062e-01  5.21290781e-01  9.69565162e-01  5.72006699e-01  5.30596509e-01
8.41288304e-01  2.65184924e-01  9.38679947e-01  9.19184300e-01  1.60081348e-01  9.50626067e-01
8.99707687e-01  2.82061896e-01  7.29333969e-01  9.47950768e-01  1.89625761e-01  7.59215672e-01
8.52607786e-01  4.10428221e-01  8.05933281e-01  9.34409404e-01  2.86214284e-01  8.23302478e-01
8.17224001e-01  8.15332600e-01  6.63202284e-01  9.46458624e-01  6.85848470e-01  6.51951029e-01
9.74502951e-01  2.64103321e-01  4.87312740e-01  9.82454101e-01  2.17403543e-01  5.31957538e-01
8.28930032e-01  3.83357245e-01  9.04216515e-01  9.21770983e-01  2.39694826e-01  9.15810911e-01
7.85140438e-01  6.15232910e-01  9.02072787e-01  9.17860146e-01  3.86552215e-01  9.05794127e-01
8.35742365e-01  9.11777371e-01  5.38001664e-01  9.63119168e-01  8.64443516e-01  5.03592767e-01
8.68533962e-01  2.75965576e-01  8.39451004e-01  9.33409819e-01  1.59933256e-01  8.59960665e-01
8.58664111e-01  5.09718035e-01  7.20901993e-01  9.44115633e-01  3.91181836e-01  7.36351431e-01
8.45067987e-01  8.38016627e-01  5.53925384e-01  9.61602333e-01  7.83212694e-01  5.31927222e-01
9.21820412e-01  4.30692004e-01  5.58047586e-01  9.69247370e-01  3.57355114e-01  5.83687822e-01
8.20075292e-01  5.27882012e-01  8.40448936e-01  9.29064629e-01  3.23277370e-01  8.49363539e-01
8.96637642e-01  5.09424630e-01  5.92145715e-01  9.62477294e-01  4.28582116e-01  6.09811193e-01
9.30820978e-01  2.75533412e-01  6.28218347e-01  9.61443398e-01  2.19150719e-01  6.66265537e-01
8.72329242e-01  2.93794948e-01  8.14688277e-01  9.35359218e-01  2.01524766e-01  8.37152067e-01
8.29427003e-01  4.42517310e-01  8.63819310e-01  9.27209041e-01  2.60777339e-01  8.75461116e-01
9.16961002e-01  2.38927057e-01  6.99048843e-01  9.52770347e-01  1.66318539e-01  7.34316122e-01
8.43515808e-01  7.85778479e-01  5.93111595e-01  9.60777916e-01  6.09712082e-01  5.78062155e-01
9.49388759e-01  4.87794193e-01  4.27067755e-01  9.87832025e-01  4.52945282e-01  4.41503174e-01
7.58013806e-01  6.90404250e-01  9.45684258e-01  9.09721828e-01  4.37185455e-01  9.46573204e-01
8.92134381e-01  7.48099632e-01  4.52482996e-01  9.78195931e-01  7.56742350e-01  4.31763288e-01
7.76081925e-01  6.91880152e-01  8.83366673e-01  9.19398157e-01  4.38783562e-01  8.84150528e-01
8.66334655e-01  5.36876756e-01  6.77222632e-01  9.51803101e-01  3.77248334e-01  6.90339855e-01
9.42684310e-01  3.29559302e-01  5.52859918e-01  9.71607509e-01  2.69907032e-01  5.89143581e-01
9.76606668e-01  3.27035158e-01  4.39015525e-01  9.88443971e-01  2.89599402e-01  4.76037251e-01
8.28914424e-01  4.12949322e-01  8.85054756e-01  9.22489838e-01  2.97326500e-01  8.97632149e-01
9.14168119e-01  3.79566790e-01  6.17223763e-01  9.60896318e-01  3.15704117e-01  6.47040679e-01
8.14044899e-01  3.61255575e-01  9.69119192e-01  9.13440459e-01  2.09524975e-01  9.76331536e-01
8.73981265e-01  5.09342145e-01  6.69431505e-01  9.54614858e-01  3.28702134e-01  6.84256940e-01
8.67121347e-01  3.05500396e-01  8.24773543e-01  9.33400606e-01  2.17221369e-01  8.46015185e-01
9.31447084e-01  4.93200872e-01  4.84777257e-01  9.79810683e-01  4.19901714e-01  5.01230909e-01
9.45617689e-01  5.34605443e-01  4.09482038e-01  9.90923902e-01  4.83928105e-01  4.14383987e-01
8.50167131e-01  6.30981331e-01  6.71322825e-01  9.47485481e-01  5.46954411e-01  6.78584569e-01
8.74159345e-01  2.84609620e-01  8.14437203e-01  9.35470909e-01  1.97426923e-01  8.37400718e-01
7.83905119e-01  5.73346567e-01  9.33761563e-01  9.12308911e-01  3.99604472e-01  9.38832784e-01
9.02514289e-01  5.14836335e-01  5.68677284e-01  9.65460548e-01  4.48927970e-01  5.85892527e-01
8.75668447e-01  2.77905654e-01  8.13665231e-01  9.35850012e-01  1.89084881e-01  8.36933982e-01
8.50025583e-01  6.37507702e-01  6.67567396e-01  9.52024805e-01  4.53237620e-01  6.71543380e-01
8.76444868e-01  2.15914637e-01  8.51277921e-01  9.31519834e-01  1.50779863e-01  8.73718455e-01
8.23739524e-01  9.05836205e-01  5.82318913e-01  9.57322714e-01  8.07876965e-01  5.53560769e-01
8.98714002e-01  4.08103421e-01  6.51174003e-01  9.56318556e-01  3.14236684e-01  6.76738658e-01
8.30978730e-01  4.28944571e-01  8.67361553e-01  9.25389071e-01  2.90596113e-01  8.80110253e-01
8.22722324e-01  8.87903453e-01  5.97416297e-01  9.58837172e-01  6.97018802e-01  5.69950565e-01
7.68867809e-01  6.50114399e-01  9.34685887e-01  9.11160391e-01  4.35310774e-01  9.37274026e-01
8.95927769e-01  3.45251955e-01  7.01440854e-01  9.49781270e-01  2.67585713e-01  7.29639412e-01
8.47602228e-01  8.08825895e-01  5.64569636e-01  9.63599645e-01  6.75183318e-01  5.45071166e-01
9.04472054e-01  6.33322268e-01  4.85403452e-01  9.79551919e-01  5.10978872e-01  4.81447013e-01
9.46618023e-01  4.82739795e-01  4.39757437e-01  9.87518541e-01  4.06419437e-01  4.54467118e-01
9.62847887e-01  4.29840982e-01  4.18990885e-01  9.89860579e-01  3.98752248e-01  4.41255437e-01
9.16551341e-01  2.47083621e-01  6.95144160e-01  9.52592695e-01  1.87295316e-01  7.30516383e-01
8.96406478e-01  2.38548721e-01  7.68795072e-01  9.42587814e-01  1.70019399e-01  7.98219482e-01
7.71177195e-01  6.44280591e-01  9.30928108e-01  9.10746890e-01  4.61651497e-01  9.34239767e-01
8.95070996e-01  7.31413905e-01  4.53343978e-01  9.74641648e-01  8.24117911e-01  4.38690147e-01
9.14950198e-01  6.09116345e-01  4.65538686e-01  9.78524638e-01  6.00091685e-01  4.67053295e-01
7.72508447e-01  5.65785284e-01  9.77376437e-01  9.08294098e-01  3.32796979e-01  9.80306602e-01
8.51532015e-01  4.83244766e-01  7.62309913e-01  9.40991456e-01  3.04561531e-01  7.76778054e-01
8.42606652e-01  6.15226508e-01  7.06927820e-01  9.44050597e-01  4.85139199e-01  7.14646767e-01
8.30519541e-01  5.36893445e-01  7.99129092e-01  9.31630920e-01  4.17449055e-01  8.10735810e-01
7.53209399e-01  6.48764047e-01  9.89038066e-01  9.04318289e-01  3.97929461e-01  9.90464904e-01
8.79560290e-01  3.65195274e-01  7.43775431e-01  9.44486182e-01  2.49384675e-01  7.67360824e-01
8.94569384e-01  2.66963398e-01  7.56585021e-01  9.43763888e-01  1.91962542e-01  7.85511996e-01
7.98615588e-01  5.21119494e-01  9.17716304e-01  9.17556043e-01  3.19429078e-01  9.24064451e-01
8.86892532e-01  7.88529659e-01  4.44331343e-01  9.74238137e-01  9.15810366e-01  4.20205798e-01
8.45590124e-01  4.98541212e-01  7.72555715e-01  9.38217665e-01  3.39891679e-01  7.86245452e-01
9.50464586e-01  3.53263000e-01  5.11052376e-01  9.77345785e-01  2.99067802e-01  5.45484602e-01
8.57712672e-01  5.25165410e-01  7.14402287e-01  9.47850377e-01  3.31092756e-01  7.27067965e-01
8.11654205e-01  7.48506140e-01  7.25503428e-01  9.39602084e-01  5.74125243e-01  7.22219482e-01
8.55646599e-01  3.80131573e-01  8.15284999e-01  9.34580150e-01  2.39975960e-01  8.33094301e-01
8.66208389e-01  6.55350315e-01  6.00732728e-01  9.56585022e-01  6.10583420e-01  6.04741585e-01
8.61007294e-01  2.28991787e-01  8.95213164e-01  9.25734823e-01  1.43758167e-01  9.12466118e-01
8.08779024e-01  5.32366251e-01  8.75898088e-01  9.22087910e-01  3.65544801e-01  8.84147424e-01
7.48206531e-01  6.95669595e-01  9.75571429e-01  9.04867260e-01  4.42717293e-01  9.76399353e-01
7.70210086e-01  7.12003034e-01  8.89943596e-01  9.16937259e-01  4.77003271e-01  8.90415192e-01
8.27932518e-01  2.88634401e-01  9.68812274e-01  9.15216557e-01  1.55206396e-01  9.77215970e-01
8.46480686e-01  5.12187712e-01  7.60671217e-01  9.39258172e-01  3.62865306e-01  7.74164628e-01
8.10231911e-01  3.59728719e-01  9.83059583e-01  9.09928866e-01  2.47489705e-01  9.89909897e-01
9.26106471e-01  4.96813397e-01  5.00268804e-01  9.77375965e-01  4.17553197e-01  5.16878794e-01
7.83575636e-01  5.94607112e-01  9.20779469e-01  9.16060283e-01  3.55984995e-01  9.24532225e-01
8.96401875e-01  7.45750789e-01  4.39814938e-01  9.80212261e-01  7.63656722e-01  4.17723175e-01
8.04864561e-01  5.42732137e-01  8.82163924e-01  9.21920001e-01  3.46023625e-01  8.89304103e-01
7.72098883e-01  8.49538565e-01  7.94528901e-01  9.30318690e-01  5.65068736e-01  7.84393424e-01
9.39085056e-01  2.60865318e-01  6.09679605e-01  9.64898504e-01  1.95348829e-01  6.49715454e-01
8.43545625e-01  2.55322556e-01  9.37417948e-01  9.20160291e-01  1.38526453e-01  9.49442919e-01
8.80184113e-01  8.05716040e-01  4.55953033e-01  9.79837313e-01  7.48360341e-01  4.23728609e-01
7.91311467e-01  6.79701656e-01  8.39555257e-01  9.26118944e-01  4.39006350e-01  8.41003503e-01
9.35661467e-01  3.47388392e-01  5.64833947e-01  9.69038678e-01  2.94414079e-01  5.99328612e-01
8.65553062e-01  4.65154227e-01  7.26442549e-01  9.46143564e-01  3.04756699e-01  7.43696560e-01
9.07863317e-01  5.88197374e-01  5.02886490e-01  9.75965218e-01  4.95350171e-01  5.07607929e-01
8.17679861e-01  8.18584850e-01  6.59841032e-01  9.49440579e-01  6.30522366e-01  6.46373095e-01
9.27868973e-01  5.29028459e-01  4.73666844e-01  9.79474996e-01  4.93571199e-01  4.86038682e-01
9.29250869e-01  2.43648921e-01  6.53952782e-01  9.58247607e-01  1.91121723e-01  6.92839930e-01
8.85296801e-01  3.82415085e-01  7.13115566e-01  9.48478132e-01  2.67938793e-01  7.37395819e-01
8.36770606e-01  5.36473988e-01  7.78174058e-01  9.35442682e-01  4.01438888e-01  7.90064021e-01
9.50585433e-01  4.49736875e-01  4.48009268e-01  9.83385542e-01  4.52200934e-01  4.70704889e-01
8.01837965e-01  4.75436230e-01  9.36137089e-01  9.14246813e-01  3.24246875e-01  9.43633351e-01
8.35728184e-01  6.64731192e-01  6.98442818e-01  9.46673848e-01  4.75327309e-01  7.00652798e-01
8.66403446e-01  8.35691605e-01  4.83285543e-01  9.73892005e-01  7.91967338e-01  4.51582364e-01
8.15927126e-01  8.76180617e-01  6.28101486e-01  9.53214064e-01  6.97409624e-01  6.05913507e-01
8.23587549e-01  9.02579890e-01  5.85246901e-01  9.58242639e-01  7.73458573e-01  5.56281928e-01
8.46325508e-01  7.78592865e-01  5.88235726e-01  9.60601230e-01  6.29927683e-01  5.74435499e-01
7.89164169e-01  7.39112826e-01  8.08273321e-01  9.30112194e-01  4.79402029e-01  8.05887365e-01
7.67777605e-01  6.55618004e-01  9.34814660e-01  9.10839260e-01  4.43837445e-01  9.37325577e-01
8.59583400e-01  3.02740459e-01  8.52461902e-01  9.30708091e-01  1.86931532e-01  8.70927817e-01
8.31156766e-01  9.83081054e-01  5.06982786e-01  9.68641413e-01  9.18520581e-01  4.54936864e-01
8.62263377e-01  3.44973249e-01  8.15642430e-01  9.34987283e-01  2.19799809e-01  8.35234138e-01
8.88282293e-01  6.20159396e-01  5.48625139e-01  9.67120832e-01  5.43631914e-01  5.52949837e-01
8.74175179e-01  6.00002492e-01  6.09615069e-01  9.61738114e-01  4.23179631e-01  6.15822715e-01
7.85506020e-01  6.95125354e-01  8.49255082e-01  9.22807851e-01  4.87925468e-01  8.50716743e-01
8.09519043e-01  4.00551601e-01  9.58973878e-01  9.14532396e-01  2.23849015e-01  9.65957144e-01
8.23889629e-01  6.88585130e-01  7.23156635e-01  9.42570515e-01  4.88928215e-01  7.23761154e-01
7.61960152e-01  7.39437702e-01  9.00445620e-01  9.16554589e-01  4.52973813e-01  8.99042851e-01
7.69336858e-01  7.41814801e-01  8.73553159e-01  9.19817380e-01  4.76296809e-01  8.72113754e-01
8.73976892e-01  5.24190990e-01  6.59805011e-01  9.52897850e-01  4.13409056e-01  6.75322783e-01
9.00414710e-01  6.82377018e-01  4.67332700e-01  9.77985008e-01  6.54842337e-01  4.57622956e-01
8.97891231e-01  3.19642421e-01  7.11102957e-01  9.49466465e-01  2.29650896e-01  7.40073267e-01
8.94701686e-01  5.45795742e-01  5.75106728e-01  9.66690219e-01  4.10272812e-01  5.87108926e-01
8.61687962e-01  5.12692429e-01  7.09001184e-01  9.48722459e-01  3.25416696e-01  7.22812553e-01
9.06276784e-01  4.78027741e-01  5.80096398e-01  9.66415052e-01  3.65788456e-01  5.99862899e-01
9.49592084e-01  4.14456070e-01  4.74287339e-01  9.82210920e-01  3.56643990e-01  5.00734167e-01
8.17788937e-01  7.08090718e-01  7.31209286e-01  9.41244939e-01  4.97415110e-01  7.30262577e-01
7.65090454e-01  6.24775966e-01  9.63966031e-01  9.06231920e-01  4.42265935e-01  9.67238896e-01
9.20440377e-01  4.90374902e-01  5.23688768e-01  9.75512380e-01  3.67449088e-01  5.40624367e-01
8.80845691e-01  2.85995298e-01  7.91129516e-01  9.39534679e-01  1.81519392e-01  8.15605006e-01
8.59957808e-01  2.59838257e-01  8.79046036e-01  9.26994145e-01  1.76966156e-01  8.97088544e-01
7.60276933e-01  7.12584461e-01  9.23298922e-01  9.11717471e-01  4.76810658e-01  9.23930741e-01
8.41623679e-01  5.90804858e-01  7.26121704e-01  9.42153673e-01  4.48972803e-01  7.35325024e-01
8.60888142e-01  2.97530715e-01  8.51115511e-01  9.29687963e-01  2.14185787e-01  8.70535852e-01
8.39693199e-01  3.32561061e-01  9.00349054e-01  9.23570744e-01  1.97482194e-01  9.13693264e-01
9.03359080e-01  3.30231358e-01  6.85958757e-01  9.53952603e-01  2.15477151e-01  7.15161379e-01
8.94191927e-01  2.71481574e-01  7.55231576e-01  9.45541736e-01  1.55922936e-01  7.83113878e-01
8.43065828e-01  1.92812231e-01  9.79637104e-01  9.14481221e-01  1.25338022e-01  9.88963723e-01
7.98308486e-01  7.78421264e-01  7.51698766e-01  9.37581817e-01  5.32933428e-01  7.45388021e-01
8.93014241e-01  5.05134676e-01  6.07234964e-01  9.61675212e-01  3.88473081e-01  6.24397396e-01
9.83143962e-01  2.42871075e-01  4.71756011e-01  9.84330550e-01  2.18489088e-01  5.19670353e-01
8.63258536e-01  3.12839142e-01  8.33424279e-01  9.32719945e-01  2.07027208e-01  8.53296058e-01
8.11886699e-01  3.59844614e-01  9.77364532e-01  9.11219536e-01  2.35574803e-01  9.84439172e-01
9.39523038e-01  3.29105661e-01  5.63888859e-01  9.70067981e-01  2.66321896e-01  5.99859024e-01
9.12427399e-01  2.92771505e-01  6.79485440e-01  9.54135379e-01  2.20963548e-01  7.12697693e-01
8.85627748e-01  6.81021941e-01  5.18125035e-01  9.68017496e-01  6.80200503e-01  5.15046956e-01
7.83281994e-01  7.33767756e-01  8.31420470e-01  9.24717255e-01  5.18608373e-01  8.30733012e-01
8.31334091e-01  7.74797668e-01  6.41605394e-01  9.50265582e-01  6.60933407e-01  6.33407016e-01
8.78523543e-01  7.60622310e-01  4.90867211e-01  9.71601672e-01  7.60954603e-01  4.73569246e-01
8.44772450e-01  6.89395062e-01  6.51419946e-01  9.51736238e-01  5.44959309e-01  6.51282334e-01
8.63495235e-01  7.57745766e-01  5.43467326e-01  9.63302437e-01  7.36419948e-01  5.32043174e-01
9.05655750e-01  6.14124248e-01  4.93847463e-01  9.74528565e-01  5.83682716e-01  4.96538913e-01
8.83522062e-01  7.63023331e-01  4.72335490e-01  9.74042752e-01  7.82906676e-01  4.52749025e-01
9.49339166e-01  4.75132670e-01  4.35456183e-01  9.86256538e-01  4.48238542e-01  4.52713126e-01
8.51607334e-01  5.48172171e-01  7.19898739e-01  9.43492507e-01  4.24148557e-01  7.32585113e-01
8.41329091e-01  2.18324735e-01  9.68969190e-01  9.15791921e-01  1.32444575e-01  9.78885927e-01
9.34831444e-01  5.53369421e-01  4.33925215e-01  9.85249559e-01  5.30441730e-01  4.39816028e-01
9.11360821e-01  2.19226182e-01  7.30856146e-01  9.48150473e-01  1.62115627e-01  7.64928482e-01
9.15275911e-01  4.98585104e-01  5.35894681e-01  9.71744509e-01  4.15192236e-01  5.53543003e-01
8.19027541e-01  3.44340621e-01  9.63180487e-01  9.14159728e-01  2.11060165e-01  9.71357950e-01
9.29384731e-01  6.01177300e-01  4.21679661e-01  9.86129582e-01  5.95373336e-01  4.19402323e-01
8.80562535e-01  6.18389490e-01  5.75987284e-01  9.60851854e-01  5.85595487e-01  5.83266125e-01
1.01598159e+00  2.53722092e-01  3.52912926e-01  1.00140764e+00  2.68452337e-01  3.97894777e-01
8.56185905e-01  6.60816936e-01  6.31514389e-01  9.52801236e-01  5.86039946e-01  6.35297743e-01
8.08514532e-01  8.37862895e-01  6.78150863e-01  9.48011570e-01  5.97640692e-01  6.62761359e-01
8.33901050e-01  3.33237325e-01  9.19877382e-01  9.19480923e-01  2.32331023e-01  9.32229038e-01
7.77529783e-01  5.73553930e-01  9.54980693e-01  9.09719146e-01  3.81587706e-01  9.59164770e-01
7.76078591e-01  8.99311464e-01  7.48698433e-01  9.36126307e-01  6.27885954e-01  7.32364769e-01
9.21345957e-01  5.35944204e-01  4.91326218e-01  9.75265990e-01  5.28062672e-01  5.04905728e-01
9.60593769e-01  2.41309540e-01  5.49042804e-01  9.73052846e-01  2.04985155e-01  5.94645223e-01
8.52055183e-01  6.25353982e-01  6.68268159e-01  9.50633551e-01  4.77247783e-01  6.74294874e-01
