4.07587109e-01  9.76821283e-01  2.99960502e-01
6.97549053e-01  8.38489236e-01  6.25428333e-01
4.96878995e-01  4.24816517e-01  3.23449473e-01
2.86641196e-01  9.41432087e-01  8.15460994e-01
3.10274554e-01  5.34767804e-01  3.29034067e-01
9.55790684e-01  3.26193412e-01  8.81851382e-01
8.13879042e-01  9.01443580e-01  3.03139344e-01
3.58954240e-01  8.20066274e-01  7.62149872e-01
3.49594196e-01  9.22108666e-01  4.73856432e-01
2.92430246e-01  3.32070352e-01  4.42900684e-01
9.69327010e-01  3.88681979e-01  7.74715445e-01
2.75327727e-01  6.96691114e-01  5.88388898e-01
4.38203574e-01  6.32091002e-01  3.63795752e-01
8.42469158e-01  5.43536774e-01  7.88698462e-01
7.29140998e-01  7.54826210e-01  8.19721695e-01
3.71791798e-01  3.08457624e-01  3.04804852e-01
6.19127910e-01  9.99568998e-01  5.39380143e-01
9.55629800e-01  8.03697649e-01  3.24813758e-01
9.42417652e-01  9.97772213e-01  3.26614304e-01
4.36220256e-01  4.16779237e-01  9.32575230e-01
7.16182958e-01  3.72303906e-01  8.66105260e-01
8.44849576e-01  8.94397082e-01  7.91868472e-01
9.28534451e-01  3.90715657e-01  5.13306370e-01
4.77258416e-01  8.10091185e-01  9.47369294e-01
3.88076002e-01  3.33879311e-01  6.78519989e-01
4.14089574e-01  5.87185164e-01  3.26867662e-01
3.40583515e-01  8.79475589e-01  6.75494483e-01
8.53258025e-01  3.38955179e-01  4.86182724e-01
2.54575225e-01  7.14151663e-01  5.80362646e-01
7.54431328e-01  9.67758681e-01  6.46477299e-01
3.64807772e-01  5.51451809e-01  9.74850663e-01
7.19839575e-01  7.02494226e-01  6.64163392e-01
5.48941142e-01  9.53064540e-01  3.71933298e-01
5.16693739e-01  5.07365635e-01  2.99475936e-01
9.50726473e-01  2.73706783e-01  5.41297154e-01
7.38437698e-01  3.46075212e-01  3.80670654e-01
8.32180894e-01  9.66492054e-01  3.59758548e-01
7.56924827e-01  6.20618330e-01  2.72390757e-01
7.36892389e-01  7.11054609e-01  9.86978594e-01
2.99454875e-01  6.50961783e-01  7.19212784e-01
4.93418934e-01  2.58387341e-01  6.22307448e-01
2.96419094e-01  8.72864586e-01  7.08660391e-01
9.86737925e-01  7.06280449e-01  4.30774902e-01
9.22847859e-01  8.11495705e-01  4.54916820e-01
5.97587450e-01  2.84676407e-01  7.75275316e-01
8.89339951e-01  9.67866637e-01  7.21613980e-01
3.15277085e-01  5.95020192e-01  8.83313494e-01
8.32309018e-01  8.80655962e-01  4.57872166e-01
8.53252374e-01  3.41565199e-01  9.89860225e-01
7.89657141e-01  8.86536630e-01  3.62497617e-01
8.36332003e-01  9.07669318e-01  8.96599142e-01
6.78641421e-01  9.27088628e-01  3.93461524e-01
2.82594189e-01  9.57206221e-01  6.16499359e-01
3.91159837e-01  4.90248139e-01  6.43489513e-01
6.10057995e-01  2.54839234e-01  8.07115239e-01
3.45953993e-01  6.78073995e-01  3.14971451e-01
5.50657594e-01  4.89926236e-01  5.94168768e-01
4.69797757e-01  2.99052522e-01  4.09857828e-01
6.47255500e-01  7.08377527e-01  9.61118855e-01
3.22925223e-01  9.87669564e-01  6.49431083e-01
7.92179892e-01  6.00190289e-01  9.76230927e-01
4.30304706e-01  5.72745971e-01  6.16167083e-01
8.93540236e-01  7.07891838e-01  6.33900621e-01
6.46106894e-01  8.87066786e-01  4.88882615e-01
5.46752919e-01  3.80663948e-01  9.92943137e-01
6.92244757e-01  6.56287230e-01  6.07872079e-01
8.57892480e-01  7.47918877e-01  9.55677460e-01
5.01470856e-01  5.11163453e-01  3.13072069e-01
9.49115384e-01  4.18384241e-01  5.57353382e-01
2.96724996e-01  7.53477598e-01  8.86339849e-01
3.93422880e-01  9.66054137e-01  6.38082610e-01
9.07393238e-01  2.51277725e-01  4.95684909e-01
7.89380926e-01  6.58523726e-01  9.71901327e-01
9.74760505e-01  3.97460259e-01  7.95284262e-01
2.70476122e-01  8.32653795e-01  2.71250250e-01
6.85722206e-01  6.17809785e-01  2.50676515e-01
5.89325546e-01  9.03816240e-01  4.26780893e-01
6.14974924e-01  2.65810458e-01  3.08140418e-01
8.81451083e-01  4.43985944e-01  9.38748977e-01
9.67456232e-01  4.10665300e-01  8.57829905e-01
9.55143406e-01  5.69272637e-01  9.00341496e-01
3.53919944e-01  2.53248870e-01  9.13994827e-01
7.51023276e-01  6.75131981e-01  7.11751931e-01
3.92425023e-01  3.85427701e-01  9.94366254e-01
3.72465476e-01  2.55322455e-01  3.51986636e-01
4.10558533e-01  6.14955552e-01  7.39595066e-01
5.44636815e-01  4.23868663e-01  2.68180315e-01
9.03711922e-01  5.22836620e-01  9.78281012e-01
8.89527711e-01  4.27756292e-01  9.49571654e-01
9.51860440e-01  9.43756129e-01  3.31666138e-01
9.17997470e-01  5.74997588e-01  3.63837245e-01
3.87911652e-01  3.54035376e-01  5.13385184e-01
8.92848778e-01  9.59978032e-01  9.16512883e-01
5.47119395e-01  2.76228891e-01  4.87928771e-01
9.28356457e-01  8.09710323e-01  5.53351800e-01
6.58774715e-01  8.90356576e-01  9.32579838e-01
9.29510741e-01  5.05856352e-01  3.18004231e-01
8.10558522e-01  2.97855339e-01  3.58616640e-01
3.58334933e-01  8.55600065e-01  7.50066507e-01
7.50490183e-01  9.36404734e-01  5.69892762e-01
7.15816305e-01  9.53210235e-01  8.83617947e-01
4.21761757e-01  7.11125130e-01  7.79595617e-01
8.87170786e-01  4.00599828e-01  4.86658179e-01
2.80909266e-01  9.52533127e-01  9.85123059e-01
4.52347532e-01  6.25768861e-01  9.94436730e-01
7.01207021e-01  4.46514346e-01  8.17543296e-01
4.26742580e-01  5.12517327e-01  9.85335316e-01
3.85485942e-01  8.89243670e-01  7.63512229e-01
8.23193062e-01  9.14840952e-01  3.73892836e-01
3.42399735e-01  3.80897360e-01  2.99400439e-01
8.70821163e-01  2.78109778e-01  8.72427399e-01
6.82937110e-01  9.09342077e-01  4.37357753e-01
9.26508366e-01  5.41243356e-01  2.50632992e-01
6.05543923e-01  9.76598401e-01  4.97190042e-01
7.06618811e-01  6.02171030e-01  6.68192176e-01
6.27416123e-01  4.34150489e-01  9.75907057e-01
4.79239062e-01  2.87616028e-01  9.89856902e-01
4.35885983e-01  7.56298342e-01  3.53665378e-01
2.88164746e-01  2.98657769e-01  9.92744108e-01
3.28656513e-01  8.07129788e-01  3.72291307e-01
7.37680276e-01  9.74668934e-01  8.32957369e-01
9.75289425e-01  9.94513015e-01  8.58159207e-01
8.93294864e-01  9.35904722e-01  2.87783337e-01
3.66424114e-01  6.62361811e-01  3.59078591e-01
8.62440255e-01  6.86033063e-01  9.43338578e-01
8.98761254e-01  3.15840069e-01  4.33528717e-01
6.50956616e-01  4.17346884e-01  2.90717853e-01
7.31498892e-01  2.52321212e-01  6.20225880e-01
8.45784662e-01  8.99310657e-01  5.84632651e-01
3.29178776e-01  3.98119277e-01  9.56959869e-01
7.05434751e-01  9.24434181e-01  4.40018102e-01
6.95359711e-01  3.27029444e-01  8.85166804e-01
9.16521074e-01  4.88654829e-01  3.32941030e-01
6.40862409e-01  8.72164068e-01  3.71744488e-01
4.85715998e-01  3.68992927e-01  7.12814575e-01
9.53375008e-01  7.84969557e-01  9.10248637e-01
9.40847917e-01  3.81234016e-01  7.76847102e-01
2.79527428e-01  7.64221872e-01  7.24821623e-01
4.13606187e-01  6.27512725e-01  2.92824986e-01
3.24018323e-01  5.65474146e-01  9.30431825e-01
5.56666781e-01  9.83265906e-01  8.06020778e-01
2.81975081e-01  9.63400395e-01  9.01768882e-01
3.04015219e-01  4.88995777e-01  8.34311616e-01
6.15461984e-01  9.64217726e-01  5.50356210e-01
9.85817661e-01  6.98032129e-01  8.44761795e-01
3.07230527e-01  3.22682249e-01  9.25191124e-01
7.13056063e-01  9.52321667e-01  8.58842606e-01
7.26439713e-01  3.94809100e-01  9.43680281e-01
9.25886725e-01  7.02119794e-01  9.04563685e-01
7.62891785e-01  6.76446314e-01  2.77932883e-01
