8.97322159e-01  1.91201298e-01  7.77115290e-01  9.42951687e-01  1.42144896e-01  8.08135075e-01
8.17575940e-01  2.80447354e-01  9.89358282e-01  9.12876495e-01  1.62154881e-01  9.96256878e-01
8.12602047e-01  6.04156353e-01  7.87883042e-01  9.36311343e-01  3.86209185e-01  7.92365678e-01
9.07742778e-01  6.21951618e-01  4.51128421e-01  9.81717223e-01  6.21669226e-01  4.45350227e-01
7.42526571e-01  6.70188611e-01  9.82746935e-01  9.05168626e-01  4.22274575e-01  9.83495134e-01
8.27706186e-01  2.73933695e-01  9.59139980e-01  9.17279075e-01  1.58752860e-01  9.68831235e-01
8.45820263e-01  2.28924452e-01  9.27623401e-01  9.21414899e-01  1.60611410e-01  9.41858829e-01
7.70237581e-01  5.19930418e-01  9.89473686e-01  9.05450563e-01  3.72139046e-01  9.93675553e-01
8.15770244e-01  4.41086350e-01  8.87110290e-01  9.24610838e-01  2.62557450e-01  8.96981690e-01
7.47243854e-01  6.37009944e-01  9.89021691e-01  9.05232176e-01  3.92281501e-01  9.90259683e-01
8.86186884e-01  7.02791823e-01  4.69919797e-01  9.74008666e-01  7.79066557e-01  4.56639259e-01
9.96505708e-01  2.48764478e-01  3.99421474e-01  9.95613353e-01  2.46927375e-01  4.45311256e-01
8.66011568e-01  3.86563049e-01  7.52248579e-01  9.42087172e-01  3.07909535e-01  7.74042375e-01
7.92955165e-01  4.48191277e-01  9.60268734e-01  9.11328668e-01  3.25417686e-01  9.67144397e-01
8.06666363e-01  6.69695658e-01  7.63931104e-01  9.33953488e-01  5.57535213e-01  7.66521563e-01
8.99885038e-01  3.21679653e-01  6.80306758e-01  9.55501952e-01  2.16904571e-01  7.09760900e-01
8.37086645e-01  2.00339091e-01  9.76758882e-01  9.15662702e-01  1.28904279e-01  9.86336631e-01
8.56719710e-01  8.04117879e-01  5.02213424e-01  9.73055551e-01  7.39474708e-01  4.72219259e-01
9.95623830e-01  2.76815837e-01  3.83504963e-01  9.97618606e-01  2.78996416e-01  4.24781785e-01
7.59378839e-01  6.57853374e-01  9.33789473e-01  9.13789225e-01  3.98118766e-01  9.34493952e-01
8.90607436e-01  6.97596058e-01  4.58324110e-01  9.77773601e-01  7.36008845e-01  4.42787197e-01
9.72952095e-01  3.60511284e-01  4.04479509e-01  9.95130015e-01  3.12697246e-01  4.32684919e-01
9.50083118e-01  2.62010684e-01  5.49076183e-01  9.73777685e-01  2.21048683e-01  5.91550440e-01
8.27609464e-01  6.53314612e-01  7.03731515e-01  9.45254289e-01  5.10667962e-01  7.05761866e-01
8.13050810e-01  6.77693625e-01  7.36720669e-01  9.37330634e-01  5.83213735e-01  7.38720283e-01
8.48562534e-01  8.11159350e-01  5.25329022e-01  9.64728020e-01  8.41726229e-01  5.01181182e-01
7.73340151e-01  6.74179412e-01  8.74769277e-01  9.18755393e-01  5.04711953e-01  8.76634375e-01
7.55249564e-01  6.34531863e-01  9.63339646e-01  9.08564793e-01  4.08139451e-01  9.65091460e-01
8.45532100e-01  6.82305066e-01  6.22636776e-01  9.53419483e-01  6.40729085e-01  6.21774148e-01
7.62652565e-01  6.75588622e-01  9.10336441e-01  9.16700717e-01  4.17971576e-01  9.10555033e-01
8.51422462e-01  7.34307485e-01  5.67420165e-01  9.61062969e-01  7.06920234e-01  5.56922278e-01
7.83783661e-01  6.71822955e-01  8.40679028e-01  9.27315596e-01  4.24645433e-01  8.40874052e-01
8.86566257e-01  2.92454454e-01  7.45532836e-01  9.46942273e-01  1.83707830e-01  7.72600714e-01
9.23901542e-01  3.26392941e-01  5.95075198e-01  9.65509295e-01  2.83439440e-01  6.29664627e-01
8.18648230e-01  9.01332992e-01  5.66676791e-01  9.60652946e-01  8.24306326e-01  5.31483458e-01
8.32978788e-01  3.21267983e-01  9.09177732e-01  9.23798182e-01  1.80907325e-01  9.21718746e-01
8.11266669e-01  8.40870341e-01  6.32697993e-01  9.52773419e-01  6.99881620e-01  6.11773623e-01
8.07722367e-01  4.43340513e-01  9.13085361e-01  9.18001693e-01  3.31928322e-01  9.22785494e-01
9.18676754e-01  3.01315087e-01  6.29848957e-01  9.63602935e-01  1.93363300e-01  6.63430588e-01
7.84119555e-01  5.19137528e-01  9.42575670e-01  9.11803029e-01  3.89410592e-01  9.48799353e-01
9.05398902e-01  2.86042148e-01  6.85518490e-01  9.55638060e-01  1.81969295e-01  7.17241573e-01
9.29935417e-01  3.79478041e-01  5.38638859e-01  9.75642917e-01  2.74131541e-01  5.66894100e-01
8.79629762e-01  2.91751578e-01  7.69705421e-01  9.41939997e-01  2.20684148e-01  7.95843728e-01
8.71976954e-01  2.98149216e-01  7.91535188e-01  9.40730192e-01  1.75000120e-01  8.14527480e-01
9.30620706e-01  2.99878719e-01  5.90012494e-01  9.66963283e-01  2.54782043e-01  6.27191297e-01
8.30466249e-01  2.46807249e-01  9.68017682e-01  9.16789732e-01  1.36379614e-01  9.77320036e-01
8.49431327e-01  3.44261529e-01  8.37444560e-01  9.31132299e-01  2.59956259e-01  8.55774291e-01
8.26577924e-01  2.51801242e-01  9.77932831e-01  9.14272797e-01  1.64912717e-01  9.86641195e-01
7.70007162e-01  6.38866900e-01  9.09990651e-01  9.17162010e-01  4.00583744e-01  9.11754094e-01
9.42053233e-01  2.40460104e-01  5.91051797e-01  9.67875656e-01  2.02674238e-01  6.33799218e-01
8.34677005e-01  6.35319603e-01  6.91729828e-01  9.49670750e-01  4.42527494e-01  6.93728391e-01
8.60630841e-01  8.36967949e-01  4.66683272e-01  9.72546595e-01  9.26474921e-01  4.30769633e-01
8.69982907e-01  2.46551190e-01  8.33169291e-01  9.34219040e-01  1.76339498e-01  8.55970285e-01
7.64782484e-01  5.68488309e-01  9.75339859e-01  9.05758093e-01  4.23564964e-01  9.79405626e-01
7.22415674e-01  7.70905040e-01  9.83487973e-01  9.03552422e-01  4.72472747e-01  9.81858068e-01
8.43910271e-01  4.29371722e-01  7.99168020e-01  9.36066405e-01  3.00306217e-01  8.14994765e-01
7.64054770e-01  7.40088250e-01  8.62014703e-01  9.20867301e-01  5.18588008e-01  8.59770256e-01
9.33847749e-01  2.30844239e-01  6.25871818e-01  9.63455966e-01  1.84110390e-01  6.67102594e-01
8.40587969e-01  2.16301745e-01  9.54021259e-01  9.18652497e-01  1.35447565e-01  9.65594742e-01
8.24161497e-01  8.35207238e-01  5.92465433e-01  9.60384467e-01  6.81262527e-01  5.67409209e-01
9.03662591e-01  3.66874723e-01  6.37199252e-01  9.59270802e-01  3.00830992e-01  6.66036153e-01
8.71182937e-01  4.31449648e-01  7.04587143e-01  9.49166709e-01  3.25743747e-01  7.24886436e-01
9.35664391e-01  2.16450143e-01  6.29081087e-01  9.63272418e-01  1.69464376e-01  6.71265167e-01
8.25264667e-01  7.38530956e-01  6.53936140e-01  9.47913714e-01  6.77540284e-01  6.48285609e-01
9.69831388e-01  2.20039603e-01  5.09932399e-01  9.79867927e-01  1.95638899e-01  5.58564085e-01
8.03134839e-01  3.52883115e-01  9.89813289e-01  9.11702127e-01  1.96987040e-01  9.95460214e-01
7.58983658e-01  6.19815689e-01  9.60512081e-01  9.07347322e-01  4.47387982e-01  9.63515224e-01
7.87207073e-01  8.49624145e-01  7.08990841e-01  9.43141867e-01  6.24236942e-01  6.91637687e-01
9.19286300e-01  3.93495319e-01  5.65560907e-01  9.71524872e-01  2.79521629e-01  5.92017987e-01
9.16739898e-01  4.99298253e-01  5.02862268e-01  9.78929010e-01  3.99524306e-01  5.15834302e-01
7.36505751e-01  7.67520799e-01  9.37629275e-01  9.10647545e-01  4.78442436e-01  9.34920974e-01
7.96528456e-01  4.47777117e-01  9.48637605e-01  9.14983783e-01  2.79127109e-01  9.55285847e-01
8.69307139e-01  7.91242116e-01  4.67898630e-01  9.71158044e-01  9.18224308e-01  4.41648390e-01
7.48619095e-01  6.20475330e-01  9.95481224e-01  9.02350555e-01  4.37641196e-01  9.97896363e-01
7.47450697e-01  6.51455331e-01  9.78565114e-01  9.05703962e-01  4.22863368e-01  9.79920578e-01
8.41957693e-01  3.17712153e-01  8.81195548e-01  9.25730181e-01  2.34207433e-01  8.97098087e-01
8.26120111e-01  2.48307462e-01  9.81855633e-01  9.14585624e-01  1.42818203e-01  9.89918050e-01
8.90567588e-01  5.40991097e-01  5.64141081e-01  9.69517826e-01  4.09612553e-01  5.73784294e-01
8.48103117e-01  2.17293487e-01  9.27673299e-01  9.21988717e-01  1.44433760e-01  9.42046738e-01
8.27679705e-01  6.69964394e-01  6.91956701e-01  9.43440623e-01  6.05018968e-01  6.94316889e-01
9.16024100e-01  2.21927475e-01  6.92484364e-01  9.54072737e-01  1.72953038e-01  7.29437515e-01
7.58915270e-01  5.74797749e-01  9.91129690e-01  9.04792037e-01  3.88263728e-01  9.94043622e-01
9.78835641e-01  2.99683571e-01  4.25724529e-01  9.91093816e-01  2.87659803e-01  4.65076039e-01
7.56365611e-01  6.04175920e-01  9.80311920e-01  9.06765004e-01  3.85884536e-01  9.82474285e-01
8.14466999e-01  9.22911863e-01  5.66399698e-01  9.61520999e-01  8.19429176e-01  5.27082060e-01
8.36475967e-01  7.28157518e-01  6.22633561e-01  9.52067503e-01  6.96791104e-01  6.17040340e-01
7.52421232e-01  6.57237240e-01  9.57679807e-01  9.09576399e-01  4.08102748e-01  9.58611580e-01
8.52969011e-01  7.76615610e-01  5.33586546e-01  9.69799809e-01  6.65785764e-01  5.10721085e-01
9.68330126e-01  3.21563542e-01  4.46551593e-01  9.87103759e-01  3.14276140e-01  4.83786571e-01
8.78113320e-01  7.08920363e-01  4.93366221e-01  9.71801042e-01  7.38652479e-01  4.80462116e-01
8.41211858e-01  6.61515774e-01  6.51724984e-01  9.54116127e-01  5.02168202e-01  6.50954834e-01
8.32163038e-01  5.87280488e-01  7.32738111e-01  9.44718279e-01  3.86722582e-01  7.38837444e-01
7.69792306e-01  7.81695930e-01  8.14331523e-01  9.27207377e-01  5.63022904e-01  8.08479137e-01
8.18848172e-01  3.97051904e-01  9.06312247e-01  9.22404348e-01  2.38989179e-01  9.16770198e-01
9.21333249e-01  5.59063221e-01  4.46839144e-01  9.81710736e-01  5.93014303e-01  4.51726788e-01
8.23000408e-01  6.92276576e-01  6.93184821e-01  9.45296987e-01  5.67087745e-01  6.91997032e-01
7.97417030e-01  8.12551507e-01  6.99126512e-01  9.44847788e-01  6.06040452e-01  6.85047077e-01
9.51546242e-01  3.54565791e-01  4.81620318e-01  9.84122734e-01  2.72512368e-01  5.12892720e-01
8.27429437e-01  2.34003293e-01  9.87035735e-01  9.12987936e-01  1.63189796e-01  9.95294603e-01
9.71703495e-01  3.14964237e-01  4.39480560e-01  9.89298347e-01  2.85483171e-01  4.76595567e-01
9.47829757e-01  4.04949492e-01  4.60317269e-01  9.85614995e-01  3.48449840e-01  4.85163903e-01
7.57208965e-01  6.74317155e-01  9.29793384e-01  9.12545616e-01  4.45361322e-01  9.30656969e-01
7.65728235e-01  5.85769488e-01  9.60445472e-01  9.08711054e-01  4.08769466e-01  9.64002677e-01
9.77443109e-01  2.82842454e-01  4.41548485e-01  9.89364424e-01  2.56568085e-01  4.83085735e-01
8.16517650e-01  1.00753641e+00  5.02286592e-01  9.68646760e-01  9.95753523e-01  4.39217149e-01
8.11251040e-01  8.31406446e-01  6.39138075e-01  9.52259694e-01  6.80676600e-01  6.19660835e-01
8.68857540e-01  2.40462947e-01  8.41123199e-01  9.33408084e-01  1.67233050e-01  8.63349403e-01
7.79763620e-01  5.35506186e-01  9.46411746e-01  9.10823000e-01  4.01935678e-01  9.52090375e-01
7.71415775e-01  5.52436770e-01  9.63508490e-01  9.08302595e-01  4.02762910e-01  9.68058954e-01
8.28981780e-01  7.52559261e-01  6.32067922e-01  9.51133353e-01  6.96376170e-01  6.23647912e-01
8.06273602e-01  6.15435332e-01  8.02190172e-01  9.32132652e-01  4.39826048e-01  8.06863931e-01
7.59540649e-01  5.85366049e-01  9.81859346e-01  9.04314970e-01  4.36859486e-01  9.85483069e-01
8.08962848e-01  3.22849837e-01  9.90169820e-01  9.12115906e-01  1.82391529e-01  9.96296330e-01
8.14553800e-01  3.11263417e-01  9.78885430e-01  9.13003185e-01  1.99569165e-01  9.86497467e-01
9.33820341e-01  2.04774912e-01  6.43259808e-01  9.61221864e-01  1.64873219e-01  6.85515170e-01
8.44175933e-01  7.39064925e-01  5.89265377e-01  9.61787543e-01  6.06681161e-01  5.76760327e-01
7.40175775e-01  6.71575195e-01  9.89842790e-01  9.02735488e-01  4.55598093e-01  9.91133294e-01
9.50928142e-01  3.73894294e-01  4.70688767e-01  9.85203080e-01  2.99705086e-01  4.99461379e-01
9.23554688e-01  2.80884547e-01  6.26970975e-01  9.64028228e-01  1.84901271e-01  6.62726198e-01
7.93587433e-01  6.47897399e-01  8.23625766e-01  9.26543165e-01  5.04818233e-01  8.27174258e-01
8.87572745e-01  3.98131644e-01  6.71076270e-01  9.55053418e-01  2.92457995e-01  6.95088413e-01
8.45241767e-01  2.31737358e-01  9.27701947e-01  9.22181466e-01  1.41609257e-01  9.41485820e-01
9.17734281e-01  4.71037364e-01  5.18536162e-01  9.77418045e-01  3.58227074e-01  5.35400181e-01
8.25700940e-01  3.07750371e-01  9.43167936e-01  9.18791472e-01  1.82216953e-01  9.53519523e-01
8.65452268e-01  8.21117666e-01  4.60907575e-01  9.71276055e-01  9.67968468e-01  4.28997072e-01
8.97518381e-01  2.15167314e-01  7.60271307e-01  9.44903477e-01  1.59130503e-01  7.91554577e-01
8.56684501e-01  2.20539663e-01  8.96161435e-01  9.26534996e-01  1.41714855e-01  9.13536295e-01
8.44531714e-01  6.62834223e-01  6.39194111e-01  9.51313989e-01  6.16786828e-01  6.41003613e-01
8.65822996e-01  3.03911670e-01  8.08671073e-01  9.36082755e-01  2.30293239e-01  8.31114710e-01
8.24775062e-01  3.82396140e-01  8.95951527e-01  9.22042282e-01  2.82925028e-01  9.08586419e-01
9.21699449e-01  3.16952054e-01  6.09267533e-01  9.65096977e-01  2.39968504e-01  6.43220616e-01
7.54682216e-01  8.04389642e-01  8.50642677e-01  9.22322646e-01  5.45172156e-01  8.44078647e-01
8.07794170e-01  8.64887480e-01  6.28353975e-01  9.53118874e-01  7.22837804e-01  6.04068729e-01
9.66558779e-01  4.12864180e-01  3.91290420e-01  9.94228321e-01  4.23126413e-01  4.12580101e-01
8.56020193e-01  3.01062238e-01  8.44385286e-01  9.32379672e-01  1.96677135e-01  8.63421796e-01
9.85345040e-01  3.49134808e-01  3.69818705e-01  9.98835572e-01  3.53937970e-01  3.99056961e-01
8.49016087e-01  2.06107319e-01  9.32103739e-01  9.21997398e-01  1.27153482e-01  9.46123218e-01
8.41029580e-01  1.77011413e-01  9.79030807e-01  9.15743944e-01  1.16586582e-01  9.88761028e-01
8.74234980e-01  2.57600570e-01  8.11185033e-01  9.38188553e-01  1.57927143e-01  8.34912263e-01
7.73306356e-01  6.91506427e-01  8.63191363e-01  9.20793036e-01  5.03444286e-01  8.63867818e-01
8.66006662e-01  3.01772997e-01  8.09487747e-01  9.38010825e-01  1.79326280e-01  8.30935219e-01
8.84402716e-01  7.26132292e-01  4.60264463e-01  9.73515852e-01  8.47183271e-01  4.43512564e-01
9.94205184e-01  2.95219435e-01  3.75932577e-01  9.98758402e-01  2.94143182e-01  4.13849555e-01
9.57173823e-01  3.92385838e-01  4.36873360e-01  9.90375211e-01  3.19307240e-01  4.61600946e-01
7.76107760e-01  5.64518644e-01  9.39322421e-01  9.11335897e-01  4.20383487e-01  9.44389197e-01
8.30781782e-01  3.28349308e-01  9.11905159e-01  9.23085284e-01  1.90082621e-01  9.24097349e-01
8.32285884e-01  8.76535956e-01  5.36818605e-01  9.63616749e-01  8.64349245e-01  5.02899247e-01
8.29647803e-01  2.70939007e-01  9.54526843e-01  9.17993602e-01  1.56888782e-01  9.64693863e-01
8.12305247e-01  3.07028675e-01  9.89427050e-01  9.11966942e-01  1.87278445e-01  9.96083230e-01
7.44374285e-01  8.10846175e-01  8.81504609e-01  9.18029037e-01  5.29155669e-01  8.75448205e-01
9.23514690e-01  3.56375267e-01  5.76164046e-01  9.67570714e-01  3.16718849e-01  6.08485209e-01
8.68306952e-01  2.19915736e-01  8.56871278e-01  9.31487764e-01  1.55531332e-01  8.78464709e-01
7.76616036e-01  5.06823167e-01  9.76525791e-01  9.08127384e-01  3.52303613e-01  9.81248980e-01
9.11085190e-01  5.73562607e-01  4.72065680e-01  9.81984980e-01  4.95987430e-01  4.73168142e-01
9.19649521e-01  3.13079261e-01  6.18586212e-01  9.62714552e-01  2.60101330e-01  6.53170458e-01
8.68735211e-01  5.70211448e-01  6.19009595e-01  9.56476532e-01  5.25676823e-01  6.29677287e-01
8.36726316e-01  2.52789255e-01  9.42589515e-01  9.18996321e-01  1.71715071e-01  9.54716867e-01
7.33483875e-01  7.58342194e-01  9.54148540e-01  9.07527991e-01  4.88737052e-01  9.52468684e-01
7.77030209e-01  5.26986210e-01  9.61503279e-01  9.12257671e-01  3.08033957e-01  9.65342461e-01
7.92784593e-01  7.21216336e-01  7.76591707e-01  9.35158084e-01  4.96993430e-01  7.73271958e-01
8.55645367e-01  8.50154395e-01  4.74816907e-01  9.71727994e-01  9.20702113e-01  4.37400337e-01
8.51046594e-01  2.69994658e-01  8.82047644e-01  9.27184965e-01  1.83897826e-01  8.99280318e-01
7.57842230e-01  6.62127287e-01  9.35855731e-01  9.10095648e-01  4.80690201e-01  9.37923479e-01
9.44132434e-01  3.80502014e-01  4.89445800e-01  9.80235104e-01  3.49669027e-01  5.19378280e-01
7.39411871e-01  6.84194225e-01  9.83937043e-01  9.05246247e-01  4.17383382e-01  9.84166868e-01
8.27597899e-01  2.36071360e-01  9.85064250e-01  9.13202943e-01  1.64953387e-01  9.93493770e-01
9.49956285e-01  2.81817328e-01  5.36143623e-01  9.75300060e-01  2.41164751e-01  5.76976016e-01
9.10505427e-01  3.44539636e-01  6.28595730e-01  9.60599042e-01  2.88456777e-01  6.59958970e-01
8.63055250e-01  2.42014647e-01  8.59901217e-01  9.31956875e-01  1.37811395e-01  8.79693015e-01
7.79051378e-01  5.21256513e-01  9.58464263e-01  9.12746851e-01  3.06474794e-01  9.62577595e-01
8.81709460e-01  6.99429124e-01  4.87485332e-01  9.71325614e-01  7.67159059e-01  4.76695167e-01
8.30898613e-01  2.33321566e-01  9.75642040e-01  9.15362127e-01  1.43773510e-01  9.84708943e-01
9.31415693e-01  2.31933709e-01  6.33147537e-01  9.62171153e-01  1.87966254e-01  6.73904518e-01
8.04493617e-01  7.88200500e-01  6.91382678e-01  9.47196920e-01  5.69304596e-01  6.78764012e-01
8.36371646e-01  7.38365932e-01  6.16101031e-01  9.53065181e-01  7.04344933e-01  6.08835076e-01
8.68456755e-01  7.79041778e-01  4.79037290e-01  9.75357198e-01  7.65370105e-01  4.51264965e-01
8.68800827e-01  3.29499572e-01  7.81229632e-01  9.41759599e-01  1.94941180e-01  8.03156473e-01
8.47298322e-01  4.80127183e-01  7.53340115e-01  9.42840362e-01  3.17815669e-01  7.67359426e-01
8.65507745e-01  7.75840475e-01  4.91272181e-01  9.71026737e-01  8.12129300e-01  4.67859158e-01
8.96072185e-01  2.75285037e-01  7.24641762e-01  9.48439778e-01  2.15417068e-01  7.55413390e-01
8.24559640e-01  7.75108844e-01  6.31661667e-01  9.54847104e-01  6.19145717e-01  6.17778390e-01
8.41815989e-01  2.82429095e-01  9.05195237e-01  9.25030935e-01  1.57864680e-01  9.19321745e-01
7.74518671e-01  5.95462066e-01  9.23869798e-01  9.16274988e-01  3.61291395e-01  9.26839385e-01
7.62091196e-01  7.54821249e-01  8.58781041e-01  9.21887447e-01  5.10013694e-01  8.55277243e-01
7.99893965e-01  4.96709272e-01  9.03816259e-01  9.21373933e-01  2.91975737e-01  9.10709036e-01
8.52121645e-01  8.30715475e-01  4.99972827e-01  9.67217471e-01  9.03532940e-01  4.70435458e-01
8.13199948e-01  9.38894018e-01  5.59943142e-01  9.61880008e-01  8.49425690e-01  5.17606859e-01
8.32143050e-01  2.56140332e-01  9.56286872e-01  9.18275252e-01  1.43930717e-01  9.66502743e-01
8.73777006e-01  7.91430766e-01  4.52500973e-01  9.75659732e-01  8.79952953e-01  4.21926457e-01
9.96454021e-01  2.53089336e-01  3.96679588e-01  9.95586964e-01  2.60603529e-01  4.42210378e-01
8.55767724e-01  1.89953960e-01  9.19936212e-01  9.23355835e-01  1.33277977e-01  9.35945434e-01
9.60465605e-01  4.31027062e-01  3.99552167e-01  9.95305065e-01  3.76864788e-01  4.16218940e-01
1.00056271e+00  2.68907740e-01  3.71968930e-01  1.00017424e+00  2.58612844e-01  4.13264328e-01
8.89409057e-01  6.65876983e-01  4.83823166e-01  9.79050358e-01  5.79390496e-01  4.72047631e-01
8.78514712e-01  3.48667139e-01  7.35403856e-01  9.47175165e-01  2.33976223e-01  7.59603581e-01
8.28654088e-01  3.09678458e-01  9.31775709e-01  9.19492466e-01  2.05684849e-01  9.43411436e-01
7.81590904e-01  6.11977220e-01  8.88557715e-01  9.16971310e-01  4.81942062e-01  8.93522549e-01
8.21765174e-01  6.76765054e-01  7.07574401e-01  9.41363645e-01  5.97701138e-01  7.09388391e-01
8.01959346e-01  5.44428682e-01  8.64850448e-01  9.22960968e-01  4.10276044e-01  8.72757978e-01
7.38679388e-01  7.20732884e-01  9.61779438e-01  9.07649133e-01  4.49595405e-01  9.61051460e-01
8.70619633e-01  3.40532174e-01  7.67570082e-01  9.43473666e-01  2.04834632e-01  7.89796632e-01
8.63240919e-01  2.01383680e-01  8.86687993e-01  9.28302617e-01  1.27402200e-01  9.05621009e-01
9.46503163e-01  3.23160578e-01  5.20041509e-01  9.76825335e-01  2.84929762e-01  5.56728200e-01
8.61003608e-01  5.94869398e-01  6.28784040e-01  9.54597675e-01  5.45291080e-01  6.37038059e-01
7.72735503e-01  7.01734641e-01  8.58240191e-01  9.23815815e-01  4.50661700e-01  8.57100903e-01
7.96858146e-01  3.89397962e-01  9.86614108e-01  9.09052261e-01  2.78777819e-01  9.92898661e-01
8.03155551e-01  3.76572471e-01  9.73752675e-01  9.11272837e-01  2.68644272e-01  9.81078574e-01
8.25121969e-01  7.78248997e-01  6.27621509e-01  9.55870449e-01  6.12677627e-01  6.12761357e-01
7.53669592e-01  6.69194145e-01  9.45344512e-01  9.10954208e-01  4.23589166e-01  9.46070831e-01
8.15921670e-01  5.75763507e-01  7.95700718e-01  9.31430682e-01  4.67508331e-01  8.04230199e-01
8.47611769e-01  2.66913782e-01  8.95863112e-01  9.25714795e-01  1.71178281e-01  9.11751751e-01
8.62613334e-01  7.31095825e-01  5.31355044e-01  9.64950332e-01  7.58960024e-01  5.19545803e-01
8.05719158e-01  6.58479181e-01  7.74736952e-01  9.32912543e-01  5.37497428e-01  7.77989645e-01
7.78312303e-01  6.40076606e-01  8.81093980e-01  9.17982086e-01  4.93750697e-01  8.84732386e-01
8.58295527e-01  7.60487661e-01  5.26272484e-01  9.69502855e-01  6.92223698e-01  5.06304058e-01
8.21344106e-01  2.62094844e-01  9.88869325e-01  9.13024590e-01  1.58438102e-01  9.96195745e-01
8.01032236e-01  6.35086984e-01  8.06537036e-01  9.29240636e-01  4.98087838e-01  8.10965066e-01
9.88411553e-01  2.99870546e-01  3.92586596e-01  9.96986158e-01  2.74535819e-01  4.29904782e-01
9.14609457e-01  2.57557470e-01  6.73273295e-01  9.57074098e-01  1.79997761e-01  7.08502281e-01
7.70016643e-01  5.96289254e-01  9.38692174e-01  9.10190068e-01  4.56453436e-01  9.43113501e-01
8.34627870e-01  5.57969671e-01  7.43797871e-01  9.39150531e-01  4.67951864e-01  7.54608775e-01
9.21139791e-01  4.28239901e-01  5.35781792e-01  9.71941258e-01  3.98592624e-01  5.60875706e-01
7.69201951e-01  6.56696932e-01  9.00708492e-01  9.18162734e-01  4.15167296e-01  9.01848011e-01
9.44646098e-01  2.21858436e-01  5.94746492e-01  9.67971666e-01  1.79205873e-01  6.38795080e-01
7.85197445e-01  4.40929141e-01  9.91678610e-01  9.09175917e-01  2.62278989e-01  9.96050813e-01
8.46224920e-01  2.36917335e-01  9.20846471e-01  9.22722055e-01  1.52946391e-01  9.35307386e-01
8.42334165e-01  7.14968103e-01  6.11520110e-01  9.53958321e-01  6.88717287e-01  6.06843367e-01
9.45890058e-01  3.72013774e-01  4.89169343e-01  9.81734775e-01  3.10511463e-01  5.19122679e-01
8.29265004e-01  5.73764171e-01  7.51760600e-01  9.41320350e-01  3.92634161e-01  7.59218228e-01
8.13863198e-01  3.60670573e-01  9.48196953e-01  9.16890499e-01  2.21008781e-01  9.56953416e-01
8.14847795e-01  7.95418768e-01  6.51135266e-01  9.48872901e-01  6.94196545e-01  6.38150652e-01
9.41875809e-01  3.88736926e-01  4.91598089e-01  9.79647719e-01  3.60182927e-01  5.20631674e-01
8.70446591e-01  7.64439020e-01  4.82093055e-01  9.69244080e-01  8.83394497e-01  4.62252470e-01
7.74914115e-01  5.65899918e-01  9.42468525e-01  9.10539625e-01  4.28543675e-01  9.47545332e-01
9.81923754e-01  3.34774314e-01  3.91197394e-01  9.97670876e-01  2.87724691e-01  4.22359493e-01
9.52329092e-01  3.56758152e-01  4.77466236e-01  9.83065249e-01  3.14197776e-01  5.09707749e-01
8.10194663e-01  3.95484177e-01  9.36936726e-01  9.15840421e-01  2.90896079e-01  9.46460137e-01
8.70631488e-01  6.69004426e-01  5.45862931e-01  9.64914441e-01  6.63078949e-01  5.42702470e-01
8.11626960e-01  7.09665726e-01  7.20008892e-01  9.39095664e-01  6.17874324e-01  7.19111400e-01
8.48640522e-01  2.79965477e-01  8.83539848e-01  9.27808082e-01  1.65006880e-01  8.99800831e-01
8.39856121e-01  2.04799592e-01  9.64285091e-01  9.17345741e-01  1.30865477e-01  9.75072263e-01
8.50291025e-01  8.67010085e-01  4.81734544e-01  9.69547513e-01  9.54252081e-01  4.43363382e-01
9.69650315e-01  3.41364347e-01  4.28679731e-01  9.90199163e-01  3.21839582e-01  4.62124585e-01
8.22459809e-01  8.70742397e-01  5.74298719e-01  9.62134612e-01  7.37536906e-01  5.42727981e-01
8.10110374e-01  6.74079567e-01  7.49207696e-01  9.40825987e-01  4.48433461e-01  7.48529561e-01
9.70816491e-01  2.40222338e-01  4.92947453e-01  9.82290690e-01  2.10050537e-01  5.39578723e-01
9.08486183e-01  5.28097592e-01  5.11624858e-01  9.72533997e-01  5.33269835e-01  5.24870742e-01
7.93489722e-01  4.33489090e-01  9.68365217e-01  9.10781379e-01  3.07384395e-01  9.74967078e-01
7.71997055e-01  5.11478115e-01  9.89166261e-01  9.05241426e-01  3.77636291e-01  9.93702465e-01
8.56246479e-01  2.90706816e-01  8.50302438e-01  9.30662361e-01  2.13862965e-01  8.69810487e-01
7.21415032e-01  7.50005516e-01  1.00101219e+00  9.01151770e-01  4.59833748e-01  1.00027877e+00
8.47767847e-01  8.08814886e-01  5.29626292e-01  9.66065570e-01  7.91044937e-01  5.04720873e-01
8.90590525e-01  6.65461318e-01  4.80066762e-01  9.73048470e-01  7.33877892e-01  4.73602977e-01
8.75257533e-01  7.54713494e-01  4.72220966e-01  9.79383086e-01  6.82994355e-01  4.45140603e-01
8.26205682e-01  2.88018102e-01  9.54761244e-01  9.17901259e-01  1.60503128e-01  9.64421877e-01
9.76253649e-01  3.07414063e-01  4.29031004e-01  9.92544953e-01  2.44378053e-01  4.65601072e-01
7.55185363e-01  5.94286788e-01  9.90720580e-01  9.04148307e-01  4.08092213e-01  9.93431119e-01
7.42069525e-01  6.92423620e-01  9.69302204e-01  9.07297893e-01  4.24642760e-01  9.69271235e-01
9.77555742e-01  3.59929516e-01  3.89144639e-01  9.95057718e-01  3.73256167e-01  4.18668264e-01
8.15488977e-01  3.38510980e-01  9.57299306e-01  9.14589080e-01  2.40626431e-01  9.66507288e-01
9.63884445e-01  3.56476346e-01  4.38179763e-01  9.87242099e-01  3.64266703e-01  4.70945894e-01
8.22529069e-01  8.37965589e-01  5.96181043e-01  9.59551450e-01  6.87287495e-01  5.71311430e-01
9.25907993e-01  2.99083319e-01  6.06650175e-01  9.66844576e-01  1.97529150e-01  6.41642757e-01
7.71005573e-01  5.10522638e-01  9.93199669e-01  9.06362271e-01  3.34252757e-01  9.96887289e-01
8.42594845e-01  8.37376020e-01  5.28025728e-01  9.68121748e-01  7.69197435e-01  4.96756854e-01
8.49250874e-01  2.72752493e-01  8.86322481e-01  9.27660592e-01  1.57505018e-01  9.02540730e-01
9.72999135e-01  3.86204870e-01  3.86980536e-01  9.97150651e-01  3.51996648e-01  4.10327938e-01
8.31928765e-01  2.33614926e-01  9.71924014e-01  9.15823135e-01  1.45359164e-01  9.81372758e-01
8.30799694e-01  9.39104164e-01  4.99673492e-01  9.69100254e-01  9.42601998e-01  4.49017683e-01
8.39180249e-01  1.90335511e-01  9.76356809e-01  9.15626769e-01  1.30191123e-01  9.86259393e-01
8.54764870e-01  7.35281568e-01  5.55344523e-01  9.67137384e-01  6.12959304e-01  5.40429055e-01
8.10311285e-01  3.30226753e-01  9.80583007e-01  9.12780121e-01  2.01053350e-01  9.87573337e-01
8.33401421e-01  4.86478701e-01  7.96234530e-01  9.33477529e-01  3.88823038e-01  8.09916921e-01
9.73083009e-01  2.31194162e-01  4.91296609e-01  9.82183656e-01  2.13706944e-01  5.39390936e-01
7.43405365e-01  7.02669944e-01  9.57822264e-01  9.08204362e-01  4.48620779e-01  9.57723170e-01
8.63298209e-01  6.52743582e-01  5.81890488e-01  9.65724418e-01  4.91966814e-01  5.78422699e-01
8.65531823e-01  4.63823101e-01  7.01748737e-01  9.47348715e-01  3.90358314e-01  7.20579700e-01
8.53716285e-01  7.95268665e-01  5.18445776e-01  9.69886734e-01  7.39106885e-01  4.92631534e-01
1.00057047e+00  2.64740969e-01  3.74754138e-01  9.99007468e-01  2.72042058e-01  4.17536731e-01
8.81526162e-01  7.23515135e-01  4.71857829e-01  9.72436597e-01  8.22338016e-01  4.56375525e-01
7.52600923e-01  7.06649278e-01  9.23717493e-01  9.13448619e-01  4.52571708e-01  9.23140758e-01
7.56083195e-01  6.81448018e-01  9.28826525e-01  9.10998515e-01  4.88918838e-01  9.30164648e-01
8.83490050e-01  7.50587578e-01  4.46879575e-01  9.74239206e-01  9.04660878e-01  4.25129526e-01
7.38304766e-01  7.25435194e-01  9.59885488e-01  9.07161790e-01  4.69962414e-01  9.59307088e-01
7.66671341e-01  5.70278216e-01  9.67678222e-01  9.07737881e-01  4.03424719e-01  9.71522893e-01
9.33832003e-01  5.19260040e-01  4.30999673e-01  9.89279815e-01  4.53349371e-01  4.36575506e-01
9.39568181e-01  2.82206818e-01  5.71370041e-01  9.69808752e-01  2.45441164e-01  6.11174220e-01
8.26639043e-01  2.54763684e-01  9.76022554e-01  9.14778417e-01  1.61477127e-01  9.84736397e-01
8.40828423e-01  8.72217095e-01  5.10548850e-01  9.70202448e-01  8.19618094e-01  4.71355337e-01
7.92711791e-01  4.66035093e-01  9.49057161e-01  9.12547100e-01  3.38869887e-01  9.56112346e-01
8.44904033e-01  9.01441897e-01  4.76903177e-01  9.70830990e-01  9.72507899e-01  4.30766191e-01
7.76185258e-01  7.97191915e-01  7.82031665e-01  9.32169450e-01  5.75360945e-01  7.73701905e-01
8.06923400e-01  4.60475015e-01  9.04252449e-01  9.21594752e-01  2.78120654e-01  9.12605765e-01
7.98013318e-01  8.60136894e-01  6.64975986e-01  9.47733048e-01  6.98453498e-01  6.44443667e-01
8.18039095e-01  7.75900928e-01  6.53404579e-01  9.52289961e-01  5.93311163e-01  6.40357162e-01
8.18260600e-01  5.71548460e-01  7.90852398e-01  9.33284876e-01  4.41083354e-01  7.99172875e-01
9.62021517e-01  2.97230781e-01  4.84821824e-01  9.84116875e-01  2.29892563e-01  5.23638082e-01
8.60941536e-01  5.14907794e-01  6.83255949e-01  9.51683559e-01  3.75942065e-01  6.96740065e-01
9.49451245e-01  3.39476979e-01  4.98959311e-01  9.79142219e-01  3.16660759e-01  5.34280640e-01
7.84960163e-01  7.86743772e-01  7.59102767e-01  9.36724327e-01  5.51838836e-01  7.50111429e-01
9.69453301e-01  3.98503289e-01  3.90794823e-01  9.92960735e-01  4.42134056e-01  4.15648442e-01
8.98973483e-01  2.10227558e-01  7.58633434e-01  9.45059189e-01  1.59587982e-01  7.90446448e-01
7.58019735e-01  7.03071619e-01  9.07616565e-01  9.14531329e-01  4.88025251e-01  9.07718269e-01
7.84665462e-01  7.99211504e-01  7.51694924e-01  9.35671316e-01  6.11854515e-01  7.42514566e-01
7.60358035e-01  6.08897306e-01  9.63184597e-01  9.06186790e-01  4.64583222e-01  9.66847290e-01
7.89918613e-01  4.59102241e-01  9.63280170e-01  9.10548872e-01  3.35193307e-01  9.69808567e-01
9.39111911e-01  5.34228232e-01  4.02861004e-01  9.89072931e-01  5.81897164e-01  4.07165143e-01
9.35651829e-01  4.05222085e-01  5.01737007e-01  9.79957231e-01  3.24264361e-01  5.27235117e-01
9.23890064e-01  5.28032497e-01  4.59044647e-01  9.85269681e-01  4.40860509e-01  4.65282115e-01
8.11169596e-01  3.68173247e-01  9.52337264e-01  9.16775047e-01  2.09898849e-01  9.60350622e-01
8.44818163e-01  2.48038925e-01  9.18146885e-01  9.22549066e-01  1.68443822e-01  9.32711143e-01
9.97750992e-01  2.86674240e-01  3.69585474e-01  9.98663079e-01  3.14734585e-01  4.09537295e-01
8.37297416e-01  2.19303654e-01  9.63238983e-01  9.17738654e-01  1.26338686e-01  9.73634500e-01
8.79400145e-01  7.36808580e-01  4.70150295e-01  9.71638761e-01  8.57446041e-01  4.53097964e-01
8.52449607e-01  2.54522706e-01  8.87695739e-01  9.26484893e-01  1.78577446e-01  9.05042914e-01
8.30869000e-01  5.45811945e-01  7.65144420e-01  9.40431029e-01  3.54478798e-01  7.74046059e-01
8.85543634e-01  1.94787610e-01  8.14937549e-01  9.37647955e-01  1.43062418e-01  8.41934204e-01
8.73256573e-01  7.38795130e-01  4.89798250e-01  9.69479057e-01  8.27927338e-01  4.74008247e-01
8.07936087e-01  3.56365108e-01  9.71057460e-01  9.14109108e-01  2.05080943e-01  9.78085801e-01
8.38379428e-01  6.87661620e-01  6.43458545e-01  9.49763717e-01  6.49451828e-01  6.43136223e-01
8.61859484e-01  6.31161228e-01  6.01369065e-01  9.57411860e-01  6.01904871e-01  6.05450851e-01
7.72486432e-01  5.15706057e-01  9.84641838e-01  9.08738161e-01  3.07496346e-01  9.88045952e-01
7.61832120e-01  6.34028843e-01  9.41186783e-01  9.09811015e-01  4.62481983e-01  9.44103226e-01
8.67770995e-01  2.77371982e-01  8.19926397e-01  9.35254893e-01  2.04417688e-01  8.42612104e-01
9.34502181e-01  2.76716601e-01  5.92382704e-01  9.69029096e-01  1.86308927e-01  6.30314329e-01
7.52331459e-01  7.30875272e-01  9.08288369e-01  9.15527526e-01  4.66391502e-01  9.06501657e-01
9.37292088e-01  4.87357558e-01  4.40707141e-01  9.87706404e-01  4.29290474e-01  4.52419896e-01
8.50863908e-01  7.02106444e-01  5.91356642e-01  9.59055381e-01  6.42322419e-01  5.85761809e-01
8.72923877e-01  3.44930950e-01  7.57025981e-01  9.42728417e-01  2.64199474e-01  7.80898174e-01
8.76623170e-01  4.45778972e-01  6.76033437e-01  9.55029695e-01  2.91800136e-01  6.94881058e-01
8.56011925e-01  2.19441606e-01  8.99200339e-01  9.25627623e-01  1.53508462e-01  9.16536184e-01
8.42778806e-01  8.77269111e-01  5.00476452e-01  9.72121030e-01  8.22094661e-01  4.58457678e-01
8.54329791e-01  1.78526417e-01  9.32562127e-01  9.21919178e-01  1.23692952e-01  9.47452446e-01
8.34371030e-01  3.20310536e-01  9.05364465e-01  9.23696825e-01  1.99037505e-01  9.18550311e-01
8.98427678e-01  2.76879480e-01  7.15518953e-01  9.51744713e-01  1.67440873e-01  7.45687519e-01
7.39794021e-01  7.25881858e-01  9.54495976e-01  9.08777419e-01  4.51024792e-01  9.53472592e-01
8.61688498e-01  3.08724870e-01  8.19549760e-01  9.36519816e-01  1.82144496e-01  8.39824773e-01
8.08207382e-01  7.23337251e-01  7.22465913e-01  9.39004603e-01  6.16063184e-01  7.20128532e-01
8.11065294e-01  8.01637075e-01  6.59862226e-01  9.49433415e-01  6.48763182e-01  6.45419390e-01
8.43789490e-01  9.01001184e-01  4.81008421e-01  9.72301449e-01  9.20482652e-01  4.33774764e-01
8.43192967e-01  8.04060446e-01  5.48464736e-01  9.66779948e-01  6.93021582e-01  5.23577621e-01
8.36710484e-01  2.73114312e-01  9.28926210e-01  9.21305377e-01  1.65199063e-01  9.41464282e-01
8.24785904e-01  2.68826078e-01  9.72565319e-01  9.14630294e-01  1.76799867e-01  9.81505581e-01
9.00490402e-01  6.69070178e-01  4.43810818e-01  9.84863312e-01  6.11531083e-01  4.27079078e-01
8.48759124e-01  8.63842201e-01  4.89106331e-01  9.74250396e-01  8.11665854e-01  4.47293927e-01
8.45694269e-01  3.36052595e-01  8.56051133e-01  9.29333407e-01  2.38250882e-01  8.73019640e-01
8.16805878e-01  9.36608312e-01  5.49166344e-01  9.64059533e-01  8.43148192e-01  5.05128726e-01
8.90071694e-01  6.36792560e-01  5.01186180e-01  9.77387464e-01  5.28473348e-01  4.94888136e-01
9.31392752e-01  2.83813776e-01  5.98215915e-01  9.66182504e-01  2.36934485e-01  6.36466795e-01
8.22909509e-01  2.65344663e-01  9.81327192e-01  9.14635910e-01  1.45149072e-01  9.89038128e-01
7.59622187e-01  6.45069247e-01  9.41585648e-01  9.12166313e-01  4.06190852e-01  9.42973370e-01
8.42537013e-01  2.45691010e-01  9.27525711e-01  9.20938362e-01  1.75286313e-01  9.41406278e-01
8.13473368e-01  4.32966958e-01  9.00734740e-01  9.20647735e-01  3.11662641e-01  9.11176200e-01
8.84011060e-01  7.33361289e-01  4.56724289e-01  9.74595982e-01  8.42334831e-01  4.37744110e-01
7.56067934e-01  6.08079886e-01  9.78396810e-01  9.08036451e-01  3.59723198e-01  9.80057993e-01
8.08082797e-01  8.59444734e-01  6.31041060e-01  9.53601710e-01  6.97213450e-01  6.07099037e-01
8.66053010e-01  7.59428067e-01  5.00484524e-01  9.67081626e-01  8.54072279e-01  4.83133418e-01
9.12949269e-01  2.65810014e-01  6.73375802e-01  9.55801823e-01  2.13552784e-01  7.08639023e-01
8.22623932e-01  2.96734745e-01  9.61116169e-01  9.15797699e-01  1.91543784e-01  9.70491917e-01
8.82140042e-01  2.39817231e-01  7.96177811e-01  9.40551746e-01  1.47737176e-01  8.22191207e-01
8.67294220e-01  2.12343548e-01  8.65441817e-01  9.30327578e-01  1.52980637e-01  8.86516216e-01
7.49115568e-01  6.14272853e-01  9.97971459e-01  9.03076022e-01  4.09172967e-01  1.00005058e+00
9.58485591e-01  3.76383884e-01  4.43190223e-01  9.89044920e-01  3.15820111e-01  4.70967054e-01
7.60162693e-01  6.03477010e-01  9.67512141e-01  9.09650809e-01  3.60632782e-01  9.69485639e-01
8.46798072e-01  7.33816941e-01  5.83549681e-01  9.56966615e-01  7.38886278e-01  5.75552312e-01
7.48147625e-01  7.24842562e-01  9.26654108e-01  9.11287182e-01  4.98214018e-01  9.26090360e-01
7.41738885e-01  6.67605680e-01  9.87180848e-01  9.02946681e-01  4.60258476e-01  9.88664227e-01
8.89647290e-01  6.85200143e-01  4.69969069e-01  9.74056673e-01  7.65244995e-01  4.59636261e-01
7.75903841e-01  5.78575406e-01  9.30531959e-01  9.11812238e-01  4.44140528e-01  9.35652939e-01
7.80326435e-01  4.99497110e-01  9.68793112e-01  9.11130775e-01  3.05232078e-01  9.73240625e-01
8.12149610e-01  3.34472144e-01  9.71435582e-01  9.12639147e-01  2.38028879e-01  9.79635732e-01
9.21114825e-01  5.73054204e-01  4.38144257e-01  9.85694520e-01  5.45561789e-01  4.37521905e-01
7.69440926e-01  5.41699696e-01  9.77801957e-01  9.08817286e-01  3.36553851e-01  9.81106798e-01
7.59599119e-01  6.94608074e-01  9.07932611e-01  9.15507267e-01  4.60824437e-01  9.07962837e-01
8.98461519e-01  2.97595767e-01  7.01423068e-01  9.53308182e-01  1.86312925e-01  7.31146752e-01
9.30823676e-01  5.16255435e-01  4.43304238e-01  9.83035303e-01  5.46967211e-01  4.54241650e-01
8.14101955e-01  8.51455150e-01  6.15868598e-01  9.56404470e-01  6.88571075e-01  5.91188914e-01
7.72615326e-01  5.96461807e-01  9.29696516e-01  9.11475101e-01  4.58759144e-01  9.34319710e-01
7.60080504e-01  6.21434524e-01  9.55671859e-01  9.08218080e-01  4.44499170e-01  9.58620790e-01
8.80774025e-01  2.62120435e-01  7.86091399e-01  9.41933354e-01  1.57005726e-01  8.11629983e-01
9.18551014e-01  2.17320677e-01  6.86960164e-01  9.55110645e-01  1.65361332e-01  7.24595695e-01
8.89998051e-01  6.07556486e-01  5.21464257e-01  9.70690531e-01  5.88270426e-01  5.24059897e-01
8.90577182e-01  7.04417299e-01  4.53824191e-01  9.75484094e-01  8.12404282e-01  4.39204660e-01
7.63729344e-01  5.77294180e-01  9.72995041e-01  9.05926719e-01  4.29378875e-01  9.76933755e-01
8.48135260e-01  2.22116701e-01  9.24606000e-01  9.22072160e-01  1.55922311e-01  9.39281141e-01
7.71826501e-01  8.37176569e-01  7.69939839e-01  9.33664267e-01  6.02150735e-01  7.57708139e-01
8.73947723e-01  7.35914232e-01  4.89381858e-01  9.77172149e-01  6.48975096e-01  4.67455622e-01
8.98859741e-01  5.61690426e-01  5.21842968e-01  9.70403219e-01  5.63876461e-01  5.31218814e-01
8.12925538e-01  3.37208483e-01  9.66937621e-01  9.13642897e-01  2.29420073e-01  9.75256047e-01
9.09620434e-01  6.50109195e-01  4.25414502e-01  9.80706878e-01  7.68786574e-01  4.16136127e-01
7.41041030e-01  6.86678268e-01  9.76693712e-01  9.05768736e-01  4.33073788e-01  9.77063504e-01
9.02875661e-01  6.31121170e-01  4.61270657e-01  9.83230252e-01  5.50014295e-01  4.52262663e-01
8.24728582e-01  8.86899154e-01  5.55644073e-01  9.61570045e-01  8.39795595e-01  5.21897618e-01
7.59204872e-01  7.86311865e-01  8.47390312e-01  9.22819972e-01  5.40812029e-01  8.41931359e-01
8.41768811e-01  8.14466035e-01  5.46605857e-01  9.65072400e-01  7.49529625e-01  5.21534585e-01
8.11830664e-01  8.43840649e-01  6.28766814e-01  9.54037988e-01  6.87496968e-01  6.06624147e-01
7.60452547e-01  7.49664589e-01  8.67859765e-01  9.20298220e-01  5.12058450e-01  8.64981764e-01
7.48320410e-01  6.87313473e-01  9.51392276e-01  9.08671291e-01  4.59819425e-01  9.52050310e-01
8.29702540e-01  3.28180302e-01  9.15706575e-01  9.22124308e-01  2.00379103e-01  9.27799065e-01
8.45865878e-01  3.83559572e-01  8.23105166e-01  9.32205076e-01  2.94434872e-01  8.40648789e-01
8.58884741e-01  7.74754274e-01  5.14631471e-01  9.65663707e-01  8.39383563e-01  4.95739994e-01
8.37941228e-01  2.20686375e-01  9.60105777e-01  9.17961109e-01  1.31931038e-01  9.70870346e-01
8.97800269e-01  6.80037868e-01  4.45599584e-01  9.78743311e-01  7.53209904e-01  4.32454666e-01
8.33302817e-01  6.91564799e-01  6.58168552e-01  9.47605962e-01  6.45673024e-01  6.57879507e-01
7.57042396e-01  5.99681288e-01  9.80733742e-01  9.03824467e-01  4.55156815e-01  9.84253871e-01
7.95269197e-01  4.26489243e-01  9.67009200e-01  9.10858944e-01  3.09578043e-01  9.73944997e-01
9.29204789e-01  2.71201101e-01  6.14202248e-01  9.64477584e-01  2.15472408e-01  6.52533990e-01
9.20058186e-01  2.31471595e-01  6.72261374e-01  9.56632057e-01  1.84757943e-01  7.10199288e-01
8.04905092e-01  3.95070666e-01  9.55289574e-01  9.13233129e-01  2.89109619e-01  9.63611015e-01
7.66445778e-01  5.55095736e-01  9.78695477e-01  9.05387824e-01  4.18453760e-01  9.83002846e-01
7.83806397e-01  5.45009235e-01  9.26184586e-01  9.13464451e-01  4.13720752e-01  9.32329496e-01
8.74338466e-01  7.31737989e-01  4.90865111e-01  9.76546819e-01  6.54412912e-01  4.70166146e-01
8.31925978e-01  8.83947140e-01  5.33047284e-01  9.66903129e-01  8.08812705e-01  4.95100372e-01
8.23820677e-01  2.99647283e-01  9.55061541e-01  9.17237066e-01  1.77510740e-01  9.64615181e-01
8.47797047e-01  6.48410366e-01  6.37772011e-01  9.51757596e-01  6.04653790e-01  6.41059552e-01
8.29342754e-01  8.55071400e-01  5.61358393e-01  9.60472738e-01  8.20648887e-01  5.33513838e-01
8.15649988e-01  5.34807634e-01  8.24567294e-01  9.29686565e-01  3.92514665e-01  8.33866484e-01
9.04864945e-01  6.34246972e-01  4.52364776e-01  9.77982253e-01  7.09840199e-01  4.47706184e-01
8.25164195e-01  7.08531391e-01  6.74524257e-01  9.45235757e-01  6.46671404e-01  6.72843148e-01
7.56508538e-01  6.11805712e-01  9.74374936e-01  9.04742075e-01  4.58115265e-01  9.77660675e-01
8.07355543e-01  5.14597360e-01  8.66545940e-01  9.23419373e-01  3.85798949e-01  8.75670760e-01
8.13855904e-01  3.32715598e-01  9.66790951e-01  9.13588947e-01  2.30770841e-01  9.75279089e-01
9.34266569e-01  3.20255676e-01  5.63806380e-01  9.71885711e-01  2.41235610e-01  5.98858380e-01
7.42047538e-01  7.53510376e-01  9.28149884e-01  9.12390074e-01  4.70241903e-01  9.25705044e-01
7.62177605e-01  6.14576926e-01  9.53134679e-01  9.08699204e-01  4.41222712e-01  9.56318248e-01
7.76533410e-01  8.02154978e-01  7.77493029e-01  9.33358811e-01  5.66236724e-01  7.68255092e-01
7.74934830e-01  5.44170841e-01  9.57063121e-01  9.09225661e-01  4.02930603e-01  9.62098118e-01
7.55022604e-01  6.36328434e-01  9.62901596e-01  9.06429853e-01  4.63433667e-01  9.65563113e-01
9.42145334e-01  2.69638539e-01  5.71046938e-01  9.70279511e-01  2.29479968e-01  6.11971385e-01
8.13381717e-01  3.10052640e-01  9.83708015e-01  9.13245024e-01  1.76059403e-01  9.90568083e-01
9.70011854e-01  3.81046581e-01  4.00666752e-01  9.94901494e-01  3.46783886e-01  4.26000084e-01
8.31586141e-01  8.13857606e-01  5.81506494e-01  9.58926577e-01  7.47973501e-01  5.60808422e-01
8.25711374e-01  2.48183669e-01  9.83335954e-01  9.14625309e-01  1.36566023e-01  9.91158569e-01
8.52829535e-01  1.80755458e-01  9.36183967e-01  9.21524680e-01  1.21285543e-01  9.50558505e-01
8.89916051e-01  6.73269334e-01  4.77102039e-01  9.73758767e-01  7.34771914e-01  4.68833469e-01
9.02472543e-01  6.39340191e-01  4.57101303e-01  9.81419629e-01  6.14733797e-01  4.48400493e-01
8.72317925e-01  7.81000910e-01  4.64524217e-01  9.78031697e-01  7.66373006e-01  4.33871359e-01
9.61614850e-01  3.03274168e-01  4.81834885e-01  9.82786834e-01  2.73688241e-01  5.21179854e-01
7.90490452e-01  8.99244233e-01  6.64286890e-01  9.48716761e-01  6.98050587e-01  6.38230529e-01
7.94393471e-01  4.77916417e-01  9.35293649e-01  9.17142929e-01  2.77001417e-01  9.41428151e-01
8.37779288e-01  3.00582032e-01  9.06735721e-01  9.23162878e-01  2.01963658e-01  9.20758604e-01
8.12900386e-01  3.34237286e-01  9.69028784e-01  9.13079439e-01  2.35646437e-01  9.77381301e-01
8.93967224e-01  4.87553300e-01  5.88885556e-01  9.65857780e-01  3.76728475e-01  6.05639378e-01
8.58793439e-01  7.80712257e-01  5.10923539e-01  9.72687417e-01  6.95102725e-01  4.85190313e-01
7.85277522e-01  7.28327299e-01  7.97441410e-01  9.31657201e-01  5.03348714e-01  7.94207075e-01
8.38833113e-01  1.85695501e-01  9.80674802e-01  9.15271667e-01  1.23556525e-01  9.90123620e-01
8.93202294e-01  5.56384223e-01  5.44751586e-01  9.67654280e-01  5.36965735e-01  5.55284908e-01
9.75895521e-01  3.24033887e-01  4.19039085e-01  9.91481413e-01  3.17450409e-01  4.54949937e-01
7.57799192e-01  6.42067993e-01  9.49540961e-01  9.08649702e-01  4.60488964e-01  9.52028693e-01
9.82044670e-01  3.04579068e-01  4.11160260e-01  9.94249600e-01  2.70442732e-01  4.48435338e-01
