4.97608230e-01  5.03153964e-01  4.95206052e-01
4.97513916e-01  4.95910047e-01  5.05048520e-01
5.01573847e-01  4.99384112e-01  4.95507111e-01
4.95394962e-01  4.98052213e-01  4.97587836e-01
4.95360897e-01  4.98219084e-01  5.03603393e-01
5.05262787e-01  4.95928692e-01  4.96888005e-01
5.03119087e-01  4.98659113e-01  5.03422273e-01
5.04450054e-01  5.04608328e-01  4.96997595e-01
4.95538648e-01  5.02025861e-01  5.02340371e-01
4.98231930e-01  5.00338419e-01  4.95324816e-01
5.02182482e-01  4.96205375e-01  4.97058179e-01
5.00834970e-01  5.01307034e-01  4.95749835e-01
4.95270460e-01  5.05499565e-01  4.97223959e-01
4.96368411e-01  4.96513001e-01  4.97230862e-01
4.97069783e-01  5.03095056e-01  5.02473523e-01
4.96035914e-01  4.96934792e-01  5.04836604e-01
5.01062775e-01  5.02944921e-01  5.00705623e-01
7.64025705e-01  7.48562072e-01  8.89441482e-01
4.97997545e-01  4.97568759e-01  5.01650537e-01
5.03286243e-01  4.97225799e-01  4.95199427e-01
4.97443629e-01  4.96320270e-01  5.01978825e-01
5.00206873e-01  4.98904036e-01  5.04584903e-01
3.98550196e-01  8.30408305e-01  4.85518725e-01
4.96376225e-01  5.00892393e-01  5.01607628e-01
5.00954340e-01  5.05678069e-01  5.03893654e-01
4.95273929e-01  5.00602839e-01  5.03937568e-01
4.98942422e-01  4.98692707e-01  5.02723183e-01
4.99207228e-01  5.01782711e-01  5.00393453e-01
5.01010462e-01  5.04849104e-01  5.03360285e-01
5.03606605e-01  4.97291257e-01  4.99354803e-01
4.99452982e-01  4.96521662e-01  4.99189358e-01
5.00136320e-01  5.01344683e-01  5.01337493e-01
4.96585746e-01  5.01922492e-01  4.95803017e-01
5.03513968e-01  5.03042674e-01  5.03627916e-01
5.00081110e-01  5.05573082e-01  5.04803958e-01
5.01736614e-01  4.97461474e-01  4.97132721e-01
8.53923926e-01  9.96677866e-01  4.38231608e-01
5.03675331e-01  5.04555213e-01  4.98778542e-01
4.95106475e-01  4.97817046e-01  4.96836587e-01
5.00775286e-01  4.98111855e-01  4.95792252e-01
4.96143472e-01  5.05589434e-01  4.95205296e-01
7.19720864e-01  4.32494274e-01  5.71682442e-01
4.96959511e-01  5.00812887e-01  5.00530917e-01
4.99848193e-01  5.03106397e-01  4.95963295e-01
7.25241721e-01  6.69291957e-01  2.50779692e-01
5.04634541e-01  4.99144892e-01  4.97808395e-01
5.00037710e-01  5.05828659e-01  4.96073545e-01
5.03666432e-01  5.00804078e-01  5.02344403e-01
5.05027620e-01  4.95906136e-01  5.01034558e-01
4.99954423e-01  5.00187992e-01  4.99501274e-01
5.02215098e-01  4.97188475e-01  5.05296520e-01
5.04722328e-01  4.97361237e-01  4.95207220e-01
5.01169268e-01  5.03695659e-01  4.99016480e-01
4.95458777e-01  4.99644172e-01  4.98671397e-01
5.00472021e-01  5.03358500e-01  4.96662253e-01
4.99406621e-01  4.99884500e-01  5.03886901e-01
4.96965542e-01  5.01887886e-01  4.99821390e-01
4.95638217e-01  5.02943815e-01  4.97401856e-01
4.97762762e-01  4.98326463e-01  5.01457386e-01
5.03903872e-01  4.96574782e-01  4.95213830e-01
5.03068047e-01  5.05670909e-01  4.95539594e-01
5.01942932e-01  4.96464013e-01  5.00698466e-01
4.99332067e-01  5.06044528e-01  5.04900720e-01
4.98020635e-01  4.97029899e-01  4.99621426e-01
4.96561449e-01  5.04666296e-01  4.98289097e-01
4.95487359e-01  4.98712183e-01  5.04322586e-01
4.96376519e-01  5.02208191e-01  4.95712731e-01
5.03227937e-01  5.05410461e-01  5.03935885e-01
5.04546763e-01  4.99365461e-01  5.01352470e-01
5.02212346e-01  5.04510629e-01  5.03482843e-01
5.00065614e-01  5.03083702e-01  5.00109258e-01
5.00076137e-01  5.01062668e-01  4.97616873e-01
3.16257279e-01  3.53341329e-01  4.95675931e-01
5.01719630e-01  4.96389625e-01  4.96410425e-01
4.95997126e-01  4.98706830e-01  4.98338868e-01
5.02549716e-01  4.99305034e-01  5.04482051e-01
4.99537952e-01  5.02900266e-01  5.04256081e-01
5.01450807e-01  5.00262875e-01  4.96787027e-01
5.03815130e-01  5.04293538e-01  4.95956983e-01
4.98843724e-01  4.96713338e-01  4.95494856e-01
5.01440143e-01  4.99653010e-01  5.02493731e-01
5.02138379e-01  4.99632746e-01  5.01980713e-01
5.00090528e-01  4.97967557e-01  5.05271933e-01
5.00289738e-01  4.98842953e-01  4.95604762e-01
4.97125700e-01  4.96294484e-01  4.98935007e-01
5.03858682e-01  5.02854496e-01  4.97050672e-01
5.03323749e-01  4.97903134e-01  4.98688677e-01
4.96431590e-01  4.99219827e-01  5.02251468e-01
4.98212310e-01  5.03799521e-01  4.99968776e-01
4.95209083e-01  5.02663495e-01  4.95949511e-01
5.00171538e-01  4.97212118e-01  5.01019903e-01
4.96394784e-01  5.00566533e-01  4.96716104e-01
5.01036189e-01  5.05811300e-01  5.01166495e-01
5.04461037e-01  4.96750648e-01  4.95215180e-01
4.98035934e-01  5.05282338e-01  5.04499947e-01
5.04302738e-01  5.00883329e-01  4.99971595e-01
4.98305938e-01  4.97612336e-01  4.97662681e-01
5.04823109e-01  5.00752323e-01  5.02019935e-01
5.04490692e-01  4.97852986e-01  4.99477083e-01
4.96844711e-01  5.04514641e-01  5.04673340e-01
5.01600937e-01  5.02246317e-01  5.02391274e-01
4.96935141e-01  5.03159383e-01  5.04220935e-01
4.96751127e-01  4.99283798e-01  4.99675123e-01
4.89430809e-01  9.81121526e-01  6.00620632e-01
4.97543966e-01  5.05305600e-01  5.03585041e-01
5.00769206e-01  5.05868865e-01  4.95384133e-01
8.28496817e-01  6.92787352e-01  7.19248527e-01
9.65052388e-01  8.28842092e-01  3.89639127e-01
4.95953613e-01  5.05849889e-01  5.02019519e-01
5.30009622e-01  2.52180969e-01  9.82456894e-01
4.95616806e-01  5.03775563e-01  5.00955427e-01
5.01334122e-01  4.99239694e-01  4.99810412e-01
4.96773032e-01  5.04830625e-01  4.98986705e-01
4.95451840e-01  5.03758391e-01  5.04938059e-01
4.99648096e-01  5.05023295e-01  5.02418506e-01
5.01265739e-01  5.00378131e-01  4.96241325e-01
5.02060064e-01  5.01446387e-01  4.99219152e-01
4.97936174e-01  4.98924966e-01  4.99926523e-01
4.96331811e-01  4.96876750e-01  5.03229721e-01
4.96983615e-01  5.01484256e-01  4.95670612e-01
5.04743595e-01  5.02042355e-01  4.97362665e-01
9.38337766e-01  2.80759135e-01  8.19156136e-01
4.98026013e-01  4.97853159e-01  5.02855589e-01
4.99525439e-01  5.01429834e-01  4.97581958e-01
5.03574523e-01  4.97718981e-01  4.96660784e-01
4.96469697e-01  5.00803541e-01  4.98337490e-01
4.95176333e-01  4.96468624e-01  4.96090875e-01
7.09399974e-01  2.63123094e-01  9.62123446e-01
4.97689222e-01  4.96369543e-01  4.99164632e-01
4.97407626e-01  4.99799028e-01  4.97017479e-01
4.95758353e-01  5.03985018e-01  5.04449212e-01
4.71974889e-01  7.16754120e-01  8.45573296e-01
4.97757437e-01  4.98946656e-01  4.98015317e-01
5.01053305e-01  4.97133555e-01  5.01180951e-01
5.03047313e-01  4.97655754e-01  5.00497116e-01
4.95167771e-01  5.01889553e-01  4.97865940e-01
5.01621120e-01  5.03756853e-01  4.97748425e-01
4.96216756e-01  5.03915419e-01  4.95702448e-01
5.00614778e-01  5.00761052e-01  4.98836863e-01
5.02711255e-01  5.01317701e-01  4.95978000e-01
4.96742453e-01  5.00929816e-01  5.02147628e-01
4.98516277e-01  5.05457350e-01  4.95825894e-01
5.01325987e-01  4.96736131e-01  4.97243601e-01
5.04656688e-01  5.03903182e-01  4.96680981e-01
5.00558108e-01  5.04957451e-01  4.99860978e-01
5.03399767e-01  5.05543767e-01  5.04572869e-01
5.02384958e-01  4.98011049e-01  4.96979309e-01
4.97097640e-01  4.96865878e-01  5.05085398e-01
4.96519111e-01  5.04798144e-01  5.04457175e-01
4.98184415e-01  4.96484740e-01  4.99082807e-01
4.96780606e-01  4.98347773e-01  5.04450491e-01
5.01137606e-01  5.05558815e-01  4.97201921e-01
5.00655152e-01  5.05285808e-01  4.98615273e-01
5.03020222e-01  4.97531412e-01  4.99160315e-01
4.96567386e-01  5.04342444e-01  5.01468076e-01
4.98019034e-01  5.01764722e-01  4.95620710e-01
5.00667638e-01  5.01720325e-01  5.02433351e-01
4.97863952e-01  4.99321873e-01  5.01185658e-01
4.97635261e-01  4.96884275e-01  5.00388632e-01
5.00175173e-01  5.03833445e-01  5.01570912e-01
4.97766821e-01  4.96578089e-01  5.01058664e-01
5.04465205e-01  5.03652341e-01  4.95577797e-01
5.05154225e-01  4.96963508e-01  5.04981369e-01
4.97021116e-01  5.00725598e-01  5.04793555e-01
5.03139957e-01  4.98500369e-01  4.98577426e-01
5.02990711e-01  4.96659839e-01  5.01398733e-01
7.85937846e-01  4.75707525e-01  2.57202221e-01
5.04554160e-01  4.97745277e-01  5.05086355e-01
4.95411178e-01  4.96014743e-01  4.99265023e-01
4.99277321e-01  4.97447786e-01  5.01039608e-01
5.04038105e-01  4.98716305e-01  4.99586612e-01
5.04138248e-01  5.02269875e-01  5.03046826e-01
4.99221464e-01  5.00321045e-01  4.95863234e-01
4.97749828e-01  5.02456579e-01  4.96917449e-01
5.03769109e-01  4.97307350e-01  5.00059713e-01
4.97503533e-01  4.96227085e-01  4.96911063e-01
5.75514895e-01  4.61096520e-01  9.68861495e-01
5.00465045e-01  5.00631193e-01  5.03879058e-01
4.96969584e-01  5.01150952e-01  4.97495517e-01
5.01990189e-01  4.97900831e-01  5.04473803e-01
3.99213707e-01  7.44610368e-01  4.29936931e-01
5.04681685e-01  5.01471860e-01  5.04449102e-01
5.01530227e-01  5.01216643e-01  5.04738392e-01
5.05259322e-01  4.99122982e-01  5.05001908e-01
4.96610792e-01  4.98144253e-01  4.96855881e-01
5.03095130e-01  4.95898103e-01  5.03876163e-01
4.99594816e-01  5.04718099e-01  5.00207994e-01
5.01850776e-01  5.02622891e-01  5.00810040e-01
4.97289027e-01  4.97532153e-01  4.98799325e-01
4.96948468e-01  5.02047055e-01  4.96707272e-01
5.00101543e-01  4.96780515e-01  5.02454551e-01
6.41240267e-01  7.32466083e-01  5.39018818e-01
5.02739403e-01  4.95989174e-01  5.03751413e-01
5.02103839e-01  4.97916536e-01  4.96386612e-01
4.96342283e-01  5.02316641e-01  4.95613730e-01
5.02752460e-01  5.05632930e-01  4.99668237e-01
5.01350749e-01  5.01454916e-01  4.98272781e-01
4.99591257e-01  4.98352362e-01  5.03349294e-01
4.98510936e-01  5.05869748e-01  4.97179042e-01
5.81379326e-01  4.42910324e-01  4.52965068e-01
4.68910636e-01  7.61248708e-01  6.30626985e-01
5.00091731e-01  5.01061358e-01  4.97295793e-01
4.96457546e-01  4.99137269e-01  4.99164332e-01
4.98816550e-01  4.96916139e-01  5.01607597e-01
5.00243404e-01  5.03035779e-01  5.01908613e-01
5.02807437e-01  4.99820888e-01  5.02302155e-01
5.04271619e-01  4.97811246e-01  4.98386774e-01
4.96692545e-01  4.98309385e-01  4.95869156e-01
4.99399030e-01  5.02409984e-01  4.95543406e-01
5.00502468e-01  5.00163550e-01  5.01797939e-01
5.05066182e-01  4.97074781e-01  5.01268056e-01
5.01418778e-01  5.01406607e-01  5.01135850e-01
5.00403833e-01  4.98001140e-01  5.01224993e-01
7.55605988e-01  3.00629109e-01  9.32607658e-01
4.98730045e-01  4.98444327e-01  4.99466375e-01
5.01412013e-01  4.99860409e-01  5.01171624e-01
4.98291436e-01  5.03473285e-01  4.99202545e-01
4.18600685e-01  7.68014793e-01  2.93444540e-01
5.03791176e-01  5.03089557e-01  5.03200041e-01
8.15992007e-01  3.78084732e-01  4.09926362e-01
4.98695047e-01  4.98856646e-01  5.00231267e-01
5.05066452e-01  5.04287640e-01  4.96223160e-01
5.04482485e-01  4.96065342e-01  5.01936463e-01
7.91322538e-01  6.19837654e-01  6.90966097e-01
4.94137506e-01  4.90203617e-01  9.35601988e-01
5.05069208e-01  4.98099318e-01  4.97665312e-01
4.96202027e-01  4.96262582e-01  4.98355050e-01
8.11609117e-01  3.89172388e-01  3.84375290e-01
5.00412054e-01  4.97093179e-01  5.05051372e-01
4.95739493e-01  5.00253052e-01  4.98830344e-01
5.04086834e-01  5.02597463e-01  4.98639411e-01
5.03001068e-01  5.00417563e-01  5.03079750e-01
4.95184373e-01  5.01438527e-01  4.97353092e-01
5.02929817e-01  5.05145520e-01  5.00907767e-01
4.98314061e-01  5.03660614e-01  4.96858961e-01
5.00763274e-01  5.02439602e-01  5.04046019e-01
4.98156559e-01  4.98975857e-01  4.98454695e-01
7.00784573e-01  9.79745219e-01  9.95277044e-01
5.04408378e-01  5.02450563e-01  4.99859349e-01
4.98036275e-01  5.01616710e-01  4.95530773e-01
5.02864988e-01  5.02309171e-01  5.00855521e-01
7.13330688e-01  2.85556591e-01  2.60370752e-01
8.20404307e-01  5.12179806e-01  2.51841341e-01
4.99966028e-01  5.03383367e-01  5.04693307e-01
4.98956469e-01  5.05512385e-01  5.04223930e-01
4.96978880e-01  4.96979743e-01  4.97033723e-01
4.98065714e-01  5.03931317e-01  4.98372137e-01
8.71517658e-01  5.08352449e-01  6.33876331e-01
5.01910934e-01  4.96260134e-01  5.04373198e-01
5.02775382e-01  5.01482044e-01  5.02488645e-01
5.02951085e-01  5.04102573e-01  5.02341621e-01
5.02032585e-01  4.98868071e-01  4.96991021e-01
5.05244432e-01  5.03699021e-01  4.96497628e-01
5.03993265e-01  5.03423840e-01  4.98659007e-01
4.98659017e-01  5.04484911e-01  5.01908241e-01
5.03100461e-01  5.04061832e-01  5.02865012e-01
4.97842209e-01  5.05123859e-01  4.96954521e-01
4.98252748e-01  5.03913053e-01  4.99931012e-01
4.95208706e-01  4.99298301e-01  4.98795902e-01
5.01581145e-01  5.03101057e-01  5.05189890e-01
4.96113886e-01  4.98539450e-01  4.96292716e-01
4.95152637e-01  5.03787356e-01  4.98909305e-01
5.01839689e-01  5.00133180e-01  4.95478322e-01
5.00569131e-01  4.98415239e-01  4.97733898e-01
5.04450407e-01  4.97884112e-01  4.95371199e-01
4.99536057e-01  4.98592106e-01  4.97388206e-01
5.04759205e-01  4.99974538e-01  5.02764536e-01
5.01382117e-01  4.96649063e-01  4.96859431e-01
5.04219574e-01  4.98881801e-01  4.96886032e-01
4.96972801e-01  5.01296310e-01  4.95797451e-01
5.01420063e-01  4.96524081e-01  5.01671732e-01
5.03535030e-01  5.02075649e-01  4.96793573e-01
5.00361176e-01  4.97497065e-01  4.96323096e-01
4.95944190e-01  4.97872994e-01  4.99846031e-01
5.02100384e-01  5.05685513e-01  5.02369973e-01
4.96014118e-01  5.05876602e-01  5.02658907e-01
4.96472958e-01  5.03086869e-01  4.96743989e-01
5.00492248e-01  5.01530499e-01  4.99010615e-01
4.96569491e-01  4.98182196e-01  4.98730220e-01
4.99842414e-01  5.04376719e-01  5.01041213e-01
5.01560123e-01  5.04726402e-01  5.01556615e-01
5.01685391e-01  5.03431215e-01  4.95397316e-01
5.02650489e-01  4.98877034e-01  4.98036615e-01
5.01634800e-01  4.98166027e-01  4.99209072e-01
5.04369411e-01  5.04194311e-01  5.04462603e-01
5.00705179e-01  5.01015236e-01  5.04558794e-01
4.98835102e-01  4.96392404e-01  5.00909365e-01
3.35490836e-01  5.38858681e-01  4.04503617e-01
4.99134877e-01  4.98349058e-01  4.98974534e-01
4.95655839e-01  4.99874907e-01  5.05230235e-01
5.01992554e-01  4.96010617e-01  4.97181268e-01
5.01236731e-01  4.98177065e-01  4.99414723e-01
4.95704051e-01  5.02301703e-01  4.96098608e-01
4.98629837e-01  5.04908450e-01  4.96151064e-01
5.02706770e-01  5.03861605e-01  4.95923413e-01
4.99602432e-01  5.03818134e-01  4.97674735e-01
5.05173198e-01  4.96455599e-01  5.02713700e-01
4.98993303e-01  5.00684410e-01  5.00771466e-01
5.03850251e-01  4.96452572e-01  4.96269843e-01
4.99613228e-01  5.05998340e-01  5.02285584e-01
4.95162095e-01  5.03005524e-01  5.04948053e-01
2.85174420e-01  2.60623548e-01  7.61541373e-01
4.98134577e-01  5.02822027e-01  5.02249442e-01
4.97191408e-01  4.97547208e-01  5.00595674e-01
5.02483178e-01  5.01200739e-01  4.96800421e-01
4.98769453e-01  5.04663791e-01  5.02362616e-01
4.97019747e-01  5.03580260e-01  5.02700220e-01
4.98888536e-01  4.98237828e-01  4.95670182e-01
5.03153565e-01  5.02550089e-01  4.95265658e-01
5.02610863e-01  5.05902283e-01  5.00255365e-01
5.02711439e-01  5.03663607e-01  5.04128179e-01
4.99787985e-01  5.04745919e-01  5.03086072e-01
4.98204076e-01  4.96482597e-01  4.95651331e-01
5.04567036e-01  5.04658344e-01  4.99888544e-01
5.04380383e-01  5.02372853e-01  4.98543483e-01
5.01083554e-01  5.00770723e-01  4.95218609e-01
4.96076637e-01  5.04264901e-01  4.99967102e-01
4.95554592e-01  5.04928874e-01  4.95269425e-01
5.04407811e-01  5.06069648e-01  5.05052789e-01
4.97625649e-01  5.02690416e-01  5.01077278e-01
5.03047614e-01  5.04344859e-01  5.01252156e-01
5.02003508e-01  4.96809842e-01  4.97298453e-01
5.03256440e-01  4.98263984e-01  5.03553234e-01
4.96868216e-01  4.96000280e-01  5.01220918e-01
5.03589871e-01  4.98343282e-01  5.03704025e-01
5.02821736e-01  4.99655999e-01  4.99865033e-01
5.02161332e-01  4.97892050e-01  5.03007826e-01
5.03934351e-01  4.98797022e-01  5.02788102e-01
4.96095013e-01  4.98022296e-01  4.95546371e-01
4.96338099e-01  5.03189784e-01  4.98991005e-01
4.97468106e-01  5.01459073e-01  4.95792207e-01
5.00952213e-01  4.97611668e-01  5.00554450e-01
4.95519679e-01  5.02111783e-01  4.96873884e-01
5.03421975e-01  5.01919798e-01  4.95617953e-01
5.04447267e-01  4.96196571e-01  5.04519426e-01
5.03186181e-01  5.00319209e-01  4.95621495e-01
5.00500668e-01  5.04215113e-01  4.98559578e-01
5.01772149e-01  5.03159735e-01  4.97895068e-01
5.05149842e-01  5.01214171e-01  5.00017757e-01
4.99981694e-01  5.03191673e-01  4.96972035e-01
4.99502374e-01  4.96240833e-01  5.03249448e-01
5.00432181e-01  5.02414979e-01  5.01890596e-01
4.96521903e-01  5.02099172e-01  5.05229795e-01
5.02416343e-01  4.96637934e-01  5.00968298e-01
5.05208871e-01  5.00199171e-01  5.03781881e-01
4.95362151e-01  4.95989697e-01  5.04673181e-01
5.02154775e-01  5.05269795e-01  4.98145816e-01
5.02284241e-01  4.98573322e-01  5.00490793e-01
5.04642450e-01  5.01692961e-01  4.98759790e-01
5.02159995e-01  5.04034515e-01  4.96859318e-01
4.99405088e-01  5.00411134e-01  5.03404852e-01
5.00833121e-01  5.01809347e-01  4.99006085e-01
4.96776975e-01  4.96627539e-01  5.02465191e-01
5.04464129e-01  5.01308558e-01  5.00589403e-01
5.03662932e-01  5.00485556e-01  4.97967818e-01
4.97037739e-01  5.03589262e-01  4.99696448e-01
5.04028758e-01  5.02216853e-01  5.04913921e-01
5.00882913e-01  4.99134050e-01  5.02075436e-01
4.97858161e-01  4.98675118e-01  5.00785489e-01
5.03427459e-01  5.03314876e-01  5.02633833e-01
5.03908993e-01  4.96226430e-01  4.96352701e-01
4.95244897e-01  5.00388437e-01  4.95507425e-01
5.02651299e-01  5.03278719e-01  5.04514637e-01
5.05081015e-01  5.01501943e-01  5.02819608e-01
5.01479923e-01  5.03182010e-01  5.04840927e-01
5.02889238e-01  4.98838075e-01  5.02727290e-01
5.02238318e-01  4.97809324e-01  5.01575600e-01
5.02439853e-01  5.05193337e-01  4.95846664e-01
5.00418800e-01  4.96370110e-01  5.04136538e-01
5.02954194e-01  4.96049938e-01  4.96285268e-01
4.97146806e-01  5.00045992e-01  5.01329056e-01
5.00396065e-01  4.99201894e-01  5.05203745e-01
4.99393266e-01  5.01569780e-01  5.03442999e-01
4.95099294e-01  4.97603270e-01  5.01909803e-01
4.95221107e-01  5.03747793e-01  4.96182957e-01
4.96637440e-01  5.00191378e-01  4.99414275e-01
4.96963281e-01  4.97412695e-01  5.03483115e-01
4.95905845e-01  4.98562417e-01  4.96731413e-01
4.97975855e-01  5.04701939e-01  4.95983275e-01
5.05224246e-01  5.04971067e-01  5.00941599e-01
4.97264069e-01  4.99978279e-01  4.98085181e-01
5.00981388e-01  5.05299193e-01  4.96577914e-01
5.13743407e-01  5.41680940e-01  9.81205233e-01
4.95534825e-01  5.04430007e-01  5.03175983e-01
4.97051806e-01  5.04581383e-01  5.04336922e-01
5.04132358e-01  4.98230336e-01  5.05000312e-01
4.99642940e-01  5.00242265e-01  5.04872220e-01
4.98279251e-01  4.97721752e-01  4.99130172e-01
4.97442196e-01  5.03966228e-01  4.97907871e-01
5.02116209e-01  5.00446972e-01  5.05323006e-01
4.98842554e-01  4.96694686e-01  5.04409146e-01
2.52963134e-01  9.97810094e-01  7.85549457e-01
4.75528678e-01  9.74361949e-01  3.94869021e-01
7.37803527e-01  4.32213272e-01  2.98227854e-01
5.00654172e-01  4.97960390e-01  5.00097999e-01
5.00879113e-01  5.02786774e-01  5.00629242e-01
4.97115061e-01  4.98676113e-01  4.96682848e-01
5.02354403e-01  5.00776150e-01  5.00934045e-01
5.02527733e-01  5.01946730e-01  5.03838024e-01
5.01592598e-01  5.00950410e-01  5.03754180e-01
4.98491114e-01  4.98305219e-01  5.01122988e-01
5.05183308e-01  5.05814258e-01  5.00765568e-01
4.97394132e-01  5.05868367e-01  5.02537186e-01
4.96930599e-01  4.99691052e-01  5.04994093e-01
5.04640068e-01  5.00868758e-01  4.95863963e-01
4.97745673e-01  5.05242025e-01  5.04727768e-01
5.03143152e-01  4.99643157e-01  5.00694731e-01
5.04808840e-01  5.03197366e-01  5.02897959e-01
8.64471856e-01  4.19605727e-01  8.41576344e-01
4.96276558e-01  5.04574482e-01  5.01749079e-01
4.96813682e-01  5.03514279e-01  4.99293699e-01
5.04730053e-01  4.99404880e-01  4.95640402e-01
4.98775195e-01  4.99826816e-01  5.05031608e-01
4.95207012e-01  4.99082613e-01  5.02582941e-01
4.95334127e-01  4.96505561e-01  5.01950463e-01
4.97904048e-01  4.99086928e-01  5.04979079e-01
5.04193838e-01  5.02467928e-01  4.97762572e-01
5.03535585e-01  4.98035958e-01  5.03701657e-01
6.23885029e-01  5.25929882e-01  7.57993248e-01
4.99787972e-01  5.01390532e-01  5.04773452e-01
4.99721641e-01  5.04092838e-01  5.01551188e-01
5.04930773e-01  4.99174861e-01  5.05323933e-01
4.97072093e-01  4.98589712e-01  4.96722506e-01
4.96365136e-01  5.00383771e-01  4.95558961e-01
5.02802720e-01  4.99216182e-01  4.98350116e-01
4.98391440e-01  5.01040147e-01  4.95204415e-01
5.04631899e-01  4.96345080e-01  5.04125311e-01
4.98917133e-01  4.99200151e-01  5.00631871e-01
5.04577565e-01  5.04990911e-01  5.04716594e-01
5.02861224e-01  4.98759184e-01  4.99575270e-01
5.00358546e-01  5.00586424e-01  5.00162878e-01
5.03291462e-01  5.02392634e-01  4.98633881e-01
9.12959340e-01  8.90475812e-01  2.50932081e-01
9.31493782e-01  9.58926687e-01  7.56906581e-01
5.00067991e-01  5.01742513e-01  4.96111639e-01
4.97368960e-01  5.03403978e-01  5.04504672e-01
5.04888971e-01  5.01665976e-01  5.00759996e-01
5.00903709e-01  5.02811065e-01  4.98506538e-01
5.03533753e-01  5.05362404e-01  5.04317305e-01
6.34858536e-01  3.29077072e-01  2.99324653e-01
4.97389363e-01  4.98725263e-01  5.02189055e-01
5.02497150e-01  5.05222144e-01  5.00252990e-01
5.04512811e-01  5.02248311e-01  4.97918397e-01
5.01675536e-01  5.02853750e-01  4.98065821e-01
5.01109519e-01  5.00131376e-01  4.98310206e-01
4.96546837e-01  5.00262983e-01  5.02092070e-01
5.03649135e-01  5.00544690e-01  5.05204733e-01
5.02283510e-01  4.99444261e-01  5.05207946e-01
4.96842199e-01  5.03845689e-01  4.95743217e-01
4.97452805e-01  4.98470741e-01  4.99207048e-01
4.99755549e-01  4.99837413e-01  4.97067494e-01
5.02933531e-01  5.00266251e-01  5.00833595e-01
5.04046950e-01  4.96976749e-01  5.02313661e-01
4.95247878e-01  4.95978950e-01  4.98847136e-01
3.76836009e-01  3.78433133e-01  7.56380002e-01
5.02112208e-01  4.97622512e-01  4.99577610e-01
5.00507410e-01  4.95962492e-01  5.01999713e-01
4.99695282e-01  5.02218589e-01  5.02504560e-01
5.04481912e-01  4.97225258e-01  5.04552727e-01
8.59472292e-01  8.19829702e-01  3.46821680e-01
4.96509605e-01  5.01566665e-01  5.01817902e-01
6.60694668e-01  6.97179286e-01  4.54523611e-01
5.00149145e-01  5.01858063e-01  5.01716341e-01
5.02430067e-01  5.05891468e-01  4.97292818e-01
4.99287171e-01  5.01644445e-01  5.01473293e-01
5.03599469e-01  4.95949958e-01  5.02401031e-01
4.98280080e-01  5.00009201e-01  5.03157680e-01
4.95671116e-01  4.98169702e-01  4.99818869e-01
5.03761984e-01  5.04798565e-01  5.02201603e-01
5.03350392e-01  4.99562206e-01  4.95855680e-01
5.04166304e-01  5.02188495e-01  5.02687191e-01
4.99345961e-01  5.04638839e-01  5.04680036e-01
4.95564154e-01  4.96703783e-01  5.02386236e-01
4.96378387e-01  5.02192154e-01  4.99511962e-01
4.99265965e-01  4.97919310e-01  4.99447317e-01
5.01082320e-01  5.01640350e-01  4.97931479e-01
4.97337741e-01  5.02180746e-01  4.96512953e-01
4.95757175e-01  5.03588918e-01  4.98081980e-01
5.03471862e-01  4.96085788e-01  5.05234969e-01
5.04973342e-01  4.98480052e-01  4.99518579e-01
5.04978941e-01  4.99545905e-01  4.99543438e-01
4.97941146e-01  5.02001777e-01  5.00896446e-01
5.04429282e-01  4.99569511e-01  4.99306770e-01
4.97688521e-01  5.02625278e-01  4.95597834e-01
4.96288248e-01  5.01274655e-01  5.01762344e-01
5.00729668e-01  5.00037030e-01  4.95455649e-01
5.04338647e-01  4.96525304e-01  5.01931397e-01
5.03478584e-01  5.03746803e-01  4.97876362e-01
8.92644552e-01  5.96751106e-01  7.72474623e-01
4.98913039e-01  4.96895556e-01  4.98299050e-01
4.96066305e-01  4.99514642e-01  4.98279633e-01
5.01504683e-01  4.98908547e-01  5.04154708e-01
4.96947265e-01  5.01102110e-01  4.96136241e-01
5.03545096e-01  5.00383735e-01  5.04004049e-01
5.02731775e-01  4.99095668e-01  4.99729104e-01
4.96271323e-01  5.00457073e-01  4.98294394e-01
4.95428278e-01  5.05722321e-01  4.96427010e-01
5.04241588e-01  4.98813292e-01  5.01416444e-01
2.65565992e-01  8.30637249e-01  9.21913326e-01
5.03660291e-01  5.04563705e-01  4.99390863e-01
5.05228366e-01  5.05984335e-01  4.99687454e-01
3.73764781e-01  8.32095873e-01  8.89933039e-01
5.01477645e-01  5.00289294e-01  5.01691173e-01
4.98172691e-01  4.96845842e-01  4.96087095e-01
4.97420014e-01  4.99633031e-01  4.95752189e-01
3.17846942e-01  9.06443902e-01  4.17310546e-01
5.02178412e-01  4.96664577e-01  4.96481524e-01
4.96278830e-01  5.01074233e-01  5.02008764e-01
4.95772835e-01  5.05101207e-01  4.96885236e-01
4.97571231e-01  5.03888920e-01  5.02351446e-01
5.03802863e-01  5.02624044e-01  5.02971834e-01
4.96404237e-01  5.05460581e-01  5.02201927e-01
5.01360955e-01  5.01639672e-01  4.95888108e-01
4.95182895e-01  4.97948691e-01  5.00460753e-01
5.04926736e-01  5.02051780e-01  5.04278177e-01
5.04946849e-01  4.99542269e-01  5.04572860e-01
6.34149046e-01  7.92759787e-01  6.52138996e-01
4.98499704e-01  4.98109168e-01  4.95933325e-01
4.98436440e-01  4.97183915e-01  4.96650678e-01
4.98689827e-01  4.98161736e-01  4.96716589e-01
5.03171878e-01  5.00092476e-01  4.97537965e-01
4.95552504e-01  5.03386366e-01  5.01924095e-01
5.04736674e-01  5.02959241e-01  5.03351935e-01
5.02011962e-01  4.96493055e-01  4.98881661e-01
4.98489669e-01  5.05755409e-01  5.02346999e-01
5.01410415e-01  4.98707556e-01  5.00525840e-01
4.96092953e-01  4.98126060e-01  4.97279314e-01
5.03002438e-01  4.99682188e-01  5.03361347e-01
4.95512184e-01  5.01104614e-01  5.04806481e-01
5.01329728e-01  5.01952351e-01  4.99032944e-01
4.98919230e-01  5.00743953e-01  5.00514711e-01
5.01523337e-01  4.99177526e-01  4.96739877e-01
3.56630262e-01  7.76005568e-01  4.58459126e-01
5.03818953e-01  5.05901412e-01  4.97702591e-01
5.00457691e-01  5.05183572e-01  5.03033081e-01
4.98605251e-01  4.98327668e-01  4.99536609e-01
5.02853320e-01  5.05024906e-01  4.96809426e-01
4.96031629e-01  5.05073386e-01  5.03899151e-01
4.95278811e-01  5.01837109e-01  4.98466472e-01
5.02637030e-01  4.96366353e-01  4.97790144e-01
5.00801030e-01  5.03587653e-01  4.96743646e-01
5.03721002e-01  5.01083334e-01  4.96970776e-01
5.01426319e-01  5.03740678e-01  5.02695438e-01
4.99150598e-01  4.97021617e-01  5.02778510e-01
5.01020107e-01  5.00852253e-01  4.97475875e-01
4.98245309e-01  5.03032841e-01  4.96394344e-01
4.99471818e-01  5.05082353e-01  4.99245949e-01
5.01762534e-01  4.98360173e-01  4.98298233e-01
4.95135871e-01  4.99975613e-01  4.95445995e-01
4.98036303e-01  5.00810961e-01  5.03415338e-01
4.95575577e-01  5.03499047e-01  5.04520277e-01
5.02486956e-01  5.01658740e-01  4.96522649e-01
6.56913298e-01  6.19055473e-01  5.39402128e-01
5.02159324e-01  5.02772161e-01  5.02997335e-01
4.96396559e-01  4.95923250e-01  4.95462655e-01
4.97665874e-01  4.96726929e-01  4.97225683e-01
4.98811388e-01  5.01564274e-01  5.01677873e-01
5.02043601e-01  5.00786804e-01  5.00511248e-01
