7.24904091e-01  2.55804445e-01  9.36390475e-01
7.27373918e-01  6.74189884e-01  8.67168077e-01
3.40233702e-01  4.53348983e-01  2.76314035e-01
9.42559925e-01  9.22362148e-01  9.00328665e-01
9.71581721e-01  8.52629159e-01  9.60235563e-01
7.63507121e-01  2.77328233e-01  3.89425571e-01
4.10934547e-01  9.67343672e-01  8.06296023e-01
3.37845422e-01  9.78892696e-01  8.13584432e-01
4.98043292e-01  9.10159667e-01  7.27745422e-01
9.41004263e-01  6.99170350e-01  4.05395849e-01
3.16257279e-01  3.53341329e-01  4.95675931e-01
2.51158768e-01  6.87883997e-01  4.72304026e-01
5.19473584e-01  8.83700734e-01  9.50126233e-01
4.75657118e-01  6.11483791e-01  2.83072160e-01
4.37399638e-01  9.48111963e-01  8.43356825e-01
2.61095997e-01  8.38243884e-01  4.17543837e-01
3.01622096e-01  4.95068023e-01  8.59193512e-01
8.53923926e-01  9.96677866e-01  4.38231608e-01
8.79559888e-01  8.80735547e-01  2.69176209e-01
9.60789541e-01  7.42615699e-01  3.40290092e-01
3.46470959e-01  8.74037304e-01  4.53780346e-01
9.96042216e-01  6.31513237e-01  7.55250838e-01
5.04103943e-01  3.04879320e-01  8.44661323e-01
9.20275634e-01  9.47229153e-01  9.34814417e-01
9.09943338e-01  5.65659776e-01  8.17342358e-01
4.69010188e-01  4.87620238e-01  2.59838280e-01
9.39396416e-01  3.64637928e-01  5.71472587e-01
4.36212163e-01  4.16936560e-01  9.32438177e-01
3.25255851e-01  3.72271278e-01  2.86096755e-01
3.82248573e-01  3.26327493e-01  3.04749880e-01
7.99460752e-01  4.46566141e-01  9.39353475e-01
2.82588946e-01  9.57567540e-01  6.16408758e-01
4.19328098e-01  8.29644691e-01  8.89452390e-01
9.17566154e-01  9.56115533e-01  6.75790921e-01
7.25241721e-01  6.69291957e-01  2.50779692e-01
2.88512732e-01  9.05514808e-01  9.21954741e-01
9.15923298e-01  5.43558952e-01  9.29041096e-01
2.79971547e-01  7.18792804e-01  5.18495025e-01
5.87801195e-01  8.81563722e-01  2.95741707e-01
6.92656318e-01  8.92456942e-01  4.37385086e-01
8.83113963e-01  5.92619903e-01  9.99554413e-01
9.84121883e-01  7.22864985e-01  7.21502053e-01
8.22537650e-01  7.95677230e-01  2.99347385e-01
8.91481927e-01  7.99991662e-01  3.68402261e-01
4.89430809e-01  9.81121526e-01  6.00620632e-01
8.22436728e-01  4.29028103e-01  7.04630031e-01
8.28496817e-01  6.92787352e-01  7.19248527e-01
9.65052388e-01  8.28842092e-01  3.89639127e-01
5.09645659e-01  4.01859018e-01  9.80327025e-01
5.30009622e-01  2.52180969e-01  9.82456894e-01
4.86198871e-01  8.69312310e-01  4.54397988e-01
2.90653091e-01  7.68359124e-01  9.04261087e-01
3.65557052e-01  3.23964881e-01  8.81683218e-01
4.39901220e-01  3.48791932e-01  2.92498199e-01
4.54386300e-01  3.46487135e-01  9.20963745e-01
9.58202860e-01  7.77344022e-01  8.63700137e-01
3.32028819e-01  9.56267892e-01  9.15007227e-01
9.38337766e-01  2.80759135e-01  8.19156136e-01
9.19676688e-01  7.65828484e-01  9.29597437e-01
9.08579429e-01  2.95021974e-01  5.51336634e-01
9.22057337e-01  3.72815422e-01  4.50982106e-01
9.56427871e-01  4.36868427e-01  5.03796406e-01
3.80926390e-01  9.22162993e-01  3.13465516e-01
8.42841098e-01  7.02830444e-01  2.77810837e-01
5.63136163e-01  8.67206844e-01  8.74972337e-01
7.19720864e-01  4.32494274e-01  5.71682442e-01
8.27732401e-01  7.74557669e-01  3.14437800e-01
4.71974889e-01  7.16754120e-01  8.45573296e-01
2.66937750e-01  7.12293938e-01  4.91201110e-01
5.02718700e-01  9.73678496e-01  8.64541590e-01
9.15880932e-01  9.51639027e-01  9.35011877e-01
3.42788812e-01  9.79308833e-01  4.71084830e-01
2.86558443e-01  6.35232042e-01  4.60296126e-01
7.54164127e-01  9.84087445e-01  7.71815712e-01
2.79853193e-01  4.61183644e-01  2.88726969e-01
9.53357321e-01  7.85265862e-01  9.10114865e-01
8.87572574e-01  6.25687649e-01  3.44971253e-01
8.30379071e-01  9.27309022e-01  3.54271657e-01
9.48193134e-01  5.91309350e-01  3.97791034e-01
6.33698127e-01  7.10963062e-01  9.90228188e-01
5.69739518e-01  9.74384162e-01  2.99574420e-01
6.98382825e-01  4.92967571e-01  7.36059965e-01
4.39671867e-01  9.61328266e-01  6.49517841e-01
7.38046931e-01  9.54616084e-01  9.12453837e-01
9.72504266e-01  9.08812553e-01  4.04989531e-01
6.06353821e-01  3.31574016e-01  6.68517178e-01
9.07318534e-01  4.30165687e-01  8.77558031e-01
4.54580369e-01  3.68058338e-01  2.61350969e-01
3.08895781e-01  3.74224174e-01  2.83752112e-01
6.83572240e-01  3.30116489e-01  8.90599842e-01
7.22830281e-01  3.78766370e-01  2.52586520e-01
9.40069326e-01  5.86624056e-01  3.35133931e-01
2.90325555e-01  3.02660405e-01  4.49588605e-01
3.55839199e-01  9.95975267e-01  9.98495200e-01
2.53455405e-01  3.87272812e-01  6.60220047e-01
9.42400169e-01  9.98148844e-01  3.26566304e-01
4.77300570e-01  8.85568656e-01  4.11784679e-01
2.82325176e-01  4.76189040e-01  4.41957301e-01
7.52127151e-01  7.73532505e-01  9.71131273e-01
7.09399974e-01  2.63123094e-01  9.62123446e-01
3.40135933e-01  4.00669621e-01  7.46022092e-01
2.55774425e-01  8.80465762e-01  7.11774470e-01
7.85937846e-01  4.75707525e-01  2.57202221e-01
9.81672203e-01  4.75092389e-01  3.22521543e-01
2.73704230e-01  5.48534298e-01  2.74377783e-01
9.90726681e-01  9.71655702e-01  4.69912900e-01
2.87274252e-01  7.04906785e-01  2.67047841e-01
6.98519847e-01  9.47983293e-01  3.71861145e-01
2.71535462e-01  9.98504916e-01  6.97995667e-01
7.56338572e-01  2.93747728e-01  2.82119387e-01
9.85531124e-01  9.48447732e-01  5.30523798e-01
6.02145445e-01  2.88566176e-01  8.93392770e-01
5.09759485e-01  9.49454174e-01  9.50983850e-01
5.75514895e-01  4.61096520e-01  9.68861495e-01
5.12597262e-01  9.59306175e-01  8.07827425e-01
3.33178388e-01  3.92632288e-01  7.31883187e-01
8.60571229e-01  4.15732783e-01  8.44493755e-01
3.10602103e-01  7.45813455e-01  4.59051792e-01
3.11888660e-01  8.19782829e-01  2.83199737e-01
3.99213707e-01  7.44610368e-01  4.29936931e-01
4.04139704e-01  5.45426730e-01  2.66019418e-01
9.67696577e-01  4.09243849e-01  6.61724769e-01
2.75021076e-01  3.01523105e-01  6.61237365e-01
2.73673615e-01  7.04219207e-01  3.04148578e-01
9.54790948e-01  7.37600156e-01  9.22400102e-01
9.49982972e-01  4.39168988e-01  4.56449133e-01
8.89323453e-01  9.68231980e-01  7.21507930e-01
7.18968493e-01  9.83291980e-01  4.26927985e-01
2.61644940e-01  9.80637750e-01  3.83705741e-01
9.45378601e-01  5.28859956e-01  9.90306248e-01
6.41240267e-01  7.32466083e-01  5.39018818e-01
5.19313314e-01  9.53442598e-01  9.69508720e-01
3.41770867e-01  9.15907395e-01  5.00581360e-01
4.87911483e-01  5.68809950e-01  9.84807759e-01
9.76647296e-01  4.84337538e-01  3.58098204e-01
5.92232938e-01  3.48659149e-01  7.88231241e-01
2.52352984e-01  7.16025262e-01  4.03403724e-01
5.81379326e-01  4.42910324e-01  4.52965068e-01
4.68910636e-01  7.61248708e-01  6.30626985e-01
8.32293577e-01  8.80988386e-01  4.57804876e-01
3.09712186e-01  4.14811276e-01  3.77948509e-01
2.67405953e-01  8.76283769e-01  6.10462093e-01
3.09423592e-01  4.12457826e-01  4.16070494e-01
5.04784742e-01  4.48740079e-01  7.19493813e-01
4.10485549e-01  5.38295191e-01  3.32287605e-01
2.95801937e-01  6.89978861e-01  4.37383234e-01
7.55605988e-01  3.00629109e-01  9.32607658e-01
4.06241475e-01  8.47777721e-01  3.39060096e-01
7.46996448e-01  5.71538716e-01  2.68473750e-01
4.57780981e-01  9.07625963e-01  2.92352112e-01
4.18600685e-01  7.68014793e-01  2.93444540e-01
3.91866563e-01  7.88900848e-01  2.53183391e-01
8.15992007e-01  3.78084732e-01  4.09926362e-01
7.91322538e-01  6.19837654e-01  6.90966097e-01
9.48468844e-01  6.91570641e-01  8.46200905e-01
8.54239610e-01  2.56694213e-01  3.56171327e-01
8.11609117e-01  3.89172388e-01  3.84375290e-01
5.79292566e-01  9.78985882e-01  8.86634006e-01
3.10268798e-01  5.34969664e-01  3.28985711e-01
6.98034073e-01  3.74880771e-01  2.52944143e-01
3.67444340e-01  2.87172448e-01  8.58309143e-01
9.47271015e-01  9.65899441e-01  9.08797310e-01
7.97841899e-01  8.61422928e-01  9.62444227e-01
7.00784573e-01  9.79745219e-01  9.95277044e-01
5.32128821e-01  8.73460091e-01  3.11022891e-01
3.56459372e-01  8.43570969e-01  4.06010738e-01
7.13330688e-01  2.85556591e-01  2.60370752e-01
8.20404307e-01  5.12179806e-01  2.51841341e-01
6.81280373e-01  2.76299174e-01  3.85624633e-01
3.58858685e-01  4.03601514e-01  2.84587164e-01
8.71517658e-01  5.08352449e-01  6.33876331e-01
8.92832214e-01  9.60340397e-01  9.16378191e-01
9.28630237e-01  7.05769755e-01  8.86847627e-01
2.51717326e-01  9.43225794e-01  4.14404992e-01
2.57476632e-01  9.43846885e-01  2.74484636e-01
6.44706898e-01  8.45085549e-01  2.69683720e-01
7.15935217e-01  3.57569920e-01  2.51279235e-01
5.48265671e-01  3.39253738e-01  3.04197646e-01
9.93889405e-01  5.10864236e-01  3.88919916e-01
7.39778423e-01  2.78271475e-01  3.81967809e-01
2.75118291e-01  6.53488381e-01  8.75955940e-01
3.24574563e-01  3.94237744e-01  8.84494403e-01
9.08491386e-01  9.53771482e-01  7.11163680e-01
2.88022661e-01  6.36409770e-01  4.06869472e-01
9.66425360e-01  5.29506580e-01  8.32622032e-01
2.86855050e-01  2.65243613e-01  6.37219979e-01
2.86940053e-01  6.96936079e-01  2.79845019e-01
4.79098602e-01  5.71447150e-01  4.28210328e-01
9.14545128e-01  3.19480933e-01  6.58527343e-01
3.27403280e-01  3.15885225e-01  5.19640871e-01
3.66013615e-01  4.13806266e-01  8.32837854e-01
9.13868179e-01  4.28581313e-01  2.96399432e-01
9.93145326e-01  5.04248410e-01  3.53020610e-01
5.91820123e-01  7.83845215e-01  9.76905188e-01
3.02735330e-01  8.98121588e-01  4.26381282e-01
4.99509283e-01  2.72919023e-01  5.24695128e-01
2.88159400e-01  2.98770504e-01  9.92598213e-01
2.98190575e-01  8.22777332e-01  5.33840458e-01
8.51312235e-01  2.51408620e-01  5.21130550e-01
9.25566789e-01  8.34141680e-01  3.78711752e-01
7.07004604e-01  8.41839289e-01  2.99879017e-01
4.46665161e-01  7.66873660e-01  8.16116515e-01
6.14340923e-01  5.62367672e-01  2.60239997e-01
3.10782906e-01  7.04406134e-01  9.83910766e-01
9.97081968e-01  4.05432856e-01  3.78110224e-01
3.13852247e-01  6.63801372e-01  3.26807649e-01
8.82029415e-01  6.81285964e-01  2.71294149e-01
5.09764260e-01  4.06671076e-01  3.07994997e-01
3.59453365e-01  3.41311342e-01  7.42829770e-01
9.53964683e-01  3.05942177e-01  3.98658472e-01
7.71745144e-01  3.30350590e-01  8.12123738e-01
9.22199222e-01  9.69249273e-01  3.85932357e-01
3.06706544e-01  3.00339172e-01  3.92957766e-01
2.50315483e-01  6.69087518e-01  6.06194215e-01
4.85050891e-01  2.70399744e-01  5.12316576e-01
8.06281193e-01  8.70491377e-01  9.86937988e-01
6.84530369e-01  3.33089012e-01  2.76532873e-01
8.85828461e-01  4.56034603e-01  9.04068129e-01
3.51234093e-01  8.94002948e-01  8.98750380e-01
2.94798156e-01  4.74862062e-01  7.02136514e-01
2.58109633e-01  5.75620222e-01  3.17595215e-01
2.60510106e-01  6.72916617e-01  5.34335755e-01
3.35490836e-01  5.38858681e-01  4.04503617e-01
3.72542440e-01  4.21243093e-01  9.32396828e-01
9.66678034e-01  8.79564075e-01  2.70047088e-01
3.23918711e-01  3.94350480e-01  9.50399365e-01
8.76711568e-01  3.57068930e-01  6.67273663e-01
9.72526863e-01  4.14802770e-01  5.16619713e-01
4.75224435e-01  9.38565419e-01  4.71006760e-01
4.38533953e-01  4.68564372e-01  7.43499145e-01
3.99910860e-01  3.22759702e-01  2.68178056e-01
6.74135419e-01  4.47938302e-01  5.47570247e-01
4.52302731e-01  8.86785261e-01  3.60057701e-01
3.98550196e-01  8.30408305e-01  4.85518725e-01
9.23539247e-01  3.14559014e-01  9.36744794e-01
9.26491177e-01  5.41447660e-01  2.50596158e-01
3.59118537e-01  9.98976868e-01  9.95533770e-01
2.99317616e-01  9.58589689e-01  7.54973007e-01
2.76600465e-01  2.90873004e-01  5.07933641e-01
3.18940044e-01  3.45047574e-01  6.02869135e-01
9.30855997e-01  3.58806092e-01  7.61637240e-01
5.61402685e-01  3.05435115e-01  3.93257003e-01
8.82064463e-01  3.58915451e-01  8.03726689e-01
7.64025705e-01  7.48562072e-01  8.89441482e-01
3.25100961e-01  2.82319889e-01  6.13615952e-01
7.45664142e-01  2.86553336e-01  9.52390122e-01
6.35104826e-01  6.16295831e-01  9.93225916e-01
2.85174420e-01  2.60623548e-01  7.61541373e-01
9.36890671e-01  2.56207201e-01  7.48559160e-01
6.42563525e-01  2.84959096e-01  9.09026032e-01
3.33894518e-01  7.69098393e-01  8.68632512e-01
2.63014687e-01  4.78040520e-01  6.73620788e-01
5.74647512e-01  2.55586897e-01  7.76020854e-01
8.67982977e-01  4.08000054e-01  3.88290385e-01
8.71154987e-01  3.21754573e-01  7.05028543e-01
3.02316555e-01  5.10050560e-01  8.96805616e-01
9.51715630e-01  9.76967109e-01  8.33227537e-01
9.26149321e-01  3.17504239e-01  4.90647259e-01
9.78222362e-01  8.23704878e-01  8.64972953e-01
5.50996226e-01  8.84455630e-01  9.17603470e-01
3.46877017e-01  3.94926976e-01  5.32131483e-01
9.76503937e-01  9.08158802e-01  4.33142166e-01
9.41980113e-01  7.85201322e-01  3.54313700e-01
9.82818059e-01  8.05368812e-01  5.64394466e-01
2.57188710e-01  3.27755299e-01  4.95063449e-01
7.10134175e-01  8.19667314e-01  2.95805967e-01
8.19958357e-01  3.72981004e-01  3.39121111e-01
5.80584808e-01  4.68205729e-01  7.39293922e-01
7.15676208e-01  2.90520170e-01  8.86589423e-01
3.29558625e-01  9.58113051e-01  4.90418524e-01
7.03846601e-01  9.67912437e-01  4.08275678e-01
9.25869548e-01  7.02384825e-01  9.04430749e-01
5.47109244e-01  2.76333160e-01  4.87857064e-01
9.88390736e-01  2.58998894e-01  9.68808845e-01
8.92861655e-01  8.91338239e-01  6.31359914e-01
9.05701591e-01  4.58733995e-01  2.61416104e-01
8.64328957e-01  8.05041340e-01  9.32908036e-01
3.80728495e-01  9.35265015e-01  8.02532307e-01
4.07384757e-01  7.21506622e-01  3.42199550e-01
9.01657792e-01  3.42839223e-01  3.26581556e-01
8.30469018e-01  3.58798428e-01  9.84356502e-01
4.99711033e-01  3.41584208e-01  9.46898659e-01
3.04734770e-01  6.72317008e-01  2.74611220e-01
9.39057685e-01  5.80875255e-01  9.52717355e-01
7.89863818e-01  3.42652722e-01  3.06249090e-01
4.91974105e-01  3.54117469e-01  9.20135510e-01
7.12434280e-01  9.34944132e-01  8.80117419e-01
4.35474897e-01  3.23399032e-01  3.90222775e-01
2.84419199e-01  3.43177458e-01  6.87375758e-01
4.51379513e-01  5.38690496e-01  2.92964789e-01
9.94728999e-01  2.93320628e-01  2.91948303e-01
5.15183054e-01  9.30780008e-01  4.10000571e-01
5.71173427e-01  3.43294493e-01  9.87095402e-01
9.42698445e-01  6.22021644e-01  9.63832466e-01
8.64696251e-01  2.53017884e-01  4.10654113e-01
7.44961298e-01  3.01182055e-01  8.79029618e-01
9.93311166e-01  3.08407065e-01  3.37939606e-01
9.52662144e-01  6.16366819e-01  9.13580685e-01
3.11552933e-01  8.41085913e-01  4.38524615e-01
8.60174309e-01  9.31652359e-01  5.62122145e-01
4.87482913e-01  8.20382852e-01  9.64986777e-01
5.49146249e-01  4.51340438e-01  2.64856843e-01
2.92126427e-01  9.72247880e-01  4.98585608e-01
8.07487227e-01  8.37300482e-01  2.51940508e-01
9.43662059e-01  9.44256961e-01  9.75550923e-01
4.43962921e-01  3.62994917e-01  3.57375160e-01
3.07754215e-01  8.39929674e-01  5.99996449e-01
3.67187904e-01  4.37188555e-01  9.49694941e-01
2.81098170e-01  9.98907006e-01  6.97003446e-01
9.89903763e-01  4.16888991e-01  8.06097824e-01
2.73201662e-01  5.37015729e-01  2.82528122e-01
2.87984498e-01  7.12184432e-01  3.72025533e-01
2.89211864e-01  6.71516849e-01  8.84833663e-01
7.15940644e-01  3.87464090e-01  9.77860689e-01
8.62861112e-01  3.90077764e-01  3.29695974e-01
7.37854553e-01  8.63930476e-01  3.41174255e-01
8.68957475e-01  9.08719926e-01  4.17520428e-01
2.61069853e-01  8.81400016e-01  9.21380330e-01
3.04422245e-01  9.29950080e-01  5.08585369e-01
8.89487320e-01  8.56453559e-01  9.87161626e-01
9.29419482e-01  3.68709150e-01  8.75810499e-01
9.79986768e-01  6.25276776e-01  4.52896832e-01
5.13743407e-01  5.41680940e-01  9.81205233e-01
7.63714711e-01  5.03685803e-01  2.66577449e-01
5.17890279e-01  3.35261671e-01  6.95488057e-01
3.42233556e-01  3.79368595e-01  6.67326533e-01
2.69051894e-01  3.69609496e-01  4.26365213e-01
5.68363902e-01  3.70763931e-01  8.92187294e-01
9.67234887e-01  8.58764624e-01  7.19757819e-01
3.54725849e-01  8.90805285e-01  8.58971508e-01
2.75524334e-01  9.72606454e-01  4.54628662e-01
2.52963134e-01  9.97810094e-01  7.85549457e-01
4.75528678e-01  9.74361949e-01  3.94869021e-01
7.37803527e-01  4.32213272e-01  2.98227854e-01
2.96719491e-01  7.53762015e-01  8.86209591e-01
5.80376221e-01  9.83401911e-01  9.72823829e-01
8.25079125e-01  4.55168191e-01  9.53699329e-01
8.89471157e-01  3.90992366e-01  9.72808737e-01
9.50592940e-01  9.13578963e-01  5.69693617e-01
6.21291223e-01  2.58743609e-01  7.81329226e-01
3.20097728e-01  9.61233991e-01  6.92547224e-01
5.82610529e-01  8.92456970e-01  9.36261381e-01
3.16770245e-01  7.99881687e-01  4.21006097e-01
9.63336282e-01  5.62692720e-01  9.07631330e-01
9.52174426e-01  3.69346522e-01  7.76045079e-01
8.64471856e-01  4.19605727e-01  8.41576344e-01
7.38265539e-01  9.69077813e-01  7.44864249e-01
9.73752004e-01  3.79871206e-01  5.24145371e-01
8.38070022e-01  8.06716527e-01  3.12416380e-01
3.46834531e-01  9.20963394e-01  5.77657978e-01
5.26961569e-01  3.28045604e-01  8.81737485e-01
8.22919931e-01  8.43611354e-01  2.96736029e-01
6.23885029e-01  5.25929882e-01  7.57993248e-01
6.82058760e-01  4.05559925e-01  3.48433309e-01
9.95156089e-01  7.22450556e-01  5.33777447e-01
8.76409338e-01  3.01619918e-01  9.74000231e-01
9.69689710e-01  7.34740813e-01  4.07257979e-01
4.62589756e-01  4.04424046e-01  9.59428821e-01
8.35178111e-01  6.53786814e-01  9.90475077e-01
7.91196094e-01  9.59593891e-01  8.68329934e-01
4.88708341e-01  7.80791017e-01  8.66611317e-01
8.50722122e-01  4.48738971e-01  3.69870251e-01
7.51677927e-01  4.12419963e-01  9.98129263e-01
9.27130909e-01  6.31766396e-01  5.45869252e-01
9.12959340e-01  8.90475812e-01  2.50932081e-01
9.31493782e-01  9.58926687e-01  7.56906581e-01
3.50219626e-01  8.21768611e-01  4.75178003e-01
4.45511882e-01  2.51963758e-01  8.95680038e-01
4.02598211e-01  4.88704501e-01  9.70512896e-01
7.54825854e-01  9.07128027e-01  8.77997510e-01
6.34858536e-01  3.29077072e-01  2.99324653e-01
4.50660155e-01  3.39596671e-01  8.84885011e-01
4.16795494e-01  9.13655146e-01  4.19121591e-01
6.25416106e-01  8.63648050e-01  9.65750044e-01
2.71711636e-01  6.26508450e-01  4.81087577e-01
2.60131697e-01  3.01507657e-01  9.73279802e-01
6.91189555e-01  9.74515945e-01  3.51257233e-01
2.96546672e-01  7.93376713e-01  9.15759959e-01
6.50923438e-01  3.21729080e-01  3.74678475e-01
6.29727482e-01  2.92573305e-01  9.88793455e-01
9.56083880e-01  6.36508222e-01  3.00826939e-01
9.34556017e-01  4.82564795e-01  8.50889843e-01
3.76836009e-01  3.78433133e-01  7.56380002e-01
8.70805007e-01  2.78214757e-01  8.72299185e-01
3.07251693e-01  3.78636853e-01  6.72323342e-01
2.79463462e-01  3.11986935e-01  9.39429137e-01
8.90832148e-01  9.54610913e-01  9.28551789e-01
8.59472292e-01  8.19829702e-01  3.46821680e-01
9.92610496e-01  4.86495003e-01  9.43671176e-01
6.60694668e-01  6.97179286e-01  4.54523611e-01
9.56688100e-01  4.24000379e-01  7.90663797e-01
4.60592477e-01  3.41136487e-01  3.62343502e-01
9.65882612e-01  9.35824959e-01  6.15393202e-01
8.43767370e-01  8.74598242e-01  3.69177212e-01
7.53626437e-01  3.33215436e-01  4.38219308e-01
4.51564193e-01  9.81979480e-01  4.94666742e-01
3.77562252e-01  2.80992689e-01  7.76480951e-01
3.29805142e-01  2.88238201e-01  9.49862629e-01
5.77109787e-01  3.48394096e-01  3.50436433e-01
8.78684734e-01  6.87806201e-01  9.88998515e-01
3.17778181e-01  3.16836541e-01  7.60748817e-01
5.79112259e-01  3.63431142e-01  9.09155092e-01
3.90148720e-01  9.36280657e-01  7.02466245e-01
3.15929243e-01  8.13549448e-01  5.20221339e-01
9.60047911e-01  5.42918686e-01  8.09591720e-01
7.91473539e-01  9.66055011e-01  4.91036858e-01
9.77325674e-01  9.80512208e-01  3.12891861e-01
2.67664159e-01  9.96151088e-01  3.93336897e-01
9.96977949e-01  6.42892532e-01  5.36114654e-01
2.55319456e-01  6.40293118e-01  4.17413908e-01
9.01419198e-01  3.69096838e-01  9.42445028e-01
8.92644552e-01  5.96751106e-01  7.72474623e-01
3.48200926e-01  5.29046760e-01  3.11350143e-01
4.13637870e-01  3.63303536e-01  3.01734397e-01
9.31013245e-01  8.94173150e-01  7.45536862e-01
4.33333790e-01  9.49650747e-01  9.28769836e-01
8.15547149e-01  8.15959343e-01  3.82290016e-01
3.99735541e-01  8.71088486e-01  2.90448944e-01
3.63366793e-01  7.57454863e-01  8.67985666e-01
2.69389258e-01  4.11766373e-01  4.64161545e-01
2.65565992e-01  8.30637249e-01  9.21913326e-01
7.30134628e-01  9.99718264e-01  5.78036011e-01
8.78820927e-01  4.92762348e-01  8.96262796e-01
3.73764781e-01  8.32095873e-01  8.89933039e-01
8.36316488e-01  9.08011938e-01  8.96467376e-01
7.04188557e-01  4.94826987e-01  9.17948675e-01
2.63195668e-01  7.02918196e-01  8.65814789e-01
3.17846942e-01  9.06443902e-01  4.17310546e-01
9.83003875e-01  5.33611402e-01  5.82101634e-01
9.74207549e-01  3.31011444e-01  7.24651588e-01
9.81554942e-01  9.25135238e-01  9.62557769e-01
4.69602073e-01  2.88186256e-01  4.34706411e-01
9.14971616e-01  9.96939872e-01  3.64841890e-01
7.89366282e-01  6.58772300e-01  9.71758494e-01
8.65835863e-01  4.22695108e-01  2.94031430e-01
9.91647864e-01  3.43296901e-01  7.59712791e-01
4.77249562e-01  8.10396973e-01  9.47230067e-01
5.62036053e-01  7.28285129e-01  2.53825598e-01
6.34149046e-01  7.92759787e-01  6.52138996e-01
2.61996370e-01  9.61149965e-01  5.19879962e-01
6.68188750e-01  2.53896629e-01  3.73009761e-01
3.22538221e-01  2.65893954e-01  5.44584347e-01
9.04634448e-01  3.94764124e-01  7.28042844e-01
2.78827080e-01  5.20860765e-01  3.00097594e-01
9.31503922e-01  3.54161312e-01  9.02137877e-01
3.32493596e-01  6.86062090e-01  3.19135644e-01
8.86933237e-01  3.27716550e-01  2.98428015e-01
9.49084773e-01  7.53752033e-01  9.95329140e-01
3.57673551e-01  3.49669857e-01  4.89379765e-01
3.71784900e-01  3.08574058e-01  3.04760057e-01
3.19357898e-01  7.33134329e-01  8.22285137e-01
5.38089950e-01  5.06981155e-01  9.99159663e-01
3.03448659e-01  3.29685761e-01  4.06626195e-01
5.44401095e-01  9.42012709e-01  5.34597569e-01
3.51058903e-01  3.94536085e-01  3.95268680e-01
2.58483693e-01  8.66501431e-01  5.05188476e-01
5.14216580e-01  9.80047059e-01  7.77821209e-01
9.15207729e-01  3.03259535e-01  5.32236684e-01
8.15273630e-01  4.59804385e-01  2.91508058e-01
5.32449487e-01  4.13019482e-01  2.76159490e-01
9.54852529e-01  4.31194557e-01  4.39751886e-01
8.69598781e-01  6.49733112e-01  9.10777543e-01
4.94137506e-01  4.90203617e-01  9.35601988e-01
8.98050151e-01  3.82940331e-01  9.53727764e-01
4.07739711e-01  3.51662825e-01  8.05742972e-01
7.38423999e-01  3.46205846e-01  3.80614710e-01
3.56630262e-01  7.76005568e-01  4.58459126e-01
8.79122579e-01  2.58999212e-01  3.58684505e-01
3.56657815e-01  5.64743708e-01  9.12859465e-01
3.31965152e-01  2.97438317e-01  3.10988209e-01
8.19030221e-01  9.58631314e-01  7.65389329e-01
8.99122817e-01  4.08306814e-01  8.48104712e-01
3.62332362e-01  2.56162809e-01  6.08152912e-01
2.51218212e-01  8.83058431e-01  7.23464637e-01
7.42529750e-01  6.15366407e-01  9.86406332e-01
6.82978175e-01  2.77220001e-01  3.04866048e-01
8.63806171e-01  3.08284323e-01  9.18203806e-01
9.35016942e-01  8.54735025e-01  7.17946001e-01
9.30333651e-01  9.51246033e-01  7.64911554e-01
8.50683945e-01  9.73140449e-01  3.18899503e-01
9.12875741e-01  9.86624363e-01  5.90474615e-01
3.57953543e-01  8.51110839e-01  9.34486542e-01
4.76258390e-01  9.15171494e-01  2.58177162e-01
6.39852631e-01  9.51432792e-01  4.41399941e-01
9.20088942e-01  3.03132955e-01  7.84448926e-01
4.31560206e-01  5.87240711e-01  2.59085680e-01
6.95953523e-01  9.69449940e-01  4.43499007e-01
7.45221556e-01  3.16208197e-01  9.88990547e-01
6.54236178e-01  3.19804766e-01  3.40716496e-01
9.90657372e-01  6.19981067e-01  7.88066958e-01
2.59328645e-01  9.77804955e-01  3.20998508e-01
8.74230750e-01  4.11574767e-01  8.26444807e-01
6.56913298e-01  6.19055473e-01  5.39402128e-01
8.17190809e-01  8.86770652e-01  3.77330358e-01
5.72123508e-01  8.29966266e-01  7.32577652e-01
9.65798579e-01  2.60588724e-01  9.33862186e-01
9.22125568e-01  8.32341335e-01  7.05463979e-01
9.86947555e-01  9.79751646e-01  7.77538607e-01
8.05901887e-01  9.75799582e-01  5.49256693e-01
3.68156876e-01  9.51235571e-01  3.61247672e-01
