7.94245271e-01  3.94766975e-01  9.91919275e-01  9.10117907e-01  2.33164893e-01  9.96970655e-01
8.68845199e-01  3.90064724e-01  7.40503073e-01  9.46204061e-01  2.52879565e-01  7.61312090e-01
7.87207073e-01  8.49624145e-01  7.08990841e-01  9.43141867e-01  6.24236942e-01  6.91637687e-01
9.00147651e-01  2.44678580e-01  7.31373109e-01  9.49613359e-01  1.53339392e-01  7.62729996e-01
9.00735996e-01  2.55068210e-01  7.22351350e-01  9.49965247e-01  1.79675391e-01  7.54175534e-01
7.52421232e-01  6.57237240e-01  9.57679807e-01  9.09576399e-01  4.08102748e-01  9.58611580e-01
8.76933112e-01  6.85876684e-01  5.12949143e-01  9.74412013e-01  5.82655023e-01  5.01016710e-01
9.60967510e-01  3.81151602e-01  4.31493957e-01  9.90791387e-01  3.22997017e-01  4.58049385e-01
7.92319758e-01  5.05238305e-01  9.24237120e-01  9.17813407e-01  3.08093748e-01  9.30209430e-01
9.01538817e-01  3.68603446e-01  6.42990881e-01  9.59967584e-01  2.61724416e-01  6.70401257e-01
8.67932671e-01  5.91065684e-01  6.07679387e-01  9.62708034e-01  4.30454777e-01  6.12477978e-01
8.67830208e-01  6.62743157e-01  5.59659301e-01  9.68604884e-01  5.17448557e-01  5.53854646e-01
8.46743647e-01  8.65413539e-01  4.94931107e-01  9.68841430e-01  9.12854552e-01  4.57790726e-01
8.59335391e-01  7.37893102e-01  5.37967168e-01  9.67244764e-01  6.82639122e-01  5.23078950e-01
9.05201999e-01  2.76704963e-01  6.92492218e-01  9.54583536e-01  1.79583435e-01  7.24575784e-01
8.47611769e-01  2.66913782e-01  8.95863112e-01  9.25714795e-01  1.71178281e-01  9.11751751e-01
8.49250874e-01  2.72752493e-01  8.86322481e-01  9.27660592e-01  1.57505018e-01  9.02540730e-01
8.03252462e-01  5.10466425e-01  8.83352690e-01  9.20493052e-01  3.94877958e-01  8.92269557e-01
7.64271951e-01  7.58646114e-01  8.48748863e-01  9.23493507e-01  5.11100243e-01  8.44716002e-01
9.78382737e-01  2.90560054e-01  4.33428371e-01  9.89588332e-01  2.88226826e-01  4.74596410e-01
8.18162329e-01  5.92463653e-01  7.76776585e-01  9.37818764e-01  3.87734183e-01  7.82332363e-01
9.56189694e-01  3.63475139e-01  4.60042461e-01  9.85762566e-01  3.22422527e-01  4.90957675e-01
8.31698839e-01  6.17255204e-01  7.13797663e-01  9.46858544e-01  4.16389198e-01  7.17499147e-01
9.09388349e-01  4.89587325e-01  5.34530743e-01  9.73812567e-01  3.92856632e-01  5.50244882e-01
8.48534947e-01  7.54888967e-01  5.63396266e-01  9.62403795e-01  7.03913873e-01  5.49041233e-01
9.00699298e-01  5.61315069e-01  5.16109719e-01  9.72263097e-01  5.44156425e-01  5.24521922e-01
8.93297202e-01  2.74178583e-01  7.34869909e-01  9.48936338e-01  1.66882485e-01  7.63834001e-01
8.80462112e-01  3.66433903e-01  7.16760614e-01  9.49318876e-01  2.54618071e-01  7.40917924e-01
8.38249071e-01  3.81122354e-01  8.51072059e-01  9.28484577e-01  2.87061754e-01  8.66792326e-01
9.37302437e-01  4.19813617e-01  4.86251052e-01  9.78790006e-01  4.18747835e-01  5.12129276e-01
9.11897610e-01  2.48035458e-01  6.88964071e-01  9.55257620e-01  1.65514190e-01  7.23616436e-01
8.00530491e-01  4.06225509e-01  9.63006473e-01  9.12200728e-01  2.90339205e-01  9.70455851e-01
8.63771818e-01  2.71902781e-01  8.37281633e-01  9.33842762e-01  1.76935483e-01  8.58241249e-01
9.30558172e-01  5.27056025e-01  4.36922885e-01  9.83434700e-01  5.70363309e-01  4.46085690e-01
8.68125915e-01  4.36484938e-01  7.11633253e-01  9.47575570e-01  3.40509323e-01  7.31561274e-01
8.71101506e-01  4.12666089e-01  7.17243808e-01  9.48725811e-01  2.81441339e-01  7.37791078e-01
8.74515814e-01  5.29666830e-01  6.26920493e-01  9.61149829e-01  3.66212337e-01  6.38350383e-01
8.15273970e-01  9.85789462e-01  5.21210934e-01  9.66438150e-01  9.45589696e-01  4.65377585e-01
9.04695339e-01  5.38622981e-01  5.17473017e-01  9.72261958e-01  5.23339336e-01  5.28990080e-01
7.85523028e-01  7.77652823e-01  7.63314549e-01  9.35629455e-01  5.58309680e-01  7.55586650e-01
8.79331898e-01  6.21515728e-01  5.48185929e-01  9.67681270e-01  5.60477229e-01  5.49489854e-01
8.33903609e-01  3.95729825e-01  8.55764079e-01  9.29917980e-01  2.35771160e-01  8.69346251e-01
8.77580325e-01  7.39676395e-01  4.74432510e-01  9.75601332e-01  7.50157656e-01  4.53336616e-01
9.57263188e-01  3.11594583e-01  4.91086970e-01  9.82956488e-01  2.40234632e-01  5.28090924e-01
8.82602478e-01  5.59526941e-01  5.78844197e-01  9.65452521e-01  4.59679565e-01  5.87886997e-01
8.85195272e-01  4.52168531e-01  6.42732674e-01  9.57809329e-01  3.52309680e-01  6.63100531e-01
8.69765641e-01  3.96196821e-01  7.32921946e-01  9.46463177e-01  2.73977702e-01  7.54088336e-01
9.47093465e-01  4.40354480e-01  4.38941019e-01  9.89204064e-01  3.69969777e-01  4.56998455e-01
8.28347180e-01  7.28748653e-01  6.50007235e-01  9.52440750e-01  5.79705642e-01  6.42643320e-01
8.51376098e-01  4.92869364e-01  7.30809380e-01  9.46543992e-01  3.15219272e-01  7.44225125e-01
8.00417464e-01  5.85494987e-01  8.42107083e-01  9.28066231e-01  3.77742900e-01  8.47274869e-01
8.47815819e-01  3.00934680e-01  8.72205429e-01  9.28445851e-01  1.93354682e-01  8.88931451e-01
7.92960916e-01  8.53495291e-01  6.86719842e-01  9.45320727e-01  6.64232540e-01  6.68098942e-01
8.97800269e-01  6.80037868e-01  4.45599584e-01  9.78743311e-01  7.53209904e-01  4.32454666e-01
9.34261267e-01  4.54425220e-01  4.73284241e-01  9.80094552e-01  4.58637684e-01  4.94223903e-01
9.57173823e-01  3.92385838e-01  4.36873360e-01  9.90375211e-01  3.19307240e-01  4.61600946e-01
8.92901922e-01  5.85690426e-01  5.26001566e-01  9.71794955e-01  5.29265398e-01  5.30568365e-01
7.78038339e-01  4.91400685e-01  9.82075861e-01  9.09563796e-01  2.93727372e-01  9.86042675e-01
8.11093143e-01  5.43868467e-01  8.33724417e-01  9.29841377e-01  3.54721680e-01  8.41393812e-01
8.46224920e-01  2.36917335e-01  9.20846471e-01  9.22722055e-01  1.52946391e-01  9.35307386e-01
8.65007839e-01  6.48418535e-01  5.78967897e-01  9.63812604e-01  5.46456292e-01  5.77655652e-01
9.08486183e-01  5.28097592e-01  5.11624858e-01  9.72533997e-01  5.33269835e-01  5.24870742e-01
7.99415612e-01  8.54345030e-01  6.64093656e-01  9.47953094e-01  6.93819613e-01  6.44140342e-01
7.90490452e-01  8.99244233e-01  6.64286890e-01  9.48716761e-01  6.98050587e-01  6.38230529e-01
8.76081039e-01  6.26373266e-01  5.56014150e-01  9.66825166e-01  5.52782690e-01  5.56820677e-01
8.69982907e-01  2.46551190e-01  8.33169291e-01  9.34219040e-01  1.76339498e-01  8.55970285e-01
8.29702540e-01  3.28180302e-01  9.15706575e-01  9.22124308e-01  2.00379103e-01  9.27799065e-01
9.35664391e-01  2.16450143e-01  6.29081087e-01  9.63272418e-01  1.69464376e-01  6.71265167e-01
8.20542307e-01  7.18226284e-01  6.83773363e-01  9.47436192e-01  5.61776059e-01  6.79029552e-01
8.46787092e-01  8.50637954e-01  5.04753639e-01  9.68307997e-01  8.72506285e-01  4.70859841e-01
8.97462354e-01  4.77112003e-01  5.83693139e-01  9.67431207e-01  3.51495310e-01  6.01064378e-01
8.44081785e-01  3.98133836e-01  8.19365674e-01  9.33990283e-01  2.67606893e-01  8.35613463e-01
8.14146570e-01  7.80576775e-01  6.63548088e-01  9.51406638e-01  5.76094104e-01  6.50139613e-01
9.47360574e-01  4.45488148e-01  4.34564043e-01  9.87383988e-01  4.32661226e-01  4.53681840e-01
9.27856539e-01  3.84886352e-01  5.42090916e-01  9.72119324e-01  3.47828143e-01  5.71872139e-01
8.95881254e-01  3.48667897e-01  6.75772862e-01  9.55746998e-01  2.37398374e-01  7.03288742e-01
9.05478283e-01  3.53812349e-01  6.39811587e-01  9.61391974e-01  2.34728604e-01  6.68237246e-01
8.06616614e-01  7.36027108e-01  7.19338252e-01  9.42846938e-01  5.40431861e-01  7.13568657e-01
8.72283060e-01  7.43224786e-01  4.90135488e-01  9.75767228e-01  6.83641577e-01  4.68177385e-01
8.63240919e-01  2.01383680e-01  8.86687993e-01  9.28302617e-01  1.27402200e-01  9.05621009e-01
8.79861196e-01  2.24095595e-01  8.14871352e-01  9.37535618e-01  1.55122243e-01  8.40287780e-01
9.19489013e-01  2.88699814e-01  6.35586846e-01  9.62079457e-01  2.04430352e-01  6.70555797e-01
8.80127063e-01  3.68589464e-01  7.16152969e-01  9.49945758e-01  2.40222043e-01  7.39822652e-01
8.36988305e-01  6.76321236e-01  6.55865489e-01  9.53499572e-01  5.05830306e-01  6.53516904e-01
8.98003762e-01  5.62963023e-01  5.23908606e-01  9.70851004e-01  5.46067836e-01  5.32605064e-01
9.64770618e-01  3.78014437e-01  4.20618338e-01  9.91043664e-01  3.56855701e-01  4.48335292e-01
9.15342223e-01  4.59073699e-01  5.34781173e-01  9.72518101e-01  4.05542136e-01  5.55514165e-01
8.20999789e-01  3.31194294e-01  9.43408233e-01  9.17928482e-01  2.06143531e-01  9.53333442e-01
9.23554688e-01  2.80884547e-01  6.26970975e-01  9.64028228e-01  1.84901271e-01  6.62726198e-01
8.70123679e-01  4.93370908e-01  6.66121464e-01  9.54489190e-01  3.61141968e-01  6.81766997e-01
8.85084021e-01  4.70321741e-01  6.30862642e-01  9.60265052e-01  3.45308799e-01  6.49023677e-01
7.86271498e-01  5.54116333e-01  9.11913364e-01  9.15328117e-01  4.24842320e-01  9.18233002e-01
8.64404070e-01  4.94611440e-01  6.85122921e-01  9.51233008e-01  3.71689753e-01  7.00646691e-01
8.43741511e-01  6.26498139e-01  6.66712816e-01  9.48800850e-01  5.55918241e-01  6.72194237e-01
7.86674605e-01  8.88195174e-01  6.85078322e-01  9.46395748e-01  6.64161576e-01  6.61737581e-01
8.86622119e-01  7.15668811e-01  4.59743463e-01  9.77541166e-01  7.48772269e-01  4.41226104e-01
8.14525273e-01  6.17428860e-01  7.72651821e-01  9.35655416e-01  4.66681744e-01  7.77847026e-01
8.72501694e-01  7.84935380e-01  4.61241199e-01  9.76550969e-01  8.17370658e-01  4.31174369e-01
9.35006963e-01  3.62557362e-01  5.32731085e-01  9.76637631e-01  2.63492754e-01  5.63058002e-01
9.10152210e-01  3.81727279e-01  6.04707563e-01  9.64944863e-01  2.87188721e-01  6.32388331e-01
9.38245437e-01  3.19764863e-01  5.50544507e-01  9.74515840e-01  2.26541956e-01  5.85502446e-01
8.80984145e-01  2.57703983e-01  7.88055805e-01  9.41047090e-01  1.68651386e-01  8.14013001e-01
9.13430875e-01  5.60013675e-01  4.73194784e-01  9.78644058e-01  5.60336195e-01  4.79209724e-01
8.16805878e-01  9.36608312e-01  5.49166344e-01  9.64059533e-01  8.43148192e-01  5.05128726e-01
8.82867595e-01  7.30080733e-01  4.62845008e-01  9.80250957e-01  6.83992991e-01  4.39335443e-01
8.60968258e-01  4.25866190e-01  7.43253969e-01  9.44392122e-01  2.98959016e-01  7.61915405e-01
9.27753706e-01  4.55342589e-01  4.94897240e-01  9.78627980e-01  4.10835561e-01  5.15060407e-01
9.09144748e-01  5.71988904e-01  4.79756334e-01  9.75703786e-01  6.10813330e-01  4.85998477e-01
8.85106478e-01  6.68527561e-01  4.96733652e-01  9.77579779e-01  5.62944092e-01  4.85412247e-01
8.96235848e-01  3.79015741e-01  6.54081306e-01  9.57323511e-01  2.89617700e-01  6.80690473e-01
9.21831845e-01  4.18778221e-01  5.40100287e-01  9.71297778e-01  3.94588986e-01  5.66477052e-01
8.35243120e-01  2.81571939e-01  9.28231700e-01  9.21036228e-01  1.75625461e-01  9.40697437e-01
8.49744606e-01  2.03155033e-01  9.31606782e-01  9.21563525e-01  1.39310396e-01  9.45999130e-01
8.90607436e-01  6.97596058e-01  4.58324110e-01  9.77773601e-01  7.36008845e-01  4.42787197e-01
8.24201252e-01  7.25730289e-01  6.66208661e-01  9.50228894e-01  5.67247977e-01  6.59808862e-01
7.81728655e-01  5.92308075e-01  9.01660536e-01  9.17787635e-01  4.09870985e-01  9.06037266e-01
8.28884318e-01  5.97522355e-01  7.37027616e-01  9.42243116e-01  4.34475908e-01  7.43294433e-01
9.62803289e-01  3.69166875e-01  4.33309767e-01  9.89922785e-01  3.28482729e-01  4.62308766e-01
9.36727936e-01  2.66159042e-01  5.92200855e-01  9.68316644e-01  2.01356817e-01  6.31802560e-01
8.21210428e-01  3.02782201e-01  9.61864696e-01  9.16225659e-01  1.78884234e-01  9.70774121e-01
8.91247029e-01  6.27696726e-01  5.03308428e-01  9.73339248e-01  6.08760061e-01  5.01655234e-01
8.28815388e-01  3.83822745e-01  8.81184701e-01  9.25832886e-01  2.42456318e-01  8.93949975e-01
8.18848172e-01  3.97051904e-01  9.06312247e-01  9.22404348e-01  2.38989179e-01  9.16770198e-01
9.54086198e-01  4.35673254e-01  4.18210473e-01  9.88311769e-01  4.68225197e-01  4.39227427e-01
8.63905997e-01  5.95432967e-01  6.18488714e-01  9.59702620e-01  4.62840628e-01  6.24010507e-01
7.30744441e-01  7.17781545e-01  9.90883462e-01  9.03096097e-01  4.47839425e-01  9.90675563e-01
9.41962358e-01  4.25380356e-01  4.66575061e-01  9.84210267e-01  3.70068064e-01  4.89004430e-01
9.21665280e-01  4.74211202e-01  5.02964453e-01  9.77285899e-01  4.22750825e-01  5.20819237e-01
8.43956659e-01  4.88881820e-01  7.58847931e-01  9.39089180e-01  3.92062571e-01  7.73665717e-01
8.37297416e-01  2.19303654e-01  9.63238983e-01  9.17738654e-01  1.26338686e-01  9.73634500e-01
7.65474308e-01  7.14434297e-01  8.74478486e-01  9.20612437e-01  4.69526947e-01  8.73136605e-01
7.74518671e-01  5.95462066e-01  9.23869798e-01  9.16274988e-01  3.61291395e-01  9.26839385e-01
7.99994822e-01  5.36793180e-01  8.76716658e-01  9.23360895e-01  3.54183691e-01  8.83605781e-01
9.16024100e-01  2.21927475e-01  6.92484364e-01  9.54072737e-01  1.72953038e-01  7.29437515e-01
9.96505708e-01  2.48764478e-01  3.99421474e-01  9.95613353e-01  2.46927375e-01  4.45311256e-01
8.46300482e-01  5.23164673e-01  7.27705167e-01  9.45372270e-01  3.66211874e-01  7.39547258e-01
8.53218725e-01  2.23059400e-01  9.06302639e-01  9.24892199e-01  1.47616953e-01  9.22662118e-01
9.77786886e-01  2.85255541e-01  4.39043552e-01  9.89528808e-01  2.65437609e-01  4.80427381e-01
9.19172680e-01  4.08101856e-01  5.56091705e-01  9.69543756e-01  3.69196608e-01  5.83282058e-01
8.36615958e-01  1.97053918e-01  9.80882358e-01  9.14923677e-01  1.34840287e-01  9.90174272e-01
8.48018863e-01  2.50758627e-01  9.05375351e-01  9.24779408e-01  1.58214432e-01  9.20851449e-01
8.90490448e-01  2.70012209e-01  7.47270410e-01  9.45919456e-01  1.95761137e-01  7.76278915e-01
8.96943863e-01  5.54213406e-01  5.33434166e-01  9.70827424e-01  5.04518350e-01  5.42691352e-01
8.93614834e-01  4.43364749e-01  6.19611404e-01  9.62615785e-01  3.16383356e-01  6.40345965e-01
8.24570191e-01  2.81643615e-01  9.64651514e-01  9.15790981e-01  1.77317218e-01  9.73936962e-01
8.67526414e-01  1.86893632e-01  8.81824532e-01  9.28797423e-01  1.29380805e-01  9.01974123e-01
8.96626242e-01  2.63614845e-01  7.30624574e-01  9.48328917e-01  1.93339406e-01  7.61403654e-01
9.21203689e-01  5.72349610e-01  4.38316094e-01  9.85078161e-01  5.58602191e-01  4.38357014e-01
8.54107247e-01  2.52801996e-01  8.83193802e-01  9.28265454e-01  1.49824197e-01  9.00497730e-01
8.36272417e-01  9.40133582e-01  4.80281978e-01  9.71478972e-01  9.73864874e-01  4.26285675e-01
9.36179805e-01  3.20837074e-01  5.56877911e-01  9.73707338e-01  2.23263497e-01  5.91472028e-01
8.36174620e-01  7.74109508e-01  5.92951300e-01  9.56769609e-01  7.30941065e-01  5.79232491e-01
8.58310357e-01  4.56910753e-01  7.31086498e-01  9.45710215e-01  3.19813067e-01  7.47957713e-01
9.19532771e-01  5.86189356e-01  4.34982948e-01  9.82997435e-01  6.31856800e-01  4.34703198e-01
8.33822707e-01  6.42636754e-01  6.89412354e-01  9.48825308e-01  4.72988383e-01  6.91350489e-01
8.06883885e-01  3.75695757e-01  9.61605627e-01  9.14450474e-01  2.33178631e-01  9.69177291e-01
8.43021991e-01  2.19936516e-01  9.43548849e-01  9.19441084e-01  1.55028407e-01  9.56371117e-01
8.94807772e-01  2.93240518e-01  7.16845223e-01  9.51328938e-01  1.78348696e-01  7.45746031e-01
8.90401150e-01  6.32048427e-01  5.03261585e-01  9.72866359e-01  6.22808835e-01  5.01329037e-01
8.22459809e-01  8.70742397e-01  5.74298719e-01  9.62134612e-01  7.37536906e-01  5.42727981e-01
8.21736853e-01  6.18614917e-01  7.47211907e-01  9.37520754e-01  5.18458031e-01  7.53501985e-01
9.70011854e-01  3.81046581e-01  4.00666752e-01  9.94901494e-01  3.46783886e-01  4.26000084e-01
8.30496019e-01  2.46726002e-01  9.68268489e-01  9.16298821e-01  1.49943046e-01  9.77742294e-01
8.95204770e-01  2.51536685e-01  7.43632228e-01  9.47373273e-01  1.67324275e-01  7.73753910e-01
9.35024634e-01  4.37706323e-01  4.81958899e-01  9.83000267e-01  3.47075961e-01  5.02262911e-01
8.55767724e-01  1.89953960e-01  9.19936212e-01  9.23355835e-01  1.33277977e-01  9.35945434e-01
8.84382370e-01  7.18150126e-01  4.66018432e-01  9.73902290e-01  8.10553560e-01  4.50309412e-01
8.58370748e-01  8.13170104e-01  4.90463833e-01  9.70421936e-01  8.56550275e-01  4.61116655e-01
8.78101732e-01  5.61129534e-01  5.93138856e-01  9.62321371e-01  4.80277144e-01  6.03044721e-01
8.81951117e-01  6.28753794e-01  5.34650845e-01  9.66804092e-01  6.40639028e-01  5.36464985e-01
8.62719913e-01  4.25019282e-01  7.37543224e-01  9.45739975e-01  2.84521722e-01  7.56205678e-01
9.99203921e-01  2.69391393e-01  3.76284478e-01  9.98358717e-01  2.84336564e-01  4.18757947e-01
8.22615640e-01  6.85220898e-01  6.98963752e-01  9.46993813e-01  4.98453253e-01  6.97008537e-01
8.23551366e-01  4.59003032e-01  8.48432594e-01  9.29651188e-01  2.83672840e-01  8.59603087e-01
8.92128845e-01  3.30497572e-01  7.00855112e-01  9.53037564e-01  2.06505312e-01  7.28054116e-01
8.15897964e-01  3.17461604e-01  9.70109328e-01  9.14604875e-01  1.91629755e-01  9.78122388e-01
8.93714321e-01  6.32232375e-01  4.92116315e-01  9.73182783e-01  6.61944694e-01  4.90458450e-01
7.59175765e-01  7.61219044e-01  8.64424751e-01  9.21543753e-01  4.97841458e-01  8.60392382e-01
9.04302208e-01  6.18794214e-01  4.64715492e-01  9.82325360e-01  5.48385366e-01  4.58455993e-01
8.81792637e-01  5.86893559e-01  5.63440976e-01  9.66501808e-01  5.11067677e-01  5.69386123e-01
8.77881692e-01  7.09268869e-01  4.93922832e-01  9.76302206e-01  6.31867822e-01  4.77125871e-01
9.74673389e-01  3.49344141e-01  4.06432499e-01  9.92163997e-01  3.68162122e-01  4.38962960e-01
8.12072049e-01  3.76234829e-01  9.43514504e-01  9.17126255e-01  2.32093457e-01  9.52273770e-01
9.22849553e-01  3.03729522e-01  6.13963192e-01  9.63963621e-01  2.42601218e-01  6.49343569e-01
9.39212049e-01  3.76356953e-01  5.09052577e-01  9.77657350e-01  3.34766103e-01  5.39475172e-01
9.70884927e-01  2.49872474e-01  4.86201646e-01  9.83283891e-01  2.16288656e-01  5.31716826e-01
8.23889709e-01  2.69776120e-01  9.74986553e-01  9.14698605e-01  1.66585405e-01  9.83509972e-01
8.99319638e-01  3.51429342e-01  6.62161930e-01  9.56503116e-01  2.69167047e-01  6.90842571e-01
8.71111243e-01  2.14518419e-01  8.50932639e-01  9.32941237e-01  1.39059365e-01  8.73080783e-01
7.92776359e-01  6.73375697e-01  8.09202398e-01  9.28161986e-01  5.28044995e-01  8.11237011e-01
8.25782429e-01  5.56600961e-01  7.75242097e-01  9.38869730e-01  3.58262813e-01  7.83155448e-01
9.44622237e-01  4.69789631e-01  4.27520134e-01  9.88685872e-01  4.46507328e-01  4.42020987e-01
9.32259270e-01  3.11550024e-01  5.76538941e-01  9.70844320e-01  2.15797573e-01  6.11620406e-01
7.81150587e-01  6.43291430e-01  8.68930661e-01  9.23493630e-01  4.02677710e-01  8.70641513e-01
8.29458468e-01  3.27382286e-01  9.17377095e-01  9.22074698e-01  1.97644079e-01  9.29288106e-01
9.06313157e-01  4.87574589e-01  5.46394621e-01  9.70108321e-01  4.34277098e-01  5.64099287e-01
9.29835430e-01  2.98176903e-01  5.93844015e-01  9.67874986e-01  2.18380502e-01  6.30047882e-01
8.38782278e-01  3.50402867e-01  8.69685186e-01  9.28069957e-01  2.21650362e-01  8.84576312e-01
8.82574375e-01  6.92401941e-01  4.89272802e-01  9.73851605e-01  6.96313901e-01  4.77433799e-01
9.95623830e-01  2.76815837e-01  3.83504963e-01  9.97618606e-01  2.78996416e-01  4.24781785e-01
8.22375901e-01  7.73667809e-01  6.40094813e-01  9.53663483e-01  6.12750667e-01  6.26899199e-01
8.87466662e-01  6.77804921e-01  4.82409882e-01  9.79448060e-01  5.84144775e-01  4.68360025e-01
9.71174480e-01  3.34517773e-01  4.28092820e-01  9.89384722e-01  3.38638492e-01  4.63331462e-01
8.97369114e-01  3.46262051e-01  6.72313126e-01  9.56030542e-01  2.42053283e-01  7.00357025e-01
9.21599391e-01  5.84190222e-01  4.28974121e-01  9.87190777e-01  5.56205661e-01  4.25380079e-01
7.78204128e-01  6.36903785e-01  8.83308841e-01  9.21563792e-01  3.93663122e-01  8.85175326e-01
8.88600299e-01  4.06415978e-01  6.61677057e-01  9.55668649e-01  3.13121479e-01  6.85684536e-01
8.90102327e-01  3.53043228e-01  6.92563780e-01  9.53419081e-01  2.35117273e-01  7.18765417e-01
8.52139887e-01  5.50288155e-01  6.89153083e-01  9.51636450e-01  3.67312285e-01  6.98588936e-01
8.60520589e-01  1.75429163e-01  9.13499412e-01  9.24568702e-01  1.23150455e-01  9.30587640e-01
9.00990167e-01  6.12579957e-01  4.80223977e-01  9.79862849e-01  5.38871959e-01  4.76524937e-01
9.10173500e-01  3.67808210e-01  6.14027551e-01  9.62757970e-01  2.99412089e-01  6.43492120e-01
8.43473281e-01  3.25927453e-01  8.70175316e-01  9.28144283e-01  2.13065592e-01  8.86152402e-01
8.69321011e-01  7.00446256e-01  5.29123024e-01  9.72087960e-01  5.80984874e-01  5.16322219e-01
8.52379157e-01  2.14436513e-01  9.15288704e-01  9.23470618e-01  1.52436433e-01  9.31144743e-01
8.08248976e-01  6.54845596e-01  7.68547506e-01  9.38268199e-01  4.29180284e-01  7.69539076e-01
8.33461376e-01  2.35345752e-01  9.65816697e-01  9.16279554e-01  1.57798811e-01  9.75987352e-01
8.70386931e-01  2.34736488e-01  8.39762791e-01  9.34507067e-01  1.43533289e-01  8.61967554e-01
9.25665053e-01  3.61401349e-01  5.65426358e-01  9.71416110e-01  2.66645976e-01  5.95794351e-01
8.32203626e-01  8.16977108e-01  5.77291824e-01  9.59787618e-01  7.46843451e-01  5.55556016e-01
8.29927879e-01  6.27835807e-01  7.12707578e-01  9.45997682e-01  4.45674563e-01  7.16018040e-01
8.41158734e-01  7.24728878e-01  6.08950272e-01  9.60420383e-01  5.50266396e-01  5.98501959e-01
8.85504476e-01  2.54570511e-01  7.74726654e-01  9.43608167e-01  1.51563442e-01  8.01672191e-01
8.61615468e-01  2.04357721e-01  8.90234545e-01  9.27597906e-01  1.33125858e-01  9.08772469e-01
8.79390948e-01  6.72505138e-01  5.13873092e-01  9.70241608e-01  6.69781609e-01  5.07448812e-01
7.49150159e-01  6.87187790e-01  9.48642718e-01  9.10458416e-01  4.25975577e-01  9.48680276e-01
8.11503980e-01  4.91352961e-01  8.67762542e-01  9.26293818e-01  3.02776239e-01  8.76569563e-01
7.79811222e-01  5.65747007e-01  9.26137516e-01  9.13758066e-01  4.12294657e-01  9.31304027e-01
9.79918739e-01  2.47706054e-01  4.56801411e-01  9.87639774e-01  2.19871715e-01  5.02921990e-01
8.73726717e-01  5.73667221e-01  5.99625140e-01  9.62430752e-01  4.59224140e-01  6.07377246e-01
8.28263976e-01  5.38804764e-01  7.78475508e-01  9.38203963e-01  3.54678556e-01  7.87765965e-01
7.79057379e-01  7.43812306e-01  8.08243207e-01  9.30179705e-01  5.02121998e-01  8.03977139e-01
8.26120111e-01  2.48307462e-01  9.81855633e-01  9.14585624e-01  1.42818203e-01  9.89918050e-01
8.83261936e-01  6.89871763e-01  4.88631506e-01  9.76341441e-01  6.39274100e-01  4.75103298e-01
8.51416415e-01  6.44439840e-01  6.28087130e-01  9.57774682e-01  4.96166232e-01  6.28407469e-01
8.72499382e-01  5.46851541e-01  6.21914388e-01  9.60044290e-01  4.17872878e-01  6.32571571e-01
9.34502181e-01  2.76716601e-01  5.92382704e-01  9.69029096e-01  1.86308927e-01  6.30314329e-01
8.07789198e-01  9.03431611e-01  6.02360178e-01  9.57720043e-01  7.44423361e-01  5.69395864e-01
9.25580369e-01  2.86453239e-01  6.16292544e-01  9.65522791e-01  1.89335706e-01  6.52079801e-01
9.42070700e-01  4.80816827e-01  4.28795724e-01  9.89330575e-01  4.34157155e-01  4.40839038e-01
8.43306075e-01  7.36225558e-01  5.93855148e-01  9.59952329e-01  6.28197079e-01  5.82869634e-01
8.83981193e-01  6.73204255e-01  4.97421596e-01  9.72973772e-01  6.70717262e-01  4.89184573e-01
7.33564076e-01  7.67588579e-01  9.47932445e-01  9.09077086e-01  4.78609700e-01  9.45471014e-01
9.83067774e-01  2.94519309e-01  4.14453400e-01  9.92962714e-01  2.81391451e-01  4.54071251e-01
9.16406952e-01  6.13704237e-01  4.26796504e-01  9.85439330e-01  6.27135754e-01  4.19653347e-01
7.91497211e-01  8.78049331e-01  6.75150676e-01  9.47676909e-01  6.67163128e-01  6.52285767e-01
9.29286988e-01  5.59241857e-01  4.19844085e-01  9.84190169e-01  6.45883036e-01  4.23699366e-01
7.81116892e-01  8.75425465e-01  7.12386069e-01  9.41977105e-01  6.50312288e-01  6.92873355e-01
7.91492406e-01  4.40708833e-01  9.70317864e-01  9.12134372e-01  2.67187606e-01  9.75900803e-01
8.14391959e-01  5.21602146e-01  8.37480696e-01  9.30224602e-01  3.25465958e-01  8.45931466e-01
