9.35620327e-01  3.23214244e-01  5.57184976e-01  9.72881612e-01  2.43003778e-01  5.92047964e-01
8.45023804e-01  5.26801523e-01  7.29611886e-01  9.42847126e-01  4.21899994e-01  7.42427467e-01
7.82693314e-01  6.01641014e-01  8.91768082e-01  9.19376276e-01  4.07868321e-01  8.95809556e-01
8.90102327e-01  3.53043228e-01  6.92563780e-01  9.53419081e-01  2.35117273e-01  7.18765417e-01
8.77933527e-01  5.00138356e-01  6.34872969e-01  9.60229827e-01  3.42652306e-01  6.49368006e-01
7.42334864e-01  7.52518961e-01  9.28134931e-01  9.12006927e-01  4.81810500e-01  9.25913098e-01
8.94448446e-01  3.61493518e-01  6.72012862e-01  9.56309515e-01  2.42254314e-01  6.98519624e-01
8.45206247e-01  3.80723579e-01  8.27273226e-01  9.32628386e-01  2.68259155e-01  8.44192828e-01
9.07360800e-01  5.63296755e-01  4.91716994e-01  9.79154253e-01  4.77444331e-01  4.95757907e-01
8.67724198e-01  7.26517959e-01  5.16984353e-01  9.72328533e-01  6.41717219e-01  5.00257310e-01
8.58845559e-01  6.87808507e-01  5.73438889e-01  9.61960919e-01  6.34449369e-01  5.68491749e-01
9.18758768e-01  2.41235227e-01  6.70410034e-01  9.57502939e-01  1.75706548e-01  7.07294623e-01
9.34972263e-01  4.23061450e-01  4.92318088e-01  9.79960156e-01  3.72140504e-01  5.16285315e-01
7.83472325e-01  6.45537872e-01  8.59778943e-01  9.23115446e-01  4.49902762e-01  8.62291457e-01
8.03452127e-01  5.23290953e-01  8.74015857e-01  9.22702097e-01  3.77655360e-01  8.82218774e-01
8.98931935e-01  3.24677580e-01  6.81540118e-01  9.55952934e-01  2.02659660e-01  7.10274524e-01
8.29999181e-01  5.21956415e-01  7.83916837e-01  9.36603044e-01  3.68350406e-01  7.94765115e-01
8.45400670e-01  8.70364056e-01  4.96178749e-01  9.71381182e-01  8.52496160e-01  4.55933581e-01
8.22909509e-01  2.65344663e-01  9.81327192e-01  9.14635910e-01  1.45149072e-01  9.89038128e-01
8.00783247e-01  7.43091290e-01  7.34500473e-01  9.39138043e-01  5.73551418e-01  7.29437978e-01
7.81639580e-01  5.81395616e-01  9.09330362e-01  9.18321451e-01  3.65320446e-01  9.13266409e-01
8.62907300e-01  5.03690368e-01  6.83811439e-01  9.49743593e-01  4.14246367e-01  6.99506921e-01
8.02834793e-01  8.21875181e-01  6.74622263e-01  9.47749024e-01  6.41624671e-01  6.58446706e-01
8.63163367e-01  4.85372822e-01  6.95297995e-01  9.48313757e-01  3.98997043e-01  7.12324245e-01
8.09997148e-01  7.28640987e-01  7.12772525e-01  9.42344615e-01  5.75350828e-01  7.08440803e-01
8.78518743e-01  4.73637843e-01  6.50756190e-01  9.55043177e-01  3.96521499e-01  6.69753903e-01
8.47667934e-01  7.24606336e-01  5.86794090e-01  9.60414513e-01  6.38921329e-01  5.77340908e-01
7.66400797e-01  6.73618236e-01  8.98858678e-01  9.16905923e-01  4.57068591e-01  8.99889767e-01
9.24866521e-01  2.23380054e-01  6.61592545e-01  9.58997878e-01  1.63750509e-01  7.00565020e-01
8.38043251e-01  5.36500557e-01  7.46915549e-01  9.39425493e-01  4.44144813e-01  7.59054704e-01
8.22398055e-01  2.82198049e-01  9.71997411e-01  9.15015157e-01  1.72806877e-01  9.80508635e-01
8.29114554e-01  5.58599876e-01  7.62507628e-01  9.38207495e-01  4.23001409e-01  7.71922761e-01
9.69650315e-01  3.41364347e-01  4.28679731e-01  9.90199163e-01  3.21839582e-01  4.62124585e-01
9.26238800e-01  5.30932824e-01  4.49361178e-01  9.84825294e-01  4.93412811e-01  4.56083237e-01
7.86273824e-01  8.66474578e-01  7.01105716e-01  9.44198014e-01  6.40763246e-01  6.81428680e-01
8.06159816e-01  7.53592354e-01  7.09044056e-01  9.41133017e-01  6.29999431e-01  7.03144512e-01
8.90071694e-01  6.36792560e-01  5.01186180e-01  9.77387464e-01  5.28473348e-01  4.94888136e-01
8.89275869e-01  7.09212728e-01  4.55331986e-01  9.78520660e-01  7.41618772e-01  4.37171076e-01
7.73955355e-01  5.05425299e-01  9.86858618e-01  9.07036209e-01  3.42854123e-01  9.91024488e-01
8.84917411e-01  2.50470144e-01  7.79797124e-01  9.42189681e-01  1.69619951e-01  8.06969564e-01
8.27630366e-01  4.89254035e-01  8.14079741e-01  9.32573689e-01  3.45938160e-01  8.25968889e-01
8.14998780e-01  6.80279385e-01  7.28321527e-01  9.42068639e-01  5.01602519e-01  7.27845476e-01
7.55947078e-01  7.10776660e-01  9.09499074e-01  9.15716054e-01  4.52807917e-01  9.08540586e-01
8.39893997e-01  7.21875581e-01  6.15493487e-01  9.54451635e-01  6.66904852e-01  6.09411778e-01
8.10821215e-01  5.32204711e-01  8.42823368e-01  9.29524249e-01  3.27585081e-01  8.50433679e-01
9.02920799e-01  2.51267733e-01  7.17451864e-01  9.51155668e-01  1.66566170e-01  7.49674822e-01
7.80779312e-01  6.59953734e-01  8.58953264e-01  9.22931668e-01  4.59098609e-01  8.60754468e-01
8.05670448e-01  7.49512507e-01  7.13469662e-01  9.41798954e-01  5.94651036e-01  7.07325633e-01
8.90567588e-01  5.40991097e-01  5.64141081e-01  9.69517826e-01  4.09612553e-01  5.73784294e-01
8.11599672e-01  7.35226462e-01  7.02853558e-01  9.44623401e-01  5.62083277e-01  6.96997230e-01
8.59850083e-01  6.53096037e-01  5.93432064e-01  9.59988321e-01  5.83137290e-01  5.93413262e-01
8.54489099e-01  5.67625058e-01  6.69426737e-01  9.52231542e-01  4.34882674e-01  6.78614782e-01
8.35373345e-01  4.57785779e-01  8.08862644e-01  9.35823712e-01  2.76554666e-01  8.21714090e-01
8.79820937e-01  3.53633018e-01  7.27589901e-01  9.48208344e-01  2.38412012e-01  7.51916069e-01
8.38609077e-01  3.42569195e-01  8.75563356e-01  9.26383621e-01  2.40828879e-01  8.90806658e-01
8.73019513e-01  6.07744394e-01  5.79045363e-01  9.66870895e-01  4.51118163e-01  5.80836829e-01
8.60232204e-01  4.91802423e-01  7.01271901e-01  9.49573119e-01  3.50812568e-01  7.16285300e-01
9.02846576e-01  5.05059559e-01  5.46736864e-01  9.72858854e-01  3.79384777e-01  5.60100000e-01
7.89489321e-01  4.54495809e-01  9.68154396e-01  9.11048555e-01  3.06225683e-01  9.74047241e-01
9.28654734e-01  2.82815356e-01  6.08243990e-01  9.65710549e-01  2.12011384e-01  6.45453405e-01
8.02086911e-01  7.32930878e-01  7.36903159e-01  9.38771802e-01  5.68956667e-01  7.32885738e-01
8.80837429e-01  3.78007475e-01  7.07667942e-01  9.50290498e-01  2.67821644e-01  7.31528715e-01
8.08862693e-01  6.78615260e-01  7.50706110e-01  9.37088254e-01  5.37447732e-01  7.51735229e-01
8.80903053e-01  5.12646487e-01  6.16583902e-01  9.58929185e-01  4.50434253e-01  6.32454649e-01
8.78700969e-01  5.24736828e-01  6.15650318e-01  9.58874991e-01  4.59016117e-01  6.30233379e-01
8.41246920e-01  5.61280618e-01  7.19247832e-01  9.44644059e-01  4.29809868e-01  7.29010534e-01
8.22202382e-01  6.05105140e-01  7.54441820e-01  9.39962749e-01  4.24494342e-01  7.59790704e-01
8.37676706e-01  4.01670117e-01  8.38862887e-01  9.30697794e-01  2.79122256e-01  8.53978213e-01
7.94921602e-01  8.13662227e-01  7.07200298e-01  9.42868766e-01  6.23854926e-01  6.93997512e-01
9.01823304e-01  4.76628745e-01  5.69120040e-01  9.66671276e-01  4.24206133e-01  5.88552260e-01
8.14590924e-01  3.41207446e-01  9.58548357e-01  9.15273008e-01  2.19355555e-01  9.67206853e-01
7.98369541e-01  8.57990548e-01  6.65505909e-01  9.49889824e-01  6.45504924e-01  6.43787899e-01
8.38151047e-01  7.36608519e-01  6.11207953e-01  9.54658416e-01  6.84924041e-01  6.03260033e-01
8.17909445e-01  6.09217228e-01  7.66333938e-01  9.38272900e-01  4.21906968e-01  7.71248124e-01
9.08105914e-01  3.00015888e-01  6.66840021e-01  9.57765878e-01  2.01889135e-01  6.98830593e-01
8.14551312e-01  5.02433646e-01  8.49872158e-01  9.27836692e-01  3.33564678e-01  8.59311177e-01
8.31476512e-01  3.30973254e-01  9.07759775e-01  9.22142393e-01  2.28849441e-01  9.20875099e-01
8.77881692e-01  7.09268869e-01  4.93922832e-01  9.76302206e-01  6.31867822e-01  4.77125871e-01
7.51109858e-01  6.59760487e-01  9.60755164e-01  9.08465101e-01  4.26439734e-01  9.61871643e-01
8.49275654e-01  2.31457491e-01  9.14107346e-01  9.23381610e-01  1.59290927e-01  9.29559753e-01
7.82150285e-01  5.92743772e-01  8.99628539e-01  9.19188073e-01  3.80768321e-01  9.03496982e-01
8.27686402e-01  3.16890663e-01  9.30513135e-01  9.20970751e-01  1.76516694e-01  9.41421110e-01
8.15152467e-01  5.74463746e-01  7.99504537e-01  9.32686043e-01  4.24063799e-01  8.07083547e-01
9.35554201e-01  2.83965933e-01  5.83896364e-01  9.69097592e-01  2.18341326e-01  6.22215542e-01
8.65598616e-01  2.53832355e-01  8.43235719e-01  9.34037920e-01  1.47167755e-01  8.64107625e-01
8.61032333e-01  3.37838556e-01  8.02441192e-01  9.37490418e-01  2.28629994e-01  8.23000376e-01
8.52449607e-01  2.54522706e-01  8.87695739e-01  9.26484893e-01  1.78577446e-01  9.05042914e-01
7.46485067e-01  6.46558977e-01  9.85466979e-01  9.04601797e-01  4.25190322e-01  9.86950509e-01
7.47698751e-01  6.66409703e-01  9.67922728e-01  9.07334755e-01  4.27700413e-01  9.68820455e-01
9.89523966e-01  3.31675690e-01  3.67323912e-01  9.99192457e-01  3.42966702e-01  3.99391320e-01
7.59637993e-01  6.22891612e-01  9.56201653e-01  9.10613030e-01  3.82864938e-01  9.57997448e-01
7.80704674e-01  5.13559098e-01  9.58009821e-01  9.12017999e-01  3.25344021e-01  9.62740476e-01
8.81041856e-01  6.83469806e-01  5.00536393e-01  9.76051101e-01  5.93166941e-01  4.87990301e-01
7.66333655e-01  6.89553111e-01  8.88334107e-01  9.18710586e-01  4.56701375e-01  8.88402215e-01
8.17211093e-01  4.88204896e-01  8.50387020e-01  9.27636969e-01  3.33189369e-01  8.60681968e-01
8.55427880e-01  6.60538966e-01  6.03517451e-01  9.58573553e-01  5.81299457e-01  6.02926912e-01
8.41469209e-01  8.54205134e-01  5.20812296e-01  9.67195793e-01  8.34872716e-01  4.87508799e-01
8.40669564e-01  8.16239312e-01  5.49165003e-01  9.66956631e-01  6.95852343e-01  5.22284322e-01
8.05198017e-01  6.80278413e-01  7.61806726e-01  9.36175512e-01  5.15267084e-01  7.62376575e-01
8.32463295e-01  3.65596220e-01  8.81020993e-01  9.24771905e-01  2.65789426e-01  8.95175763e-01
8.01339790e-01  4.71701494e-01  9.16050336e-01  9.17048574e-01  3.51808862e-01  9.24661840e-01
8.54025815e-01  3.28814664e-01  8.32469768e-01  9.33142427e-01  2.26523488e-01  8.51392468e-01
8.14512680e-01  7.97894503e-01  6.50908031e-01  9.51612375e-01  6.32798279e-01  6.35777956e-01
9.14838380e-01  5.48324448e-01  4.76274559e-01  9.80420456e-01  4.99120906e-01  4.82453519e-01
8.34291067e-01  4.78947611e-01  7.98278039e-01  9.34901140e-01  3.44139264e-01  8.11470616e-01
7.94958819e-01  5.64933865e-01  8.74931624e-01  9.23284101e-01  3.69015870e-01  8.80551617e-01
9.00585927e-01  4.52308751e-01  5.89759086e-01  9.63952010e-01  3.99545625e-01  6.11890104e-01
8.47572881e-01  5.05217040e-01  7.35171752e-01  9.43793402e-01  3.68371270e-01  7.48640973e-01
8.75671575e-01  6.56340772e-01  5.37487741e-01  9.66120691e-01  6.62199410e-01  5.35692843e-01
9.61780871e-01  4.18846901e-01  4.03278046e-01  9.93442770e-01  3.96503337e-01  4.23467583e-01
9.65037045e-01  2.36403295e-01  5.15268965e-01  9.79092535e-01  2.03275133e-01  5.61711435e-01
8.17951436e-01  4.36533221e-01  8.82729740e-01  9.23628096e-01  3.02098131e-01  8.93830013e-01
9.95623830e-01  2.76815837e-01  3.83504963e-01  9.97618606e-01  2.78996416e-01  4.24781785e-01
8.36530234e-01  7.44168466e-01  6.11644073e-01  9.56638799e-01  6.40133465e-01  6.01268128e-01
8.25965541e-01  5.68703596e-01  7.66448113e-01  9.38027087e-01  4.15953087e-01  7.74765294e-01
8.71009150e-01  5.54377024e-01  6.21926587e-01  9.57110284e-01  4.91750795e-01  6.33724697e-01
9.76059725e-01  2.52507971e-01  4.66744493e-01  9.85634251e-01  2.33329354e-01  5.12567248e-01
8.57884440e-01  5.11677213e-01  6.95581919e-01  9.47305119e-01  4.32671298e-01  7.10741509e-01
8.12543139e-01  8.82339545e-01  6.00352365e-01  9.58729385e-01  7.16108582e-01  5.69692525e-01
8.98146031e-01  2.44858766e-01  7.38089963e-01  9.48374493e-01  1.60184736e-01  7.69039263e-01
8.82105089e-01  4.99711783e-01  6.20908203e-01  9.59072827e-01  4.22641264e-01  6.37662282e-01
7.75757474e-01  6.16477838e-01  9.05749512e-01  9.14327680e-01  4.85016991e-01  9.10260707e-01
9.32269470e-01  4.94537210e-01  4.53021027e-01  9.85965340e-01  4.26122694e-01  4.64344263e-01
8.75310412e-01  3.37280253e-01  7.53737495e-01  9.43375065e-01  2.55690021e-01  7.78268523e-01
7.63932904e-01  5.94044543e-01  9.61292868e-01  9.08589102e-01  4.11906642e-01  9.64551538e-01
7.71951809e-01  6.14757279e-01  9.19617661e-01  9.16095656e-01  3.85513519e-01  9.22197530e-01
7.77249752e-01  4.78685519e-01  9.93352213e-01  9.08088521e-01  2.87135739e-01  9.97081687e-01
8.11493848e-01  4.35077787e-01  9.05776123e-01  9.20522711e-01  2.94550009e-01  9.15553348e-01
8.33259096e-01  6.19761150e-01  7.07072337e-01  9.43425350e-01  5.28436754e-01  7.13243823e-01
8.85504476e-01  2.54570511e-01  7.74726654e-01  9.43608167e-01  1.51563442e-01  8.01672191e-01
8.18031247e-01  6.54887608e-01  7.35096410e-01  9.40801614e-01  4.96361232e-01  7.37225466e-01
8.00305623e-01  5.30171524e-01  8.79825625e-01  9.22848427e-01  3.51674561e-01  8.86975993e-01
8.40061414e-01  8.44768398e-01  5.31990063e-01  9.66196150e-01  8.04524023e-01  5.01177123e-01
8.56881277e-01  6.46769613e-01  6.07843771e-01  9.56827799e-01  5.98799518e-01  6.09939503e-01
8.44880658e-01  4.38699295e-01  7.89558265e-01  9.38449128e-01  2.79475198e-01  8.04692963e-01
9.11897610e-01  2.48035458e-01  6.88964071e-01  9.55257620e-01  1.65514190e-01  7.23616436e-01
8.41525912e-01  3.57518353e-01  8.55508134e-01  9.28387162e-01  2.66170141e-01  8.71896009e-01
8.68230343e-01  3.43378537e-01  7.73811635e-01  9.40777851e-01  2.49503474e-01  7.96406484e-01
8.11415820e-01  6.04829309e-01  7.91481270e-01  9.34672290e-01  4.12915704e-01  7.96492567e-01
8.55576289e-01  5.69569006e-01  6.64400448e-01  9.52626060e-01  4.45285639e-01  6.73596830e-01
8.83449034e-01  3.47344830e-01  7.19139744e-01  9.48385978e-01  2.60202736e-01  7.45049335e-01
8.79152492e-01  4.81871663e-01  6.43035400e-01  9.59160417e-01  3.29638792e-01  6.59338892e-01
7.44564026e-01  7.18523083e-01  9.43163807e-01  9.09630630e-01  4.73294089e-01  9.42674769e-01
8.49749354e-01  5.87723643e-01  6.72055941e-01  9.49006942e-01  5.11418480e-01  6.80996216e-01
7.63569915e-01  6.86055682e-01  9.00434404e-01  9.15074315e-01  5.01163625e-01  9.01610602e-01
8.96934120e-01  5.67321512e-01  5.24622209e-01  9.74640014e-01  4.56673363e-01  5.29678252e-01
8.56206626e-01  3.08114005e-01  8.38691188e-01  9.32735087e-01  2.07558062e-01  8.58023435e-01
7.69419014e-01  5.67407902e-01  9.60525959e-01  9.10965726e-01  3.51731408e-01  9.63696864e-01
8.92109172e-01  6.20830493e-01  5.04996354e-01  9.71613405e-01  6.38040489e-01  5.05723224e-01
8.36977151e-01  7.63116706e-01  5.97330201e-01  9.57886950e-01  6.78489108e-01  5.84091200e-01
