8.47622657e-01  9.48253840e-01  4.73681458e-01  9.70427690e-01  9.98012208e-01  4.24768253e-01
9.10860019e-01  4.06077865e-01  6.10947943e-01  9.63295010e-01  2.89964885e-01  6.37204223e-01
9.04617879e-01  2.52691969e-01  7.31728737e-01  9.48572716e-01  1.56592971e-01  7.63005111e-01
8.70311868e-01  6.08286343e-01  6.17354621e-01  9.56895073e-01  5.14649819e-01  6.25340229e-01
8.59746893e-01  7.57923985e-01  5.56079454e-01  9.60399894e-01  7.54298165e-01  5.46444761e-01
9.80696770e-01  2.48185571e-01  4.76317699e-01  9.83258361e-01  2.28210569e-01  5.23740112e-01
9.65058718e-01  3.06188827e-01  4.91760869e-01  9.80508227e-01  2.68120464e-01  5.31977346e-01
7.39542720e-01  7.07179658e-01  9.97223648e-01  9.02169770e-01  4.24209386e-01  9.97537875e-01
9.26353501e-01  3.43726134e-01  5.99115959e-01  9.66446691e-01  2.31402010e-01  6.31300104e-01
8.83192956e-01  5.19376325e-01  6.31338760e-01  9.58537711e-01  3.79591348e-01  6.46606043e-01
9.78167061e-01  2.75392655e-01  4.67244247e-01  9.84946164e-01  2.36449079e-01  5.10978425e-01
8.03523385e-01  3.85556615e-01  9.88774307e-01  9.08283879e-01  2.68652951e-01  9.94958824e-01
8.88478558e-01  6.40175356e-01  5.34963596e-01  9.67374414e-01  6.03353588e-01  5.37263074e-01
8.32088461e-01  7.40343640e-01  6.61412278e-01  9.45721752e-01  6.75634633e-01  6.59080616e-01
7.66847771e-01  6.03519260e-01  9.72099506e-01  9.08740300e-01  3.46415455e-01  9.74238936e-01
7.86001932e-01  6.49775769e-01  8.76717379e-01  9.17911810e-01  4.90655237e-01  8.80951910e-01
7.86421801e-01  5.34158061e-01  9.50362598e-01  9.10485900e-01  3.74315716e-01  9.55960382e-01
7.54176511e-01  8.00359214e-01  8.87322935e-01  9.17212276e-01  5.02376389e-01  8.83193864e-01
7.66866684e-01  5.93742323e-01  9.78085547e-01  9.07044887e-01  3.62878895e-01  9.80717788e-01
9.51922807e-01  4.97992559e-01  4.11842171e-01  9.86681556e-01  5.47799463e-01  4.26547624e-01
8.90423793e-01  3.82814753e-01  6.95446656e-01  9.52424950e-01  2.35296770e-01  7.19774098e-01
9.33149533e-01  3.44421590e-01  5.75289665e-01  9.67837982e-01  2.83560734e-01  6.09582722e-01
8.72443764e-01  7.09124499e-01  5.44648653e-01  9.69676763e-01  5.49937341e-01  5.35076887e-01
7.97119173e-01  5.18383923e-01  9.24275688e-01  9.14221815e-01  3.76273604e-01  9.31543915e-01
7.99279034e-01  6.77675023e-01  8.13514775e-01  9.26128066e-01  5.37747899e-01  8.17180443e-01
8.73752767e-01  3.22986737e-01  7.90901458e-01  9.39558354e-01  1.89296180e-01  8.13105968e-01
7.93753795e-01  4.62738125e-01  9.72135277e-01  9.10764726e-01  2.77951222e-01  9.77377889e-01
7.33421931e-01  7.53900004e-01  9.87674027e-01  9.02543844e-01  4.58216126e-01  9.87132222e-01
8.14158651e-01  6.41276763e-01  7.86916291e-01  9.32956963e-01  4.62094865e-01  7.91721420e-01
8.25328735e-01  5.46330629e-01  8.10331924e-01  9.30806107e-01  3.96211611e-01  8.20508647e-01
9.14009802e-01  5.48822691e-01  5.07578353e-01  9.74558848e-01  4.86654488e-01  5.18672725e-01
8.56009492e-01  2.07466845e-01  9.26162465e-01  9.21883730e-01  1.28323853e-01  9.40794085e-01
7.56578450e-01  6.41685803e-01  9.81894364e-01  9.04481791e-01  4.18802413e-01  9.83985683e-01
7.56163354e-01  7.01535107e-01  9.44444121e-01  9.10722672e-01  4.16305293e-01  9.44555613e-01
9.18164876e-01  2.80547788e-01  6.67641697e-01  9.57432960e-01  1.75777965e-01  7.01676013e-01
8.50583527e-01  5.93914921e-01  6.93676453e-01  9.44894857e-01  5.06969548e-01  7.04093574e-01
9.97504136e-01  2.93566227e-01  3.89786103e-01  9.96441960e-01  2.68644467e-01  4.29688774e-01
8.80399941e-01  7.85710430e-01  4.67910062e-01  9.70362040e-01  9.02189207e-01  4.47749498e-01
8.41718491e-01  4.42516049e-01  8.22079245e-01  9.33497627e-01  2.57681742e-01  8.35866767e-01
9.57953842e-01  3.10133942e-01  5.13324648e-01  9.76988856e-01  2.74562695e-01  5.53026477e-01
8.72022429e-01  5.10910230e-01  6.74766509e-01  9.50460220e-01  4.09097897e-01  6.91451668e-01
7.64488178e-01  7.79078535e-01  8.65824146e-01  9.19961035e-01  5.12612871e-01  8.62642064e-01
8.17628727e-01  3.50503933e-01  9.63630901e-01  9.12685890e-01  2.45397527e-01  9.72207552e-01
9.29209696e-01  5.56180690e-01  4.51188816e-01  9.79671826e-01  5.93939116e-01  4.60630037e-01
9.19670162e-01  3.87338481e-01  5.93197742e-01  9.64835258e-01  3.10011114e-01  6.22608522e-01
9.62400649e-01  4.31086882e-01  4.19700759e-01  9.91382130e-01  3.61015891e-01  4.40384005e-01
7.42336650e-01  7.00987076e-01  9.91755806e-01  9.02408509e-01  4.39280632e-01  9.92458454e-01
8.12321062e-01  7.83782096e-01  7.00335420e-01  9.41089716e-01  6.52702584e-01  6.94180291e-01
7.53976033e-01  6.74839707e-01  9.69204804e-01  9.05235848e-01  4.53647398e-01  9.70946146e-01
9.82900250e-01  3.85233991e-01  3.79862102e-01  9.98112981e-01  3.30247047e-01  4.04470883e-01
8.83187770e-01  5.81221779e-01  5.91501737e-01  9.63555590e-01  4.42438626e-01  6.00151019e-01
8.48586642e-01  9.43166169e-01  4.73711362e-01  9.72519555e-01  9.45149150e-01  4.23801438e-01
9.29327488e-01  5.80125228e-01  4.35243936e-01  9.85988643e-01  5.26188182e-01  4.36078558e-01
7.89398062e-01  4.58690914e-01  9.89555193e-01  9.06299038e-01  3.25661891e-01  9.94779457e-01
8.80630730e-01  8.07358727e-01  4.53369838e-01  9.77622090e-01  8.12427194e-01  4.22848589e-01
7.64784157e-01  6.49046507e-01  9.49247095e-01  9.07983686e-01  4.58681711e-01  9.52141040e-01
7.64573823e-01  8.14654616e-01  8.42434952e-01  9.23803679e-01  5.19991933e-01  8.36265181e-01
1.00053247e+00  2.83109756e-01  3.86291784e-01  9.96911415e-01  2.64273133e-01  4.27707872e-01
9.49682036e-01  3.75693893e-01  4.98849670e-01  9.80646715e-01  2.76086636e-01  5.29213816e-01
9.65363441e-01  4.14843235e-01  4.20483515e-01  9.88999106e-01  4.05214200e-01  4.45773898e-01
7.63864322e-01  7.15873570e-01  9.08980404e-01  9.13565156e-01  4.87487829e-01  9.09569107e-01
9.53275607e-01  4.78490102e-01  4.19910161e-01  9.88946916e-01  4.49092167e-01  4.35261814e-01
7.34886104e-01  7.66111219e-01  9.74772519e-01  9.03849782e-01  4.78634956e-01  9.73950550e-01
7.45128904e-01  6.80970146e-01  9.95270695e-01  9.02872090e-01  4.11354881e-01  9.96061044e-01
8.84951494e-01  2.48971074e-01  8.00927972e-01  9.39096537e-01  1.46098350e-01  8.26237972e-01
7.96526585e-01  6.11479957e-01  8.65842711e-01  9.23823014e-01  3.75535437e-01  8.70153176e-01
7.89259017e-01  7.28381254e-01  8.14620144e-01  9.26655544e-01  5.35090639e-01  8.14423833e-01
8.40168996e-01  2.46798720e-01  9.54420086e-01  9.17639001e-01  1.40613616e-01  9.65118579e-01
8.88660382e-01  1.90313059e-01  8.26715133e-01  9.35422430e-01  1.35762628e-01  8.52746487e-01
9.88702252e-01  3.67935002e-01  3.71392014e-01  9.99647387e-01  3.16066425e-01  3.97971145e-01
8.79801969e-01  7.65705925e-01  4.83226048e-01  9.75317293e-01  7.08953412e-01  4.61988201e-01
9.50465820e-01  4.99741318e-01  4.15654144e-01  9.86943640e-01  5.27577569e-01  4.29628160e-01
8.83117517e-01  2.29475118e-01  8.19813889e-01  9.36342059e-01  1.43599417e-01  8.44488349e-01
8.57416821e-01  3.37044860e-01  8.37249024e-01  9.32986932e-01  1.89844558e-01  8.55113500e-01
8.16892266e-01  3.52965338e-01  9.64534521e-01  9.14151501e-01  2.05125324e-01  9.72291855e-01
8.82749618e-01  5.59327994e-01  6.06905431e-01  9.58084486e-01  5.02666885e-01  6.20535059e-01
8.82575300e-01  3.95833403e-01  7.13645800e-01  9.49576671e-01  2.43414679e-01  7.36126007e-01
8.67870299e-01  3.50133496e-01  7.93251360e-01  9.37345396e-01  2.43255685e-01  8.14591080e-01
8.77617215e-01  2.69685734e-01  8.12384908e-01  9.37279963e-01  1.55863059e-01  8.35586957e-01
9.67304900e-01  3.88990514e-01  4.30377734e-01  9.89524175e-01  3.35635917e-01  4.58272373e-01
9.16208259e-01  5.57110188e-01  4.94732927e-01  9.76792135e-01  4.89174131e-01  5.03759911e-01
8.10115808e-01  6.84122817e-01  7.72528331e-01  9.32058288e-01  5.52008804e-01  7.75797766e-01
8.32679826e-01  9.64315497e-01  5.13994034e-01  9.66333696e-01  9.27794673e-01  4.67550168e-01
8.80184113e-01  8.05716040e-01  4.55953033e-01  9.79837313e-01  7.48360341e-01  4.23728609e-01
9.08612132e-01  5.75635495e-01  5.08498898e-01  9.71976360e-01  5.60508566e-01  5.17843264e-01
8.43912912e-01  7.25530464e-01  6.30878084e-01  9.54175886e-01  5.84621087e-01  6.26301393e-01
7.33212744e-01  7.71604860e-01  9.76888622e-01  9.04095007e-01  4.64572166e-01  9.75689216e-01
9.07101730e-01  7.05669637e-01  4.29504329e-01  9.81287639e-01  7.52274721e-01  4.13507762e-01
7.68209742e-01  7.70004210e-01  8.59078035e-01  9.21765238e-01  4.92110380e-01  8.55900548e-01
9.50992135e-01  5.10422516e-01  4.06932851e-01  9.91844379e-01  4.55649575e-01  4.15139832e-01
9.18651828e-01  6.16849347e-01  4.47651414e-01  9.78672979e-01  6.72563180e-01  4.48523456e-01
9.24197407e-01  2.66010102e-01  6.56595417e-01  9.58901326e-01  1.73912633e-01  6.92700032e-01
8.41088981e-01  2.55170961e-01  9.45859481e-01  9.18976803e-01  1.38313744e-01  9.57081794e-01
7.92304888e-01  4.48344046e-01  9.86104504e-01  9.08064662e-01  2.90414960e-01  9.91240567e-01
8.85449379e-01  7.91228668e-01  4.47182214e-01  9.79526767e-01  7.80532718e-01  4.17629028e-01
8.37300108e-01  2.81300088e-01  9.41760661e-01  9.18886768e-01  1.58696582e-01  9.52859950e-01
9.73936438e-01  3.61932408e-01  4.25426554e-01  9.89607674e-01  3.35752249e-01  4.57709603e-01
8.04351656e-01  4.93244195e-01  9.16037150e-01  9.15831015e-01  3.62456924e-01  9.24478555e-01
7.90783027e-01  4.64269238e-01  9.81230702e-01  9.10280493e-01  2.56214789e-01  9.85600798e-01
7.84715538e-01  9.02632576e-01  7.16915001e-01  9.40699438e-01  6.46318794e-01  6.98185733e-01
7.76706959e-01  7.85881262e-01  8.19913461e-01  9.27150896e-01  5.18795123e-01  8.15084293e-01
7.79547237e-01  5.30527195e-01  9.76066847e-01  9.06374759e-01  3.80305490e-01  9.80911710e-01
8.49836928e-01  7.93699035e-01  5.66801515e-01  9.58922984e-01  7.68922780e-01  5.52987548e-01
8.95299940e-01  3.97725621e-01  6.69207613e-01  9.55272421e-01  2.67186724e-01  6.94007821e-01
8.08023897e-01  3.69799726e-01  9.83721615e-01  9.10269274e-01  2.35195868e-01  9.90105502e-01
9.26979500e-01  3.52677876e-01  5.91178147e-01  9.65555890e-01  2.86285739e-01  6.24089995e-01
8.93787309e-01  7.06197471e-01  4.74372028e-01  9.79001282e-01  6.18074543e-01  4.59763255e-01
8.64468350e-01  7.18351451e-01  5.65739319e-01  9.63144680e-01  6.26208330e-01  5.59002814e-01
8.66793782e-01  7.37377505e-01  5.45490850e-01  9.66845399e-01  6.31147907e-01  5.34111176e-01
8.70097911e-01  2.75338961e-01  8.34249161e-01  9.34004474e-01  1.61302277e-01  8.55309121e-01
8.24265604e-01  5.25676422e-01  8.27650575e-01  9.30004117e-01  3.47499721e-01  8.37636351e-01
7.98179007e-01  4.32177864e-01  9.76651816e-01  9.08840471e-01  3.04321533e-01  9.82991545e-01
8.66090292e-01  2.34409502e-01  8.74433625e-01  9.28784916e-01  1.41379551e-01  8.93468447e-01
8.94029296e-01  6.74298804e-01  4.93961518e-01  9.70476889e-01  7.15586886e-01  4.90946316e-01
9.73629108e-01  2.97825190e-01  4.68089645e-01  9.85686660e-01  2.28194653e-01  5.08173848e-01
8.79659104e-01  4.24703796e-01  7.04803890e-01  9.48887171e-01  3.03123118e-01  7.26489112e-01
8.93367730e-01  2.91204854e-01  7.44927205e-01  9.46279845e-01  1.78096186e-01  7.72644287e-01
7.91168005e-01  5.53464801e-01  9.22005874e-01  9.14630956e-01  3.82556771e-01  9.27957254e-01
8.83283832e-01  2.59074760e-01  8.00031201e-01  9.39218895e-01  1.48722473e-01  8.24835553e-01
8.09578625e-01  8.58965642e-01  6.60836394e-01  9.49897281e-01  6.33131670e-01  6.42314193e-01
8.65288001e-01  2.08448635e-01  8.94014268e-01  9.25884983e-01  1.40785874e-01  9.12203093e-01
8.04848181e-01  4.97618767e-01  9.11511084e-01  9.17685486e-01  3.33362642e-01  9.19437572e-01
8.07598032e-01  6.43451493e-01  8.07783091e-01  9.29401554e-01  4.70564591e-01  8.12524820e-01
9.89092855e-01  3.11898218e-01  4.06445330e-01  9.92096962e-01  3.18488023e-01  4.45813275e-01
7.86294333e-01  6.53906068e-01  8.73042458e-01  9.17928179e-01  5.05437194e-01  8.77366562e-01
8.46121991e-01  7.84418161e-01  5.85144023e-01  9.56477745e-01  7.45075978e-01  5.73764486e-01
7.72349116e-01  6.01765626e-01  9.54256084e-01  9.08491204e-01  4.19470314e-01  9.58119100e-01
8.66841601e-01  8.42873950e-01  4.76836740e-01  9.69178148e-01  9.33474936e-01  4.47974613e-01
8.26036250e-01  9.14854144e-01  5.68665398e-01  9.60316902e-01  7.99915940e-01  5.36236659e-01
9.02688259e-01  6.84449136e-01  4.57969601e-01  9.75951224e-01  7.40862337e-01  4.49894791e-01
8.42350951e-01  2.74582969e-01  9.28968584e-01  9.20042680e-01  1.74448421e-01  9.41739210e-01
9.59689824e-01  4.70180673e-01  4.03525161e-01  9.93065240e-01  4.12650216e-01  4.17435497e-01
7.66179497e-01  6.34827124e-01  9.54040254e-01  9.10547322e-01  3.75090311e-01  9.55900334e-01
8.21571814e-01  3.01740647e-01  9.81903366e-01  9.11375104e-01  2.06909826e-01  9.89674662e-01
7.67200986e-01  5.90635821e-01  9.78966334e-01  9.04763297e-01  4.17105007e-01  9.82580271e-01
7.64319738e-01  6.41821845e-01  9.55515753e-01  9.08087022e-01  4.30511986e-01  9.58111024e-01
8.69369764e-01  2.20096942e-01  8.72589339e-01  9.28707105e-01  1.47230596e-01  8.92589763e-01
8.24115375e-01  5.49483022e-01  8.12405437e-01  9.30070426e-01  4.07600626e-01  8.22544398e-01
9.41635098e-01  4.20259516e-01  4.97240307e-01  9.76814739e-01  3.98726199e-01  5.24909939e-01
7.44146969e-01  7.63370344e-01  9.45101916e-01  9.08461601e-01  4.80884146e-01  9.43848925e-01
8.43359070e-01  2.67113152e-01  9.30395279e-01  9.20178304e-01  1.64839544e-01  9.43131979e-01
7.71091983e-01  5.91228675e-01  9.65368359e-01  9.09429689e-01  3.51237355e-01  9.68166866e-01
8.25493781e-01  8.04780695e-01  6.41972180e-01  9.53857357e-01  5.87180149e-01  6.27741258e-01
8.47602228e-01  8.08825895e-01  5.64569636e-01  9.63599645e-01  6.75183318e-01  5.45071166e-01
8.86302017e-01  2.41444970e-01  8.01227676e-01  9.37864137e-01  1.74029432e-01  8.27563966e-01
8.36632253e-01  8.37398880e-01  5.82971969e-01  9.61209702e-01  6.70906690e-01  5.60885942e-01
9.22768684e-01  3.62805989e-01  5.98603982e-01  9.66502403e-01  2.38361687e-01  6.28788083e-01
8.85265384e-01  3.72194525e-01  7.19857729e-01  9.47089013e-01  2.74239270e-01  7.44819487e-01
8.00249090e-01  8.83735172e-01  6.76435480e-01  9.46699322e-01  6.58651523e-01  6.56810948e-01
8.24798096e-01  5.36569639e-01  8.18472329e-01  9.31775945e-01  3.38538999e-01  8.27868767e-01
8.54217688e-01  8.59637790e-01  5.08819092e-01  9.65816337e-01  8.87844101e-01  4.80273289e-01
9.17047995e-01  5.46801843e-01  4.98573701e-01  9.74155435e-01  5.30526698e-01  5.10930160e-01
7.42523471e-01  7.51418647e-01  9.58375248e-01  9.05885116e-01  4.90958209e-01  9.57997976e-01
8.77553925e-01  8.25904248e-01  4.51777153e-01  9.76805183e-01  8.52482404e-01  4.18656001e-01
8.86334440e-01  2.36599825e-01  8.04263493e-01  9.37826344e-01  1.63054718e-01  8.30390258e-01
8.01253250e-01  4.00740133e-01  9.86625814e-01  9.10396748e-01  2.24295783e-01  9.91854544e-01
8.74837388e-01  8.11645344e-01  4.69961014e-01  9.74647369e-01  8.11934924e-01  4.41521773e-01
9.97946024e-01  2.63061993e-01  4.08089353e-01  9.93585263e-01  2.46480345e-01  4.53223803e-01
8.77083948e-01  5.79294888e-01  6.13181507e-01  9.59597653e-01  4.51263030e-01  6.22935262e-01
9.04553005e-01  3.73599032e-01  6.53451100e-01  9.58424996e-01  2.38332578e-01  6.80587040e-01
8.60995354e-01  3.53427119e-01  8.14757483e-01  9.35574589e-01  2.12508565e-01  8.33701177e-01
8.52161613e-01  5.05457044e-01  7.46047133e-01  9.40735945e-01  3.81035910e-01  7.60927110e-01
8.65183577e-01  7.18666014e-01  5.63107012e-01  9.66843532e-01  5.48280553e-01  5.53633363e-01
9.99094407e-01  2.85160063e-01  3.89843693e-01  9.96555106e-01  2.60299454e-01  4.30928026e-01
9.71327362e-01  2.92010457e-01  4.79680203e-01  9.82661320e-01  2.53883714e-01  5.21523819e-01
8.81648570e-01  3.93161023e-01  7.18824686e-01  9.47018224e-01  2.88883652e-01  7.42341653e-01
8.89654888e-01  2.92771738e-01  7.56517948e-01  9.44654213e-01  1.77460583e-01  7.83217582e-01
9.26923207e-01  4.23334084e-01  5.45200236e-01  9.73318797e-01  3.01932203e-01  5.70114704e-01
8.50312732e-01  2.12488088e-01  9.42248817e-01  9.19145840e-01  1.41469769e-01  9.55254810e-01
7.88951699e-01  6.00749115e-01  8.98532734e-01  9.16010378e-01  4.44025251e-01  9.04123187e-01
8.43845183e-01  7.18145805e-01  6.35902281e-01  9.52645974e-01  5.98094155e-01  6.32939003e-01
8.00097991e-01  5.92349625e-01  8.66134573e-01  9.22423158e-01  4.05228633e-01  8.72138049e-01
8.41808066e-01  9.26308612e-01  5.07672967e-01  9.66135905e-01  9.32467823e-01  4.67718149e-01
8.76997172e-01  7.41298934e-01  5.08297707e-01  9.68645293e-01  7.43644631e-01  4.96084411e-01
9.58736806e-01  3.84884465e-01  4.62136601e-01  9.82657383e-01  3.73217493e-01  4.93453276e-01
7.70734866e-01  6.84433206e-01  9.06063112e-01  9.16619733e-01  4.15782080e-01  9.06865700e-01
8.32729598e-01  7.18747476e-01  6.73257079e-01  9.47333699e-01  5.79357281e-01  6.71412562e-01
8.18874414e-01  7.61096579e-01  6.92810504e-01  9.43032324e-01  6.25426165e-01  6.88146339e-01
8.85748748e-01  2.83871502e-01  7.75560444e-01  9.40700490e-01  2.05365948e-01  8.01998947e-01
9.43415129e-01  4.78757097e-01  4.53218407e-01  9.82425397e-01  4.70846518e-01  4.71955140e-01
9.52429141e-01  4.37647027e-01  4.49300220e-01  9.83328928e-01  4.38972617e-01  4.73666146e-01
7.94640719e-01  4.53570302e-01  9.74778457e-01  9.10501073e-01  2.71477468e-01  9.80076539e-01
9.39523038e-01  3.29105661e-01  5.63888859e-01  9.70067981e-01  2.66321896e-01  5.99859024e-01
8.82938689e-01  2.15910299e-01  8.29228400e-01  9.35092495e-01  1.38694390e-01  8.53655580e-01
8.46284845e-01  7.98174021e-01  5.75660334e-01  9.58107747e-01  7.52673256e-01  5.61524350e-01
8.13369850e-01  6.74549132e-01  7.67694275e-01  9.33748603e-01  5.25725606e-01  7.71147617e-01
9.71738756e-01  3.96059232e-01  4.10733363e-01  9.93285401e-01  3.28483343e-01  4.35839877e-01
7.70794918e-01  6.09163064e-01  9.54730702e-01  9.07556792e-01  4.42371248e-01  9.58718714e-01
8.36403723e-01  2.77331394e-01  9.47381857e-01  9.18130778e-01  1.57135801e-01  9.58075013e-01
8.16840668e-01  6.27774879e-01  7.86277310e-01  9.33337625e-01  4.48780736e-01  7.91899139e-01
8.56334686e-01  1.99963677e-01  9.30227529e-01  9.21274645e-01  1.30532210e-01  9.44695924e-01
8.34538301e-01  4.58415942e-01  8.36139056e-01  9.31124215e-01  2.68858859e-01  8.48453727e-01
8.37166441e-01  7.96496514e-01  6.07712569e-01  9.53922165e-01  7.21198489e-01  5.95772377e-01
8.09969626e-01  5.83576777e-01  8.38306317e-01  9.24624362e-01  4.54331275e-01  8.46462552e-01
8.01779599e-01  4.27131902e-01  9.67700095e-01  9.10188679e-01  3.02828646e-01  9.74698002e-01
9.89464401e-01  3.27564156e-01  3.95013247e-01  9.94204832e-01  3.23158268e-01  4.31198347e-01
7.46958424e-01  6.79004303e-01  9.90333727e-01  9.03265609e-01  4.20703939e-01  9.91336437e-01
8.50651387e-01  2.74123260e-01  9.01078164e-01  9.23946321e-01  1.75554115e-01  9.16447968e-01
8.49942873e-01  8.25449628e-01  5.45531474e-01  9.66872825e-01  6.84812791e-01  5.21300519e-01
7.98359452e-01  5.78102366e-01  8.81288469e-01  9.18949216e-01  4.31492055e-01  8.88229805e-01
8.48985713e-01  2.66988081e-01  9.11368269e-01  9.23582321e-01  1.46769473e-01  9.25559340e-01
8.12732603e-01  6.47263544e-01  7.87573738e-01  9.31184740e-01  5.03382672e-01  7.92847809e-01
8.62013140e-01  5.80812816e-01  6.63669343e-01  9.51974507e-01  4.45159898e-01  6.73767740e-01
8.44344533e-01  2.28689937e-01  9.51997855e-01  9.18349974e-01  1.29031849e-01  9.63286599e-01
7.99766055e-01  6.20288149e-01  8.49121023e-01  9.22602587e-01  4.72680056e-01  8.55106232e-01
9.09680260e-01  5.23958873e-01  5.38421662e-01  9.68513991e-01  4.96835266e-01  5.55034819e-01
8.73907159e-01  7.37290261e-01  5.21690272e-01  9.66700385e-01  7.34093412e-01  5.11319853e-01
7.47641780e-01  7.22276549e-01  9.59915768e-01  9.07039444e-01  4.51265409e-01  9.59941891e-01
8.45256394e-01  4.94410037e-01  7.76371253e-01  9.37812274e-01  3.34441719e-01  7.90128016e-01
8.49667578e-01  3.84013860e-01  8.33068870e-01  9.32772481e-01  2.21224829e-01  8.49100176e-01
