9.20083842e-01  4.18938656e-01  5.71277489e-01  9.68426162e-01  3.19579383e-01  5.97331083e-01
8.68407046e-01  4.47189893e-01  7.28414267e-01  9.45677058e-01  3.02864359e-01  7.47133362e-01
9.29104531e-01  4.80293896e-01  5.00813429e-01  9.77203330e-01  4.09957619e-01  5.19774008e-01
8.38850269e-01  6.19530817e-01  7.16889541e-01  9.44068963e-01  4.47888256e-01  7.23299483e-01
8.35728184e-01  6.64731192e-01  6.98442818e-01  9.46673848e-01  4.75327309e-01  7.00652798e-01
8.96203183e-01  3.91624561e-01  6.70101141e-01  9.53970073e-01  2.93579670e-01  6.96144450e-01
8.51731332e-01  5.74399833e-01  7.02449636e-01  9.46404549e-01  4.28591887e-01  7.12866891e-01
8.68408853e-01  5.45604981e-01  6.64512238e-01  9.52653055e-01  4.08393559e-01  6.77557051e-01
9.14556326e-01  3.58623994e-01  6.29204969e-01  9.60605208e-01  2.67864450e-01  6.59654518e-01
8.96002599e-01  5.16316895e-01  5.89827492e-01  9.63068237e-01  4.26470721e-01  6.06519204e-01
8.85121035e-01  5.34050606e-01  6.15264201e-01  9.59098829e-01  4.33986622e-01  6.30201286e-01
9.15395515e-01  4.12211926e-01  5.91564412e-01  9.65199026e-01  3.18671343e-01  6.18237085e-01
8.94150244e-01  3.68530591e-01  6.92065957e-01  9.51390462e-01  2.68085219e-01  7.18687429e-01
8.68395794e-01  5.52525888e-01  6.60063200e-01  9.53044942e-01  4.18691294e-01  6.72619760e-01
8.30022291e-01  6.42233910e-01  7.32127578e-01  9.42013952e-01  4.48077760e-01  7.36431631e-01
8.41860635e-01  5.29654252e-01  7.65020090e-01  9.39180286e-01  3.53942668e-01  7.76764824e-01
8.86806082e-01  4.28994877e-01  6.77749009e-01  9.53573131e-01  2.89382734e-01  6.99677772e-01
8.67813899e-01  5.50066375e-01  6.63636213e-01  9.53426502e-01  3.94653481e-01  6.75832718e-01
8.52680539e-01  6.48903609e-01  6.50855388e-01  9.53518051e-01  4.85099326e-01  6.53950943e-01
9.05682293e-01  5.05103421e-01  5.64238948e-01  9.67041257e-01  4.22814288e-01  5.81905338e-01
8.67960108e-01  4.83270769e-01  7.06506370e-01  9.48015273e-01  3.39397520e-01  7.23539148e-01
8.52069945e-01  5.52680528e-01  7.15401151e-01  9.45226052e-01  4.00080264e-01  7.27136306e-01
8.63933632e-01  6.59071644e-01  6.06041645e-01  9.58990707e-01  5.33277252e-01  6.07517469e-01
8.70905497e-01  5.58861775e-01  6.47427545e-01  9.55031520e-01  4.21193161e-01  6.59292820e-01
8.57182653e-01  5.35732972e-01  7.09043018e-01  9.47022323e-01  3.73636645e-01  7.21844570e-01
8.80177915e-01  3.39298437e-01  7.58491731e-01  9.42729332e-01  2.31833130e-01  7.82758270e-01
8.58358800e-01  4.48545950e-01  7.61655434e-01  9.40448732e-01  3.09766289e-01  7.79032604e-01
8.77918497e-01  5.00205797e-01  6.61695574e-01  9.54782557e-01  3.48050918e-01  6.78109937e-01
8.72313579e-01  6.34304712e-01  5.93665452e-01  9.59850006e-01  5.48637103e-01  5.98391381e-01
8.64430255e-01  6.06916466e-01  6.38216326e-01  9.54943914e-01  4.80419083e-01  6.45910291e-01
8.66737120e-01  4.40275547e-01  7.38574047e-01  9.44125928e-01  3.01342653e-01  7.57437545e-01
8.36981167e-01  5.73158578e-01  7.53344284e-01  9.40165405e-01  3.87945554e-01  7.62442378e-01
8.65777707e-01  4.69893504e-01  7.22602458e-01  9.45899465e-01  3.26748808e-01  7.40083824e-01
8.85074351e-01  5.99376891e-01  5.73011101e-01  9.65954023e-01  4.64158719e-01  5.79142451e-01
8.87248050e-01  5.69040542e-01  5.85325187e-01  9.63962730e-01  4.48429297e-01  5.95613822e-01
8.91520405e-01  4.07888321e-01  6.75443646e-01  9.53817533e-01  2.83850439e-01  6.99413213e-01
8.47507956e-01  5.20476650e-01  7.51800914e-01  9.39783887e-01  3.85851645e-01  7.65381702e-01
8.84015424e-01  3.48086944e-01  7.39754399e-01  9.45314365e-01  2.38106073e-01  7.64705964e-01
8.74759458e-01  4.43115597e-01  7.09487884e-01  9.47463471e-01  3.27480523e-01  7.29883107e-01
8.67252971e-01  6.66622448e-01  5.90164987e-01  9.57673656e-01  6.33859011e-01  5.92797520e-01
8.66213880e-01  6.45405870e-01  6.07171220e-01  9.60132880e-01  4.94236824e-01  6.09385623e-01
9.16812795e-01  5.08370442e-01  5.24323340e-01  9.74566307e-01  3.97706078e-01  5.39566816e-01
9.10556828e-01  5.55931290e-01  5.14688331e-01  9.74657785e-01  4.60455174e-01  5.24206682e-01
8.70822503e-01  6.26857002e-01  6.03564056e-01  9.59110826e-01  5.23876126e-01  6.08960690e-01
8.76913292e-01  6.24062760e-01  5.84695885e-01  9.61571412e-01  5.37001588e-01  5.90093309e-01
8.71967998e-01  4.30345882e-01  7.27258148e-01  9.46276620e-01  2.86629476e-01  7.47111360e-01
9.00382854e-01  5.63124565e-01  5.44565209e-01  9.70924099e-01  4.36529021e-01  5.53779863e-01
8.82400511e-01  4.57963046e-01  6.73901277e-01  9.52241742e-01  3.47639533e-01  6.94498485e-01
8.61791130e-01  5.57302201e-01  6.79389631e-01  9.49606573e-01  4.31185514e-01  6.91724865e-01
8.68774307e-01  4.68098699e-01  7.13591813e-01  9.46707756e-01  3.39745267e-01  7.31841106e-01
7.66179497e-01  6.34827124e-01  9.54040254e-01  9.10547322e-01  3.75090311e-01  9.55900334e-01
8.71477969e-01  5.27072866e-01  6.66122274e-01  9.52865102e-01  3.89373862e-01  6.80675459e-01
8.45252676e-01  4.78200144e-01  7.86908008e-01  9.35684365e-01  3.43331147e-01  8.01679353e-01
8.46784500e-01  6.61242894e-01  6.62865484e-01  9.51566673e-01  4.91228482e-01  6.65020057e-01
8.60488628e-01  5.17088348e-01  7.09921260e-01  9.45766278e-01  3.94421678e-01  7.25004659e-01
9.13550041e-01  4.84505130e-01  5.50896154e-01  9.69860761e-01  3.95309700e-01  5.70302577e-01
8.91781889e-01  5.92226181e-01  5.54876961e-01  9.67259575e-01  5.00120551e-01  5.62304517e-01
9.49831240e-01  3.81039294e-01  4.94872428e-01  9.79075385e-01  3.31724937e-01  5.26189604e-01
8.89920971e-01  4.71815661e-01  6.39370700e-01  9.58064181e-01  3.39948408e-01  6.58975911e-01
8.48012739e-01  5.55781768e-01  7.27165083e-01  9.43662724e-01  3.95080600e-01  7.38337540e-01
9.16831311e-01  3.90632205e-01  6.00699078e-01  9.63786326e-01  3.09190942e-01  6.29527325e-01
9.18344923e-01  3.73906988e-01  6.06418121e-01  9.64137875e-01  2.72018247e-01  6.36025193e-01
8.73413796e-01  4.43487156e-01  7.13816506e-01  9.47785579e-01  3.03596714e-01  7.33441036e-01
8.87358073e-01  4.00429351e-01  6.94420435e-01  9.51173724e-01  2.76274379e-01  7.18149065e-01
8.39134886e-01  6.21768237e-01  7.14470205e-01  9.43812516e-01  4.64408745e-01  7.21054187e-01
8.66937520e-01  6.19992396e-01  6.21213057e-01  9.57242535e-01  4.96793429e-01  6.27316436e-01
8.95309308e-01  6.15031738e-01  5.28093195e-01  9.70715329e-01  5.36146748e-01  5.31664562e-01
8.27179619e-01  5.91256943e-01  7.74877698e-01  9.35806969e-01  4.19752383e-01  7.82900146e-01
8.93837542e-01  3.91643976e-01  6.78121927e-01  9.54017412e-01  2.62922167e-01  7.03059001e-01
8.29889341e-01  5.70953937e-01  7.78858195e-01  9.36261993e-01  3.86901438e-01  7.87717104e-01
8.78711593e-01  6.17017342e-01  5.83163784e-01  9.62902227e-01  5.07204761e-01  5.88575585e-01
8.35340307e-01  5.22978137e-01  7.91496133e-01  9.34268011e-01  3.74352094e-01  8.03457360e-01
8.84911629e-01  4.62526112e-01  6.62411937e-01  9.54566107e-01  3.35308414e-01  6.82497948e-01
9.36996963e-01  4.35880564e-01  5.02848268e-01  9.78584012e-01  3.43756387e-01  5.26507556e-01
8.70791311e-01  3.50464081e-01  7.83117567e-01  9.39133612e-01  2.35429189e-01  8.04967609e-01
9.29190202e-01  4.43077117e-01  5.24684540e-01  9.74637904e-01  3.58659542e-01  5.48300843e-01
8.27216791e-01  5.72256634e-01  7.87087954e-01  9.35000619e-01  3.87330501e-01  7.95704103e-01
8.75400412e-01  6.33852936e-01  5.83477074e-01  9.62026442e-01  5.35941936e-01  5.87425171e-01
8.99505914e-01  4.45064303e-01  6.24191370e-01  9.60985612e-01  3.13999506e-01  6.46353244e-01
8.65817741e-01  4.94752459e-01  7.06326609e-01  9.47139822e-01  3.65867436e-01  7.22920383e-01
8.47309556e-01  4.71595291e-01  7.84211517e-01  9.36324586e-01  3.35515631e-01  7.99414342e-01
9.00731936e-01  4.23586808e-01  6.33971837e-01  9.58680759e-01  3.24540932e-01  6.58650005e-01
8.64322217e-01  6.07473355e-01  6.38222004e-01  9.56385825e-01  4.45497605e-01  6.44886773e-01
8.74078371e-01  3.92683031e-01  7.44544164e-01  9.43515484e-01  2.79264481e-01  7.66549935e-01
8.47430649e-01  5.35359006e-01  7.42401023e-01  9.41031772e-01  3.95322582e-01  7.55150329e-01
8.90904148e-01  4.79648436e-01  6.30946790e-01  9.59047706e-01  3.51052174e-01  6.50055285e-01
8.46933947e-01  2.79888261e-01  9.10257013e-01  9.22301998e-01  1.87339952e-01  9.24732914e-01
8.27188279e-01  5.66185818e-01  7.91126077e-01  9.33870851e-01  3.98285328e-01  8.00368991e-01
8.77200059e-01  6.16933953e-01  5.88350858e-01  9.63610150e-01  4.69661888e-01  5.92875528e-01
9.21854997e-01  4.77301600e-01  5.27372594e-01  9.73857995e-01  3.85693771e-01  5.46936621e-01
9.04647293e-01  3.86824893e-01  6.44543697e-01  9.57714466e-01  2.93829259e-01  6.72076682e-01
8.75505722e-01  6.55761774e-01  5.68895546e-01  9.63680322e-01  5.65615425e-01  5.69834298e-01
8.37665564e-01  6.11033532e-01  7.26429519e-01  9.43078147e-01  4.32357811e-01  7.33309161e-01
8.90182383e-01  5.88709389e-01  5.62591461e-01  9.66013282e-01  4.97919966e-01  5.70813753e-01
8.90943492e-01  3.83781946e-01  6.93350623e-01  9.49940689e-01  3.06696023e-01  7.19408935e-01
8.69889908e-01  5.46071996e-01  6.59477151e-01  9.52556803e-01  4.32206808e-01  6.73083780e-01
9.13660140e-01  4.04470843e-01  6.02482985e-01  9.64289111e-01  2.96542103e-01  6.29281546e-01
8.68555480e-01  5.44273994e-01  6.64878700e-01  9.53415251e-01  3.87759151e-01  6.77528072e-01
8.75942575e-01  3.38552117e-01  7.73358597e-01  9.40364629e-01  2.36753375e-01  7.96762461e-01
9.28551525e-01  4.78624093e-01  5.03775448e-01  9.78119898e-01  3.75608141e-01  5.21984265e-01
8.75959386e-01  4.07839574e-01  7.28316425e-01  9.46122573e-01  2.79035688e-01  7.49887035e-01
8.89070059e-01  4.51818164e-01  6.55243198e-01  9.55807588e-01  3.27322089e-01  6.76417906e-01
9.24734702e-01  4.67226547e-01  5.24135154e-01  9.73838803e-01  3.93088780e-01  5.45318604e-01
8.39550795e-01  5.04804803e-01  7.88997618e-01  9.35803916e-01  3.40203226e-01  8.01649234e-01
9.08171772e-01  5.44773309e-01  5.30031108e-01  9.72814603e-01  4.37871150e-01  5.41342144e-01
9.04094281e-01  5.53254316e-01  5.38370439e-01  9.70554170e-01  4.64196185e-01  5.49637882e-01
8.33957080e-01  5.32736404e-01  7.89858051e-01  9.35267150e-01  3.58463003e-01  8.00791819e-01
8.57759403e-01  6.13210094e-01  6.56782795e-01  9.53323759e-01  4.50735466e-01  6.63287431e-01
8.46142683e-01  5.91489491e-01  7.10331599e-01  9.44085206e-01  4.62085845e-01  7.19852614e-01
9.41558583e-01  3.66605965e-01  5.32333339e-01  9.74214866e-01  2.99646943e-01  5.64907235e-01
8.74254706e-01  5.73762501e-01  6.26380274e-01  9.56691263e-01  4.68345022e-01  6.37549103e-01
8.88069947e-01  3.94379578e-01  6.95930943e-01  9.51220929e-01  2.67376238e-01  7.19941394e-01
8.34759464e-01  6.66385155e-01  7.00360883e-01  9.46157647e-01  4.79107242e-01  7.02556521e-01
8.43771418e-01  6.29893725e-01  6.93450443e-01  9.47554766e-01  4.56894080e-01  6.98828129e-01
8.49688750e-01  4.82065018e-01  7.69334723e-01  9.38667637e-01  3.35735362e-01  7.84338798e-01
9.08579921e-01  4.93374986e-01  5.62014231e-01  9.68149549e-01  3.98571090e-01  5.80506872e-01
8.71527830e-01  4.61120356e-01  7.08772236e-01  9.47593475e-01  3.33343572e-01  7.27669094e-01
9.07813615e-01  5.29982293e-01  5.40849956e-01  9.71282206e-01  4.24215871e-01  5.54382722e-01
8.56867738e-01  4.98353357e-01  7.34381313e-01  9.44324782e-01  3.31416588e-01  7.49081728e-01
8.64131185e-01  5.29604904e-01  6.89425728e-01  9.48504820e-01  4.09118508e-01  7.03984827e-01
8.53520093e-01  5.14324653e-01  7.35379783e-01  9.43953677e-01  3.42299307e-01  7.48898990e-01
8.85087179e-01  4.38816261e-01  6.77209462e-01  9.53522767e-01  2.96393160e-01  6.98350147e-01
9.65363441e-01  4.14843235e-01  4.20483515e-01  9.88999106e-01  4.05214200e-01  4.45773898e-01
8.87410058e-01  3.96690636e-01  6.96671455e-01  9.51505050e-01  2.58472320e-01  7.20215971e-01
8.76420154e-01  5.82301793e-01  6.13483419e-01  9.59836757e-01  4.45725830e-01  6.22705821e-01
8.43813663e-01  5.59409910e-01  7.39068885e-01  9.42464301e-01  3.80712583e-01  7.49404727e-01
9.15958283e-01  4.97643891e-01  5.34188720e-01  9.72295452e-01  4.08033567e-01  5.51695837e-01
8.60484115e-01  6.56251995e-01  6.19585958e-01  9.58119289e-01  4.99504093e-01  6.21056527e-01
8.41684184e-01  5.25627533e-01  7.68233298e-01  9.37845742e-01  3.73722836e-01  7.80664858e-01
8.99548253e-01  5.48232996e-01  5.57066878e-01  9.67251854e-01  4.67986600e-01  5.69919641e-01
9.04341265e-01  5.86698720e-01  5.15818754e-01  9.72810349e-01  5.18198322e-01  5.22457272e-01
9.14473772e-01  4.42302764e-01  5.75158405e-01  9.66777427e-01  3.56251806e-01  5.99268496e-01
8.62990718e-01  5.54536172e-01  6.77112143e-01  9.50516467e-01  4.16414740e-01  6.89368303e-01
8.67015606e-01  5.54141976e-01  6.63700444e-01  9.51601106e-01  4.40844151e-01  6.76661891e-01
8.70692882e-01  6.23234152e-01  6.06356746e-01  9.60907495e-01  4.67560202e-01  6.10699598e-01
8.74054017e-01  4.73935576e-01  6.91873712e-01  9.49793041e-01  3.46877913e-01  7.10378872e-01
8.72606693e-01  6.37014087e-01  5.90911662e-01  9.62957711e-01  4.85749211e-01  5.93271313e-01
7.91168005e-01  5.53464801e-01  9.22005874e-01  9.14630956e-01  3.82556771e-01  9.27957254e-01
8.88837364e-01  5.55023263e-01  5.89028692e-01  9.62572601e-01  4.60668138e-01  6.01645733e-01
8.64341268e-01  5.30839306e-01  6.87911425e-01  9.50348080e-01  3.69999673e-01  7.01376091e-01
8.58878334e-01  4.08831790e-01  7.85675879e-01  9.37248918e-01  2.89243727e-01  8.04381994e-01
8.91460840e-01  3.93962666e-01  6.84686825e-01  9.52044380e-01  2.88240207e-01  7.09749136e-01
8.76785665e-01  4.01209240e-01  7.29815393e-01  9.46197263e-01  2.69488594e-01  7.51655927e-01
8.94130695e-01  3.48315287e-01  7.05257148e-01  9.50238262e-01  2.41409830e-01  7.32355907e-01
7.89398062e-01  4.58690914e-01  9.89555193e-01  9.06299038e-01  3.25661891e-01  9.94779457e-01
8.38888624e-01  5.83090670e-01  7.40418198e-01  9.41219901e-01  4.14591188e-01  7.49407342e-01
9.01133454e-01  3.88999999e-01  6.55063614e-01  9.56875466e-01  2.76526023e-01  6.81530249e-01
8.22774362e-01  5.95580057e-01  7.87030411e-01  9.33939866e-01  4.21014885e-01  7.94574879e-01
8.53885420e-01  4.76144664e-01  7.58927763e-01  9.41056261e-01  3.13365141e-01  7.74289756e-01
8.68435055e-01  5.93597382e-01  6.33264597e-01  9.56155009e-01  4.63973680e-01  6.42016728e-01
8.72080917e-01  4.51829565e-01  7.12926154e-01  9.47253949e-01  3.22973922e-01  7.32287615e-01
8.48076627e-01  6.79958455e-01  6.46326918e-01  9.54019525e-01  5.05022878e-01  6.46044673e-01
8.55439934e-01  4.95332944e-01  7.41190415e-01  9.42237923e-01  3.56560400e-01  7.56542785e-01
9.02982324e-01  5.04662720e-01  5.73693170e-01  9.65801627e-01  4.16292597e-01  5.91389230e-01
8.78678945e-01  5.29854084e-01  6.39864265e-01  9.56740532e-01  3.95617418e-01  6.54356293e-01
8.59677021e-01  5.53390889e-01  6.89108212e-01  9.49045982e-01  4.06336132e-01  7.01169982e-01
8.71799362e-01  4.95036352e-01  6.85830376e-01  9.50429010e-01  3.61940134e-01  7.02754741e-01
8.74787587e-01  4.81656654e-01  6.84370137e-01  9.51699878e-01  3.30991342e-01  7.01892606e-01
8.33698795e-01  5.56204003e-01  7.75498560e-01  9.37161147e-01  3.72756903e-01  7.85281938e-01
9.22269724e-01  5.04535682e-01  5.08283300e-01  9.75912727e-01  4.25732563e-01  5.24335179e-01
8.83425360e-01  5.75176683e-01  5.94321750e-01  9.61708414e-01  4.71155866e-01  6.04717603e-01
8.55757694e-01  5.71846682e-01  6.90434736e-01  9.48122845e-01  4.31270133e-01  7.01218601e-01
8.88969101e-01  4.36669814e-01  6.65421027e-01  9.54897062e-01  3.05628056e-01  6.87363890e-01
8.61136927e-01  5.66266235e-01  6.75791321e-01  9.50137464e-01  4.35556021e-01  6.87291791e-01
8.77553925e-01  8.25904248e-01  4.51777153e-01  9.76805183e-01  8.52482404e-01  4.18656001e-01
8.74264948e-01  6.12223097e-01  6.01375936e-01  9.61695313e-01  4.62489866e-01  6.06841922e-01
8.31677049e-01  5.64253780e-01  7.77137399e-01  9.36166452e-01  3.93759240e-01  7.86715082e-01
9.18638580e-01  4.89945542e-01  5.30085531e-01  9.73503371e-01  3.90669183e-01  5.48039029e-01
8.63264456e-01  5.39331671e-01  6.86054202e-01  9.49979271e-01  3.89462303e-01  6.99158556e-01
8.73087869e-01  6.73393396e-01  5.65658939e-01  9.65256453e-01  5.50394912e-01  5.63311782e-01
8.85472996e-01  4.84152787e-01  6.46465004e-01  9.57195026e-01  3.39741260e-01  6.64597679e-01
8.72487629e-01  5.08254032e-01  6.74911697e-01  9.51741018e-01  3.76033547e-01  6.91023955e-01
8.66867500e-01  6.15584865e-01  6.24312126e-01  9.55836899e-01  5.16778895e-01  6.31623913e-01
9.07101730e-01  7.05669637e-01  4.29504329e-01  9.81287639e-01  7.52274721e-01  4.13507762e-01
9.14841249e-01  4.09747784e-01  5.95046465e-01  9.65525950e-01  2.96581464e-01  6.21341719e-01
8.24113337e-01  5.77672087e-01  7.94111037e-01  9.34492914e-01  3.74801541e-01  8.01909432e-01
8.91513623e-01  5.42342732e-01  5.88173755e-01  9.63354791e-01  4.38709891e-01  6.01800239e-01
8.79377075e-01  6.43348790e-01  5.63808846e-01  9.65353806e-01  5.38750387e-01  5.65429148e-01
9.04902855e-01  5.04761664e-01  5.67107666e-01  9.67538450e-01  3.99622852e-01  5.84177563e-01
9.33676713e-01  4.56210359e-01  5.00923733e-01  9.77247993e-01  3.94630302e-01  5.23096278e-01
8.73623132e-01  3.76205782e-01  7.56788295e-01  9.42789563e-01  2.47494402e-01  7.78684687e-01
8.59287406e-01  6.39909878e-01  6.34259432e-01  9.55740151e-01  4.91790000e-01  6.38127661e-01
8.69221805e-01  4.48849613e-01  7.24569830e-01  9.45858406e-01  3.13206050e-01  7.43535658e-01
9.01376610e-01  3.64858585e-01  6.69911416e-01  9.54931715e-01  2.60449848e-01  6.97778586e-01
8.92172222e-01  4.98201933e-01  6.14594956e-01  9.59874418e-01  4.01090737e-01  6.32973295e-01
8.38304384e-01  6.04268134e-01  7.28652445e-01  9.42191945e-01  4.43215149e-01  7.36435222e-01
8.83167871e-01  3.59310536e-01  7.35345704e-01  9.46152510e-01  2.36848114e-01  7.59627917e-01
8.20721032e-01  6.54040903e-01  7.56047113e-01  9.38375523e-01  4.49372820e-01  7.59456445e-01
8.90782055e-01  3.85623666e-01  6.92406185e-01  9.52160013e-01  2.53998685e-01  7.17069634e-01
8.29240555e-01  5.46844513e-01  7.96715072e-01  9.34695601e-01  3.50859798e-01  8.06246775e-01
8.47690660e-01  5.23800977e-01  7.49022552e-01  9.41211452e-01  3.62005353e-01  7.61842571e-01
8.69503124e-01  5.41609535e-01  6.63390717e-01  9.53898961e-01  3.80466916e-01  6.76143433e-01
8.58094844e-01  5.34142053e-01  7.06978156e-01  9.46804135e-01  3.86251451e-01  7.20273524e-01
8.94195868e-01  4.45203100e-01  6.42132418e-01  9.58251308e-01  3.13726648e-01  6.63949760e-01
8.81479226e-01  5.81781399e-01  5.96642165e-01  9.61341048e-01  4.74336805e-01  6.06324209e-01
8.35080797e-01  5.83104670e-01  7.53339580e-01  9.38917787e-01  4.22228089e-01  7.62370526e-01
8.49241345e-01  5.85894990e-01  7.03441839e-01  9.46185963e-01  4.34607510e-01  7.12852127e-01
9.10588489e-01  3.94910350e-01  6.19120024e-01  9.61218788e-01  3.05395840e-01  6.46883800e-01
8.82199144e-01  3.90590983e-01  7.18326348e-01  9.47867518e-01  2.66738133e-01  7.41593781e-01
8.71750426e-01  6.37621865e-01  5.93424246e-01  9.60513355e-01  5.35252437e-01  5.97289312e-01
8.95007571e-01  3.92379955e-01  6.73670773e-01  9.53862067e-01  2.83396002e-01  6.99234658e-01
8.52812656e-01  5.45436799e-01  7.17582407e-01  9.45961953e-01  3.70969410e-01  7.29271664e-01
9.34934975e-01  4.33408711e-01  5.11454743e-01  9.77668520e-01  3.31286013e-01  5.35313618e-01
8.36342527e-01  5.39700692e-01  7.77235310e-01  9.35831484e-01  3.94178975e-01  7.88764103e-01
9.39689805e-01  4.12549725e-01  5.08851398e-01  9.78091453e-01  3.19584113e-01  5.35356899e-01
8.57523007e-01  6.61266167e-01  6.26385566e-01  9.57042647e-01  5.01279266e-01  6.27541949e-01
8.57561577e-01  6.77795170e-01  6.15523341e-01  9.58460472e-01  5.18010361e-01  6.14511747e-01
8.88128530e-01  4.59944714e-01  6.53164395e-01  9.56418016e-01  3.23471038e-01  6.73410548e-01
8.90207588e-01  6.43207269e-01  5.27124455e-01  9.71240438e-01  5.44131925e-01  5.26417589e-01
8.83436955e-01  3.71437381e-01  7.26558684e-01  9.47466509e-01  2.40191997e-01  7.50415202e-01
8.15752378e-01  6.56583601e-01  7.71269024e-01  9.36296778e-01  4.42588689e-01  7.74382744e-01
9.25247563e-01  4.05857499e-01  5.62235934e-01  9.68946670e-01  3.34533673e-01  5.90472778e-01
8.34889065e-01  6.18669200e-01  7.30900342e-01  9.42061535e-01  4.43024380e-01  7.37316325e-01
8.81644385e-01  4.77638281e-01  6.63694895e-01  9.53410363e-01  3.64962548e-01  6.82926716e-01
8.44607073e-01  5.26814640e-01  7.57537459e-01  9.40627880e-01  3.45336391e-01  7.69509079e-01
8.62830595e-01  5.06156756e-01  7.09066485e-01  9.47981964e-01  3.38963119e-01  7.23854997e-01
8.44847904e-01  5.21494429e-01  7.60173710e-01  9.40020768e-01  3.48758284e-01  7.72596245e-01
8.92361017e-01  4.27723393e-01  6.59711296e-01  9.55263790e-01  3.14291592e-01  6.82972669e-01
9.06141523e-01  5.09203002e-01  5.60018315e-01  9.69306145e-01  3.86510170e-01  5.75930485e-01
9.42008510e-01  3.57816599e-01  5.36511794e-01  9.73525300e-01  2.96183770e-01  5.70144045e-01
9.04479404e-01  4.91532886e-01  5.77133881e-01  9.65345995e-01  4.07601739e-01  5.96356886e-01
8.63375360e-01  4.18631485e-01  7.64042303e-01  9.40459865e-01  2.91602737e-01  7.83237751e-01
8.27128796e-01  5.60956098e-01  7.94723448e-01  9.33181472e-01  4.00256221e-01  8.04325309e-01
9.25332205e-01  4.33800556e-01  5.43807450e-01  9.72809881e-01  3.24886690e-01  5.67973431e-01
8.67750393e-01  5.01241853e-01  6.95550772e-01  9.49135917e-01  3.59575319e-01  7.11602838e-01
8.56548443e-01  5.36896624e-01  7.10441172e-01  9.46891624e-01  3.71990635e-01  7.23070153e-01
8.87631347e-01  3.84829996e-01  7.03620484e-01  9.50682689e-01  2.49054529e-01  7.27706325e-01
9.10310801e-01  4.53283720e-01  5.82165272e-01  9.66196107e-01  3.49195653e-01  6.04657181e-01
8.86014084e-01  4.63777626e-01  6.57855724e-01  9.54934510e-01  3.43836476e-01  6.78127882e-01
8.48128323e-01  6.11528241e-01  6.90579389e-01  9.48722698e-01  4.31873145e-01  6.97230359e-01
9.47780652e-01  3.85294006e-01  4.99073174e-01  9.79045040e-01  3.18883957e-01  5.29407440e-01
8.66864689e-01  4.07180296e-01  7.59628402e-01  9.42311531e-01  2.58327710e-01  7.79199200e-01
8.74273958e-01  5.48221126e-01  6.42897813e-01  9.56636751e-01  3.94651469e-01  6.55249153e-01
8.51763906e-01  5.45364542e-01  7.21190654e-01  9.45489286e-01  3.68910794e-01  7.32787099e-01
8.78415214e-01  6.93737716e-01  5.34361065e-01  9.69375991e-01  5.89744689e-01  5.27633215e-01
8.93324629e-01  5.53846374e-01  5.74555738e-01  9.65291711e-01  4.50333663e-01  5.86644128e-01
8.51072847e-01  4.45653014e-01  7.88275328e-01  9.36099564e-01  3.18647957e-01  8.04828630e-01
8.03238269e-01  4.03109456e-01  9.78643098e-01  9.10820507e-01  2.45598176e-01  9.84637814e-01
8.71275442e-01  6.92642756e-01  5.59315981e-01  9.65757968e-01  5.74729333e-01  5.54366825e-01
8.98088159e-01  4.62330708e-01  6.17795557e-01  9.61294127e-01  3.38151094e-01  6.38688771e-01
9.08487741e-01  5.10957954e-01  5.50911864e-01  9.69309470e-01  4.22455554e-01  5.67446189e-01
8.24651282e-01  5.75849702e-01  7.93466649e-01  9.32701664e-01  4.21360081e-01  8.02433059e-01
9.16842517e-01  3.60348487e-01  6.20322218e-01  9.61705378e-01  2.74298476e-01  6.51085422e-01
8.87102646e-01  5.15628834e-01  6.20495478e-01  9.59132827e-01  4.04692039e-01  6.36880444e-01
9.08722714e-01  4.74664916e-01  5.73676671e-01  9.67795895e-01  3.53120046e-01  5.93475479e-01
8.78859409e-01  6.05178508e-01  5.90347973e-01  9.61854541e-01  4.98242203e-01  5.97403424e-01
8.39323756e-01  6.15858104e-01  7.17666120e-01  9.43769810e-01  4.50878444e-01  7.24513641e-01
8.32131812e-01  5.91362255e-01  7.57992577e-01  9.38367280e-01  4.20840096e-01  7.66227195e-01
8.47177134e-01  6.30242160e-01  6.81659410e-01  9.49695863e-01  4.50265087e-01  6.86660178e-01
8.79801969e-01  7.65705925e-01  4.83226048e-01  9.75317293e-01  7.08953412e-01  4.61988201e-01
8.99243188e-01  5.92868757e-01  5.29124176e-01  9.71691505e-01  4.95801480e-01  5.34904269e-01
8.87297654e-01  3.92493716e-01  6.99777781e-01  9.50552050e-01  2.69082419e-01  7.23828549e-01
8.54662033e-01  4.80063288e-01  7.53745785e-01  9.40321050e-01  3.52196403e-01  7.69861350e-01
9.43097479e-01  3.90971280e-01  5.11289426e-01  9.77095071e-01  3.22429918e-01  5.41075594e-01
8.73039422e-01  5.43715778e-01  6.50014993e-01  9.55719524e-01  3.87869048e-01  6.62727251e-01
8.69333850e-01  6.54045020e-01  5.90967639e-01  9.60571855e-01  5.52066769e-01  5.92955441e-01
8.75201319e-01  4.21171340e-01  7.22235101e-01  9.47094131e-01  2.81849802e-01  7.42994804e-01
8.76030203e-01  3.62429394e-01  7.57558656e-01  9.42614107e-01  2.44928930e-01  7.80413757e-01
9.01798921e-01  3.78190109e-01  6.59822103e-01  9.56411478e-01  2.66166949e-01  6.86944300e-01
9.25079232e-01  3.63281751e-01  5.90448969e-01  9.66141246e-01  2.77496155e-01  6.21889950e-01
9.26979500e-01  3.52677876e-01  5.91178147e-01  9.65555890e-01  2.86285739e-01  6.24089995e-01
8.67516591e-01  6.38894944e-01  6.06974451e-01  9.58783191e-01  5.24457359e-01  6.10924611e-01
9.19902721e-01  4.51552713e-01  5.50718705e-01  9.71592947e-01  3.37120791e-01  5.72895922e-01
8.54034024e-01  4.61818208e-01  7.67724673e-01  9.39917839e-01  3.04486302e-01  7.83679869e-01
8.70003717e-01  4.33730959e-01  7.31730261e-01  9.44564168e-01  3.13642055e-01  7.51731709e-01
8.59458415e-01  5.35793413e-01  7.01275913e-01  9.48347087e-01  3.70459917e-01  7.14098106e-01
8.76563622e-01  3.26419720e-01  7.79126736e-01  9.39783070e-01  2.27066951e-01  8.02772095e-01
8.71531275e-01  4.57100734e-01  7.11370227e-01  9.47160661e-01  3.32928671e-01  7.30541991e-01
8.91531295e-01  5.63876569e-01  5.74133262e-01  9.64756842e-01  4.70071588e-01  5.85426572e-01
8.85869038e-01  3.48689187e-01  7.33068809e-01  9.45904658e-01  2.47893689e-01  7.58616536e-01
8.13971023e-01  6.55662346e-01  7.77916398e-01  9.35414595e-01  4.38345934e-01  7.81038289e-01
8.54243272e-01  4.37489565e-01  7.82809411e-01  9.37304808e-01  3.06491941e-01  7.99962594e-01
8.69662266e-01  4.88473183e-01  6.97348429e-01  9.48674625e-01  3.59384024e-01  7.14605684e-01
8.77259208e-01  3.93756606e-01  7.33045956e-01  9.45781628e-01  2.65503030e-01  7.55259377e-01
8.63014650e-01  6.04952977e-01  6.44298189e-01  9.54571520e-01  4.65012012e-01  6.51925536e-01
8.77730866e-01  4.30590704e-01  7.07529918e-01  9.49204873e-01  2.87284132e-01  7.28181187e-01
7.69893106e-01  7.03323653e-01  8.96953442e-01  9.16800278e-01  4.53115995e-01  8.97433985e-01
8.76929948e-01  3.86596042e-01  7.38813022e-01  9.44963933e-01  2.62363711e-01  7.61241610e-01
8.57273618e-01  4.57625988e-01  7.59444972e-01  9.39974310e-01  3.32554190e-01  7.76709326e-01
8.62618114e-01  4.62420573e-01  7.38183568e-01  9.43838378e-01  3.17200505e-01  7.55547676e-01
8.67314524e-01  6.25572124e-01  6.16310512e-01  9.58779343e-01  4.81328220e-01  6.21103639e-01
8.54167067e-01  5.26387079e-01  7.25351140e-01  9.44975990e-01  3.59047656e-01  7.38400587e-01
8.80178507e-01  5.35332020e-01  6.31215899e-01  9.58534593e-01  3.87293169e-01  6.44812704e-01
9.05608032e-01  4.28296021e-01  6.14356893e-01  9.61484378e-01  3.31240441e-01  6.39095950e-01
8.83187770e-01  5.81221779e-01  5.91501737e-01  9.63555590e-01  4.42438626e-01  6.00151019e-01
8.96246636e-01  3.66659398e-01  6.86162140e-01  9.52543098e-01  2.60546879e-01  7.13071562e-01
8.92079658e-01  5.41834437e-01  5.86581872e-01  9.64438475e-01  4.18355913e-01  5.99643867e-01
8.72603792e-01  4.48822895e-01  7.13103003e-01  9.48203023e-01  2.97805152e-01  7.32127959e-01
8.59047900e-01  4.43849471e-01  7.62364471e-01  9.40071734e-01  3.15077332e-01  7.80199483e-01
9.00900559e-01  5.68870329e-01  5.39076684e-01  9.69780272e-01  4.88703904e-01  5.48829964e-01
8.41890439e-01  6.42347855e-01  6.91751867e-01  9.47314404e-01  4.74478309e-01  6.96229250e-01
9.17662921e-01  4.20721828e-01  5.78340274e-01  9.67025499e-01  3.27856310e-01  6.04363324e-01
9.14465035e-01  4.32158853e-01  5.81773870e-01  9.66407239e-01  3.35415376e-01  6.06547856e-01
8.55019289e-01  6.72579941e-01  6.27541957e-01  9.56212618e-01  5.22385483e-01  6.27894786e-01
9.33950354e-01  4.43678841e-01  5.08130345e-01  9.76796028e-01  3.70638059e-01  5.31642941e-01
8.69748594e-01  4.62641706e-01  7.13826761e-01  9.48017032e-01  3.04587054e-01  7.31723775e-01
8.29696591e-01  5.58171055e-01  7.87812251e-01  9.35249656e-01  3.74155113e-01  7.97209349e-01
7.54176511e-01  8.00359214e-01  8.87322935e-01  9.17212276e-01  5.02376389e-01  8.83193864e-01
8.52061675e-01  5.59280497e-01  7.11143982e-01  9.45062960e-01  4.22747971e-01  7.22845094e-01
8.91903318e-01  4.78660051e-01  6.28195684e-01  9.59679057e-01  3.45588762e-01  6.47293402e-01
9.17302794e-01  3.44726230e-01  6.28901756e-01  9.60734178e-01  2.60072004e-01  6.60662237e-01
9.15281205e-01  4.66155693e-01  5.56930938e-01  9.70416863e-01  3.49322389e-01  5.77564136e-01
8.89498724e-01  5.29020157e-01  6.03665320e-01  9.62348081e-01  3.97063748e-01  6.18060398e-01
8.62904788e-01  5.68279604e-01  6.68481475e-01  9.52812524e-01  3.98789823e-01  6.78795660e-01
9.27918928e-01  4.67374010e-01  5.13227184e-01  9.76098637e-01  3.80993383e-01  5.33676494e-01
8.74712364e-01  3.53229711e-01  7.68006753e-01  9.41271730e-01  2.37701587e-01  7.90722805e-01
8.78509179e-01  6.50190204e-01  5.62314418e-01  9.66438528e-01  5.22407632e-01  5.62321729e-01
9.40845725e-01  4.21540042e-01  4.99089634e-01  9.79078271e-01  3.38266943e-01  5.24630852e-01
8.47915047e-01  5.21943690e-01  7.49465999e-01  9.40011878e-01  3.89469997e-01  7.63067896e-01
8.65001889e-01  6.23186975e-01  6.25711579e-01  9.55534863e-01  5.22285429e-01  6.32264088e-01
8.70399380e-01  5.22943123e-01  6.72466353e-01  9.52978354e-01  3.60825367e-01  6.86670812e-01
8.60106481e-01  5.72952878e-01  6.74949432e-01  9.51047850e-01  4.19197296e-01  6.85305943e-01
8.37258838e-01  5.23205331e-01  7.84833567e-01  9.35184784e-01  3.76660816e-01  7.97035369e-01
8.55872996e-01  4.70758409e-01  7.55675468e-01  9.41776543e-01  3.05907218e-01  7.71427200e-01
9.39544082e-01  4.29585380e-01  4.98286310e-01  9.79454225e-01  3.36908928e-01  5.22540001e-01
8.85905708e-01  5.28786383e-01  6.16017881e-01  9.61007154e-01  3.82217166e-01  6.30153847e-01
8.80972895e-01  4.87839253e-01  6.59352619e-01  9.55366427e-01  3.37484979e-01  6.76853844e-01
8.92352959e-01  4.47292973e-01  6.47033392e-01  9.56993754e-01  3.27069038e-01  6.68871811e-01
8.89458854e-01  6.29916049e-01  5.38295951e-01  9.70192454e-01  5.16650367e-01  5.39607390e-01
8.76605791e-01  4.04644030e-01  7.28196304e-01  9.46748537e-01  2.62912020e-01  7.49669552e-01
8.78341631e-01  4.34399347e-01  7.02983193e-01  9.49888710e-01  2.88602514e-01  7.23486006e-01
8.93972025e-01  4.44000733e-01  6.43673200e-01  9.58251975e-01  3.07446693e-01  6.65424052e-01
8.98729464e-01  5.48806291e-01  5.59475320e-01  9.68882948e-01  4.19637641e-01  5.70844457e-01
8.64210450e-01  5.14254184e-01  6.99123322e-01  9.48494113e-01  3.66837125e-01  7.14008341e-01
9.13804386e-01  4.38841518e-01  5.79678731e-01  9.67204644e-01  3.27174524e-01  6.03375170e-01
8.83365980e-01  5.79887399e-01  5.91464905e-01  9.61366838e-01  4.92875911e-01  6.01793990e-01
8.98667736e-01  5.85424028e-01  5.35911525e-01  9.70964167e-01  4.82106617e-01  5.42792194e-01
8.77743841e-01  5.61322589e-01  6.22608754e-01  9.57477939e-01  4.57944261e-01  6.34953740e-01
8.32667315e-01  5.28914017e-01  7.96719401e-01  9.33737513e-01  3.69601833e-01  8.07977385e-01
8.54534678e-01  4.56122064e-01  7.69722897e-01  9.39903078e-01  2.95709818e-01  7.85840899e-01
8.64331194e-01  6.40055268e-01  6.17038094e-01  9.59057818e-01  4.78794975e-01  6.19914502e-01
8.80175037e-01  5.97622946e-01  5.90786209e-01  9.63537854e-01  4.51949427e-01  5.97509315e-01
8.41175065e-01  6.32712156e-01  7.00437325e-01  9.46979534e-01  4.45047768e-01  7.05305647e-01
9.06598847e-01  4.07678265e-01  6.24378417e-01  9.61416499e-01  2.86562439e-01  6.50050243e-01
8.99887379e-01  4.06828482e-01  6.47720060e-01  9.57964615e-01  2.84093945e-01  6.72764823e-01
8.72678638e-01  6.13907392e-01  6.05668590e-01  9.59059708e-01  5.10422255e-01  6.12456040e-01
8.89701468e-01  6.36273174e-01  5.33344707e-01  9.69448599e-01  5.57930021e-01  5.34658075e-01
8.66904715e-01  6.73842907e-01  5.86363082e-01  9.62944929e-01  5.23533192e-01  5.84457401e-01
9.17129011e-01  4.10681015e-01  5.86672017e-01  9.65983387e-01  3.17188015e-01  6.13557034e-01
8.34445498e-01  5.29320981e-01  7.90416767e-01  9.34763375e-01  3.67913048e-01  8.01797092e-01
8.49836928e-01  7.93699035e-01  5.66801515e-01  9.58922984e-01  7.68922780e-01  5.52987548e-01
8.49808920e-01  4.85077481e-01  7.66970514e-01  9.38284687e-01  3.55005218e-01  7.82257301e-01
7.85506020e-01  6.95125354e-01  8.49255082e-01  9.22807851e-01  4.87925468e-01  8.50716743e-01
9.36779709e-01  3.74363427e-01  5.43821673e-01  9.72257787e-01  3.09819955e-01  5.75576935e-01
8.99735133e-01  3.94050206e-01  6.56532859e-01  9.55758962e-01  3.00515127e-01  6.83041201e-01
8.77125988e-01  5.80901484e-01  6.11995615e-01  9.59390573e-01  4.61659537e-01  6.21815291e-01
8.69027845e-01  3.71809273e-01  7.75247291e-01  9.39682532e-01  2.56282284e-01  7.96538109e-01
8.72776471e-01  3.59095180e-01  7.70772284e-01  9.40284046e-01  2.53948360e-01  7.93230678e-01
8.82721382e-01  3.89169545e-01  7.17475794e-01  9.47925160e-01  2.67948328e-01  7.40939247e-01
8.59783043e-01  4.91035312e-01  7.29232268e-01  9.43609746e-01  3.65917312e-01  7.45543576e-01
8.25763306e-01  6.51679115e-01  7.40457920e-01  9.40743713e-01  4.50544568e-01  7.43995642e-01
8.66157107e-01  7.15442946e-01  5.61893409e-01  9.65030112e-01  5.94864407e-01  5.54293181e-01
9.36379260e-01  4.48239541e-01  4.96921943e-01  9.78709223e-01  3.70596423e-01  5.19385529e-01
8.85016220e-01  6.44489820e-01  5.43919800e-01  9.69469941e-01  5.19901268e-01  5.43474684e-01
8.77856615e-01  6.07506811e-01  5.92241551e-01  9.61780113e-01  4.93820571e-01  5.98921683e-01
8.81075837e-01  5.02900801e-01  6.49224008e-01  9.54805622e-01  3.95744536e-01  6.66732961e-01
8.59376813e-01  6.78598626e-01  6.08837603e-01  9.58799194e-01  5.36762520e-01  6.07924859e-01
8.67709941e-01  6.32214380e-01  6.10655241e-01  9.58745837e-01  5.07577965e-01  6.15138224e-01
9.13002491e-01  3.94417632e-01  6.11242776e-01  9.62241632e-01  3.09410622e-01  6.39380118e-01
8.73009250e-01  6.79885423e-01  5.61710904e-01  9.64705652e-01  5.83106091e-01  5.59141966e-01
8.57082420e-01  4.84783619e-01  7.42462578e-01  9.43541883e-01  3.15976078e-01  7.57737096e-01
7.66847771e-01  6.03519260e-01  9.72099506e-01  9.08740300e-01  3.46415455e-01  9.74238936e-01
8.47602228e-01  8.08825895e-01  5.64569636e-01  9.63599645e-01  6.75183318e-01  5.45071166e-01
8.79497375e-01  4.63976675e-01  6.79855327e-01  9.51727094e-01  3.40400005e-01  6.99502898e-01
8.65435222e-01  5.78982805e-01  6.52939392e-01  9.53185162e-01  4.53959519e-01  6.63417048e-01
9.33627701e-01  3.85942802e-01  5.46709519e-01  9.72138183e-01  3.05714972e-01  5.76794106e-01
8.72913021e-01  7.08720029e-01  5.43317483e-01  9.67711874e-01  6.02103071e-01  5.35393714e-01
8.82482341e-01  3.85298039e-01  7.20800868e-01  9.46872524e-01  2.80526601e-01  7.44727299e-01
8.98773969e-01  3.79569504e-01  6.69198464e-01  9.55359233e-01  2.58130773e-01  6.95583350e-01
8.79359696e-01  5.68134807e-01  6.12699231e-01  9.59358758e-01  4.53596054e-01  6.23917759e-01
8.61534965e-01  4.69130958e-01  7.37504873e-01  9.43576624e-01  3.28439323e-01  7.54579933e-01
8.36712105e-01  6.26700194e-01  7.19495537e-01  9.43584217e-01  4.52481364e-01  7.25326267e-01
8.92821093e-01  4.33637693e-01  6.54309353e-01  9.56401677e-01  3.08839592e-01  6.76960182e-01
8.69898911e-01  3.68022135e-01  7.74748180e-01  9.39909687e-01  2.51364524e-01  7.96239444e-01
9.26353501e-01  3.43726134e-01  5.99115959e-01  9.66446691e-01  2.31402010e-01  6.31300104e-01
8.96574092e-01  3.81131091e-01  6.75654547e-01  9.53742158e-01  2.74815887e-01  7.02023643e-01
7.90783027e-01  4.64269238e-01  9.81230702e-01  9.10280493e-01  2.56214789e-01  9.85600798e-01
8.53112209e-01  5.72068397e-01  6.99274409e-01  9.47542703e-01  4.11811697e-01  7.09519821e-01
9.16857727e-01  4.00184923e-01  5.94407462e-01  9.64494487e-01  3.19664528e-01  6.22520717e-01
8.83538263e-01  6.09738181e-01  5.71500113e-01  9.65374951e-01  4.89573926e-01  5.76871663e-01
8.72199722e-01  5.93082256e-01  6.20815345e-01  9.57633242e-01  4.75998924e-01  6.29707130e-01
8.83116574e-01  4.98091357e-01  6.45417119e-01  9.56738723e-01  3.60796715e-01  6.62566144e-01
9.06897463e-01  4.46354265e-01  5.98254494e-01  9.63733148e-01  3.45042099e-01  6.21427457e-01
8.79043071e-01  4.56580226e-01  6.86200246e-01  9.51347648e-01  3.23223860e-01  7.05979915e-01
8.83564195e-01  5.73590810e-01  5.94880066e-01  9.62382586e-01  4.51867032e-01  6.04936224e-01
8.96245786e-01  4.13308799e-01  6.55878237e-01  9.55725079e-01  3.11423385e-01  6.80690188e-01
8.80790668e-01  4.69318865e-01  6.71995134e-01  9.52211142e-01  3.59975895e-01  6.91790187e-01
8.94235662e-01  3.58133219e-01  6.98526526e-01  9.51228369e-01  2.44837392e-01  7.25200319e-01
8.89740483e-01  5.83574132e-01  5.67426287e-01  9.67256997e-01  4.46260511e-01  5.75001837e-01
8.70787372e-01  6.67400769e-01  5.77361196e-01  9.63478100e-01  5.43117308e-01  5.76427872e-01
8.67588230e-01  5.56470835e-01  6.60244444e-01  9.53715394e-01  4.03254131e-01  6.71955388e-01
9.51749368e-01  3.78765906e-01  4.89835253e-01  9.80090336e-01  3.25294440e-01  5.21195832e-01
8.65733315e-01  5.56007687e-01  6.66843553e-01  9.51532471e-01  4.31304000e-01  6.79348131e-01
8.82079019e-01  6.20155199e-01  5.69691940e-01  9.64419641e-01  5.25304490e-01  5.74584639e-01
8.57580522e-01  6.66807213e-01  6.22592861e-01  9.57776215e-01  5.01145182e-01  6.22869916e-01
8.82461500e-01  5.32636131e-01  6.25213421e-01  9.57653819e-01  4.30485944e-01  6.40290833e-01
8.32088867e-01  5.46254379e-01  7.87425606e-01  9.35705082e-01  3.60734316e-01  7.97448995e-01
8.37977720e-01  5.87051440e-01  7.40939658e-01  9.40446683e-01  4.33114598e-01  7.50004014e-01
8.41406003e-01  5.37038688e-01  7.61769511e-01  9.39506176e-01  3.60480629e-01  7.73135870e-01
8.45691970e-01  5.26120415e-01  7.54303512e-01  9.39645928e-01  3.81685093e-01  7.67247295e-01
8.92336393e-01  3.42599528e-01  7.15061043e-01  9.48850904e-01  2.38211982e-01  7.42004604e-01
8.53096796e-01  4.99105219e-01  7.46698143e-01  9.41615239e-01  3.52601329e-01  7.61467600e-01
9.10547904e-01  5.33507435e-01  5.29276722e-01  9.72595472e-01  4.39737284e-01  5.42307831e-01
8.43197906e-01  5.52688724e-01  7.45523559e-01  9.41420793e-01  3.79716487e-01  7.56330271e-01
8.79391005e-01  3.99186988e-01  7.22280978e-01  9.46650146e-01  2.85258728e-01  7.45039043e-01
8.87552552e-01  3.86911766e-01  7.02536356e-01  9.50480629e-01  2.58751625e-01  7.26718820e-01
9.29541894e-01  3.63072616e-01  5.75431139e-01  9.67852758e-01  2.91365294e-01  6.07650462e-01
8.55224148e-01  5.41256796e-01  7.12107135e-01  9.46040499e-01  3.88282607e-01  7.24691744e-01
8.90693084e-01  3.41719610e-01  7.21212649e-01  9.48128252e-01  2.33513552e-01  7.47744490e-01
8.69645365e-01  6.44370653e-01  5.96191073e-01  9.61484099e-01  5.04335185e-01  5.98344129e-01
8.76344033e-01  6.08174072e-01  5.96944422e-01  9.60433662e-01  5.08356227e-01  6.04132762e-01
9.18425611e-01  4.65114632e-01  5.46929643e-01  9.71967073e-01  3.49601455e-01  5.67558608e-01
8.38627003e-01  5.73059205e-01  7.47819269e-01  9.39408917e-01  4.27733139e-01  7.57925246e-01
8.84406872e-01  5.20681009e-01  6.26369419e-01  9.58330937e-01  4.04152231e-01  6.42149225e-01
8.07598032e-01  6.43451493e-01  8.07783091e-01  9.29401554e-01  4.70564591e-01  8.12524820e-01
8.86231871e-01  5.57785450e-01  5.96083145e-01  9.63488052e-01  4.12579859e-01  6.07097835e-01
8.80673346e-01  5.83422724e-01  5.98313177e-01  9.61669646e-01  4.60695903e-01  6.07428875e-01
8.67369054e-01  6.48394756e-01  6.01308112e-01  9.60826114e-01  5.02105238e-01  6.03088107e-01
8.70254066e-01  6.16699552e-01  6.12088774e-01  9.57668086e-01  5.20482973e-01  6.19010344e-01
8.67253891e-01  7.24964565e-01  5.51987408e-01  9.66464940e-01  6.06295809e-01  5.42401799e-01
8.80382002e-01  3.98287736e-01  7.19499821e-01  9.47602124e-01  2.71600965e-01  7.42150570e-01
9.11709736e-01  4.70306350e-01  5.66363227e-01  9.67097138e-01  3.95676030e-01  5.87936473e-01
8.76656000e-01  3.65245976e-01  7.53604738e-01  9.42727676e-01  2.57329013e-01  7.76766007e-01
8.75923877e-01  6.42675630e-01  5.75971981e-01  9.65066861e-01  4.96983338e-01  5.77102636e-01
8.43083909e-01  5.43996369e-01  7.51554063e-01  9.40218714e-01  3.83731853e-01  7.63092656e-01
8.90343632e-01  5.50363983e-01  5.86938954e-01  9.63265336e-01  4.49641913e-01  5.99799976e-01
8.91476375e-01  3.26651537e-01  7.28335598e-01  9.47022881e-01  2.30275888e-01  7.55594461e-01
8.72744445e-01  5.59709470e-01  6.40632946e-01  9.56996522e-01  3.99651191e-01  6.51765162e-01
8.71083210e-01  6.91550959e-01  5.60677573e-01  9.65659372e-01  5.70983186e-01  5.55881002e-01
8.94843429e-01  5.97014267e-01  5.41372802e-01  9.70615703e-01  4.75449701e-01  5.46593813e-01
8.53940572e-01  6.09021063e-01  6.72469697e-01  9.49387233e-01  4.84528837e-01  6.80571976e-01
8.54839785e-01  5.63921009e-01  6.98697415e-01  9.46968041e-01  4.25007732e-01  7.10097648e-01
8.88747989e-01  5.70689824e-01  5.79160967e-01  9.63805784e-01  4.77020761e-01  5.89888576e-01
8.48234390e-01  6.58744505e-01  6.59563990e-01  9.51617892e-01  5.01812415e-01  6.62199748e-01
9.31478468e-01  4.44765570e-01  5.15818320e-01  9.75716323e-01  3.67627790e-01  5.39274643e-01
8.86679472e-01  3.93472062e-01  7.01241869e-01  9.50593926e-01  2.63018944e-01  7.24987647e-01
8.98499624e-01  4.41123885e-01  6.30166334e-01  9.58903464e-01  3.40771416e-01  6.53400688e-01
8.66227461e-01  5.27317996e-01  6.83792082e-01  9.49279188e-01  4.10513167e-01  6.98691219e-01
8.82767857e-01  4.31165663e-01  6.90052002e-01  9.50748079e-01  3.14147600e-01  7.11961304e-01
8.55239850e-01  6.01155559e-01  6.73164525e-01  9.50086673e-01  4.61387523e-01  6.81535623e-01
8.62767792e-01  7.32422990e-01  5.62378425e-01  9.65274203e-01  5.96861841e-01  5.52257813e-01
8.65541277e-01  4.98642454e-01  7.04740056e-01  9.47952373e-01  3.53212681e-01  7.20689776e-01
9.23210791e-01  3.92300084e-01  5.77953988e-01  9.67547987e-01  3.03122394e-01  6.06836535e-01
8.38275382e-01  3.68303789e-01  8.82253476e-01  9.24646034e-01  2.44761775e-01  8.96182585e-01
8.65328184e-01  6.40725113e-01  6.13217235e-01  9.57303816e-01  5.36713482e-01  6.17524692e-01
9.01342597e-01  4.07615880e-01  6.42267275e-01  9.58310418e-01  2.96139544e-01  6.67711503e-01
8.90927897e-01  4.78451989e-01  6.31642899e-01  9.58868352e-01  3.52281672e-01  6.50915823e-01
9.06512008e-01  4.14483444e-01  6.20255050e-01  9.61560416e-01  3.01325693e-01  6.45651568e-01
9.32713937e-01  3.93286466e-01  5.45044655e-01  9.72532884e-01  3.06140216e-01  5.74163191e-01
8.45754674e-01  4.82194636e-01  7.82610277e-01  9.37339875e-01  3.19264858e-01  7.96730399e-01
8.16213478e-01  6.45369648e-01  7.76983903e-01  9.35387815e-01  4.39311296e-01  7.80982719e-01
8.66660227e-01  4.75836485e-01  7.15747266e-01  9.47133324e-01  3.23926542e-01  7.32836772e-01
8.59958707e-01  6.52763875e-01  6.23634529e-01  9.56853581e-01  5.12587172e-01  6.26091892e-01
8.78114853e-01  4.26453951e-01  7.08911546e-01  9.48433270e-01  2.99771905e-01  7.30188558e-01
9.17697008e-01  3.65156633e-01  6.14299038e-01  9.62387310e-01  2.81846454e-01  6.44935789e-01
9.06175045e-01  4.29118820e-01  6.11897402e-01  9.62167144e-01  3.24154957e-01  6.36386296e-01
8.73509888e-01  5.15536016e-01  6.66712568e-01  9.52615806e-01  3.88508447e-01  6.82477699e-01
9.04574843e-01  5.42384565e-01  5.43795465e-01  9.69238095e-01  4.68647751e-01  5.57028366e-01
8.94476751e-01  5.42560020e-01  5.77970991e-01  9.64955936e-01  4.39452720e-01  5.91358909e-01
8.70011908e-01  7.19174187e-01  5.46381406e-01  9.66895735e-01  6.15388178e-01  5.37498888e-01
8.44409358e-01  5.64270394e-01  7.33889840e-01  9.41778570e-01  4.19089562e-01  7.44766025e-01
8.45093743e-01  6.35429922e-01  6.85365878e-01  9.48908036e-01  4.57344856e-01  6.90044835e-01
9.00514234e-01  5.28636210e-01  5.66509575e-01  9.66299551e-01  4.44106803e-01  5.81647991e-01
8.80498439e-01  4.33130483e-01  6.96482723e-01  9.49908453e-01  3.11745690e-01  7.17910504e-01
8.70830022e-01  7.28740463e-01  5.37392804e-01  9.68896526e-01  6.10086836e-01  5.25918159e-01
9.24976172e-01  4.83217228e-01  5.12933895e-01  9.76643524e-01  3.78007621e-01  5.30885690e-01
9.27732614e-01  3.84217253e-01  5.67847177e-01  9.69028206e-01  3.01069515e-01  5.97828788e-01
9.09541253e-01  5.34316258e-01  5.32169603e-01  9.70777188e-01  4.72505953e-01  5.46251473e-01
8.94035355e-01  3.65350408e-01  6.94520788e-01  9.51048185e-01  2.66436971e-01  7.21270183e-01
9.12257369e-01  4.01384789e-01  6.09249933e-01  9.63636598e-01  2.85876086e-01  6.35976650e-01
8.71692572e-01  6.69771569e-01  5.72748106e-01  9.63281137e-01  5.67560419e-01  5.71935904e-01
8.91947473e-01  4.20800792e-01  6.65610162e-01  9.55097479e-01  2.93751482e-01  6.88875068e-01
8.67696559e-01  5.05866960e-01  6.92730951e-01  9.50094025e-01  3.48360488e-01  7.08099891e-01
8.88722680e-01  5.88530249e-01  5.67664464e-01  9.65786992e-01  4.83398871e-01  5.75683551e-01
8.22781522e-01  6.39343317e-01  7.58592562e-01  9.38127747e-01  4.40598183e-01  7.63111140e-01
9.18719648e-01  4.10198419e-01  5.81584295e-01  9.67564664e-01  2.97611790e-01  6.08027014e-01
8.58457285e-01  4.59966664e-01  7.53905915e-01  9.41129841e-01  3.25148172e-01  7.71043709e-01
8.48060443e-01  5.89594674e-01  7.05049628e-01  9.45102527e-01  4.56550905e-01  7.14632706e-01
8.80713114e-01  4.17908241e-01  7.05636603e-01  9.48475072e-01  3.07815149e-01  7.28026795e-01
8.67046400e-01  6.13937813e-01  6.24774463e-01  9.57953822e-01  4.62704134e-01  6.30781717e-01
8.83240901e-01  5.30823817e-01  6.23743711e-01  9.59006878e-01  4.02306737e-01  6.38249617e-01
9.24968193e-01  3.53919788e-01  5.96903999e-01  9.64997695e-01  2.77317987e-01  6.29264293e-01
8.63334608e-01  5.19509503e-01  6.98685584e-01  9.48850235e-01  3.61702368e-01  7.12933828e-01
8.87362512e-01  6.19280189e-01  5.52319469e-01  9.68450381e-01  4.96575109e-01  5.55503903e-01
8.92736406e-01  5.40411884e-01  5.85275300e-01  9.64382806e-01  4.24034184e-01  5.98663925e-01
9.08806002e-01  5.05532537e-01  5.53353457e-01  9.68776675e-01  4.23018554e-01  5.70729878e-01
8.36502161e-01  6.15147613e-01  7.27709065e-01  9.42719289e-01  4.37799177e-01  7.34329031e-01
9.01417399e-01  5.38336842e-01  5.57144794e-01  9.67203136e-01  4.63599906e-01  5.71264820e-01
8.80630730e-01  8.07358727e-01  4.53369838e-01  9.77622090e-01  8.12427194e-01  4.22848589e-01
8.60445128e-01  4.59674369e-01  7.47345567e-01  9.42581302e-01  3.13404222e-01  7.64501916e-01
9.05442715e-01  5.47879925e-01  5.37280954e-01  9.71277738e-01  4.48105214e-01  5.48786876e-01
9.27344604e-01  4.12828851e-01  5.50589447e-01  9.71835700e-01  3.11985636e-01  5.77257231e-01
9.02874542e-01  3.51554418e-01  6.73462509e-01  9.54719571e-01  2.47715552e-01  7.02137055e-01
8.60362690e-01  6.72942389e-01  6.09162115e-01  9.58814592e-01  5.32223967e-01  6.08894693e-01
8.88660382e-01  1.90313059e-01  8.26715133e-01  9.35422430e-01  1.35762628e-01  8.52746487e-01
8.84664513e-01  6.67117187e-01  5.30423445e-01  9.69057557e-01  5.97274146e-01  5.27902258e-01
8.81305093e-01  5.12784122e-01  6.42029339e-01  9.57371917e-01  3.64488435e-01  6.57636929e-01
8.49528387e-01  5.91085021e-01  6.99097265e-01  9.45997647e-01  4.57929521e-01  7.08568605e-01
8.24663714e-01  5.86935519e-01  7.86227417e-01  9.35067820e-01  3.93380530e-01  7.93848750e-01
7.93753795e-01  4.62738125e-01  9.72135277e-01  9.10764726e-01  2.77951222e-01  9.77377889e-01
8.38770776e-01  5.89926397e-01  7.36379972e-01  9.40914393e-01  4.40002477e-01  7.45383325e-01
8.45547100e-01  5.88335853e-01  7.14401716e-01  9.44043010e-01  4.46333919e-01  7.23831866e-01
8.92880150e-01  5.62397347e-01  5.70513572e-01  9.66265162e-01  4.46967247e-01  5.81195021e-01
8.73998050e-01  2.86273379e-01  8.14202992e-01  9.37046951e-01  1.61305373e-01  8.36315882e-01
9.35355699e-01  4.28256531e-01  5.13370994e-01  9.77086927e-01  3.35050851e-01  5.38156342e-01
9.03064287e-01  4.69601624e-01  5.96177734e-01  9.63904432e-01  3.59587541e-01  6.16904595e-01
9.18392545e-01  3.89053408e-01  5.96422975e-01  9.65703947e-01  2.77681204e-01  6.24650315e-01
8.74638807e-01  4.70948208e-01  6.91827624e-01  9.50372817e-01  3.31644305e-01  7.10247996e-01
8.91098220e-01  4.04660275e-01  6.78972995e-01  9.53198494e-01  2.84840292e-01  7.03149436e-01
9.46743029e-01  4.03897825e-01  4.90518451e-01  9.79341384e-01  3.54769674e-01  5.19058417e-01
8.93534364e-01  5.88582879e-01  5.51291768e-01  9.69168561e-01  4.66333741e-01  5.58019014e-01
9.22248530e-01  4.84132871e-01  5.21601168e-01  9.73735596e-01  4.14643974e-01  5.40905422e-01
8.51917776e-01  6.01302093e-01  6.84350564e-01  9.49455190e-01  4.33776866e-01  6.92085405e-01
9.19438512e-01  4.91323026e-01  5.26474923e-01  9.73580972e-01  4.03511250e-01  5.44517929e-01
8.48296246e-01  4.98298530e-01  7.63523774e-01  9.39545935e-01  3.40638530e-01  7.77552664e-01
9.11679873e-01  3.86414965e-01  6.20929733e-01  9.61892303e-01  2.78598823e-01  6.48874378e-01
9.01232368e-01  5.62942446e-01  5.41798472e-01  9.69093632e-01  4.91217783e-01  5.52640775e-01
8.81648570e-01  3.93161023e-01  7.18824686e-01  9.47018224e-01  2.88883652e-01  7.42341653e-01
8.62439441e-01  5.37020947e-01  6.90356086e-01  9.49775675e-01  3.77216149e-01  7.03347286e-01
8.76627210e-01  4.47136052e-01  7.00535287e-01  9.48928339e-01  3.25989646e-01  7.20841361e-01
8.89158835e-01  6.29507000e-01  5.39580147e-01  9.69211944e-01  5.34771501e-01  5.41627903e-01
9.06588509e-01  3.79259776e-01  6.42863669e-01  9.58702073e-01  2.72744111e-01  6.70708491e-01
8.69906195e-01  6.34601759e-01  6.01647570e-01  9.60268307e-01  5.07264103e-01  6.05450129e-01
8.55951230e-01  5.91760009e-01  6.76848758e-01  9.49268357e-01  4.63335661e-01  6.86323985e-01
8.75015760e-01  4.84874447e-01  6.81505738e-01  9.50593879e-01  3.70189966e-01  6.99755240e-01
8.63108414e-01  6.18079666e-01  6.35457113e-01  9.54350559e-01  5.10751698e-01  6.42573311e-01
8.63460551e-01  4.03725767e-01  7.73431057e-01  9.40236859e-01  2.58254921e-01  7.92519270e-01
9.30933308e-01  4.61685745e-01  5.06684442e-01  9.76307392e-01  3.98018959e-01  5.28329498e-01
9.14447591e-01  4.15764839e-01  5.92476771e-01  9.65985172e-01  2.97799663e-01  6.18110400e-01
9.15542279e-01  3.62475804e-01  6.23356251e-01  9.61226759e-01  2.75746470e-01  6.53813394e-01
8.40743477e-01  5.43475390e-01  7.59840189e-01  9.39560783e-01  3.68497798e-01  7.70898122e-01
8.25440535e-01  6.70679943e-01  7.29217659e-01  9.42293916e-01  4.63084674e-01  7.31103205e-01
9.18988107e-01  4.87437024e-01  5.30527124e-01  9.72481810e-01  4.12115267e-01  5.49539934e-01
8.68496247e-01  4.42623464e-01  7.31075937e-01  9.44862203e-01  3.11641997e-01  7.50291596e-01
8.78327265e-01  5.39594363e-01  6.34734539e-01  9.56691042e-01  4.20727496e-01  6.48761659e-01
8.41794374e-01  8.06849768e-01  5.85574181e-01  9.60783003e-01  6.54590671e-01  5.67979536e-01
9.00645692e-01  3.34118431e-01  6.92351093e-01  9.51935982e-01  2.41372116e-01  7.21478980e-01
8.55337018e-01  4.64113070e-01  7.61810000e-01  9.40778164e-01  3.05793430e-01  7.77855654e-01
9.01640146e-01  4.86268931e-01  5.90192707e-01  9.64676230e-01  3.71507646e-01  6.09149391e-01
8.79538425e-01  6.23767085e-01  5.75973806e-01  9.62704199e-01  5.43827979e-01  5.81222754e-01
8.14158651e-01  6.41276763e-01  7.86916291e-01  9.32956963e-01  4.62094865e-01  7.91721420e-01
8.38142175e-01  6.14881222e-01  7.22312569e-01  9.42586539e-01  4.61785308e-01  7.29532843e-01
8.12340913e-01  4.03376440e-01  9.47555871e-01  9.15433413e-01  2.43598153e-01  9.55529659e-01
8.63291537e-01  5.76725125e-01  6.61684518e-01  9.52035884e-01  4.47482934e-01  6.72311048e-01
8.94127702e-01  3.96929882e-01  6.73704469e-01  9.53502678e-01  2.93840720e-01  6.99079922e-01
8.47996573e-01  6.24203415e-01  6.82797163e-01  9.48726695e-01  4.67109548e-01  6.88908573e-01
8.88890472e-01  4.23671531e-01  6.74126841e-01  9.53161768e-01  3.10887367e-01  6.97252319e-01
8.52832438e-01  4.48823962e-01  7.80241358e-01  9.37460162e-01  3.15376943e-01  7.96874513e-01
8.39459167e-01  5.88512663e-01  7.34960464e-01  9.41847533e-01  4.21858484e-01  7.43671898e-01
8.43527744e-01  6.43173902e-01  6.85655642e-01  9.48055639e-01  4.80356811e-01  6.90092408e-01
8.80184113e-01  8.05716040e-01  4.55953033e-01  9.79837313e-01  7.48360341e-01  4.23728609e-01
9.14306722e-01  3.75200924e-01  6.19290178e-01  9.61454386e-01  2.90547302e-01  6.48869120e-01
9.07758773e-01  5.25604355e-01  5.43878201e-01  9.69281844e-01  4.58152356e-01  5.59218889e-01
8.66017424e-01  6.04243417e-01  6.34562136e-01  9.55095232e-01  4.89680623e-01  6.42759503e-01
8.31728812e-01  6.33045001e-01  7.32298344e-01  9.41623717e-01  4.53686574e-01  7.37613274e-01
8.05197137e-01  7.40078688e-01  7.53199876e-01  9.36585482e-01  5.37461410e-01  7.50710483e-01
8.95768460e-01  6.18105740e-01  5.24538295e-01  9.70597186e-01  5.54941720e-01  5.27997020e-01
8.56294823e-01  5.85061464e-01  6.80031381e-01  9.50197204e-01  4.25541187e-01  6.89266654e-01
8.62257530e-01  6.65228489e-01  6.07736094e-01  9.59574592e-01  5.15548933e-01  6.07947595e-01
8.64379866e-01  4.39166925e-01  7.47298495e-01  9.42715823e-01  3.03676440e-01  7.65929723e-01
8.48949758e-01  5.72157739e-01  7.13350956e-01  9.45118715e-01  4.17764974e-01  7.23660798e-01
9.01975831e-01  3.48785944e-01  6.78311541e-01  9.53638955e-01  2.55640760e-01  7.07200038e-01
8.72168603e-01  3.72921935e-01  7.63859415e-01  9.41224449e-01  2.59678427e-01  7.85851627e-01
8.87572825e-01  6.08755397e-01  5.58437967e-01  9.65493002e-01  5.37638059e-01  5.64798528e-01
8.47778054e-01  5.99107180e-01  6.99832842e-01  9.46563351e-01  4.44325641e-01  7.08144244e-01
8.88731395e-01  3.42393710e-01  7.27436414e-01  9.47239943e-01  2.33188264e-01  7.53516946e-01
8.26305886e-01  5.59784197e-01  7.98278683e-01  9.32370513e-01  4.06635553e-01  8.08023257e-01
9.04363112e-01  5.08178077e-01  5.66722357e-01  9.67322536e-01  4.08064247e-01  5.83574545e-01
9.27630981e-01  4.37344449e-01  5.33700781e-01  9.73255006e-01  3.54445240e-01  5.58160076e-01
9.03692830e-01  3.67745274e-01  6.60171971e-01  9.55876861e-01  2.73958350e-01  6.88537839e-01
8.54396410e-01  6.06317050e-01  6.72677889e-01  9.51238515e-01  4.37209508e-01  6.79842553e-01
8.72131980e-01  5.79365852e-01  6.29950620e-01  9.56736464e-01  4.56059072e-01  6.40151893e-01
8.40496402e-01  5.56033333e-01  7.52525575e-01  9.39690065e-01  3.97146372e-01  7.63324004e-01
9.41395859e-01  4.07652649e-01  5.06237527e-01  9.77686962e-01  3.36531165e-01  5.33960462e-01
9.35075976e-01  4.23911434e-01  5.17141753e-01  9.76580351e-01  3.30428796e-01  5.42492679e-01
8.89956416e-01  4.94925581e-01  6.24246344e-01  9.59111331e-01  3.81604219e-01  6.42454103e-01
8.60739328e-01  6.51063647e-01  6.22087840e-01  9.57968083e-01  4.90770889e-01  6.24082201e-01
8.47822443e-01  4.94739159e-01  7.67443861e-01  9.39477659e-01  3.26542438e-01  7.81309309e-01
8.74714633e-01  3.98509795e-01  7.38600462e-01  9.44139179e-01  2.87406674e-01  7.60633736e-01
8.92318399e-01  3.26467006e-01  7.25596044e-01  9.47278354e-01  2.33773464e-01  7.53132876e-01
8.59467341e-01  4.43236309e-01  7.61338154e-01  9.40033017e-01  3.19649952e-01  7.79371140e-01
8.73261147e-01  6.66242811e-01  5.69712728e-01  9.63555065e-01  5.71139199e-01  5.69336918e-01
8.81851861e-01  6.13727165e-01  5.74636860e-01  9.65399612e-01  4.78751175e-01  5.79261644e-01
8.67196550e-01  5.01224571e-01  6.97442882e-01  9.49405917e-01  3.45793921e-01  7.13116326e-01
8.40483635e-01  5.05332432e-01  7.85486979e-01  9.35612203e-01  3.58304431e-01  7.98616660e-01
8.77466076e-01  3.31775240e-01  7.72585167e-01  9.40964751e-01  2.22687047e-01  7.96226290e-01
8.83627133e-01  4.54613088e-01  6.71911060e-01  9.52940008e-01  3.36593586e-01  6.92621893e-01
8.68223458e-01  6.92509774e-01  5.69765757e-01  9.64172943e-01  5.70650536e-01  5.65490180e-01
8.93227357e-01  4.90341996e-01  6.16115163e-01  9.60442800e-01  3.77894107e-01  6.34790296e-01
8.60995354e-01  3.53427119e-01  8.14757483e-01  9.35574589e-01  2.12508565e-01  8.33701177e-01
8.69037789e-01  4.63129949e-01  7.15923493e-01  9.47698788e-01  3.04806230e-01  7.33712762e-01
9.49085968e-01  3.51116624e-01  5.17127174e-01  9.77377929e-01  2.74403771e-01  5.51085382e-01
8.81976405e-01  4.78834045e-01  6.61791480e-01  9.54945012e-01  3.34951117e-01  6.80152532e-01
8.46247151e-01  5.84223330e-01  7.14694706e-01  9.44498247e-01  4.32442032e-01  7.24183630e-01
8.12250100e-01  6.36274357e-01  7.96348360e-01  9.33004966e-01  4.20744653e-01  8.00633141e-01
9.39880738e-01  4.23170126e-01  5.01308071e-01  9.78998459e-01  3.32597248e-01  5.26477460e-01
8.45308222e-01  6.43281477e-01  6.79539834e-01  9.49201546e-01  4.76124588e-01  6.83741305e-01
8.78141342e-01  5.31268751e-01  6.40771503e-01  9.57190835e-01  3.81779588e-01  6.54726961e-01
8.73954065e-01  5.41000661e-01  6.48671413e-01  9.54125495e-01  4.30803916e-01  6.62839460e-01
8.66217680e-01  5.00614422e-01  7.01162574e-01  9.47542528e-01  3.77497118e-01  7.17600097e-01
8.71612872e-01  6.74901139e-01  5.69688558e-01  9.64224563e-01  5.59913678e-01  5.67687078e-01
9.06648112e-01  5.51607991e-01  5.30767610e-01  9.72633263e-01  4.43187385e-01  5.41253228e-01
8.50074059e-01  5.61819992e-01  7.16244599e-01  9.44020828e-01  4.29980247e-01  7.27824469e-01
9.30866811e-01  4.21558401e-01  5.32961944e-01  9.73938290e-01  3.32481637e-01  5.58950017e-01
8.93942463e-01  5.58749649e-01  5.69274313e-01  9.65231004e-01  4.74834597e-01  5.81264880e-01
8.62872576e-01  4.69119017e-01  7.32970325e-01  9.44045408e-01  3.33718404e-01  7.50331147e-01
8.57243850e-01  6.93824949e-01  6.06195106e-01  9.59590328e-01  5.35948312e-01  6.03043850e-01
8.64548233e-01  5.10036742e-01  7.00714166e-01  9.47414782e-01  3.85851778e-01  7.16452155e-01
8.54094792e-01  6.44361992e-01  6.49001599e-01  9.53841773e-01  4.82389555e-01  6.52513244e-01
8.21627491e-01  6.08415921e-01  7.82591131e-01  9.34345567e-01  4.31890961e-01  7.89412773e-01
8.64707661e-01  5.43518893e-01  6.78434817e-01  9.50642737e-01  4.03811037e-01  6.91526108e-01
9.18108925e-01  5.25906727e-01  5.08537092e-01  9.75602766e-01  4.44533716e-01  5.21896093e-01
8.71713054e-01  4.07274896e-01  7.43102795e-01  9.44396767e-01  2.67283979e-01  7.63719851e-01
8.25055862e-01  6.28864337e-01  7.57672996e-01  9.38693735e-01  4.26565986e-01  7.62785809e-01
8.70941301e-01  5.94962720e-01  6.23867850e-01  9.57925245e-01  4.57940382e-01  6.32086536e-01
8.77567328e-01  6.95887270e-01  5.35844544e-01  9.68634647e-01  6.02720234e-01  5.29331686e-01
8.34462632e-01  5.84495692e-01  7.54536031e-01  9.39777254e-01  3.96809746e-01  7.62844193e-01
9.20478071e-01  4.11267397e-01  5.74919267e-01  9.68200598e-01  3.07672224e-01  6.01580810e-01
9.42390773e-01  3.87931027e-01  5.15662892e-01  9.76450786e-01  3.19717252e-01  5.45845359e-01
8.76721392e-01  4.63900955e-01  6.89331074e-01  9.50711202e-01  3.29982527e-01  7.08469523e-01
8.60580496e-01  5.71773853e-01  6.74105271e-01  9.51150742e-01  4.19423246e-01  6.84593005e-01
8.83829761e-01  6.45998597e-01  5.46968845e-01  9.67832937e-01  5.47810126e-01  5.47400164e-01
9.46364257e-01  3.96339415e-01  4.96711706e-01  9.78899195e-01  3.37483576e-01  5.25963509e-01
8.80783514e-01  5.03406109e-01  6.49889040e-01  9.56393550e-01  3.54582169e-01  6.66242546e-01
8.47936657e-01  5.35775546e-01  7.40412186e-01  9.41032027e-01  4.02974348e-01  7.53347127e-01
8.74707285e-01  4.28583784e-01  7.19100067e-01  9.47076732e-01  2.96387512e-01  7.39683545e-01
9.29262404e-01  3.70508760e-01  5.71552535e-01  9.68808835e-01  2.86058500e-01  6.02769586e-01
9.00903437e-01  4.51712942e-01  6.15129084e-01  9.61191393e-01  3.45927434e-01  6.37516626e-01
8.84910660e-01  4.14411098e-01  6.93653624e-01  9.51084225e-01  2.86383036e-01  7.16342910e-01
9.08198365e-01  4.61345806e-01  5.84104026e-01  9.64978849e-01  3.75261565e-01  6.06325199e-01
8.79907431e-01  3.28216745e-01  7.66605076e-01  9.41660624e-01  2.25923212e-01  7.91002365e-01
8.85597027e-01  4.44714489e-01  6.71648501e-01  9.53304871e-01  3.24729572e-01  6.93075691e-01
8.34120967e-01  6.12891671e-01  7.37259649e-01  9.40992983e-01  4.42837968e-01  7.44211800e-01
8.50077374e-01  5.08677346e-01  7.50736765e-01  9.40959272e-01  3.56844530e-01  7.64674649e-01
8.83283494e-01  4.51528016e-01  6.75081211e-01  9.53495669e-01  3.09905003e-01  6.95342632e-01
8.46854742e-01  5.12811393e-01  7.58996404e-01  9.40355705e-01  3.42103353e-01  7.72015487e-01
8.48103805e-01  4.72654119e-01  7.80827380e-01  9.37910794e-01  3.08904316e-01  7.95508971e-01
8.69548340e-01  5.60953479e-01  6.50678036e-01  9.54561514e-01  4.21131556e-01  6.62320993e-01
8.82208999e-01  3.94540085e-01  7.15728691e-01  9.47472888e-01  2.87364040e-01  7.39267912e-01
8.81912890e-01  4.79175960e-01  6.61785283e-01  9.55298900e-01  3.26433529e-01  6.79888802e-01
8.98189829e-01  5.80938782e-01  5.40446035e-01  9.68872180e-01  5.11866996e-01  5.49199066e-01
8.90850186e-01  5.85137913e-01  5.62642523e-01  9.65866632e-01  4.99333311e-01  5.71421306e-01
8.60803473e-01  5.70383178e-01  6.74250690e-01  9.50123030e-01  4.43501342e-01  6.85513677e-01
8.93923648e-01  3.83038936e-01  6.83416107e-01  9.52824970e-01  2.69643726e-01  7.09122402e-01
8.59110751e-01  5.14683018e-01  7.16162016e-01  9.45392647e-01  3.79250346e-01  7.30972379e-01
8.52450484e-01  4.84222571e-01  7.58555376e-01  9.39682256e-01  3.51425752e-01  7.74138774e-01
8.49757351e-01  6.74445382e-01  6.44198823e-01  9.53807903e-01  5.16004048e-01  6.44816161e-01
9.47488251e-01  3.97692552e-01  4.92016643e-01  9.79750396e-01  3.35773591e-01  5.20908287e-01
8.38749118e-01  5.70435935e-01  7.49108025e-01  9.39969455e-01  4.08043596e-01  7.58966848e-01
8.33155259e-01  5.75539611e-01  7.64790257e-01  9.37941117e-01  4.00252496e-01  7.73807016e-01
8.91985393e-01  4.60086090e-01  6.39975959e-01  9.58539721e-01  3.21038914e-01  6.60378851e-01
9.20391437e-01  3.84380726e-01  5.92668933e-01  9.65507592e-01  2.94275128e-01  6.22002442e-01
9.22014807e-01  4.45014258e-01  5.47791782e-01  9.71899959e-01  3.37481322e-01  5.70842505e-01
8.55994320e-01  5.41576585e-01  7.09284328e-01  9.46839584e-01  3.79401423e-01  7.21659017e-01
8.43754496e-01  5.08439963e-01  7.72362112e-01  9.37578897e-01  3.59523055e-01  7.85719159e-01
8.93435786e-01  3.51315481e-01  7.05669066e-01  9.50281177e-01  2.39880136e-01  7.32440889e-01
8.93423049e-01  4.80665401e-01  6.21732928e-01  9.59329939e-01  3.79394594e-01  6.41572643e-01
8.61957903e-01  3.96529089e-01  7.83205946e-01  9.38044908e-01  2.75009416e-01  8.02629456e-01
8.68513661e-01  5.92495975e-01  6.33713050e-01  9.57296587e-01  4.33907943e-01  6.41775691e-01
8.34009219e-01  5.26994050e-01  7.93409363e-01  9.34971049e-01  3.50774042e-01  8.04500781e-01
8.45031939e-01  5.18729699e-01  7.61343225e-01  9.38463532e-01  3.82149816e-01  7.74719465e-01
9.02899688e-01  4.02125044e-01  6.40544591e-01  9.58054765e-01  3.06512434e-01  6.66908532e-01
8.66688098e-01  6.95674827e-01  5.72924413e-01  9.63477250e-01  5.76448183e-01  5.68585910e-01
8.93220573e-01  4.50419677e-01  6.42057513e-01  9.58525827e-01  3.09483282e-01  6.63188617e-01
9.12330950e-01  4.05428809e-01  6.06374326e-01  9.62934380e-01  3.15481194e-01  6.33508982e-01
9.20157647e-01  3.78651431e-01  5.97182474e-01  9.65167496e-01  2.83220201e-01  6.26785908e-01
8.75737158e-01  5.76235119e-01  6.19741377e-01  9.59109367e-01  4.36286885e-01  6.29592131e-01
9.03119872e-01  5.34410508e-01  5.53913004e-01  9.68195082e-01  4.50146555e-01  5.68071992e-01
8.51357847e-01  6.22677964e-01  6.72373429e-01  9.49790470e-01  4.80814232e-01  6.78860999e-01
8.96236791e-01  5.84194040e-01  5.44964549e-01  9.69188071e-01  4.88335238e-01  5.52713897e-01
9.43160745e-01  3.82415725e-01  5.16628988e-01  9.75997991e-01  3.23995831e-01  5.47741295e-01
8.59104739e-01  6.43049294e-01  6.32841397e-01  9.55562121e-01  5.03164955e-01  6.36591048e-01
9.00234642e-01  5.61821509e-01  5.45914452e-01  9.70699215e-01  4.35925148e-01  5.55363981e-01
8.82346813e-01  4.06239041e-01  7.07665473e-01  9.49265040e-01  2.76719166e-01  7.30282855e-01
8.68005808e-01  5.97103801e-01  6.32445834e-01  9.56828152e-01  4.52365669e-01  6.40433565e-01
8.84081949e-01  6.60835896e-01  5.36479857e-01  9.70096685e-01  5.44307472e-01  5.33709886e-01
8.49633420e-01  6.58281123e-01  6.55114401e-01  9.53268714e-01  4.78737915e-01  6.57047424e-01
8.70682567e-01  6.21285800e-01  6.07656410e-01  9.59372467e-01  4.98720214e-01  6.13205780e-01
8.78164821e-01  5.47775487e-01  6.29974873e-01  9.58122900e-01  4.07715313e-01  6.42644242e-01
8.94598931e-01  5.26611844e-01  5.87910294e-01  9.64435422e-01  4.05753600e-01  6.02630545e-01
8.39230888e-01  6.33502910e-01  7.06525466e-01  9.44797766e-01  4.75428264e-01  7.12142278e-01
9.25901891e-01  4.93924068e-01  5.02839182e-01  9.76181365e-01  4.34375287e-01  5.20577873e-01
9.38514438e-01  4.12532931e-01  5.12853308e-01  9.77170249e-01  3.26413631e-01  5.39655638e-01
8.82823362e-01  6.58959133e-01  5.41971792e-01  9.67993440e-01  5.71456184e-01  5.40803826e-01
8.36510972e-01  5.15016182e-01  7.92690634e-01  9.35368455e-01  3.40126975e-01  8.04459392e-01
8.30671273e-01  5.81606334e-01  7.69286638e-01  9.37372997e-01  3.99147747e-01  7.77709944e-01
8.59546321e-01  6.13358864e-01  6.50618278e-01  9.53956799e-01  4.59270110e-01  6.57218989e-01
8.93081560e-01  5.59635552e-01  5.71622780e-01  9.66586757e-01  4.33450220e-01  5.82315426e-01
8.71780221e-01  5.14427139e-01  6.73306058e-01  9.52032234e-01  3.77428470e-01  6.88828253e-01
9.17212947e-01  3.95709638e-01  5.96107052e-01  9.65701025e-01  2.81950741e-01  6.23663821e-01
8.75717783e-01  5.71989086e-01  6.22563891e-01  9.58938346e-01  4.27542687e-01  6.32747451e-01
9.37871929e-01  4.10613091e-01  5.16578677e-01  9.74341830e-01  3.81054321e-01  5.45442838e-01
8.25707145e-01  5.88426395e-01  7.81716109e-01  9.35702895e-01  3.95290112e-01  7.89327000e-01
8.58916794e-01  6.56139799e-01  6.24980813e-01  9.56830011e-01  5.09497746e-01  6.26970396e-01
8.87802962e-01  5.90059952e-01  5.69794406e-01  9.65698904e-01  4.77991460e-01  5.77521482e-01
8.86591049e-01  4.76181464e-01  6.47843706e-01  9.57031729e-01  3.35178124e-01  6.66719092e-01
9.06969966e-01  4.15762187e-01  6.17869654e-01  9.61374603e-01  3.15297883e-01  6.43553365e-01
9.03008853e-01  5.65344923e-01  5.34206472e-01  9.70132745e-01  4.97378559e-01  5.44527591e-01
9.16227282e-01  4.51225627e-01  5.63411255e-01  9.68765746e-01  3.56983895e-01  5.86347157e-01
8.64681374e-01  4.44931813e-01  7.42531904e-01  9.43690388e-01  2.98997263e-01  7.60782453e-01
8.65454020e-01  6.84449920e-01  5.84402411e-01  9.61511725e-01  5.71634111e-01  5.82322124e-01
8.78740284e-01  5.71876218e-01  6.12373348e-01  9.58677186e-01  4.73202415e-01  6.23671826e-01
8.62650541e-01  4.48603191e-01  7.47044342e-01  9.42494729e-01  3.13118060e-01  7.65124406e-01
8.53214054e-01  5.83374168e-01  6.91588304e-01  9.48430140e-01  4.23874229e-01  7.00989529e-01
8.67433125e-01  4.50816465e-01  7.29367110e-01  9.45976124e-01  2.93144797e-01  7.47504151e-01
8.59150403e-01  5.13668330e-01  7.16686168e-01  9.45385119e-01  3.77096309e-01  7.31527806e-01
9.21757174e-01  4.84692575e-01  5.22906189e-01  9.73134556e-01  4.24326720e-01  5.42479538e-01
9.10703779e-01  4.38870016e-01  5.90188779e-01  9.65771288e-01  3.22372909e-01  6.13696261e-01
8.70725875e-01  4.30807269e-01  7.31176345e-01  9.45129593e-01  3.00710645e-01  7.51150809e-01
8.88212428e-01  4.76426725e-01  6.42178608e-01  9.57246972e-01  3.51336003e-01  6.61534718e-01
9.27448407e-01  3.79244623e-01  5.72040609e-01  9.68557146e-01  2.94490315e-01  6.02398208e-01
8.24265604e-01  5.25676422e-01  8.27650575e-01  9.30004117e-01  3.47499721e-01  8.37636351e-01
8.77557899e-01  6.45206888e-01  5.68779657e-01  9.63889702e-01  5.55257023e-01  5.70930551e-01
8.62276817e-01  7.22477430e-01  5.70502531e-01  9.63890337e-01  5.91357940e-01  5.62426877e-01
8.77527283e-01  3.73175083e-01  7.45498491e-01  9.44937056e-01  2.34386531e-01  7.68001026e-01
8.52645751e-01  4.48759122e-01  7.80917795e-01  9.38276281e-01  2.92516513e-01  7.97023888e-01
8.57285051e-01  4.61287209e-01  7.57029534e-01  9.41449465e-01  3.06013803e-01  7.73499349e-01
8.34472005e-01  5.51261934e-01  7.76081353e-01  9.36649146e-01  3.81752872e-01  7.86446867e-01
8.84693576e-01  5.48247547e-01  6.07498975e-01  9.61830114e-01  4.04103847e-01  6.19724041e-01
8.42014357e-01  5.25892523e-01  7.66940060e-01  9.38071362e-01  3.73072794e-01  7.79371218e-01
8.84856211e-01  3.54215154e-01  7.32920516e-01  9.46166244e-01  2.43701909e-01  7.57926163e-01
8.86892532e-01  7.88529659e-01  4.44331343e-01  9.74238137e-01  9.15810366e-01  4.20205798e-01
7.99516351e-01  6.43974082e-01  8.34887633e-01  9.23777666e-01  5.06343367e-01  8.40161757e-01
9.08419551e-01  4.93716742e-01  5.62336973e-01  9.68466434e-01  3.89860523e-01  5.80525844e-01
9.38015586e-01  4.25900672e-01  5.05868401e-01  9.76632241e-01  3.73300653e-01  5.32066256e-01
8.93787309e-01  7.06197471e-01  4.74372028e-01  9.79001282e-01  6.18074543e-01  4.59763255e-01
9.21355486e-01  4.22253281e-01  5.64807578e-01  9.69596081e-01  3.17226118e-01  5.90383688e-01
8.67974482e-01  3.83123609e-01  7.71478793e-01  9.41043102e-01  2.39364610e-01  7.91797226e-01
8.57190958e-01  6.54195611e-01  6.32103429e-01  9.55676956e-01  5.08564606e-01  6.34583433e-01
8.51296338e-01  5.25629788e-01  7.35590829e-01  9.42544940e-01  3.80254514e-01  7.48995531e-01
8.72715425e-01  3.55319837e-01  7.73430919e-01  9.40362350e-01  2.41273229e-01  7.95712888e-01
9.25109361e-01  4.66689059e-01  5.23212039e-01  9.74856352e-01  3.71931901e-01  5.43775336e-01
8.80684275e-01  4.62670143e-01  6.76673164e-01  9.52060866e-01  3.43573431e-01  6.96615598e-01
9.07033013e-01  4.02783032e-01  6.26082131e-01  9.60638919e-01  2.97138571e-01  6.52546005e-01
8.42276739e-01  6.32700155e-01  6.96703735e-01  9.46409596e-01  4.73550608e-01  7.02249297e-01
8.51098549e-01  5.81067568e-01  7.00269803e-01  9.47861487e-01  4.03646284e-01  7.09398263e-01
8.67046920e-01  6.83572208e-01  5.79563425e-01  9.62838640e-01  5.58525524e-01  5.76900332e-01
8.85486487e-01  3.91285770e-01  7.06712426e-01  9.49964832e-01  2.57706250e-01  7.30272250e-01
9.10044137e-01  4.33508580e-01  5.95909351e-01  9.64362230e-01  3.32605054e-01  6.20322004e-01
9.14726065e-01  4.23158212e-01  5.86730972e-01  9.65761558e-01  3.28204292e-01  6.12385709e-01
8.76876216e-01  5.50002866e-01  6.32904371e-01  9.57272213e-01  4.18233327e-01  6.45622439e-01
9.26602961e-01  4.26601030e-01  5.44166491e-01  9.72350896e-01  3.30865174e-01  5.69508838e-01
8.87867150e-01  3.66983851e-01  7.14406216e-01  9.49142723e-01  2.41546601e-01  7.39348328e-01
9.08970668e-01  5.16188064e-01  5.45876527e-01  9.70091511e-01  4.25871218e-01  5.61627625e-01
8.73907159e-01  7.37290261e-01  5.21690272e-01  9.66700385e-01  7.34093412e-01  5.11319853e-01
9.14346168e-01  4.35803635e-01  5.79811322e-01  9.67228678e-01  3.24630498e-01  6.03820036e-01
8.81120539e-01  5.88527368e-01  5.93777937e-01  9.61269298e-01  4.92608096e-01  6.02998661e-01
8.66191582e-01  6.00594000e-01  6.36340440e-01  9.56303007e-01  4.51663241e-01  6.43966156e-01
8.66854702e-01  4.54928268e-01  7.28661524e-01  9.45522074e-01  3.08398940e-01  7.46824039e-01
8.91059548e-01  4.91696888e-01  6.22596821e-01  9.60090762e-01  3.62524901e-01  6.40666089e-01
9.20309908e-01  3.97871163e-01  5.84187490e-01  9.66993108e-01  2.95959534e-01  6.12080810e-01
8.86933739e-01  6.60800029e-01  5.26819338e-01  9.69943920e-01  5.86849989e-01  5.24673242e-01
9.06124807e-01  3.59799267e-01  6.57072683e-01  9.56799265e-01  2.59559209e-01  6.86013560e-01
8.91871297e-01  4.60131507e-01  6.40333509e-01  9.56990949e-01  3.57597912e-01  6.61702016e-01
8.41398314e-01  6.60748576e-01  6.81476550e-01  9.49087864e-01  4.78750174e-01  6.83852058e-01
9.02564264e-01  4.14379503e-01  6.33727497e-01  9.58601056e-01  3.23509773e-01  6.59403841e-01
8.37373429e-01  6.34209631e-01  7.12374214e-01  9.44206913e-01  4.67579935e-01  7.17778669e-01
8.37106828e-01  6.59484980e-01  6.96869727e-01  9.46755434e-01  4.75259284e-01  6.99629486e-01
8.85637333e-01  3.47122960e-01  7.34872491e-01  9.45639032e-01  2.47447002e-01  7.60424912e-01
8.75686619e-01  5.40458797e-01  6.43140139e-01  9.55521656e-01  4.17551833e-01  6.57007410e-01
8.82862512e-01  4.87212944e-01  6.53342260e-01  9.54786947e-01  3.74066720e-01  6.71956577e-01
9.34050702e-01  3.75801416e-01  5.51857113e-01  9.70965797e-01  3.09726108e-01  5.83366980e-01
9.05397755e-01  5.48172480e-01  5.37243455e-01  9.69690097e-01  4.86509532e-01  5.49924805e-01
9.33167481e-01  3.92920547e-01  5.43742141e-01  9.72594999e-01  3.09348885e-01  5.73009465e-01
8.91527581e-01  5.24521645e-01  5.99696470e-01  9.62383049e-01  4.09273654e-01  6.14961477e-01
8.51697659e-01  4.66618452e-01  7.72541673e-01  9.38474144e-01  3.23940083e-01  7.88356634e-01
8.76886304e-01  5.19879434e-01  6.52427230e-01  9.54223231e-01  4.05072115e-01  6.68271128e-01
9.17478497e-01  4.07030777e-01  5.87855133e-01  9.65869380e-01  3.13833680e-01  6.15077794e-01
8.62264096e-01  5.74498493e-01  6.66618872e-01  9.50739200e-01  4.59357391e-01  6.77829620e-01
9.30884331e-01  4.45254448e-01  5.17518365e-01  9.75406669e-01  3.68809467e-01  5.40981901e-01
9.03029975e-01  4.27359781e-01  6.23719054e-01  9.60657162e-01  3.16063395e-01  6.47973331e-01
8.49721598e-01  5.13121768e-01  7.49059525e-01  9.41608565e-01  3.48499969e-01  7.62476034e-01
8.19991239e-01  6.52836234e-01  7.59307541e-01  9.38004069e-01  4.45488451e-01  7.62752777e-01
9.06583246e-01  4.28337582e-01  6.11018328e-01  9.61550304e-01  3.42122114e-01  6.36111239e-01
8.60320970e-01  5.38399088e-01  6.96654603e-01  9.47223065e-01  4.16668756e-01  7.10425793e-01
8.56334686e-01  1.99963677e-01  9.30227529e-01  9.21274645e-01  1.30532210e-01  9.44695924e-01
8.92806663e-01  6.13650305e-01  5.37488195e-01  9.70248952e-01  5.09130522e-01  5.41015601e-01
8.66600576e-01  5.41348993e-01  6.73415721e-01  9.51149710e-01  4.09586240e-01  6.86915676e-01
8.81850873e-01  5.86060320e-01  5.92602176e-01  9.61935416e-01  4.77794188e-01  6.01699148e-01
8.55418502e-01  6.28286681e-01  6.54943224e-01  9.52463151e-01  4.85605140e-01  6.60595844e-01
9.60264253e-01  2.87709594e-01  5.20335417e-01  9.76564795e-01  2.49405942e-01  5.62184616e-01
8.90285981e-01  5.46140547e-01  5.89876809e-01  9.63434230e-01  4.32104445e-01  6.02846066e-01
8.60121579e-01  5.92775276e-01  6.62028729e-01  9.53064411e-01  4.27864243e-01  6.70335215e-01
8.76988215e-01  5.13687549e-01  6.56101590e-01  9.55238361e-01  3.63665099e-01  6.71511088e-01
8.49036130e-01  5.86384798e-01  7.03820989e-01  9.47013082e-01  4.12972073e-01  7.12642549e-01
9.26936920e-01  4.74935321e-01  5.11652815e-01  9.77027493e-01  3.69096842e-01  5.30521664e-01
8.31863893e-01  6.08850685e-01  7.47547915e-01  9.39715458e-01  4.33436160e-01  7.54616940e-01
9.37366007e-01  4.26758196e-01  5.07517372e-01  9.76385582e-01  3.73384603e-01  5.33628045e-01
9.14494782e-01  4.19666002e-01  5.89783664e-01  9.65809479e-01  3.13965327e-01  6.15430876e-01
9.48995859e-01  3.94594055e-01  4.88909036e-01  9.79994104e-01  3.40043563e-01  5.18340344e-01
9.42359777e-01  3.86742648e-01  5.16539622e-01  9.76038630e-01  3.25666483e-01  5.47087387e-01
8.37527219e-01  6.38013133e-01  7.09382798e-01  9.45310073e-01  4.53491694e-01  7.14022174e-01
8.52161613e-01  5.05457044e-01  7.46047133e-01  9.40735945e-01  3.81035910e-01  7.60927110e-01
9.09976034e-01  4.16796813e-01  6.06990401e-01  9.63013879e-01  3.16337161e-01  6.32797703e-01
8.73511053e-01  5.01332964e-01  6.75930015e-01  9.52113805e-01  3.60273827e-01  6.92344154e-01
8.73509098e-01  4.31128578e-01  7.21516742e-01  9.47028264e-01  2.89521591e-01  7.41610864e-01
8.75689233e-01  4.23410458e-01  7.19124298e-01  9.46898696e-01  2.98929711e-01  7.40226573e-01
8.74639700e-01  6.64311342e-01  5.66285975e-01  9.66085822e-01  5.22880306e-01  5.64471965e-01
8.88463062e-01  6.00694225e-01  5.60649032e-01  9.67863466e-01  4.67497933e-01  5.66113073e-01
8.64080465e-01  3.84195477e-01  7.84006143e-01  9.38884549e-01  2.47705345e-01  8.03674241e-01
8.75492408e-01  5.39256923e-01  6.44579815e-01  9.54909861e-01  4.26479682e-01  6.58828233e-01
9.03499526e-01  5.28896393e-01  5.56203810e-01  9.68259653e-01  4.36794278e-01  5.70801625e-01
9.22735006e-01  3.99964752e-01  5.74593345e-01  9.67307682e-01  3.25128136e-01  6.03196308e-01
9.02086861e-01  4.18667369e-01  6.32565123e-01  9.60101002e-01  2.92963341e-01  6.56978129e-01
9.15521098e-01  4.86407631e-01  5.42968167e-01  9.71649188e-01  3.83683402e-01  5.61572619e-01
8.87258746e-01  5.85674145e-01  5.74489771e-01  9.65094428e-01  4.71886816e-01  5.82834613e-01
8.42547627e-01  5.98477000e-01  7.18003083e-01  9.43356033e-01  4.53260951e-01  7.26605847e-01
8.56945592e-01  6.10392300e-01  6.61375648e-01  9.52514581e-01  4.51475247e-01  6.68301684e-01
9.17735793e-01  4.80929408e-01  5.39004540e-01  9.72343194e-01  3.79300013e-01  5.58154731e-01
8.96549515e-01  3.56235431e-01  6.91901275e-01  9.51699767e-01  2.56665074e-01  7.19392962e-01
8.66569244e-01  4.66384081e-01  7.22193128e-01  9.46156667e-01  3.20697375e-01  7.39859412e-01
8.79694435e-01  4.70320836e-01  6.75067391e-01  9.52720088e-01  3.36365697e-01  6.94085670e-01
8.50854497e-01  5.18684880e-01  7.41600186e-01  9.41644985e-01  3.77528191e-01  7.55407975e-01
8.68185347e-01  4.84943032e-01  7.04655746e-01  9.48091249e-01  3.45067096e-01  7.21717126e-01
9.14232442e-01  4.00489963e-01  6.03124104e-01  9.64002262e-01  2.99350227e-01  6.30459662e-01
8.52524857e-01  4.87351140e-01  7.56271503e-01  9.39767870e-01  3.58818315e-01  7.71849269e-01
8.87404736e-01  5.15180954e-01  6.19760549e-01  9.59627843e-01  3.95229511e-01  6.35934290e-01
9.07563961e-01  5.58518408e-01  5.23171197e-01  9.72720258e-01  4.74871570e-01  5.33235729e-01
9.39523038e-01  3.29105661e-01  5.63888859e-01  9.70067981e-01  2.66321896e-01  5.99859024e-01
8.78108003e-01  3.54369014e-01  7.55736204e-01  9.43222067e-01  2.34024676e-01  7.79082833e-01
8.60300814e-01  5.21506093e-01  7.07690830e-01  9.46065322e-01  3.97084464e-01  7.22460244e-01
8.56154962e-01  5.24944428e-01  7.19537009e-01  9.44903123e-01  3.82300659e-01  7.33393037e-01
9.05282694e-01  4.13444840e-01  6.25103722e-01  9.61035336e-01  2.95656000e-01  6.50353243e-01
8.95440095e-01  5.24361871e-01  5.86514541e-01  9.63598772e-01  4.30268833e-01  6.02223213e-01
8.94065191e-01  5.86392201e-01  5.50911555e-01  9.69399880e-01  4.61063055e-01  5.57776745e-01
8.82565817e-01  6.77591276e-01  5.30749728e-01  9.68741548e-01  6.09790490e-01  5.26981641e-01
9.06750739e-01  4.19406654e-01  6.16248071e-01  9.61993502e-01  3.07840805e-01  6.41340711e-01
8.99059341e-01  3.47385629e-01  6.89124217e-01  9.52028898e-01  2.55494129e-01  7.17558261e-01
8.32136850e-01  5.44523828e-01  7.88385939e-01  9.34870499e-01  3.77375878e-01  7.98882221e-01
9.45524875e-01  4.04740206e-01  4.94107969e-01  9.79519581e-01  3.37289313e-01  5.22031394e-01
8.72504373e-01  4.41994791e-01  7.17873709e-01  9.47510042e-01  2.94836214e-01  7.37270388e-01
8.93602660e-01  5.30092241e-01  5.89033683e-01  9.64166852e-01  4.09659626e-01  6.03432959e-01
8.37540941e-01  5.45606773e-01  7.69331156e-01  9.37001675e-01  3.96804419e-01  7.80642618e-01
8.36767242e-01  5.43406530e-01  7.73387613e-01  9.37869132e-01  3.59191693e-01  7.83936162e-01
8.36304060e-01  5.64918861e-01  7.60992765e-01  9.37746426e-01  4.16108707e-01  7.71322126e-01
8.60891695e-01  6.22183200e-01  6.40320314e-01  9.53912956e-01  5.04386336e-01  6.46877871e-01
8.85349875e-01  4.69963774e-01  6.56095206e-01  9.56206020e-01  3.21800213e-01  6.75163245e-01
8.38835192e-01  6.84951031e-01  6.74466977e-01  9.50057607e-01  4.92978604e-01  6.74284098e-01
8.59250229e-01  6.87154717e-01  6.03712663e-01  9.60114283e-01  5.29723435e-01  6.01149877e-01
8.84500427e-01  6.01994139e-01  5.73260542e-01  9.64791972e-01  4.92594035e-01  5.79898632e-01
8.90764414e-01  5.04479256e-01  6.15300145e-01  9.60570420e-01  3.84349592e-01  6.32452111e-01
8.90673187e-01  3.95051644e-01  6.86654430e-01  9.51642074e-01  2.91323743e-01  7.11602728e-01
8.88068681e-01  5.28881287e-01  6.08611260e-01  9.60916441e-01  4.12827926e-01  6.23528467e-01
8.62013140e-01  5.80812816e-01  6.63669343e-01  9.51974507e-01  4.45159898e-01  6.73767740e-01
8.82129371e-01  6.70018940e-01  5.37148020e-01  9.68774742e-01  5.78655856e-01  5.34099109e-01
8.71364671e-01  6.21526834e-01  6.05183633e-01  9.59301148e-01  5.10252813e-01  6.10947837e-01
8.97431439e-01  5.01540739e-01  5.94568862e-01  9.62918702e-01  4.04827829e-01  6.12573635e-01
8.55647895e-01  5.76386546e-01  6.87860217e-01  9.48820168e-01  4.25795941e-01  6.98036221e-01
8.72240152e-01  4.45120959e-01  7.16740832e-01  9.46359068e-01  3.28581703e-01  7.36705296e-01
9.24748956e-01  4.76663644e-01  5.17960128e-01  9.75723559e-01  3.76906476e-01  5.37043671e-01
