6.70247711e-01  9.16608593e-01  7.14682676e-01
5.57883349e-01  2.56525141e-01  6.90029122e-01
9.40604256e-01  6.07140721e-01  2.65960995e-01
9.28996294e-01  4.22408353e-01  4.52740521e-01
5.37240546e-01  5.69440546e-01  8.26537297e-01
6.03224084e-01  2.74485237e-01  6.57150645e-01
8.35269209e-01  9.26837466e-01  2.93047289e-01
7.47388477e-01  6.51008698e-01  7.91719939e-01
6.71218558e-01  3.01294906e-01  2.83382901e-01
4.36220256e-01  4.16779237e-01  9.32575230e-01
4.34533502e-01  4.06821420e-01  3.92079194e-01
4.83514782e-01  8.11873961e-01  9.48730520e-01
6.58413797e-01  5.49451437e-01  3.13475490e-01
8.15288755e-01  4.59630887e-01  2.91550905e-01
3.05860062e-01  2.64411505e-01  7.29466957e-01
4.99720303e-01  3.41455318e-01  9.47037837e-01
5.63597093e-01  2.81717207e-01  4.71582182e-01
6.96174592e-01  9.73169195e-01  4.91583297e-01
8.16639786e-01  5.81000559e-01  8.62283410e-01
2.85534312e-01  2.57349235e-01  6.30178605e-01
9.89685593e-01  6.84054305e-01  8.88179253e-01
4.56702950e-01  3.04521739e-01  3.03224197e-01
5.55734521e-01  2.60534086e-01  7.95755302e-01
4.03182585e-01  4.23782398e-01  3.90711857e-01
5.50040078e-01  7.97874645e-01  2.85402216e-01
4.48595586e-01  8.76766011e-01  6.03848432e-01
9.93561923e-01  2.83604892e-01  8.05435981e-01
7.49792659e-01  6.62531334e-01  3.86377980e-01
9.74671141e-01  4.26141035e-01  5.27131249e-01
9.85451864e-01  7.53002563e-01  2.97816110e-01
7.42543526e-01  6.15134211e-01  9.86551318e-01
4.80610432e-01  3.20720175e-01  4.59363159e-01
9.33222937e-01  5.26907590e-01  7.58779806e-01
8.48194866e-01  5.44932156e-01  6.00008834e-01
7.31434211e-01  9.17555893e-01  9.27907494e-01
6.15461984e-01  9.64217726e-01  5.50356210e-01
4.20068575e-01  4.05429120e-01  8.60298545e-01
9.66443247e-01  4.22846087e-01  3.67978817e-01
9.86146322e-01  7.12674977e-01  5.68624714e-01
5.55805257e-01  3.29753480e-01  4.78292262e-01
3.84836741e-01  7.22810323e-01  9.81484723e-01
4.20520271e-01  6.73701997e-01  3.49646627e-01
5.29833465e-01  6.61729479e-01  9.52932420e-01
5.25149073e-01  9.06879978e-01  5.36439249e-01
8.79134623e-01  5.74248401e-01  8.07120038e-01
5.11271502e-01  4.39614037e-01  3.09849481e-01
4.72392125e-01  3.29688811e-01  7.55728168e-01
8.65652847e-01  3.75811348e-01  6.91736026e-01
2.51048248e-01  7.12236433e-01  4.08999926e-01
3.61930459e-01  6.15129462e-01  6.12227889e-01
3.91687698e-01  8.81316194e-01  6.74387364e-01
6.53783711e-01  9.88436166e-01  3.67083258e-01
6.50500075e-01  6.16814216e-01  7.06091174e-01
9.12892677e-01  9.86252080e-01  5.90561405e-01
3.22889097e-01  5.35715471e-01  7.24830876e-01
4.28639985e-01  4.54680999e-01  6.90037102e-01
6.73288346e-01  4.29777428e-01  6.99293344e-01
6.39289420e-01  8.57884476e-01  2.74517265e-01
4.99099983e-01  2.80192196e-01  4.16697854e-01
4.54029308e-01  6.55100017e-01  4.90652193e-01
8.29207242e-01  2.92282156e-01  7.81247506e-01
6.68666175e-01  9.71258875e-01  8.10942648e-01
3.34397618e-01  7.49008283e-01  3.00416386e-01
4.91033153e-01  4.31671085e-01  8.87214968e-01
5.68199800e-01  7.73623765e-01  6.44706554e-01
9.17583177e-01  9.55754762e-01  6.75890251e-01
4.49164497e-01  3.00360964e-01  2.82376759e-01
4.91425793e-01  5.91713278e-01  8.44469802e-01
9.26059281e-01  9.74950634e-01  4.06426530e-01
8.06051357e-01  7.18772511e-01  7.99905498e-01
6.47445617e-01  9.21999414e-01  3.54741211e-01
9.50770779e-01  9.98464984e-01  5.58424648e-01
6.65052470e-01  6.00001850e-01  5.38126181e-01
6.26076901e-01  2.55131776e-01  4.26069163e-01
5.05804604e-01  4.78115276e-01  4.01991182e-01
4.26742580e-01  5.12517327e-01  9.85335316e-01
3.91159837e-01  4.90248139e-01  6.43489513e-01
3.19341503e-01  5.99112403e-01  7.72495805e-01
7.92370695e-01  7.79196863e-01  8.29373683e-01
8.71990298e-01  5.70090557e-01  3.87581969e-01
4.93162117e-01  9.30671438e-01  4.50872670e-01
7.45672940e-01  3.56661539e-01  9.70950146e-01
8.63822196e-01  3.08167998e-01  9.18338767e-01
7.08242473e-01  5.68782243e-01  9.90281004e-01
5.80386989e-01  9.83030844e-01  9.72966818e-01
4.75397683e-01  6.88118102e-01  8.92214553e-01
9.66424071e-01  4.90273381e-01  7.83053436e-01
9.08251999e-01  4.57163499e-01  8.60267506e-01
3.55554000e-01  9.45750808e-01  7.98938289e-01
4.07587109e-01  9.76821283e-01  2.99960502e-01
9.20955667e-01  4.06331155e-01  2.52335234e-01
4.88137488e-01  6.50436382e-01  8.40137722e-01
9.90364684e-01  6.61307516e-01  5.09425175e-01
5.68102955e-01  4.16587265e-01  8.51628453e-01
8.56401568e-01  3.23853505e-01  4.66425750e-01
4.23631232e-01  5.00289597e-01  8.27703810e-01
2.75327727e-01  6.96691114e-01  5.88388898e-01
8.78837231e-01  4.92576414e-01  8.96394532e-01
3.29564739e-01  9.57751526e-01  4.90490607e-01
7.17988696e-01  8.70919286e-01  6.74925598e-01
2.76507612e-01  7.54998377e-01  2.64411532e-01
6.42575446e-01  2.84851572e-01  9.09159644e-01
8.99685462e-01  7.09824329e-01  6.83408309e-01
3.68302815e-01  4.07668749e-01  6.00946985e-01
8.62977298e-01  7.69878478e-01  8.47472062e-01
9.19140648e-01  3.84684649e-01  8.61890292e-01
6.31444874e-01  5.70297299e-01  9.44462625e-01
7.87802280e-01  6.76000454e-01  5.91372560e-01
8.11209137e-01  7.53289867e-01  7.51256795e-01
2.63183572e-01  6.29480152e-01  3.62704160e-01
5.96684770e-01  2.64850299e-01  8.26378687e-01
7.59120959e-01  3.20983695e-01  3.20775092e-01
6.51525471e-01  3.19818436e-01  5.46447953e-01
7.79840844e-01  7.94862172e-01  3.59190367e-01
7.74833579e-01  3.84378312e-01  4.01074391e-01
3.68939700e-01  5.93925453e-01  7.97696461e-01
7.78061523e-01  7.10099695e-01  6.74924411e-01
9.81573152e-01  9.24786156e-01  9.62699249e-01
3.15616264e-01  5.49399699e-01  9.71134186e-01
8.11208221e-01  3.34927636e-01  3.60082081e-01
6.05543923e-01  9.76598401e-01  4.97190042e-01
8.32309018e-01  8.80655962e-01  4.57872166e-01
7.19744520e-01  4.16589978e-01  8.88051809e-01
4.05370339e-01  4.65545581e-01  4.76858958e-01
4.60849370e-01  8.13265433e-01  9.06958441e-01
3.05337396e-01  9.98989223e-01  8.15068541e-01
3.61383703e-01  7.80342838e-01  8.50423777e-01
8.60632543e-01  7.52177976e-01  2.98854899e-01
9.03711922e-01  5.22836620e-01  9.78281012e-01
7.50063531e-01  5.57323287e-01  2.51095731e-01
4.57246990e-01  7.61559079e-01  3.61513903e-01
9.74812325e-01  5.30299149e-01  2.57759355e-01
5.09157427e-01  3.16968419e-01  7.95051198e-01
3.84757646e-01  7.58606838e-01  4.14454395e-01
5.43026545e-01  7.03746428e-01  4.92620575e-01
5.27110630e-01  6.58528854e-01  4.84756954e-01
7.01134814e-01  5.06363223e-01  4.65924649e-01
4.69242477e-01  9.18561439e-01  3.69707739e-01
6.96549605e-01  9.88838200e-01  8.31971048e-01
8.17833182e-01  6.07204684e-01  4.23036060e-01
5.40420931e-01  9.15997909e-01  9.68370801e-01
3.54687580e-01  7.69308755e-01  3.55539149e-01
4.71794908e-01  8.12594056e-01  5.29528304e-01
5.02339259e-01  6.45378712e-01  3.66743816e-01
8.38509426e-01  8.29848812e-01  4.23711814e-01
7.60358699e-01  3.06772821e-01  3.47725928e-01
6.89523847e-01  6.81702632e-01  5.43775417e-01
2.50320127e-01  6.68835051e-01  6.06283315e-01
4.01117871e-01  3.75567920e-01  3.71193871e-01
2.64042619e-01  6.39064893e-01  8.13330165e-01
4.13540453e-01  2.63741414e-01  9.34044218e-01
7.06362912e-01  4.12335880e-01  9.43040765e-01
2.95133452e-01  9.86068327e-01  5.91726385e-01
3.26588857e-01  6.40518934e-01  6.18675306e-01
4.71501922e-01  6.13726049e-01  6.39052505e-01
3.80735558e-01  9.34912111e-01  8.02650266e-01
5.92846754e-01  9.90384357e-01  2.91510569e-01
6.78584724e-01  4.31839988e-01  9.56097543e-01
5.51664047e-01  6.80714185e-01  7.20822814e-01
7.06905331e-01  4.08358716e-01  8.64477025e-01
7.45421766e-01  3.64902497e-01  3.43911633e-01
8.05902853e-01  6.68816317e-01  9.36848473e-01
6.51127502e-01  9.56932060e-01  9.33221575e-01
4.84273458e-01  9.73178662e-01  6.88346262e-01
5.67547694e-01  3.68145513e-01  5.56685291e-01
2.60514939e-01  6.72662705e-01  5.34414293e-01
8.72938127e-01  5.28590176e-01  9.95068491e-01
5.76551604e-01  6.08884935e-01  4.28916679e-01
9.63038176e-01  8.55871984e-01  7.21519543e-01
2.61072438e-01  4.59143881e-01  5.51162890e-01
8.92848778e-01  9.59978032e-01  9.16512883e-01
7.37014686e-01  4.18998041e-01  4.56932128e-01
8.93468703e-01  9.37324553e-01  6.33985582e-01
7.97409989e-01  6.82569544e-01  3.42319547e-01
8.93836298e-01  3.94718756e-01  4.40957084e-01
9.92996832e-01  9.52345136e-01  6.40752044e-01
5.63753394e-01  8.17956624e-01  5.92102229e-01
3.36124104e-01  3.16639005e-01  4.68954244e-01
3.26046522e-01  6.33818954e-01  6.52308921e-01
5.15914959e-01  9.45377177e-01  6.94876502e-01
4.60864333e-01  8.65070898e-01  6.67277560e-01
2.70421007e-01  2.57740000e-01  6.22331096e-01
6.19127910e-01  9.99568998e-01  5.39380143e-01
7.17523523e-01  4.13837735e-01  4.77304461e-01
2.91684223e-01  4.58305351e-01  8.52407494e-01
9.02562126e-01  4.33263321e-01  7.53272496e-01
2.74890294e-01  6.49942786e-01  8.93720466e-01
5.38772141e-01  8.90079940e-01  5.13554261e-01
2.75876388e-01  7.52421542e-01  9.85276177e-01
3.05803900e-01  5.11004269e-01  4.99487360e-01
7.69344653e-01  9.41965439e-01  4.69931421e-01
8.67505685e-01  4.69461826e-01  4.85429777e-01
3.08353491e-01  5.33204664e-01  8.86721449e-01
5.23593334e-01  8.45724163e-01  6.04548744e-01
6.02954151e-01  8.81540447e-01  9.86428586e-01
3.26383535e-01  2.97066589e-01  3.30614616e-01
6.97560415e-01  9.63391139e-01  3.72660536e-01
2.87989840e-01  7.11915704e-01  3.72080214e-01
8.82445443e-01  4.79583807e-01  8.19251883e-01
9.32683594e-01  5.86349201e-01  3.85877498e-01
8.49987952e-01  9.22033655e-01  9.39809052e-01
2.86641196e-01  9.41432087e-01  8.15460994e-01
7.85711490e-01  8.93553485e-01  6.54906365e-01
5.99637413e-01  7.02577220e-01  2.58098018e-01
2.87279581e-01  7.04640803e-01  2.67087093e-01
3.92520961e-01  2.97998259e-01  5.72177483e-01
4.46946363e-01  9.51177616e-01  5.00326109e-01
5.12036197e-01  6.82990228e-01  4.63206199e-01
9.50899451e-01  2.76515359e-01  5.05093222e-01
4.25726085e-01  3.54699116e-01  7.18991948e-01
2.80752173e-01  2.93630108e-01  2.89512023e-01
6.20243279e-01  7.71855978e-01  7.60323525e-01
3.07230527e-01  3.22682249e-01  9.25191124e-01
2.55779170e-01  8.80133536e-01  7.11879090e-01
8.44291409e-01  5.08635298e-01  5.22745113e-01
6.64504572e-01  9.56033187e-01  4.11683748e-01
7.84903116e-01  7.97430909e-01  4.16068470e-01
7.15672021e-01  8.72196894e-01  5.63735258e-01
8.06333559e-01  5.92847878e-01  8.76479930e-01
5.09446495e-01  5.33391742e-01  3.83207777e-01
5.51107639e-01  5.02930598e-01  8.80871711e-01
2.84424476e-01  3.43047966e-01  6.87476790e-01
6.38264211e-01  7.56228344e-01  5.18114064e-01
2.50886759e-01  9.82523209e-01  9.29277023e-01
8.98938217e-01  7.19164569e-01  4.68969090e-01
5.01176072e-01  2.69028918e-01  4.97235424e-01
4.29662909e-01  7.74767665e-01  6.33886909e-01
4.23961286e-01  7.29972827e-01  9.30698110e-01
4.32117910e-01  7.34531794e-01  6.23813744e-01
6.11936972e-01  3.23771728e-01  3.06454134e-01
3.63475648e-01  6.77367817e-01  5.50984253e-01
6.14872059e-01  5.73374044e-01  3.41394687e-01
4.57766526e-01  7.82799794e-01  6.77092646e-01
6.83824940e-01  5.97191601e-01  3.80554992e-01
3.18398891e-01  2.52768803e-01  4.92797695e-01
7.72885617e-01  4.49878887e-01  9.02105719e-01
5.15729692e-01  7.38637928e-01  6.54728511e-01
5.13872690e-01  8.59401820e-01  8.59325599e-01
2.66884187e-01  9.89389124e-01  7.68684295e-01
3.01627691e-01  4.94881219e-01  8.59319799e-01
6.87422353e-01  3.88707885e-01  3.66053145e-01
3.00772624e-01  8.93782911e-01  7.01317802e-01
7.95646796e-01  9.45037813e-01  3.40161893e-01
8.63777034e-01  9.26303590e-01  3.09708222e-01
7.75831628e-01  5.08961180e-01  8.93616209e-01
7.11786805e-01  9.88462868e-01  5.37195206e-01
8.54072595e-01  4.11348661e-01  5.90233987e-01
3.87911652e-01  3.54035376e-01  5.13385184e-01
7.92728703e-01  4.42334774e-01  4.53205279e-01
9.73795028e-01  3.74827931e-01  8.43817022e-01
