9.01073882e-01  4.79936795e-01  5.96226563e-01  9.63906419e-01  3.64239524e-01  6.15796590e-01
8.87057710e-01  4.74788726e-01  6.47163227e-01  9.56935555e-01  3.39506335e-01  6.66316716e-01
8.94828663e-01  5.05277201e-01  6.00981360e-01  9.62938044e-01  3.81689898e-01  6.17897219e-01
8.99399917e-01  4.70930524e-01  6.07757975e-01  9.62580830e-01  3.48587087e-01  6.27981422e-01
8.92008231e-01  4.62526887e-01  6.38313637e-01  9.58327279e-01  3.33515335e-01  6.58803549e-01
8.87682416e-01  5.27281780e-01  6.10961491e-01  9.61267247e-01  3.94547022e-01  6.25583188e-01
8.83180778e-01  5.03069329e-01  6.41967198e-01  9.57114484e-01  3.66807962e-01  6.58741471e-01
8.91076170e-01  5.11607057e-01  6.09613941e-01  9.61390527e-01  3.89355378e-01  6.26015056e-01
8.94362960e-01  4.60687089e-01  6.31512165e-01  9.59205631e-01  3.36800351e-01  6.52398152e-01
8.99386070e-01  4.86529793e-01  5.97677416e-01  9.63690470e-01  3.67099320e-01  6.16507928e-01
8.91269895e-01  5.10344539e-01  6.09775860e-01  9.61710819e-01  3.80358366e-01  6.26079620e-01
8.95974439e-01  4.98587394e-01  6.01433928e-01  9.62913106e-01  3.77400355e-01  6.19067059e-01
9.01999079e-01  4.61990504e-01  6.04736216e-01  9.62904029e-01  3.48017560e-01  6.26043179e-01
8.98229421e-01  4.78537330e-01  6.06793996e-01  9.62650396e-01  3.54051440e-01  6.26248831e-01
8.92659270e-01  4.67344502e-01  6.32975098e-01  9.58849500e-01  3.42887985e-01  6.53248370e-01
8.89349657e-01  4.66004238e-01  6.45083704e-01  9.57342580e-01  3.33659280e-01  6.65083527e-01
8.90079034e-01  4.90812787e-01  6.26500277e-01  9.59387216e-01  3.64503382e-01  6.44711388e-01
7.91168005e-01  5.53464801e-01  9.22005874e-01  9.14630956e-01  3.82556771e-01  9.27957254e-01
8.91085613e-01  4.79928870e-01  6.30148547e-01  9.59236181e-01  3.49586215e-01  6.49191939e-01
8.92496939e-01  5.17605075e-01  6.00895439e-01  9.62826601e-01  3.90598680e-01  6.16514295e-01
8.91007616e-01  4.78046319e-01  6.31635633e-01  9.59096973e-01  3.46548858e-01  6.50799657e-01
8.85257376e-01  4.85974201e-01  6.46014532e-01  9.56812231e-01  3.51579590e-01  6.64264909e-01
9.26979500e-01  3.52677876e-01  5.91178147e-01  9.65555890e-01  2.86285739e-01  6.24089995e-01
8.93973363e-01  4.67416001e-01  6.28466466e-01  9.59569082e-01  3.42310165e-01  6.48770478e-01
8.87053341e-01  4.82623146e-01  6.42091561e-01  9.57196121e-01  3.55552789e-01  6.60867963e-01
8.92325276e-01  4.58861447e-01  6.39616774e-01  9.58121804e-01  3.32087361e-01  6.60457258e-01
8.88953387e-01  4.82111286e-01  6.35971989e-01  9.58325018e-01  3.50815946e-01  6.54744757e-01
8.92338772e-01  4.82928530e-01  6.23945702e-01  9.59928186e-01  3.57458160e-01  6.42901442e-01
8.87416575e-01  4.84627880e-01  6.39556592e-01  9.57553760e-01  3.57228258e-01  6.58180313e-01
8.87100332e-01  5.13143979e-01  6.22116808e-01  9.59847928e-01  3.79962993e-01  6.38117484e-01
8.92060582e-01  4.92357635e-01  6.18768677e-01  9.60703799e-01  3.62393375e-01  6.36766288e-01
8.89960326e-01  4.87047798e-01  6.29347753e-01  9.59099488e-01  3.59082731e-01  6.47832532e-01
9.01234656e-01  4.75129781e-01  5.98801508e-01  9.63661054e-01  3.58167106e-01  6.18799552e-01
8.83703111e-01  4.99371525e-01  6.42594230e-01  9.56928826e-01  3.67377395e-01  6.59797839e-01
8.86926749e-01  4.77038990e-01  6.46146880e-01  9.56714988e-01  3.49677263e-01  6.65336322e-01
8.92085460e-01  5.06246795e-01  6.09666864e-01  9.61746759e-01  3.77987951e-01  6.26407269e-01
8.67252971e-01  6.66622448e-01  5.90164987e-01  9.57673656e-01  6.33859011e-01  5.92797520e-01
8.89804295e-01  5.05108277e-01  6.18152040e-01  9.60280487e-01  3.80851539e-01  6.35134734e-01
9.00630149e-01  4.70678599e-01  6.03744092e-01  9.63169713e-01  3.49321498e-01  6.24032620e-01
8.95078394e-01  5.02231383e-01  6.02110817e-01  9.62875127e-01  3.77467696e-01  6.19294718e-01
9.03513977e-01  4.69239200e-01  5.94886065e-01  9.64191462e-01  3.57334517e-01  6.15594632e-01
8.35728184e-01  6.64731192e-01  6.98442818e-01  9.46673848e-01  4.75327309e-01  7.00652798e-01
8.94588466e-01  4.72032617e-01  6.23380503e-01  9.60224791e-01  3.47507115e-01  6.43342513e-01
8.97406276e-01  4.90840508e-01  6.01601426e-01  9.62953214e-01  3.72133117e-01  6.20050010e-01
9.07101730e-01  7.05669637e-01  4.29504329e-01  9.81287639e-01  7.52274721e-01  4.13507762e-01
8.88286756e-01  5.18387035e-01  6.14684107e-01  9.60756215e-01  3.88595231e-01  6.30261201e-01
8.97798653e-01  4.88360432e-01  6.01879177e-01  9.62855803e-01  3.72278375e-01  6.20640410e-01
8.84439439e-01  5.04724541e-01  6.36618528e-01  9.57775874e-01  3.71641014e-01  6.53362760e-01
8.82993349e-01  5.19968785e-01  6.31631898e-01  9.58417745e-01  3.81666260e-01  6.46886739e-01
8.92104304e-01  4.90042574e-01  6.20123200e-01  9.60414612e-01  3.63258177e-01  6.38416934e-01
8.81573449e-01  4.97598370e-01  6.50977172e-01  9.55965706e-01  3.58481004e-01  6.68067928e-01
8.90790495e-01  5.25038031e-01  6.01864210e-01  9.62556423e-01  3.97005087e-01  6.16738327e-01
8.92227805e-01  4.92792895e-01  6.17918195e-01  9.60557503e-01  3.69380381e-01  6.36059306e-01
8.98399961e-01  4.67910336e-01  6.13114278e-01  9.61805699e-01  3.45848949e-01  6.33596200e-01
8.95864120e-01  4.92834079e-01  6.05543760e-01  9.62344302e-01  3.72886350e-01  6.23776985e-01
8.87310527e-01  4.81535609e-01  6.41924364e-01  9.57439182e-01  3.49773825e-01  6.60670071e-01
8.95749439e-01  4.71745973e-01  6.19624315e-01  9.60731122e-01  3.49199842e-01  6.39697402e-01
9.00654421e-01  4.66683456e-01  6.06255409e-01  9.62695847e-01  3.49510373e-01  6.27026559e-01
8.91811759e-01  4.78025682e-01  6.28918403e-01  9.59417514e-01  3.48965461e-01  6.48175390e-01
8.91535264e-01  5.21724997e-01  6.01486173e-01  9.62698015e-01  3.93429740e-01  6.16672233e-01
8.94800706e-01  5.05179382e-01  6.01139746e-01  9.62677558e-01  3.87366487e-01  6.18230943e-01
8.87221616e-01  5.03511868e-01  6.27958494e-01  9.59200472e-01  3.69192790e-01  6.44804699e-01
8.87802535e-01  4.72501022e-01  6.46119203e-01  9.56780696e-01  3.46258567e-01  6.65719910e-01
8.93403083e-01  4.83481066e-01  6.19972965e-01  9.60658028e-01  3.54935423e-01  6.38815683e-01
8.98885624e-01  4.68388904e-01  6.11154388e-01  9.61905607e-01  3.51030203e-01  6.31735710e-01
8.91107478e-01  4.61686297e-01  6.41918048e-01  9.57807987e-01  3.32329279e-01  6.62412487e-01
9.01680279e-01  4.73792695e-01  5.98156409e-01  9.63765662e-01  3.57440572e-01  6.18299868e-01
8.84306120e-01  4.94568236e-01  6.43665058e-01  9.56773602e-01  3.65059893e-01  6.61338769e-01
8.84189305e-01  5.12527107e-01  6.32402198e-01  9.58301813e-01  3.78250727e-01  6.48434254e-01
8.85786409e-01  4.91075889e-01  6.40905832e-01  9.57261534e-01  3.62054839e-01  6.58917677e-01
8.92025041e-01  4.86253593e-01  6.22852267e-01  9.59982818e-01  3.61747301e-01  6.41541305e-01
8.94517097e-01  4.92239927e-01  6.10503555e-01  9.61726895e-01  3.68789177e-01  6.28700411e-01
9.26353501e-01  3.43726134e-01  5.99115959e-01  9.66446691e-01  2.31402010e-01  6.31300104e-01
8.92671541e-01  5.08586327e-01  6.06157835e-01  9.62253366e-01  3.80143366e-01  6.22651458e-01
8.97907034e-01  4.72361064e-01  6.11898535e-01  9.61940048e-01  3.49192651e-01  6.31947514e-01
8.82751678e-01  4.97829643e-01  6.46826090e-01  9.56482150e-01  3.61632882e-01  6.64014413e-01
8.87522372e-01  4.78120054e-01  6.43422485e-01  9.57178037e-01  3.49060466e-01  6.62512483e-01
8.93660461e-01  5.01672996e-01  6.07288138e-01  9.62059375e-01  3.77310241e-01  6.24562355e-01
8.93007311e-01  5.10201911e-01  6.03968714e-01  9.62236993e-01  3.89656283e-01  6.20516713e-01
8.97399502e-01  4.94076078e-01  5.99523842e-01  9.63434600e-01  3.69868411e-01  6.17496594e-01
8.86545267e-01  4.94362554e-01  6.36195205e-01  9.58054267e-01  3.61915902e-01  6.53867407e-01
8.86338745e-01  4.98748614e-01  6.34048895e-01  9.58289121e-01  3.66226137e-01  6.51346724e-01
8.84307168e-01  4.85569807e-01  6.49503703e-01  9.56350921e-01  3.49543262e-01  6.67702257e-01
8.96109313e-01  4.98988720e-01  6.00715411e-01  9.63102167e-01  3.75734077e-01  6.18247120e-01
8.95131276e-01  4.80530036e-01  6.16020517e-01  9.61300157e-01  3.52908553e-01  6.35175590e-01
8.91206757e-01  5.10674306e-01  6.09776103e-01  9.61450540e-01  3.86841716e-01  6.26222074e-01
8.88419031e-01  5.11832568e-01  6.18490348e-01  9.60368138e-01  3.80505841e-01  6.34654111e-01
8.92666979e-01  4.68825642e-01  6.31987345e-01  9.59097703e-01  3.41184518e-01  6.52057970e-01
8.94590297e-01  4.75862330e-01  6.20887874e-01  9.60414923e-01  3.53983267e-01  6.40598639e-01
9.02930031e-01  4.66672651e-01  5.98535249e-01  9.63813161e-01  3.51510008e-01  6.19391601e-01
8.89158728e-01  4.92756182e-01  6.28363668e-01  9.59293473e-01  3.60599130e-01  6.46231682e-01
8.99954866e-01  4.74477482e-01  6.03570736e-01  9.63035414e-01  3.55008120e-01  6.23554878e-01
8.90327037e-01  4.86581763e-01  6.28405050e-01  9.59084515e-01  3.62806100e-01  6.47051906e-01
8.90913711e-01  5.24445585e-01  6.01830453e-01  9.62595593e-01  3.95899700e-01  6.16747425e-01
8.89598730e-01  4.67198463e-01  6.43462517e-01  9.57277001e-01  3.41855856e-01  6.63574196e-01
8.86574906e-01  5.11293664e-01  6.25102244e-01  9.59314207e-01  3.80768377e-01  6.41350061e-01
8.95631795e-01  4.87016513e-01  6.10109667e-01  9.61996213e-01  3.61319085e-01  6.28732324e-01
8.83463648e-01  5.11244292e-01  6.35699136e-01  9.57798307e-01  3.77445607e-01  6.51852275e-01
8.86065878e-01  5.16887058e-01  6.23199329e-01  9.59607741e-01  3.83392980e-01  6.38849988e-01
8.90570863e-01  4.61654210e-01  6.43761006e-01  9.57353323e-01  3.36526650e-01  6.64339544e-01
8.87198731e-01  4.92155597e-01  6.35409067e-01  9.58111519e-01  3.62528341e-01  6.53356121e-01
8.90680253e-01  4.64282195e-01  6.41683375e-01  9.57651359e-01  3.38142056e-01  6.62048208e-01
8.95486290e-01  4.73907704e-01  6.19114433e-01  9.60859014e-01  3.48976142e-01  6.38930030e-01
8.90943492e-01  3.83781946e-01  6.93350623e-01  9.49940689e-01  3.06696023e-01  7.19408935e-01
8.91308384e-01  4.65814524e-01  6.38555575e-01  9.58002094e-01  3.41963078e-01  6.58899678e-01
8.97791220e-01  4.93119414e-01  5.98814725e-01  9.63211974e-01  3.77520541e-01  6.17122437e-01
8.07598032e-01  6.43451493e-01  8.07783091e-01  9.29401554e-01  4.70564591e-01  8.12524820e-01
8.49836928e-01  7.93699035e-01  5.66801515e-01  9.58922984e-01  7.68922780e-01  5.52987548e-01
8.95258345e-01  4.58903576e-01  6.29629617e-01  9.59378312e-01  3.38878481e-01  6.50801649e-01
7.90783027e-01  4.64269238e-01  9.81230702e-01  9.10280493e-01  2.56214789e-01  9.85600798e-01
8.96449349e-01  4.60890090e-01  6.24295660e-01  9.60177813e-01  3.40275540e-01  6.45346349e-01
8.89813476e-01  4.98066639e-01  6.22692595e-01  9.59945772e-01  3.68563298e-01  6.40174075e-01
8.97802304e-01  4.68382995e-01  6.14836812e-01  9.61372271e-01  3.50121981e-01  6.35369275e-01
8.91685421e-01  4.54894553e-01  6.44364949e-01  9.57404767e-01  3.30161045e-01  6.65508415e-01
8.90204902e-01  4.78620752e-01  6.33988371e-01  9.58448177e-01  3.53772684e-01  6.53258930e-01
8.94586103e-01  5.01330681e-01  6.04367212e-01  9.62480317e-01  3.78039453e-01  6.21691605e-01
8.90295153e-01  4.99952889e-01  6.19832338e-01  9.60243347e-01  3.73022472e-01  6.37216157e-01
8.93651352e-01  4.80304540e-01  6.21192223e-01  9.60468076e-01  3.53527732e-01  6.40365079e-01
8.90950141e-01  4.69775352e-01  6.37200611e-01  9.58413963e-01  3.38686107e-01  6.57030315e-01
9.00794883e-01  4.77966038e-01  5.98453439e-01  9.63679597e-01  3.60370742e-01  6.18161829e-01
8.89542692e-01  5.15874732e-01  6.12050415e-01  9.61065662e-01  3.89951991e-01  6.27957605e-01
7.54176511e-01  8.00359214e-01  8.87322935e-01  9.17212276e-01  5.02376389e-01  8.83193864e-01
8.89653364e-01  4.78101768e-01  6.36198226e-01  9.58387967e-01  3.46687534e-01  6.55313132e-01
8.95326141e-01  4.88914252e-01  6.09915456e-01  9.61853626e-01  3.66401312e-01  6.28450018e-01
8.90520807e-01  5.16342567e-01  6.08425371e-01  9.61745979e-01  3.87467697e-01  6.24180349e-01
8.97902639e-01  4.72392069e-01  6.11893313e-01  9.61867011e-01  3.51004891e-01  6.31989150e-01
9.01107512e-01  4.73707705e-01  6.00156547e-01  9.63683994e-01  3.51809247e-01  6.20149363e-01
7.66847771e-01  6.03519260e-01  9.72099506e-01  9.08740300e-01  3.46415455e-01  9.74238936e-01
8.94183470e-01  4.83149610e-01  6.17538229e-01  9.61036868e-01  3.54767121e-01  6.36426203e-01
8.98134060e-01  4.80418395e-01  6.05896534e-01  9.62631037e-01  3.58793840e-01  6.25256406e-01
8.91993183e-01  4.56873115e-01  6.42035326e-01  9.57697819e-01  3.32549185e-01  6.63067103e-01
8.38275382e-01  3.68303789e-01  8.82253476e-01  9.24646034e-01  2.44761775e-01  8.96182585e-01
8.96234503e-01  4.81950640e-01  6.11352002e-01  9.61852891e-01  3.57768535e-01  6.30487241e-01
8.87888556e-01  4.97290519e-01  6.29732905e-01  9.59024394e-01  3.63989193e-01  6.47158850e-01
8.86494084e-01  5.08094938e-01  6.27453450e-01  9.59151995e-01  3.74344056e-01  6.43902707e-01
9.00361348e-01  4.64787387e-01  6.08481584e-01  9.62444328e-01  3.46357205e-01  6.29381677e-01
8.93265797e-01  4.96854037e-01  6.11756887e-01  9.61369768e-01  3.74850310e-01  6.29563248e-01
9.02350392e-01  4.70920860e-01  5.97745414e-01  9.63812026e-01  3.56519667e-01  6.18219400e-01
8.92290777e-01  4.93740926e-01  6.17088893e-01  9.60767179e-01  3.67849662e-01  6.35075267e-01
8.93440880e-01  5.08158657e-01  6.03823036e-01  9.62407144e-01  3.85111772e-01  6.20495676e-01
8.92878751e-01  4.68591166e-01  6.31420452e-01  9.59124904e-01  3.42551584e-01  6.51561691e-01
8.99830563e-01  4.81137610e-01  5.99668812e-01  9.63309390e-01  3.66249420e-01  6.19151494e-01
8.92234240e-01  5.04840119e-01  6.10074925e-01  9.61739201e-01  3.75962097e-01  6.26932700e-01
8.91014871e-01  5.14031283e-01  6.08248206e-01  9.61571410e-01  3.91303341e-01  6.24396609e-01
8.92260074e-01  4.86902347e-01  6.21632963e-01  9.60079898e-01  3.64285292e-01  6.40321286e-01
8.83373734e-01  4.94427750e-01  6.46922361e-01  9.56304697e-01  3.64162660e-01  6.64556626e-01
8.91650230e-01  5.09208444e-01  6.09221949e-01  9.61740267e-01  3.81223906e-01  6.25687018e-01
8.87767221e-01  4.71393471e-01  6.46958270e-01  9.56987958e-01  3.37565539e-01  6.66437651e-01
8.91297231e-01  4.59916959e-01  6.42422372e-01  9.57564792e-01  3.35639016e-01  6.63192597e-01
8.93714086e-01  4.85778704e-01  6.17425201e-01  9.61006051e-01  3.57137137e-01  6.36065800e-01
8.89317557e-01  4.68797371e-01  6.43379284e-01  9.57494089e-01  3.37533835e-01  6.63199817e-01
8.95016149e-01  4.92878732e-01  6.08394173e-01  9.61853859e-01  3.74005873e-01  6.26658098e-01
8.93769360e-01  4.88726390e-01  6.15323692e-01  9.60941460e-01  3.68012629e-01  6.33919415e-01
8.88103167e-01  5.10031732e-01  6.20732089e-01  9.60090300e-01  3.77913833e-01  6.37045862e-01
8.94828060e-01  4.64576218e-01  6.27407852e-01  9.59651469e-01  3.43037471e-01  6.48070975e-01
8.99673738e-01  4.83231991e-01  5.98841626e-01  9.63526131e-01  3.65109527e-01  6.18030136e-01
8.88097690e-01  4.87875674e-01  6.35135178e-01  9.58242178e-01  3.58505529e-01  6.53465473e-01
8.92295006e-01  4.77727438e-01  6.27471074e-01  9.59595399e-01  3.49954026e-01  6.46802049e-01
8.92884982e-01  4.80545867e-01  6.23637904e-01  9.60184823e-01  3.51299684e-01  6.42705856e-01
8.90306201e-01  4.83928048e-01  6.30198708e-01  9.58942434e-01  3.58325726e-01  6.49017794e-01
8.91816879e-01  4.80713290e-01  6.27156140e-01  9.59687751e-01  3.50208815e-01  6.46149903e-01
8.92512293e-01  5.14962606e-01  6.02558827e-01  9.62381597e-01  3.93785338e-01  6.18617365e-01
8.78460533e-01  5.13596462e-01  6.51161095e-01  9.55677556e-01  3.71612774e-01  6.66823764e-01
8.89233603e-01  4.66809758e-01  6.44954778e-01  9.57221392e-01  3.37448738e-01  6.64968383e-01
8.88947497e-01  5.10255348e-01  6.17719836e-01  9.60482570e-01  3.79931079e-01  6.34055696e-01
8.85188794e-01  5.07786668e-01  6.32085949e-01  9.58528591e-01  3.71814703e-01  6.48495468e-01
8.80630730e-01  8.07358727e-01  4.53369838e-01  9.77622090e-01  8.12427194e-01  4.22848589e-01
8.79258963e-01  5.09351580e-01  6.51205806e-01  9.55714505e-01  3.68736550e-01  6.67264029e-01
8.96736613e-01  4.71187828e-01  6.16634618e-01  9.61372876e-01  3.44589873e-01  6.36667881e-01
8.90267329e-01  4.87706026e-01  6.27877961e-01  9.59438443e-01  3.56660350e-01  6.46229498e-01
8.86723031e-01  5.13241896e-01  6.23334415e-01  9.59617134e-01  3.80994670e-01  6.39354425e-01
8.83459326e-01  5.04348603e-01  6.40190743e-01  9.57215947e-01  3.71613726e-01  6.56959417e-01
8.97507604e-01  4.91082087e-01  6.01100534e-01  9.63123706e-01  3.70008294e-01  6.19457097e-01
8.98573107e-01  4.79173813e-01  6.05213683e-01  9.62654710e-01  3.60227375e-01  6.24767106e-01
8.86061119e-01  5.12968722e-01  6.25759422e-01  9.59326767e-01  3.78716713e-01  6.41752573e-01
8.97153213e-01  4.85461328e-01  6.05953142e-01  9.62669124e-01  3.59996040e-01  6.24729148e-01
7.93753795e-01  4.62738125e-01  9.72135277e-01  9.10764726e-01  2.77951222e-01  9.77377889e-01
8.86281109e-01  4.86176279e-01  6.42407039e-01  9.57266060e-01  3.54172850e-01  6.60744410e-01
8.98440246e-01  4.75792224e-01  6.07860285e-01  9.62377381e-01  3.55389395e-01  6.27684383e-01
8.83023768e-01  4.96674229e-01  6.46652310e-01  9.56576846e-01  3.59480831e-01  6.63913908e-01
9.36779709e-01  3.74363427e-01  5.43821673e-01  9.72257787e-01  3.09819955e-01  5.75576935e-01
8.80926252e-01  5.06193305e-01  6.47594637e-01  9.56150892e-01  3.70396201e-01  6.64075177e-01
8.84158391e-01  4.89841984e-01  6.47235210e-01  9.56491120e-01  3.56472678e-01  6.65171832e-01
8.78936721e-01  5.11358536e-01  6.50997032e-01  9.55659595e-01  3.71723689e-01  6.66912818e-01
8.98849113e-01  4.78379104e-01  6.04792448e-01  9.62882285e-01  3.55919429e-01  6.24322172e-01
8.81872226e-01  5.05805452e-01  6.44634267e-01  9.56786391e-01  3.65903072e-01  6.61058242e-01
8.92903843e-01  4.81689037e-01  6.22831601e-01  9.60005365e-01  3.59233507e-01  6.41988588e-01
8.88933831e-01  4.95175366e-01  6.27556671e-01  9.59173007e-01  3.67670249e-01  6.45339273e-01
8.95440580e-01  4.80093099e-01  6.15253888e-01  9.61373524e-01  3.53823410e-01  6.34489767e-01
8.99693772e-01  4.75684069e-01  6.03673954e-01  9.62948295e-01  3.57296991e-01  6.23574587e-01
8.87378219e-01  4.90933092e-01  6.35593329e-01  9.58300687e-01  3.56677325e-01  6.53520752e-01
8.69889908e-01  5.46071996e-01  6.59477151e-01  9.52556803e-01  4.32206808e-01  6.73083780e-01
8.82469208e-01  5.04005166e-01  6.43775911e-01  9.56936521e-01  3.64709944e-01  6.60376530e-01
8.92682732e-01  5.08704951e-01  6.06042806e-01  9.62209396e-01  3.81706801e-01  6.22565294e-01
9.01874900e-01  4.73616503e-01  5.97609933e-01  9.63843341e-01  3.57540571e-01  6.17778250e-01
8.90103172e-01  4.97749095e-01  6.21914987e-01  9.59828500e-01  3.74229036e-01  6.39592069e-01
8.92298077e-01  4.97548940e-01  6.14591804e-01  9.61035934e-01  3.72525785e-01  6.32251067e-01
8.87326127e-01  4.85087775e-01  6.39565205e-01  9.57771844e-01  3.52062705e-01  6.57998156e-01
8.98259613e-01  4.78759537e-01  6.06547136e-01  9.62348860e-01  3.62424159e-01  6.26210986e-01
8.83187770e-01  5.81221779e-01  5.91501737e-01  9.63555590e-01  4.42438626e-01  6.00151019e-01
8.81648570e-01  3.93161023e-01  7.18824686e-01  9.47018224e-01  2.88883652e-01  7.42341653e-01
8.94894841e-01  4.92768810e-01  6.08877498e-01  9.61951448e-01  3.69745292e-01  6.27035478e-01
8.96435555e-01  4.73203225e-01  6.16348419e-01  9.61272642e-01  3.49022447e-01  6.36266963e-01
8.89979514e-01  4.85128915e-01  6.30528448e-01  9.59119071e-01  3.53296174e-01  6.49069363e-01
8.89595526e-01  4.84785530e-01  6.32055229e-01  9.58689694e-01  3.57860498e-01  6.50747885e-01
8.85218027e-01  5.01553989e-01  6.36033140e-01  9.57949912e-01  3.68221249e-01  6.53051989e-01
8.87627121e-01  5.17375278e-01  6.17580889e-01  9.60408794e-01  3.85528930e-01  6.33210781e-01
9.00026117e-01  4.79981381e-01  5.99755499e-01  9.63573800e-01  3.58952095e-01  6.19174197e-01
8.98276789e-01  4.89893989e-01  5.99259985e-01  9.63330757e-01  3.71414306e-01  6.17798466e-01
8.88638450e-01  4.89786683e-01  6.32058246e-01  9.58706692e-01  3.59628473e-01  6.50222640e-01
8.83011817e-01  5.18313379e-01  6.32643928e-01  9.58255535e-01  3.81032320e-01  6.48076083e-01
8.88708547e-01  4.93961707e-01  6.29109628e-01  9.59014744e-01  3.65110326e-01  6.46956762e-01
8.88850233e-01  4.92729097e-01  6.29428794e-01  9.59112629e-01  3.60967048e-01  6.47304630e-01
7.66179497e-01  6.34827124e-01  9.54040254e-01  9.10547322e-01  3.75090311e-01  9.55900334e-01
8.93130171e-01  4.85746575e-01  6.19428824e-01  9.60648503e-01  3.58248334e-01  6.38096761e-01
8.88240679e-01  4.95793285e-01  6.29509241e-01  9.58982533e-01  3.65194537e-01  6.47143470e-01
8.95358211e-01  4.77700166e-01  6.17087112e-01  9.60940179e-01  3.56364179e-01  6.36670157e-01
9.65363441e-01  4.14843235e-01  4.20483515e-01  9.88999106e-01  4.05214200e-01  4.45773898e-01
8.83906466e-01  5.01329859e-01  6.40632273e-01  9.57174756e-01  3.69638676e-01  6.57688541e-01
8.41794374e-01  8.06849768e-01  5.85574181e-01  9.60783003e-01  6.54590671e-01  5.67979536e-01
8.92346143e-01  4.84000452e-01  6.23224766e-01  9.60117596e-01  3.56043516e-01  6.42020019e-01
8.91198270e-01  5.16338878e-01  6.06127273e-01  9.61820798e-01  3.94427015e-01  6.22062108e-01
8.82606661e-01  5.15608148e-01  6.35776058e-01  9.57889138e-01  3.76858612e-01  6.51408069e-01
8.14158651e-01  6.41276763e-01  7.86916291e-01  9.32956963e-01  4.62094865e-01  7.91721420e-01
8.12340913e-01  4.03376440e-01  9.47555871e-01  9.15433413e-01  2.43598153e-01  9.55529659e-01
8.87630914e-01  5.22243376e-01  6.14407466e-01  9.60771088e-01  3.91080283e-01  6.29580754e-01
8.96966604e-01  4.76398168e-01  6.12470911e-01  9.61878407e-01  3.50371877e-01  6.32065110e-01
8.47602228e-01  8.08825895e-01  5.64569636e-01  9.63599645e-01  6.75183318e-01  5.45071166e-01
8.83955093e-01  4.88629800e-01  6.48712584e-01  9.56444088e-01  3.51536159e-01  6.66635659e-01
8.98023309e-01  4.68478190e-01  6.14024587e-01  9.61644793e-01  3.46590685e-01  6.34453288e-01
8.88932208e-01  5.09902155e-01  6.18001020e-01  9.60292926e-01  3.83316679e-01  6.34474580e-01
8.84220882e-01  5.00733707e-01  6.39951684e-01  9.57379595e-01  3.66951508e-01  6.57007794e-01
9.00864543e-01  4.66096957e-01  6.05922694e-01  9.62805379e-01  3.47831729e-01  6.26719466e-01
8.88251609e-01  4.97534902e-01  6.28341357e-01  9.58928503e-01  3.71711666e-01  6.45955507e-01
8.98294280e-01  4.80796468e-01  6.05106993e-01  9.62599562e-01  3.62726714e-01  6.24532263e-01
8.86218664e-01  4.85306030e-01  6.43184065e-01  9.57106116e-01  3.54781118e-01  6.61626757e-01
8.95216512e-01  4.83437800e-01  6.13843238e-01  9.61469543e-01  3.58347876e-01  6.32808854e-01
7.89398062e-01  4.58690914e-01  9.89555193e-01  9.06299038e-01  3.25661891e-01  9.94779457e-01
8.87034984e-01  5.10017773e-01  6.24368307e-01  9.59382457e-01  3.81320801e-01  6.40782383e-01
8.99722635e-01  4.83635668e-01  5.98413507e-01  9.63586370e-01  3.65462167e-01  6.17560865e-01
8.87598616e-01  5.00778327e-01  6.28452985e-01  9.58960244e-01  3.71957515e-01  6.45694103e-01
8.80184113e-01  8.05716040e-01  4.55953033e-01  9.79837313e-01  7.48360341e-01  4.23728609e-01
8.77553925e-01  8.25904248e-01  4.51777153e-01  9.76805183e-01  8.52482404e-01  4.18656001e-01
8.86614095e-01  4.79179851e-01  6.45818646e-01  9.56800068e-01  3.49735765e-01  6.64777016e-01
8.88921140e-01  4.72061163e-01  6.42606347e-01  9.57309114e-01  3.46349091e-01  6.62310391e-01
8.97853678e-01  4.81541574e-01  6.06119432e-01  9.62681960e-01  3.57231838e-01  6.25297653e-01
8.96781741e-01  4.77097162e-01  6.12644770e-01  9.61571295e-01  3.57511309e-01  6.32353385e-01
8.05197137e-01  7.40078688e-01  7.53199876e-01  9.36585482e-01  5.37461410e-01  7.50710483e-01
8.82779183e-01  4.98450541e-01  6.46329612e-01  9.56652365e-01  3.59611086e-01  6.63399018e-01
8.85494483e-01  4.99064214e-01  6.36710824e-01  9.57834608e-01  3.67381559e-01  6.53989012e-01
8.86195806e-01  4.96942516e-01  6.35706816e-01  9.57920384e-01  3.68161148e-01  6.53255471e-01
8.92308235e-01  5.06232341e-01  6.08919767e-01  9.61801031e-01  3.79507971e-01  6.25701403e-01
8.90482774e-01  5.17618140e-01  6.07726317e-01  9.61591932e-01  3.94483304e-01  6.23516328e-01
8.89254579e-01  5.08347142e-01  6.17915917e-01  9.60300757e-01  3.82737674e-01  6.34560689e-01
8.91848303e-01  4.74795022e-01  6.30891718e-01  9.58975476e-01  3.50898901e-01  6.50554513e-01
8.85378772e-01  4.97036851e-01  6.38419959e-01  9.57531007e-01  3.67445681e-01  6.55920593e-01
8.99139105e-01  4.76427243e-01  6.05074892e-01  9.62625953e-01  3.60177453e-01  6.24963250e-01
8.94620530e-01  4.75989518e-01  6.20702638e-01  9.60435316e-01  3.54242374e-01  6.40406877e-01
8.98454341e-01  4.66814367e-01  6.13641168e-01  9.61759917e-01  3.44479223e-01  6.34212244e-01
8.84068669e-01  4.87206785e-01  6.49250734e-01  9.56180992e-01  3.55346242e-01  6.67425572e-01
9.00270797e-01  4.75994480e-01  6.01513075e-01  9.63378158e-01  3.55174703e-01  6.21317995e-01
8.99568659e-01  4.61114729e-01  6.13557685e-01  9.61712555e-01  3.43368904e-01  6.34777338e-01
8.94757941e-01  5.05784804e-01  6.00891946e-01  9.62913757e-01  3.82862092e-01  6.17776968e-01
8.93033541e-01  4.97975745e-01  6.11817342e-01  9.61539814e-01  3.71000413e-01  6.29379343e-01
8.91077484e-01  5.22664157e-01  6.02430890e-01  9.62494386e-01  3.95205405e-01  6.17559826e-01
8.94755650e-01  4.92749383e-01  6.09362775e-01  9.61972851e-01  3.67372457e-01  6.27456905e-01
8.82424014e-01  5.10849608e-01  6.39485659e-01  9.57290246e-01  3.75302301e-01  6.55614567e-01
8.92611056e-01  5.05796870e-01  6.08174233e-01  9.61999807e-01  3.77311568e-01  6.24943985e-01
8.89816685e-01  5.17910210e-01  6.09798554e-01  9.61476846e-01  3.89501171e-01  6.25427253e-01
9.00597895e-01  4.77960839e-01  5.99125716e-01  9.63589936e-01  3.59997762e-01  6.18824542e-01
8.86683731e-01  4.99309001e-01  6.32513637e-01  9.58613703e-01  3.64365952e-01  6.49703478e-01
8.91679332e-01  5.10340491e-01  6.08388127e-01  9.61685274e-01  3.86270672e-01  6.24851417e-01
8.94750487e-01  5.00045705e-01  6.04643297e-01  9.62570925e-01  3.74181526e-01  6.22018947e-01
8.95869973e-01  4.71044699e-01  6.19670347e-01  9.60874976e-01  3.45205121e-01  6.39715542e-01
8.87584809e-01  4.90584790e-01  6.35117864e-01  9.58057829e-01  3.64255374e-01  6.53293762e-01
8.94396244e-01  4.58366185e-01  6.32905924e-01  9.58917592e-01  3.37599941e-01  6.54056798e-01
9.00506566e-01  4.71858471e-01  6.03397682e-01  9.63014898e-01  3.54944348e-01  6.23701437e-01
8.92437605e-01  4.91907067e-01  6.17780915e-01  9.60670836e-01  3.66737505e-01  6.35954861e-01
8.96578986e-01  4.75539155e-01  6.14344816e-01  9.61555482e-01  3.50760017e-01  6.34044313e-01
8.91493631e-01  4.82261018e-01  6.27248874e-01  9.59374639e-01  3.58183814e-01  6.46279922e-01
8.88944440e-01  4.90064995e-01  6.30838468e-01  9.58714279e-01  3.64178854e-01  6.49102641e-01
8.95990984e-01  5.00925489e-01  5.99859760e-01  9.63019239e-01  3.81927416e-01  6.17320685e-01
8.90297659e-01  5.07974418e-01  6.14615990e-01  9.60952753e-01  3.79255823e-01  6.31199888e-01
8.89882210e-01  5.01846037e-01  6.20005485e-01  9.60307991e-01  3.71649596e-01  6.37124893e-01
8.82023775e-01  5.01187933e-01  6.47117443e-01  9.56207365e-01  3.68685152e-01  6.64115930e-01
8.85280711e-01  4.86042206e-01  6.45891121e-01  9.56755248e-01  3.53468156e-01  6.64185638e-01
8.90664876e-01  4.86833448e-01  6.27094538e-01  9.59602881e-01  3.55224423e-01  6.45513201e-01
9.49085968e-01  3.51116624e-01  5.17127174e-01  9.77377929e-01  2.74403771e-01  5.51085382e-01
8.93220540e-01  4.88699135e-01  6.17205056e-01  9.60922335e-01  3.61336145e-01  6.35613961e-01
8.90091605e-01  4.60043254e-01  6.46434351e-01  9.57149416e-01  3.30816863e-01  6.66991310e-01
8.91293007e-01  5.09405058e-01  6.10307325e-01  9.61657475e-01  3.79190725e-01  6.26696572e-01
8.90110074e-01  4.99437766e-01  6.20795271e-01  9.60234548e-01  3.69346591e-01  6.38138031e-01
9.02040817e-01  4.69554824e-01  5.99683511e-01  9.63613512e-01  3.53368292e-01  6.20234226e-01
8.99138546e-01  4.81943798e-01  6.01495262e-01  9.63053475e-01  3.65919473e-01  6.20870091e-01
8.94244447e-01  5.05000224e-01  6.03144941e-01  9.62461535e-01  3.84883741e-01  6.20200613e-01
8.95780658e-01  4.86279408e-01  6.10082680e-01  9.61787547e-01  3.66159316e-01  6.28930688e-01
8.80982930e-01  5.17590132e-01  6.40002959e-01  9.57233176e-01  3.77675380e-01  6.55421775e-01
8.91827219e-01  4.82620777e-01  6.25882579e-01  9.59694308e-01  3.55705716e-01  6.44813662e-01
8.90285337e-01  5.20032987e-01  6.06829009e-01  9.61962861e-01  3.90036023e-01  6.22185024e-01
8.90667497e-01  4.77466523e-01  6.33166903e-01  9.58552027e-01  3.53830531e-01  6.52579423e-01
8.91824222e-01  4.54217691e-01  6.44333077e-01  9.57444930e-01  3.29013332e-01  6.65521109e-01
8.73998050e-01  2.86273379e-01  8.14202992e-01  9.37046951e-01  1.61305373e-01  8.36315882e-01
8.91604744e-01  4.73553415e-01  6.32524877e-01  9.58819260e-01  3.48018849e-01  6.52234251e-01
8.93346653e-01  4.77090040e-01  6.24313861e-01  9.60120976e-01  3.48765277e-01  6.43711951e-01
8.92673792e-01  5.05920148e-01  6.07881125e-01  9.61866925e-01  3.81717468e-01  6.24758691e-01
8.91207005e-01  4.74551333e-01  6.33227569e-01  9.58638692e-01  3.50216485e-01  6.52874629e-01
8.92563630e-01  4.66225247e-01  6.34026518e-01  9.58701469e-01  3.42066298e-01  6.54390997e-01
8.97562112e-01  4.92163676e-01  6.00213258e-01  9.63310410e-01  3.69356893e-01  6.18413324e-01
8.94139616e-01  5.09947562e-01  6.00288944e-01  9.62836561e-01  3.89019898e-01  6.16822142e-01
8.89626270e-01  4.95873201e-01  6.24752287e-01  9.59444472e-01  3.71988245e-01  6.42582015e-01
8.84197473e-01  4.93791822e-01  6.44538084e-01  9.56723973e-01  3.62642347e-01  6.62226180e-01
8.89144847e-01  4.78783371e-01  6.37482403e-01  9.57954459e-01  3.52736066e-01  6.56668698e-01
8.97926531e-01  4.90691983e-01  5.99931302e-01  9.63440081e-01  3.66583414e-01  6.18234871e-01
8.87443462e-01  5.08016046e-01  6.24280823e-01  9.59346995e-01  3.81614315e-01  6.40940655e-01
8.88637394e-01  5.11853860e-01  6.17734997e-01  9.60306022e-01  3.84905864e-01  6.34016447e-01
8.96175638e-01  5.01341275e-01  5.98962821e-01  9.63241623e-01  3.80143352e-01  6.16314808e-01
8.97262031e-01  4.64057843e-01  6.19479442e-01  9.60798682e-01  3.44660439e-01  6.40332974e-01
9.03972838e-01  4.66786848e-01  5.94920085e-01  9.64250897e-01  3.54603692e-01  6.15856484e-01
8.81793471e-01  4.98272825e-01  6.49792073e-01  9.55807606e-01  3.67115063e-01  6.67048841e-01
8.93619744e-01  4.72597561e-01  6.26303170e-01  9.59731665e-01  3.48769215e-01  6.46207273e-01
8.87473199e-01  4.98648124e-01  6.30261850e-01  9.58663022e-01  3.71405018e-01  6.47729957e-01
8.91370346e-01  5.08267258e-01  6.10783401e-01  9.61577525e-01  3.78790601e-01  6.27303413e-01
8.82745043e-01  5.04092719e-01  6.42782396e-01  9.56994520e-01  3.67094014e-01  6.59443330e-01
8.92543752e-01  4.76387939e-01  6.27496093e-01  9.59729571e-01  3.45994085e-01  6.46874079e-01
8.82203580e-01  5.05530430e-01  6.43687621e-01  9.56837294e-01  3.68127758e-01  6.60208076e-01
8.88098927e-01  5.05273100e-01  6.23835946e-01  9.59644598e-01  3.74812935e-01  6.40633765e-01
8.84586669e-01  4.99623215e-01  6.39430585e-01  9.57564924e-01  3.63913992e-01  6.56534630e-01
8.83021885e-01  5.08032676e-01  6.39284350e-01  9.57410862e-01  3.71890799e-01  6.55644395e-01
9.01085226e-01  4.77550234e-01  5.97737517e-01  9.63913703e-01  3.57202278e-01  6.17406740e-01
8.97883951e-01  4.67993426e-01  6.14812501e-01  9.61438665e-01  3.48420095e-01  6.35344255e-01
9.00044765e-01  4.80424619e-01  5.99404385e-01  9.63503343e-01  3.62204399e-01  6.18860238e-01
8.88904120e-01  4.97040883e-01  6.26446445e-01  9.59483398e-01  3.65138483e-01  6.43945141e-01
9.01239971e-01  4.67738969e-01  6.03581817e-01  9.63090779e-01  3.50491208e-01  6.24263349e-01
8.93203567e-01  5.11650536e-01  6.02361822e-01  9.62534117e-01  3.89259190e-01  6.18705057e-01
8.79614878e-01  5.11581556e-01  6.48549454e-01  9.56115628e-01  3.69941308e-01  6.64408387e-01
8.93016220e-01  5.12449746e-01  6.02479125e-01  9.62565447e-01  3.88429697e-01  6.18699469e-01
8.93726955e-01  4.89290030e-01  6.15101759e-01  9.61002252e-01  3.67630550e-01  6.33619577e-01
8.92739798e-01  4.98176115e-01  6.12684668e-01  9.61236070e-01  3.75188617e-01  6.30340865e-01
8.85617242e-01  5.15213262e-01  6.25809409e-01  9.59132947e-01  3.84264384e-01  6.41689189e-01
8.96019941e-01  4.90028748e-01  6.06835963e-01  9.62212734e-01  3.69869610e-01  6.25330856e-01
8.86974063e-01  4.87343433e-01  6.39296263e-01  9.57847345e-01  3.52204973e-01  6.57480549e-01
8.89226557e-01  4.86543760e-01  6.32166630e-01  9.58665778e-01  3.58794354e-01  6.50681365e-01
8.89645934e-01  4.62032051e-01  6.46656489e-01  9.57011706e-01  3.34188218e-01  6.67080546e-01
8.86381024e-01  5.05407456e-01  6.29582187e-01  9.58929167e-01  3.70491486e-01  6.46238527e-01
8.80747740e-01  5.11439423e-01  6.44794836e-01  9.56509309e-01  3.74495412e-01  6.60811893e-01
8.90101804e-01  4.63745519e-01  6.43996102e-01  9.57566784e-01  3.31302975e-01  6.64200707e-01
8.92568619e-01  4.97217925e-01  6.13888005e-01  9.61002053e-01  3.75871998e-01  6.31680476e-01
8.87670888e-01  5.02931798e-01  6.26809495e-01  9.59297150e-01  3.70937779e-01  6.43773961e-01
8.87870441e-01  5.13769937e-01  6.19095335e-01  9.60103641e-01  3.85529920e-01  6.35167176e-01
8.93795502e-01  5.00586494e-01  6.07534947e-01  9.61901132e-01  3.79711123e-01  6.25011736e-01
8.88045278e-01  4.81543601e-01  6.39424186e-01  9.57779311e-01  3.50886522e-01  6.58227198e-01
8.92115605e-01  4.93363481e-01  6.17928761e-01  9.60614852e-01  3.68202551e-01  6.35968898e-01
8.91292965e-01  4.73470929e-01  6.33637187e-01  9.58873674e-01  3.42463724e-01  6.53193252e-01
8.85761787e-01  5.10710740e-01  6.28241784e-01  9.58857364e-01  3.79704944e-01  6.44529697e-01
8.89638585e-01  5.11346599e-01  6.14664634e-01  9.60827575e-01  3.83674225e-01  6.30962250e-01
8.96273237e-01  4.70283826e-01  6.18794935e-01  9.60815730e-01  3.49610481e-01  6.39058217e-01
8.81328706e-01  5.01259666e-01  6.49431136e-01  9.55945273e-01  3.66375749e-01  6.66340183e-01
8.87566234e-01  4.92662904e-01  6.33831808e-01  9.58440625e-01  3.60678465e-01  6.51681439e-01
8.92617738e-01  4.79027288e-01  6.25531277e-01  9.59875062e-01  3.51028000e-01  6.44756001e-01
8.85072205e-01  4.99959184e-01  6.37563683e-01  9.57630410e-01  3.69530308e-01  6.54792417e-01
8.90045643e-01  5.20520826e-01  6.07326210e-01  9.61892243e-01  3.90081004e-01  6.22627231e-01
9.02830305e-01  4.70160199e-01  5.96609671e-01  9.64112126e-01  3.53170837e-01  6.17083625e-01
8.83689726e-01  4.93419977e-01  6.46503657e-01  9.56462105e-01  3.61464325e-01  6.64182632e-01
8.82418643e-01  5.10501830e-01  6.39729673e-01  9.57204553e-01  3.76318061e-01  6.55924878e-01
8.84628296e-01  4.87059133e-01  6.47446272e-01  9.56439417e-01  3.55762894e-01  6.65670463e-01
8.84330919e-01  5.02622292e-01  6.38351909e-01  9.57634830e-01  3.67596522e-01  6.55219368e-01
8.86194920e-01  5.02125971e-01  6.32344590e-01  9.58543742e-01  3.67958187e-01  6.49306307e-01
8.95035258e-01  5.02049345e-01  6.02375417e-01  9.62572512e-01  3.83725667e-01  6.19761694e-01
8.84853744e-01  4.90811513e-01  6.44244595e-01  9.57074902e-01  3.53893725e-01  6.62035826e-01
8.91228957e-01  5.15782336e-01  6.06384470e-01  9.62113992e-01  3.86055679e-01  6.22153115e-01
8.93172275e-01  4.72867186e-01  6.27647599e-01  9.59625327e-01  3.46415529e-01  6.47443264e-01
8.84367414e-01  4.85759220e-01  6.49176140e-01  9.56351860e-01  3.50834824e-01  6.67392152e-01
8.88321237e-01  4.80028193e-01  6.39470964e-01  9.57757821e-01  3.50583995e-01  6.58436218e-01
8.94261092e-01  4.64077136e-01  6.29657172e-01  9.59564096e-01  3.36492165e-01  6.50172249e-01
9.02909117e-01  4.65154781e-01  5.99591707e-01  9.63649139e-01  3.50792657e-01  6.20612197e-01
8.96194644e-01  4.72559577e-01  6.17584342e-01  9.61069043e-01  3.49027110e-01  6.37571338e-01
8.90038392e-01  4.72158031e-01  6.38749695e-01  9.58134443e-01  3.40714007e-01  6.58345140e-01
8.99984272e-01  4.74243156e-01  6.03623030e-01  9.63102804e-01  3.53062531e-01  6.23580846e-01
9.00078922e-01  4.78961666e-01  6.00238173e-01  9.63291638e-01  3.63499028e-01  6.19912875e-01
8.85493511e-01  5.09522752e-01  6.29924014e-01  9.58499691e-01  3.81505063e-01  6.46399263e-01
8.97030345e-01  4.77965948e-01  6.11236581e-01  9.61898366e-01  3.55271898e-01  6.30783471e-01
8.95899844e-01  4.93251947e-01  6.05151145e-01  9.62322104e-01  3.75113351e-01  6.23394985e-01
8.03238269e-01  4.03109456e-01  9.78643098e-01  9.10820507e-01  2.45598176e-01  9.84637814e-01
8.93951658e-01  4.56831737e-01  6.35411828e-01  9.58632091e-01  3.34515094e-01  6.56613722e-01
8.90764309e-01  4.63099870e-01  6.42165546e-01  9.57555141e-01  3.38184999e-01  6.62655047e-01
8.79988120e-01  5.06668661e-01  6.50471665e-01  9.55847740e-01  3.67118843e-01  6.66790611e-01
8.85932391e-01  4.81014020e-01  6.46942721e-01  9.56715821e-01  3.48340056e-01  6.65645812e-01
8.93885204e-01  4.84698626e-01  6.17545356e-01  9.60962191e-01  3.57261188e-01  6.36317823e-01
8.98117569e-01  4.74383927e-01  6.09870277e-01  9.62013458e-01  3.55996334e-01  6.29874947e-01
8.82560902e-01  4.93019904e-01  6.50596569e-01  9.55981950e-01  3.57590680e-01  6.68173390e-01
8.86478213e-01  4.81738225e-01  6.44619129e-01  9.57159730e-01  3.46538977e-01  6.63223528e-01
8.88660382e-01  1.90313059e-01  8.26715133e-01  9.35422430e-01  1.35762628e-01  8.52746487e-01
9.37871929e-01  4.10613091e-01  5.16578677e-01  9.74341830e-01  3.81054321e-01  5.45442838e-01
8.79801969e-01  7.65705925e-01  4.83226048e-01  9.75317293e-01  7.08953412e-01  4.61988201e-01
8.89914571e-01  4.95664558e-01  6.23908840e-01  9.59857970e-01  3.65009692e-01  6.41573721e-01
8.90345161e-01  4.90153613e-01  6.26024559e-01  9.59472319e-01  3.63934570e-01  6.44299630e-01
8.98594507e-01  4.80687452e-01  6.04158342e-01  9.62916615e-01  3.58561742e-01  6.23479941e-01
8.87674177e-01  4.99914452e-01  6.28757279e-01  9.58987397e-01  3.69756325e-01  6.46038248e-01
8.84287312e-01  4.95339476e-01  6.43228238e-01  9.56946246e-01  3.62819857e-01  6.60759179e-01
8.85205184e-01  4.91826727e-01  6.42392052e-01  9.57161411e-01  3.59210855e-01  6.60229259e-01
8.91343168e-01  4.82373249e-01  6.27686985e-01  9.59523476e-01  3.52946493e-01  6.46558662e-01
8.85992637e-01  5.08500166e-01  6.28893038e-01  9.58633994e-01  3.81689688e-01  6.45494647e-01
8.92923034e-01  4.65739035e-01  6.33121746e-01  9.58762427e-01  3.43768086e-01  6.53599470e-01
8.88827398e-01  4.67296889e-01  6.46017870e-01  9.57095620e-01  3.36740214e-01  6.65941646e-01
8.91139381e-01  5.19041515e-01  6.04572624e-01  9.62130684e-01  3.94118685e-01  6.20147725e-01
8.89644826e-01  4.65437006e-01  6.44449593e-01  9.57166802e-01  3.40102467e-01  6.64693609e-01
8.86712287e-01  5.05790157e-01  6.28208834e-01  9.59008220e-01  3.73949511e-01  6.44917479e-01
8.83119108e-01  5.06856737e-01  6.39717630e-01  9.57206690e-01  3.74723842e-01  6.56286519e-01
7.69893106e-01  7.03323653e-01  8.96953442e-01  9.16800278e-01  4.53115995e-01  8.97433985e-01
8.94882201e-01  4.62416862e-01  6.28625938e-01  9.59505446e-01  3.41076764e-01  6.49468903e-01
8.97022996e-01  4.69725057e-01  6.16611777e-01  9.61140542e-01  3.49678033e-01  6.36959634e-01
8.90869751e-01  5.21744607e-01  6.03733271e-01  9.62262633e-01  3.95409207e-01  6.18997831e-01
8.86641468e-01  4.76760458e-01  6.47296494e-01  9.56750406e-01  3.44367322e-01  6.66359404e-01
8.93686848e-01  4.62033470e-01  6.32933928e-01  9.59077886e-01  3.35163108e-01  6.53602726e-01
8.93632470e-01  4.66588641e-01  6.30161216e-01  9.59488311e-01  3.37542433e-01  6.50410897e-01
8.87530103e-01  4.73141215e-01  6.46628723e-01  9.56931505e-01  3.40921757e-01  6.66009433e-01
8.89831169e-01  5.11893636e-01  6.13655507e-01  9.60887505e-01  3.86315196e-01  6.29956190e-01
8.82180127e-01  5.05634814e-01  6.43699490e-01  9.56845174e-01  3.67935071e-01  6.60202913e-01
8.24265604e-01  5.25676422e-01  8.27650575e-01  9.30004117e-01  3.47499721e-01  8.37636351e-01
8.86195091e-01  4.80531303e-01  6.46364059e-01  9.56767395e-01  3.49053271e-01  6.65147203e-01
8.90933300e-01  4.81279804e-01  6.29788618e-01  9.59037063e-01  3.56399472e-01  6.48864552e-01
8.78948891e-01  5.09140644e-01  6.52395651e-01  9.55494648e-01  3.69520447e-01  6.68489189e-01
8.98573957e-01  4.80504043e-01  6.04347198e-01  9.62895557e-01  3.58272478e-01  6.23683068e-01
9.01388271e-01  4.76132471e-01  5.97628920e-01  9.63867913e-01  3.58057504e-01  6.17498983e-01
8.89831587e-01  5.07900492e-01  6.16246610e-01  9.60707057e-01  3.78993806e-01  6.32836970e-01
8.99536791e-01  4.86690857e-01  5.97061046e-01  9.63750655e-01  3.68056459e-01  6.15896674e-01
8.79908684e-01  5.12894233e-01  6.46699534e-01  9.56353789e-01  3.71696685e-01  6.62468020e-01
8.91683110e-01  4.84206654e-01  6.25342335e-01  9.59797897e-01  3.55925644e-01  6.44097671e-01
8.81699988e-01  5.00917387e-01  6.48392567e-01  9.56000648e-01  3.68803886e-01  6.65413437e-01
8.88145217e-01  5.07031227e-01  6.22537328e-01  9.59835092e-01  3.75901266e-01  6.39156088e-01
8.90923304e-01  4.90763557e-01  6.23665395e-01  9.59879597e-01  3.63206622e-01  6.41859567e-01
8.89819399e-01  5.06027860e-01  6.17503744e-01  9.60438656e-01  3.79885914e-01  6.34347911e-01
8.86892532e-01  7.88529659e-01  4.44331343e-01  9.74238137e-01  9.15810366e-01  4.20205798e-01
7.99516351e-01  6.43974082e-01  8.34887633e-01  9.23777666e-01  5.06343367e-01  8.40161757e-01
8.96575489e-01  4.93472279e-01  6.02713869e-01  9.62799350e-01  3.72881435e-01  6.20860392e-01
8.89878431e-01  4.65894215e-01  6.43359523e-01  9.57376220e-01  3.39263325e-01  6.63548401e-01
8.85161266e-01  5.12222124e-01  6.29299713e-01  9.58666240e-01  3.81020148e-01  6.45445523e-01
8.92924689e-01  4.93194164e-01  6.15291300e-01  9.60959621e-01  3.69733473e-01  6.33397806e-01
8.83479717e-01  4.95672329e-01  6.45754446e-01  9.56456690e-01  3.65387057e-01  6.63293773e-01
8.93787309e-01  7.06197471e-01  4.74372028e-01  9.79001282e-01  6.18074543e-01  4.59763255e-01
8.91467201e-01  4.74574238e-01  6.32329211e-01  9.58970979e-01  3.45495049e-01  6.51855635e-01
8.89575812e-01  4.96107997e-01  6.24771191e-01  9.59462186e-01  3.71589833e-01  6.42562237e-01
8.89202108e-01  5.13604573e-01  6.14680790e-01  9.60719196e-01  3.87294233e-01  6.30804876e-01
8.92558804e-01  4.97810838e-01  6.13536416e-01  9.61131318e-01  3.74333589e-01  6.31213839e-01
8.92166147e-01  4.97876277e-01  6.14827285e-01  9.61045575e-01  3.71546689e-01  6.32419768e-01
8.93004302e-01  4.68409922e-01  6.31111795e-01  9.59194622e-01  3.41931555e-01  6.51260644e-01
8.80955037e-01  5.00985969e-01  6.50877713e-01  9.55802445e-01  3.64284202e-01  6.67748436e-01
8.82222668e-01  4.95272412e-01  6.50282702e-01  9.56024294e-01  3.58689236e-01  6.67643237e-01
9.01519529e-01  4.74288016e-01  5.98380668e-01  9.63667192e-01  3.59216441e-01  6.18513135e-01
8.94998198e-01  4.79261317e-01  6.17296085e-01  9.61060484e-01  3.53348534e-01  6.36608770e-01
8.95237247e-01  4.92822527e-01  6.07679937e-01  9.62167465e-01  3.69064786e-01  6.25810605e-01
8.86967904e-01  5.03721375e-01  6.28683965e-01  9.58952102e-01  3.72591060e-01  6.45597143e-01
8.82934086e-01  5.11615079e-01  6.37256672e-01  9.57709220e-01  3.73867356e-01  6.53265967e-01
8.97445860e-01  4.70916579e-01  6.14402359e-01  9.61699148e-01  3.44945612e-01  6.34492078e-01
8.60995354e-01  3.53427119e-01  8.14757483e-01  9.35574589e-01  2.12508565e-01  8.33701177e-01
8.88707570e-01  5.04534380e-01  6.22248815e-01  9.59961043e-01  3.72797959e-01  6.39079142e-01
8.87215671e-01  4.94730557e-01  6.33679840e-01  9.58542298e-01  3.59677432e-01  6.51265200e-01
8.89290130e-01  4.82101485e-01  6.34834846e-01  9.58365269e-01  3.54118991e-01  6.53708996e-01
8.79831973e-01  5.10385971e-01  6.48588473e-01  9.56092057e-01  3.69859329e-01  6.64578827e-01
8.73907159e-01  7.37290261e-01  5.21690272e-01  9.66700385e-01  7.34093412e-01  5.11319853e-01
8.93733243e-01  4.67044777e-01  6.29522842e-01  9.59400934e-01  3.42277393e-01  6.49856349e-01
8.81120539e-01  5.88527368e-01  5.93777937e-01  9.61269298e-01  4.92608096e-01  6.02998661e-01
8.89621136e-01  4.85980421e-01  6.31192511e-01  9.58834766e-01  3.58101971e-01  6.49760836e-01
8.93466795e-01  4.99078581e-01  6.09630096e-01  9.61557340e-01  3.79400552e-01  6.27289233e-01
8.90880334e-01  4.82045796e-01  6.29471183e-01  9.59155366e-01  3.55047219e-01  6.48424378e-01
8.83060830e-01  5.10468694e-01  6.37570575e-01  9.57721733e-01  3.71866659e-01  6.53656779e-01
8.89565745e-01  4.76450934e-01  6.37567515e-01  9.58144418e-01  3.46766818e-01  6.56856097e-01
8.96314446e-01  4.69265245e-01  6.19316345e-01  9.60944450e-01  3.44049725e-01  6.39542102e-01
8.85618898e-01  5.00451106e-01  6.35387898e-01  9.57880183e-01  3.71886360e-01  6.52636171e-01
8.92311035e-01  5.13954252e-01  6.03896923e-01  9.62365644e-01  3.88580876e-01  6.19944997e-01
8.83834377e-01  5.05103479e-01  6.38427095e-01  9.57459162e-01  3.72685084e-01  6.55147690e-01
8.87688844e-01  4.74503168e-01  6.45205405e-01  9.56924673e-01  3.47016034e-01  6.64618390e-01
8.92871138e-01  4.66999386e-01  6.32479783e-01  9.59142159e-01  3.37452128e-01  6.52651677e-01
8.96920697e-01  4.68683065e-01  6.17635659e-01  9.61056671e-01  3.47391228e-01  6.38035817e-01
8.92361672e-01  4.89269634e-01  6.19751103e-01  9.60562811e-01  3.60707146e-01  6.38067308e-01
8.93088271e-01  4.96391545e-01  6.12659986e-01  9.61326099e-01  3.72268773e-01  6.30451055e-01
8.99500699e-01  4.77868513e-01  6.02911348e-01  9.63016618e-01  3.59541654e-01  6.22608015e-01
8.99828909e-01  4.65652215e-01  6.09728075e-01  9.62192794e-01  3.48172222e-01  6.30567170e-01
8.79864721e-01  5.05623223e-01  6.51569451e-01  9.55785831e-01  3.64033968e-01  6.67913881e-01
8.85628095e-01  5.18540252e-01  6.23612579e-01  9.59496227e-01  3.85286466e-01  6.39119205e-01
8.85905389e-01  5.17148351e-01  6.23574640e-01  9.59484342e-01  3.85088496e-01  6.39242028e-01
8.93284307e-01  4.75316849e-01  6.25676749e-01  9.59799716e-01  3.50672925e-01  6.45322718e-01
8.86845569e-01  5.14597083e-01  6.22038471e-01  9.59747898e-01  3.83359840e-01  6.37959113e-01
9.00340229e-01  4.80463950e-01  5.98375548e-01  9.63608281e-01  3.63576382e-01  6.17864361e-01
8.93988305e-01  4.66289670e-01  6.29146977e-01  9.59477179e-01  3.41499998e-01  6.49550504e-01
8.96101905e-01  5.00043746e-01  6.00055596e-01  9.63134349e-01  3.77966597e-01  6.17515140e-01
8.82917520e-01  5.14263063e-01  6.35593755e-01  9.57920553e-01  3.76191420e-01  6.51363723e-01
8.90906786e-01  5.06380866e-01  6.13582143e-01  9.60944451e-01  3.82658847e-01  6.30451913e-01
7.85506020e-01  6.95125354e-01  8.49255082e-01  9.22807851e-01  4.87925468e-01  8.50716743e-01
8.93911358e-01  4.90255292e-01  6.13848971e-01  9.61431594e-01  3.62368161e-01  6.32105639e-01
8.98113478e-01  4.71858068e-01  6.11524076e-01  9.61973986e-01  3.49551595e-01  6.31645392e-01
8.84251292e-01  4.93323022e-01  6.44659740e-01  9.56883227e-01  3.58087006e-01  6.62277566e-01
9.00151803e-01  4.77591152e-01  6.00880504e-01  9.63351127e-01  3.58975892e-01  6.20596366e-01
8.82465330e-01  5.02307260e-01  6.44891386e-01  9.56645040e-01  3.66883340e-01  6.61733791e-01
8.88210580e-01  5.05700428e-01  6.23179376e-01  9.59752561e-01  3.74869640e-01  6.39928158e-01
8.98102100e-01  4.71803455e-01  6.11598162e-01  9.61931154e-01  3.50289654e-01  6.31746260e-01
9.02873803e-01  4.63630073e-01  6.00701493e-01  9.63447181e-01  3.50798278e-01  6.21905820e-01
8.84311183e-01  5.11557054e-01  6.32618139e-01  9.58308060e-01  3.76846884e-01  6.48724718e-01
8.56334686e-01  1.99963677e-01  9.30227529e-01  9.21274645e-01  1.30532210e-01  9.44695924e-01
8.89079341e-01  5.04158927e-01  6.21230097e-01  9.59855160e-01  3.79079861e-01  6.38279036e-01
8.87290681e-01  5.10048721e-01  6.23479918e-01  9.59376782e-01  3.84852443e-01  6.39987276e-01
8.46933947e-01  2.79888261e-01  9.10257013e-01  9.22301998e-01  1.87339952e-01  9.24732914e-01
8.87651946e-01  4.94882197e-01  6.32099899e-01  9.58610382e-01  3.64063560e-01  6.49795968e-01
8.97526942e-01  4.89461046e-01  6.02087331e-01  9.63137027e-01  3.65170553e-01  6.20510684e-01
8.99647330e-01  4.82443871e-01  5.99442988e-01  9.63530291e-01  3.62354246e-01  6.18652173e-01
9.60264253e-01  2.87709594e-01  5.20335417e-01  9.76564795e-01  2.49405942e-01  5.62184616e-01
8.92112129e-01  5.10565199e-01  6.06772655e-01  9.62121243e-01  3.81939840e-01  6.23075659e-01
8.93641447e-01  4.66149233e-01  6.30415974e-01  9.59304364e-01  3.40884371e-01  6.50803534e-01
9.01713854e-01  4.65572416e-01  6.03379248e-01  9.63052200e-01  3.51190844e-01  6.24345989e-01
8.92425667e-01  4.69214707e-01  6.32554128e-01  9.58851765e-01  3.45228009e-01  6.52682910e-01
8.84037885e-01  5.02291910e-01  6.39561420e-01  9.57328800e-01  3.70347415e-01  6.56533949e-01
8.94399020e-01  4.61471505e-01  6.30880414e-01  9.59168937e-01  3.40410311e-01  6.51783497e-01
8.95264002e-01  5.00760497e-01  6.02435473e-01  9.62719943e-01  3.79305773e-01  6.19856995e-01
8.96051019e-01  4.66040012e-01  6.22304794e-01  9.60575447e-01  3.40346237e-01  6.42780088e-01
8.81010358e-01  5.06959969e-01  6.46811284e-01  9.56228819e-01  3.71785468e-01  6.63248419e-01
8.79922656e-01  5.09810746e-01  6.48653979e-01  9.56007199e-01  3.71441620e-01  6.64750400e-01
8.52161613e-01  5.05457044e-01  7.46047133e-01  9.40735945e-01  3.81035910e-01  7.60927110e-01
8.97675998e-01  4.89859576e-01  6.01322437e-01  9.63193783e-01  3.66885878e-01  6.19742907e-01
8.96603346e-01  4.89664781e-01  6.05091271e-01  9.62689399e-01  3.64734278e-01  6.23483569e-01
8.96490433e-01  4.89707985e-01  6.05446626e-01  9.62601675e-01  3.65537732e-01  6.23856887e-01
8.90632390e-01  5.09887801e-01  6.12237108e-01  9.61215926e-01  3.82800256e-01  6.28677930e-01
8.95214997e-01  4.59745631e-01  6.29230139e-01  9.59503149e-01  3.37696964e-01  6.50279376e-01
8.82592404e-01  5.06144217e-01  6.41968754e-01  9.56904720e-01  3.73259451e-01  6.58567527e-01
8.89345603e-01  5.06435318e-01  6.18848118e-01  9.60460541e-01  3.74424356e-01  6.35493460e-01
8.91842058e-01  4.71835212e-01  6.32834532e-01  9.58703999e-01  3.48920674e-01  6.52760975e-01
8.88703298e-01  4.98119960e-01  6.26427786e-01  9.59427811e-01  3.67047210e-01  6.43852169e-01
8.98952245e-01  4.75023405e-01  6.06620878e-01  9.62675032e-01  3.52482561e-01  6.26460251e-01
8.83675617e-01  5.01268694e-01  6.41455907e-01  9.57181252e-01  3.66334255e-01  6.58424891e-01
8.91101843e-01  4.58421101e-01  6.44057050e-01  9.57476531e-01  3.31039864e-01  6.64841357e-01
8.91533231e-01  4.95749900e-01  6.18356959e-01  9.60507659e-01  3.70274219e-01  6.36168453e-01
8.92247400e-01  4.82506092e-01  6.24530240e-01  9.59888111e-01  3.56037877e-01  6.43492800e-01
8.93318680e-01  5.03500594e-01  6.07262180e-01  9.62073365e-01  3.77923728e-01  6.24328209e-01
9.39523038e-01  3.29105661e-01  5.63888859e-01  9.70067981e-01  2.66321896e-01  5.99859024e-01
8.91326986e-01  5.05707816e-01  6.12592237e-01  9.61017195e-01  3.84345718e-01  6.29588321e-01
8.88553449e-01  4.81815846e-01  6.37521803e-01  9.57881880e-01  3.55670569e-01  6.56443166e-01
8.93160755e-01  4.85130985e-01  6.19724636e-01  9.60620324e-01  3.57537624e-01  6.38444774e-01
8.93314253e-01  5.03045140e-01  6.07572858e-01  9.61816189e-01  3.82780952e-01  6.24833622e-01
8.92633772e-01  4.57776876e-01  6.39273323e-01  9.58042505e-01  3.34853544e-01  6.60314445e-01
8.99459278e-01  4.64640727e-01  6.11639923e-01  9.61995411e-01  3.45305471e-01  6.32507732e-01
8.89879488e-01  5.11490464e-01  6.13753242e-01  9.61113688e-01  3.80251572e-01  6.29933542e-01
8.95434214e-01  4.94167317e-01  6.06137990e-01  9.62227842e-01  3.74082421e-01  6.24242115e-01
8.90955471e-01  5.12322986e-01  6.09559021e-01  9.61521162e-01  3.86722541e-01  6.25797305e-01
8.87443529e-01  4.89009976e-01  6.36620051e-01  9.57938424e-01  3.60809669e-01  6.54870649e-01
8.88180648e-01  4.85170897e-01  6.36609565e-01  9.58241517e-01  3.51776899e-01  6.55053913e-01
8.93499744e-01  4.97682525e-01  6.10424623e-01  9.61654230e-01  3.73375039e-01  6.28086634e-01
8.98783001e-01  4.81833680e-01  6.02774076e-01  9.62939493e-01  3.63788734e-01  6.22102601e-01
8.94337366e-01  4.81913403e-01  6.17818166e-01  9.60707326e-01  3.61178142e-01  6.37029792e-01
8.90892609e-01  5.03573385e-01  6.15453050e-01  9.60926158e-01  3.74690938e-01  6.32445178e-01
9.02927725e-01  4.70154137e-01  5.96282808e-01  9.64173756e-01  3.52908517e-01  6.16750219e-01
8.89756923e-01  4.73871464e-01  6.38593016e-01  9.58012842e-01  3.45011829e-01  6.58112955e-01
8.91988424e-01  4.56374292e-01  6.42375344e-01  9.57673287e-01  3.31664788e-01  6.63432628e-01
8.93139741e-01  5.05764003e-01  6.06400293e-01  9.62064920e-01  3.82473773e-01  6.23311090e-01
8.62013140e-01  5.80812816e-01  6.63669343e-01  9.51974507e-01  4.45159898e-01  6.73767740e-01
8.85958280e-01  4.93583003e-01  6.38694515e-01  9.57597290e-01  3.63288818e-01  6.56474293e-01
9.00230984e-01  4.81871539e-01  5.97832708e-01  9.63905780e-01  3.59074708e-01  6.17016692e-01
8.96706118e-01  4.85277523e-01  6.07590653e-01  9.62418653e-01  3.59790938e-01  6.26383443e-01
8.91169767e-01  4.79370794e-01  6.30225075e-01  9.59094863e-01  3.52502438e-01  6.49411463e-01
8.88555943e-01  4.98870135e-01  6.26441096e-01  9.59337153e-01  3.69543252e-01  6.43845796e-01
