8.51018237e-01  3.33695486e-01  8.61151997e-01  9.27658317e-01  2.36572914e-01  8.78279214e-01
9.16180971e-01  5.16690236e-01  5.21067226e-01  9.74072001e-01  4.26899047e-01  5.35863093e-01
8.60017175e-01  5.81429034e-01  6.70046589e-01  9.49519855e-01  4.81061155e-01  6.81054257e-01
8.53333684e-01  4.63583204e-01  7.68956955e-01  9.39697289e-01  3.05924627e-01  7.84755400e-01
9.29399163e-01  3.63850416e-01  5.75708700e-01  9.69276056e-01  2.58183617e-01  6.06852867e-01
7.95536925e-01  5.92458729e-01  8.81850166e-01  9.19326588e-01  4.25029368e-01  8.87847873e-01
7.97187400e-01  6.68734233e-01  8.26423597e-01  9.26470713e-01  4.76376446e-01  8.29433051e-01
8.23709355e-01  6.92497708e-01  7.21229086e-01  9.44248790e-01  4.56651841e-01  7.20599287e-01
8.40696789e-01  7.56063961e-01  6.21974723e-01  9.51245280e-01  7.06837768e-01  6.16317497e-01
8.64577896e-01  4.71356086e-01  7.25727257e-01  9.45698297e-01  3.20571877e-01  7.42828036e-01
8.87428272e-01  3.57101103e-01  7.22610129e-01  9.47178077e-01  2.59109247e-01  7.48326887e-01
8.22722324e-01  8.87903453e-01  5.97416297e-01  9.58837172e-01  6.97018802e-01  5.69950565e-01
7.66512469e-01  8.66612677e-01  8.02414006e-01  9.28853852e-01  5.74985032e-01  7.91451308e-01
8.14673941e-01  3.75857748e-01  9.57500926e-01  9.14135637e-01  2.36301243e-01  9.65569371e-01
8.58190368e-01  4.51047074e-01  7.60603333e-01  9.40074314e-01  3.23741129e-01  7.78143090e-01
9.86815163e-01  2.83621040e-01  4.32834847e-01  9.89574565e-01  2.62130278e-01  4.75771496e-01
8.82660573e-01  6.32471714e-01  5.59720506e-01  9.62764619e-01  6.11205567e-01  5.64971997e-01
9.43267516e-01  2.74978183e-01  5.86017571e-01  9.68366512e-01  2.00174368e-01  6.25826385e-01
7.91091148e-01  7.10583659e-01  8.19954522e-01  9.27570479e-01  4.86029859e-01  8.20108365e-01
8.18942515e-01  7.78992298e-01  6.80960845e-01  9.45770716e-01  6.13839302e-01  6.73315846e-01
9.48368428e-01  5.14553141e-01  4.13457704e-01  9.91420549e-01  4.43890102e-01  4.21142179e-01
8.46914496e-01  7.86815340e-01  5.81194163e-01  9.56786590e-01  7.57163936e-01  5.69454412e-01
9.07964991e-01  5.63451317e-01  5.18606729e-01  9.72006658e-01  5.12742354e-01  5.28895007e-01
9.18240948e-01  3.86399906e-01  5.98660592e-01  9.65898232e-01  2.63440222e-01  6.26757479e-01
8.73981265e-01  5.09342145e-01  6.69431505e-01  9.54614858e-01  3.28702134e-01  6.84256940e-01
8.42372272e-01  6.45033838e-01  6.88370896e-01  9.44555548e-01  5.56467598e-01  6.94615254e-01
9.74345120e-01  4.13775821e-01  3.90381305e-01  9.92103196e-01  4.48508954e-01  4.15161523e-01
9.26121538e-01  5.84144048e-01  4.43520635e-01  9.82129637e-01  5.85812069e-01  4.46784287e-01
8.87862080e-01  4.30435599e-01  6.73227553e-01  9.53534271e-01  3.07670132e-01  6.95621307e-01
7.58832415e-01  6.60715552e-01  9.61882704e-01  9.05647043e-01  4.70115673e-01  9.64431988e-01
8.51475565e-01  4.69192663e-01  7.71624000e-01  9.37168705e-01  3.60609198e-01  7.88093621e-01
7.59060521e-01  6.58850128e-01  9.62320291e-01  9.07780140e-01  4.14024198e-01  9.63960887e-01
8.15779500e-01  5.29542522e-01  8.53660432e-01  9.24981442e-01  3.74068529e-01  8.63070582e-01
8.28494277e-01  2.75755986e-01  9.75564503e-01  9.14581699e-01  1.47790247e-01  9.83549207e-01
8.40623846e-01  5.38646815e-01  7.63381744e-01  9.39868056e-01  3.45904490e-01  7.74247350e-01
8.52497373e-01  4.68738360e-01  7.68449753e-01  9.39374965e-01  3.17391116e-01  7.84122435e-01
9.21763320e-01  5.06417446e-01  5.08781360e-01  9.77343811e-01  3.90682049e-01  5.23411463e-01
8.62402258e-01  7.88142064e-01  5.27444467e-01  9.64654251e-01  7.89354231e-01  5.10912716e-01
8.57755518e-01  5.29354521e-01  7.11238865e-01  9.46671172e-01  3.71623307e-01  7.24570182e-01
8.66930210e-01  4.46506774e-01  7.33872364e-01  9.43734155e-01  3.30518981e-01  7.53080204e-01
8.50088236e-01  2.37697921e-01  9.26641839e-01  9.20619148e-01  1.62927181e-01  9.40755472e-01
8.45471586e-01  4.93631892e-01  7.76442839e-01  9.36685180e-01  3.64109074e-01  7.90886186e-01
7.57703097e-01  6.40060030e-01  9.79427594e-01  9.03556626e-01  4.54004532e-01  9.82145886e-01
8.96413521e-01  7.22890300e-01  4.54616802e-01  9.77277924e-01  7.52862235e-01  4.39079141e-01
8.68316994e-01  4.49789488e-01  7.27329264e-01  9.44126410e-01  3.48246554e-01  7.46907404e-01
9.78244642e-01  2.76403858e-01  4.66324363e-01  9.85409122e-01  2.29394956e-01  5.09670801e-01
8.57423895e-01  6.08480689e-01  6.60991688e-01  9.49209354e-01  5.32989849e-01  6.70302779e-01
8.53866406e-01  6.16212247e-01  6.68053094e-01  9.51276060e-01  4.58417545e-01  6.74608545e-01
8.74396622e-01  4.99436663e-01  6.74451315e-01  9.51374107e-01  3.85327286e-01  6.91704645e-01
8.07025355e-01  6.05012709e-01  8.34387847e-01  9.26910378e-01  4.17564150e-01  8.40461059e-01
8.52418764e-01  7.00359336e-01  6.18634269e-01  9.55365800e-01  5.94066825e-01  6.16964023e-01
8.82255547e-01  3.85481580e-01  7.21451536e-01  9.45839577e-01  3.03780226e-01  7.45875663e-01
8.58198002e-01  7.69257563e-01  5.53980914e-01  9.61213723e-01  7.50177260e-01  5.42196790e-01
9.78553659e-01  3.85745813e-01  3.94586367e-01  9.96093579e-01  3.21312927e-01  4.20038608e-01
7.65676213e-01  6.60702022e-01  9.38651061e-01  9.12259320e-01  3.93704392e-01  9.40023704e-01
8.19895165e-01  4.42410725e-01  8.96555095e-01  9.20414434e-01  3.12661539e-01  9.07329362e-01
8.16353355e-01  6.07874490e-01  8.00853337e-01  9.32737365e-01  4.01606257e-01  8.06855085e-01
8.28256516e-01  6.28424492e-01  7.47089472e-01  9.39567718e-01  4.45668978e-01  7.52684096e-01
8.60231221e-01  6.00979171e-01  6.56627679e-01  9.53762013e-01  4.37299057e-01  6.64157058e-01
8.04313446e-01  6.03259673e-01  8.44735806e-01  9.26131356e-01  3.96884861e-01  8.50325116e-01
7.76580027e-01  5.80113147e-01  9.53946694e-01  9.08718263e-01  4.11862151e-01  9.58454508e-01
8.21896691e-01  5.96535339e-01  7.89391073e-01  9.34634438e-01  3.94965345e-01  7.96254480e-01
8.83272739e-01  7.64886315e-01  4.71675249e-01  9.76809926e-01  7.20106958e-01  4.49275488e-01
9.16961002e-01  2.38927057e-01  6.99048843e-01  9.52770347e-01  1.66318539e-01  7.34316122e-01
8.30375349e-01  6.14453046e-01  7.48964898e-01  9.38181025e-01  4.67921644e-01  7.56336370e-01
8.21066947e-01  5.77277905e-01  8.05009785e-01  9.33136111e-01  3.69041480e-01  8.12481755e-01
7.57783891e-01  6.13517536e-01  9.96090902e-01  9.02995624e-01  3.98033380e-01  9.98405518e-01
8.30823126e-01  7.57321053e-01  6.54687900e-01  9.51905192e-01  5.59772517e-01  6.46711345e-01
7.78274303e-01  6.18375619e-01  9.23349451e-01  9.14065305e-01  4.00596606e-01  9.26820604e-01
7.75196275e-01  6.08508395e-01  9.40507613e-01  9.12954157e-01  3.62796970e-01  9.43361665e-01
8.85705915e-01  7.37564721e-01  4.81150814e-01  9.73779505e-01  7.32441171e-01  4.65802209e-01
8.72470890e-01  4.11222939e-01  7.37965372e-01  9.43147896e-01  3.18407804e-01  7.59690841e-01
9.22013032e-01  6.39078480e-01  4.22104286e-01  9.81350374e-01  7.32559750e-01  4.17747155e-01
9.42277664e-01  5.06336767e-01  4.39473357e-01  9.87184887e-01  4.32883407e-01  4.50892040e-01
8.42228426e-01  8.25815810e-01  5.71488600e-01  9.58547263e-01  7.75649808e-01  5.53296629e-01
8.11401304e-01  3.73965974e-01  9.69546056e-01  9.12328133e-01  2.35477798e-01  9.76837186e-01
8.26020509e-01  4.53822171e-01  8.68046701e-01  9.24660929e-01  3.11572958e-01  8.79840238e-01
8.83456083e-01  6.32396078e-01  5.57068644e-01  9.65136786e-01  5.64653163e-01  5.60722132e-01
8.18837917e-01  6.29493564e-01  7.78379684e-01  9.35917659e-01  4.15652807e-01  7.83155605e-01
7.71069229e-01  6.74940628e-01  9.11089417e-01  9.12629112e-01  4.94883807e-01  9.13829824e-01
8.41142226e-01  9.24875937e-01  5.11161683e-01  9.66246770e-01  9.15598528e-01  4.71495153e-01
7.64502139e-01  8.22989364e-01  8.37563899e-01  9.23384686e-01  5.54688173e-01  8.31298892e-01
9.19224536e-01  2.67428292e-01  6.72560873e-01  9.56247552e-01  1.82593054e-01  7.07672294e-01
7.89958036e-01  6.39738955e-01  8.69799377e-01  9.19124542e-01  4.84739767e-01  8.74568481e-01
9.21413858e-01  3.92266690e-01  5.84077613e-01  9.67752255e-01  2.75317928e-01  6.12073077e-01
8.23543347e-01  6.43784858e-01  7.53418253e-01  9.35638923e-01  5.25925532e-01  7.59495944e-01
8.67920291e-01  8.32346586e-01  4.80009172e-01  9.75830452e-01  7.56200355e-01  4.47057997e-01
8.25802887e-01  6.92284954e-01  7.13959144e-01  9.41494880e-01  5.50900957e-01  7.15550871e-01
8.46034637e-01  4.60765997e-01  7.95571870e-01  9.34477464e-01  3.36294325e-01  8.11074896e-01
8.04461733e-01  5.12454135e-01  9.03488965e-01  9.19625859e-01  3.19418653e-01  9.10794864e-01
8.31639556e-01  7.46792992e-01  6.58749663e-01  9.46993000e-01  6.58250958e-01  6.55022249e-01
8.56306482e-01  3.66225675e-01  8.22072676e-01  9.33504959e-01  2.38751417e-01  8.40276856e-01
9.00401832e-01  3.62030501e-01  6.75057795e-01  9.54921598e-01  2.40821296e-01  7.02464862e-01
8.79528183e-01  6.18207322e-01  5.79617866e-01  9.60520178e-01  5.79258055e-01  5.86884891e-01
9.22773981e-01  3.62585299e-01  5.98729304e-01  9.66608509e-01  2.35216006e-01  6.28848362e-01
8.14727695e-01  4.22210935e-01  9.26922155e-01  9.16161516e-01  3.02033574e-01  9.36586020e-01
7.63915837e-01  6.45250837e-01  9.54660618e-01  9.07433726e-01  4.50908169e-01  9.57497798e-01
8.50465828e-01  3.42281117e-01  8.57453975e-01  9.29240794e-01  2.11917280e-01  8.73937263e-01
8.44829539e-01  2.24591451e-01  9.53011764e-01  9.17859133e-01  1.37400512e-01  9.64463580e-01
8.90043452e-01  3.17644121e-01  7.39347361e-01  9.46261112e-01  2.08735382e-01  7.66066764e-01
8.12285561e-01  7.51058958e-01  7.21701438e-01  9.38193662e-01  6.24945875e-01  7.19284925e-01
8.26497601e-01  6.66934760e-01  7.28059603e-01  9.42367603e-01  4.64382176e-01  7.30325238e-01
7.89012784e-01  4.65103070e-01  9.86701096e-01  9.09025132e-01  2.67643743e-01  9.90959529e-01
7.92165391e-01  7.57922115e-01  7.85868521e-01  9.31425335e-01  5.41760601e-01  7.82785364e-01
8.14098482e-01  7.32199458e-01  7.27790703e-01  9.40505557e-01  5.36375607e-01  7.25314301e-01
8.75732948e-01  5.67686052e-01  6.25603697e-01  9.58722691e-01  4.21093658e-01  6.36164788e-01
8.49323664e-01  7.25966943e-01  6.12518499e-01  9.54180090e-01  6.60258139e-01  6.08982603e-01
8.70511150e-01  5.97247455e-01  6.23845408e-01  9.58872827e-01  4.36050390e-01  6.31164484e-01
8.39200555e-01  3.21056251e-01  9.09491507e-01  9.20960101e-01  2.28446199e-01  9.23142732e-01
7.63998441e-01  6.26605106e-01  9.66488370e-01  9.08865218e-01  3.65832556e-01  9.68349919e-01
7.93943265e-01  6.77571637e-01  8.31703598e-01  9.27935315e-01  4.21564135e-01  8.32947246e-01
8.54581556e-01  9.00238016e-01  4.81224798e-01  9.68710195e-01  9.68010939e-01  4.42843997e-01
8.14822129e-01  7.26959330e-01  7.28734928e-01  9.38692323e-01  5.75305876e-01  7.27774917e-01
9.71892034e-01  3.70863318e-01  4.26570455e-01  9.91076108e-01  3.02320129e-01  4.56165371e-01
9.60711658e-01  2.93070423e-01  5.15038538e-01  9.78957351e-01  2.12074839e-01  5.55116769e-01
8.42161579e-01  8.45055220e-01  5.59522675e-01  9.62421270e-01  7.46583747e-01  5.35816343e-01
8.66357170e-01  5.35312859e-01  6.78458273e-01  9.48768534e-01  4.48514358e-01  6.93534629e-01
8.56237619e-01  7.43073328e-01  5.77637937e-01  9.62089729e-01  6.17337344e-01  5.67855643e-01
7.66886223e-01  5.87708875e-01  9.81936036e-01  9.04820177e-01  4.03834627e-01  9.85340081e-01
8.27318288e-01  4.89081527e-01  8.40746539e-01  9.28675825e-01  3.20403379e-01  8.52017069e-01
9.32516900e-01  3.81659164e-01  5.53262432e-01  9.71443321e-01  2.95835177e-01  5.83575607e-01
8.49883991e-01  9.05353957e-01  4.93854809e-01  9.70675323e-01  8.70712720e-01  4.53151477e-01
9.31476288e-01  4.75051048e-01  4.96461512e-01  9.79720104e-01  3.65727149e-01  5.14566475e-01
7.77799577e-01  7.04280879e-01  8.69184254e-01  9.20995438e-01  4.55129089e-01  8.69543792e-01
8.38423067e-01  3.16655557e-01  9.15287926e-01  9.22394528e-01  1.72655124e-01  9.27597125e-01
7.83610120e-01  5.17450161e-01  9.70760067e-01  9.07608726e-01  3.67604536e-01  9.75989668e-01
8.64427234e-01  5.96521160e-01  6.44975689e-01  9.54376025e-01  4.63360064e-01  6.53567979e-01
8.75012741e-01  3.53582979e-01  7.66757880e-01  9.42658865e-01  2.07788035e-01  7.88871412e-01
8.02874179e-01  7.87452225e-01  7.30032413e-01  9.37601920e-01  6.20744368e-01  7.24068383e-01
8.89930183e-01  5.99368441e-01  5.56527829e-01  9.67692173e-01  4.87134638e-01  5.62588134e-01
7.63120206e-01  6.93323456e-01  9.26149814e-01  9.12769277e-01  4.35513706e-01  9.26909735e-01
7.63471093e-01  6.46763767e-01  9.55189851e-01  9.09826608e-01  3.88385265e-01  9.56875186e-01
8.44666876e-01  2.87608804e-01  9.12645396e-01  9.21520748e-01  1.97576972e-01  9.26815919e-01
8.19568334e-01  8.19450544e-01  6.52568865e-01  9.51292356e-01  6.13547429e-01  6.37979978e-01
8.30165701e-01  3.40380286e-01  9.27627589e-01  9.18808478e-01  2.20088753e-01  9.38907118e-01
8.48063926e-01  9.31187922e-01  4.83262644e-01  9.68536797e-01  9.86567702e-01  4.39586842e-01
8.55523930e-01  3.63033657e-01  8.26802101e-01  9.31633424e-01  2.67693661e-01  8.45462990e-01
8.34656746e-01  2.56266071e-01  9.66993377e-01  9.15997976e-01  1.38346000e-01  9.76175138e-01
8.78274806e-01  7.04009139e-01  5.28168940e-01  9.67039394e-01  6.76891423e-01  5.22097521e-01
8.98157852e-01  4.47960663e-01  6.26887976e-01  9.58269787e-01  3.71462064e-01  6.50237954e-01
8.99336367e-01  6.77512790e-01  4.74152143e-01  9.75758202e-01  6.75858594e-01  4.66952929e-01
1.00561931e+00  2.74887096e-01  3.74357593e-01  9.98144707e-01  2.75964489e-01  4.17047600e-01
8.08022300e-01  6.45255002e-01  8.04873199e-01  9.28309944e-01  5.07439468e-01  8.10326063e-01
8.48911041e-01  5.95030425e-01  6.98632572e-01  9.47565794e-01  4.22674580e-01  7.06814163e-01
9.06797082e-01  2.28911327e-01  7.39768011e-01  9.47136778e-01  1.56640634e-01  7.72201197e-01
8.39291945e-01  7.41289915e-01  6.36337164e-01  9.50127985e-01  6.68900195e-01  6.32413587e-01
9.25054431e-01  5.65818977e-01  4.59338863e-01  9.83052078e-01  4.89779186e-01  4.63995652e-01
8.27619260e-01  2.82949631e-01  9.73566877e-01  9.13307379e-01  1.85986001e-01  9.82210982e-01
7.61844670e-01  7.30016651e-01  9.06656173e-01  9.13741523e-01  4.95061830e-01  9.06654907e-01
9.34260927e-01  4.16495029e-01  5.24724079e-01  9.74623350e-01  3.44577917e-01  5.51709533e-01
8.61467218e-01  3.26053439e-01  8.30927997e-01  9.33503007e-01  1.99381473e-01  8.50075134e-01
8.74965275e-01  5.95103489e-01  6.10112690e-01  9.61416034e-01  4.26664512e-01  6.17067389e-01
8.38993440e-01  8.03942353e-01  5.96674692e-01  9.56158802e-01  7.16521741e-01  5.82532319e-01
8.34032359e-01  4.05634804e-01  8.72126220e-01  9.24986134e-01  2.78410432e-01  8.85563055e-01
9.12716799e-01  2.22515361e-01  7.24116194e-01  9.49352050e-01  1.57063350e-01  7.58413445e-01
9.29593232e-01  3.71443917e-01  5.69822306e-01  9.70352377e-01  2.55514035e-01  6.00063889e-01
9.25697071e-01  5.88875858e-01  4.41889850e-01  9.80665385e-01  6.30051151e-01  4.45757341e-01
9.04476763e-01  2.62798283e-01  7.25943912e-01  9.49040505e-01  1.70777309e-01  7.57182202e-01
8.14312607e-01  6.97174716e-01  7.49803603e-01  9.37737665e-01  5.04755341e-01  7.50506901e-01
9.40385713e-01  2.24745538e-01  6.28415427e-01  9.62440519e-01  1.71907794e-01  6.70478802e-01
8.04823965e-01  7.71570066e-01  7.33723264e-01  9.38326986e-01  5.81821154e-01  7.28583466e-01
8.40948400e-01  2.62477336e-01  9.41592116e-01  9.18202660e-01  1.74190940e-01  9.53598448e-01
8.88561987e-01  7.26858213e-01  4.78403749e-01  9.75011239e-01  7.07517716e-01  4.63772406e-01
8.35624584e-01  4.81150196e-01  8.17688328e-01  9.31164060e-01  3.42251599e-01  8.30918134e-01
9.02603087e-01  3.56578270e-01  6.71122318e-01  9.53992189e-01  2.76027317e-01  7.00135225e-01
9.29942417e-01  4.43736332e-01  5.22000079e-01  9.76061251e-01  3.37108277e-01  5.44764680e-01
8.89228938e-01  7.19550181e-01  4.80883412e-01  9.72618676e-01  7.48598212e-01  4.69441319e-01
8.62263377e-01  3.44973249e-01  8.15642430e-01  9.34987283e-01  2.19799809e-01  8.35234138e-01
9.41425420e-01  5.15261372e-01  4.36275611e-01  9.87604756e-01  4.39827849e-01  4.46048722e-01
8.91554886e-01  2.72296879e-01  7.63358785e-01  9.42537083e-01  1.99905089e-01  7.91508310e-01
8.40630957e-01  6.42579052e-01  6.96176327e-01  9.46983731e-01  4.67551281e-01  7.00496646e-01
8.59957808e-01  2.59838257e-01  8.79046036e-01  9.26994145e-01  1.76966156e-01  8.97088544e-01
8.15181857e-01  3.54770089e-01  9.69170775e-01  9.11891211e-01  2.45801937e-01  9.77208007e-01
9.09279692e-01  6.08167925e-01  4.85409009e-01  9.75405620e-01  5.93033313e-01  4.88713855e-01
8.33361554e-01  4.31460663e-01  8.57635661e-01  9.26160969e-01  3.07643403e-01  8.71146977e-01
8.17934628e-01  7.75801556e-01  6.86454747e-01  9.44247205e-01  6.27593945e-01  6.79846149e-01
8.00413130e-01  5.04166928e-01  9.22618675e-01  9.16220071e-01  3.31843261e-01  9.29708049e-01
7.55671809e-01  6.57237927e-01  9.74875528e-01  9.06059891e-01  4.08132716e-01  9.76378701e-01
8.52161613e-01  5.05457044e-01  7.46047133e-01  9.40735945e-01  3.81035910e-01  7.60927110e-01
8.53631726e-01  4.28270963e-01  7.91169678e-01  9.37812685e-01  2.62480341e-01  8.07584601e-01
8.37323125e-01  7.26895993e-01  6.52666654e-01  9.53003466e-01  5.28708271e-01  6.47499273e-01
9.17470043e-01  4.26414216e-01  5.75299721e-01  9.68202055e-01  3.13501991e-01  6.00198906e-01
8.17027525e-01  3.50131909e-01  9.65914459e-01  9.12853858e-01  2.32727960e-01  9.74113567e-01
8.40714201e-01  3.97494322e-01  8.54720131e-01  9.26873328e-01  2.93116137e-01  8.69999662e-01
8.18626045e-01  9.23390369e-01  5.88584002e-01  9.59385187e-01  7.44544562e-01  5.55763497e-01
8.25043295e-01  3.67459598e-01  9.27440998e-01  9.18785733e-01  2.25369245e-01  9.37809664e-01
8.15640872e-01  6.43066032e-01  7.80424229e-01  9.35362802e-01  4.25854217e-01  7.84311508e-01
8.12842455e-01  6.19106827e-01  8.05481734e-01  9.28573929e-01  4.90902090e-01  8.12527042e-01
8.13883198e-01  8.03400254e-01  6.82294146e-01  9.44993792e-01  6.38534759e-01  6.72483114e-01
7.92274249e-01  5.20062349e-01  9.39640469e-01  9.13934977e-01  3.25599232e-01  9.45314483e-01
8.14943607e-01  4.18627906e-01  9.28516138e-01  9.17593969e-01  2.59314577e-01  9.37459043e-01
8.37229190e-01  9.02505216e-01  5.38675329e-01  9.64632331e-01  8.17452505e-01  5.04437830e-01
9.63322067e-01  3.90808696e-01  4.42721262e-01  9.88190763e-01  3.20373755e-01  4.70415332e-01
8.39712588e-01  3.98567447e-01  8.57723458e-01  9.28786115e-01  2.36392474e-01  8.71606287e-01
8.86479359e-01  4.60431144e-01  6.58448794e-01  9.56047040e-01  3.12969954e-01  6.78261639e-01
8.10686766e-01  7.64235152e-01  7.18577086e-01  9.42032678e-01  5.48224063e-01  7.12732735e-01
8.66496680e-01  4.12808640e-01  7.57223187e-01  9.40892779e-01  3.04149957e-01  7.77507697e-01
8.89256260e-01  7.40158777e-01  4.67411367e-01  9.77608232e-01  7.01763035e-01  4.48475703e-01
8.09507878e-01  8.18337382e-01  6.87453499e-01  9.43105206e-01  6.70598611e-01  6.77043505e-01
9.21175147e-01  4.23582038e-01  5.64557317e-01  9.69818838e-01  3.13436014e-01  5.89847727e-01
8.74206496e-01  6.57264261e-01  5.72331827e-01  9.63383679e-01  5.59907267e-01  5.73080272e-01
9.03675696e-01  4.68189815e-01  5.95018053e-01  9.63402471e-01  3.75499887e-01  6.16376728e-01
8.12012897e-01  3.70022706e-01  9.70029939e-01  9.13319666e-01  2.08037897e-01  9.76940006e-01
9.20440377e-01  4.90374902e-01  5.23688768e-01  9.75512380e-01  3.67449088e-01  5.40624367e-01
8.45549111e-01  7.60541223e-01  6.02592104e-01  9.59628922e-01  5.84806507e-01  5.91293193e-01
8.03402934e-01  6.76499806e-01  8.00273795e-01  9.28686198e-01  5.25227611e-01  8.03725340e-01
8.11884190e-01  5.30040431e-01  8.66863540e-01  9.24220579e-01  3.45568199e-01  8.75175896e-01
8.49546022e-01  2.95192805e-01  8.91449498e-01  9.25717074e-01  1.71118065e-01  9.06654254e-01
8.44567474e-01  4.88336132e-01  7.82653597e-01  9.35301006e-01  3.71689822e-01  7.97460553e-01
8.67607969e-01  5.09131617e-01  6.90911744e-01  9.48831310e-01  3.87555433e-01  7.06968252e-01
8.82608033e-01  5.58810854e-01  6.07722374e-01  9.60102863e-01  4.50260052e-01  6.19932033e-01
7.87819619e-01  5.68053601e-01  9.23608171e-01  9.16479243e-01  3.29974112e-01  9.27970047e-01
9.51279176e-01  3.35545622e-01  5.19491228e-01  9.75981731e-01  2.89038014e-01  5.56076011e-01
8.41623679e-01  5.90804858e-01  7.26121704e-01  9.42153673e-01  4.48972803e-01  7.35325024e-01
8.28936841e-01  3.97051370e-01  8.95003478e-01  9.21245990e-01  2.87004375e-01  9.07522040e-01
8.76997810e-01  2.86380385e-01  8.03648527e-01  9.37195212e-01  1.93243131e-01  8.27329365e-01
7.97700874e-01  6.40895306e-01  8.42754830e-01  9.24097833e-01  4.64949051e-01  8.47338767e-01
7.44780290e-01  7.12995030e-01  9.75660227e-01  9.04986497e-01  4.39318051e-01  9.75918907e-01
9.47763786e-01  4.46244290e-01  4.59560229e-01  9.82413672e-01  4.26017720e-01  4.82584725e-01
8.46810856e-01  7.70672045e-01  5.91729548e-01  9.57097854e-01  6.95602389e-01  5.81436444e-01
7.90875595e-01  7.33639965e-01  8.05717295e-01  9.30551180e-01  4.74793977e-01  8.03641295e-01
8.68115257e-01  6.94024027e-01  5.69150260e-01  9.65307949e-01  5.46686256e-01  5.63854750e-01
8.50718339e-01  2.94420788e-01  8.87671377e-01  9.25003109e-01  2.00423668e-01  9.03816130e-01
9.48788308e-01  4.37501174e-01  4.61757748e-01  9.83931706e-01  3.76113565e-01  4.84600611e-01
9.07427643e-01  4.15069968e-01  6.16764876e-01  9.61208123e-01  3.23168424e-01  6.42767776e-01
8.57686557e-01  6.20409316e-01  6.52356398e-01  9.54839945e-01  4.34090766e-01  6.57484542e-01
9.22109639e-01  5.33555133e-01  4.89986493e-01  9.75058017e-01  5.34867155e-01  5.04120997e-01
9.38980837e-01  3.32529390e-01  5.63209790e-01  9.71046373e-01  2.44713859e-01  5.98156838e-01
8.88105264e-01  4.10702388e-01  6.85511004e-01  9.52163270e-01  2.90546909e-01  7.08959915e-01
8.19741726e-01  6.68093348e-01  7.50247913e-01  9.36089133e-01  5.33459626e-01  7.54319101e-01
9.84725369e-01  3.22613460e-01  4.14318941e-01  9.93512984e-01  2.61667073e-01  4.50111705e-01
7.64194769e-01  6.32233133e-01  9.62165406e-01  9.05404191e-01  4.71281803e-01  9.65714660e-01
9.38772043e-01  4.00191322e-01  5.19991091e-01  9.76690640e-01  3.04149712e-01  5.47972646e-01
8.03438728e-01  3.88594086e-01  9.87387282e-01  9.08948398e-01  2.59362500e-01  9.93401431e-01
7.42001909e-01  6.97688410e-01  9.95034852e-01  9.02697101e-01  4.18516373e-01  9.95496926e-01
7.79066437e-01  7.68364844e-01  8.23273630e-01  9.26481928e-01  5.16836844e-01  8.19834851e-01
8.38537832e-01  4.41496347e-01  8.33541447e-01  9.29528340e-01  3.14448816e-01  8.47952639e-01
8.82450422e-01  7.04272696e-01  5.13819696e-01  9.74085246e-01  5.67986838e-01  5.02560615e-01
7.96578062e-01  6.45660952e-01  8.43473722e-01  9.24229211e-01  4.60088998e-01  8.47640640e-01
8.88953643e-01  7.43732873e-01  4.66118146e-01  9.72646279e-01  8.26182172e-01  4.50998164e-01
8.72106411e-01  3.45372665e-01  7.81957181e-01  9.38912735e-01  2.43748796e-01  8.04425071e-01
7.62384829e-01  7.10458909e-01  9.17521338e-01  9.14076230e-01  4.39736166e-01  9.17535114e-01
8.55423552e-01  5.64215790e-01  6.96820757e-01  9.45461146e-01  4.71442386e-01  7.09343357e-01
8.14013478e-01  4.85220702e-01  8.88435561e-01  9.21103624e-01  3.31448051e-01  8.97970662e-01
8.85026758e-01  4.45781742e-01  6.73189492e-01  9.52565385e-01  3.39649923e-01  6.94820591e-01
8.67680506e-01  6.70221860e-01  5.86377309e-01  9.63319157e-01  5.14524745e-01  5.84695027e-01
8.84544720e-01  4.95682870e-01  6.42130670e-01  9.54890601e-01  4.17373212e-01  6.61095781e-01
8.31773922e-01  2.45118732e-01  9.84021907e-01  9.12414285e-01  1.67331763e-01  9.92329926e-01
8.16344402e-01  8.13144719e-01  6.67610248e-01  9.48104372e-01  6.26739277e-01  6.55315302e-01
8.19111229e-01  7.06350912e-01  7.27550856e-01  9.41255051e-01  5.08834862e-01  7.26992829e-01
7.71633621e-01  6.67262378e-01  9.14158872e-01  9.13773000e-01  4.52554316e-01  9.16461466e-01
8.36835628e-01  3.55294358e-01  8.95291925e-01  9.22203610e-01  2.54330314e-01  9.09074710e-01
8.41848004e-01  2.71094866e-01  9.32941429e-01  9.19321329e-01  1.77989737e-01  9.45530865e-01
8.58111387e-01  4.85929320e-01  7.38224518e-01  9.44005065e-01  3.20737016e-01  7.53646218e-01
9.05655750e-01  6.14124248e-01  4.93847463e-01  9.74528565e-01  5.83682716e-01  4.96538913e-01
8.14400081e-01  3.42882605e-01  9.79545406e-01  9.11991828e-01  2.03952233e-01  9.86416428e-01
7.85638368e-01  5.27020722e-01  9.57956194e-01  9.11641829e-01  3.17302826e-01  9.62488272e-01
8.17133846e-01  8.32669343e-01  6.52551290e-01  9.51912718e-01  6.07163467e-01  6.36021486e-01
7.95283691e-01  4.68555211e-01  9.62864687e-01  9.11833934e-01  2.84130550e-01  9.68550710e-01
8.47230631e-01  9.15807144e-01  4.96077827e-01  9.67422120e-01  9.45070893e-01  4.56503886e-01
8.08791326e-01  7.88941153e-01  7.08972226e-01  9.40284084e-01  6.39970925e-01  7.02343575e-01
8.31495273e-01  6.18732685e-01  7.42681325e-01  9.40354480e-01  4.41908120e-01  7.49041035e-01
7.76883650e-01  7.32846384e-01  8.54044621e-01  9.21555312e-01  5.10071305e-01  8.53533985e-01
9.35929488e-01  5.16097532e-01  4.54692070e-01  9.84669865e-01  4.37812461e-01  4.65857547e-01
8.47447682e-01  8.34875849e-01  5.47884379e-01  9.65945019e-01  7.03013895e-01  5.22964267e-01
9.13300605e-01  5.95741598e-01  4.79525589e-01  9.76863646e-01  5.72265836e-01  4.83738428e-01
8.20285761e-01  3.50525883e-01  9.54593153e-01  9.14464944e-01  2.33262545e-01  9.63657033e-01
9.10080285e-01  4.53866423e-01  5.82569660e-01  9.65879661e-01  3.55619904e-01  6.05173687e-01
7.47429767e-01  8.02918489e-01  9.08275034e-01  9.13225327e-01  5.16417385e-01  9.04936677e-01
9.51423602e-01  5.23533405e-01  3.97253368e-01  9.89169996e-01  5.68651833e-01  4.06198881e-01
8.18309698e-01  9.01766850e-01  6.03696978e-01  9.56921627e-01  7.26711598e-01  5.75758214e-01
8.00492572e-01  8.49180481e-01  6.98042801e-01  9.42192388e-01  6.63702854e-01  6.84520018e-01
8.01937067e-01  7.27284448e-01  7.72279021e-01  9.32048194e-01  5.67751370e-01  7.72155965e-01
7.90185852e-01  6.78265868e-01  8.44011738e-01  9.24074060e-01  4.70254615e-01  8.46242009e-01
7.96082342e-01  6.37520910e-01  8.50441704e-01  9.21950262e-01  4.88181250e-01  8.55639296e-01
7.70879636e-01  6.37929290e-01  9.36063043e-01  9.11160127e-01  4.30150265e-01  9.39006985e-01
8.75411392e-01  4.38500429e-01  7.10270259e-01  9.46784182e-01  3.39730081e-01  7.31354644e-01
7.80965559e-01  6.09591282e-01  9.19914258e-01  9.16131280e-01  3.60150072e-01  9.23096308e-01
9.15682486e-01  5.95544241e-01  4.71566165e-01  9.81136920e-01  5.03138811e-01  4.72613842e-01
9.60956854e-01  4.33652004e-01  4.22937771e-01  9.89025307e-01  4.05337241e-01  4.45060736e-01
7.72427504e-01  5.78144618e-01  9.69625592e-01  9.08036222e-01  3.70718933e-01  9.73031366e-01
9.09682518e-01  6.43584576e-01  4.60750301e-01  9.77389198e-01  6.67501644e-01  4.57946555e-01
9.38761466e-01  2.64323147e-01  6.08235985e-01  9.65392759e-01  1.87864906e-01  6.47792130e-01
8.33491702e-01  6.71346063e-01  7.01444207e-01  9.43280357e-01  5.47612807e-01  7.04876563e-01
8.58742718e-01  6.85384012e-01  6.06585621e-01  9.59751618e-01  5.26132244e-01  6.04320771e-01
8.07773885e-01  7.31385333e-01  7.49796100e-01  9.36497319e-01  5.47858325e-01  7.48311693e-01
8.98943829e-01  7.29325186e-01  4.41549723e-01  9.78776195e-01  7.75616681e-01  4.23599012e-01
9.38720827e-01  3.83893509e-01  5.30745802e-01  9.74658721e-01  3.03828599e-01  5.61076738e-01
8.75355032e-01  4.07439300e-01  7.30926296e-01  9.46220821e-01  2.68963623e-01  7.52144681e-01
9.43527409e-01  2.53429356e-01  5.99124973e-01  9.65995769e-01  2.01371856e-01  6.40745558e-01
8.88033617e-01  2.32678028e-01  8.01337371e-01  9.38729534e-01  1.51958668e-01  8.27727652e-01
9.09386497e-01  4.65182872e-01  5.77876363e-01  9.67619805e-01  3.38749996e-01  5.98504041e-01
8.84638528e-01  6.97993753e-01  5.10763396e-01  9.71606712e-01  6.37391833e-01  5.02628299e-01
8.61533609e-01  4.24739106e-01  7.66330787e-01  9.39148450e-01  3.17632095e-01  7.85518140e-01
8.62219091e-01  7.40300794e-01  5.59127186e-01  9.66164578e-01  5.93390370e-01  5.47366131e-01
9.07903599e-01  2.36633409e-01  7.30996944e-01  9.48158323e-01  1.64592365e-01  7.63778807e-01
7.34510966e-01  7.80735936e-01  9.66848240e-01  9.04936345e-01  4.87319579e-01  9.65454644e-01
8.85627748e-01  6.81021941e-01  5.18125035e-01  9.68017496e-01  6.80200503e-01  5.15046956e-01
8.03462788e-01  3.99994069e-01  9.79605850e-01  9.10581025e-01  2.45586607e-01  9.85659937e-01
8.78641820e-01  5.27036027e-01  6.41820139e-01  9.57308565e-01  3.73046921e-01  6.56028113e-01
8.85963067e-01  4.19265786e-01  6.86927782e-01  9.51095610e-01  3.12727180e-01  7.10067364e-01
8.53156687e-01  2.23289703e-01  9.25576819e-01  9.21620648e-01  1.39293484e-01  9.39898213e-01
8.78982395e-01  3.21171200e-01  7.74320847e-01  9.41002229e-01  2.12532833e-01  7.98376747e-01
8.46626507e-01  7.30896844e-01  6.18179558e-01  9.56315660e-01  5.86336087e-01  6.12177493e-01
7.79398877e-01  6.33632460e-01  9.09921705e-01  9.15770291e-01  4.14551772e-01  9.13118377e-01
9.37187146e-01  4.08794160e-01  5.19787424e-01  9.75435158e-01  3.39681552e-01  5.47657092e-01
8.78772940e-01  2.92746803e-01  7.93486857e-01  9.38340419e-01  2.02559125e-01  8.17792773e-01
7.84076732e-01  5.96992939e-01  9.17825294e-01  9.14659383e-01  4.05369367e-01  9.22403735e-01
8.19590816e-01  3.08377253e-01  9.84619878e-01  9.11877989e-01  1.87084995e-01  9.91634051e-01
8.09260792e-01  4.01083961e-01  9.59207013e-01  9.13132702e-01  2.56409186e-01  9.66749756e-01
9.94863558e-01  3.36293696e-01  3.71310594e-01  9.97966714e-01  3.35435640e-01  4.04703342e-01
9.24128714e-01  2.99764158e-01  6.34914301e-01  9.61248587e-01  2.07377926e-01  6.69770263e-01
8.30519541e-01  5.36893445e-01  7.99129092e-01  9.31630920e-01  4.17449055e-01  8.10735810e-01
8.32299319e-01  5.10790063e-01  8.09736124e-01  9.31556437e-01  3.70040169e-01  8.21859442e-01
8.13943184e-01  7.42654653e-01  7.21529606e-01  9.40174593e-01  5.73504517e-01  7.18694694e-01
8.30932475e-01  6.66586631e-01  7.13224419e-01  9.40356085e-01  5.71704933e-01  7.17954692e-01
8.35582437e-01  5.94416121e-01  7.44292260e-01  9.40561220e-01  4.19998150e-01  7.52357786e-01
8.12104846e-01  6.28287848e-01  8.02026012e-01  9.29955333e-01  4.72435136e-01  8.08017326e-01
8.08227070e-01  6.78791984e-01  7.82403333e-01  9.30818702e-01  5.42533659e-01  7.85976940e-01
7.86790676e-01  5.94420163e-01  9.09981707e-01  9.16083385e-01  3.96953114e-01  9.14738158e-01
8.55739090e-01  3.64055200e-01  8.25408158e-01  9.31763411e-01  2.69743113e-01  8.44146961e-01
8.79201602e-01  4.36801109e-01  6.98503741e-01  9.50842825e-01  2.82542779e-01  7.18794927e-01
9.29400372e-01  3.82285909e-01  5.63438224e-01  9.70883579e-01  2.71657829e-01  5.92856954e-01
8.06822762e-01  6.29488362e-01  8.19183749e-01  9.27133694e-01  4.77038245e-01  8.25026146e-01
8.41663058e-01  5.45429062e-01  7.55448682e-01  9.39289189e-01  3.92508557e-01  7.66986389e-01
8.51494860e-01  2.60728048e-01  9.06911460e-01  9.23767070e-01  1.57047733e-01  9.21954680e-01
9.26943469e-01  4.58253797e-01  5.22460144e-01  9.72226400e-01  4.33283355e-01  5.46193815e-01
7.84717694e-01  5.06613944e-01  9.74035275e-01  9.08383022e-01  3.34209208e-01  9.78887684e-01
8.74131151e-01  6.66206694e-01  5.66781897e-01  9.63644109e-01  5.80671361e-01  5.66521728e-01
9.08694782e-01  5.42929768e-01  5.29452193e-01  9.73882749e-01  4.13500431e-01  5.40231110e-01
8.55989953e-01  8.56832359e-01  5.04920126e-01  9.66509685e-01  8.88109197e-01  4.76281416e-01
8.30393086e-01  5.98901196e-01  7.59002931e-01  9.39785490e-01  3.84293075e-01  7.65738358e-01
7.75721104e-01  8.69261138e-01  7.69125130e-01  9.32857938e-01  6.10832829e-01  7.56820509e-01
9.51255513e-01  3.71195190e-01  4.96427300e-01  9.79843209e-01  3.02009787e-01  5.28262500e-01
7.87643736e-01  7.19658393e-01  8.25769425e-01  9.26171283e-01  5.00642341e-01  8.25639689e-01
9.73216278e-01  3.33887380e-01  4.46079076e-01  9.86251278e-01  3.18807522e-01  4.83219831e-01
9.27176834e-01  6.02250242e-01  4.28480041e-01  9.84047271e-01  6.16804338e-01  4.27708148e-01
8.49836928e-01  7.93699035e-01  5.66801515e-01  9.58922984e-01  7.68922780e-01  5.52987548e-01
8.58029360e-01  7.75904331e-01  5.50535734e-01  9.60641814e-01  7.83978748e-01  5.38421824e-01
9.49053074e-01  3.74313907e-01  5.02178733e-01  9.79377751e-01  2.95096500e-01  5.33390820e-01
8.45848269e-01  4.87716816e-01  7.78706686e-01  9.36818396e-01  3.48456981e-01  7.93201006e-01
7.64665618e-01  5.83721833e-01  9.92363916e-01  9.03115538e-01  4.08644678e-01  9.95654366e-01
7.65357763e-01  6.03600949e-01  9.76807341e-01  9.04213365e-01  4.40970316e-01  9.80487431e-01
9.38151296e-01  2.54762333e-01  6.16812611e-01  9.64217661e-01  1.83857654e-01  6.56786500e-01
8.08756633e-01  4.63040308e-01  9.20690636e-01  9.18811886e-01  2.64620911e-01  9.28400127e-01
7.94707756e-01  4.65812467e-01  9.66899264e-01  9.11518367e-01  2.78842406e-01  9.72335522e-01
7.93757896e-01  6.22951413e-01  8.67795606e-01  9.20835165e-01  4.45685889e-01  8.72794894e-01
8.83134855e-01  5.44847227e-01  6.14998870e-01  9.58046889e-01  4.65634428e-01  6.29495082e-01
9.40274966e-01  2.94848852e-01  5.83278516e-01  9.68260662e-01  2.21489474e-01  6.21486637e-01
8.11886699e-01  3.59844614e-01  9.77364532e-01  9.11219536e-01  2.35574803e-01  9.84439172e-01
8.34076172e-01  3.56944076e-01  9.03592532e-01  9.22240023e-01  2.23455998e-01  9.16110557e-01
9.45025296e-01  4.58305044e-01  4.61326528e-01  9.82964391e-01  4.15468194e-01  4.82053531e-01
8.14539764e-01  7.62107834e-01  7.06873926e-01  9.42674636e-01  5.78393210e-01  7.01513391e-01
8.59288072e-01  5.08536458e-01  7.19550269e-01  9.44211609e-01  3.93472351e-01  7.35196741e-01
9.58839208e-01  4.46449739e-01  4.21819742e-01  9.87620446e-01  4.51211838e-01  4.43267916e-01
8.30445634e-01  6.78633295e-01  7.07057080e-01  9.43617944e-01  5.20283742e-01  7.09146380e-01
9.81179783e-01  3.19195625e-01  4.28577026e-01  9.91687773e-01  2.47901612e-01  4.65055636e-01
7.92665054e-01  7.75172855e-01  7.72673791e-01  9.32903048e-01  5.61486780e-01  7.68149544e-01
8.34489359e-01  3.94384707e-01  8.77879337e-01  9.25414902e-01  2.44245055e-01  8.90857915e-01
9.40635249e-01  3.24188290e-01  5.63007158e-01  9.70396908e-01  2.57260033e-01  5.99367293e-01
9.17715511e-01  2.80738053e-01  6.69043569e-01  9.55571265e-01  2.16665025e-01  7.03986638e-01
9.22257641e-01  6.02907838e-01  4.44756525e-01  9.82088850e-01  5.96522022e-01  4.45040474e-01
8.35002778e-01  2.60356452e-01  9.63459423e-01  9.15732863e-01  1.60421490e-01  9.73193611e-01
8.78186047e-01  8.21762140e-01  4.52022160e-01  9.74817134e-01  8.92640531e-01  4.21432184e-01
8.34669277e-01  3.45222121e-01  9.09189363e-01  9.21519831e-01  2.19320229e-01  9.21702337e-01
8.83015880e-01  6.21143266e-01  5.65869404e-01  9.66029035e-01  5.02172176e-01  5.69711602e-01
8.54900533e-01  2.57947824e-01  8.97150429e-01  9.24298263e-01  1.78005178e-01  9.13614152e-01
9.04425819e-01  3.34007941e-01  6.79586894e-01  9.54676764e-01  2.20032004e-01  7.08929439e-01
8.74984452e-01  5.02005360e-01  6.70787416e-01  9.51533271e-01  3.96250710e-01  6.88112250e-01
8.70991736e-01  6.85989779e-01  5.64895902e-01  9.62957516e-01  6.17764350e-01  5.62707138e-01
8.33745540e-01  5.28496692e-01  7.93328490e-01  9.33335292e-01  3.92294511e-01  8.05213564e-01
8.07462503e-01  6.11759050e-01  8.28522666e-01  9.26663898e-01  4.48029338e-01  8.34868578e-01
8.45910182e-01  5.53184163e-01  7.35991474e-01  9.42574367e-01  3.87531215e-01  7.47093575e-01
9.20882153e-01  5.85960624e-01  4.60429706e-01  9.82110730e-01  5.20868021e-01  4.62711972e-01
7.68108878e-01  6.76503150e-01  9.20129607e-01  9.14035762e-01  4.24206179e-01  9.21451148e-01
7.94769014e-01  6.01831834e-01  8.78074058e-01  9.18599753e-01  4.57637251e-01  8.84314762e-01
7.46288847e-01  6.80148235e-01  9.91865159e-01  9.03541758e-01  4.07732229e-01  9.92619915e-01
9.43100333e-01  5.45220942e-01  4.11137927e-01  9.88073636e-01  5.51258807e-01  4.16807342e-01
9.26106471e-01  4.96813397e-01  5.00268804e-01  9.77375965e-01  4.17553197e-01  5.16878794e-01
9.06267153e-01  3.33816410e-01  6.73458054e-01  9.53664319e-01  2.67141387e-01  7.04329669e-01
8.03790829e-01  6.16287156e-01  8.38051177e-01  9.24797974e-01  4.59273132e-01  8.44185773e-01
9.15233989e-01  6.17100485e-01  4.59094014e-01  9.79335494e-01  6.10538374e-01  4.58878451e-01
8.70716896e-01  5.09789512e-01  6.79927758e-01  9.51142967e-01  3.72395126e-01  6.95715292e-01
9.03898751e-01  3.21891066e-01  6.89243341e-01  9.53176529e-01  2.17695168e-01  7.19099158e-01
7.62292282e-01  8.27755567e-01  8.41676735e-01  9.23683350e-01  5.29757323e-01  8.34737507e-01
8.45750166e-01  9.09216460e-01  5.05384015e-01  9.68671296e-01  8.70416305e-01  4.66070811e-01
8.43732235e-01  5.50836796e-01  7.45208155e-01  9.39036434e-01  4.41461299e-01  7.57597616e-01
9.02535050e-01  5.84538431e-01  5.23354233e-01  9.70012559e-01  5.53941300e-01  5.31981135e-01
8.35922974e-01  8.36302793e-01  5.86389647e-01  9.60709600e-01  6.70037835e-01  5.64813310e-01
8.03401548e-01  5.76096729e-01  8.65469586e-01  9.24809471e-01  3.44141524e-01  8.71219521e-01
8.97865581e-01  2.45761109e-01  7.59157510e-01  9.43718150e-01  1.77959569e-01  7.89102207e-01
8.44617257e-01  2.38758635e-01  9.44533422e-01  9.18508908e-01  1.52850078e-01  9.56659451e-01
8.97198229e-01  5.46731366e-01  5.66021681e-01  9.66581759e-01  4.48592162e-01  5.78782455e-01
8.35660364e-01  3.43079000e-01  9.07512308e-01  9.20924820e-01  2.42278220e-01  9.20628419e-01
8.12357494e-01  7.83619195e-01  7.00318065e-01  9.43090090e-01  6.03634766e-01  6.92906559e-01
9.49592084e-01  4.14456070e-01  4.74287339e-01  9.82210920e-01  3.56643990e-01  5.00734167e-01
1.01302291e+00  2.63727244e-01  3.56463702e-01  1.00118772e+00  2.66640180e-01  3.99731521e-01
8.79358987e-01  3.39297454e-01  7.61273110e-01  9.41874191e-01  2.43056437e-01  7.85599021e-01
8.86849835e-01  5.79288033e-01  5.80023883e-01  9.61751184e-01  5.27728781e-01  5.91123830e-01
8.30288678e-01  2.57823779e-01  9.80816685e-01  9.13795771e-01  1.44877423e-01  9.88758394e-01
