9.74597901e-01  2.85863552e-01  4.72863209e-01  9.84078215e-01  2.44018059e-01  5.15277785e-01
8.45523226e-01  3.32972680e-01  8.80283173e-01  9.26898081e-01  1.86325603e-01  8.94984619e-01
7.74053077e-01  6.26491837e-01  9.32413924e-01  9.10217229e-01  4.64129466e-01  9.36536412e-01
8.47077800e-01  8.26053368e-01  5.54868023e-01  9.63810896e-01  7.19106657e-01  5.32859186e-01
7.45179783e-01  7.48709367e-01  9.51411531e-01  9.07989866e-01  4.67358221e-01  9.50574705e-01
8.53536157e-01  2.83205660e-01  8.85384622e-01  9.26859447e-01  1.59775999e-01  9.01483433e-01
9.48815048e-01  2.33769208e-01  5.93934121e-01  9.67358206e-01  1.78457213e-01  6.37404720e-01
8.33686787e-01  9.22811711e-01  5.37520549e-01  9.65327885e-01  8.19648708e-01  4.99460942e-01
8.66554016e-01  7.06653697e-01  5.66549531e-01  9.64739558e-01  5.79971173e-01  5.60178840e-01
8.85767967e-01  6.14484680e-01  5.61145228e-01  9.68893354e-01  4.50293956e-01  5.64076203e-01
8.97839505e-01  3.10472794e-01  7.17231743e-01  9.48090480e-01  2.38619648e-01  7.46784495e-01
8.78357626e-01  7.64117949e-01  4.88864020e-01  9.76328246e-01  6.58332326e-01  4.66908013e-01
7.40832532e-01  7.21391737e-01  9.83614980e-01  9.03519752e-01  4.45857395e-01  9.83784345e-01
7.51195987e-01  6.88962612e-01  9.69477036e-01  9.07272599e-01  4.02724425e-01  9.69875908e-01
8.69581155e-01  8.42763014e-01  4.67606428e-01  9.71146658e-01  9.26969492e-01  4.36884430e-01
8.68163036e-01  6.59291738e-01  5.91537623e-01  9.63569309e-01  4.80126253e-01  5.90673656e-01
8.94849573e-01  3.42484976e-01  7.06600938e-01  9.48916095e-01  2.67230571e-01  7.34754348e-01
8.36126641e-01  2.42568156e-01  9.70895575e-01  9.15032214e-01  1.47455021e-01  9.80223113e-01
9.41656002e-01  2.82002212e-01  5.86929232e-01  9.66962821e-01  2.34131337e-01  6.26831922e-01
9.04897523e-01  5.58923839e-01  5.32260087e-01  9.73753363e-01  4.16608688e-01  5.40845106e-01
7.26060952e-01  8.00449770e-01  9.82447298e-01  9.02772097e-01  4.79285082e-01  9.80707854e-01
9.35051880e-01  2.91457033e-01  6.03215995e-01  9.64424064e-01  2.41075262e-01  6.41475438e-01
8.63815576e-01  6.96902834e-01  5.81880742e-01  9.59325931e-01  6.41150303e-01  5.79970389e-01
7.78845118e-01  5.65026043e-01  9.56050408e-01  9.08440437e-01  4.08740247e-01  9.60971052e-01
9.22431683e-01  5.43887110e-01  4.82185236e-01  9.75932337e-01  5.51168094e-01  4.94677092e-01
8.10742349e-01  7.15744925e-01  7.49869629e-01  9.34463935e-01  5.92166241e-01  7.50917787e-01
8.74717631e-01  2.19756215e-01  8.54946884e-01  9.31062447e-01  1.52262261e-01  8.76818470e-01
9.41269536e-01  5.42783459e-01  4.18936800e-01  9.84830522e-01  5.93625670e-01  4.27626988e-01
9.28757127e-01  2.99577221e-01  6.19319338e-01  9.64092115e-01  1.94197610e-01  6.54640827e-01
8.40642465e-01  2.14289396e-01  9.73921473e-01  9.15246938e-01  1.28264139e-01  9.83364784e-01
7.98687206e-01  5.37183807e-01  9.06743648e-01  9.16118345e-01  3.97977767e-01  9.14272753e-01
9.23135129e-01  3.23160553e-01  6.23098650e-01  9.63255225e-01  2.10672647e-01  6.56128025e-01
7.73676644e-01  8.11654219e-01  8.13469840e-01  9.26406623e-01  5.71140835e-01  8.07532030e-01
8.46145459e-01  9.32173575e-01  4.89137318e-01  9.70293513e-01  9.20376088e-01  4.43906989e-01
8.35421700e-01  3.06967080e-01  9.31473956e-01  9.20015180e-01  1.70717839e-01  9.42793908e-01
8.63633227e-01  7.66413812e-01  5.37371442e-01  9.65840272e-01  7.06307002e-01  5.22860584e-01
8.11755666e-01  7.37131562e-01  7.32841306e-01  9.38228183e-01  5.76510017e-01  7.30983681e-01
8.51560593e-01  5.57424808e-01  7.14051290e-01  9.47352890e-01  3.54487158e-01  7.24233585e-01
8.88953643e-01  7.43732873e-01  4.66118146e-01  9.72646279e-01  8.26182172e-01  4.50998164e-01
8.35091291e-01  2.42263553e-01  9.74609667e-01  9.14571604e-01  1.45846504e-01  9.83555389e-01
8.89452080e-01  3.96027107e-01  6.90465465e-01  9.51823359e-01  2.75276769e-01  7.14734680e-01
9.46899358e-01  2.79972364e-01  5.70442686e-01  9.69441560e-01  2.32788719e-01  6.11254481e-01
7.99830071e-01  5.22068609e-01  9.12676909e-01  9.15902087e-01  3.78282074e-01  9.20296792e-01
9.09430854e-01  6.58554319e-01  4.51886107e-01  9.77137650e-01  7.20075011e-01  4.47181711e-01
9.20437732e-01  3.61472770e-01  6.07384640e-01  9.65283005e-01  2.35075874e-01  6.37380427e-01
8.42599044e-01  9.14300140e-01  5.12783319e-01  9.65314905e-01  9.21012234e-01  4.75679371e-01
7.33737122e-01  7.93906973e-01  9.60626989e-01  9.06260074e-01  4.78680681e-01  9.58484408e-01
9.11145115e-01  3.55112655e-01  6.43068445e-01  9.60268663e-01  2.23843085e-01  6.72176915e-01
8.81706667e-01  7.01102379e-01  5.18403390e-01  9.72952863e-01  5.74108073e-01  5.08380153e-01
7.65357763e-01  6.03600949e-01  9.76807341e-01  9.04213365e-01  4.40970316e-01  9.80487431e-01
8.87946194e-01  6.70873495e-01  5.16841840e-01  9.74014413e-01  5.36366457e-01  5.10459444e-01
9.62411108e-01  4.75193463e-01  3.91030501e-01  9.93511556e-01  4.56196336e-01  4.04321420e-01
7.87108925e-01  4.77826765e-01  9.84607403e-01  9.09044264e-01  2.74168953e-01  9.88784250e-01
8.88071481e-01  3.99544927e-01  6.92572470e-01  9.52508936e-01  2.49821984e-01  7.15815708e-01
7.97493636e-01  4.50102444e-01  9.67340544e-01  9.09994811e-01  3.11816409e-01  9.73824936e-01
8.35852688e-01  7.36849179e-01  6.50898792e-01  9.47275580e-01  6.78001982e-01  6.48560149e-01
8.04610016e-01  4.30078541e-01  9.56175344e-01  9.14124944e-01  2.46123784e-01  9.62808975e-01
8.29427003e-01  4.42517310e-01  8.63819310e-01  9.27209041e-01  2.60777339e-01  8.75461116e-01
9.67868798e-01  3.83524095e-01  4.32011939e-01  9.90099371e-01  3.12251253e-01  4.60089918e-01
7.75721104e-01  8.69261138e-01  7.69125130e-01  9.32857938e-01  6.10832829e-01  7.56820509e-01
8.33458124e-01  7.04546343e-01  6.80300583e-01  9.45732447e-01  5.86482402e-01  6.80518415e-01
9.49339166e-01  4.75132670e-01  4.35456183e-01  9.86256538e-01  4.48238542e-01  4.52713126e-01
7.62914748e-01  6.39721938e-01  9.61651641e-01  9.09125278e-01  3.79892098e-01  9.63372007e-01
8.56866413e-01  8.01006908e-01  5.37889882e-01  9.62996278e-01  7.93596899e-01  5.20544561e-01
8.75978719e-01  7.18415750e-01  5.26612223e-01  9.65483853e-01  7.29151614e-01  5.19767417e-01
9.05536524e-01  6.36056920e-01  4.79715829e-01  9.79016622e-01  5.46641669e-01  4.75966704e-01
9.03634404e-01  3.70758087e-01  6.58414670e-01  9.57219398e-01  2.48591664e-01  6.85901893e-01
7.49825171e-01  7.25351076e-01  9.50504816e-01  9.08893060e-01  4.42278659e-01  9.50172024e-01
9.64550030e-01  3.47841522e-01  4.66446436e-01  9.82923377e-01  3.28789129e-01  5.02207901e-01
8.02040058e-01  8.93101412e-01  6.64272344e-01  9.46914568e-01  7.08524130e-01  6.43688723e-01
9.68748164e-01  3.70138207e-01  4.37716105e-01  9.86389499e-01  3.69518873e-01  4.70394196e-01
9.11939303e-01  5.84884953e-01  4.91196685e-01  9.78308638e-01  4.84328349e-01  4.95177143e-01
1.01033799e+00  2.51241236e-01  3.73686394e-01  9.98317508e-01  2.58890216e-01  4.19959548e-01
7.41807133e-01  7.44955728e-01  9.65004416e-01  9.05068974e-01  4.84122364e-01  9.64840783e-01
8.81358078e-01  7.12162725e-01  5.12406368e-01  9.73570493e-01  5.91056019e-01  5.00429785e-01
8.14282870e-01  4.10641003e-01  9.35945309e-01  9.15049485e-01  2.95090356e-01  9.45351390e-01
8.49529832e-01  3.26114787e-01  8.71129450e-01  9.28105147e-01  1.87728902e-01  8.86914314e-01
7.72403667e-01  7.30414521e-01  8.70540536e-01  9.20667555e-01  4.64205129e-01  8.69509274e-01
8.93257899e-01  6.78525382e-01  4.94135136e-01  9.77052905e-01  5.63827615e-01  4.85027775e-01
7.83610120e-01  5.17450161e-01  9.70760067e-01  9.07608726e-01  3.67604536e-01  9.75989668e-01
9.87000024e-01  3.16251979e-01  4.10725192e-01  9.93390948e-01  2.74342103e-01  4.47910011e-01
8.09507878e-01  8.18337382e-01  6.87453499e-01  9.43105206e-01  6.70598611e-01  6.77043505e-01
8.64973546e-01  8.69044523e-01  4.66189452e-01  9.71706686e-01  9.39833274e-01  4.30265000e-01
8.17788937e-01  7.08090718e-01  7.31209286e-01  9.41244939e-01  4.97415110e-01  7.30262577e-01
8.53041926e-01  8.96948724e-01  4.88588784e-01  9.73409016e-01  8.23368836e-01  4.46769937e-01
8.00849346e-01  5.41744698e-01  8.96439739e-01  9.17804187e-01  3.95369416e-01  9.04076966e-01
8.70462115e-01  6.48627331e-01  5.90653407e-01  9.58586463e-01  5.98452410e-01  5.94764608e-01
8.97221203e-01  2.67026449e-01  7.47539010e-01  9.44864035e-01  1.96806897e-01  7.77317203e-01
8.42276141e-01  9.10239283e-01  5.16516417e-01  9.66797549e-01  8.67015860e-01  4.78885621e-01
7.68182834e-01  5.99452225e-01  9.69907639e-01  9.06958536e-01  3.97464866e-01  9.73128149e-01
7.82982438e-01  5.41233531e-01  9.57450067e-01  9.11958587e-01  3.10893692e-01  9.61449968e-01
8.17153429e-01  7.03666053e-01  7.35941110e-01  9.36521138e-01  5.91622787e-01  7.37854897e-01
8.74372292e-01  7.57084404e-01  5.06962193e-01  9.66190834e-01  8.17625001e-01  4.94404315e-01
8.43065828e-01  1.92812231e-01  9.79637104e-01  9.14481221e-01  1.25338022e-01  9.88963723e-01
8.48338256e-01  5.61651188e-01  7.22249598e-01  9.45986471e-01  3.58499545e-01  7.32050398e-01
8.51781364e-01  3.74058522e-01  8.32353289e-01  9.30572545e-01  2.76688677e-01  8.50147615e-01
8.78898294e-01  8.03678827e-01  4.61641561e-01  9.76841123e-01  7.92320423e-01  4.32589912e-01
7.68685140e-01  6.65698476e-01  9.25187113e-01  9.11534040e-01  4.65651484e-01  9.27734379e-01
7.70313230e-01  5.76369633e-01  9.77659874e-01  9.04605915e-01  4.24487225e-01  9.81851291e-01
8.70376494e-01  3.13338367e-01  8.08631189e-01  9.37200742e-01  1.81911891e-01  8.29961806e-01
9.51623034e-01  2.68262529e-01  5.62005374e-01  9.71387491e-01  2.10854714e-01  6.03941437e-01
8.20927445e-01  9.72503577e-01  5.48585246e-01  9.63226953e-01  8.55305102e-01  5.04536984e-01
8.26609905e-01  9.04113367e-01  5.73691026e-01  9.61303696e-01  7.48171062e-01  5.42092193e-01
9.80819847e-01  3.36452399e-01  4.18595680e-01  9.90625152e-01  3.22027559e-01  4.54416978e-01
7.82130912e-01  6.61312953e-01  8.82374170e-01  9.20767913e-01  3.99339143e-01  8.84138373e-01
8.43545625e-01  2.55322556e-01  9.37417948e-01  9.20160291e-01  1.38526453e-01  9.49442919e-01
8.42341736e-01  4.98290079e-01  7.83750355e-01  9.37957615e-01  3.04319416e-01  7.96288239e-01
8.42609854e-01  7.14016069e-01  6.42777671e-01  9.48943484e-01  6.58815932e-01  6.42382811e-01
9.04062676e-01  2.25868879e-01  7.51028613e-01  9.45201797e-01  1.64130420e-01  7.82844983e-01
8.22362946e-01  6.58140054e-01  7.47810596e-01  9.40843790e-01  4.21749678e-01  7.50133534e-01
9.15682486e-01  5.95544241e-01  4.71566165e-01  9.81136920e-01  5.03138811e-01  4.72613842e-01
8.70381424e-01  4.01377975e-01  7.51452590e-01  9.41273568e-01  3.12349121e-01  7.73135610e-01
7.96784949e-01  7.48856760e-01  7.75769959e-01  9.34350465e-01  5.04159316e-01  7.72366096e-01
7.59069828e-01  6.10769478e-01  9.93508244e-01  9.03825954e-01  3.86686070e-01  9.95752968e-01
9.07147307e-01  2.54963380e-01  7.21664202e-01  9.48539076e-01  1.93904551e-01  7.54436003e-01
9.00593726e-01  2.85835263e-01  7.23874984e-01  9.47620688e-01  2.18523053e-01  7.54528449e-01
8.71670549e-01  2.20481558e-01  8.64526052e-01  9.29524131e-01  1.55186384e-01  8.85477691e-01
7.55875410e-01  6.65878463e-01  9.68573484e-01  9.06485032e-01  4.23244454e-01  9.70094505e-01
8.13605729e-01  6.65058166e-01  7.73354489e-01  9.36857526e-01  4.25450193e-01  7.75338577e-01
8.86591283e-01  2.49008163e-01  7.95335337e-01  9.39739469e-01  1.49867320e-01  8.21228038e-01
8.61505638e-01  2.31948044e-01  8.91600989e-01  9.25572773e-01  1.61154902e-01  9.09409162e-01
8.11253343e-01  7.61356214e-01  7.18521122e-01  9.38561701e-01  6.32686283e-01  7.15102622e-01
8.41953529e-01  9.22900863e-01  5.09391795e-01  9.69236372e-01  8.49539737e-01  4.67362747e-01
9.68996844e-01  3.06477944e-01  4.78201155e-01  9.83496320e-01  2.47429773e-01  5.17689387e-01
9.50910116e-01  3.45190155e-01  5.14483088e-01  9.77409273e-01  2.78439475e-01  5.49418045e-01
7.91144249e-01  7.82774098e-01  7.73200431e-01  9.32342409e-01  5.78045600e-01  7.68361908e-01
8.96464494e-01  6.45760426e-01  5.04221085e-01  9.76062774e-01  5.23245258e-01  5.00414827e-01
7.47695075e-01  7.16897192e-01  9.63227729e-01  9.06827713e-01  4.42664534e-01  9.63324651e-01
8.52379116e-01  8.41984930e-01  5.26523658e-01  9.69689342e-01  7.08891171e-01  4.97572355e-01
8.78186047e-01  8.21762140e-01  4.52022160e-01  9.74817134e-01  8.92640531e-01  4.21432184e-01
8.51781744e-01  2.77664846e-01  8.94940031e-01  9.25083941e-01  1.69387059e-01  9.10605367e-01
9.73910921e-01  3.41002669e-01  4.39101178e-01  9.88923207e-01  2.86385826e-01  4.73721044e-01
8.14449870e-01  6.54915356e-01  7.76773823e-01  9.31787557e-01  5.32649278e-01  7.82091816e-01
8.65582114e-01  5.99482294e-01  6.39428677e-01  9.53078572e-01  5.19854446e-01  6.49102288e-01
8.68130373e-01  2.82323383e-01  8.36395666e-01  9.33036279e-01  1.79486623e-01  8.57235848e-01
8.52491577e-01  7.09404434e-01  6.12216679e-01  9.54373841e-01  6.46231705e-01  6.10526478e-01
9.52014951e-01  4.35182602e-01  4.52306932e-01  9.87092841e-01  3.36635259e-01  4.73626489e-01
7.72200130e-01  6.75570211e-01  9.06840103e-01  9.13283536e-01  4.95135844e-01  9.09574197e-01
8.80562535e-01  6.18389490e-01  5.75987284e-01  9.60851854e-01  5.85595487e-01  5.83266125e-01
8.15927126e-01  8.76180617e-01  6.28101486e-01  9.53214064e-01  6.97409624e-01  6.05913507e-01
8.00375835e-01  8.40731561e-01  7.03925388e-01  9.43572787e-01  6.02057460e-01  6.90182856e-01
7.56862964e-01  6.30637597e-01  9.88399284e-01  9.03108852e-01  4.29216924e-01  9.90853431e-01
8.63126873e-01  8.10632847e-01  5.10382907e-01  9.71847387e-01  7.05125045e-01  4.84621929e-01
8.46970938e-01  7.83281525e-01  5.82999102e-01  9.55972179e-01  7.65345604e-01  5.72233864e-01
9.39217638e-01  2.87321691e-01  5.91755876e-01  9.68192224e-01  1.88995217e-01  6.29575937e-01
9.65457987e-01  3.17366065e-01  4.83148688e-01  9.81778884e-01  2.75974627e-01  5.21980843e-01
8.47037577e-01  8.62918330e-01  5.31070408e-01  9.64469472e-01  8.27335093e-01  5.03155331e-01
8.76684562e-01  7.71708678e-01  4.89616852e-01  9.74924538e-01  6.93498645e-01  4.67628931e-01
8.30691504e-01  1.01223793e+00  4.89633097e-01  9.70349455e-01  9.78911208e-01  4.29766953e-01
8.20720756e-01  8.74497569e-01  6.13213760e-01  9.54377914e-01  7.32484626e-01  5.90709114e-01
9.57941549e-01  4.46408397e-01  4.25192252e-01  9.88019985e-01  4.30410848e-01  4.46119648e-01
8.71648990e-01  7.03827805e-01  5.50785441e-01  9.63966941e-01  6.58558117e-01  5.46114151e-01
7.98859194e-01  4.16317850e-01  9.84641362e-01  9.10507365e-01  2.30432104e-01  9.89700428e-01
8.49701057e-01  1.83344190e-01  9.63250345e-01  9.16943866e-01  1.19670467e-01  9.74507062e-01
8.18576764e-01  9.58282215e-01  5.65800364e-01  9.60690613e-01  8.31244094e-01  5.26464600e-01
9.03509664e-01  2.18284474e-01  7.57830688e-01  9.44243018e-01  1.61888997e-01  7.89520466e-01
9.30748123e-01  4.21545033e-01  5.33670964e-01  9.72127639e-01  3.75349902e-01  5.60983080e-01
9.57142564e-01  3.40581999e-01  4.96312257e-01  9.81490292e-01  2.46209527e-01  5.30839121e-01
9.75715189e-01  2.49428796e-01  4.92425842e-01  9.81442366e-01  2.13079145e-01  5.38946625e-01
8.11516803e-01  6.28226647e-01  8.04360735e-01  9.30817413e-01  4.44047003e-01  8.09689674e-01
8.36366988e-01  3.56551391e-01  8.96068267e-01  9.24216110e-01  2.00908842e-01  9.08748252e-01
7.48551444e-01  7.32217423e-01  9.50371799e-01  9.08206936e-01  4.61253732e-01  9.50103902e-01
8.26372937e-01  6.60388667e-01  7.32733368e-01  9.42693068e-01  4.35649419e-01  7.35003294e-01
9.46905357e-01  3.96817364e-01  4.94564235e-01  9.80544801e-01  3.06581861e-01  5.22687510e-01
8.15360286e-01  8.73096473e-01  6.32028505e-01  9.51950587e-01  7.09972844e-01  6.11056950e-01
7.91645054e-01  4.96259142e-01  9.57233500e-01  9.12722073e-01  2.86362857e-01  9.62330145e-01
7.80535358e-01  7.04123711e-01  8.60292232e-01  9.20056269e-01  5.15812280e-01  8.61794353e-01
7.86351175e-01  5.08169470e-01  9.67776034e-01  9.10811575e-01  2.98638589e-01  9.72206587e-01
7.52895572e-01  6.37814697e-01  9.96915458e-01  9.02296109e-01  4.15072616e-01  9.98879055e-01
9.72717697e-01  2.86329369e-01  4.78647560e-01  9.83367442e-01  2.37730248e-01  5.20799386e-01
8.22722324e-01  8.87903453e-01  5.97416297e-01  9.58837172e-01  6.97018802e-01  5.69950565e-01
8.53918430e-01  3.56882891e-01  8.36247804e-01  9.30454835e-01  2.61522669e-01  8.54473191e-01
8.52608847e-01  2.86777902e-01  8.86511365e-01  9.25503892e-01  1.92744077e-01  9.02929390e-01
9.81273429e-01  3.39797881e-01  4.14883609e-01  9.91330635e-01  3.21814364e-01  4.49943708e-01
7.84611894e-01  7.32109511e-01  8.27980338e-01  9.23937517e-01  5.51227557e-01  8.28052696e-01
8.17741224e-01  4.81360971e-01  8.78281758e-01  9.21478132e-01  3.59231432e-01  8.89027697e-01
9.23421572e-01  2.29474115e-01  6.82950273e-01  9.55144390e-01  1.59477771e-01  7.20188125e-01
9.47587173e-01  2.92850425e-01  5.59746486e-01  9.71300334e-01  2.32603982e-01  5.99379618e-01
8.17638391e-01  3.41887974e-01  9.69491291e-01  9.14196900e-01  1.86749857e-01  9.76843504e-01
9.41823063e-01  3.98662110e-01  5.10921439e-01  9.77820731e-01  3.12583461e-01  5.39257169e-01
8.27585124e-01  5.65307146e-01  7.90645841e-01  9.32237470e-01  4.42662520e-01  8.00910149e-01
8.47447682e-01  8.34875849e-01  5.47884379e-01  9.65945019e-01  7.03013895e-01  5.22964267e-01
9.43527409e-01  2.53429356e-01  5.99124973e-01  9.65995769e-01  2.01371856e-01  6.40745558e-01
8.85705915e-01  7.37564721e-01  4.81150814e-01  9.73779505e-01  7.32441171e-01  4.65802209e-01
7.51014414e-01  6.61423181e-01  9.87975161e-01  9.04450402e-01  3.97937601e-01  9.89099627e-01
8.51812103e-01  6.98665614e-01  6.21495973e-01  9.53122225e-01  6.34231241e-01  6.21377171e-01
9.36313832e-01  2.81488372e-01  6.05403289e-01  9.66312698e-01  1.82824107e-01  6.43080319e-01
7.97819033e-01  4.27860878e-01  9.80677772e-01  9.08952247e-01  2.85993708e-01  9.86590133e-01
8.10211566e-01  7.09891835e-01  7.55472133e-01  9.33434197e-01  5.93526397e-01  7.57200268e-01
8.01155030e-01  6.70343511e-01  8.12202551e-01  9.28256271e-01  4.89777650e-01  8.15344823e-01
8.71044054e-01  3.08545723e-01  8.09772981e-01  9.35893264e-01  2.11483131e-01  8.31899250e-01
8.62143714e-01  7.68351149e-01  5.41171097e-01  9.62117462e-01  7.80618163e-01  5.29235136e-01
7.61844670e-01  7.30016651e-01  9.06656173e-01  9.13741523e-01  4.95061830e-01  9.06654907e-01
8.86940928e-01  7.87611743e-01  4.44465790e-01  9.80744697e-01  7.61118746e-01  4.14390610e-01
9.32561478e-01  5.90047818e-01  4.17820735e-01  9.86790583e-01  5.85920441e-01  4.16873452e-01
7.54176511e-01  8.00359214e-01  8.87322935e-01  9.17212276e-01  5.02376389e-01  8.83193864e-01
8.22611258e-01  2.96788406e-01  9.81589476e-01  9.12867055e-01  1.69568837e-01  9.88899903e-01
8.18058918e-01  5.14737752e-01  8.55531730e-01  9.24025758e-01  3.87618553e-01  8.66008235e-01
9.03878317e-01  2.18667706e-01  7.56330036e-01  9.44537939e-01  1.59935210e-01  7.88089427e-01
7.86892783e-01  5.07164797e-01  9.66290200e-01  9.08356739e-01  3.64309533e-01  9.71969045e-01
8.69163507e-01  4.74646340e-01  7.08018641e-01  9.45801314e-01  3.85256534e-01  7.26937892e-01
7.92465579e-01  4.86769123e-01  9.60608735e-01  9.11967606e-01  2.91532247e-01  9.65950829e-01
7.90554796e-01  6.44130407e-01  8.64923094e-01  9.23156320e-01  4.03394650e-01  8.67868703e-01
9.56837255e-01  2.97769524e-01  5.25143396e-01  9.75976617e-01  2.48944132e-01  5.65548495e-01
8.50648135e-01  7.73618937e-01  5.76785924e-01  9.57246758e-01  7.54561368e-01  5.66600406e-01
8.25508453e-01  2.95058790e-01  9.72872935e-01  9.13789302e-01  1.77511787e-01  9.81116038e-01
8.49199457e-01  3.17410738e-01  8.77902063e-01  9.25589948e-01  2.24990517e-01  8.94268975e-01
7.88439687e-01  5.58707306e-01  9.27570656e-01  9.15457879e-01  3.39079960e-01  9.32375263e-01
8.90263768e-01  2.90342325e-01  7.56027697e-01  9.44922625e-01  1.71832158e-01  7.82821693e-01
9.56347703e-01  3.68154431e-01  4.81110693e-01  9.83272827e-01  2.76441580e-01  5.12291884e-01
9.23810785e-01  4.23742251e-01  5.55503279e-01  9.68706440e-01  3.74519860e-01  5.82598762e-01
7.94876960e-01  4.45113575e-01  9.79466490e-01  9.08013393e-01  3.16250749e-01  9.85486216e-01
8.38502938e-01  8.13072916e-01  5.92413170e-01  9.60719380e-01  6.29403010e-01  5.73801451e-01
8.13644202e-01  7.12929121e-01  7.41843507e-01  9.35116198e-01  6.06577917e-01  7.43342314e-01
8.28936841e-01  3.97051370e-01  8.95003478e-01  9.21245990e-01  2.87004375e-01  9.07522040e-01
7.43519585e-01  6.93517079e-01  9.92588615e-01  9.01917250e-01  4.47649572e-01  9.93638052e-01
8.96610716e-01  6.44623657e-01  5.04461993e-01  9.70774302e-01  6.47240059e-01  5.05130786e-01
9.01979404e-01  2.51588129e-01  7.41405007e-01  9.47090867e-01  1.58692464e-01  7.72012484e-01
8.44776426e-01  5.31227480e-01  7.54394383e-01  9.39782849e-01  3.81711268e-01  7.66879389e-01
8.20014950e-01  3.29628235e-01  9.69082810e-01  9.13815006e-01  1.94392763e-01  9.76976550e-01
7.61623014e-01  6.66675078e-01  9.48536207e-01  9.07864976e-01  4.67128512e-01  9.50913424e-01
8.32293102e-01  7.77179372e-01  6.36802261e-01  9.49502041e-01  7.00063563e-01  6.29089969e-01
9.95740147e-01  3.04987451e-01  3.88360941e-01  9.96079142e-01  2.90131675e-01  4.26956220e-01
7.56558537e-01  7.38666804e-01  9.18992389e-01  9.13662637e-01  4.49634788e-01  9.17856515e-01
8.52847474e-01  6.10985705e-01  6.74905572e-01  9.47272054e-01  5.27790800e-01  6.83948787e-01
8.87471901e-01  2.29270045e-01  8.05159719e-01  9.37565486e-01  1.64650633e-01  8.31687159e-01
9.88813064e-01  2.88156405e-01  4.22808995e-01  9.92026540e-01  2.42858517e-01  4.64070845e-01
7.46273328e-01  6.95873412e-01  9.81707044e-01  9.04386906e-01  4.28363129e-01  9.82343002e-01
7.96785478e-01  8.40419400e-01  7.16319786e-01  9.40617721e-01  6.23838334e-01  7.04002581e-01
8.38582090e-01  9.52903906e-01  5.01360900e-01  9.68279855e-01  9.29286946e-01  4.54720325e-01
8.74838827e-01  7.93735942e-01  4.81582929e-01  9.68407024e-01  8.96131697e-01  4.61710957e-01
8.82042797e-01  7.66368131e-01  4.74889658e-01  9.77006365e-01  7.02946860e-01  4.52056075e-01
9.94047136e-01  2.61853627e-01  4.22112601e-01  9.91494194e-01  2.42113653e-01  4.67659553e-01
9.39085056e-01  2.60865318e-01  6.09679605e-01  9.64898504e-01  1.95348829e-01  6.49715454e-01
8.40888415e-01  2.87917372e-01  9.25277584e-01  9.20970511e-01  1.66125818e-01  9.37749328e-01
8.28287947e-01  9.17586905e-01  5.59245484e-01  9.63559916e-01  7.64628134e-01  5.23750910e-01
8.58777375e-01  8.00641031e-01  5.31638535e-01  9.64081532e-01  7.93538400e-01  5.13599805e-01
8.08553057e-01  8.18408074e-01  6.90651094e-01  9.46378904e-01  5.77513099e-01  6.77968863e-01
9.70599454e-01  2.48903249e-01  5.10137864e-01  9.79228289e-01  2.01068540e-01  5.55970862e-01
9.67355356e-01  4.48838110e-01  3.91352309e-01  9.91306361e-01  4.87634305e-01  4.11059151e-01
8.49523701e-01  2.57561097e-01  9.15661620e-01  9.21818414e-01  1.74608066e-01  9.30315264e-01
9.50930561e-01  2.92914166e-01  5.48352406e-01  9.73475138e-01  2.21664557e-01  5.88010499e-01
8.64862738e-01  1.82152439e-01  9.12532795e-01  9.23770228e-01  1.24926097e-01  9.29497488e-01
7.95491072e-01  9.11700339e-01  6.74436267e-01  9.46858478e-01  6.76782602e-01  6.51521636e-01
8.51016279e-01  8.98580283e-01  4.94407397e-01  9.68004721e-01  9.26016520e-01  4.57254439e-01
7.55840227e-01  7.57789571e-01  9.09014487e-01  9.12896896e-01  5.12529463e-01  9.07958054e-01
8.25488573e-01  2.72139559e-01  9.87822955e-01  9.12236086e-01  1.60722538e-01  9.95028735e-01
9.91030519e-01  3.21789034e-01  3.93444877e-01  9.96763074e-01  2.65434587e-01  4.28385559e-01
7.76522254e-01  5.70782120e-01  9.60201703e-01  9.08035179e-01  4.03866562e-01  9.64717175e-01
8.23920147e-01  2.89475478e-01  9.81892685e-01  9.12725902e-01  1.71343132e-01  9.89387253e-01
8.30337100e-01  7.91173869e-01  6.34358548e-01  9.50030487e-01  7.04189808e-01  6.24730108e-01
9.40433294e-01  3.89422812e-01  5.21341382e-01  9.76992158e-01  2.86056749e-01  5.50299135e-01
8.55963906e-01  7.48901869e-01  5.74782609e-01  9.58285143e-01  7.23679668e-01  5.67213149e-01
8.52844344e-01  8.42246816e-01  5.24773146e-01  9.63894864e-01  8.53862636e-01  5.00594065e-01
8.53641630e-01  8.88590893e-01  4.91978559e-01  9.73076167e-01  8.10196133e-01  4.52005463e-01
9.74453622e-01  3.32334450e-01  4.43183531e-01  9.88441298e-01  2.78918676e-01  4.79085234e-01
9.28963551e-01  4.75107355e-01  5.04659106e-01  9.74598819e-01  4.54301876e-01  5.26033509e-01
8.08756633e-01  4.63040308e-01  9.20690636e-01  9.18811886e-01  2.64620911e-01  9.28400127e-01
7.81818603e-01  7.58416298e-01  8.20387165e-01  9.27693464e-01  4.95194374e-01  8.17162013e-01
9.55726484e-01  3.88223693e-01  4.70190709e-01  9.84352241e-01  3.04026376e-01  4.98876276e-01
7.95283691e-01  4.68555211e-01  9.62864687e-01  9.11833934e-01  2.84130550e-01  9.68550710e-01
9.02330530e-01  7.06100138e-01  4.45128074e-01  9.77898050e-01  7.64070040e-01  4.31948059e-01
8.36123840e-01  9.17824179e-01  5.32483242e-01  9.66068094e-01  8.20474549e-01  4.94520378e-01
8.90649372e-01  6.14597633e-01  5.44198761e-01  9.70827098e-01  4.69141720e-01  5.46723508e-01
9.52803752e-01  3.73278012e-01  4.89817735e-01  9.78920869e-01  3.50234895e-01  5.22822387e-01
8.45750166e-01  9.09216460e-01  5.05384015e-01  9.68671296e-01  8.70416305e-01  4.66070811e-01
8.24754906e-01  9.23073213e-01  5.67680252e-01  9.60044335e-01  8.15850308e-01  5.34232765e-01
9.73683490e-01  3.83527635e-01  4.12265455e-01  9.90198263e-01  3.86780875e-01  4.41908768e-01
7.58151162e-01  7.89676756e-01  8.80463486e-01  9.18302471e-01  4.97986508e-01  8.76720749e-01
8.58654723e-01  2.61225807e-01  8.82272827e-01  9.26559375e-01  1.74528938e-01  8.99933988e-01
9.33722787e-01  3.35868424e-01  5.78896057e-01  9.67466741e-01  2.75359179e-01  6.13894079e-01
9.19125677e-01  3.30114524e-01  6.32198710e-01  9.62093917e-01  2.08757363e-01  6.64025239e-01
8.00726169e-01  6.76629286e-01  8.09279625e-01  9.27227079e-01  5.26535589e-01  8.12773369e-01
8.14984125e-01  7.96274541e-01  6.83181624e-01  9.43503788e-01  6.68146507e-01  6.75065141e-01
8.03825741e-01  4.92290056e-01  9.18442680e-01  9.15440960e-01  3.63119174e-01  9.26823735e-01
9.54608356e-01  2.72425067e-01  5.49165997e-01  9.73055802e-01  2.19084074e-01  5.91306804e-01
7.43910669e-01  6.97313135e-01  9.88795391e-01  9.01955870e-01  4.62167122e-01  9.89972214e-01
8.62482171e-01  2.46932986e-01  8.78555529e-01  9.28316517e-01  1.40849540e-01  8.96596682e-01
7.93678196e-01  6.43151330e-01  8.55248971e-01  9.23590750e-01  4.31963577e-01  8.58872803e-01
7.95537886e-01  8.90219771e-01  6.88223519e-01  9.44855199e-01  6.57891583e-01  6.68814334e-01
8.03122923e-01  4.47145858e-01  9.50142534e-01  9.12555767e-01  3.10690252e-01  9.57668640e-01
8.52922725e-01  2.90695080e-01  8.82604933e-01  9.27006810e-01  1.67386028e-01  8.98746744e-01
8.14545366e-01  3.87030802e-01  9.50385570e-01  9.15968372e-01  2.15213224e-01  9.58266427e-01
7.58466397e-01  8.41158206e-01  8.46264690e-01  9.22753468e-01  5.40278368e-01  8.38739070e-01
8.40167933e-01  7.50061194e-01  6.27667719e-01  9.50235449e-01  7.05395939e-01  6.23131947e-01
8.07729606e-01  3.74035051e-01  9.81971045e-01  9.10706952e-01  2.30936609e-01  9.88301844e-01
7.62128909e-01  7.31738691e-01  9.04573024e-01  9.14488770e-01  4.84847586e-01  9.04268368e-01
8.64961828e-01  2.13663617e-01  8.91736028e-01  9.26466774e-01  1.35001793e-01  9.09834403e-01
9.56674810e-01  4.26300221e-01  4.42250441e-01  9.85206692e-01  4.14935273e-01  4.67285455e-01
9.74485823e-01  4.03115039e-01  3.97122476e-01  9.95481230e-01  3.37419101e-01  4.20172913e-01
8.43515808e-01  7.85778479e-01  5.93111595e-01  9.60777916e-01  6.09712082e-01  5.78062155e-01
8.40714201e-01  3.97494322e-01  8.54720131e-01  9.26873328e-01  2.93116137e-01  8.69999662e-01
8.89092563e-01  7.03717744e-01  4.91625153e-01  9.70120301e-01  7.52729549e-01  4.84487919e-01
1.00162629e+00  3.00537122e-01  3.71263593e-01  9.97400427e-01  3.22520950e-01  4.10858700e-01
8.47133784e-01  2.75189679e-01  9.12331473e-01  9.21819265e-01  1.89210574e-01  9.26871641e-01
8.11931166e-01  8.84659382e-01  6.36166144e-01  9.53015740e-01  6.73130721e-01  6.12901378e-01
7.58973915e-01  6.11153738e-01  9.93584609e-01  9.04112912e-01  3.79122747e-01  9.95693723e-01
9.47763786e-01  4.46244290e-01  4.59560229e-01  9.82413672e-01  4.26017720e-01  4.82584725e-01
8.18266687e-01  3.31421087e-01  9.74153260e-01  9.12137626e-01  2.20952202e-01  9.81995074e-01
8.07047863e-01  3.80106659e-01  9.80343889e-01  9.10904173e-01  2.32547833e-01  9.86657844e-01
8.20787355e-01  6.18267587e-01  7.79046966e-01  9.32592794e-01  4.92176529e-01  7.86457711e-01
8.80022638e-01  6.69662866e-01  5.44830012e-01  9.64575002e-01  6.50052492e-01  5.44734084e-01
8.40991662e-01  2.26132174e-01  9.65045762e-01  9.16761147e-01  1.22609987e-01  9.74986579e-01
1.00148208e+00  2.62788917e-01  3.96259843e-01  9.94727157e-01  2.64361034e-01  4.41692343e-01
8.05451784e-01  5.76563687e-01  8.58202155e-01  9.22136638e-01  4.39134939e-01  8.65992089e-01
8.42372272e-01  6.45033838e-01  6.88370896e-01  9.44555548e-01  5.56467598e-01  6.94615254e-01
7.54549446e-01  7.02714142e-01  9.49158570e-01  9.08231721e-01  4.60891540e-01  9.50030264e-01
9.83885165e-01  2.85586998e-01  4.41209914e-01  9.89098136e-01  2.41044053e-01  4.83274608e-01
8.93509677e-01  2.40727431e-01  7.77217849e-01  9.42156970e-01  1.51542768e-01  8.05332330e-01
7.40222127e-01  7.96935829e-01  9.36637125e-01  9.09861094e-01  4.85340845e-01  9.33825745e-01
8.00910362e-01  6.97000395e-01  7.95427496e-01  9.28042066e-01  5.66472656e-01  7.98144591e-01
8.26679515e-01  8.70080398e-01  5.95550196e-01  9.58722764e-01  6.97197131e-01  5.70642158e-01
8.27061875e-01  2.75513927e-01  9.80288804e-01  9.13846013e-01  1.47241899e-01  9.87879503e-01
8.78998231e-01  6.41084317e-01  5.66564968e-01  9.62097000e-01  6.04924148e-01  5.70731606e-01
8.95117427e-01  5.81361675e-01  5.50901537e-01  9.65861434e-01  5.45371702e-01  5.61131578e-01
8.96630488e-01  3.43163804e-01  7.00113504e-01  9.52214503e-01  2.09482803e-01  7.27201225e-01
8.36937867e-01  3.40494664e-01  9.04555175e-01  9.23253635e-01  1.91561143e-01  9.17120733e-01
8.43552302e-01  2.65724743e-01  9.30640243e-01  9.19474959e-01  1.81595641e-01  9.43696746e-01
9.42684310e-01  3.29559302e-01  5.52859918e-01  9.71607509e-01  2.69907032e-01  5.89143581e-01
8.54696412e-01  2.33105689e-01  9.13973872e-01  9.22534903e-01  1.58771746e-01  9.29449664e-01
9.26717443e-01  5.95369143e-01  4.34209858e-01  9.85884252e-01  5.43505353e-01  4.32670794e-01
8.83837560e-01  7.65046573e-01  4.69652807e-01  9.70799637e-01  8.69809104e-01  4.52567175e-01
9.11930795e-01  2.60868835e-01  7.01884456e-01  9.51943821e-01  1.83955422e-01  7.35463334e-01
7.65676292e-01  6.58327829e-01  9.40190869e-01  9.09025286e-01  4.69150267e-01  9.42997241e-01
8.32799243e-01  2.49295682e-01  9.77827641e-01  9.13822507e-01  1.54091627e-01  9.86417457e-01
8.07927527e-01  4.21776463e-01  9.50298303e-01  9.12811770e-01  3.00222124e-01  9.58491831e-01
7.70095273e-01  6.57293797e-01  9.26153728e-01  9.13044449e-01  4.24417721e-01  9.28274049e-01
9.39742728e-01  4.54481301e-01  4.81448916e-01  9.82151330e-01  3.52080266e-01  5.01674526e-01
9.77908847e-01  4.01006069e-01  3.86571053e-01  9.96289494e-01  3.57071902e-01  4.09847253e-01
7.72314770e-01  6.02034906e-01  9.54197479e-01  9.07572490e-01  4.43029885e-01  9.58462982e-01
8.15722394e-01  7.36863476e-01  7.19247017e-01  9.38284644e-01  6.26783128e-01  7.18268985e-01
8.53290421e-01  6.97576481e-01  6.17183282e-01  9.54268042e-01  6.23023383e-01  6.16669036e-01
9.07704298e-01  6.96529368e-01  4.33094539e-01  9.77664807e-01  8.12889195e-01  4.21949754e-01
9.66073747e-01  4.22243660e-01  4.12969742e-01  9.92075004e-01  3.65478451e-01  4.34890743e-01
9.34081959e-01  4.86347032e-01  4.79982122e-01  9.77504012e-01  4.87395296e-01  4.99614258e-01
8.08398830e-01  7.70675251e-01  7.22462563e-01  9.40825518e-01  5.67072889e-01  7.16551431e-01
7.70434436e-01  6.76487633e-01  9.12240709e-01  9.12414627e-01  4.96079516e-01  9.14923611e-01
8.33310718e-01  8.53421641e-01  5.83848247e-01  9.60804349e-01  6.86438679e-01  5.59828185e-01
9.04896140e-01  5.21686643e-01  5.56440065e-01  9.69948155e-01  3.93392483e-01  5.70709790e-01
9.22329839e-01  3.16504884e-01  6.30451750e-01  9.62165858e-01  2.09875404e-01  6.63816929e-01
7.84231741e-01  5.68928684e-01  9.35224380e-01  9.14362260e-01  3.39128205e-01  9.39389233e-01
8.67673079e-01  8.23199428e-01  4.86786979e-01  9.72990222e-01  7.87218813e-01  4.57966260e-01
8.74806080e-01  8.15609489e-01  4.67493547e-01  9.72915157e-01  8.65959547e-01  4.39909072e-01
8.53823692e-01  3.65769301e-01  8.30800819e-01  9.33358798e-01  2.10528063e-01  8.47859168e-01
9.38151296e-01  2.54762333e-01  6.16812611e-01  9.64217661e-01  1.83857654e-01  6.56786500e-01
8.57308081e-01  6.79211043e-01  6.15465226e-01  9.59825258e-01  4.85851453e-01  6.13332325e-01
8.36663869e-01  3.79607598e-01  8.80088744e-01  9.23973255e-01  2.69621704e-01  8.94127094e-01
7.44576297e-01  8.40235234e-01  8.93736372e-01  9.15419802e-01  5.28330820e-01  8.88060321e-01
8.16643196e-01  9.16154974e-01  5.99717104e-01  9.57901409e-01  7.26433774e-01  5.69025149e-01
7.57472576e-01  6.94840833e-01  9.44344199e-01  9.10167491e-01  4.29696675e-01  9.44962541e-01
9.58711403e-01  2.73881968e-01  5.34287799e-01  9.74477356e-01  2.39718470e-01  5.77333738e-01
9.39724967e-01  3.76452276e-01  5.32167377e-01  9.75794189e-01  2.67291917e-01  5.62398398e-01
7.43142911e-01  7.10415787e-01  9.82895893e-01  9.04464460e-01  4.23401413e-01  9.83013950e-01
7.62292282e-01  8.27755567e-01  8.41676735e-01  9.23683350e-01  5.29757323e-01  8.34737507e-01
8.44666876e-01  2.87608804e-01  9.12645396e-01  9.21520748e-01  1.97576972e-01  9.26815919e-01
8.28608727e-01  3.10877093e-01  9.52072463e-01  9.16302505e-01  1.90831290e-01  9.61864668e-01
8.74647244e-01  2.24951213e-01  8.51515184e-01  9.31184496e-01  1.60203089e-01  8.73650010e-01
8.82128439e-01  7.85310443e-01  4.62300991e-01  9.77750558e-01  7.52714379e-01  4.35567283e-01
8.41329091e-01  2.18324735e-01  9.68969190e-01  9.15791921e-01  1.32444575e-01  9.78885927e-01
8.05037529e-01  8.83867437e-01  6.60089200e-01  9.49049870e-01  6.69319919e-01  6.39227549e-01
7.58995996e-01  6.17062671e-01  9.89672252e-01  9.03367469e-01  4.13976279e-01  9.92267347e-01
8.56506538e-01  8.70951828e-01  4.93702151e-01  9.72527244e-01  8.02725520e-01  4.57283945e-01
9.30335918e-01  3.75251959e-01  5.64828053e-01  9.70577177e-01  2.70490603e-01  5.95096397e-01
7.80656223e-01  5.93652193e-01  9.31611417e-01  9.14277787e-01  3.61317997e-01  9.35222507e-01
8.16477164e-01  9.47921415e-01  5.79656412e-01  9.58013845e-01  8.28772591e-01  5.44209649e-01
7.49476944e-01  7.72077191e-01  9.21348240e-01  9.12538086e-01  4.74904999e-01  9.19117470e-01
8.79528183e-01  6.18207322e-01  5.79617866e-01  9.60520178e-01  5.79258055e-01  5.86884891e-01
9.22365128e-01  4.89089745e-01  5.17987474e-01  9.76573929e-01  3.63392161e-01  5.34772978e-01
9.29082041e-01  2.50844573e-01  6.49854396e-01  9.58687913e-01  1.97598829e-01  6.88491701e-01
8.55460186e-01  2.15025163e-01  9.23120224e-01  9.22173719e-01  1.32813657e-01  9.37877489e-01
9.59193490e-01  2.53408229e-01  5.46240475e-01  9.73645602e-01  2.08470808e-01  5.90540039e-01
9.13973021e-01  2.95775580e-01  6.71989302e-01  9.56015198e-01  2.00614139e-01  7.04919199e-01
8.12985222e-01  5.12366607e-01  8.74600524e-01  9.24722912e-01  2.99927702e-01  8.82700847e-01
9.28563509e-01  3.38901863e-01  5.94445521e-01  9.64675464e-01  2.87526204e-01  6.28926996e-01
8.70191901e-01  3.15559004e-01  8.07815380e-01  9.35274337e-01  2.33613716e-01  8.30141087e-01
9.81179783e-01  3.19195625e-01  4.28577026e-01  9.91687773e-01  2.47901612e-01  4.65055636e-01
7.91137335e-01  4.65983059e-01  9.78615714e-01  9.07860629e-01  3.25599011e-01  9.84264706e-01
8.44346055e-01  2.83194417e-01  9.16601255e-01  9.21094830e-01  1.93464929e-01  9.30515172e-01
9.69906580e-01  2.45463388e-01  5.14723735e-01  9.78246973e-01  2.06206050e-01  5.61053409e-01
8.24183924e-01  6.32629455e-01  7.58487461e-01  9.39683013e-01  4.02269539e-01  7.62679181e-01
9.21670891e-01  6.45026729e-01  4.19404643e-01  9.86951468e-01  6.17700573e-01  4.08875851e-01
8.57524029e-01  2.31608092e-01  9.05343638e-01  9.24093445e-01  1.49745364e-01  9.21581250e-01
9.60264253e-01  2.87709594e-01  5.20335417e-01  9.76564795e-01  2.49405942e-01  5.62184616e-01
8.47736360e-01  5.28365605e-01  7.46201486e-01  9.41970477e-01  3.57449711e-01  7.58564470e-01
9.92776198e-01  2.87136740e-01  4.10013995e-01  9.93188068e-01  2.63513977e-01  4.51760202e-01
7.77462949e-01  6.57530480e-01  9.00680900e-01  9.15057309e-01  4.70928497e-01  9.03900062e-01
7.95370594e-01  5.37478802e-01  9.17815643e-01  9.15001687e-01  3.84229491e-01  9.24670004e-01
8.89572686e-01  6.94148702e-01  4.96208035e-01  9.76735524e-01  5.71060886e-01  4.84843603e-01
8.65037061e-01  8.73565880e-01  4.63038326e-01  9.70828067e-01  9.77478554e-01  4.27035486e-01
8.82660573e-01  6.32471714e-01  5.59720506e-01  9.62764619e-01  6.11205567e-01  5.64971997e-01
8.77318805e-01  5.71068763e-01  6.17725185e-01  9.61036378e-01  3.94773603e-01  6.27010153e-01
8.55718703e-01  7.62449624e-01  5.66819751e-01  9.60232978e-01  7.17112944e-01  5.56269862e-01
8.87636991e-01  2.75146117e-01  7.74813460e-01  9.41227402e-01  1.92517605e-01  8.01645432e-01
8.19568334e-01  8.19450544e-01  6.52568865e-01  9.51292356e-01  6.13547429e-01  6.37979978e-01
8.85799840e-01  2.23977293e-01  8.14274540e-01  9.37055831e-01  1.43995871e-01  8.39818219e-01
9.29889253e-01  5.27205921e-01  4.67692398e-01  9.79196589e-01  5.20722252e-01  4.80915215e-01
8.15480577e-01  3.38201224e-01  9.78915875e-01  9.12702988e-01  1.87672940e-01  9.85689282e-01
1.01302291e+00  2.63727244e-01  3.56463702e-01  1.00118772e+00  2.66640180e-01  3.99731521e-01
8.36402889e-01  8.48287538e-01  5.76680964e-01  9.58958728e-01  7.57611793e-01  5.54905200e-01
9.06691938e-01  2.38539605e-01  7.33873730e-01  9.47366946e-01  1.74639124e-01  7.66487696e-01
8.08852389e-01  3.60430215e-01  9.86991652e-01  9.09428118e-01  2.43651507e-01  9.93508319e-01
8.08514532e-01  8.37862895e-01  6.78150863e-01  9.48011570e-01  5.97640692e-01  6.62761359e-01
9.76074984e-01  3.47338078e-01  4.27639834e-01  9.88530271e-01  3.43521142e-01  4.62788685e-01
8.37557499e-01  9.77095033e-01  4.89431969e-01  9.68889707e-01  9.88236502e-01  4.37447318e-01
7.69456155e-01  6.68320889e-01  9.21164444e-01  9.13860262e-01  4.25287222e-01  9.22838174e-01
7.64688193e-01  6.05713342e-01  9.77711106e-01  9.07247108e-01  3.60605981e-01  9.79956251e-01
8.97662638e-01  2.40849919e-01  7.63035301e-01  9.43294813e-01  1.73405508e-01  7.92888911e-01
8.07522773e-01  4.99201861e-01  9.01401198e-01  9.21102052e-01  2.85428018e-01  9.08816117e-01
9.28590928e-01  5.95120683e-01  4.28009388e-01  9.82883141e-01  6.38990754e-01  4.29432687e-01
8.42086735e-01  4.43382290e-01  8.20266137e-01  9.33412738e-01  2.66742482e-01  8.34277761e-01
8.17265363e-01  3.96300015e-01  9.35129197e-01  9.17390013e-01  2.36715931e-01  9.44087721e-01
9.26479125e-01  2.45230184e-01  6.62338110e-01  9.57031252e-01  1.91764241e-01  7.00487918e-01
8.02372203e-01  9.13001916e-01  6.50224618e-01  9.50648350e-01  6.86694209e-01  6.24887547e-01
8.89620509e-01  3.39741533e-01  7.26139501e-01  9.48458006e-01  2.06838156e-01  7.51910662e-01
7.59883019e-01  6.31384386e-01  9.77361522e-01  9.07252254e-01  3.64909857e-01  9.78909888e-01
7.42639222e-01  7.39676499e-01  9.65606612e-01  9.05435893e-01  4.71659965e-01  9.65422303e-01
9.66633975e-01  4.34899097e-01  4.02851318e-01  9.92584815e-01  4.02220310e-01  4.22971505e-01
8.70571885e-01  2.15284952e-01  8.71928855e-01  9.28733993e-01  1.50147430e-01  8.92246808e-01
9.17212108e-01  3.56401846e-01  6.21629901e-01  9.63124331e-01  2.33149524e-01  6.51675316e-01
9.00041456e-01  2.05432149e-01  7.78250183e-01  9.41810031e-01  1.49407826e-01  8.08575816e-01
8.69475789e-01  2.75222380e-01  8.36436861e-01  9.32212267e-01  1.98471697e-01  8.58049533e-01
8.31882756e-01  2.84432131e-01  9.58125069e-01  9.16486897e-01  1.61041834e-01  9.67696281e-01
7.58936359e-01  6.44383606e-01  9.72134222e-01  9.04296421e-01  4.62068359e-01  9.74987270e-01
8.43179227e-01  5.20219106e-01  7.66668609e-01  9.39941545e-01  3.25836756e-01  7.78500987e-01
7.69796891e-01  7.56823600e-01  8.62246034e-01  9.21408288e-01  4.85065871e-01  8.59847972e-01
7.52930338e-01  7.13524079e-01  9.47638914e-01  9.09672128e-01  4.32117495e-01  9.47568929e-01
8.56751031e-01  2.64277221e-01  8.86756427e-01  9.25684764e-01  1.81152260e-01  9.03982686e-01
8.58599706e-01  2.57396330e-01  8.84946552e-01  9.27139693e-01  1.49666430e-01  9.02066746e-01
8.47230631e-01  9.15807144e-01  4.96077827e-01  9.67422120e-01  9.45070893e-01  4.56503886e-01
7.61944997e-01  6.22069295e-01  9.76405578e-01  9.03858792e-01  4.53755708e-01  9.79750696e-01
7.54551909e-01  6.65548684e-01  9.73282193e-01  9.05489734e-01  4.29931906e-01  9.74902026e-01
8.74184670e-01  2.84146500e-01  8.14949755e-01  9.36072087e-01  1.82551012e-01  8.37564598e-01
8.76378362e-01  2.89081375e-01  8.03998857e-01  9.38078412e-01  1.70558893e-01  8.27007125e-01
7.75805407e-01  8.49289132e-01  7.81806237e-01  9.31868630e-01  5.76271587e-01  7.71301261e-01
7.86748178e-01  6.15349149e-01  8.96536429e-01  9.16596444e-01  4.39819718e-01  9.01355416e-01
7.60276933e-01  7.12584461e-01  9.23298922e-01  9.11717471e-01  4.76810658e-01  9.23930741e-01
9.28900056e-01  3.92418831e-01  5.58558087e-01  9.68861043e-01  3.43771661e-01  5.88846828e-01
8.28008258e-01  3.64400788e-01  9.19357975e-01  9.20199350e-01  2.18698060e-01  9.30316001e-01
9.20440377e-01  4.90374902e-01  5.23688768e-01  9.75512380e-01  3.67449088e-01  5.40624367e-01
9.32973068e-01  4.15207133e-01  5.29933542e-01  9.75703542e-01  2.98157784e-01  5.55712563e-01
8.89228938e-01  7.19550181e-01  4.80883412e-01  9.72618676e-01  7.48598212e-01  4.69441319e-01
8.58946743e-01  7.37186583e-01  5.72557720e-01  9.60433100e-01  6.76448955e-01  5.65076798e-01
7.63120206e-01  6.93323456e-01  9.26149814e-01  9.12769277e-01  4.35513706e-01  9.26909735e-01
8.03930195e-01  5.15745523e-01  9.02859888e-01  9.20578218e-01  2.96185581e-01  9.09642171e-01
7.80101855e-01  8.27744083e-01  7.81204160e-01  9.31364411e-01  5.83656771e-01  7.72795539e-01
8.73981265e-01  5.09342145e-01  6.69431505e-01  9.54614858e-01  3.28702134e-01  6.84256940e-01
9.57184968e-01  3.57339727e-01  4.85288565e-01  9.80666735e-01  3.16725280e-01  5.19517535e-01
8.71076935e-01  7.01541066e-01  5.54212466e-01  9.62951296e-01  6.67730666e-01  5.50466792e-01
9.52612465e-01  4.20469073e-01  4.59830186e-01  9.84763800e-01  3.53473955e-01  4.84595550e-01
8.48749177e-01  3.27803341e-01  8.72683537e-01  9.26521464e-01  2.22339072e-01  8.88920223e-01
8.21868944e-01  6.90139581e-01  7.28710292e-01  9.37627202e-01  5.87570535e-01  7.31716874e-01
8.59785262e-01  7.73225350e-01  5.46015167e-01  9.62336024e-01  7.58479893e-01  5.33045942e-01
8.64723326e-01  4.12590022e-01  7.63685315e-01  9.41615183e-01  2.64470198e-01  7.82734211e-01
7.78474502e-01  5.69375242e-01  9.54485983e-01  9.10625653e-01  3.59916455e-01  9.58454561e-01
1.00278560e+00  2.97660954e-01  3.69194399e-01  9.97800616e-01  3.19272577e-01  4.09057535e-01
9.44309201e-01  2.93022319e-01  5.70765448e-01  9.68971208e-01  2.48980050e-01  6.10458250e-01
8.48009337e-01  2.53135244e-01  9.23678302e-01  9.20785798e-01  1.71478316e-01  9.37673506e-01
7.64091626e-01  6.33486278e-01  9.61703450e-01  9.08621784e-01  3.91614439e-01  9.63840487e-01
8.06020484e-01  6.84757688e-01  7.86023120e-01  9.29854365e-01  5.54292763e-01  7.89391706e-01
8.00809779e-01  6.56795210e-01  8.22171827e-01  9.27741033e-01  4.60012410e-01  8.25656700e-01
9.42227393e-01  3.91128156e-01  5.14142190e-01  9.77843503e-01  2.93758621e-01  5.43027065e-01
7.66300293e-01  6.48728189e-01  9.44304494e-01  9.07816697e-01  4.82166597e-01  9.47682271e-01
7.87765367e-01  5.91704776e-01  9.08433882e-01  9.14496503e-01  4.42454748e-01  9.14200198e-01
9.07101433e-01  6.10082491e-01  4.91264808e-01  9.73526233e-01  6.13333907e-01  4.95468534e-01
8.62702049e-01  8.44334631e-01  4.89944850e-01  9.69583862e-01  8.68900422e-01  4.60576472e-01
7.76020301e-01  6.62220444e-01  9.02534515e-01  9.13684670e-01  4.99230297e-01  9.06038026e-01
9.18440957e-01  6.42948757e-01  4.31423284e-01  9.81312532e-01  6.95734184e-01  4.26143693e-01
8.82219792e-01  3.99797788e-01  7.12278202e-01  9.46978585e-01  3.14043294e-01  7.36155929e-01
9.40903728e-01  3.33133070e-01  5.56288652e-01  9.72866427e-01  2.26482616e-01  5.90779138e-01
9.79423898e-01  2.89491367e-01  4.53823411e-01  9.85688135e-01  2.76925056e-01  4.96691386e-01
8.65032749e-01  7.32295984e-01  5.54769079e-01  9.60859517e-01  7.33508021e-01  5.48392522e-01
9.85210551e-01  2.95204682e-01  4.30465528e-01  9.89854008e-01  2.69482723e-01  4.71732505e-01
8.19667997e-01  6.49727043e-01  7.62721367e-01  9.37321392e-01  4.50203823e-01  7.66536135e-01
9.17061159e-01  6.12322087e-01  4.55992052e-01  9.80869962e-01  5.83828663e-01  4.55328116e-01
8.83272739e-01  7.64886315e-01  4.71675249e-01  9.76809926e-01  7.20106958e-01  4.49275488e-01
8.48042567e-01  9.48083793e-01  4.72365985e-01  9.70284896e-01  1.00704928e+00  4.23556170e-01
8.73184758e-01  3.42127555e-01  7.80402976e-01  9.40946278e-01  1.97751934e-01  8.02215602e-01
9.42021623e-01  5.06035406e-01  4.40240808e-01  9.86853403e-01  4.35480187e-01  4.51889901e-01
8.20637762e-01  1.04614997e+00  5.01755099e-01  9.67810220e-01  1.01011077e+00  4.38702621e-01
8.26774856e-01  3.08107025e-01  9.60099167e-01  9.15006799e-01  1.94305553e-01  9.69355018e-01
7.94574136e-01  4.81922852e-01  9.56594995e-01  9.13405666e-01  2.69538804e-01  9.61908042e-01
9.00733230e-01  5.71207358e-01  5.38127320e-01  9.67788875e-01  5.41496032e-01  5.49169287e-01
9.51544569e-01  3.82209239e-01  4.88295127e-01  9.79745879e-01  3.41307727e-01  5.19634306e-01
8.44136392e-01  8.34999862e-01  5.59047260e-01  9.60425390e-01  7.88039821e-01  5.38337165e-01
8.77662988e-01  7.67109257e-01  4.89279972e-01  9.68641797e-01  8.39864786e-01  4.73452962e-01
8.69819303e-01  8.52586782e-01  4.60419867e-01  9.70437244e-01  9.81925095e-01  4.28494516e-01
7.47429767e-01  8.02918489e-01  9.08275034e-01  9.13225327e-01  5.16417385e-01  9.04936677e-01
7.48321064e-01  7.46060289e-01  9.42165801e-01  9.08845057e-01  4.80118267e-01  9.41570457e-01
9.41072483e-01  3.04052101e-01  5.74595285e-01  9.68402618e-01  2.53848440e-01  6.12957797e-01
8.67066323e-01  8.32719385e-01  4.82963816e-01  9.68206695e-01  9.24659437e-01  4.56795128e-01
8.20562291e-01  8.95869717e-01  5.99578421e-01  9.55010058e-01  7.84588634e-01  5.73872301e-01
7.70746834e-01  7.41632786e-01  8.68882636e-01  9.19537672e-01  5.01842128e-01  8.67892684e-01
9.35316578e-01  3.11371491e-01  5.89388174e-01  9.66128196e-01  2.58455611e-01  6.26456564e-01
8.51542285e-01  3.86578992e-01  8.25036910e-01  9.33574431e-01  2.31109144e-01  8.41630741e-01
8.30779069e-01  3.05609882e-01  9.48121502e-01  9.16307063e-01  2.04361758e-01  9.58649676e-01
8.96471014e-01  2.75143033e-01  7.44816795e-01  9.45190521e-01  2.00784260e-01  7.74287301e-01
7.98738391e-01  8.78564099e-01  6.84922636e-01  9.45002580e-01  6.62455540e-01  6.66794788e-01
8.08841893e-01  4.13543251e-01  9.52540092e-01  9.14988274e-01  2.35584433e-01  9.59754610e-01
8.41876896e-01  2.45622194e-01  9.49383360e-01  9.17576711e-01  1.60062625e-01  9.60938703e-01
7.99735167e-01  8.65837790e-01  6.89800621e-01  9.45202426e-01  6.31480156e-01  6.72806286e-01
8.57604147e-01  4.65466049e-01  7.53529704e-01  9.40106585e-01  3.55794725e-01  7.70905513e-01
8.84789078e-01  5.66830308e-01  5.95110262e-01  9.64002684e-01  4.08354726e-01  6.04792811e-01
9.02476459e-01  2.06546444e-01  7.68960349e-01  9.43166304e-01  1.46372401e-01  8.00077753e-01
8.83588657e-01  5.00339266e-01  6.42354974e-01  9.58332069e-01  3.34391680e-01  6.58566499e-01
8.44829539e-01  2.24591451e-01  9.53011764e-01  9.17859133e-01  1.37400512e-01  9.64463580e-01
8.72688391e-01  2.28343948e-01  8.55964582e-01  9.30683314e-01  1.57773856e-01  8.77435616e-01
8.38962147e-01  2.80908969e-01  9.36369757e-01  9.18885840e-01  1.78066301e-01  9.48305281e-01
8.00879058e-01  4.04321535e-01  9.85570125e-01  9.08267187e-01  2.82797369e-01  9.91735514e-01
9.46806792e-01  2.49675673e-01  5.90426377e-01  9.67039781e-01  2.05596491e-01  6.33056744e-01
9.28648263e-01  4.95210126e-01  4.92678840e-01  9.78645587e-01  4.15964620e-01  5.09112123e-01
9.32527256e-01  5.92397543e-01  4.16411389e-01  9.85748686e-01  6.17724961e-01  4.16065982e-01
8.34042464e-01  4.56197000e-01  8.39263544e-01  9.30617800e-01  2.69412714e-01  8.51570516e-01
7.55525081e-01  6.27363564e-01  9.94770755e-01  9.01063434e-01  4.53788443e-01  9.97667563e-01
8.25911765e-01  7.02701895e-01  7.06825683e-01  9.40550666e-01  6.06319076e-01  7.08557366e-01
9.08353474e-01  3.20501947e-01  6.75017834e-01  9.53747025e-01  2.54572677e-01  7.06758571e-01
8.89821560e-01  7.30677085e-01  4.71647265e-01  9.73464875e-01  7.74702380e-01  4.57869708e-01
9.62003680e-01  4.07423921e-01  4.36411083e-01  9.89519905e-01  3.23911163e-01  4.61060196e-01
8.41310547e-01  2.08017033e-01  9.75725327e-01  9.14871919e-01  1.30762882e-01  9.85181170e-01
8.48691143e-01  8.03829328e-01  5.64116118e-01  9.64457409e-01  6.53521989e-01  5.44671186e-01
8.35944664e-01  2.97706768e-01  9.35710144e-01  9.18220064e-01  1.99625784e-01  9.47498186e-01
9.70721126e-01  4.36386942e-01  3.88007216e-01  9.91871115e-01  4.79102172e-01  4.09446818e-01
8.73118811e-01  5.92064650e-01  6.18354591e-01  9.55650502e-01  5.33256280e-01  6.28939641e-01
7.56908725e-01  7.10761834e-01  9.35920791e-01  9.09702942e-01  4.77405970e-01  9.36708141e-01
9.31993441e-01  3.40574383e-01  5.81713009e-01  9.66944028e-01  2.79853529e-01  6.16187535e-01
7.99459528e-01  5.17842310e-01  9.16679304e-01  9.15107782e-01  3.82495391e-01  9.24397999e-01
8.74383444e-01  2.82249386e-01  8.15209282e-01  9.36862409e-01  1.59239713e-01  8.37469330e-01
8.64582752e-01  5.91099332e-01  6.48264748e-01  9.51958071e-01  5.09328843e-01  6.58765070e-01
9.38532357e-01  2.12622856e-01  6.42579145e-01  9.60391736e-01  1.67250439e-01  6.84712112e-01
9.22773981e-01  3.62585299e-01  5.98729304e-01  9.66608509e-01  2.35216006e-01  6.28848362e-01
7.72823510e-01  6.61164053e-01  9.14076808e-01  9.12135604e-01  4.93069309e-01  9.17421519e-01
8.38200430e-01  9.29786084e-01  5.17665540e-01  9.65400408e-01  9.08826448e-01  4.78000123e-01
9.45408944e-01  5.08727638e-01  4.26991227e-01  9.89795601e-01  4.21291876e-01  4.36365382e-01
8.70624766e-01  3.23853570e-01  8.01257662e-01  9.36209214e-01  2.38029311e-01  8.23623131e-01
9.11669211e-01  6.86731566e-01  4.25992598e-01  9.82752569e-01  7.16907012e-01  4.11925519e-01
8.73479623e-01  3.76589987e-01  7.57026584e-01  9.43715093e-01  2.23722444e-01  7.78347123e-01
7.51222300e-01  6.76422184e-01  9.77529648e-01  9.04921779e-01  4.28960412e-01  9.78772633e-01
8.57723928e-01  1.93323308e-01  9.29523563e-01  9.21347266e-01  1.28096751e-01  9.44287479e-01
8.36486463e-01  5.48820312e-01  7.70825067e-01  9.35411709e-01  4.31674076e-01  7.82627683e-01
8.94593745e-01  3.66573516e-01  6.91830945e-01  9.52595691e-01  2.38507305e-01  7.17923408e-01
7.56398515e-01  7.33731424e-01  9.22740064e-01  9.12659748e-01  4.59097100e-01  9.22059329e-01
9.00652554e-01  5.51103568e-01  5.51453172e-01  9.66220059e-01  5.16162551e-01  5.65192901e-01
7.65043644e-01  8.37469155e-01  8.26026197e-01  9.25166767e-01  5.59108500e-01  8.18315054e-01
8.10573175e-01  4.36486064e-01  9.32060275e-01  9.16175170e-01  2.86976390e-01  9.40559903e-01
7.65090454e-01  6.24775966e-01  9.63966031e-01  9.06231920e-01  4.42265935e-01  9.67238896e-01
7.37185003e-01  7.87405457e-01  9.53138911e-01  9.06744233e-01  4.95783894e-01  9.51352899e-01
8.53492108e-01  8.30231667e-01  5.30374197e-01  9.63626336e-01  8.28759724e-01  5.08226015e-01
7.73990310e-01  5.46417069e-01  9.84621634e-01  9.05721004e-01  3.66001713e-01  9.88471606e-01
9.36963410e-01  3.23490096e-01  5.75928878e-01  9.70005881e-01  2.18909044e-01  6.10903913e-01
8.17224001e-01  8.15332600e-01  6.63202284e-01  9.46458624e-01  6.85848470e-01  6.51951029e-01
8.30748800e-01  2.61451458e-01  9.76898034e-01  9.13483214e-01  1.67290507e-01  9.85485378e-01
8.69992328e-01  8.46006410e-01  4.64104818e-01  9.74830620e-01  8.58485660e-01  4.29387027e-01
8.28953889e-01  4.29542684e-01  8.73850274e-01  9.26021721e-01  2.50800497e-01  8.85423419e-01
8.45273379e-01  1.83795328e-01  9.77994848e-01  9.14953091e-01  1.18267583e-01  9.87602727e-01
8.19303173e-01  4.08277993e-01  9.20430489e-01  9.17772326e-01  2.83085425e-01  9.30718535e-01
9.74906491e-01  3.95650090e-01  4.00242787e-01  9.94042280e-01  3.51783980e-01  4.25501039e-01
8.76444868e-01  2.15914637e-01  8.51277921e-01  9.31519834e-01  1.50779863e-01  8.73718455e-01
8.67410189e-01  2.51289794e-01  8.58991315e-01  9.31152020e-01  1.39798425e-01  8.78662484e-01
7.51597687e-01  7.89506087e-01  9.02829359e-01  9.14246860e-01  5.09871313e-01  8.99927700e-01
8.13044839e-01  3.35222972e-01  9.89122075e-01  9.11328186e-01  1.85021336e-01  9.95129202e-01
8.09651681e-01  6.41602291e-01  8.01711527e-01  9.28564075e-01  5.12249787e-01  8.07563986e-01
9.28964253e-01  5.06225605e-01  4.84751819e-01  9.78238445e-01  4.65242381e-01  5.00636993e-01
7.66717318e-01  5.83658990e-01  9.85139105e-01  9.03827476e-01  4.16244498e-01  9.88783611e-01
8.12488233e-01  4.75777380e-01  8.99746366e-01  9.18645539e-01  3.49346049e-01  9.09518261e-01
8.08965461e-01  5.11498613e-01  8.88516141e-01  9.19755665e-01  3.70249700e-01  8.97478186e-01
8.67415694e-01  3.64766257e-01  7.85294269e-01  9.37391210e-01  2.74918242e-01  8.06842493e-01
8.74249712e-01  6.20515115e-01  5.96341204e-01  9.59417078e-01  5.43588764e-01  6.02872069e-01
7.47329997e-01  7.08242049e-01  9.70087395e-01  9.05900531e-01  4.37690229e-01  9.70441175e-01
9.65363441e-01  4.14843235e-01  4.20483515e-01  9.88999106e-01  4.05214200e-01  4.45773898e-01
8.07190469e-01  8.84912082e-01  6.52099773e-01  9.48866864e-01  7.07507449e-01  6.31410066e-01
8.08758741e-01  4.29128440e-01  9.42702796e-01  9.16230118e-01  2.42743523e-01  9.50106009e-01
8.37181963e-01  3.33580493e-01  9.08215688e-01  9.23000373e-01  1.83515732e-01  9.20638984e-01
7.65464299e-01  6.35610440e-01  9.55661043e-01  9.06310576e-01  4.74100982e-01  9.59238923e-01
7.65426298e-01  6.15997250e-01  9.68525946e-01  9.06423344e-01  4.18520356e-01  9.71602377e-01
8.53315694e-01  7.11755727e-01  6.07891707e-01  9.54978954e-01  6.50049981e-01  6.05747558e-01
9.18063303e-01  2.27378035e-01  7.02506218e-01  9.52252772e-01  1.61000051e-01  7.38370834e-01
9.41425420e-01  5.15261372e-01  4.36275611e-01  9.87604756e-01  4.39827849e-01  4.46048722e-01
9.20882153e-01  5.85960624e-01  4.60429706e-01  9.82110730e-01  5.20868021e-01  4.62711972e-01
8.39485726e-01  2.21328354e-01  9.73279470e-01  9.15521671e-01  1.24275748e-01  9.82542203e-01
9.72651594e-01  3.41020412e-01  4.43365745e-01  9.88170622e-01  2.87917678e-01  4.78185872e-01
7.69060762e-01  6.02173986e-01  9.65159797e-01  9.09606917e-01  3.48972394e-01  9.67563724e-01
8.57538159e-01  2.33031375e-01  9.04371579e-01  9.24361985e-01  1.46630444e-01  9.20592728e-01
7.35443699e-01  7.69790943e-01  9.70489780e-01  9.04733438e-01  4.73998964e-01  9.69375883e-01
7.92670690e-01  5.14198205e-01  9.42399709e-01  9.14334409e-01  3.06335166e-01  9.47805196e-01
9.65816511e-01  3.95759135e-01  4.31037373e-01  9.89935722e-01  3.27654141e-01  4.57512795e-01
8.51366679e-01  7.74746268e-01  5.73614969e-01  9.62984948e-01  6.30402026e-01  5.59039627e-01
7.64037353e-01  5.82012587e-01  9.95310243e-01  9.03603430e-01  3.82427755e-01  9.98182492e-01
9.66674679e-01  2.80932729e-01  5.02670516e-01  9.79507962e-01  2.38256150e-01  5.45422187e-01
9.36115576e-01  2.40822506e-01  6.32477573e-01  9.61340205e-01  1.90676441e-01  6.73115062e-01
8.87074763e-01  2.26397237e-01  8.08373612e-01  9.37257530e-01  1.60333242e-01  8.34678320e-01
7.63055979e-01  7.18520243e-01  9.10007465e-01  9.14161565e-01  4.68897458e-01  9.10121915e-01
7.63998441e-01  6.26605106e-01  9.66488370e-01  9.08865218e-01  3.65832556e-01  9.68349919e-01
7.48257847e-01  7.51444452e-01  9.38884846e-01  9.09818365e-01  4.69530716e-01  9.37822243e-01
9.51872457e-01  4.57230948e-01  4.38476555e-01  9.88349769e-01  3.75304176e-01  4.56463097e-01
8.89796144e-01  5.80925003e-01  5.68956462e-01  9.62859167e-01  5.44905428e-01  5.79975452e-01
9.00699399e-01  2.01834856e-01  7.78053973e-01  9.41997508e-01  1.42367881e-01  8.08515013e-01
8.74175179e-01  6.00002492e-01  6.09615069e-01  9.61738114e-01  4.23179631e-01  6.15822715e-01
9.44282466e-01  3.73221586e-01  5.18788995e-01  9.74833625e-01  3.38962231e-01  5.51683433e-01
9.62069918e-01  3.26273550e-01  4.88870272e-01  9.81653489e-01  2.62429546e-01  5.25973900e-01
7.59898358e-01  7.07564332e-01  9.27843690e-01  9.10211760e-01  4.95968301e-01  9.29074991e-01
9.38694691e-01  5.22625320e-01  4.40767096e-01  9.86328083e-01  4.56748865e-01  4.50250734e-01
9.94517061e-01  3.44387072e-01  3.66935230e-01  9.98329536e-01  3.47911758e-01  3.98923447e-01
9.60725570e-01  2.74530941e-01  5.27027249e-01  9.75794607e-01  2.34811417e-01  5.70042938e-01
8.25211155e-01  3.50514965e-01  9.37873137e-01  9.17206669e-01  2.24786115e-01  9.48072260e-01
9.74913190e-01  3.41627695e-01  4.35292181e-01  9.89772974e-01  2.81246011e-01  4.69482548e-01
8.95070996e-01  7.31413905e-01  4.53343978e-01  9.74641648e-01  8.24117911e-01  4.38690147e-01
8.30374680e-01  2.99056319e-01  9.53750966e-01  9.17108543e-01  1.62817338e-01  9.63292089e-01
8.05288407e-01  6.77482012e-01  7.93233001e-01  9.28957294e-01  5.46210096e-01  7.97046812e-01
8.37675287e-01  3.33436337e-01  9.06633835e-01  9.23033475e-01  1.88399447e-01  9.19276859e-01
7.76032249e-01  5.31781435e-01  9.87191235e-01  9.07771060e-01  3.02424705e-01  9.90295471e-01
8.33889182e-01  3.40757725e-01  9.14737623e-01  9.21327945e-01  2.03268264e-01  9.26712179e-01
8.89972693e-01  2.64326858e-01  7.73906879e-01  9.42793250e-01  1.53748755e-01  8.00733058e-01
8.17906890e-01  7.71277463e-01  6.89783844e-01  9.44065882e-01  6.18736925e-01  6.83610307e-01
7.87558021e-01  8.74189688e-01  7.25729089e-01  9.39417471e-01  6.29124663e-01  7.10453946e-01
8.16247682e-01  3.47290700e-01  9.70407660e-01  9.11850975e-01  2.41460892e-01  9.78488122e-01
9.62675105e-01  4.27014892e-01  4.21412196e-01  9.87698585e-01  4.38183389e-01  4.45834289e-01
8.94635059e-01  7.41020739e-01  4.48587738e-01  9.81594130e-01  6.88646696e-01  4.26006767e-01
9.88499914e-01  3.51250760e-01  3.82910546e-01  9.95657022e-01  3.52141382e-01  4.15063405e-01
7.93904508e-01  4.76697213e-01  9.62260878e-01  9.09762505e-01  3.40026282e-01  9.68672469e-01
9.10044807e-01  3.68797340e-01  6.38217327e-01  9.59388049e-01  2.70813247e-01  6.67280839e-01
8.60993933e-01  8.15244950e-01  5.14630602e-01  9.65443157e-01  8.41876384e-01  4.93488622e-01
7.59575842e-01  6.27812826e-01  9.81020645e-01  9.05227386e-01  4.03863970e-01  9.83238247e-01
8.33527581e-01  8.87841784e-01  5.60764393e-01  9.59643257e-01  8.32481391e-01  5.32888845e-01
9.73257919e-01  4.22808341e-01  3.88208932e-01  9.93130403e-01  4.39434040e-01  4.10711787e-01
8.44093999e-01  2.12648482e-01  9.63264736e-01  9.16553504e-01  1.32752357e-01  9.73929998e-01
8.71851109e-01  3.55243031e-01  7.76415478e-01  9.38970824e-01  2.65110097e-01  7.99023170e-01
9.48166086e-01  3.79559776e-01  5.01487275e-01  9.79475536e-01  2.96265189e-01  5.31972484e-01
7.47156557e-01  7.29599583e-01  9.56808747e-01  9.07420020e-01  4.55089206e-01  9.56601229e-01
7.83489488e-01  5.89213360e-01  9.24574046e-01  9.15298111e-01  3.59706975e-01  9.28543086e-01
8.01139347e-01  6.13334338e-01  8.48972201e-01  9.22283909e-01  4.79533965e-01  8.55535902e-01
8.55115960e-01  2.24323923e-01  9.18251311e-01  9.22433019e-01  1.44855104e-01  9.33379641e-01
8.78386770e-01  6.98376199e-01  5.31445590e-01  9.64775255e-01  7.14167653e-01  5.27838681e-01
7.65983728e-01  6.29085953e-01  9.58134841e-01  9.09111042e-01  3.92521273e-01  9.60489738e-01
8.33834169e-01  2.81322673e-01  9.53516813e-01  9.17200806e-01  1.59150879e-01  9.63563756e-01
9.27807522e-01  3.64860861e-01  5.80159274e-01  9.66310768e-01  3.12131216e-01  6.12648476e-01
9.23312357e-01  3.12862908e-01  6.29182484e-01  9.62770750e-01  1.96151304e-01  6.62653401e-01
7.69221809e-01  6.89594274e-01  9.07849342e-01  9.14170672e-01  4.71534209e-01  9.09442709e-01
8.88717394e-01  7.42493899e-01  4.67724758e-01  9.73063123e-01  8.08801497e-01  4.52417476e-01
8.69875059e-01  8.05574355e-01  4.90752342e-01  9.70188141e-01  8.23838964e-01  4.67311076e-01
9.49337465e-01  4.09951426e-01  4.77778691e-01  9.80360363e-01  3.82681790e-01  5.05953246e-01
7.57043091e-01  7.98467236e-01  8.78518375e-01  9.17370812e-01  5.31308519e-01  8.74849069e-01
7.86030582e-01  5.59217589e-01  9.35421067e-01  9.14847821e-01  3.24555360e-01  9.39706903e-01
9.84725369e-01  3.22613460e-01  4.14318941e-01  9.93512984e-01  2.61667073e-01  4.50111705e-01
8.65963143e-01  2.12189676e-01  8.89292546e-01  9.26796815e-01  1.35045330e-01  9.07707873e-01
9.54242134e-01  3.52487344e-01  4.98431338e-01  9.78296615e-01  3.21226524e-01  5.33654748e-01
8.62402258e-01  7.88142064e-01  5.27444467e-01  9.64654251e-01  7.89354231e-01  5.10912716e-01
8.53278083e-01  2.36712145e-01  9.16448980e-01  9.22262969e-01  1.57403515e-01  9.31515507e-01
9.25982256e-01  5.80489171e-01  4.46366322e-01  9.80862913e-01  6.01564664e-01  4.51197605e-01
7.88076189e-01  5.39033336e-01  9.41578286e-01  9.11015580e-01  3.95025298e-01  9.47687867e-01
7.60657487e-01  6.16625018e-01  9.84314615e-01  9.05940726e-01  3.69364127e-01  9.86270982e-01
7.85009165e-01  5.84553934e-01  9.22437029e-01  9.12498318e-01  4.37909883e-01  9.28083030e-01
9.12444707e-01  3.69743763e-01  6.29155688e-01  9.59164621e-01  3.07906017e-01  6.59464066e-01
9.35623023e-01  4.05981699e-01  5.26924739e-01  9.76283639e-01  2.90738233e-01  5.53739891e-01
8.98040661e-01  6.97824059e-01  4.65067948e-01  9.79419233e-01  6.39258887e-01  4.51579630e-01
7.27324999e-01  7.90711513e-01  9.84477650e-01  9.02640130e-01  4.73150704e-01  9.82998418e-01
8.63727761e-01  2.82565284e-01  8.51189252e-01  9.30213805e-01  1.97579553e-01  8.71073987e-01
9.20601516e-01  6.22236323e-01  4.37533888e-01  9.81032808e-01  6.62356775e-01  4.35795528e-01
8.67109660e-01  2.18402351e-01  8.81364852e-01  9.27304675e-01  1.51301245e-01  9.00623946e-01
9.17555972e-01  2.75997112e-01  6.72663271e-01  9.54976375e-01  2.16631889e-01  7.07808876e-01
8.37606728e-01  5.05122867e-01  7.95391997e-01  9.32671361e-01  3.94429272e-01  8.08968131e-01
9.70549508e-01  3.02065855e-01  4.75793446e-01  9.84256699e-01  2.35829296e-01  5.15545118e-01
9.82488445e-01  3.73723719e-01  3.88732867e-01  9.94198368e-01  3.78637950e-01  4.18177808e-01
7.62744723e-01  5.96826720e-01  9.90080929e-01  9.04010642e-01  3.93861898e-01  9.92879133e-01
8.46788418e-01  2.55107053e-01  9.26544253e-01  9.20143023e-01  1.77813674e-01  9.40303452e-01
8.03362820e-01  8.16402920e-01  7.09576827e-01  9.40471317e-01  6.44593918e-01  7.00054578e-01
9.41321930e-01  2.62198550e-01  6.00920718e-01  9.65440770e-01  2.12155295e-01  6.41765320e-01
8.53944708e-01  2.57546184e-01  9.00657792e-01  9.24987900e-01  1.47995593e-01  9.16257819e-01
8.39200555e-01  3.21056251e-01  9.09491507e-01  9.20960101e-01  2.28446199e-01  9.23142732e-01
7.72574876e-01  5.39265498e-01  9.94072056e-01  9.03605026e-01  3.82902333e-01  9.98060534e-01
8.69223780e-01  3.31532114e-01  8.00732873e-01  9.37709309e-01  2.02247723e-01  8.21912820e-01
9.85725995e-01  2.55898651e-01  4.54233346e-01  9.86783845e-01  2.30138612e-01  5.00681140e-01
8.48063926e-01  9.31187922e-01  4.83262644e-01  9.68536797e-01  9.86567702e-01  4.39586842e-01
8.94406529e-01  6.99072203e-01  4.76597195e-01  9.72917811e-01  7.45366203e-01  4.68284246e-01
8.18288752e-01  3.75322507e-01  9.45275052e-01  9.17001178e-01  2.06273088e-01  9.53748815e-01
8.25711251e-01  3.77109246e-01  9.18906582e-01  9.19045172e-01  2.51554395e-01  9.29980786e-01
8.71903914e-01  1.94056281e-01  8.80891432e-01  9.27995297e-01  1.31246278e-01  9.00917491e-01
9.58950578e-01  2.73665559e-01  5.33616177e-01  9.74719151e-01  2.36228696e-01  5.76605000e-01
7.63471093e-01  6.46763767e-01  9.55189851e-01  9.09826608e-01  3.88385265e-01  9.56875186e-01
8.01937067e-01  7.27284448e-01  7.72279021e-01  9.32048194e-01  5.67751370e-01  7.72155965e-01
9.51255513e-01  3.71195190e-01  4.96427300e-01  9.79843209e-01  3.02009787e-01  5.28262500e-01
9.36973661e-01  5.13490217e-01  4.52541664e-01  9.85113843e-01  4.32266733e-01  4.63800299e-01
8.51070978e-01  7.61940280e-01  5.82932200e-01  9.56140161e-01  7.49539890e-01  5.74878072e-01
7.92088114e-01  5.92952200e-01  8.92945672e-01  9.20489318e-01  3.51070511e-01  8.97289577e-01
8.02745763e-01  9.17684660e-01  6.45915608e-01  9.50318364e-01  7.15271951e-01  6.20275031e-01
8.93896976e-01  6.91396541e-01  4.83311210e-01  9.78204833e-01  5.87744422e-01  4.71494643e-01
8.58198002e-01  7.69257563e-01  5.53980914e-01  9.61213723e-01  7.50177260e-01  5.42196790e-01
8.73693625e-01  8.21566260e-01  4.67403525e-01  9.70319334e-01  9.31463700e-01  4.41131014e-01
9.72964763e-01  3.69303027e-01  4.23940730e-01  9.88725761e-01  3.66955372e-01  4.56017927e-01
8.74059941e-01  5.83041119e-01  6.21017252e-01  9.55588122e-01  5.20214197e-01  6.32410260e-01
9.09501201e-01  6.91465921e-01  4.30280377e-01  9.78808346e-01  7.94282314e-01  4.18998298e-01
9.54451966e-01  4.01847366e-01  4.65673485e-01  9.82974555e-01  3.62190403e-01  4.94015801e-01
8.32835440e-01  3.21546802e-01  9.30789754e-01  9.18698376e-01  2.08650510e-01  9.42306261e-01
9.35038785e-01  4.50087545e-01  5.00273991e-01  9.79149207e-01  3.48213553e-01  5.21834189e-01
9.09013642e-01  3.10455713e-01  6.79299206e-01  9.55524484e-01  1.91652225e-01  7.10175679e-01
7.82004322e-01  6.13698135e-01  9.13718167e-01  9.13131766e-01  4.60594685e-01  9.18680096e-01
8.38303348e-01  2.35401868e-01  9.68156684e-01  9.16207908e-01  1.26578557e-01  9.77599673e-01
8.42006686e-01  3.12101758e-01  9.05776261e-01  9.22365618e-01  2.04875665e-01  9.19679966e-01
7.77910773e-01  6.37075950e-01  9.12440696e-01  9.12742420e-01  4.79654196e-01  9.16689089e-01
8.29264697e-01  2.72255992e-01  9.74922717e-01  9.13955852e-01  1.63477355e-01  9.83352518e-01
9.07707130e-01  6.40102906e-01  4.69718145e-01  9.74977295e-01  6.85404342e-01  4.69196390e-01
8.11867626e-01  5.08714521e-01  8.80467925e-01  9.20540842e-01  3.80196455e-01  8.90101553e-01
7.52041121e-01  6.85727776e-01  9.68706275e-01  9.05358703e-01  4.53934816e-01  9.70090697e-01
7.81171720e-01  4.97031014e-01  9.92301100e-01  9.07304280e-01  2.91275798e-01  9.95913639e-01
8.29652408e-01  2.53057812e-01  9.86071989e-01  9.12273116e-01  1.64314229e-01  9.93945620e-01
8.60218083e-01  2.51586784e-01  8.83222833e-01  9.27855590e-01  1.36706641e-01  9.00527664e-01
8.85110337e-01  3.41541570e-01  7.40285493e-01  9.44137336e-01  2.63369566e-01  7.66304977e-01
8.63550995e-01  7.92966584e-01  5.20411723e-01  9.66769550e-01  7.71528472e-01  5.01546524e-01
9.31042910e-01  2.98723243e-01  6.12111925e-01  9.64639551e-01  2.06620171e-01  6.48205897e-01
8.94136412e-01  7.11460256e-01  4.69471772e-01  9.73215460e-01  7.76278660e-01  4.59097813e-01
9.45617689e-01  5.34605443e-01  4.09482038e-01  9.90923902e-01  4.83928105e-01  4.14383987e-01
9.02047219e-01  2.23413544e-01  7.59466828e-01  9.44087442e-01  1.61424922e-01  7.90627297e-01
7.59234924e-01  7.20666296e-01  9.21590463e-01  9.12572341e-01  4.63470820e-01  9.21590013e-01
9.11904965e-01  2.98349044e-01  6.77341207e-01  9.55822646e-01  1.87008805e-01  7.09357128e-01
8.23360029e-01  2.92446144e-01  9.81865622e-01  9.11835305e-01  1.94412121e-01  9.89666351e-01
8.69690752e-01  2.66170196e-01  8.41584319e-01  9.31777718e-01  1.89079755e-01  8.63047227e-01
7.59095992e-01  7.25020630e-01  9.19234712e-01  9.12224912e-01  4.82404928e-01  9.19359762e-01
7.56217917e-01  6.82425682e-01  9.56666441e-01  9.08790872e-01  4.13986966e-01  9.57488599e-01
9.25586365e-01  2.94024847e-01  6.33690975e-01  9.62246511e-01  1.85057649e-01  6.68626731e-01
8.16579809e-01  6.96186601e-01  7.42744962e-01  9.35271799e-01  5.93046928e-01  7.45530391e-01
8.55038210e-01  3.42160908e-01  8.42004643e-01  9.31771862e-01  2.04271488e-01  8.59507896e-01
8.36534719e-01  2.60945454e-01  9.57576609e-01  9.16532525e-01  1.59090908e-01  9.67863058e-01
8.51922139e-01  9.07078689e-01  4.85814077e-01  9.69167110e-01  9.42436334e-01  4.45935526e-01
8.39982939e-01  8.93144975e-01  5.35401243e-01  9.62849970e-01  8.67477861e-01  5.04088247e-01
9.73216278e-01  3.33887380e-01  4.46079076e-01  9.86251278e-01  3.18807522e-01  4.83219831e-01
8.56439747e-01  5.71377802e-01  6.88423858e-01  9.50814599e-01  3.72608368e-01  6.97770562e-01
8.22398107e-01  2.95173196e-01  9.83659501e-01  9.11921434e-01  1.88185015e-01  9.91096474e-01
7.95027936e-01  5.30332913e-01  9.23620556e-01  9.17119886e-01  3.07421923e-01  9.29172042e-01
8.66535772e-01  6.43390933e-01  6.07385581e-01  9.56356077e-01  5.83917198e-01  6.12487872e-01
7.88859335e-01  5.47945136e-01  9.33133641e-01  9.15212423e-01  3.22299520e-01  9.37900139e-01
9.78886476e-01  3.43514990e-01  4.20575529e-01  9.92449572e-01  2.75827481e-01  4.53596269e-01
8.11028564e-01  5.54312449e-01  8.54008792e-01  9.23469774e-01  4.18595555e-01  8.62796017e-01
8.78750340e-01  7.59781653e-01  4.90345703e-01  9.75703456e-01  6.63848547e-01  4.69615363e-01
8.70366690e-01  3.19904046e-01  8.04401460e-01  9.37418235e-01  1.93339716e-01  8.25876575e-01
7.98401946e-01  4.96232437e-01  9.34303971e-01  9.16350867e-01  2.80995354e-01  9.40325299e-01
9.72572639e-01  2.51090558e-01  5.02017746e-01  9.80341257e-01  2.05166520e-01  5.47869780e-01
9.28214905e-01  2.91649372e-01  6.26307548e-01  9.63195676e-01  1.87567265e-01  6.61949837e-01
7.48694014e-01  7.31948971e-01  9.50062054e-01  9.08493262e-01  4.55196164e-01  9.49694175e-01
7.46288847e-01  6.80148235e-01  9.91865159e-01  9.03541758e-01  4.07732229e-01  9.92619915e-01
7.50653582e-01  6.94270660e-01  9.68169391e-01  9.05987212e-01  4.43456832e-01  9.69043815e-01
7.97755327e-01  4.98127798e-01  9.35267762e-01  9.13059379e-01  3.61006372e-01  9.42592378e-01
8.72149730e-01  2.88002189e-01  8.19058795e-01  9.34447190e-01  2.07365079e-01  8.41625012e-01
9.49674575e-01  5.13445867e-01  4.09443670e-01  9.88105451e-01  5.34933319e-01  4.20446972e-01
9.42948652e-01  4.14833547e-01  4.96302766e-01  9.77760183e-01  3.76651256e-01  5.24045146e-01
8.83305861e-01  3.75638891e-01  7.24276247e-01  9.48308604e-01  2.29045716e-01  7.47639984e-01
8.88879444e-01  3.84488408e-01  6.99604263e-01  9.51848745e-01  2.34863902e-01  7.23570645e-01
7.70527897e-01  7.13008412e-01  8.88211612e-01  9.17330042e-01  4.74178816e-01  8.88561620e-01
7.52676058e-01  7.71206542e-01  9.11048852e-01  9.13141467e-01  5.00901841e-01  9.09127538e-01
8.18701314e-01  3.54284131e-01  9.57534072e-01  9.14482562e-01  2.22518327e-01  9.66073802e-01
8.24055051e-01  8.51119820e-01  6.16771902e-01  9.55123030e-01  6.84708829e-01  5.96663626e-01
8.29327937e-01  7.35685669e-01  6.73810511e-01  9.44419434e-01  6.55995418e-01  6.72054935e-01
8.15181857e-01  3.54770089e-01  9.69170775e-01  9.11891211e-01  2.45801937e-01  9.77208007e-01
7.61430877e-01  7.17361224e-01  9.16577166e-01  9.14591894e-01  4.33947846e-01  9.16107652e-01
7.65880856e-01  7.71243328e-01  8.66182302e-01  9.20745140e-01  4.89558360e-01  8.63042415e-01
7.90276898e-01  4.87814333e-01  9.67362038e-01  9.08620521e-01  3.51188274e-01  9.73367036e-01
8.36635175e-01  2.45788629e-01  9.67077393e-01  9.15689910e-01  1.44739167e-01  9.76645253e-01
8.30932475e-01  6.66586631e-01  7.13224419e-01  9.40356085e-01  5.71704933e-01  7.17954692e-01
8.59739481e-01  2.27139415e-01  9.00721613e-01  9.25305933e-01  1.34764028e-01  9.17333906e-01
9.38544079e-01  5.39160543e-01  4.30543612e-01  9.88425455e-01  4.59885977e-01  4.36064072e-01
7.77455818e-01  7.21048034e-01  8.59464612e-01  9.21324852e-01  4.89278970e-01  8.59391025e-01
7.93391500e-01  4.88075854e-01  9.56913026e-01  9.11914595e-01  3.09191433e-01  9.62649084e-01
8.85974304e-01  7.51243660e-01  4.71358534e-01  9.71596784e-01  8.34194875e-01  4.55840897e-01
8.48815768e-01  7.42760616e-01  6.03042494e-01  9.55195330e-01  6.80535759e-01  5.97182579e-01
9.65224822e-01  3.33413560e-01  4.73522020e-01  9.82125340e-01  3.12825815e-01  5.11083208e-01
7.79819018e-01  6.00749154e-01  9.29547320e-01  9.11024781e-01  4.50544356e-01  9.34556853e-01
8.76176276e-01  6.97261499e-01  5.39973721e-01  9.69983555e-01  5.56527438e-01  5.32074399e-01
8.74142581e-01  3.92663232e-01  7.44636271e-01  9.42726245e-01  3.00612843e-01  7.67100423e-01
8.07208238e-01  3.91004511e-01  9.72722301e-01  9.10485845e-01  2.72517712e-01  9.79929273e-01
7.91928572e-01  7.08694091e-01  8.18336361e-01  9.25006227e-01  5.55843971e-01  8.20113115e-01
8.68319837e-01  6.99218932e-01  5.65380102e-01  9.63735647e-01  6.04587885e-01  5.60820086e-01
7.93047217e-01  8.35482691e-01  7.32219339e-01  9.38220560e-01  6.15981598e-01  7.21223006e-01
7.69135867e-01  6.45371498e-01  9.36854328e-01  9.09165729e-01  4.76545604e-01  9.40355458e-01
7.76634693e-01  7.28628435e-01  8.57332047e-01  9.23017991e-01  4.57159553e-01  8.56096838e-01
8.20052804e-01  3.56281168e-01  9.51647231e-01  9.14719144e-01  2.38311984e-01  9.60838144e-01
8.23925677e-01  6.53848653e-01  7.45288305e-01  9.36447520e-01  5.38818384e-01  7.50759432e-01
1.00218684e+00  3.04932032e-01  3.66507053e-01  9.98321392e-01  3.22532962e-01  4.04950777e-01
7.98968868e-01  5.97194863e-01  8.66822484e-01  9.20906166e-01  4.41800169e-01  8.73254514e-01
8.66410117e-01  2.56664822e-01  8.58897104e-01  9.30062386e-01  1.68634148e-01  8.78860054e-01
9.59851355e-01  4.39357534e-01  4.22987387e-01  9.88484734e-01  4.21606323e-01  4.44696460e-01
8.11798099e-01  4.60331420e-01  9.12119182e-01  9.17208890e-01  3.36714221e-01  9.21704482e-01
7.64307209e-01  6.11757490e-01  9.75080321e-01  9.07384080e-01  3.68086466e-01  9.77316657e-01
8.81028047e-01  3.19056363e-01  7.69044882e-01  9.41903732e-01  2.10582545e-01  7.93571641e-01
8.03694538e-01  8.16994265e-01  7.08067440e-01  9.43664135e-01  5.72590910e-01  6.96534821e-01
7.69569174e-01  6.25114532e-01  9.48536053e-01  9.08407444e-01  4.47148887e-01  9.52139233e-01
7.46470766e-01  8.07183259e-01  9.08763069e-01  9.13737731e-01  5.02407992e-01  9.04949552e-01
9.65865530e-01  2.53215576e-01  5.23412611e-01  9.77434475e-01  1.97926277e-01  5.68212467e-01
8.59389153e-01  8.74618925e-01  4.81532655e-01  9.68607113e-01  9.50000562e-01  4.47745255e-01
8.24265604e-01  5.25676422e-01  8.27650575e-01  9.30004117e-01  3.47499721e-01  8.37636351e-01
8.33194620e-01  3.57550501e-01  9.06489867e-01  9.21225304e-01  2.40806857e-01  9.19048085e-01
9.72760792e-01  3.57636419e-01  4.32207532e-01  9.88831304e-01  3.25247388e-01  4.65160830e-01
8.52792023e-01  4.15898124e-01  8.02053720e-01  9.34743011e-01  2.95692820e-01  8.19447874e-01
8.36415859e-01  7.83853007e-01  6.18470998e-01  9.57364913e-01  5.87294172e-01  6.05224161e-01
7.80534806e-01  5.26247030e-01  9.75492483e-01  9.07343109e-01  3.57383293e-01  9.80099480e-01
9.15628743e-01  4.99071779e-01  5.34380920e-01  9.73718333e-01  3.73897571e-01  5.50609404e-01
9.88028291e-01  3.05806684e-01  4.14014847e-01  9.92105174e-01  2.85448686e-01  4.53539322e-01
8.17002246e-01  3.47046842e-01  9.68003409e-01  9.12290887e-01  2.39044099e-01  9.76236331e-01
8.48764630e-01  3.18585791e-01  8.78616406e-01  9.26820264e-01  1.91614882e-01  8.94238244e-01
8.41936722e-01  4.67106680e-01  8.05669688e-01  9.35383864e-01  2.79971884e-01  8.19040093e-01
9.34778582e-01  4.56058485e-01  4.97280661e-01  9.76005727e-01  4.38251245e-01  5.20791504e-01
8.52382608e-01  2.25621202e-01  9.26691684e-01  9.21192471e-01  1.46516274e-01  9.40943162e-01
8.95084406e-01  6.90964946e-01  4.79558781e-01  9.72208128e-01  7.44459291e-01  4.73048167e-01
7.90205590e-01  6.67498223e-01  8.50934776e-01  9.20611848e-01  5.27255290e-01  8.55021481e-01
7.73753073e-01  6.06795612e-01  9.46223171e-01  9.11776324e-01  3.68028955e-01  9.49166094e-01
7.68641544e-01  5.90275472e-01  9.74307806e-01  9.04975864e-01  4.29672124e-01  9.78258285e-01
8.64285171e-01  7.01473479e-01  5.77318638e-01  9.59164137e-01  6.65811114e-01  5.75201666e-01
8.14731342e-01  3.32143021e-01  9.85394202e-01  9.11751492e-01  1.87587866e-01  9.91810553e-01
8.18209878e-01  8.84086942e-01  6.15216918e-01  9.55578502e-01  6.98499218e-01  5.90496356e-01
7.55671809e-01  6.57237927e-01  9.74875528e-01  9.06059891e-01  4.08132716e-01  9.76378701e-01
7.61949207e-01  6.23475067e-01  9.75479799e-01  9.06887004e-01  3.80587819e-01  9.77560556e-01
9.32838701e-01  3.70585522e-01  5.59358749e-01  9.69184550e-01  3.22303828e-01  5.91826918e-01
7.76513910e-01  6.19321047e-01  9.28712761e-01  9.10687935e-01  4.65373750e-01  9.33225185e-01
9.59839430e-01  3.82855039e-01  4.59710167e-01  9.83556138e-01  3.59952955e-01  4.90813541e-01
7.63035787e-01  8.16447058e-01  8.46493648e-01  9.22023008e-01  5.48609713e-01  8.40945065e-01
8.35833948e-01  7.40865741e-01  6.48354718e-01  9.47624252e-01  6.81568399e-01  6.45484798e-01
7.79699576e-01  5.09508914e-01  9.89197283e-01  9.04859948e-01  3.66560539e-01  9.93861365e-01
9.57737719e-01  4.80963938e-01  4.03152963e-01  9.93289216e-01  4.16460815e-01  4.15102235e-01
9.47162735e-01  4.11537120e-01  4.84133646e-01  9.79280703e-01  3.84987694e-01  5.12333012e-01
9.30026422e-01  3.31036052e-01  5.94585094e-01  9.66572477e-01  2.37335670e-01  6.28580344e-01
8.18092607e-01  7.01447859e-01  7.34191924e-01  9.36454599e-01  5.99296249e-01  7.36474879e-01
9.78244642e-01  2.76403858e-01  4.66324363e-01  9.85409122e-01  2.29394956e-01  5.09670801e-01
8.58210837e-01  7.96709175e-01  5.36115055e-01  9.64281876e-01  7.67649174e-01  5.18410538e-01
9.16551341e-01  2.47083621e-01  6.95144160e-01  9.52592695e-01  1.87295316e-01  7.30516383e-01
8.43506674e-01  2.66059142e-01  9.30578593e-01  9.20598270e-01  1.53389013e-01  9.43135102e-01
8.65722043e-01  7.28049443e-01  5.55185517e-01  9.61206334e-01  7.21027412e-01  5.49107187e-01
8.14192875e-01  7.05645202e-01  7.45008158e-01  9.38114888e-01  5.19447563e-01  7.45145144e-01
8.61168750e-01  8.25317900e-01  5.07497390e-01  9.66536749e-01  8.52840788e-01  4.83895204e-01
8.68698070e-01  3.81149699e-01  7.70600652e-01  9.40931872e-01  2.46883267e-01  7.91256415e-01
7.92929948e-01  6.16474131e-01  8.74813977e-01  9.22163193e-01  3.83761662e-01  8.78859334e-01
9.30309697e-01  4.25305810e-01  5.32420985e-01  9.75272127e-01  3.04423734e-01  5.57003509e-01
8.45071206e-01  9.05644583e-01  5.10008614e-01  9.69364564e-01  8.31435735e-01  4.70803160e-01
7.78070101e-01  5.45335033e-01  9.71469592e-01  9.09569799e-01  3.18425372e-01  9.74994102e-01
8.82311445e-01  7.36451410e-01  4.93400189e-01  9.75459054e-01  6.40978391e-01  4.76566934e-01
7.73417954e-01  7.08452469e-01  8.81652972e-01  9.18826173e-01  4.63603522e-01  8.81974351e-01
7.80965559e-01  6.09591282e-01  9.19914258e-01  9.16131280e-01  3.60150072e-01  9.23096308e-01
7.72055669e-01  8.37315274e-01  8.02314016e-01  9.28750185e-01  5.66163035e-01  7.93676931e-01
8.31913621e-01  7.13975826e-01  6.79125332e-01  9.44412057e-01  6.25500468e-01  6.79282036e-01
8.65941892e-01  8.02558275e-01  5.06066093e-01  9.69678969e-01  7.69151889e-01  4.83451216e-01
9.13915070e-01  5.30635651e-01  5.19707227e-01  9.71034926e-01  5.12798196e-01  5.35112517e-01
8.18309698e-01  9.01766850e-01  6.03696978e-01  9.56921627e-01  7.26711598e-01  5.75758214e-01
9.99221900e-01  3.06533641e-01  3.75534785e-01  9.97895856e-01  2.98384278e-01  4.13364744e-01
8.86158527e-01  7.26234559e-01  4.86969500e-01  9.70486760e-01  7.78220322e-01  4.76136735e-01
8.51888781e-01  2.77143182e-01  8.94915157e-01  9.24915331e-01  1.73646410e-01  9.10683664e-01
8.08022300e-01  6.45255002e-01  8.04873199e-01  9.28309944e-01  5.07439468e-01  8.10326063e-01
8.01440761e-01  8.43692327e-01  6.98386734e-01  9.44031800e-01  6.14778630e-01  6.84244567e-01
9.01734770e-01  7.26083898e-01  4.34177121e-01  9.78152289e-01  8.18899858e-01  4.17408953e-01
9.64918236e-01  3.41849850e-01  4.69086269e-01  9.84649128e-01  2.74228160e-01  5.03988322e-01
9.04689757e-01  2.54055822e-01  7.30599209e-01  9.48793256e-01  1.55550312e-01  7.61836483e-01
7.60325847e-01  6.35253003e-01  9.73343904e-01  9.03960723e-01  4.64720588e-01  9.76515378e-01
9.27570507e-01  6.04931921e-01  4.25104870e-01  9.86584059e-01  5.71399963e-01  4.21616305e-01
7.96369336e-01  5.24734280e-01  9.22700346e-01  9.17425078e-01  3.02269393e-01  9.28428255e-01
7.42470320e-01  7.82459380e-01  9.38401576e-01  9.09537088e-01  4.83878583e-01  9.36247628e-01
1.00394033e+00  2.90409502e-01  3.69981249e-01  9.98798861e-01  2.88003943e-01  4.10018724e-01
7.99543561e-01  4.22156716e-01  9.78525545e-01  9.10846735e-01  2.45206221e-01  9.84045696e-01
9.71386336e-01  2.49489237e-01  5.07085520e-01  9.79646089e-01  2.02486382e-01  5.52958148e-01
8.12160629e-01  8.36999863e-01  6.66329897e-01  9.49725231e-01  6.03914094e-01  6.50296402e-01
8.79980067e-01  5.44125620e-01  6.26179836e-01  9.55784184e-01  4.77582503e-01  6.41190380e-01
8.95061353e-01  5.61724437e-01  5.63544137e-01  9.68680533e-01  4.15518540e-01  5.73112125e-01
7.73339674e-01  6.93557680e-01  8.91291586e-01  9.16312482e-01  4.83469313e-01  8.92898946e-01
8.17831147e-01  5.33945827e-01  8.43835285e-01  9.28628281e-01  3.20740360e-01  8.52242573e-01
8.06072903e-01  5.62506666e-01  8.65221679e-01  9.25227187e-01  3.31535074e-01  8.71509237e-01
8.29590417e-01  7.20595798e-01  6.82717756e-01  9.48747280e-01  5.07994362e-01  6.79150544e-01
9.46960941e-01  2.23913626e-01  6.06628383e-01  9.65262621e-01  1.80131052e-01  6.50447450e-01
9.15016134e-01  6.17383642e-01  4.59947384e-01  9.77639090e-01  6.49151080e-01  4.61180890e-01
9.53700525e-01  3.29145694e-01  5.15424317e-01  9.76643015e-01  2.84950002e-01  5.52798394e-01
8.66073414e-01  8.55551616e-01  4.71214866e-01  9.73721314e-01  8.60769953e-01  4.35961923e-01
8.49883991e-01  9.05353957e-01  4.93854809e-01  9.70675323e-01  8.70712720e-01  4.53151477e-01
9.79119938e-01  3.79483561e-01  3.96431441e-01  9.94722622e-01  3.39978387e-01  4.23918254e-01
9.26943469e-01  4.58253797e-01  5.22460144e-01  9.72226400e-01  4.33283355e-01  5.46193815e-01
7.90213887e-01  5.59412182e-01  9.21385013e-01  9.15792858e-01  3.56559040e-01  9.26628071e-01
9.28760124e-01  4.21999598e-01  5.39829201e-01  9.74277186e-01  2.98505067e-01  5.64776473e-01
7.71195456e-01  8.35279736e-01  8.06556758e-01  9.28021701e-01  5.66388588e-01  7.98294917e-01
9.35253728e-01  5.47255307e-01  4.36460557e-01  9.82585388e-01  5.78587077e-01  4.45563116e-01
7.95850256e-01  8.35920978e-01  7.22416405e-01  9.40248877e-01  6.06154451e-01  7.10531155e-01
8.43619777e-01  4.08014573e-01  8.38023490e-01  9.31490243e-01  2.40816983e-01  8.52709113e-01
7.69592066e-01  6.08218947e-01  9.59429180e-01  9.07926274e-01  4.14663298e-01  9.62873380e-01
7.34628702e-01  7.78489979e-01  9.67609263e-01  9.05111399e-01  4.77265138e-01  9.66183278e-01
9.65816050e-01  4.64582171e-01  3.86358011e-01  9.95974407e-01  4.10176104e-01  3.99364848e-01
8.40623707e-01  2.79902106e-01  9.31380839e-01  9.19931227e-01  1.69359662e-01  9.43652023e-01
9.09967505e-01  2.97004637e-01  6.84793111e-01  9.54812754e-01  1.84593014e-01  7.16401348e-01
9.06162882e-01  5.77533879e-01  5.15583525e-01  9.74573844e-01  4.71616101e-01  5.22117181e-01
8.03812838e-01  3.85395876e-01  9.87895643e-01  9.08426370e-01  2.68257551e-01  9.94138235e-01
8.97777506e-01  7.33568957e-01  4.42755199e-01  9.82679867e-01  6.82575370e-01  4.20474595e-01
7.75666941e-01  5.58369723e-01  9.71166023e-01  9.06581371e-01  3.97105249e-01  9.75631312e-01
9.92112596e-01  3.26513492e-01  3.86703388e-01  9.96040890e-01  3.11702062e-01  4.22123015e-01
8.57273055e-01  8.06379196e-01  5.33021933e-01  9.68962272e-01  6.75385378e-01  5.10122793e-01
8.32524139e-01  2.52724784e-01  9.76832655e-01  9.13333188e-01  1.72658457e-01  9.85699712e-01
8.00992438e-01  5.27712729e-01  9.05064737e-01  9.16864703e-01  3.83773162e-01  9.12831438e-01
7.96750008e-01  8.17896833e-01  7.31361281e-01  9.40223930e-01  5.65088784e-01  7.20875951e-01
9.81556258e-01  3.75275040e-01  3.90891049e-01  9.94967271e-01  3.53216190e-01  4.19232934e-01
7.60862399e-01  6.22663914e-01  9.79695981e-01  9.03043908e-01  4.61719482e-01  9.83100850e-01
7.85534778e-01  6.35431085e-01  8.87617490e-01  9.16179397e-01  4.88890931e-01  8.92475817e-01
9.47915950e-01  3.42151856e-01  5.26622687e-01  9.76593047e-01  2.51154858e-01  5.61075497e-01
7.38306344e-01  7.32783404e-01  9.84797104e-01  9.02617437e-01  4.65420115e-01  9.84964132e-01
9.80717855e-01  3.55474189e-01  4.06592953e-01  9.94590588e-01  2.87357990e-01  4.37153645e-01
8.47208403e-01  3.66960522e-01  8.52789295e-01  9.28713093e-01  2.49501017e-01  8.68988142e-01
8.61458721e-01  7.84198751e-01  5.33208311e-01  9.62519794e-01  8.13724853e-01  5.18860837e-01
8.48275412e-01  4.49108200e-01  7.95830170e-01  9.37084578e-01  2.69166316e-01  8.10679093e-01
8.76376911e-01  3.09575705e-01  7.90697627e-01  9.39917761e-01  1.77523355e-01  8.13573288e-01
9.60472642e-01  4.33061902e-01  4.24964980e-01  9.87951384e-01  4.22231249e-01  4.47969099e-01
8.53300185e-01  2.14006327e-01  9.31117436e-01  9.21201144e-01  1.28986841e-01  9.45014867e-01
9.37641931e-01  3.32089377e-01  5.68041966e-01  9.70862218e-01  2.31148553e-01  6.02531449e-01
9.58982302e-01  2.79675413e-01  5.29606982e-01  9.76803894e-01  2.03545832e-01  5.70932627e-01
