8.78258453e-01  7.26297844e-01  4.81143607e-01  9.71526561e-01  8.07190355e-01  4.65834344e-01
7.65221502e-01  7.13055990e-01  8.76569896e-01  9.19453307e-01  4.91819401e-01  8.75757583e-01
8.63804317e-01  6.34957173e-01  5.92164219e-01  9.64402184e-01  4.73301961e-01  5.91366422e-01
8.36371646e-01  7.38365932e-01  6.16101031e-01  9.53065181e-01  7.04344933e-01  6.08835076e-01
8.57180343e-01  2.23386804e-01  8.92545433e-01  9.26372805e-01  1.58864321e-01  9.10475754e-01
7.96188118e-01  7.67874600e-01  7.33772519e-01  9.38095388e-01  6.13793256e-01  7.27019803e-01
9.24417470e-01  2.41585859e-01  6.50542766e-01  9.59516569e-01  1.94790251e-01  6.89299192e-01
8.29855051e-01  4.39358695e-01  8.40152549e-01  9.31422193e-01  2.65583407e-01  8.52569273e-01
9.31612954e-01  2.71098591e-01  6.06044573e-01  9.67147945e-01  1.80225530e-01  6.43834550e-01
8.38360505e-01  1.97866281e-01  9.74075026e-01  9.15849907e-01  1.33346906e-01  9.84073498e-01
8.35078177e-01  7.13928784e-01  6.37011216e-01  9.50949242e-01  6.59392758e-01  6.33155307e-01
9.45818232e-01  3.08585362e-01  5.32515324e-01  9.77627560e-01  2.14614375e-01  5.68913041e-01
8.45859605e-01  5.57757003e-01  7.05866542e-01  9.46984302e-01  4.22051164e-01  7.15855485e-01
8.01339790e-01  4.71701494e-01  9.16050336e-01  9.17048574e-01  3.51808862e-01  9.24661840e-01
9.19757922e-01  5.65466630e-01  4.48197849e-01  9.83114295e-01  5.61436406e-01  4.50792035e-01
9.60378793e-01  3.21107211e-01  4.74023607e-01  9.82974254e-01  3.08379454e-01  5.11682628e-01
7.48320410e-01  6.87313473e-01  9.51392276e-01  9.08671291e-01  4.59819425e-01  9.52050310e-01
8.85504476e-01  2.54570511e-01  7.74726654e-01  9.43608167e-01  1.51563442e-01  8.01672191e-01
7.34599586e-01  7.05736250e-01  9.85840268e-01  9.03397628e-01  4.58804850e-01  9.86119338e-01
7.75865723e-01  5.24544510e-01  9.67129709e-01  9.10690872e-01  3.25683964e-01  9.71171662e-01
8.02033065e-01  6.83343914e-01  7.70849424e-01  9.35477724e-01  5.00433217e-01  7.70916080e-01
7.65891898e-01  6.74997175e-01  8.99667107e-01  9.17323855e-01  4.43850284e-01  9.00369909e-01
9.24138588e-01  3.15360975e-01  6.02008437e-01  9.67188286e-01  2.15170785e-01  6.35736621e-01
7.89190847e-01  6.41006798e-01  8.42999719e-01  9.23691287e-01  4.96790567e-01  8.46869221e-01
9.13156422e-01  2.52606081e-01  6.81578673e-01  9.55282919e-01  1.92474422e-01  7.17007487e-01
9.49815628e-01  2.62369813e-01  5.49747711e-01  9.73896877e-01  2.15970115e-01  5.92000312e-01
7.72623629e-01  5.49714460e-01  9.61218814e-01  9.08820053e-01  3.98126191e-01  9.65848635e-01
8.36493292e-01  3.82822742e-01  8.55625509e-01  9.27674484e-01  2.88949920e-01  8.71020033e-01
8.60691352e-01  7.00934967e-01  5.58572504e-01  9.62226477e-01  6.96968039e-01  5.52356193e-01
8.97179063e-01  5.90100554e-01  5.08710919e-01  9.71607944e-01  6.06112692e-01  5.13909415e-01
9.68062987e-01  2.60136782e-01  4.89213743e-01  9.83405854e-01  2.10008970e-01  5.32952932e-01
7.64736074e-01  7.06556253e-01  8.82614806e-01  9.18213767e-01  4.97334489e-01  8.82389361e-01
9.59707388e-01  3.35002635e-01  4.66940528e-01  9.83772981e-01  3.24115873e-01  5.02796911e-01
8.38249071e-01  3.81122354e-01  8.51072059e-01  9.28484577e-01  2.87061754e-01  8.66792326e-01
9.41386903e-01  5.01451210e-01  4.17505325e-01  9.90358808e-01  4.71588943e-01  4.25810532e-01
7.79172536e-01  6.43058204e-01  8.75846319e-01  9.22141075e-01  4.09478106e-01  8.77690825e-01
8.41029580e-01  1.77011413e-01  9.79030807e-01  9.15743944e-01  1.16586582e-01  9.88761028e-01
8.15549116e-01  5.55317640e-01  8.11070213e-01  9.30904740e-01  4.18738155e-01  8.19782412e-01
8.45621322e-01  5.06787665e-01  7.41077432e-01  9.43331741e-01  3.60295099e-01  7.54050048e-01
8.86569181e-01  7.18579146e-01  4.58258101e-01  9.75353883e-01  8.09432653e-01  4.41267159e-01
7.76077079e-01  6.26683201e-01  8.97472470e-01  9.16237698e-01  4.69178023e-01  9.01280221e-01
8.60619181e-01  2.05777258e-01  8.92680615e-01  9.27267579e-01  1.33082940e-01  9.10901494e-01
9.54167614e-01  2.69352548e-01  5.30167978e-01  9.77648209e-01  2.00652726e-01  5.71602239e-01
9.63042155e-01  3.29914545e-01  4.59279476e-01  9.86148303e-01  2.95975633e-01  4.94807420e-01
8.16476112e-01  3.39786376e-01  9.53363761e-01  9.15772874e-01  2.27515911e-01  9.62566075e-01
9.96454021e-01  2.53089336e-01  3.96679588e-01  9.95586964e-01  2.60603529e-01  4.42210378e-01
8.68857540e-01  2.40462947e-01  8.41123199e-01  9.33408084e-01  1.67233050e-01  8.63349403e-01
9.56173101e-01  3.75812492e-01  4.51475884e-01  9.87067306e-01  3.30042541e-01  4.80250415e-01
8.39317144e-01  2.55916800e-01  9.31626040e-01  9.20269721e-01  1.79014525e-01  9.44803552e-01
8.69982907e-01  2.46551190e-01  8.33169291e-01  9.34219040e-01  1.76339498e-01  8.55970285e-01
8.36403252e-01  2.69570874e-01  9.32367421e-01  9.20726383e-01  1.66952463e-01  9.44758776e-01
7.57799192e-01  6.42067993e-01  9.49540961e-01  9.08649702e-01  4.60488964e-01  9.52028693e-01
9.36179805e-01  3.20837074e-01  5.56877911e-01  9.73707338e-01  2.23263497e-01  5.91472028e-01
8.72331292e-01  3.92196714e-01  7.27153152e-01  9.45779392e-01  3.12253622e-01  7.49838449e-01
7.80294410e-01  5.47929434e-01  9.36215034e-01  9.15152603e-01  3.34307994e-01  9.40490987e-01
9.61223455e-01  4.06658579e-01  4.13407187e-01  9.92932518e-01  3.60283710e-01  4.35400801e-01
9.17493092e-01  2.74257949e-01  6.52449107e-01  9.58688188e-01  2.22775724e-01  6.88437385e-01
8.01154025e-01  6.05079934e-01  8.26670278e-01  9.28372143e-01  4.36135855e-01  8.31866496e-01
7.78106934e-01  5.39764713e-01  9.49497161e-01  9.12522955e-01  3.50668588e-01  9.53962635e-01
8.29501160e-01  8.88750582e-01  5.38089927e-01  9.66162280e-01  8.07998602e-01  5.00046730e-01
7.89065626e-01  8.04644890e-01  7.32994956e-01  9.39031524e-01  6.07226322e-01  7.22068886e-01
8.88267206e-01  2.48537226e-01  7.69656767e-01  9.43671312e-01  1.68168222e-01  7.97813447e-01
8.56632231e-01  3.99434905e-01  7.75905237e-01  9.39420544e-01  2.93792410e-01  7.95038722e-01
8.68125915e-01  4.36484938e-01  7.11633253e-01  9.47575570e-01  3.40509323e-01  7.31561274e-01
8.73777006e-01  7.91430766e-01  4.52500973e-01  9.75659732e-01  8.79952953e-01  4.21926457e-01
8.75671575e-01  6.56340772e-01  5.37487741e-01  9.66120691e-01  6.62199410e-01  5.35692843e-01
8.32334794e-01  2.51313915e-01  9.58590939e-01  9.17324743e-01  1.56829664e-01  9.68998207e-01
8.79629762e-01  2.91751578e-01  7.69705421e-01  9.41939997e-01  2.20684148e-01  7.95843728e-01
9.78878538e-01  2.95480268e-01  4.28414371e-01  9.90226828e-01  2.95134417e-01  4.68849495e-01
8.04493617e-01  7.88200500e-01  6.91382678e-01  9.47196920e-01  5.69304596e-01  6.78764012e-01
9.18551014e-01  2.17320677e-01  6.86960164e-01  9.55110645e-01  1.65361332e-01  7.24595695e-01
8.54869802e-01  4.24026878e-01  7.65331112e-01  9.41697024e-01  2.83831515e-01  7.82819131e-01
9.08482947e-01  3.47333384e-01  6.33620589e-01  9.61956988e-01  2.38761418e-01  6.63132155e-01
8.55649170e-01  8.06051038e-01  5.04566150e-01  9.71907147e-01  7.57648191e-01  4.75239442e-01
8.12377941e-01  9.12933482e-01  5.80270424e-01  9.58841918e-01  8.16992803e-01  5.44847920e-01
7.88111339e-01  5.71066238e-01  8.93891541e-01  9.21284956e-01  3.46080558e-01  8.98341955e-01
7.69792306e-01  7.81695930e-01  8.14331523e-01  9.27207377e-01  5.63022904e-01  8.08479137e-01
8.24048945e-01  9.42652197e-01  5.20342319e-01  9.66321787e-01  9.19473711e-01  4.72368578e-01
8.80318035e-01  3.50154114e-01  7.28239390e-01  9.48450954e-01  2.28998843e-01  7.52610835e-01
7.67197981e-01  6.50028461e-01  9.12054505e-01  9.13417956e-01  4.87849758e-01  9.14901600e-01
8.77279950e-01  6.75224576e-01  5.18952518e-01  9.73793849e-01  5.65947968e-01  5.08976402e-01
7.60966177e-01  6.41613169e-01  9.39324584e-01  9.09573069e-01  4.79003207e-01  9.42195632e-01
8.42231925e-01  2.06976025e-01  9.54996113e-01  9.18704600e-01  1.31752682e-01  9.66660914e-01
8.52829535e-01  1.80755458e-01  9.36183967e-01  9.21524680e-01  1.21285543e-01  9.50558505e-01
7.61249224e-01  6.01715384e-01  9.64987129e-01  9.07015235e-01  4.35979773e-01  9.68373313e-01
8.93721101e-01  3.19258191e-01  7.03297866e-01  9.52835973e-01  2.00765528e-01  7.31236415e-01
7.49115568e-01  6.14272853e-01  9.97971459e-01  9.03076022e-01  4.09172967e-01  1.00005058e+00
9.02846576e-01  5.05059559e-01  5.46736864e-01  9.72858854e-01  3.79384777e-01  5.60100000e-01
8.48135260e-01  2.22116701e-01  9.24606000e-01  9.22072160e-01  1.55922311e-01  9.39281141e-01
7.47424515e-01  6.63532891e-01  9.70503972e-01  9.08056813e-01  3.97000287e-01  9.71013418e-01
8.45757133e-01  2.47690970e-01  9.15173748e-01  9.23669385e-01  1.50914840e-01  9.29716838e-01
7.95814426e-01  5.02798972e-01  9.13643678e-01  9.16693760e-01  3.72905348e-01  9.21376153e-01
7.38910711e-01  7.12374920e-01  9.66629448e-01  9.06218520e-01  4.64956009e-01  9.66554590e-01
7.79057379e-01  7.43812306e-01  8.08243207e-01  9.30179705e-01  5.02121998e-01  8.03977139e-01
9.42407388e-01  3.96347218e-01  4.84646474e-01  9.80127158e-01  3.79515657e-01  5.12933897e-01
9.44051406e-01  2.25140749e-01  5.94563257e-01  9.68194356e-01  1.75920706e-01  6.38152294e-01
7.78849932e-01  5.19578275e-01  9.60581735e-01  9.09466704e-01  3.82443870e-01  9.65967765e-01
8.37425105e-01  3.35931800e-01  8.84386947e-01  9.27009471e-01  1.94521480e-01  8.98382387e-01
8.20206886e-01  3.03427154e-01  9.64858031e-01  9.14941897e-01  2.00390590e-01  9.73865705e-01
9.13124668e-01  2.77281494e-01  6.65035251e-01  9.56897462e-01  2.20723062e-01  6.99897071e-01
9.34641058e-01  3.44049766e-01  5.46768085e-01  9.73594195e-01  2.76485017e-01  5.79988456e-01
8.58958734e-01  6.15908405e-01  6.21870485e-01  9.56194429e-01  5.45911485e-01  6.27165041e-01
7.94864355e-01  4.92172873e-01  9.24359925e-01  9.16607897e-01  3.35465088e-01  9.31396610e-01
8.70300612e-01  7.92270863e-01  4.63810394e-01  9.71783949e-01  9.21803862e-01  4.36778026e-01
8.47285229e-01  5.36850168e-01  7.14807661e-01  9.48171748e-01  3.49448642e-01  7.25082996e-01
9.27398222e-01  5.58862250e-01  4.26552839e-01  9.83605324e-01  6.32121772e-01  4.30740944e-01
8.50822745e-01  2.16044091e-01  9.19223986e-01  9.23230337e-01  1.42796201e-01  9.34474346e-01
8.61662285e-01  2.77189370e-01  8.40921014e-01  9.32304964e-01  2.03344052e-01  8.61789963e-01
7.46821281e-01  7.70149691e-01  9.00907126e-01  9.15683330e-01  5.02319953e-01  8.97427756e-01
8.21765174e-01  6.76765054e-01  7.07574401e-01  9.41363645e-01  5.97701138e-01  7.09388391e-01
8.94807772e-01  2.93240518e-01  7.16845223e-01  9.51328938e-01  1.78348696e-01  7.45746031e-01
8.69786275e-01  5.77856303e-01  6.10260815e-01  9.62569406e-01  4.17164752e-01  6.16544976e-01
8.40587969e-01  2.16301745e-01  9.54021259e-01  9.18652497e-01  1.35447565e-01  9.65594742e-01
8.91963685e-01  6.21925304e-01  5.04755190e-01  9.76906448e-01  5.15808093e-01  5.01001734e-01
8.82683501e-01  6.94313630e-01  4.87908293e-01  9.78407641e-01  5.99168905e-01  4.71957455e-01
7.59854701e-01  6.56078473e-01  9.33062682e-01  9.12281338e-01  4.36029715e-01  9.34583521e-01
7.43577935e-01  6.82100720e-01  9.71114977e-01  9.06683559e-01  4.31469104e-01  9.71579348e-01
8.99524052e-01  2.61199677e-01  7.22354412e-01  9.50508926e-01  1.68369614e-01  7.53391796e-01
9.90740911e-01  2.93730315e-01  3.88772319e-01  9.96940118e-01  2.86007878e-01  4.27456972e-01
9.75895521e-01  3.24033887e-01  4.19039085e-01  9.91481413e-01  3.17450409e-01  4.54949937e-01
8.37064513e-01  2.55396905e-01  9.39674261e-01  9.19978811e-01  1.57806026e-01  9.51741000e-01
9.39789340e-01  4.18632073e-01  4.78850251e-01  9.80071275e-01  4.17975933e-01  5.04612760e-01
8.32735918e-01  3.27926951e-01  9.05513341e-01  9.24051662e-01  1.88838382e-01  9.18196369e-01
7.99893965e-01  4.96709272e-01  9.03816259e-01  9.21373933e-01  2.91975737e-01  9.10709036e-01
8.28981780e-01  7.52559261e-01  6.32067922e-01  9.51133353e-01  6.96376170e-01  6.23647912e-01
7.84898770e-01  5.27720392e-01  9.34122080e-01  9.16003500e-01  3.17718505e-01  9.39000146e-01
9.01717127e-01  3.21495193e-01  6.74171426e-01  9.54488632e-01  2.63344363e-01  7.05155735e-01
7.76185258e-01  7.97191915e-01  7.82031665e-01  9.32169450e-01  5.75360945e-01  7.73701905e-01
8.41480769e-01  6.08027742e-01  6.86901283e-01  9.46705132e-01  5.21196845e-01  6.93938576e-01
8.46798072e-01  7.33816941e-01  5.83549681e-01  9.56966615e-01  7.38886278e-01  5.75552312e-01
8.40825219e-01  8.07085297e-01  5.54512140e-01  9.62433508e-01  7.72080473e-01  5.32551088e-01
8.37272803e-01  2.76543259e-01  9.24690496e-01  9.21604492e-01  1.73250263e-01  9.37620456e-01
9.21724599e-01  5.20058959e-01  4.72120919e-01  9.81395205e-01  4.76293930e-01  4.82176650e-01
8.51422462e-01  7.34307485e-01  5.67420165e-01  9.61062969e-01  7.06920234e-01  5.56922278e-01
7.51725716e-01  7.35310724e-01  9.07662764e-01  9.16055783e-01  4.58820823e-01  9.05440488e-01
9.65676745e-01  2.90916556e-01  4.76297439e-01  9.85107455e-01  2.32477328e-01  5.16149771e-01
7.66042577e-01  5.39834599e-01  9.90374460e-01  9.06633712e-01  3.41204369e-01  9.93483874e-01
8.76141563e-01  5.95564634e-01  5.76597409e-01  9.61682380e-01  5.77272105e-01  5.83950203e-01
8.04696171e-01  4.45949415e-01  9.21665894e-01  9.19606074e-01  2.60859713e-01  9.29488993e-01
8.28471208e-01  3.25646032e-01  9.21624342e-01  9.21587260e-01  1.92160397e-01  9.33209086e-01
7.55163393e-01  5.88595955e-01  9.94637081e-01  9.04894395e-01  3.73734072e-01  9.96861513e-01
9.57173823e-01  3.92385838e-01  4.36873360e-01  9.90375211e-01  3.19307240e-01  4.61600946e-01
9.45890058e-01  3.72013774e-01  4.89169343e-01  9.81734775e-01  3.10511463e-01  5.19122679e-01
7.58019735e-01  7.03071619e-01  9.07616565e-01  9.14531329e-01  4.88025251e-01  9.07718269e-01
8.15545570e-01  3.54587183e-01  9.46554624e-01  9.17888894e-01  2.01167997e-01  9.55293962e-01
8.56845147e-01  7.94855283e-01  5.08034966e-01  9.67372190e-01  8.40718905e-01  4.84462736e-01
8.45241767e-01  2.31737358e-01  9.27701947e-01  9.22181466e-01  1.41609257e-01  9.41485820e-01
7.51109858e-01  6.59760487e-01  9.60755164e-01  9.08465101e-01  4.26439734e-01  9.61871643e-01
9.00675659e-01  2.63848725e-01  7.16632276e-01  9.51335163e-01  1.69194029e-01  7.47895162e-01
9.57579205e-01  4.57653996e-01  3.91444707e-01  9.94370312e-01  4.49712173e-01  4.04795625e-01
