2.92424561e-01  4.82853631e-01  8.29620432e-01
5.58870177e-01  7.73009447e-01  2.86403498e-01
5.63735777e-01  7.15797898e-01  5.16003323e-01
9.06846001e-01  5.22988705e-01  9.29101500e-01
3.51889611e-01  4.25099706e-01  4.53048333e-01
5.42723074e-01  7.81403764e-01  6.36954179e-01
8.88203810e-01  7.14533844e-01  3.52922096e-01
3.65563834e-01  3.23842640e-01  8.81812811e-01
4.92753708e-01  9.90481326e-01  7.84936625e-01
9.96996445e-01  6.42649950e-01  5.36193454e-01
8.09428087e-01  8.77378617e-01  5.26163609e-01
4.76222703e-01  7.55654999e-01  9.45291091e-01
5.71904220e-01  8.14066205e-01  4.53922348e-01
9.17389191e-01  7.03016924e-01  3.30804940e-01
6.51435568e-01  7.29263835e-01  5.88747236e-01
6.46346554e-01  4.70568706e-01  5.81178500e-01
9.53901289e-01  2.95765237e-01  3.35597891e-01
6.53534930e-01  9.51283079e-01  2.70382743e-01
5.04282190e-01  6.24506598e-01  5.89693502e-01
3.54360266e-01  4.07189588e-01  3.73502774e-01
9.86079566e-01  7.97194775e-01  7.76191977e-01
3.46600125e-01  5.27005354e-01  9.61955727e-01
8.82080827e-01  3.58780022e-01  8.03844824e-01
7.45555780e-01  9.58143220e-01  3.02578897e-01
8.23582779e-01  6.59278670e-01  9.20975978e-01
9.01435921e-01  3.68957567e-01  9.42583551e-01
7.31495015e-01  6.73198201e-01  3.50457035e-01
4.71794908e-01  8.12594056e-01  5.29528304e-01
4.70016522e-01  8.15480417e-01  8.36307182e-01
9.53982381e-01  3.05826736e-01  3.98717068e-01
6.11951946e-01  2.67968452e-01  3.25750137e-01
9.82611332e-01  9.36050340e-01  4.62685738e-01
8.69845362e-01  4.84323518e-01  7.94909015e-01
4.71889270e-01  5.75762482e-01  8.76026800e-01
7.35199469e-01  6.57773227e-01  4.10936767e-01
2.80909266e-01  9.52533127e-01  9.85123059e-01
9.67595777e-01  3.31628347e-01  8.38519281e-01
4.79960680e-01  8.65085109e-01  7.60713765e-01
6.60704188e-01  9.07085808e-01  9.41330077e-01
4.61885691e-01  9.94161792e-01  4.99642600e-01
3.27974037e-01  3.16794349e-01  4.17026959e-01
7.43660134e-01  4.17732838e-01  8.56097341e-01
3.42239905e-01  3.79225448e-01  6.67424619e-01
2.85348443e-01  5.38503714e-01  3.86636084e-01
3.69854603e-01  4.21117634e-01  5.71076737e-01
3.46798781e-01  9.76860809e-01  5.07387820e-01
7.40233955e-01  8.51490675e-01  8.68214863e-01
2.76605596e-01  2.90763248e-01  5.08008298e-01
2.86412064e-01  3.05935012e-01  3.84064719e-01
8.30992519e-01  7.77738941e-01  7.13091597e-01
3.42050976e-01  7.63841080e-01  2.66728543e-01
5.74155597e-01  8.57136424e-01  4.07863994e-01
4.06116561e-01  9.78319654e-01  9.81326485e-01
8.19973569e-01  3.72840267e-01  3.39170956e-01
5.66682934e-01  5.85000961e-01  4.67658533e-01
5.52330340e-01  5.37553311e-01  7.90623326e-01
5.01545269e-01  8.28822011e-01  7.62589994e-01
8.52468367e-01  3.75929883e-01  6.04432703e-01
2.84464466e-01  4.11539503e-01  3.49235300e-01
9.65517307e-01  6.42707216e-01  5.87884751e-01
3.76879814e-01  5.36608282e-01  7.43448949e-01
5.79123002e-01  3.63294008e-01  9.09288723e-01
7.28267408e-01  9.51735819e-01  3.53116416e-01
2.52357666e-01  7.15755084e-01  4.03463018e-01
9.38856043e-01  5.60100780e-01  5.31707211e-01
7.15816305e-01  9.53210235e-01  8.83617947e-01
3.90117859e-01  9.69462268e-01  8.97068449e-01
6.54854449e-01  3.12364870e-01  6.79242411e-01
9.63489000e-01  5.73110303e-01  2.74279162e-01
2.80783678e-01  4.56924366e-01  7.93980633e-01
3.80933457e-01  9.21815034e-01  3.13511590e-01
6.84367754e-01  2.94497976e-01  6.16727489e-01
6.30102572e-01  9.73937611e-01  3.79468322e-01
6.26673326e-01  5.66092778e-01  4.77748565e-01
4.52913149e-01  9.10850611e-01  2.85983688e-01
7.42652652e-01  9.31450357e-01  6.79698097e-01
4.82629259e-01  5.37365548e-01  3.63676420e-01
4.66121241e-01  5.03733741e-01  6.63045495e-01
7.05434751e-01  9.24434181e-01  4.40018102e-01
9.19693750e-01  7.65539513e-01  9.29734073e-01
8.34775774e-01  7.11729439e-01  8.89914414e-01
7.52141104e-01  7.73240628e-01  9.71274013e-01
5.31556517e-01  9.36501456e-01  3.38297223e-01
7.24584149e-01  8.43539896e-01  8.94536619e-01
2.59787253e-01  5.85746454e-01  9.22614627e-01
7.89657141e-01  8.86536630e-01  3.62497617e-01
3.01211698e-01  7.15090217e-01  6.73163147e-01
7.07297705e-01  8.58926688e-01  7.70147420e-01
9.23556381e-01  3.14440321e-01  9.36882480e-01
4.94732363e-01  9.70064665e-01  7.71548778e-01
8.52836911e-01  8.73265236e-01  9.49130764e-01
4.83228576e-01  4.73411491e-01  6.83009608e-01
7.75597814e-01  8.93315187e-01  8.53284723e-01
4.51250439e-01  3.75230014e-01  6.11143146e-01
5.23189025e-01  9.37720152e-01  6.38467414e-01
5.50227103e-01  9.71413375e-01  7.99918707e-01
2.88028004e-01  6.36169633e-01  4.06929275e-01
2.52847441e-01  5.64288723e-01  3.86724952e-01
7.91190095e-01  6.38398810e-01  6.83629864e-01
6.14393032e-01  4.04543152e-01  5.41279638e-01
8.68590428e-01  6.83287112e-01  8.85246628e-01
9.93329594e-01  3.08290693e-01  3.37989277e-01
3.40297413e-01  5.56332211e-01  9.19454682e-01
3.82076731e-01  5.53175399e-01  6.18189074e-01
7.57327148e-01  9.27163446e-01  2.83585629e-01
7.40262503e-01  4.11126769e-01  8.51096812e-01
5.97646255e-01  4.96801554e-01  6.26429839e-01
7.58806954e-01  5.91754501e-01  5.55683646e-01
9.32239116e-01  4.86848657e-01  8.06981922e-01
8.65552352e-01  7.19671583e-01  8.36714187e-01
3.93069283e-01  6.36571379e-01  6.09384987e-01
6.90400700e-01  7.05221559e-01  4.82697499e-01
9.52451414e-01  5.54126114e-01  8.16477013e-01
8.50629673e-01  9.23752511e-01  6.83012819e-01
8.23193062e-01  9.14840952e-01  3.73892836e-01
7.19548308e-01  8.76880956e-01  7.04796775e-01
3.57680187e-01  3.49537916e-01  4.89451695e-01
6.35322421e-01  2.68642255e-01  3.11108761e-01
3.08353491e-01  5.33204664e-01  8.86721449e-01
6.85995148e-01  9.29429002e-01  5.50630022e-01
7.31305193e-01  4.31527554e-01  2.85594108e-01
6.69942567e-01  5.39516694e-01  4.94220810e-01
3.17784076e-01  3.16716989e-01  7.60860635e-01
5.52009971e-01  8.48809925e-01  6.71979565e-01
7.46924473e-01  7.79015597e-01  5.45418156e-01
5.58676025e-01  3.91852495e-01  9.97223759e-01
8.04374562e-01  7.77274065e-01  3.60094607e-01
5.90782877e-01  6.04626908e-01  3.79856074e-01
8.35949013e-01  9.74681559e-01  4.52639307e-01
7.13293890e-01  3.42095520e-01  3.89741831e-01
4.14203679e-01  8.76232835e-01  9.90747598e-01
3.24018323e-01  5.65474146e-01  9.30431825e-01
9.97100466e-01  4.05279874e-01  3.78165800e-01
7.08079372e-01  9.02642484e-01  5.82059684e-01
9.42715934e-01  6.21786936e-01  9.63974133e-01
8.59055562e-01  3.68864000e-01  9.14360704e-01
8.38085570e-01  8.06412128e-01  3.12462300e-01
2.54962695e-01  9.79089126e-01  5.61768894e-01
7.80324721e-01  2.92201062e-01  9.07773886e-01
7.20975738e-01  5.23674667e-01  4.81630922e-01
5.46162026e-01  8.69505956e-01  6.87049076e-01
4.16812120e-01  3.18067787e-01  5.76836149e-01
8.33856378e-01  3.36124996e-01  4.93406646e-01
4.62516830e-01  5.41969296e-01  8.78029363e-01
6.39422830e-01  5.67147490e-01  6.96612254e-01
5.86636161e-01  8.37764475e-01  6.10936139e-01
3.56318578e-01  9.03678972e-01  3.32950259e-01
3.74273241e-01  8.17471824e-01  6.35463745e-01
4.23422970e-01  5.42705299e-01  8.65489471e-01
9.66695968e-01  8.79232189e-01  2.70086781e-01
5.91253576e-01  7.37562583e-01  8.32244497e-01
8.03203983e-01  6.56535393e-01  8.23493464e-01
7.26572447e-01  2.69876806e-01  5.88468754e-01
5.88367929e-01  6.39159212e-01  2.91935350e-01
8.89731500e-01  6.06648122e-01  6.14241824e-01
8.60190267e-01  9.31300819e-01  5.62204768e-01
8.38344980e-01  7.22622397e-01  4.47841060e-01
4.93594102e-01  7.14119013e-01  6.92010680e-01
4.58875637e-01  7.09103496e-01  5.06262978e-01
5.81146197e-01  6.63930263e-01  9.72377167e-01
6.23047655e-01  3.39159063e-01  4.05617914e-01
7.11876496e-01  7.34642821e-01  4.05157797e-01
3.62177948e-01  5.81648276e-01  5.20544675e-01
5.15014171e-01  7.70157741e-01  6.99208404e-01
8.87371845e-01  7.91528355e-01  8.69219426e-01
4.62942031e-01  4.52178614e-01  2.71649707e-01
8.52140859e-01  7.85263031e-01  7.71687756e-01
5.13674235e-01  4.96549048e-01  6.30422017e-01
3.67375226e-01  4.29661407e-01  4.00247390e-01
5.49139409e-01  9.90052002e-01  7.62436735e-01
6.89501514e-01  4.85137239e-01  7.24115940e-01
4.77258416e-01  8.10091185e-01  9.47369294e-01
4.47698143e-01  6.05647076e-01  2.67864494e-01
3.67038990e-01  2.87115902e-01  4.18573116e-01
8.18220279e-01  9.09677486e-01  6.56726268e-01
5.10532557e-01  7.10752636e-01  9.10903949e-01
9.85596206e-01  6.21824716e-01  5.99416882e-01
4.01690344e-01  5.68033091e-01  4.78144204e-01
9.39075107e-01  5.80656073e-01  9.52857389e-01
7.20003623e-01  5.55548142e-01  8.48576816e-01
8.40402064e-01  8.51742691e-01  9.45798364e-01
4.77496996e-01  6.99270091e-01  5.57222608e-01
3.77276098e-01  5.47345647e-01  6.89479918e-01
8.75604499e-01  3.46310714e-01  6.71998049e-01
2.93553409e-01  6.36357870e-01  7.06801626e-01
7.74646285e-01  8.18394738e-01  4.79515749e-01
9.95846265e-01  5.09718604e-01  6.19513123e-01
4.63293005e-01  3.70799853e-01  4.72797234e-01
8.34583590e-01  7.46569512e-01  8.11837203e-01
4.20088147e-01  3.35340051e-01  9.28351396e-01
8.52276471e-01  6.25504610e-01  7.42800483e-01
6.98152245e-01  4.04698715e-01  5.73941702e-01
4.59961607e-01  6.59158617e-01  7.27893363e-01
6.19107504e-01  3.66456809e-01  9.80435937e-01
6.24889062e-01  7.10359304e-01  3.86870864e-01
8.10903285e-01  7.10952573e-01  7.16913196e-01
6.35866517e-01  3.76567440e-01  8.26892265e-01
5.54153048e-01  8.05691512e-01  6.13935816e-01
2.74039657e-01  3.31732427e-01  5.24521279e-01
9.77796356e-01  7.52028563e-01  3.31614975e-01
4.57766526e-01  7.82799794e-01  6.77092646e-01
3.74572047e-01  4.16091530e-01  6.44704888e-01
7.00712587e-01  7.05491534e-01  2.93357771e-01
8.88555675e-01  8.86325577e-01  3.90465835e-01
8.65999921e-01  3.39408499e-01  7.26082442e-01
9.81793061e-01  8.24090419e-01  8.66693138e-01
3.36788181e-01  6.85306810e-01  3.44586425e-01
9.85050766e-01  8.29176433e-01  4.70329572e-01
6.91202378e-01  9.74148231e-01  3.51308862e-01
2.93803635e-01  2.60638942e-01  2.51060458e-01
3.60535938e-01  6.19120807e-01  4.35093219e-01
3.60015661e-01  5.41250501e-01  6.83501025e-01
9.72673869e-01  3.16838014e-01  9.46101036e-01
2.84424476e-01  3.43047966e-01  6.87476790e-01
5.30275155e-01  3.55764767e-01  3.16021983e-01
4.31433055e-01  2.73523729e-01  5.67459624e-01
9.59526216e-01  3.24844787e-01  8.04920374e-01
5.64782385e-01  9.46317209e-01  6.95640151e-01
9.55328596e-01  9.55442597e-01  5.77548000e-01
8.43176369e-01  5.20187839e-01  6.60423820e-01
5.56372786e-01  2.62739134e-01  5.71450977e-01
7.03001677e-01  4.74363937e-01  2.72585560e-01
2.99777072e-01  3.46166973e-01  5.00484184e-01
4.69797757e-01  2.99052522e-01  4.09857828e-01
5.10283899e-01  7.61515614e-01  7.94385390e-01
3.29833465e-01  2.89734190e-01  5.17116481e-01
8.06723034e-01  3.81738756e-01  2.98080900e-01
5.25901813e-01  5.63747634e-01  3.25605495e-01
9.75452711e-01  5.96390723e-01  9.84190952e-01
8.47602842e-01  7.67914347e-01  5.19525734e-01
2.53145215e-01  9.80859654e-01  6.59555327e-01
7.52988690e-01  4.93144539e-01  5.34284052e-01
3.03614667e-01  6.41320185e-01  4.84711921e-01
7.25545684e-01  3.73901218e-01  5.11948445e-01
4.68504164e-01  9.17866510e-01  8.69744485e-01
4.11891286e-01  4.53674560e-01  4.57384429e-01
6.50065400e-01  7.77933852e-01  4.64723656e-01
8.87165395e-01  8.76191337e-01  4.58061776e-01
9.81385600e-01  2.97845289e-01  5.55102836e-01
4.03976062e-01  8.28844361e-01  3.93197126e-01
6.86052024e-01  8.12889449e-01  7.05279144e-01
9.15897924e-01  9.51279945e-01  9.35149309e-01
9.89140837e-01  9.88625057e-01  5.01510965e-01
9.89922127e-01  4.16731686e-01  8.06216307e-01
5.36402958e-01  3.28485366e-01  4.59455317e-01
5.09385405e-01  3.62064719e-01  5.83657694e-01
3.57960184e-01  8.50789689e-01  9.34623896e-01
8.98901282e-01  6.40130745e-01  4.27482439e-01
2.63335678e-01  7.58166650e-01  3.85236387e-01
7.85711490e-01  8.93553485e-01  6.54906365e-01
6.97387298e-01  9.68439711e-01  6.86851739e-01
6.48867210e-01  5.18836116e-01  7.28056399e-01
5.82621338e-01  8.92120219e-01  9.36398996e-01
3.34397618e-01  7.49008283e-01  3.00416386e-01
7.91210772e-01  9.59231807e-01  8.68457564e-01
7.94657412e-01  7.75945516e-01  8.20894359e-01
8.28511927e-01  7.91688805e-01  6.00811695e-01
4.99464882e-01  5.75242125e-01  3.48720554e-01
8.30011877e-01  9.48565943e-01  7.96037717e-01
6.16168629e-01  3.06116981e-01  3.11924593e-01
8.49338173e-01  3.44036087e-01  7.05383314e-01
2.78965634e-01  4.58226662e-01  6.65666226e-01
7.52639501e-01  4.95936596e-01  7.80033388e-01
7.65772117e-01  2.54360118e-01  7.58872635e-01
9.41970265e-01  6.39788589e-01  3.61498135e-01
2.50425571e-01  7.07939566e-01  4.12290851e-01
6.80145420e-01  3.14839968e-01  5.89531514e-01
7.07654575e-01  7.58080708e-01  7.64147589e-01
7.47704410e-01  5.54574156e-01  5.05867849e-01
6.69797316e-01  3.94870698e-01  4.84115486e-01
6.15929930e-01  7.96762117e-01  8.61467457e-01
8.80401134e-01  3.78025636e-01  9.67980971e-01
9.67714529e-01  4.09089429e-01  6.61822032e-01
5.04113295e-01  3.04764279e-01  8.44785475e-01
7.40872838e-01  8.72527978e-01  5.93102564e-01
6.11509668e-01  4.84780508e-01  6.01762423e-01
4.85735435e-01  2.97157519e-01  7.80206262e-01
6.66460064e-01  6.01510690e-01  5.91310357e-01
2.63067376e-01  3.65520574e-01  9.72201251e-01
5.58896367e-01  4.24454044e-01  9.65116441e-01
6.01785023e-01  6.68740836e-01  5.74866822e-01
5.89086756e-01  9.95186542e-01  9.98403922e-01
8.31053427e-01  3.84511679e-01  8.36717817e-01
3.97765373e-01  7.86834404e-01  7.32402836e-01
8.50699727e-01  9.72773254e-01  3.18946376e-01
9.34573355e-01  4.82382708e-01  8.51014910e-01
7.47956560e-01  6.77138414e-01  8.72459492e-01
6.15461984e-01  9.64217726e-01  5.50356210e-01
9.44569541e-01  2.60938166e-01  2.57576752e-01
3.79199578e-01  4.58832505e-01  6.24533058e-01
6.78735882e-01  6.69636151e-01  8.94346057e-01
7.74833579e-01  3.84378312e-01  4.01074391e-01
5.12606772e-01  9.58944200e-01  8.07946163e-01
2.60098726e-01  8.18653995e-01  3.93716366e-01
6.93320887e-01  6.22429222e-01  6.41184389e-01
9.88409073e-01  2.58901166e-01  9.68951243e-01
3.99918279e-01  3.22637915e-01  2.68217474e-01
5.03286547e-01  7.62738237e-01  8.96320526e-01
7.22073729e-01  5.11847459e-01  7.92092425e-01
9.66443289e-01  5.29306781e-01  8.32744414e-01
6.12322822e-01  9.03124770e-01  9.55856144e-01
2.55358363e-01  8.51184932e-01  5.44221562e-01
2.84601724e-01  4.16955507e-01  7.58373152e-01
8.13879042e-01  9.01443580e-01  3.03139344e-01
4.40581131e-01  6.33166000e-01  4.17611186e-01
2.86548063e-01  9.49797303e-01  9.36883439e-01
3.90003238e-01  3.23198683e-01  3.50345463e-01
3.50936475e-01  5.76783144e-01  9.08342691e-01
9.48850185e-01  3.11539366e-01  5.26589783e-01
9.53916644e-01  5.57460014e-01  3.54756989e-01
3.18398891e-01  2.52768803e-01  4.92797695e-01
2.97518546e-01  2.73529298e-01  5.35272334e-01
9.86629806e-01  9.66619125e-01  9.35311097e-01
4.05370339e-01  4.65545581e-01  4.76858958e-01
9.48949873e-01  7.62492750e-01  3.14755825e-01
3.56664432e-01  5.64530613e-01  9.12993640e-01
8.56387482e-01  3.37463325e-01  8.00386475e-01
2.96167290e-01  4.44215985e-01  3.20715019e-01
8.06051357e-01  7.18772511e-01  7.99905498e-01
4.29662909e-01  7.74767665e-01  6.33886909e-01
9.63785794e-01  4.29653131e-01  7.55763231e-01
7.87802280e-01  6.76000454e-01  5.91372560e-01
4.02298384e-01  4.49818299e-01  8.34145653e-01
4.94997907e-01  4.78856312e-01  6.15774673e-01
7.12447497e-01  9.34591349e-01  8.80246781e-01
9.48047767e-01  8.80198990e-01  4.82706969e-01
4.41733191e-01  8.78187881e-01  6.77836591e-01
3.61497144e-01  4.92944451e-01  5.95737486e-01
5.19033322e-01  4.27816556e-01  6.44522125e-01
9.10869682e-01  5.34698150e-01  7.30333081e-01
3.61547443e-01  9.30974859e-01  4.28553565e-01
6.31938215e-01  7.96854315e-01  6.19820917e-01
9.65310471e-01  7.10333675e-01  5.19311714e-01
3.81887329e-01  5.79313285e-01  4.39336932e-01
3.69255522e-01  8.45278284e-01  8.31729115e-01
4.53038393e-01  5.93268455e-01  7.92882385e-01
9.14562094e-01  3.19360383e-01  6.58624135e-01
8.64344992e-01  8.04737573e-01  9.33045158e-01
5.82657382e-01  8.96246512e-01  6.75151564e-01
3.64457433e-01  2.73907528e-01  8.60727680e-01
9.32683594e-01  5.86349201e-01  3.85877498e-01
3.69848430e-01  3.67637539e-01  5.74557420e-01
9.17378553e-01  6.28645168e-01  6.01939390e-01
6.59391841e-01  9.09218161e-01  2.85471646e-01
4.70376288e-01  6.97108668e-01  4.14811895e-01
6.38437135e-01  3.62786130e-01  9.75021705e-01
9.23619678e-01  7.06165377e-01  6.35898669e-01
9.93122116e-01  2.63843095e-01  2.64866460e-01
4.75005077e-01  3.79066226e-01  6.05319796e-01
2.79340665e-01  5.58811204e-01  7.11104926e-01
9.14704076e-01  5.21624005e-01  4.26095414e-01
9.80681149e-01  9.01590289e-01  6.32566673e-01
8.14246665e-01  9.39047748e-01  6.28086168e-01
8.38519079e-01  5.17665792e-01  9.26503130e-01
4.53831742e-01  6.71587978e-01  8.77563323e-01
4.73959340e-01  4.53901140e-01  9.18291880e-01
6.80672156e-01  9.62659332e-01  5.37487605e-01
9.14368225e-01  6.05806319e-01  4.53401310e-01
8.46568186e-01  5.99009490e-01  9.99383722e-01
8.75527881e-01  6.66016863e-01  2.52982975e-01
9.82454080e-01  7.64311054e-01  6.44724854e-01
8.85459436e-01  4.71359968e-01  6.81225011e-01
9.71599746e-01  8.52307436e-01  9.60376702e-01
4.45044833e-01  3.83789158e-01  5.02597185e-01
3.14637842e-01  6.96257297e-01  5.01399271e-01
3.32034979e-01  9.55907063e-01  9.15141718e-01
2.91759440e-01  4.45179580e-01  7.23968687e-01
3.85119637e-01  2.95129809e-01  8.65663541e-01
9.24515901e-01  9.50468663e-01  3.22480495e-01
8.01612628e-01  8.01793174e-01  3.24463374e-01
7.21358311e-01  5.27181286e-01  9.28570311e-01
8.09440117e-01  3.74561596e-01  6.59378261e-01
9.70563270e-01  6.51700259e-01  4.85277533e-01
8.35193606e-01  6.53540121e-01  9.90620661e-01
8.52638639e-01  2.93693409e-01  2.89810322e-01
5.14323275e-01  5.43691469e-01  2.71822189e-01
6.86462054e-01  8.67702730e-01  6.90629942e-01
4.49950773e-01  5.35755531e-01  9.08984572e-01
8.57892480e-01  7.47918877e-01  9.55677460e-01
2.68602802e-01  2.62163079e-01  4.25027523e-01
2.76009177e-01  6.96309707e-01  9.54239277e-01
3.45648102e-01  9.61456053e-01  5.63472291e-01
6.95802418e-01  7.48418399e-01  8.27804792e-01
8.58816665e-01  8.75870162e-01  8.15322794e-01
8.84096910e-01  9.86800025e-01  4.93854779e-01
7.71603388e-01  8.29249136e-01  5.44578713e-01
7.76258418e-01  8.37247371e-01  3.12044369e-01
3.63475648e-01  6.77367817e-01  5.50984253e-01
3.72549351e-01  4.21084145e-01  9.32533875e-01
5.14034313e-01  8.61609766e-01  6.36531144e-01
6.36463955e-01  3.40793820e-01  8.61112743e-01
9.44371832e-01  7.50333738e-01  2.66217235e-01
9.79405986e-01  9.86090357e-01  6.13451170e-01
4.18594172e-01  7.96662220e-01  3.67793551e-01
5.04860269e-01  3.48104692e-01  6.75655729e-01
4.95755083e-01  9.22950073e-01  7.44902846e-01
4.94172875e-01  9.70217721e-01  3.50234292e-01
7.68869949e-01  7.46183083e-01  5.80453704e-01
6.06294572e-01  9.65622281e-01  9.91747518e-01
8.42730830e-01  8.16768557e-01  7.64134859e-01
4.86164462e-01  3.82043818e-01  4.39366659e-01
5.26817645e-01  7.78585338e-01  2.65131763e-01
6.12329649e-01  3.92114519e-01  9.98218463e-01
8.66330801e-01  2.53846160e-01  2.98150888e-01
6.23964678e-01  6.32959411e-01  4.43160434e-01
8.92619238e-01  8.15114200e-01  7.14862358e-01
5.94549263e-01  5.34080227e-01  6.42513903e-01
4.90483662e-01  9.42684309e-01  5.47000708e-01
9.16707900e-01  7.13297162e-01  6.03002906e-01
2.69394256e-01  4.11611001e-01  4.64229769e-01
9.69327010e-01  3.88681979e-01  7.74715445e-01
6.12133273e-01  5.89935729e-01  4.41162802e-01
2.62487747e-01  4.24324544e-01  7.40907477e-01
4.10493164e-01  5.38092076e-01  3.32336446e-01
9.11006107e-01  3.60200351e-01  6.75268729e-01
4.60597637e-01  8.11228891e-01  8.81393098e-01
9.41733603e-01  7.12624643e-01  6.40073629e-01
7.15637482e-01  6.22372149e-01  9.45316245e-01
8.06296151e-01  8.70162914e-01  9.87083052e-01
4.97896541e-01  4.91428444e-01  4.02503020e-01
3.26413547e-01  9.34758696e-01  3.18913847e-01
8.48503774e-01  8.47584965e-01  2.73760535e-01
8.76727833e-01  3.56934197e-01  6.67371741e-01
7.39136916e-01  8.52530971e-01  6.22752687e-01
3.56465986e-01  8.43252664e-01  4.06070414e-01
6.10094848e-01  2.68661502e-01  4.98855957e-01
6.44653731e-01  7.04492159e-01  2.98795904e-01
7.55885114e-01  7.71138860e-01  7.29464474e-01
8.98066811e-01  3.82795836e-01  9.53867947e-01
8.92878219e-01  8.91001911e-01  6.31452714e-01
9.26113327e-01  4.68685700e-01  4.97532456e-01
9.69474730e-01  5.99281298e-01  2.85807004e-01
8.85840076e-01  9.03602079e-01  4.70985002e-01
8.37855446e-01  8.51716552e-01  8.06473361e-01
7.63047017e-01  5.58261881e-01  6.94933654e-01
9.49102380e-01  7.53467620e-01  9.95475437e-01
6.10737141e-01  4.61474289e-01  3.49341914e-01
7.30209780e-01  4.06477696e-01  4.04052439e-01
8.42420007e-01  8.75524218e-01  2.89634564e-01
5.71078595e-01  2.84943551e-01  8.65225307e-01
5.46334710e-01  7.81341644e-01  9.05529495e-01
6.57457873e-01  9.80801751e-01  7.88451012e-01
8.09862152e-01  9.26580747e-01  9.46370533e-01
4.14731588e-01  6.18078192e-01  9.14135286e-01
2.60200149e-01  6.39477075e-01  7.67126258e-01
8.34276065e-01  7.73507871e-01  4.53556548e-01
7.31449446e-01  4.87321219e-01  8.16159158e-01
8.81451083e-01  4.43985944e-01  9.38748977e-01
3.06712234e-01  3.00225845e-01  3.93015524e-01
7.92528651e-01  6.22949559e-01  7.45785603e-01
3.10607865e-01  7.45532037e-01  4.59119265e-01
9.77137571e-01  6.76555950e-01  4.47149711e-01
8.14129962e-01  5.67252788e-01  5.45093809e-01
3.00126171e-01  5.32532987e-01  9.71438937e-01
3.85996038e-01  8.35414452e-01  3.69931378e-01
4.76267226e-01  9.14826172e-01  2.58215110e-01
5.73287095e-01  4.51212936e-01  5.10813500e-01
2.69290049e-01  2.77931308e-01  7.02911635e-01
3.29178776e-01  3.98119277e-01  9.56959869e-01
8.62844777e-01  5.99327909e-01  6.48651777e-01
4.44579039e-01  8.64892835e-01  5.39321837e-01
9.74225623e-01  3.30886543e-01  7.24758100e-01
3.54271833e-01  5.47231272e-01  7.82700456e-01
6.83824940e-01  5.97191601e-01  3.80554992e-01
6.29203601e-01  2.88419130e-01  9.43196523e-01
6.94076087e-01  7.84291166e-01  5.11446810e-01
4.11964894e-01  5.17920654e-01  3.36189362e-01
3.65027746e-01  2.90291017e-01  6.39463937e-01
9.89424169e-01  9.76501442e-01  4.97728281e-01
2.87646436e-01  8.77312099e-01  5.07807123e-01
9.01483376e-01  4.89355505e-01  6.84007919e-01
8.89772134e-01  2.97697619e-01  3.78725387e-01
2.71540499e-01  9.98128150e-01  6.98098261e-01
4.10016209e-01  2.53777986e-01  2.84035977e-01
3.77011321e-01  7.68908806e-01  9.76383159e-01
3.21546591e-01  9.59600478e-01  9.11282483e-01
9.14796577e-01  5.54118784e-01  3.37508909e-01
9.43763539e-01  9.00738727e-01  5.59954500e-01
3.54001402e-01  8.63623341e-01  6.73674966e-01
4.51070551e-01  6.89568529e-01  8.39387264e-01
4.42119993e-01  3.92307978e-01  2.98280007e-01
8.06852556e-01  8.84346466e-01  4.44943006e-01
4.13753468e-01  7.83308000e-01  7.89041155e-01
7.49480461e-01  8.20459988e-01  3.51486937e-01
5.76877164e-01  8.42664356e-01  4.99994397e-01
8.87947907e-01  2.54320406e-01  8.51715331e-01
6.44967338e-01  9.82237341e-01  6.74538802e-01
3.41075750e-01  5.88727385e-01  2.70516346e-01
9.88359492e-01  8.48848782e-01  9.06824447e-01
2.91709133e-01  7.56070889e-01  3.23324861e-01
6.49712429e-01  4.17191610e-01  7.45305778e-01
4.69213375e-01  6.54367436e-01  3.32899375e-01
3.17789250e-01  3.08238090e-01  6.17911859e-01
8.32208287e-01  3.43988991e-01  6.63690260e-01
4.86524868e-01  5.10575177e-01  6.61255406e-01
2.59757817e-01  7.56519868e-01  6.29524919e-01
6.04800763e-01  9.04426756e-01  2.87136795e-01
5.56666781e-01  9.83265906e-01  8.06020778e-01
4.35196103e-01  3.23555464e-01  7.82639530e-01
7.21641561e-01  9.30633745e-01  3.89546414e-01
6.52989086e-01  6.80505399e-01  6.15623308e-01
4.84273458e-01  9.73178662e-01  6.88346262e-01
4.13078873e-01  5.83173040e-01  4.80694091e-01
6.82864157e-01  6.31837014e-01  3.75267553e-01
8.21494295e-01  7.03122682e-01  7.91758621e-01
6.75705703e-01  8.24135093e-01  2.74853731e-01
4.32525062e-01  6.30596566e-01  8.84628774e-01
3.73756109e-01  2.98328889e-01  8.48743254e-01
8.46517882e-01  4.52934205e-01  8.71351992e-01
2.74005656e-01  5.28115730e-01  7.64046896e-01
6.85858905e-01  7.42593116e-01  4.64424936e-01
6.50500075e-01  6.16814216e-01  7.06091174e-01
6.98896312e-01  5.28506728e-01  3.51982656e-01
7.25363470e-01  4.96291580e-01  6.28380730e-01
8.70311489e-01  8.36146612e-01  5.31465732e-01
7.06844072e-01  4.54033768e-01  3.54032346e-01
7.71144793e-01  6.32605684e-01  2.75978944e-01
3.28656513e-01  8.07129788e-01  3.72291307e-01
9.91554920e-01  2.66113737e-01  8.25717791e-01
2.60378067e-01  2.89066411e-01  2.64384361e-01
9.75834182e-01  7.34702550e-01  2.55066024e-01
5.94125337e-01  6.28575898e-01  9.06468079e-01
2.75529446e-01  9.72239461e-01  4.54695485e-01
9.56705848e-01  4.23840391e-01  7.90780012e-01
8.12932594e-01  8.82706520e-01  5.60636097e-01
4.88242919e-01  4.67218940e-01  5.26284661e-01
8.56466025e-01  4.89037633e-01  2.67781325e-01
4.76666739e-01  6.56127033e-01  6.42397468e-01
5.15729692e-01  7.38637928e-01  6.54728511e-01
2.53460107e-01  3.87126682e-01  6.60317088e-01
4.10942171e-01  9.66978664e-01  8.06414535e-01
7.55775549e-01  5.25058702e-01  6.20596678e-01
6.58489451e-01  2.62951224e-01  6.92801660e-01
9.71684981e-01  4.52164531e-01  9.76109286e-01
8.60587195e-01  4.15575914e-01  8.44617881e-01
4.87384707e-01  2.51046259e-01  7.36414413e-01
4.21622148e-01  3.88957453e-01  7.75643699e-01
3.19363823e-01  7.32857695e-01  8.22405999e-01
5.91697674e-01  3.18483962e-01  7.68984481e-01
7.81660726e-01  4.49511404e-01  8.78031042e-01
4.28738454e-01  5.55414888e-01  4.95974479e-01
4.04858952e-01  4.22792582e-01  6.02515639e-01
5.82899737e-01  5.23959030e-01  3.51024908e-01
4.91983232e-01  3.53983850e-01  9.20270755e-01
4.09728544e-01  2.88551548e-01  9.34716351e-01
3.08436179e-01  3.61898071e-01  3.07066675e-01
8.75667275e-01  5.98624564e-01  9.57555278e-01
5.63637556e-01  4.50481415e-01  5.62071893e-01
3.64509410e-01  4.66609079e-01  8.44344008e-01
3.04914553e-01  5.19933183e-01  4.93773905e-01
