5.15141411e-01  5.17888050e-01  4.85834239e-01
5.22727306e-01  5.22715226e-01  5.01083369e-01
4.75369523e-01  4.81811943e-01  5.03121945e-01
4.86732538e-01  5.08662739e-01  5.18215677e-01
4.79503406e-01  4.84818881e-01  5.06399893e-01
5.19853338e-01  5.24703581e-01  5.03328105e-01
5.04946452e-01  4.87799600e-01  4.76294691e-01
5.14780962e-01  4.84036530e-01  4.94993067e-01
4.86452390e-01  5.04947435e-01  5.24095589e-01
4.98297950e-01  4.73366830e-01  5.30778591e-01
5.15624496e-01  5.13645881e-01  5.03083377e-01
5.23889878e-01  4.80343832e-01  5.06440487e-01
5.26685133e-01  5.28657387e-01  5.09699807e-01
5.26929043e-01  4.70635557e-01  5.13517907e-01
4.72637396e-01  5.08287743e-01  4.86268606e-01
7.64025705e-01  7.48562072e-01  8.89441482e-01
5.28891971e-01  5.07481970e-01  4.76809147e-01
5.04405749e-01  5.08519526e-01  4.74426172e-01
3.98550196e-01  8.30408305e-01  4.85518725e-01
4.74121971e-01  4.96336172e-01  4.81777765e-01
5.12773649e-01  4.70610473e-01  4.80913428e-01
4.72437116e-01  4.71794474e-01  5.20920680e-01
4.77132926e-01  5.16135320e-01  5.17765100e-01
4.84760250e-01  5.13715796e-01  5.25430225e-01
5.00639471e-01  4.89863247e-01  5.01500489e-01
5.15258140e-01  4.97815227e-01  5.10286132e-01
5.24336683e-01  4.73732004e-01  5.12849846e-01
5.29023274e-01  4.96815104e-01  5.19908890e-01
4.83165282e-01  5.23715501e-01  4.99669181e-01
4.94410746e-01  5.11805154e-01  4.95253598e-01
4.84358414e-01  4.87648933e-01  4.90736697e-01
4.92099014e-01  5.06534496e-01  5.09075819e-01
8.53923926e-01  9.96677866e-01  4.38231608e-01
5.04579109e-01  5.05456721e-01  4.86611658e-01
4.79133498e-01  5.12495117e-01  4.99889301e-01
4.72292203e-01  4.80347897e-01  4.96520246e-01
5.25841463e-01  5.12766589e-01  5.14201367e-01
5.07759351e-01  5.21470999e-01  5.27308134e-01
5.29741726e-01  5.26976582e-01  5.15365689e-01
7.25241721e-01  6.69291957e-01  2.50779692e-01
5.00072624e-01  5.10654265e-01  4.95607199e-01
5.11675612e-01  5.03555831e-01  4.80228885e-01
5.15145515e-01  5.03811321e-01  4.75226145e-01
4.81372473e-01  5.01035339e-01  4.73003289e-01
5.10068035e-01  4.93641577e-01  5.25852423e-01
5.12714852e-01  5.18505494e-01  5.28925420e-01
4.90662606e-01  5.17604278e-01  4.92091964e-01
4.89690162e-01  5.29427629e-01  5.22067661e-01
4.72856418e-01  4.94708568e-01  4.83496020e-01
5.19433858e-01  5.22556130e-01  5.14644014e-01
5.07335554e-01  5.19390619e-01  5.27225785e-01
5.24358088e-01  4.91245410e-01  5.21761734e-01
4.83342089e-01  4.92700155e-01  4.99232097e-01
5.32936724e-01  5.00144852e-01  5.31828481e-01
5.02337384e-01  5.15015679e-01  4.86077657e-01
5.05936694e-01  4.95425556e-01  5.31834508e-01
5.04128796e-01  4.84846779e-01  4.78297666e-01
5.05349216e-01  5.09409039e-01  5.23796825e-01
5.21221665e-01  5.31244275e-01  4.85850287e-01
4.79179403e-01  4.89365601e-01  5.28990219e-01
5.15670847e-01  5.13250193e-01  4.74414307e-01
4.74878678e-01  5.14301293e-01  4.89710577e-01
4.83489498e-01  4.83687891e-01  4.73240383e-01
5.32919873e-01  4.94715101e-01  4.97513718e-01
4.83423366e-01  5.17351031e-01  5.09584010e-01
5.07937772e-01  4.82101760e-01  4.91304569e-01
5.29534097e-01  5.03316898e-01  4.80205901e-01
5.31431712e-01  5.28060189e-01  4.74631362e-01
3.16257279e-01  3.53341329e-01  4.95675931e-01
4.72189671e-01  4.80409758e-01  4.89555342e-01
5.06248625e-01  4.97196441e-01  5.00454150e-01
5.25810147e-01  5.13318944e-01  5.15843752e-01
4.72710929e-01  4.82000118e-01  4.73684269e-01
4.73565808e-01  4.89618507e-01  4.82204093e-01
4.80272340e-01  4.93874937e-01  4.94191709e-01
4.93406572e-01  5.04387673e-01  4.80935080e-01
4.80346646e-01  5.24032993e-01  4.84004392e-01
4.94698767e-01  5.04835632e-01  5.08247548e-01
4.83906520e-01  4.98428443e-01  5.20517870e-01
4.77190549e-01  4.99436999e-01  5.13519879e-01
4.89864257e-01  4.80611851e-01  5.27980606e-01
4.85204608e-01  4.96803942e-01  4.74425896e-01
4.77942897e-01  4.88459704e-01  5.30208022e-01
4.84186813e-01  5.02818553e-01  4.73681645e-01
4.91576131e-01  4.83781083e-01  4.72687046e-01
4.79567453e-01  5.21794957e-01  5.28054059e-01
5.02166735e-01  5.30192332e-01  4.74491828e-01
4.73873303e-01  5.24035556e-01  4.96986555e-01
4.72384751e-01  5.22128736e-01  5.22666989e-01
5.33634502e-01  5.30096515e-01  4.89225956e-01
5.30862631e-01  4.84309499e-01  5.03723067e-01
4.89927013e-01  5.06698227e-01  4.89715565e-01
4.84016460e-01  4.94731306e-01  4.73384692e-01
5.07042356e-01  4.91005767e-01  5.27535899e-01
5.10658735e-01  4.82115761e-01  5.27857816e-01
4.88837762e-01  4.84696653e-01  5.11177649e-01
4.89430809e-01  9.81121526e-01  6.00620632e-01
5.06603904e-01  4.78821375e-01  4.79732459e-01
4.82014679e-01  4.99548857e-01  5.16699113e-01
8.28496817e-01  6.92787352e-01  7.19248527e-01
9.65052388e-01  8.28842092e-01  3.89639127e-01
4.91487446e-01  4.81592400e-01  4.87393893e-01
5.30009622e-01  2.52180969e-01  9.82456894e-01
4.92862452e-01  4.73619411e-01  5.17095061e-01
5.33884855e-01  5.16227918e-01  5.09894961e-01
4.97936360e-01  5.14207938e-01  5.08978798e-01
5.03708005e-01  5.13360864e-01  5.27980662e-01
4.80366591e-01  4.82197232e-01  4.77433161e-01
5.33456647e-01  5.13679314e-01  4.88411139e-01
5.03201245e-01  5.17641514e-01  5.26762837e-01
4.95326700e-01  4.81932530e-01  5.27659897e-01
4.83820490e-01  5.18763245e-01  4.72831368e-01
5.24986008e-01  5.06350631e-01  5.11728641e-01
9.38337766e-01  2.80759135e-01  8.19156136e-01
5.25290828e-01  4.97196223e-01  4.88114926e-01
5.20297447e-01  4.86814974e-01  4.71237357e-01
5.30312335e-01  4.90011388e-01  4.81614192e-01
5.19104927e-01  4.95673010e-01  5.14371900e-01
7.09399974e-01  2.63123094e-01  9.62123446e-01
5.18489301e-01  5.05321830e-01  5.27226457e-01
7.19720864e-01  4.32494274e-01  5.71682442e-01
4.98961725e-01  5.00272691e-01  5.02237734e-01
4.92699733e-01  5.01186784e-01  4.73363089e-01
4.71974889e-01  7.16754120e-01  8.45573296e-01
5.29150308e-01  4.87829255e-01  5.22217233e-01
5.14188517e-01  5.05155475e-01  4.81515050e-01
5.00639550e-01  5.18652207e-01  4.79723495e-01
4.97851396e-01  4.82214101e-01  4.97568624e-01
4.94445858e-01  5.02244739e-01  5.07321481e-01
4.72874647e-01  5.26144818e-01  4.76614630e-01
5.21138442e-01  4.74060339e-01  5.31854106e-01
4.73402099e-01  4.87550027e-01  4.95861821e-01
4.74750350e-01  4.84585504e-01  5.18589233e-01
5.10571245e-01  5.08340405e-01  4.92745948e-01
5.29865704e-01  4.84826688e-01  5.05174189e-01
4.83193057e-01  4.90120405e-01  4.75286599e-01
4.87474621e-01  4.88637229e-01  5.16529887e-01
5.15900863e-01  4.77743371e-01  5.23748989e-01
4.99436463e-01  5.29651396e-01  5.18654756e-01
4.82450275e-01  4.76115465e-01  4.87473684e-01
5.14802090e-01  4.70849520e-01  5.09550911e-01
5.29236381e-01  4.84150482e-01  4.99410161e-01
5.04780092e-01  5.06159186e-01  4.83158400e-01
5.15905336e-01  4.76502134e-01  5.28593450e-01
4.83274557e-01  4.86711624e-01  4.88293062e-01
5.29133264e-01  4.87319996e-01  4.92640069e-01
4.92374210e-01  4.98700607e-01  5.10558210e-01
5.16797132e-01  4.75469247e-01  4.92525694e-01
4.77560565e-01  4.84791577e-01  5.03471633e-01
4.85357239e-01  4.74424156e-01  4.70898275e-01
5.33572675e-01  5.29852549e-01  4.70840849e-01
5.34120551e-01  5.13301084e-01  5.12748392e-01
5.08555019e-01  5.03038168e-01  4.96374719e-01
4.90832960e-01  4.96026817e-01  5.27894817e-01
5.15113588e-01  5.09544879e-01  4.76374165e-01
5.27415044e-01  4.83812277e-01  5.23731336e-01
4.78170697e-01  4.82048374e-01  4.78630161e-01
7.85937846e-01  4.75707525e-01  2.57202221e-01
5.20406206e-01  4.70483291e-01  4.96900586e-01
5.31486462e-01  4.69937478e-01  4.87929997e-01
4.86302703e-01  4.92753880e-01  5.01632978e-01
5.01657393e-01  4.74965187e-01  5.14030119e-01
4.91205355e-01  4.89598939e-01  4.80934389e-01
4.99504807e-01  5.03994209e-01  4.86443491e-01
4.92829789e-01  4.96006228e-01  4.83168915e-01
5.30413970e-01  5.30297863e-01  5.07204602e-01
5.08272904e-01  5.06550873e-01  4.72908415e-01
5.75514895e-01  4.61096520e-01  9.68861495e-01
5.32350457e-01  4.69999073e-01  5.18673065e-01
3.99213707e-01  7.44610368e-01  4.29936931e-01
4.98892905e-01  5.30745453e-01  4.77054351e-01
5.32918222e-01  5.11055696e-01  4.73941160e-01
4.79776819e-01  4.85229031e-01  5.04880783e-01
4.79727234e-01  4.89531652e-01  5.23871543e-01
5.22033053e-01  5.02163079e-01  5.05557526e-01
5.07312310e-01  4.85566449e-01  5.26421931e-01
5.26356824e-01  5.17117542e-01  4.72415902e-01
4.91417998e-01  5.26997679e-01  4.89597137e-01
5.33429843e-01  4.90740780e-01  4.71936985e-01
5.24252307e-01  5.14037434e-01  5.01358542e-01
6.41240267e-01  7.32466083e-01  5.39018818e-01
4.99110479e-01  5.20791219e-01  4.87985024e-01
5.22262418e-01  4.77994711e-01  4.95265945e-01
5.23209305e-01  4.72127373e-01  5.19788571e-01
5.14853272e-01  5.03708316e-01  5.29326665e-01
4.84030583e-01  4.73394858e-01  4.82147279e-01
5.21322448e-01  4.73943438e-01  5.12961159e-01
4.82624670e-01  5.00641239e-01  4.85341895e-01
5.81379326e-01  4.42910324e-01  4.52965068e-01
4.68910636e-01  7.61248708e-01  6.30626985e-01
5.10986552e-01  4.84689327e-01  5.25319405e-01
4.86082530e-01  5.28375123e-01  5.28087459e-01
5.20571882e-01  4.92080647e-01  5.15268621e-01
4.87800330e-01  4.73717294e-01  5.23838013e-01
4.84293350e-01  5.24827746e-01  4.74895219e-01
5.23168201e-01  4.74557327e-01  4.99916703e-01
5.12556336e-01  5.05701098e-01  5.11900770e-01
5.30903126e-01  4.77771089e-01  4.76524217e-01
4.94864948e-01  4.80082976e-01  5.14544823e-01
5.05416627e-01  4.86808928e-01  4.97263648e-01
5.20289070e-01  4.99748374e-01  5.27275024e-01
4.90761258e-01  5.02809288e-01  5.08338896e-01
7.55605988e-01  3.00629109e-01  9.32607658e-01
4.75996442e-01  4.70317903e-01  4.87251605e-01
5.29930097e-01  4.95662040e-01  4.81666233e-01
5.20698679e-01  5.02612446e-01  5.32555877e-01
4.18600685e-01  7.68014793e-01  2.93444540e-01
4.82640037e-01  4.89847046e-01  4.73566669e-01
8.15992007e-01  3.78084732e-01  4.09926362e-01
4.74536835e-01  4.71740955e-01  4.97499448e-01
5.23616061e-01  4.88036447e-01  4.84814675e-01
7.91322538e-01  6.19837654e-01  6.90966097e-01
4.94137506e-01  4.90203617e-01  9.35601988e-01
4.86669046e-01  5.03656464e-01  4.90981065e-01
5.19192371e-01  4.97362791e-01  5.04350011e-01
8.11609117e-01  3.89172388e-01  3.84375290e-01
4.98590849e-01  5.29382372e-01  4.89958418e-01
5.19456878e-01  4.92201851e-01  4.82101488e-01
5.11406490e-01  4.72697159e-01  4.81176115e-01
5.30945451e-01  4.77079906e-01  4.75385320e-01
5.28895441e-01  4.73492835e-01  4.96517514e-01
4.95313877e-01  4.95857640e-01  4.75430891e-01
5.33910050e-01  4.83308431e-01  4.74863547e-01
5.22425354e-01  5.12216864e-01  4.74127098e-01
7.00784573e-01  9.79745219e-01  9.95277044e-01
5.29345133e-01  4.83713981e-01  5.28857269e-01
5.19076077e-01  4.82507413e-01  4.74181818e-01
5.23948578e-01  5.08190250e-01  4.81249991e-01
7.13330688e-01  2.85556591e-01  2.60370752e-01
8.20404307e-01  5.12179806e-01  2.51841341e-01
4.74629461e-01  4.88200604e-01  4.87137513e-01
5.19087298e-01  5.00337366e-01  5.26049969e-01
4.90953195e-01  4.82711574e-01  5.14674741e-01
4.95288841e-01  4.90098246e-01  5.32244376e-01
8.71517658e-01  5.08352449e-01  6.33876331e-01
5.32682397e-01  4.76403434e-01  5.15176392e-01
4.74652843e-01  5.18168243e-01  5.16641270e-01
4.79899374e-01  4.99646623e-01  5.03943839e-01
4.83365145e-01  5.12853644e-01  5.32394338e-01
5.14433709e-01  4.90000793e-01  5.11055891e-01
4.79165514e-01  5.01578705e-01  4.79218055e-01
4.77667652e-01  5.30679704e-01  4.83612746e-01
4.77693861e-01  4.74769173e-01  5.31106667e-01
5.10561475e-01  5.09288784e-01  4.84243424e-01
5.18908895e-01  5.16683766e-01  4.90161331e-01
5.08435489e-01  4.76483935e-01  4.83023985e-01
4.82201682e-01  4.92693983e-01  5.15060676e-01
5.10972621e-01  4.95142962e-01  5.07292771e-01
4.75881105e-01  5.02744092e-01  4.78728380e-01
5.16521268e-01  5.17962008e-01  4.80630089e-01
4.75261753e-01  4.98307518e-01  4.89654858e-01
5.03424649e-01  4.89286232e-01  4.82884444e-01
5.18062805e-01  4.94919296e-01  4.91644260e-01
4.79707205e-01  4.78493773e-01  4.87073947e-01
5.21421122e-01  5.03733587e-01  4.78880989e-01
5.18150071e-01  5.25001477e-01  4.91757751e-01
5.11560940e-01  5.30210315e-01  4.93007813e-01
5.18642217e-01  5.02259766e-01  4.78821847e-01
4.80590706e-01  4.74491814e-01  4.77165147e-01
5.04822755e-01  5.07179296e-01  5.09671212e-01
4.76085007e-01  4.72142258e-01  5.10404704e-01
5.01728364e-01  5.00288538e-01  4.73337336e-01
5.30278532e-01  4.71922475e-01  5.04393664e-01
4.99570827e-01  5.18075164e-01  5.17287222e-01
5.28059090e-01  5.17067247e-01  5.27564720e-01
5.16334411e-01  4.85746563e-01  5.06546923e-01
5.18768717e-01  5.15978703e-01  4.80795750e-01
5.10259004e-01  5.25760800e-01  4.97780959e-01
4.80113604e-01  4.83368311e-01  4.70810430e-01
5.00441187e-01  5.06732400e-01  4.81899040e-01
4.88279171e-01  4.91484825e-01  4.79661857e-01
5.10808492e-01  5.08901638e-01  4.74813032e-01
4.76898426e-01  4.79647118e-01  4.84694877e-01
5.02351915e-01  4.72773115e-01  5.19349179e-01
5.06019043e-01  5.19089713e-01  5.12286543e-01
5.00233825e-01  4.96461472e-01  5.05307918e-01
5.28249401e-01  5.17330590e-01  4.72373173e-01
4.94169746e-01  4.84104939e-01  4.98985197e-01
4.75462949e-01  4.81557137e-01  4.73118172e-01
5.15153690e-01  4.74586128e-01  4.87695323e-01
4.94667195e-01  4.90638410e-01  4.81092469e-01
5.17121927e-01  5.07032878e-01  5.29980283e-01
3.35490836e-01  5.38858681e-01  4.04503617e-01
4.98225655e-01  5.17135738e-01  4.94055518e-01
5.32188442e-01  5.03873233e-01  4.98238535e-01
4.88149842e-01  4.86304267e-01  5.06430697e-01
5.22866436e-01  4.87211771e-01  5.23245658e-01
5.08174559e-01  4.84560177e-01  4.75010813e-01
4.97447149e-01  4.87059316e-01  4.96835278e-01
4.89557518e-01  5.04373139e-01  5.27426749e-01
5.29217474e-01  4.70547631e-01  4.94784716e-01
5.23992216e-01  4.92772055e-01  5.20856728e-01
4.86358819e-01  5.27463333e-01  5.17036562e-01
5.27583426e-01  4.75109385e-01  5.07536535e-01
4.98260902e-01  4.71067461e-01  5.08621062e-01
2.85174420e-01  2.60623548e-01  7.61541373e-01
5.00972407e-01  5.20362079e-01  5.26183284e-01
4.86293937e-01  5.24230456e-01  5.04327233e-01
5.23554504e-01  5.17647537e-01  4.71858098e-01
5.23546695e-01  4.76756703e-01  5.05030523e-01
5.06398388e-01  4.92985156e-01  5.18912435e-01
5.19876048e-01  4.92630693e-01  5.21089389e-01
5.05039170e-01  5.14072517e-01  4.82898020e-01
4.95468529e-01  4.75921750e-01  4.90664869e-01
4.75664361e-01  4.86123777e-01  4.77663881e-01
5.29398825e-01  4.90509310e-01  5.13441372e-01
5.06677360e-01  4.75688100e-01  4.74167465e-01
5.15013321e-01  5.04406612e-01  5.25268423e-01
4.80907756e-01  5.07701642e-01  5.27654702e-01
5.26573880e-01  4.90597479e-01  4.92766827e-01
4.99752531e-01  5.22879037e-01  4.73282634e-01
5.01824174e-01  4.79430752e-01  5.02489684e-01
5.29152463e-01  5.03886681e-01  4.80063862e-01
5.24320535e-01  5.22673271e-01  5.29405502e-01
4.91625803e-01  4.70079338e-01  5.03208140e-01
5.30262373e-01  4.98528233e-01  5.29589230e-01
5.11137968e-01  5.18975476e-01  4.93909691e-01
5.10743278e-01  5.26610644e-01  4.80099949e-01
5.24691807e-01  4.82392718e-01  4.93935912e-01
5.07031048e-01  5.07308137e-01  5.20962978e-01
5.10612616e-01  5.02874137e-01  4.94027891e-01
5.14121534e-01  4.83581611e-01  5.13188700e-01
5.04735115e-01  4.85623049e-01  5.30881740e-01
5.22896653e-01  5.30740154e-01  5.24511331e-01
5.18688864e-01  4.72914594e-01  4.89687166e-01
5.13818070e-01  4.93810509e-01  5.00198252e-01
5.24412510e-01  4.74824473e-01  5.17564148e-01
4.83267202e-01  5.15722944e-01  4.72926503e-01
4.74808821e-01  5.19556692e-01  4.83200498e-01
5.21676482e-01  4.70480113e-01  4.78196514e-01
4.85970840e-01  4.99386116e-01  4.99150866e-01
5.10196592e-01  4.99274528e-01  5.15125570e-01
4.89821576e-01  5.30589325e-01  5.22681431e-01
5.23796018e-01  5.26900328e-01  5.11621020e-01
5.08562566e-01  4.86915858e-01  5.02460282e-01
4.98307327e-01  5.03414624e-01  4.75559080e-01
5.20864304e-01  4.72931493e-01  5.00756331e-01
4.72624733e-01  5.30547660e-01  4.97048131e-01
4.87415838e-01  4.81156088e-01  4.96154782e-01
5.21010813e-01  5.12212327e-01  5.12407345e-01
5.10045157e-01  5.08168006e-01  4.92345344e-01
5.32090128e-01  4.73479809e-01  5.07561392e-01
4.73033957e-01  4.76228859e-01  5.26982087e-01
5.32065444e-01  4.75021130e-01  5.16479588e-01
4.75130815e-01  4.99490067e-01  4.98933616e-01
4.80665914e-01  4.77191751e-01  4.71214381e-01
4.72635091e-01  4.79860432e-01  5.05995763e-01
4.96645482e-01  4.96481996e-01  5.12170658e-01
4.82067722e-01  4.87113773e-01  5.03229260e-01
5.17394407e-01  4.75990331e-01  4.90027023e-01
5.16713203e-01  4.74040234e-01  5.11730907e-01
5.28657133e-01  5.07336863e-01  4.83278196e-01
5.10388422e-01  4.97162150e-01  4.71575198e-01
5.18145117e-01  5.01860405e-01  5.04795251e-01
5.08893122e-01  4.81545456e-01  5.19607547e-01
4.99784063e-01  5.15432058e-01  5.09895148e-01
4.82783781e-01  4.81013073e-01  5.12159146e-01
5.01007748e-01  4.70241703e-01  4.97113319e-01
5.04144881e-01  5.00044509e-01  5.06939245e-01
4.83460542e-01  5.22309476e-01  5.32561530e-01
5.29786961e-01  4.78395939e-01  4.99266764e-01
4.79788244e-01  4.71926458e-01  4.95327420e-01
4.88175256e-01  5.13135013e-01  4.81621870e-01
5.12182819e-01  5.30426926e-01  5.12409881e-01
4.79541861e-01  5.03608679e-01  5.04725298e-01
5.19605175e-01  5.08856236e-01  4.80154276e-01
5.19983400e-01  5.09694570e-01  4.70857962e-01
4.93923793e-01  5.10823362e-01  4.95145702e-01
5.03007386e-01  4.73315678e-01  5.14404702e-01
4.78055277e-01  5.16629041e-01  4.99000574e-01
4.92708570e-01  5.04831509e-01  4.95490860e-01
5.11477012e-01  5.11219362e-01  5.31112503e-01
5.34008306e-01  5.23596847e-01  5.06660452e-01
5.17145031e-01  5.27755487e-01  5.22970464e-01
5.08377576e-01  4.88065427e-01  5.05786850e-01
5.13743407e-01  5.41680940e-01  9.81205233e-01
5.13622389e-01  4.75876006e-01  5.27234258e-01
4.73977880e-01  5.09650108e-01  5.29816162e-01
5.29242961e-01  5.15557360e-01  5.12341747e-01
5.23425700e-01  5.28565904e-01  5.26541579e-01
5.17207373e-01  4.86289714e-01  4.76247523e-01
5.02557102e-01  4.82463841e-01  4.85073577e-01
5.29348635e-01  4.96401755e-01  4.74457877e-01
4.95138993e-01  5.23183100e-01  4.93835455e-01
2.52963134e-01  9.97810094e-01  7.85549457e-01
4.75528678e-01  9.74361949e-01  3.94869021e-01
7.37803527e-01  4.32213272e-01  2.98227854e-01
4.87309318e-01  5.23546373e-01  4.77339082e-01
4.96741622e-01  5.10808854e-01  5.07727061e-01
4.72350042e-01  5.14266681e-01  4.82601922e-01
4.88873174e-01  5.30542291e-01  4.81109358e-01
5.02489741e-01  4.92632421e-01  5.11869874e-01
5.30815392e-01  5.15280883e-01  5.14364271e-01
4.89831369e-01  5.01323701e-01  5.06310512e-01
4.86441906e-01  5.12030015e-01  5.27403717e-01
4.88254354e-01  4.72795956e-01  4.75469394e-01
5.10620475e-01  4.96462126e-01  5.27625493e-01
4.72477244e-01  5.14255197e-01  4.83946004e-01
4.73573478e-01  4.81810890e-01  4.98108470e-01
5.21333658e-01  4.98174723e-01  4.70850836e-01
4.83378975e-01  5.09797783e-01  5.30268972e-01
8.64471856e-01  4.19605727e-01  8.41576344e-01
5.22863120e-01  5.04860529e-01  5.21334065e-01
4.97087942e-01  4.70943164e-01  4.92956014e-01
5.11605573e-01  4.88228025e-01  4.87329693e-01
5.06640180e-01  4.70112420e-01  4.78098430e-01
4.87661837e-01  5.31329414e-01  4.85907759e-01
4.97175002e-01  4.72010038e-01  5.01647462e-01
4.73063816e-01  5.17816356e-01  4.92995774e-01
4.91412925e-01  4.72492965e-01  5.15299645e-01
4.81056342e-01  5.09514516e-01  5.32018927e-01
6.23885029e-01  5.25929882e-01  7.57993248e-01
4.80944063e-01  5.30539261e-01  5.28634293e-01
5.25533789e-01  5.18242677e-01  5.22987337e-01
5.11726609e-01  4.83384651e-01  4.76224466e-01
4.89927187e-01  4.99751636e-01  4.73500010e-01
4.78799792e-01  5.18592197e-01  4.76141828e-01
5.28469001e-01  4.97224808e-01  5.16951328e-01
5.15482494e-01  5.01563478e-01  4.72017386e-01
4.94857788e-01  4.75809912e-01  5.03684820e-01
5.08115577e-01  4.74882566e-01  5.10156855e-01
4.91003552e-01  5.25411562e-01  4.98066467e-01
5.20896904e-01  4.73664646e-01  5.30597448e-01
4.76085027e-01  4.76295673e-01  5.17631942e-01
5.18516728e-01  5.05863028e-01  4.80007032e-01
9.12959340e-01  8.90475812e-01  2.50932081e-01
9.31493782e-01  9.58926687e-01  7.56906581e-01
5.05942684e-01  4.91912697e-01  5.30458210e-01
5.11294183e-01  5.08120894e-01  4.85377744e-01
4.92761098e-01  4.77997999e-01  4.80575167e-01
4.80648836e-01  5.07279564e-01  5.07824038e-01
5.20573720e-01  4.87981960e-01  4.91911003e-01
6.34858536e-01  3.29077072e-01  2.99324653e-01
5.23557893e-01  5.18666593e-01  4.79846679e-01
5.15283029e-01  4.99793482e-01  5.14388868e-01
4.93955718e-01  5.21262633e-01  5.15564682e-01
4.79946328e-01  5.28040541e-01  5.11986158e-01
5.19385523e-01  5.29107957e-01  4.95226136e-01
5.22064969e-01  4.94161193e-01  5.07017695e-01
5.25482227e-01  5.23216215e-01  5.03927804e-01
5.02848215e-01  5.28297186e-01  5.31987369e-01
4.79237002e-01  4.97580661e-01  5.20591380e-01
5.13254489e-01  5.21277311e-01  4.81737670e-01
4.95554437e-01  4.84823545e-01  4.73662054e-01
5.18517855e-01  5.04167808e-01  5.16724159e-01
5.25120957e-01  4.86190072e-01  4.81998118e-01
4.74164392e-01  5.09761209e-01  4.94495831e-01
3.76836009e-01  3.78433133e-01  7.56380002e-01
4.82225797e-01  4.94014737e-01  5.30060797e-01
4.81209508e-01  5.00516041e-01  4.70927422e-01
5.24942436e-01  5.31496600e-01  5.16398286e-01
5.08721355e-01  4.82771814e-01  4.99899509e-01
8.59472292e-01  8.19829702e-01  3.46821680e-01
4.91123537e-01  4.89664849e-01  4.77844447e-01
6.60694668e-01  6.97179286e-01  4.54523611e-01
5.04456023e-01  5.10366263e-01  4.98183674e-01
4.88740206e-01  4.72643789e-01  5.24105852e-01
5.20225736e-01  5.00233435e-01  4.94091291e-01
5.14534386e-01  5.11952832e-01  5.18873875e-01
4.89118385e-01  4.72336198e-01  5.08729086e-01
4.85846067e-01  5.01394003e-01  4.98437710e-01
4.99033957e-01  5.16673987e-01  4.72885168e-01
5.06834795e-01  5.29338848e-01  5.10838787e-01
4.94812220e-01  5.13610285e-01  5.16154148e-01
5.04497278e-01  5.13748261e-01  5.14734250e-01
5.34099366e-01  5.25706287e-01  4.83578378e-01
5.07462730e-01  4.97401873e-01  4.89950017e-01
5.27207446e-01  4.83736325e-01  4.90250608e-01
4.74491004e-01  5.27079048e-01  5.27376439e-01
5.28724234e-01  5.12759863e-01  4.80060904e-01
4.93556927e-01  4.99805192e-01  4.91986572e-01
5.09086750e-01  4.95088480e-01  5.30549779e-01
5.25192425e-01  5.23448131e-01  5.10323582e-01
5.16856975e-01  5.13629543e-01  4.78051277e-01
5.26631043e-01  4.85405867e-01  5.30587709e-01
5.17902782e-01  5.20929458e-01  4.72314288e-01
4.77456652e-01  4.94102876e-01  5.17506679e-01
4.91250845e-01  4.80996230e-01  4.88780961e-01
4.78042677e-01  5.25401767e-01  5.28715235e-01
4.82248004e-01  4.69975295e-01  5.30472177e-01
8.92644552e-01  5.96751106e-01  7.72474623e-01
4.86158288e-01  4.73739439e-01  4.72688963e-01
5.27875436e-01  5.06031801e-01  5.05917261e-01
5.21157984e-01  4.75290960e-01  5.00687664e-01
4.83710461e-01  5.06340495e-01  4.81288938e-01
4.95779691e-01  5.31762922e-01  4.80533399e-01
4.73774135e-01  4.87006127e-01  4.91206399e-01
4.88221788e-01  5.17711962e-01  5.29806454e-01
5.19825410e-01  4.88419890e-01  4.71283134e-01
5.05695779e-01  4.90241185e-01  4.73379906e-01
2.65565992e-01  8.30637249e-01  9.21913326e-01
5.14107066e-01  5.20488541e-01  4.94968564e-01
5.04358244e-01  5.01449331e-01  5.02900159e-01
3.73764781e-01  8.32095873e-01  8.89933039e-01
5.27740810e-01  4.99581851e-01  4.91413424e-01
4.89924927e-01  5.08350956e-01  4.91791481e-01
5.31040914e-01  4.83471006e-01  5.14840831e-01
3.17846942e-01  9.06443902e-01  4.17310546e-01
4.80818392e-01  5.14795866e-01  4.99242031e-01
4.85655148e-01  4.83022064e-01  5.03297135e-01
4.84487491e-01  4.77437216e-01  4.81097324e-01
4.97516594e-01  4.85984150e-01  5.18435198e-01
5.17528838e-01  5.25875422e-01  4.90057113e-01
5.25996539e-01  4.92246264e-01  4.74859104e-01
5.02401737e-01  4.77914827e-01  5.18371211e-01
5.31834491e-01  5.14070382e-01  5.13822038e-01
5.02769783e-01  5.22607754e-01  5.10757885e-01
5.20232185e-01  4.72300479e-01  4.94682603e-01
4.80956937e-01  4.69926456e-01  5.05636321e-01
5.11252049e-01  4.87912502e-01  5.09043999e-01
4.93735373e-01  4.82923244e-01  4.73878443e-01
4.90107044e-01  5.04691915e-01  5.23498720e-01
6.34149046e-01  7.92759787e-01  6.52138996e-01
4.89345255e-01  5.31610212e-01  4.96719042e-01
4.73012748e-01  5.07624980e-01  5.30899134e-01
5.07772359e-01  4.87001717e-01  5.31990050e-01
4.99458227e-01  4.73297274e-01  5.14499949e-01
5.13186689e-01  5.19804367e-01  5.24767316e-01
5.12243084e-01  4.82840187e-01  5.16559056e-01
5.20002412e-01  5.19745186e-01  4.80493476e-01
4.97576836e-01  4.79134204e-01  5.20533980e-01
4.79888521e-01  5.23231442e-01  4.81023232e-01
4.79775019e-01  5.08947051e-01  5.19460818e-01
4.81709467e-01  5.26376152e-01  4.97153682e-01
5.04997942e-01  4.79855928e-01  5.28592482e-01
4.78605403e-01  4.85708036e-01  5.29716567e-01
5.31344451e-01  4.84894263e-01  5.14431820e-01
4.86000007e-01  5.23064523e-01  5.29615593e-01
3.56630262e-01  7.76005568e-01  4.58459126e-01
4.83403695e-01  4.99024131e-01  5.30907781e-01
5.27243465e-01  5.10815865e-01  4.75591254e-01
5.09676715e-01  4.96920730e-01  4.86722973e-01
4.72009899e-01  5.08531646e-01  5.29204051e-01
5.30326897e-01  5.26013129e-01  5.25250931e-01
5.10094906e-01  5.05591737e-01  5.16307083e-01
4.77879712e-01  4.89312469e-01  4.93594373e-01
5.14877739e-01  4.92931265e-01  4.79858070e-01
4.72486281e-01  5.04991422e-01  5.25834156e-01
5.11933697e-01  5.25204895e-01  4.89783604e-01
5.14366338e-01  5.15678109e-01  4.80932212e-01
4.98706035e-01  4.76807050e-01  4.85554849e-01
5.30566837e-01  5.18339439e-01  5.14931372e-01
5.02985155e-01  5.11716318e-01  4.93437611e-01
4.99098892e-01  4.79347537e-01  4.77478588e-01
4.83718838e-01  4.74360959e-01  5.07235887e-01
5.21850794e-01  4.79951957e-01  5.31743979e-01
4.87083048e-01  5.26731508e-01  4.84160166e-01
5.12452469e-01  4.97642071e-01  5.26048518e-01
6.56913298e-01  6.19055473e-01  5.39402128e-01
5.09499315e-01  4.91119153e-01  5.04759282e-01
5.05008949e-01  5.20965311e-01  5.20584908e-01
5.33008934e-01  5.09866776e-01  4.70906506e-01
4.78709716e-01  4.96622083e-01  5.08196089e-01
5.25267447e-01  5.24342796e-01  4.72612303e-01
