2.90508377e-01  8.05448999e-01  2.21891986e+00
4.89776916e-01  3.29154064e-01  2.17327646e+00
2.94297229e-01  2.20177835e-01  1.49347713e+00
7.43616370e-01  7.72573330e-01  8.51789689e-01
7.19720864e-01  4.32494274e-01  5.71682442e-01
4.71105333e-01  4.88440745e-01  1.47308278e+00
3.93088805e-01  6.52737192e-01  6.79625844e-01
7.26740132e-01  3.88543541e-01  2.20108428e+00
8.75719209e-01  6.01627282e-01  1.41461932e+00
8.34551130e-01  7.55913658e-01  7.23328810e-01
4.96414981e-01  5.95952881e-01  2.07725401e+00
2.67848147e-01  5.07919679e-01  3.44708118e-01
9.70408710e-01  1.50030916e-01  9.78469303e-01
3.57340645e-01  8.01290353e-01  1.04750116e+00
2.52568595e-01  3.95014037e-01  1.46761442e+00
1.62596004e-01  5.97834215e-01  6.81450420e-01
6.27693615e-01  6.97151622e-01  5.48466725e-01
3.92088750e-01  7.99095198e-01  6.98245741e-01
9.94009999e-01  2.51624424e-01  8.85998553e-01
6.22462951e-01  2.28750965e-01  1.50912499e+00
7.36015210e-01  8.49515764e-01  1.80232384e+00
6.03195255e-01  7.76585458e-01  1.96134220e+00
5.97068731e-01  8.86781283e-01  1.06242327e+00
9.66814448e-01  4.65407611e-01  2.08612022e+00
2.61971181e-01  2.47801955e-01  1.32378533e+00
7.25756061e-01  5.42463785e-01  8.57285945e-01
7.42383276e-01  1.37925511e-01  9.94635246e-01
9.54241397e-01  8.05583713e-01  3.14923517e-01
5.07588020e-01  8.28593168e-01  1.16652920e+00
7.44328165e-01  7.70561533e-01  1.91676239e+00
9.96714132e-01  8.22705243e-01  7.97703637e-01
2.57261665e-01  6.03673439e-01  3.87887759e-01
9.84811264e-01  3.29265524e-01  1.40901626e+00
6.21156657e-01  2.72034632e-01  1.82755165e+00
8.17851262e-01  2.94047443e-01  1.87983706e+00
3.63054237e-01  2.26049508e-01  1.35535304e+00
3.95288727e-01  2.06409738e-01  1.20043294e+00
6.89707562e-01  9.40780640e-01  1.86069673e+00
5.63027355e-01  4.12454622e-01  4.00627692e-01
8.53923926e-01  9.96677866e-01  4.38231608e-01
6.63993264e-01  7.49633094e-01  1.81191628e+00
3.76005986e-01  3.01981229e-01  5.18848023e-01
6.17448631e-01  6.84408188e-01  1.20962518e+00
5.37341905e-01  9.48725249e-01  1.30760118e+00
9.99219198e-01  3.33711276e-01  2.14869439e+00
8.12857688e-01  2.49760592e-01  1.52869220e+00
5.01562325e-01  9.00515317e-01  1.30490772e+00
1.51577621e-01  4.35748396e-01  3.28046042e-01
2.43185774e-01  5.89461933e-01  5.47754118e-01
1.38578442e-01  7.21944546e-01  1.04865831e+00
7.55605988e-01  3.00629109e-01  9.32607658e-01
1.30907444e-01  2.65926629e-01  7.03728748e-01
9.51136988e-01  5.80795371e-01  2.19697034e+00
6.97775747e-01  6.58565323e-01  1.02585718e+00
5.43920760e-01  6.79686432e-01  1.91646748e+00
6.72331202e-01  2.38937023e-01  1.77920117e+00
6.31240086e-01  7.23979404e-01  1.57255914e+00
1.81788197e-01  4.71189722e-01  2.80534056e-01
6.90001902e-01  6.19617195e-01  1.12641441e+00
8.26312483e-01  7.74279119e-01  1.13203574e+00
6.33875106e-01  9.01945268e-01  1.77144181e+00
4.55160654e-01  1.33497230e-01  1.36386241e+00
8.31671853e-01  6.53383385e-01  1.50717909e+00
3.04192852e-01  6.91324337e-01  1.06994486e+00
8.64871067e-01  9.13647742e-01  1.19788064e+00
8.90522615e-01  4.34548491e-01  2.17838379e+00
7.82072757e-01  6.74928135e-01  1.86150146e+00
8.76933786e-01  6.24619863e-01  1.37570084e+00
4.27376091e-01  1.26124881e-01  5.06450803e-01
2.58731021e-01  4.74002596e-01  9.71077841e-01
9.20143102e-01  6.33068872e-01  8.94106879e-01
3.95545628e-01  3.94361375e-01  1.56197181e+00
1.61676735e-01  5.07405035e-01  6.25630931e-01
1.68614950e-01  9.72017656e-01  1.13526213e+00
2.75316441e-01  6.39950432e-01  1.05849180e+00
1.49711060e-01  8.67553348e-01  9.21327679e-01
3.07583681e-01  5.91670074e-01  1.57680986e+00
7.14812858e-01  8.49225807e-01  1.60718711e+00
8.27667877e-01  4.58418800e-01  1.20203265e+00
5.37237183e-01  6.56053349e-01  1.32206987e+00
9.23696599e-01  7.41569376e-01  1.69374302e+00
5.78220672e-01  2.89999892e-01  8.19099951e-01
6.54473972e-01  2.34365098e-01  1.99524409e+00
6.05924977e-01  4.12469539e-01  1.07658006e+00
9.08226739e-01  8.23859386e-01  2.06090619e+00
4.51408840e-01  8.41882437e-01  6.15552775e-01
3.73764781e-01  8.32095873e-01  8.89933039e-01
4.83860007e-01  8.67712985e-01  1.57094579e+00
9.98803154e-01  9.73376521e-01  1.84281074e+00
4.95920082e-01  1.94447359e-01  4.69415549e-01
6.77350081e-01  9.64845607e-01  1.18989591e+00
5.88956483e-01  2.81043063e-01  1.23325514e+00
3.91120704e-01  6.49730356e-01  1.79104638e+00
4.41084338e-01  3.92392293e-01  7.70737529e-01
4.89430809e-01  9.81121526e-01  6.00620632e-01
6.41240267e-01  7.32466083e-01  5.39018818e-01
2.64480268e-01  1.66757173e-01  1.91434671e+00
5.59718960e-01  4.43772917e-01  5.05775282e-01
3.84873341e-01  4.15312339e-01  1.89932374e+00
1.84445899e-01  8.69860677e-01  9.28251284e-01
6.67285256e-01  7.87684843e-01  1.08204073e+00
1.34570176e-01  9.54007331e-01  1.08345074e+00
6.45151757e-01  6.61466928e-01  1.93563003e+00
4.53671837e-01  2.60562770e-01  8.54870377e-01
9.08539017e-01  4.56406115e-01  1.44374189e+00
8.83939646e-01  7.79283142e-01  2.18982419e+00
9.53129121e-01  8.19796244e-01  1.71494912e+00
8.83898384e-01  5.82163449e-01  1.52446352e+00
5.91146266e-01  7.94037314e-01  4.98898972e-01
2.19313917e-01  2.76813492e-01  9.05459317e-01
4.73273427e-01  8.51428965e-01  2.20178707e+00
1.15939825e-01  7.95191884e-01  1.03625512e+00
3.79401543e-01  4.98045154e-01  4.16035843e-01
4.22636522e-01  8.35630952e-01  5.63682093e-01
1.57997958e-01  1.92546037e-01  4.87343501e-01
9.92937204e-01  8.38824996e-01  1.49652391e+00
5.41947690e-01  5.10915521e-01  1.88514798e+00
2.79339050e-01  2.49241327e-01  1.67163664e+00
9.06428334e-01  9.38147208e-01  1.01448450e+00
8.50866065e-01  6.87567428e-01  3.87133962e-01
7.21645850e-01  5.41714580e-01  1.49670308e+00
8.30427672e-01  2.34028854e-01  2.23725184e+00
4.18600685e-01  7.68014793e-01  2.93444540e-01
4.01904456e-01  4.85007548e-01  8.67140888e-01
6.80008744e-01  5.47866385e-01  9.45976888e-01
8.39401858e-01  8.79151347e-01  2.70447948e-01
5.27663197e-01  5.08672511e-01  1.08541858e+00
9.41838298e-01  9.28246280e-01  4.79058120e-01
8.07345300e-01  7.59477008e-01  1.15510281e+00
4.39368077e-01  8.95191852e-01  1.91917836e+00
2.95016808e-01  1.24906910e-01  2.06537346e+00
8.72634027e-01  6.73288074e-01  8.00519693e-01
9.67862710e-01  3.74046041e-01  1.92641147e+00
6.29400840e-01  3.09297593e-01  4.14960445e-01
5.06206518e-01  6.60027084e-01  5.29502427e-01
9.60380611e-01  8.83103222e-01  9.61207791e-01
9.80633394e-01  7.75801219e-01  2.13689383e+00
7.64025705e-01  7.48562072e-01  8.89441482e-01
8.47242524e-01  7.59922285e-01  1.62540498e+00
1.17609338e-01  4.95784467e-01  2.04123721e+00
4.23024924e-01  3.83219048e-01  1.67953678e+00
3.86909204e-01  7.72672706e-01  1.49841169e+00
9.90499523e-01  5.73638276e-01  2.06320733e+00
4.13077868e-01  1.16233886e-01  6.48143243e-01
7.00784573e-01  9.79745219e-01  9.95277044e-01
7.35450101e-01  3.78967048e-01  1.94036212e+00
1.44789327e-01  1.24467925e-01  1.15401424e+00
7.84584600e-01  2.22131918e-01  1.11541828e+00
5.00895653e-01  2.12724462e-01  2.97111483e-01
5.93962332e-01  3.88545526e-01  7.59896808e-01
3.01778148e-01  6.57734784e-01  8.99817268e-01
4.85704265e-01  6.42545524e-01  1.44633996e+00
1.81796892e-01  1.74395627e-01  2.19927032e+00
9.14328642e-01  2.17898692e-01  1.63050833e+00
4.39858734e-01  9.68132512e-01  1.75386971e+00
5.72479445e-01  9.93666960e-01  1.27102104e+00
9.20529382e-01  8.89977376e-01  5.25168100e-01
7.70109953e-01  8.70470826e-01  1.23244853e+00
1.51907655e-01  5.10087497e-01  6.60706212e-01
5.38374446e-01  3.65715113e-01  1.53219022e+00
1.81752061e-01  7.88557248e-01  1.22225078e+00
5.32212757e-01  1.21643998e-01  1.49692160e+00
2.19849464e-01  9.81296762e-01  9.31185478e-01
9.31600686e-01  1.64708507e-01  1.84792369e+00
8.20404307e-01  5.12179806e-01  2.51841341e-01
9.08292159e-01  1.45371725e-01  1.70580573e+00
7.47116011e-01  5.04280950e-01  1.79945550e+00
8.16285794e-01  3.77346219e-01  1.62021006e+00
5.06725130e-01  8.29833821e-01  1.97339786e+00
8.20058001e-01  3.62340660e-01  1.41777820e+00
1.18992830e-01  6.51174993e-01  2.09252712e+00
6.93794892e-01  7.30564159e-01  2.09741930e+00
5.94872349e-01  4.19422051e-01  6.50983080e-01
7.25241721e-01  6.69291957e-01  2.50779692e-01
6.99535340e-01  3.82308145e-01  5.60942151e-01
2.53836466e-01  2.65016409e-01  4.48326467e-01
5.14636925e-01  6.15818113e-01  1.68089472e+00
9.57592257e-01  8.70824103e-01  5.55906751e-01
5.80999213e-01  4.11914204e-01  6.26433858e-01
7.47571984e-01  8.33744244e-01  1.53716321e+00
5.95472110e-01  5.29902382e-01  2.07690658e+00
1.60966406e-01  5.44734047e-01  1.86068761e+00
7.04424039e-01  4.42802281e-01  2.22709689e+00
3.68931954e-01  3.64579497e-01  8.62774229e-01
3.26852712e-01  9.65255445e-01  5.22619213e-01
3.23636034e-01  9.26816781e-01  1.95702543e+00
9.46433879e-01  7.00287105e-01  1.98410729e+00
3.72422098e-01  6.97672009e-01  1.59820726e+00
4.75034605e-01  6.48632333e-01  1.04732353e+00
3.44273586e-01  8.74056949e-01  5.04566335e-01
5.05170702e-01  8.13369667e-01  2.08017590e+00
2.55927183e-01  3.85323488e-01  7.26009161e-01
5.19157414e-01  6.19512427e-01  1.29492790e+00
2.35984585e-01  4.61004670e-01  7.22008567e-01
6.94017539e-01  9.53019405e-01  4.41266691e-01
5.75097552e-01  3.38217450e-01  6.72620736e-01
6.88982212e-01  7.30237336e-01  2.60029120e-01
2.86688655e-01  2.57626436e-01  6.99331701e-01
1.32595347e-01  8.78069517e-01  1.01709544e+00
4.83977121e-01  8.15569238e-01  1.68106322e+00
4.02256389e-01  7.47790334e-01  5.32361785e-01
6.07305514e-01  7.81435921e-01  1.59360693e+00
8.74795569e-01  8.89865522e-01  1.82890229e+00
9.43999281e-01  3.62945661e-01  1.79908658e+00
5.51018167e-01  1.13007614e-01  9.60488453e-01
8.15681367e-01  7.76585581e-01  1.21725191e+00
6.65396536e-01  4.08099705e-01  1.15536637e+00
4.32359087e-01  1.16561489e-01  2.24910554e+00
1.13102711e-01  4.79996259e-01  1.13178469e+00
3.96992056e-01  4.16938866e-01  5.70977731e-01
5.39282216e-01  2.08823559e-01  1.53731831e+00
6.12313250e-01  7.30432178e-01  1.94582270e+00
9.05038363e-01  9.05408843e-01  1.05267173e+00
2.65646565e-01  3.44413549e-01  7.84982589e-01
4.62181328e-01  9.44408607e-01  2.23750342e+00
1.95252065e-01  7.75110993e-01  3.45834852e-01
5.54527109e-01  6.90263035e-01  1.41696266e+00
7.82997215e-01  8.92815131e-01  4.22783180e-01
2.44290798e-01  5.54603880e-01  1.87480680e+00
1.61700655e-01  9.81003498e-01  2.15827620e+00
9.02171463e-01  5.44193653e-01  2.16965485e+00
8.48712972e-01  6.58303377e-01  1.81278079e+00
4.89197756e-01  1.53184693e-01  5.41310073e-01
7.89605468e-01  8.90197972e-01  1.65113214e+00
3.45933256e-01  5.38305470e-01  1.44494986e+00
5.92744865e-01  6.34452502e-01  9.55020386e-01
1.39691269e-01  3.97172292e-01  2.11760193e+00
9.58265301e-01  3.80220288e-01  4.25564660e-01
9.44862880e-01  3.13268258e-01  2.10954481e+00
7.56638384e-01  7.13579481e-01  1.74941618e+00
8.60159580e-01  9.73492235e-01  1.09127947e+00
5.46556957e-01  6.35441593e-01  1.63421859e+00
8.22976374e-01  4.98157640e-01  2.16216167e+00
3.02427659e-01  8.80640817e-01  2.09268019e+00
8.60650753e-01  7.28300652e-01  1.71159792e+00
5.56246500e-01  5.15436350e-01  1.78922100e+00
9.69259483e-01  1.51986158e-01  2.75139291e-01
5.13743407e-01  5.41680940e-01  9.81205233e-01
6.20141966e-01  3.22880849e-01  1.70212892e+00
8.65730306e-01  7.35267007e-01  1.80123419e+00
3.78451870e-01  3.28684287e-01  2.08837368e+00
3.43604893e-01  9.26680817e-01  1.11817468e+00
2.06126284e-01  5.88432161e-01  1.12067951e+00
8.47571521e-01  8.46467985e-01  1.56113017e+00
2.63671061e-01  2.87451863e-01  6.91629983e-01
3.70156332e-01  1.55159685e-01  9.18590590e-01
5.33867519e-01  1.94416599e-01  2.09541949e+00
6.42838814e-01  8.57518031e-01  2.10984297e+00
4.61512860e-01  2.72305312e-01  2.07151918e+00
7.37803527e-01  4.32213272e-01  2.98227854e-01
2.56918931e-01  3.61545445e-01  2.06846182e+00
5.27287503e-01  8.70279090e-01  1.60624481e+00
5.56389183e-01  8.67984361e-01  1.29677833e+00
9.92397975e-01  9.55118971e-01  8.47694377e-01
9.39456866e-01  1.70087469e-01  2.10777145e+00
1.67752899e-01  2.62284816e-01  6.21444913e-01
5.85559558e-01  4.08566986e-01  1.70030713e+00
9.37910450e-01  4.71759095e-01  2.12241592e+00
8.84612521e-01  2.15547438e-01  8.25973204e-01
2.04994640e-01  7.67217922e-01  8.15388686e-01
3.98550196e-01  8.30408305e-01  4.85518725e-01
5.06709278e-01  5.87908405e-01  1.65620016e+00
2.31691180e-01  2.05214470e-01  1.88867377e+00
9.59552336e-01  3.66084610e-01  1.59671748e+00
3.02096091e-01  5.40902479e-01  1.74265770e+00
8.86940573e-01  4.23767307e-01  8.17983767e-01
4.09955621e-01  9.02922281e-01  5.29095584e-01
4.97495645e-01  8.38638533e-01  1.34993824e+00
2.99185404e-01  7.58721833e-01  6.25741759e-01
5.43129063e-01  3.83206596e-01  1.56479592e+00
8.30951767e-01  4.58082020e-01  2.04808697e+00
5.80914727e-01  5.48292918e-01  1.41745637e+00
9.98850522e-01  3.95497793e-01  4.97386163e-01
7.02012509e-01  7.53595843e-01  1.40959221e+00
9.64331101e-01  1.23285045e-01  2.07425448e+00
4.39481196e-01  1.58443955e-01  8.81108884e-01
8.64471856e-01  4.19605727e-01  8.41576344e-01
6.18144262e-01  3.26757175e-01  1.99696140e+00
6.52947100e-01  1.16182340e-01  9.87821360e-01
2.38738729e-01  1.37025786e-01  4.78507247e-01
7.03196677e-01  8.14346215e-01  1.94758220e+00
4.12396700e-01  1.40840858e-01  5.21650413e-01
6.66627737e-01  8.53138067e-01  1.57319678e+00
6.11382466e-01  6.26129631e-01  5.49813645e-01
5.81379326e-01  4.42910324e-01  4.52965068e-01
5.88488859e-01  8.24875763e-01  6.83630436e-01
4.20668921e-01  3.66344154e-01  1.31659079e+00
9.00111458e-01  1.43063115e-01  1.63238229e+00
6.52508579e-01  6.65238449e-01  1.07656347e+00
1.69327271e-01  5.81392505e-01  1.91125131e+00
2.35545392e-01  6.73784262e-01  1.23845436e+00
3.74103356e-01  9.13012139e-01  1.05574971e+00
4.01593919e-01  5.69746388e-01  1.76678847e+00
3.67276248e-01  2.62059350e-01  5.38588848e-01
5.30470897e-01  3.94769106e-01  7.54711878e-01
7.27071821e-01  2.53647965e-01  9.52909469e-01
7.06645816e-01  9.69092390e-01  1.59846101e+00
9.38337766e-01  2.80759135e-01  8.19156136e-01
7.94987835e-01  5.83456981e-01  7.39940161e-01
8.64886626e-01  9.41874521e-01  2.18000364e+00
6.76781777e-01  5.83376693e-01  1.23485682e+00
8.24048183e-01  3.13070247e-01  7.62404820e-01
5.59309220e-01  7.11594535e-01  7.52050772e-01
8.39581358e-01  6.84790175e-01  2.16690495e+00
5.05647132e-01  2.33555291e-01  1.58820389e+00
2.93453257e-01  3.84679092e-01  1.55707346e+00
5.47849154e-01  2.99518347e-01  1.53958250e+00
9.15963433e-01  8.65892197e-01  1.02421146e+00
7.16309432e-01  4.07400028e-01  1.43267055e+00
6.54899879e-01  5.82984845e-01  5.12007360e-01
9.98868558e-01  5.00737227e-01  6.22488251e-01
2.15386651e-01  7.40707607e-01  7.06331924e-01
6.23982075e-01  4.89034320e-01  1.91348529e+00
6.16991600e-01  4.93697851e-01  1.92396423e+00
7.36701118e-01  2.40151315e-01  2.13851220e+00
5.08864477e-01  4.29339791e-01  1.67782540e+00
9.73135508e-01  1.40852964e-01  6.22172219e-01
9.72678996e-01  3.98065318e-01  1.14614966e+00
2.88163257e-01  6.04501174e-01  1.18162309e+00
1.43466463e-01  6.88237259e-01  1.05351732e+00
8.47972064e-01  7.11657569e-01  2.03244652e+00
1.89667068e-01  3.97290437e-01  2.09423101e+00
1.22701078e-01  5.75717830e-01  1.46240503e+00
9.13062006e-01  8.37251071e-01  1.28215574e+00
5.07344644e-01  7.59636642e-01  1.65740944e+00
3.69187514e-01  4.64599281e-01  2.23044117e+00
8.01641377e-01  8.35867386e-01  1.00264787e+00
2.62833225e-01  6.55063327e-01  2.21407215e+00
7.57328450e-01  9.67259731e-01  1.74964116e+00
6.94194488e-01  9.16647265e-01  2.12658150e+00
6.59961558e-01  7.02750555e-01  1.80772709e+00
8.80021947e-01  6.21146551e-01  2.52719931e-01
4.87805539e-01  4.10751740e-01  4.44679500e-01
2.71926164e-01  6.36026424e-01  4.93024824e-01
8.61003497e-01  3.70880310e-01  1.11008857e+00
6.19788432e-01  6.87861507e-01  2.16273772e+00
9.13442785e-01  3.80723074e-01  1.05911636e+00
2.64310498e-01  5.59452725e-01  2.12906687e+00
4.63472988e-01  8.75446674e-01  3.02379622e-01
6.70036941e-01  9.82944808e-01  1.56415148e+00
9.65052388e-01  8.28842092e-01  3.89639127e-01
4.44630996e-01  2.14500992e-01  1.89502371e+00
8.92644552e-01  5.96751106e-01  7.72474623e-01
3.99213707e-01  7.44610368e-01  4.29936931e-01
2.73366958e-01  7.53232965e-01  2.17270080e+00
7.28136354e-01  8.22708824e-01  8.78184245e-01
4.95919545e-01  8.78365078e-01  1.54941330e+00
5.56166551e-01  6.05823799e-01  1.29230684e+00
4.80037241e-01  2.11596981e-01  1.08827139e+00
2.37590698e-01  3.91429661e-01  1.51613954e+00
4.78835247e-01  6.74476308e-01  2.18308642e+00
7.09634409e-01  9.33312320e-01  1.70229775e+00
3.04540472e-01  7.56725538e-01  1.99466641e+00
7.34206226e-01  4.91630328e-01  2.10616720e+00
4.82798204e-01  3.31035975e-01  2.15202195e+00
3.11409086e-01  3.56376002e-01  3.61618398e-01
1.19502980e-01  6.13816072e-01  1.43367593e+00
9.09995483e-01  7.40881815e-01  1.26066684e+00
6.38091544e-01  1.18163004e-01  4.68952236e-01
9.35974324e-01  5.05259384e-01  1.17563870e+00
8.20481681e-01  1.70921900e-01  1.28939408e+00
7.09399974e-01  2.63123094e-01  9.62123446e-01
8.11609117e-01  3.89172388e-01  3.84375290e-01
6.61882552e-01  6.21107794e-01  3.90739363e-01
2.06136869e-01  5.64154117e-01  1.47759747e+00
1.55959150e-01  5.49372848e-01  1.56526258e+00
2.14288518e-01  8.51985111e-01  1.96495763e+00
4.22158887e-01  5.23882995e-01  1.86249884e+00
9.76397686e-01  5.15412855e-01  2.24823167e+00
3.55493192e-01  2.05178646e-01  1.59125390e+00
8.30217186e-01  4.17024171e-01  1.50460359e+00
2.57012804e-01  6.92426401e-01  1.76654141e+00
2.87835464e-01  6.48875746e-01  1.60724621e+00
6.07793455e-01  3.23905609e-01  7.81913352e-01
3.16257279e-01  3.53341329e-01  4.95675931e-01
9.67553285e-01  4.52818303e-01  5.40081680e-01
5.30009622e-01  2.52180969e-01  9.82456894e-01
9.85407596e-01  8.38419303e-01  6.27629475e-01
3.96706667e-01  6.39965014e-01  1.79774592e+00
1.34218245e-01  3.47686251e-01  2.24972241e+00
3.74180000e-01  7.14896788e-01  2.21514326e+00
3.32969900e-01  2.53965464e-01  1.10206531e+00
6.72685285e-01  9.14359686e-01  3.80222652e-01
3.20583471e-01  8.11244145e-01  1.27282094e+00
4.59311994e-01  9.34504581e-01  6.63905759e-01
1.34189710e-01  2.46607744e-01  1.36676851e+00
5.57725578e-01  2.80056666e-01  1.18418093e+00
7.08607444e-01  8.97096978e-01  2.04533916e+00
8.68687467e-01  5.28873524e-01  1.45253642e+00
3.67899416e-01  1.17439289e-01  6.46467966e-01
7.56721002e-01  6.05737630e-01  7.78070672e-01
4.75731991e-01  4.81699465e-01  7.40583241e-01
6.30352224e-01  7.68599608e-01  1.89372575e+00
5.79788542e-01  1.91688629e-01  2.22617724e+00
6.06978060e-01  9.88735088e-01  2.93462745e-01
3.88116273e-01  3.59268053e-01  1.04685850e+00
7.06427314e-01  9.18607609e-01  8.18875154e-01
2.13984638e-01  2.32874478e-01  2.22811123e+00
1.23611534e-01  3.52104212e-01  1.51703517e+00
5.17082877e-01  9.26374323e-01  2.10548787e+00
1.79257104e-01  3.86782557e-01  2.15654963e+00
6.23365803e-01  8.20385552e-01  1.54760089e+00
8.35430286e-01  5.08824686e-01  1.58238822e+00
6.90813937e-01  8.72413346e-01  2.12200149e+00
2.31843012e-01  5.43100584e-01  1.76898127e+00
8.31952946e-01  1.91054080e-01  4.10655624e-01
4.22497437e-01  2.34094178e-01  1.21471997e+00
2.03573956e-01  1.91274638e-01  1.67430303e+00
3.77468823e-01  1.56518061e-01  1.83018488e+00
4.70187299e-01  5.41399826e-01  1.31310094e+00
2.02439573e-01  2.81502351e-01  9.78553419e-01
5.64935028e-01  3.35010434e-01  9.40037905e-01
8.00276589e-01  1.43419501e-01  7.26816294e-01
7.36484872e-01  8.59353570e-01  7.68647350e-01
8.28496817e-01  6.92787352e-01  7.19248527e-01
1.75037547e-01  3.16226883e-01  1.16555375e+00
6.20716268e-01  2.38940093e-01  4.16307685e-01
7.78865309e-01  4.80126922e-01  1.73957834e+00
1.47789300e-01  3.06445194e-01  2.09434146e+00
5.98833747e-01  8.19901181e-01  1.44269769e+00
9.49911643e-01  7.67155252e-01  2.02284875e+00
8.91215789e-01  2.72769189e-01  1.32093135e+00
7.65692774e-01  4.29417643e-01  8.61427122e-01
2.39538168e-01  7.25484139e-01  1.68835592e+00
6.67624062e-01  4.36874263e-01  8.34266688e-01
3.59636176e-01  9.47367038e-01  2.12746063e+00
3.93178518e-01  7.30232782e-01  1.09988507e+00
9.87408972e-01  7.21832652e-01  1.53135560e+00
3.03940076e-01  5.38197726e-01  1.56620698e+00
5.83655630e-01  6.27206331e-01  1.69332587e+00
7.81657181e-01  9.18095568e-01  1.38425090e+00
2.75302512e-01  7.98291003e-01  1.56317761e+00
8.60173412e-01  1.19504574e-01  1.48924705e+00
7.70026071e-01  9.17063390e-01  1.26831318e+00
5.89012672e-01  2.75591707e-01  1.40958680e+00
6.88896514e-01  9.18623210e-01  2.13556536e+00
1.57357509e-01  4.62480450e-01  1.60854526e+00
1.87505622e-01  4.00365900e-01  6.97099426e-01
6.86341705e-01  8.55688596e-01  2.01692647e+00
9.92806019e-01  9.13665347e-01  2.12060341e+00
1.39329911e-01  2.93180968e-01  1.82034782e+00
4.99349939e-01  5.42677131e-01  1.31842971e+00
8.06357940e-01  5.83223296e-01  7.50821208e-01
4.71974889e-01  7.16754120e-01  8.45573296e-01
2.02490562e-01  4.49963439e-01  6.69130346e-01
8.27511287e-01  7.60661131e-01  3.09751365e-01
1.98384246e-01  4.62491338e-01  1.77414115e+00
4.26434240e-01  3.34632768e-01  2.02074799e+00
1.73455490e-01  7.56284832e-01  8.49314657e-01
9.81589446e-01  8.25291200e-01  5.55743223e-01
4.29388015e-01  6.75497216e-01  7.95146575e-01
7.37530624e-01  2.22921559e-01  1.20425493e+00
7.63337655e-01  8.33642176e-01  8.56930595e-01
7.22804909e-01  5.94425134e-01  4.44995678e-01
8.53958706e-01  9.49598101e-01  1.03114954e+00
7.65096589e-01  2.40692586e-01  1.97096559e+00
9.09478809e-01  6.71342118e-01  9.82726032e-01
1.92576069e-01  2.11792838e-01  1.24961813e+00
4.71623886e-01  4.92722773e-01  1.69836956e+00
4.51174032e-01  2.05066908e-01  7.40502740e-01
1.43277341e-01  8.43151360e-01  3.92050220e-01
2.18448044e-01  2.74943347e-01  1.87836896e+00
3.57063157e-01  1.46886211e-01  1.21639063e+00
5.34475091e-01  9.08928845e-01  1.34717666e+00
5.92148716e-01  8.96137505e-01  2.57821778e-01
6.43710866e-01  2.31503354e-01  1.70559507e+00
6.59504576e-01  9.54682397e-01  1.24931102e+00
7.29126345e-01  9.71422802e-01  2.20398386e+00
3.72608104e-01  6.86342782e-01  1.45371714e+00
3.11612415e-01  8.44606825e-01  1.06174570e+00
7.58764957e-01  1.76904249e-01  1.58408344e+00
3.35522154e-01  2.20350859e-01  2.08360305e+00
2.13383468e-01  4.82036391e-01  2.60643370e-01
4.91695404e-01  1.73153163e-01  2.09958616e+00
4.44187934e-01  8.93570211e-01  6.70756211e-01
1.33595090e-01  1.42658967e-01  6.82357546e-01
8.06605781e-01  6.03420863e-01  1.82009520e+00
4.60424249e-01  2.99504975e-01  2.95973672e-01
4.03025919e-01  7.80145698e-01  1.76698263e+00
6.95494251e-01  9.26800974e-01  2.03217216e+00
9.59402431e-01  2.33033481e-01  9.84201886e-01
4.35007070e-01  7.57760651e-01  1.98650559e+00
5.46550148e-01  4.68239148e-01  1.99703886e+00
3.15137230e-01  3.59694510e-01  2.17507988e+00
8.96541490e-01  3.46320967e-01  4.07925188e-01
3.35133220e-01  5.17152844e-01  1.91645966e+00
1.52150548e-01  1.27046954e-01  1.41671570e+00
3.52237832e-01  8.72174751e-01  1.00216259e+00
7.85937846e-01  4.75707525e-01  2.57202221e-01
7.73301135e-01  3.26390433e-01  2.03465349e+00
4.63891810e-01  1.70851903e-01  2.21163346e+00
3.99370045e-01  4.41851439e-01  5.61789028e-01
6.54367229e-01  2.93652584e-01  4.29849346e-01
7.65783412e-01  9.34687997e-01  1.82629351e+00
2.52963134e-01  9.97810094e-01  7.85549457e-01
3.75853008e-01  3.26357520e-01  1.77952527e+00
4.34625559e-01  5.87611538e-01  8.73342603e-01
9.50602417e-01  6.28744547e-01  2.07014685e+00
1.79209395e-01  3.06173158e-01  1.46859751e+00
5.75514895e-01  4.61096520e-01  9.68861495e-01
9.51167612e-01  5.45834429e-01  8.90053585e-01
2.25122025e-01  6.74985834e-01  7.08843974e-01
9.82519745e-01  3.29276838e-01  1.18781075e+00
2.85174420e-01  2.60623548e-01  7.61541373e-01
4.08437782e-01  5.88595652e-01  4.82424930e-01
8.49527033e-01  6.80121821e-01  1.92119911e+00
1.32091848e-01  2.69762457e-01  8.10101983e-01
2.28344879e-01  4.54091612e-01  9.31240075e-01
1.27021042e-01  6.94350611e-01  8.10659501e-01
7.68205979e-01  7.38281153e-01  1.47689551e+00
6.24143767e-01  5.55588674e-01  1.48821207e+00
3.84509547e-01  6.04247911e-01  1.72469324e+00
2.19355688e-01  6.75774253e-01  1.59972651e+00
4.59391502e-01  2.49489407e-01  1.77527686e+00
7.79596793e-01  1.89146424e-01  9.44742095e-01
6.39276880e-01  1.76332953e-01  7.53045357e-01
8.38454339e-01  2.86195668e-01  4.12288541e-01
4.68910636e-01  7.61248708e-01  6.30626985e-01
5.58528388e-01  3.84428505e-01  1.82324377e+00
1.73538037e-01  7.01013208e-01  1.69259390e+00
6.07962698e-01  7.40456714e-01  6.66437922e-01
8.43786373e-01  4.57880254e-01  1.30759435e+00
8.00347359e-01  6.98759924e-01  6.32779488e-01
4.47608168e-01  2.47804269e-01  4.51556057e-01
3.77440020e-01  8.91196106e-01  1.93352303e+00
9.20505104e-01  5.08955590e-01  1.06330861e+00
1.64768855e-01  4.84306998e-01  4.37373324e-01
7.46455103e-01  7.13899740e-01  1.26789108e+00
6.42667853e-01  8.02875763e-01  1.32980782e+00
5.37653501e-01  4.80450802e-01  5.70099652e-01
7.37780465e-01  5.01962387e-01  2.18500942e+00
4.35084486e-01  7.05058955e-01  1.92837085e+00
5.88826513e-01  9.53776979e-01  1.62686744e+00
2.14661760e-01  6.10770854e-01  8.68778486e-01
1.89161739e-01  8.16703208e-01  5.58955700e-01
8.15992007e-01  3.78084732e-01  4.09926362e-01
4.88684283e-01  2.84651690e-01  4.66223874e-01
8.01690900e-01  5.55027670e-01  2.05611468e+00
7.04151539e-01  1.93465002e-01  6.31570828e-01
2.93074433e-01  2.24026693e-01  1.28072457e+00
7.91322538e-01  6.19837654e-01  6.90966097e-01
7.21750929e-01  7.69554196e-01  7.27113696e-01
4.94137506e-01  4.90203617e-01  9.35601988e-01
1.20841940e-01  4.54760855e-01  1.45661424e+00
2.84550981e-01  4.51631800e-01  5.47775092e-01
5.32730620e-01  3.65596937e-01  1.84687681e+00
6.16142435e-01  7.64183605e-01  1.16353335e+00
8.98986748e-01  1.17347634e-01  1.55675010e+00
3.20948583e-01  1.31731412e-01  1.59340525e+00
1.50886216e-01  7.97459978e-01  9.69829502e-01
7.13330688e-01  2.85556591e-01  2.60370752e-01
9.71021032e-01  6.63816968e-01  1.15786995e+00
7.01910444e-01  6.93643389e-01  1.71287720e+00
9.95879879e-01  9.90149713e-01  8.50969403e-01
7.07249647e-01  6.23327951e-01  6.53087760e-01
8.71517658e-01  5.08352449e-01  6.33876331e-01
8.93555214e-01  4.77004648e-01  1.56092767e+00
1.94125517e-01  9.58283429e-01  2.06602811e+00
7.97449894e-01  4.97785014e-01  8.35812868e-01
4.00129293e-01  1.89228937e-01  1.59973760e+00
9.37500006e-01  7.52727012e-01  1.49333302e+00
7.40543256e-01  6.40182762e-01  3.37456848e-01
2.72477423e-01  9.32763256e-01  7.82773260e-01
2.71325001e-01  6.63310357e-01  2.21680672e+00
9.14494194e-01  2.15364872e-01  2.05933074e+00
8.76566081e-01  3.00148026e-01  1.18856872e+00
3.12524587e-01  7.03804767e-01  4.86132013e-01
9.16594765e-01  7.17976041e-01  5.15678912e-01
4.60226840e-01  2.48085188e-01  2.73425625e-01
9.31108882e-01  7.87804885e-01  4.78963917e-01
9.86417897e-01  7.73227401e-01  7.94457556e-01
1.50849511e-01  8.77620199e-01  1.76456475e+00
4.53194184e-01  9.07969768e-01  9.35494940e-01
1.40415770e-01  5.49643008e-01  1.78502142e+00
6.96694013e-01  2.06093257e-01  2.08147684e+00
2.88145738e-01  4.26120652e-01  8.89760633e-01
5.08502664e-01  9.45507740e-01  1.26879456e+00
2.54370131e-01  5.61545048e-01  4.94322701e-01
4.76675190e-01  9.63284704e-01  2.84104088e-01
7.27613731e-01  3.97633750e-01  1.50337726e+00
2.61610068e-01  1.96234476e-01  1.90588958e+00
3.27467407e-01  7.52437338e-01  2.00008938e+00
3.24971036e-01  7.41782572e-01  5.57629372e-01
5.46768323e-01  7.84691141e-01  1.96628448e+00
7.52427654e-01  6.13686946e-01  1.33871823e+00
8.38730008e-01  4.58026607e-01  1.21598214e+00
9.95398348e-01  4.42820405e-01  7.53820606e-01
5.18074721e-01  6.45973775e-01  3.62292689e-01
2.53839700e-01  8.60849746e-01  2.06430880e+00
3.76836009e-01  3.78433133e-01  7.56380002e-01
7.90341058e-01  5.09762918e-01  7.98281196e-01
3.35490836e-01  5.38858681e-01  4.04503617e-01
8.02765097e-01  7.03832965e-01  1.28841217e+00
5.49953309e-01  1.42423537e-01  9.89025975e-01
4.88954096e-01  7.82198348e-01  1.81871242e+00
6.24178967e-01  2.94201131e-01  1.94985680e+00
6.48963642e-01  2.01956924e-01  1.20136316e+00
6.05735197e-01  9.30393699e-01  2.00633943e+00
3.90932880e-01  5.40215210e-01  2.08138454e+00
2.65302793e-01  5.89966154e-01  1.67984420e+00
6.06625557e-01  5.70048779e-01  2.02590758e+00
8.39099040e-01  4.80697154e-01  1.47727901e+00
2.02981562e-01  2.56396540e-01  9.78512093e-01
5.89023935e-01  9.28279024e-01  1.06685434e+00
7.77712948e-01  5.45723962e-01  7.04228700e-01
7.66855288e-01  9.00854087e-01  4.00394312e-01
2.17717803e-01  8.73263474e-01  1.40436941e+00
3.37821499e-01  9.70159539e-01  1.43959592e+00
8.98584199e-01  5.10044695e-01  1.07197317e+00
3.59398697e-01  4.48989225e-01  1.20850690e+00
2.32427733e-01  4.15389834e-01  1.83972223e+00
7.96786781e-01  2.50080148e-01  7.50074361e-01
8.17631045e-01  4.42137335e-01  1.23788557e+00
3.70017112e-01  9.70833289e-01  5.52987501e-01
1.66753027e-01  3.02707296e-01  1.73230438e+00
3.70845097e-01  5.94778951e-01  9.95066359e-01
7.51247208e-01  5.40553990e-01  4.79902653e-01
4.37853750e-01  1.21942874e-01  2.18180025e+00
7.66678773e-01  1.25348826e-01  3.91956116e-01
7.68773717e-01  8.72413785e-01  4.64272747e-01
9.16031431e-01  2.23798030e-01  1.70619374e+00
4.06093536e-01  4.76833804e-01  1.13463131e+00
7.30905705e-01  2.36845990e-01  1.73587223e+00
5.90366457e-01  6.16223781e-01  1.29327263e+00
3.35090072e-01  8.94718670e-01  7.92466445e-01
5.50986411e-01  7.19257641e-01  2.02565880e+00
7.75802031e-01  2.13504933e-01  1.77942585e+00
1.25357330e-01  4.81809271e-01  2.98881906e-01
8.46037644e-01  3.82558668e-01  7.46969697e-01
8.44057304e-01  1.44754997e-01  1.39263552e+00
9.72511491e-01  5.65263528e-01  1.27526627e+00
3.44206664e-01  1.68537697e-01  4.97066302e-01
2.82551542e-01  8.07836942e-01  2.21116415e+00
2.87628763e-01  9.54601103e-01  1.42586102e+00
8.94726748e-01  6.07844011e-01  1.16848123e+00
6.88077845e-01  8.22575903e-01  4.90163012e-01
2.11604090e-01  2.41939817e-01  2.17297775e+00
1.51350904e-01  4.18411835e-01  1.38577080e+00
9.97672161e-01  6.64825404e-01  1.54833510e+00
6.95766528e-01  8.61879958e-01  1.14965011e+00
9.01528968e-01  8.71859106e-01  6.10824094e-01
5.32212767e-01  9.42495245e-01  3.46791459e-01
7.91116637e-01  7.74814696e-01  2.00980045e+00
5.16616427e-01  9.84694142e-01  1.87045341e+00
6.70690134e-01  2.82200731e-01  1.91985768e+00
7.47570593e-01  8.73533999e-01  1.16898138e+00
1.24063687e-01  2.85975409e-01  2.10472704e+00
2.16790119e-01  5.48946185e-01  8.62543578e-01
6.96874772e-01  7.01431957e-01  1.33741436e+00
8.85091546e-01  7.17709882e-01  1.93850456e+00
3.27704165e-01  4.75318528e-01  1.77025871e+00
5.61093812e-01  8.10244395e-01  7.03445261e-01
8.18440804e-01  3.10445821e-01  2.08027792e+00
1.92401651e-01  3.74573827e-01  3.68899882e-01
9.07618970e-01  7.78073655e-01  1.52371840e+00
7.13362290e-01  8.69455832e-01  9.20855690e-01
6.28497703e-01  3.97317942e-01  9.77889589e-01
6.35321311e-01  3.18513923e-01  1.50731335e+00
3.18428720e-01  8.07860431e-01  3.08355604e-01
9.74949406e-01  4.50772572e-01  1.80030345e+00
5.26304620e-01  8.93745153e-01  1.53479017e+00
9.42432448e-01  9.98266080e-01  1.25843373e+00
9.54605535e-01  1.81584192e-01  1.40023010e+00
7.37979288e-01  4.49614438e-01  1.35088484e+00
6.57913659e-01  9.19834931e-01  8.10724786e-01
4.27961992e-01  6.91893047e-01  4.88290342e-01
9.34459962e-01  2.69932649e-01  2.07777981e+00
5.70154562e-01  2.04574068e-01  1.07254385e+00
9.49261011e-01  9.07657708e-01  7.13726600e-01
9.81998972e-01  5.87682595e-01  7.00113575e-01
5.06859964e-01  8.58354418e-01  1.42101099e+00
1.77475108e-01  3.71664560e-01  1.35750305e+00
6.77960723e-01  6.67166583e-01  1.65022402e+00
6.37445597e-01  4.06165256e-01  1.32214829e+00
4.67226037e-01  7.09226798e-01  1.10617442e+00
9.95438651e-01  9.17576947e-01  2.07629184e+00
8.57312147e-01  6.93654401e-01  1.47983425e+00
7.68555919e-01  9.81889516e-01  1.86931408e+00
4.58994496e-01  2.12406504e-01  1.93280965e+00
6.25353573e-01  1.78319185e-01  1.69092231e+00
3.95564346e-01  4.92464006e-01  1.49405326e+00
7.90713396e-01  2.41556121e-01  7.22172650e-01
7.24286774e-01  5.79015046e-01  1.31990642e+00
6.59159428e-01  5.35363733e-01  1.34997681e+00
2.81244404e-01  7.38341087e-01  1.11666611e+00
5.89994139e-01  7.83950250e-01  9.27667650e-01
7.04408793e-01  1.82283689e-01  2.22525305e+00
9.18818365e-01  9.64848860e-01  1.38521799e+00
8.45853935e-01  8.65527561e-01  1.08614399e+00
9.15536938e-01  9.17255321e-01  1.19846967e+00
3.75675113e-01  2.80722337e-01  1.65056210e+00
4.75528678e-01  9.74361949e-01  3.94869021e-01
1.78319772e-01  6.83985700e-01  1.52959005e+00
6.83890115e-01  1.43053596e-01  1.50085952e+00
8.38228167e-01  9.09713485e-01  2.00105263e+00
2.42761355e-01  8.17461602e-01  1.07588946e+00
7.93416635e-01  3.90507305e-01  1.09695486e+00
5.64397199e-01  3.45743204e-01  1.64788093e+00
3.56054968e-01  6.98988957e-01  2.07641892e+00
8.41558383e-01  6.16915681e-01  1.19243309e+00
6.45391104e-01  8.46666376e-01  8.64112043e-01
6.26115410e-01  9.24419290e-01  1.23900236e+00
6.67583059e-01  5.44198383e-01  1.07446539e+00
4.62156284e-01  3.79370584e-01  1.07240804e+00
3.43649918e-01  4.65213699e-01  1.70946142e+00
5.00764607e-01  9.41315518e-01  2.21147093e+00
7.10168319e-01  4.31083301e-01  1.92410385e+00
1.59085790e-01  6.38917855e-01  4.60760750e-01
1.94632031e-01  2.10290093e-01  1.78072771e+00
8.67130352e-01  7.79830151e-01  9.39945309e-01
3.95029740e-01  8.18266423e-01  1.58039963e+00
6.23885029e-01  5.25929882e-01  7.57993248e-01
3.63824111e-01  2.88460754e-01  1.80560599e+00
7.91930094e-01  2.96313608e-01  1.98606337e+00
4.96342845e-01  4.57934667e-01  9.70939729e-01
5.61850885e-01  3.18175757e-01  2.20944816e+00
3.00789803e-01  9.94550277e-01  2.86175778e-01
4.70586036e-01  3.97670557e-01  1.29583333e+00
2.27828973e-01  8.13409851e-01  1.30557401e+00
2.31196062e-01  8.11473518e-01  4.59376633e-01
9.64872640e-01  5.21913373e-01  1.48654351e+00
9.12959340e-01  8.90475812e-01  2.50932081e-01
9.31493782e-01  9.58926687e-01  7.56906581e-01
8.55944792e-01  5.43492042e-01  1.45393554e+00
5.38940417e-01  2.84662625e-01  1.95257931e+00
6.34858536e-01  3.29077072e-01  2.99324653e-01
7.66790379e-01  9.25067350e-01  1.84384709e+00
9.75046441e-01  3.51308662e-01  7.74559418e-01
5.73203706e-01  8.40885328e-01  2.20710204e+00
4.96401159e-01  7.40657015e-01  1.16119949e+00
2.87483690e-01  6.31543039e-01  6.67882166e-01
1.82545896e-01  4.66709963e-01  1.87291106e+00
1.18370710e-01  4.15889231e-01  1.72206725e+00
2.79430143e-01  4.30404039e-01  1.66358761e+00
2.26369570e-01  3.20390297e-01  8.30484025e-01
1.58619408e-01  5.80197050e-01  1.37041126e+00
1.15630470e-01  9.91973444e-01  7.09665886e-01
3.37265802e-01  5.51257695e-01  8.25560663e-01
3.49410107e-01  7.90202445e-01  9.56836231e-01
2.01174764e-01  5.20840529e-01  1.90353390e+00
9.10827959e-01  2.45395892e-01  1.57810864e+00
6.07486875e-01  4.85056352e-01  7.20283833e-01
3.25131192e-01  5.61424679e-01  5.20833274e-01
8.81472198e-01  3.36602216e-01  1.86577601e+00
8.59472292e-01  8.19829702e-01  3.46821680e-01
9.48055465e-01  8.26957494e-01  1.70113212e+00
6.60694668e-01  6.97179286e-01  4.54523611e-01
4.71511807e-01  8.94613872e-01  1.07241958e+00
9.65718790e-01  2.87474067e-01  3.64810840e-01
5.75824506e-01  4.12771798e-01  2.55707245e-01
8.99820739e-01  8.98325531e-01  1.38101901e+00
2.29682613e-01  9.19540412e-01  1.36741161e+00
8.07562930e-01  4.26885355e-01  1.82295941e+00
2.95489928e-01  6.92949467e-01  1.76330869e+00
1.64091685e-01  1.67414605e-01  1.62560262e+00
7.18645740e-01  5.54372467e-01  2.18522667e+00
1.50235153e-01  9.35810707e-01  1.07777199e+00
7.04474922e-01  5.65449842e-01  1.32744484e+00
9.28075617e-01  2.14011442e-01  1.23223491e+00
7.51194457e-01  9.46296637e-01  5.54712819e-01
2.00603330e-01  4.33197812e-01  5.38884641e-01
9.25134533e-01  9.60918053e-01  1.25717362e+00
3.53651620e-01  3.61930155e-01  1.12430386e+00
3.74621186e-01  5.44518443e-01  6.45944106e-01
4.26769903e-01  7.09980828e-01  1.62254218e+00
8.62138047e-01  1.19239772e-01  1.49812837e+00
5.45331421e-01  3.64020098e-01  4.54152415e-01
9.30768034e-01  5.74451228e-01  4.81143138e-01
3.74064250e-01  4.40944368e-01  1.56284946e+00
1.96973461e-01  9.97899990e-01  1.12983698e+00
9.04853725e-01  7.22053805e-01  8.78696317e-01
2.45439584e-01  2.96115879e-01  9.69905325e-01
4.65956350e-01  8.02354843e-01  2.06391481e+00
4.31171282e-01  9.86506491e-01  1.51262815e+00
5.45557961e-01  3.79881316e-01  6.08423938e-01
2.65565992e-01  8.30637249e-01  9.21913326e-01
9.23794986e-01  8.63898366e-01  4.48258704e-01
1.86679800e-01  1.45821751e-01  1.69769461e+00
1.15671595e-01  6.67788686e-01  1.73689086e+00
9.32822911e-01  1.54068045e-01  1.35856705e+00
3.17846942e-01  9.06443902e-01  4.17310546e-01
4.22064836e-01  5.89327756e-01  1.10598229e+00
3.42517343e-01  6.67552669e-01  9.13613151e-01
4.93534160e-01  1.47161465e-01  2.03706825e+00
9.22523622e-01  2.40613141e-01  2.78751611e-01
7.53237431e-01  8.04107163e-01  1.19228433e+00
4.77295190e-01  5.31527496e-01  1.98922388e+00
6.25512360e-01  8.33254038e-01  2.81092482e-01
5.87461246e-01  7.66138494e-01  1.07623689e+00
9.51031800e-01  7.85194875e-01  5.59221045e-01
3.86915869e-01  8.67125898e-01  1.71146671e+00
2.53366036e-01  7.12634736e-01  6.32400369e-01
6.34149046e-01  7.92759787e-01  6.52138996e-01
6.05606051e-01  3.51591766e-01  5.97850276e-01
9.96832361e-01  5.69614421e-01  1.10116657e+00
7.95331191e-01  6.08953139e-01  3.01315914e-01
7.17162938e-01  9.06382999e-01  1.55089726e+00
4.95735416e-01  3.56503028e-01  1.50410449e+00
5.55316460e-01  5.25820462e-01  1.24180904e+00
1.96734410e-01  7.19935412e-01  2.15034057e+00
6.12695660e-01  8.12335784e-01  6.20246567e-01
5.37751777e-01  9.01721339e-01  9.20224591e-01
9.63879774e-01  6.53670929e-01  1.56409362e+00
4.06849003e-01  9.81454996e-01  2.19600457e+00
1.50537800e-01  7.54094226e-01  2.10906105e+00
7.30632581e-01  5.29073138e-01  7.92007739e-01
4.19763124e-01  5.82054660e-01  2.08885986e+00
6.41184440e-01  2.51672203e-01  8.05192384e-01
6.52173192e-01  7.28806762e-01  3.54323104e-01
6.64648760e-01  8.92595575e-01  1.67613759e+00
7.47600098e-01  6.41657937e-01  9.78218439e-01
5.89621634e-01  9.29255138e-01  1.26169485e+00
8.29498850e-01  5.03018673e-01  1.89756380e+00
1.36902224e-01  8.03237435e-01  7.28438680e-01
6.83478256e-01  4.28688421e-01  9.63795196e-01
9.91121399e-01  1.76006694e-01  1.91670806e+00
6.59138905e-01  2.63956981e-01  1.97881950e+00
8.67105021e-01  8.68754390e-01  1.89429384e+00
3.56630262e-01  7.76005568e-01  4.58459126e-01
1.40077625e-01  1.51422129e-01  5.20598187e-01
5.45723225e-01  9.13993869e-01  1.84892339e+00
6.02017178e-01  5.83473932e-01  5.91707309e-01
1.45755936e-01  2.34531514e-01  1.87871964e+00
1.80052759e-01  5.45394561e-01  2.19090563e+00
8.31574260e-01  6.98401486e-01  1.92253449e+00
6.77874570e-01  7.05623453e-01  6.81867394e-01
6.66992924e-01  4.35435491e-01  1.68312513e+00
2.83579490e-01  9.56554450e-01  2.04069502e+00
3.62172408e-01  3.78053343e-01  2.22069215e+00
2.88141173e-01  2.17062733e-01  2.02198841e+00
9.18147184e-01  5.99344238e-01  7.10988219e-01
3.98168872e-01  5.79543238e-01  1.59936895e+00
6.39515278e-01  5.22027211e-01  1.70514698e+00
8.85598087e-01  4.07984499e-01  6.18241109e-01
9.94294262e-01  6.31141770e-01  2.93622501e-01
9.81445544e-01  3.15334979e-01  2.09808986e+00
5.78009460e-01  4.73791504e-01  7.18885662e-01
4.03346382e-01  3.17855470e-01  4.30237359e-01
8.31919560e-01  9.22710748e-01  1.73477852e+00
1.83682414e-01  1.38719031e-01  1.13580667e+00
4.13613439e-01  4.09545628e-01  1.81332134e+00
3.29196520e-01  7.34418316e-01  1.51850905e+00
7.32167277e-01  1.79065400e-01  2.16773917e+00
6.56913298e-01  6.19055473e-01  5.39402128e-01
4.49201746e-01  9.30994814e-01  2.72588325e-01
9.74643088e-01  1.51040337e-01  1.81613814e+00
7.06801106e-01  2.03424700e-01  6.00621314e-01
2.91933908e-01  8.47320566e-01  2.11238926e+00
4.18684293e-01  8.52132913e-01  1.92436958e+00
6.09483033e-01  6.21346143e-01  1.46005830e+00
