8.40591941e-01  7.66663610e-01  6.15449105e-01  9.52242097e-01  7.14500511e-01  6.08121846e-01
8.28890126e-01  9.20889328e-01  5.55056120e-01  9.60739616e-01  8.51904165e-01  5.21286233e-01
8.27977640e-01  3.11131186e-01  9.54050945e-01  9.16444923e-01  1.80070174e-01  9.63485167e-01
8.73461913e-01  6.62213116e-01  5.71945082e-01  9.64996631e-01  5.27326627e-01  5.70925123e-01
7.42001909e-01  6.97688410e-01  9.95034852e-01  9.02697101e-01  4.18516373e-01  9.95496926e-01
9.65224822e-01  3.33413560e-01  4.73522020e-01  9.82125340e-01  3.12825815e-01  5.11083208e-01
7.90861295e-01  7.70080398e-01  7.82104896e-01  9.30235841e-01  5.88239639e-01  7.78953002e-01
8.37507627e-01  7.18068835e-01  6.57472113e-01  9.46787592e-01  6.54982643e-01  6.57108823e-01
9.16961002e-01  2.38927057e-01  6.99048843e-01  9.52770347e-01  1.66318539e-01  7.34316122e-01
7.91763216e-01  5.56653605e-01  9.17616121e-01  9.14525068e-01  4.00333666e-01  9.23934442e-01
7.59503399e-01  7.96980572e-01  8.71128632e-01  9.18675367e-01  5.27980199e-01  8.67267732e-01
9.12427399e-01  2.92771505e-01  6.79485440e-01  9.54135379e-01  2.20963548e-01  7.12697693e-01
9.58935994e-01  3.96832554e-01  4.53703662e-01  9.87117004e-01  3.06995365e-01  4.80449921e-01
7.66695156e-01  6.42464822e-01  9.47328214e-01  9.08077080e-01  4.65016309e-01  9.50566912e-01
8.16571982e-01  8.58862170e-01  6.37155249e-01  9.50531909e-01  7.15531320e-01  6.18844743e-01
7.47696568e-01  7.83705356e-01  9.19844330e-01  9.12601926e-01  4.81570535e-01  9.17138716e-01
8.51781364e-01  3.74058522e-01  8.32353289e-01  9.30572545e-01  2.76688677e-01  8.50147615e-01
9.11145115e-01  3.55112655e-01  6.43068445e-01  9.60268663e-01  2.23843085e-01  6.72176915e-01
8.23920147e-01  2.89475478e-01  9.81892685e-01  9.12725902e-01  1.71343132e-01  9.89387253e-01
9.51998652e-01  4.69655699e-01  4.29981624e-01  9.88583429e-01  4.11592747e-01  4.46421209e-01
7.85629527e-01  6.22726424e-01  8.95842523e-01  9.15646200e-01  4.70088405e-01  9.00838015e-01
7.41807133e-01  7.44955728e-01  9.65004416e-01  9.05068974e-01  4.84122364e-01  9.64840783e-01
9.74543129e-01  3.54447045e-01  4.28226124e-01  9.89344009e-01  3.26480017e-01  4.61583222e-01
8.06954203e-01  8.49928380e-01  6.75615801e-01  9.48062547e-01  6.12525145e-01  6.58930075e-01
9.13732253e-01  5.93910227e-01  4.79248681e-01  9.74861151e-01  6.19620325e-01  4.85429146e-01
9.31447084e-01  4.93200872e-01  4.84777257e-01  9.79810683e-01  4.19901714e-01  5.01230909e-01
8.57423895e-01  6.08480689e-01  6.60991688e-01  9.49209354e-01  5.32989849e-01  6.70302779e-01
8.51812103e-01  6.98665614e-01  6.21495973e-01  9.53122225e-01  6.34231241e-01  6.21377171e-01
9.29230913e-01  3.20074353e-01  6.04403142e-01  9.65860036e-01  2.13976974e-01  6.38648091e-01
9.78244642e-01  2.76403858e-01  4.66324363e-01  9.85409122e-01  2.29394956e-01  5.09670801e-01
8.80845691e-01  2.85995298e-01  7.91129516e-01  9.39534679e-01  1.81519392e-01  8.15605006e-01
8.73123783e-01  7.07831692e-01  5.43177971e-01  9.63557527e-01  7.01461308e-01  5.38638190e-01
8.30519541e-01  5.36893445e-01  7.99129092e-01  9.31630920e-01  4.17449055e-01  8.10735810e-01
8.68533962e-01  2.75965576e-01  8.39451004e-01  9.33409819e-01  1.59933256e-01  8.59960665e-01
9.73244495e-01  3.73844171e-01  4.20042690e-01  9.88767899e-01  3.83944687e-01  4.51747822e-01
7.62813457e-01  6.43569960e-01  9.59495718e-01  9.06563720e-01  4.53838633e-01  9.62386498e-01
7.61960152e-01  7.39437702e-01  9.00445620e-01  9.16554589e-01  4.52973813e-01  8.99042851e-01
8.50167131e-01  6.30981331e-01  6.71322825e-01  9.47485481e-01  5.46954411e-01  6.78584569e-01
9.04472054e-01  6.33322268e-01  4.85403452e-01  9.79551919e-01  5.10978872e-01  4.81447013e-01
7.58013806e-01  6.90404250e-01  9.45684258e-01  9.09721828e-01  4.37185455e-01  9.46573204e-01
8.49803364e-01  4.74833845e-01  7.73937658e-01  9.37229837e-01  3.54280866e-01  7.89707819e-01
9.74502951e-01  2.64103321e-01  4.87312740e-01  9.82454101e-01  2.17403543e-01  5.31957538e-01
8.30337100e-01  7.91173869e-01  6.34358548e-01  9.50030487e-01  7.04189808e-01  6.24730108e-01
8.93107538e-01  6.20657945e-01  5.32214045e-01  9.66916036e-01  6.15881225e-01  5.37768856e-01
8.47602228e-01  8.08825895e-01  5.64569636e-01  9.63599645e-01  6.75183318e-01  5.45071166e-01
9.03359080e-01  3.30231358e-01  6.85958757e-01  9.53952603e-01  2.15477151e-01  7.15161379e-01
7.99233891e-01  6.24681115e-01  8.48075838e-01  9.22406287e-01  4.82709189e-01  8.54003596e-01
7.33737122e-01  7.93906973e-01  9.60626989e-01  9.06260074e-01  4.78680681e-01  9.58484408e-01
9.07431532e-01  6.55308721e-01  4.60782564e-01  9.82381116e-01  5.57944661e-01  4.51732852e-01
9.01850007e-01  1.98529037e-01  7.76292988e-01  9.42137337e-01  1.44194408e-01  8.07188371e-01
7.89486743e-01  8.07456161e-01  7.62506850e-01  9.34821429e-01  5.66359653e-01  7.54701505e-01
7.71706804e-01  6.00765532e-01  9.57087945e-01  9.10466517e-01  3.58267774e-01  9.59863158e-01
8.70191901e-01  3.15559004e-01  8.07815380e-01  9.35274337e-01  2.33613716e-01  8.30141087e-01
7.91867206e-01  4.69606092e-01  9.74082476e-01  9.09531695e-01  3.02766319e-01  9.79441624e-01
8.40737308e-01  6.51783633e-01  6.89540583e-01  9.44485663e-01  5.56422363e-01  6.95074005e-01
8.06489987e-01  4.24379165e-01  9.53490536e-01  9.12674518e-01  2.92195043e-01  9.61261904e-01
8.28914424e-01  4.12949322e-01  8.85054756e-01  9.22489838e-01  2.97326500e-01  8.97632149e-01
9.21345957e-01  5.35944204e-01  4.91326218e-01  9.75265990e-01  5.28062672e-01  5.04905728e-01
8.74491160e-01  7.86648365e-01  4.87365413e-01  9.73728162e-01  7.41573717e-01  4.63981255e-01
8.17679861e-01  8.18584850e-01  6.59841032e-01  9.49440579e-01  6.30522366e-01  6.46373095e-01
7.88076189e-01  5.39033336e-01  9.41578286e-01  9.11015580e-01  3.95025298e-01  9.47687867e-01
8.17788937e-01  7.08090718e-01  7.31209286e-01  9.41244939e-01  4.97415110e-01  7.30262577e-01
7.98615588e-01  5.21119494e-01  9.17716304e-01  9.17556043e-01  3.19429078e-01  9.24064451e-01
8.32222687e-01  3.21778188e-01  9.32720456e-01  9.18360100e-01  2.10255632e-01  9.44097428e-01
9.10603388e-01  6.35119030e-01  4.63119421e-01  9.77107680e-01  6.58729484e-01  4.61816909e-01
8.32608872e-01  3.20207616e-01  9.32726708e-01  9.19210387e-01  1.90638162e-01  9.43780372e-01
7.72508447e-01  5.65785284e-01  9.77376437e-01  9.08294098e-01  3.32796979e-01  9.80306602e-01
9.41691151e-01  2.45006212e-01  6.10828740e-01  9.64356228e-01  1.95909000e-01  6.52544426e-01
8.17250942e-01  5.00047946e-01  8.68112491e-01  9.25626279e-01  2.99008210e-01  8.77124821e-01
9.37912189e-01  4.45584547e-01  4.93440218e-01  9.77243431e-01  4.17475185e-01  5.17746964e-01
7.97982270e-01  6.42961745e-01  8.40456934e-01  9.22961089e-01  5.02834103e-01  8.45707776e-01
9.69906580e-01  2.45463388e-01  5.14723735e-01  9.78246973e-01  2.06206050e-01  5.61053409e-01
8.19387807e-01  1.02356958e+00  5.20659417e-01  9.65603516e-01  9.59223656e-01  4.64832410e-01
9.00733230e-01  5.71207358e-01  5.38127320e-01  9.67788875e-01  5.41496032e-01  5.49169287e-01
7.71955515e-01  6.16315464e-01  9.46145083e-01  9.08672789e-01  4.48390308e-01  9.50145489e-01
8.94215584e-01  7.10340589e-01  4.69930342e-01  9.79045730e-01  6.36476299e-01  4.54629604e-01
7.70176487e-01  6.35917826e-01  9.39756983e-01  9.10558157e-01  4.30678678e-01  9.42742530e-01
8.90264101e-01  6.16783811e-01  5.44384541e-01  9.66098897e-01  5.85023104e-01  5.50273478e-01
8.17300408e-01  5.22396582e-01  8.53433648e-01  9.26891977e-01  3.27459570e-01  8.62310164e-01
7.84107457e-01  5.03899590e-01  9.77870787e-01  9.09068409e-01  3.01911811e-01  9.82097300e-01
8.29588630e-01  7.08456299e-01  6.90604005e-01  9.43123737e-01  6.09379829e-01  6.91338209e-01
9.28174705e-01  3.70033255e-01  5.75554380e-01  9.66735102e-01  3.21285451e-01  6.07772389e-01
8.20075292e-01  5.27882012e-01  8.40448936e-01  9.29064629e-01  3.23277370e-01  8.49363539e-01
8.86940928e-01  7.87611743e-01  4.44465790e-01  9.80744697e-01  7.61118746e-01  4.14390610e-01
8.28930032e-01  3.83357245e-01  9.04216515e-01  9.21770983e-01  2.39694826e-01  9.15810911e-01
9.70473777e-01  2.61388361e-01  5.02458981e-01  9.79642968e-01  2.25642129e-01  5.47526383e-01
7.84127843e-01  9.17367521e-01  7.09343934e-01  9.41615534e-01  6.61916381e-01  6.88639394e-01
8.59957808e-01  2.59838257e-01  8.79046036e-01  9.26994145e-01  1.76966156e-01  8.97088544e-01
7.74794788e-01  7.02881147e-01  8.80594252e-01  9.18222694e-01  4.81700524e-01  8.81583039e-01
8.08779024e-01  5.32366251e-01  8.75898088e-01  9.22087910e-01  3.65544801e-01  8.84147424e-01
9.20119455e-01  6.16457168e-01  4.42922918e-01  9.83669611e-01  5.74377282e-01  4.39602360e-01
8.62143714e-01  7.68351149e-01  5.41171097e-01  9.62117462e-01  7.80618163e-01  5.29235136e-01
9.74483065e-01  3.66983637e-01  4.20588725e-01  9.90461325e-01  3.39487590e-01  4.51872856e-01
8.69813696e-01  1.95067802e-01  8.87333007e-01  9.26931380e-01  1.35635270e-01  9.06706124e-01
8.78523543e-01  7.60622310e-01  4.90867211e-01  9.71601672e-01  7.60954603e-01  4.73569246e-01
7.96151823e-01  5.16785597e-01  9.28897503e-01  9.16223253e-01  3.10067876e-01  9.34814661e-01
8.69057943e-01  8.06094102e-01  4.93189675e-01  9.71565554e-01  7.81440931e-01  4.68461375e-01
8.40932489e-01  2.83581345e-01  9.27943269e-01  9.20509721e-01  1.67580981e-01  9.40361388e-01
8.62504491e-01  7.09769837e-01  5.77979001e-01  9.59341303e-01  6.63474135e-01  5.74615909e-01
7.98535841e-01  6.59198544e-01  8.28334268e-01  9.28497751e-01  4.17792880e-01  8.30744995e-01
8.47230631e-01  9.15807144e-01  4.96077827e-01  9.67422120e-01  9.45070893e-01  4.56503886e-01
8.45539502e-01  8.11171180e-01  5.70050992e-01  9.60867190e-01  7.19297503e-01  5.52205206e-01
9.14168119e-01  3.79566790e-01  6.17223763e-01  9.60896318e-01  3.15704117e-01  6.47040679e-01
7.87524617e-01  7.48380392e-01  8.07524850e-01  9.26719913e-01  5.67590832e-01  8.06359048e-01
7.76384365e-01  5.35470355e-01  9.83599942e-01  9.07953358e-01  3.11929974e-01  9.86888489e-01
7.51597687e-01  7.89506087e-01  9.02829359e-01  9.14246860e-01  5.09871313e-01  8.99927700e-01
8.91507496e-01  2.84903291e-01  7.55335532e-01  9.45009082e-01  1.70582986e-01  7.82561442e-01
9.08224520e-01  5.19553907e-01  5.46522941e-01  9.72305752e-01  3.73911124e-01  5.60179751e-01
8.98943829e-01  7.29325186e-01  4.41549723e-01  9.78776195e-01  7.75616681e-01  4.23599012e-01
9.42684310e-01  3.29559302e-01  5.52859918e-01  9.71607509e-01  2.69907032e-01  5.89143581e-01
8.46788418e-01  2.55107053e-01  9.26544253e-01  9.20143023e-01  1.77813674e-01  9.40303452e-01
9.63322067e-01  3.90808696e-01  4.42721262e-01  9.88190763e-01  3.20373755e-01  4.70415332e-01
9.30820978e-01  2.75533412e-01  6.28218347e-01  9.61443398e-01  2.19150719e-01  6.66265537e-01
8.75367976e-01  8.07565378e-01  4.70808335e-01  9.76551710e-01  7.60708167e-01  4.41372089e-01
9.65788871e-01  4.45829072e-01  3.98624984e-01  9.92794564e-01  4.21704429e-01  4.17039340e-01
8.29327937e-01  7.35685669e-01  6.73810511e-01  9.44419434e-01  6.55995418e-01  6.72054935e-01
8.82426078e-01  7.76992138e-01  4.66690778e-01  9.77361358e-01  7.37033009e-01  4.41754759e-01
7.64037353e-01  5.82012587e-01  9.95310243e-01  9.03603430e-01  3.82427755e-01  9.98182492e-01
8.91039832e-01  3.03662693e-01  7.44743953e-01  9.46124476e-01  1.86356617e-01  7.71695638e-01
7.65357763e-01  6.03600949e-01  9.76807341e-01  9.04213365e-01  4.40970316e-01  9.80487431e-01
7.86921283e-01  6.63685480e-01  8.64861616e-01  9.19635755e-01  4.98773510e-01  8.68502498e-01
9.22082934e-01  3.08793254e-01  6.35998789e-01  9.59801929e-01  2.42506917e-01  6.70775364e-01
8.77103482e-01  5.29139366e-01  6.45678545e-01  9.57580392e-01  3.52604607e-01  6.59098141e-01
8.65348195e-01  6.17667609e-01  6.28118694e-01  9.53773267e-01  5.53153345e-01  6.36291790e-01
9.02995117e-01  3.09001046e-01  7.00680860e-01  9.52484888e-01  1.88999273e-01  7.30290238e-01
8.39291945e-01  7.41289915e-01  6.36337164e-01  9.50127985e-01  6.68900195e-01  6.32413587e-01
8.35742365e-01  9.11777371e-01  5.38001664e-01  9.63119168e-01  8.64443516e-01  5.03592767e-01
8.44829539e-01  2.24591451e-01  9.53011764e-01  9.17859133e-01  1.37400512e-01  9.64463580e-01
9.42473746e-01  5.56427064e-01  4.05990296e-01  9.87873004e-01  5.85017001e-01  4.10145836e-01
9.60956854e-01  4.33652004e-01  4.22937771e-01  9.89025307e-01  4.05337241e-01  4.45060736e-01
9.75004859e-01  3.43106610e-01  4.34020689e-01  9.88790801e-01  3.10266043e-01  4.68947709e-01
7.58832415e-01  6.60715552e-01  9.61882704e-01  9.05647043e-01  4.70115673e-01  9.64431988e-01
7.90875595e-01  7.33639965e-01  8.05717295e-01  9.30551180e-01  4.74793977e-01  8.03641295e-01
7.72953519e-01  5.98672521e-01  9.54211477e-01  9.07640044e-01  4.40788630e-01  9.58557513e-01
8.81864583e-01  2.46021510e-01  8.13325623e-01  9.37045723e-01  1.52767745e-01  8.37817718e-01
9.23419819e-01  4.01899979e-01  5.71011420e-01  9.66865337e-01  3.50153589e-01  6.00140599e-01
8.20562291e-01  8.95869717e-01  5.99578421e-01  9.55010058e-01  7.84588634e-01  5.73872301e-01
9.40341426e-01  3.35601344e-01  5.56595392e-01  9.72041414e-01  2.46507522e-01  5.91354400e-01
8.62626448e-01  7.89633148e-01  5.25715611e-01  9.68665575e-01  7.02204506e-01  5.05710940e-01
8.95927769e-01  3.45251955e-01  7.01440854e-01  9.49781270e-01  2.67585713e-01  7.29639412e-01
7.95491072e-01  9.11700339e-01  6.74436267e-01  9.46858478e-01  6.76782602e-01  6.51521636e-01
9.49412741e-01  2.30361101e-01  5.94117163e-01  9.67135708e-01  1.81789748e-01  6.38046753e-01
9.47266811e-01  5.13606476e-01  4.17515078e-01  9.87371649e-01  5.19635183e-01  4.28753757e-01
8.53641630e-01  8.88590893e-01  4.91978559e-01  9.73076167e-01  8.10196133e-01  4.52005463e-01
7.69135867e-01  6.45371498e-01  9.36854328e-01  9.09165729e-01  4.76545604e-01  9.40355458e-01
8.90784414e-01  7.21262069e-01  4.74490245e-01  9.73100889e-01  7.64920363e-01  4.62506589e-01
9.76074984e-01  3.47338078e-01  4.27639834e-01  9.88530271e-01  3.43521142e-01  4.62788685e-01
9.29384731e-01  6.01177300e-01  4.21679661e-01  9.86129582e-01  5.95373336e-01  4.19402323e-01
9.21820412e-01  4.30692004e-01  5.58047586e-01  9.69247370e-01  3.57355114e-01  5.83687822e-01
9.00414710e-01  6.82377018e-01  4.67332700e-01  9.77985008e-01  6.54842337e-01  4.57622956e-01
9.27570507e-01  6.04931921e-01  4.25104870e-01  9.86584059e-01  5.71399963e-01  4.21616305e-01
8.28287947e-01  9.17586905e-01  5.59245484e-01  9.63559916e-01  7.64628134e-01  5.23750910e-01
8.59823097e-01  2.03955840e-01  9.15490597e-01  9.22906781e-01  1.39614861e-01  9.31575604e-01
8.64961828e-01  2.13663617e-01  8.91736028e-01  9.26466774e-01  1.35001793e-01  9.09834403e-01
8.76828721e-01  2.24816239e-01  8.44194869e-01  9.32712383e-01  1.47599344e-01  8.66820512e-01
7.63915837e-01  6.45250837e-01  9.54660618e-01  9.07433726e-01  4.50908169e-01  9.57497798e-01
9.88813064e-01  2.88156405e-01  4.22808995e-01  9.92026540e-01  2.42858517e-01  4.64070845e-01
8.77334450e-01  6.62618512e-01  5.58531488e-01  9.62811274e-01  6.33582180e-01  5.59920703e-01
9.59851355e-01  4.39357534e-01  4.22987387e-01  9.88484734e-01  4.21606323e-01  4.44696460e-01
9.16551341e-01  2.47083621e-01  6.95144160e-01  9.52592695e-01  1.87295316e-01  7.30516383e-01
9.65782732e-01  4.05635582e-01  4.24740125e-01  9.90750587e-01  3.39385139e-01  4.49526068e-01
8.07794489e-01  5.29996877e-01  8.80483430e-01  9.23576554e-01  3.08059507e-01  8.87620633e-01
8.14044899e-01  3.61255575e-01  9.69119192e-01  9.13440459e-01  2.09524975e-01  9.76331536e-01
8.73981265e-01  5.09342145e-01  6.69431505e-01  9.54614858e-01  3.28702134e-01  6.84256940e-01
8.80184113e-01  8.05716040e-01  4.55953033e-01  9.79837313e-01  7.48360341e-01  4.23728609e-01
7.63642651e-01  7.95306963e-01  8.58158728e-01  9.20897408e-01  5.24069641e-01  8.53940448e-01
8.97221203e-01  2.67026449e-01  7.47539010e-01  9.44864035e-01  1.96806897e-01  7.77317203e-01
8.14727695e-01  4.22210935e-01  9.26922155e-01  9.16161516e-01  3.02033574e-01  9.36586020e-01
8.16139912e-01  3.93694414e-01  9.40642556e-01  9.15284208e-01  2.69393236e-01  9.49896705e-01
7.83905119e-01  5.73346567e-01  9.33761563e-01  9.12308911e-01  3.99604472e-01  9.38832784e-01
8.84430859e-01  2.31839232e-01  8.14116647e-01  9.37325651e-01  1.41750142e-01  8.39133059e-01
7.51014414e-01  6.61423181e-01  9.87975161e-01  9.04450402e-01  3.97937601e-01  9.89099627e-01
9.68996844e-01  3.06477944e-01  4.78201155e-01  9.83496320e-01  2.47429773e-01  5.17689387e-01
8.50025583e-01  6.37507702e-01  6.67567396e-01  9.52024805e-01  4.53237620e-01  6.71543380e-01
8.61687962e-01  5.12692429e-01  7.09001184e-01  9.48722459e-01  3.25416696e-01  7.22812553e-01
9.70549508e-01  3.02065855e-01  4.75793446e-01  9.84256699e-01  2.35829296e-01  5.15545118e-01
8.60147058e-01  7.78725378e-01  5.41216671e-01  9.68724040e-01  6.29305544e-01  5.22499285e-01
8.98714002e-01  4.08103421e-01  6.51174003e-01  9.56318556e-01  3.14236684e-01  6.76738658e-01
7.63579742e-01  6.42530390e-01  9.57569439e-01  9.09148542e-01  3.95664138e-01  9.59509282e-01
7.97493636e-01  4.50102444e-01  9.67340544e-01  9.09994811e-01  3.11816409e-01  9.73824936e-01
8.45750166e-01  9.09216460e-01  5.05384015e-01  9.68671296e-01  8.70416305e-01  4.66070811e-01
8.10231911e-01  3.59728719e-01  9.83059583e-01  9.09928866e-01  2.47489705e-01  9.89909897e-01
8.66535772e-01  6.43390933e-01  6.07385581e-01  9.56356077e-01  5.83917198e-01  6.12487872e-01
7.99830071e-01  5.22068609e-01  9.12676909e-01  9.15902087e-01  3.78282074e-01  9.20296792e-01
9.85725995e-01  2.55898651e-01  4.54233346e-01  9.86783845e-01  2.30138612e-01  5.00681140e-01
8.49974644e-01  7.19920517e-01  6.13935818e-01  9.53308551e-01  6.70555950e-01  6.11630145e-01
8.37675287e-01  3.33436337e-01  9.06633835e-01  9.23033475e-01  1.88399447e-01  9.19276859e-01
7.81851580e-01  7.57250194e-01  8.21032238e-01  9.27495081e-01  4.97229842e-01  8.17954816e-01
7.76081925e-01  6.91880152e-01  8.83366673e-01  9.19398157e-01  4.38783562e-01  8.84150528e-01
7.71177195e-01  6.44280591e-01  9.30928108e-01  9.10746890e-01  4.61651497e-01  9.34239767e-01
9.14950198e-01  6.09116345e-01  4.65538686e-01  9.78524638e-01  6.00091685e-01  4.67053295e-01
8.40850796e-01  3.56579651e-01  8.80821852e-01  9.24263115e-01  2.55255559e-01  8.95650967e-01
7.55840227e-01  7.57789571e-01  9.09014487e-01  9.12896896e-01  5.12529463e-01  9.07958054e-01
8.88865373e-01  7.53961119e-01  4.59777435e-01  9.72675106e-01  8.59398360e-01  4.42993004e-01
7.56908725e-01  7.10761834e-01  9.35920791e-01  9.09702942e-01  4.77405970e-01  9.36708141e-01
7.53209399e-01  6.48764047e-01  9.89038066e-01  9.04318289e-01  3.97929461e-01  9.90464904e-01
7.65393354e-01  6.14581303e-01  9.69557243e-01  9.06331441e-01  4.16663817e-01  9.72628808e-01
9.04337215e-01  7.16376994e-01  4.31642524e-01  9.82782053e-01  7.14548567e-01  4.12291733e-01
8.86892532e-01  7.88529659e-01  4.44331343e-01  9.74238137e-01  9.15810366e-01  4.20205798e-01
9.65308616e-01  4.23786897e-01  4.14565682e-01  9.88718069e-01  4.39017576e-01  4.39101095e-01
9.50464586e-01  3.53263000e-01  5.11052376e-01  9.77345785e-01  2.99067802e-01  5.45484602e-01
8.39485726e-01  2.21328354e-01  9.73279470e-01  9.15521671e-01  1.24275748e-01  9.82542203e-01
8.57712672e-01  5.25165410e-01  7.14402287e-01  9.47850377e-01  3.31092756e-01  7.27067965e-01
9.07704298e-01  6.96529368e-01  4.33094539e-01  9.77664807e-01  8.12889195e-01  4.21949754e-01
7.73826508e-01  5.96396679e-01  9.52724811e-01  9.08698518e-01  4.19370923e-01  9.56813165e-01
9.34627830e-01  3.94021436e-01  5.38068900e-01  9.74800334e-01  2.78084099e-01  5.66230003e-01
8.68163036e-01  6.59291738e-01  5.91537623e-01  9.63569309e-01  4.80126253e-01  5.90673656e-01
8.25354220e-01  3.14386249e-01  9.60846902e-01  9.15434390e-01  1.81463471e-01  9.69636892e-01
7.48206531e-01  6.95669595e-01  9.75571429e-01  9.04867260e-01  4.42717293e-01  9.76399353e-01
8.00128899e-01  4.33663335e-01  9.69065234e-01  9.10230464e-01  2.97445633e-01  9.75697506e-01
7.43519585e-01  6.93517079e-01  9.92588615e-01  9.01917250e-01  4.47649572e-01  9.93638052e-01
8.83049741e-01  7.36199477e-01  4.91056296e-01  9.70863750e-01  7.59101824e-01  4.78220733e-01
9.06276784e-01  4.78027741e-01  5.80096398e-01  9.66415052e-01  3.65788456e-01  5.99862899e-01
8.96401875e-01  7.45750789e-01  4.39814938e-01  9.80212261e-01  7.63656722e-01  4.17723175e-01
9.41425420e-01  5.15261372e-01  4.36275611e-01  9.87604756e-01  4.39827849e-01  4.46048722e-01
7.72098883e-01  8.49538565e-01  7.94528901e-01  9.30318690e-01  5.65068736e-01  7.84393424e-01
9.39085056e-01  2.60865318e-01  6.09679605e-01  9.64898504e-01  1.95348829e-01  6.49715454e-01
8.50494934e-01  2.45997129e-01  9.19872080e-01  9.21925176e-01  1.55151644e-01  9.34211705e-01
7.80589263e-01  8.34284610e-01  7.75302700e-01  9.32732662e-01  5.75990728e-01  7.65827174e-01
7.91311467e-01  6.79701656e-01  8.39555257e-01  9.26118944e-01  4.39006350e-01  8.41003503e-01
8.29652408e-01  2.53057812e-01  9.86071989e-01  9.12273116e-01  1.64314229e-01  9.93945620e-01
9.54608356e-01  2.72425067e-01  5.49165997e-01  9.73055802e-01  2.19084074e-01  5.91306804e-01
9.19125677e-01  3.30114524e-01  6.32198710e-01  9.62093917e-01  2.08757363e-01  6.64025239e-01
8.10358760e-01  3.88990354e-01  9.63331288e-01  9.13689299e-01  2.25548989e-01  9.70446811e-01
9.27868973e-01  5.29028459e-01  4.73666844e-01  9.79474996e-01  4.93571199e-01  4.86038682e-01
7.56398515e-01  7.33731424e-01  9.22740064e-01  9.12659748e-01  4.59097100e-01  9.22059329e-01
9.03509664e-01  2.18284474e-01  7.57830688e-01  9.44243018e-01  1.61888997e-01  7.89520466e-01
8.36770606e-01  5.36473988e-01  7.78174058e-01  9.35442682e-01  4.01438888e-01  7.90064021e-01
8.29877877e-01  2.57695242e-01  9.82295440e-01  9.13835422e-01  1.38535096e-01  9.89997460e-01
8.41522382e-01  2.27708409e-01  9.62219734e-01  9.16946079e-01  1.28160297e-01  9.72493920e-01
9.50585433e-01  4.49736875e-01  4.48009268e-01  9.83385542e-01  4.52200934e-01  4.70704889e-01
9.35051880e-01  2.91457033e-01  6.03215995e-01  9.64424064e-01  2.41075262e-01  6.41475438e-01
7.75054848e-01  8.35497775e-01  7.93308999e-01  9.29648734e-01  5.79802695e-01  7.84703982e-01
8.05444707e-01  8.86126448e-01  6.57240037e-01  9.50050364e-01  6.57987290e-01  6.35480593e-01
8.72302254e-01  4.39588589e-01  7.20121470e-01  9.44815845e-01  3.52310772e-01  7.41013626e-01
7.76078591e-01  8.99311464e-01  7.48698433e-01  9.36126307e-01  6.27885954e-01  7.32364769e-01
8.35728184e-01  6.64731192e-01  6.98442818e-01  9.46673848e-01  4.75327309e-01  7.00652798e-01
8.66403446e-01  8.35691605e-01  4.83285543e-01  9.73892005e-01  7.91967338e-01  4.51582364e-01
8.36126641e-01  2.42568156e-01  9.70895575e-01  9.15032214e-01  1.47455021e-01  9.80223113e-01
8.16643196e-01  9.16154974e-01  5.99717104e-01  9.57901409e-01  7.26433774e-01  5.69025149e-01
8.55523930e-01  3.63033657e-01  8.26802101e-01  9.31633424e-01  2.67693661e-01  8.45462990e-01
8.38101213e-01  2.23514439e-01  9.76562123e-01  9.15131380e-01  1.22721905e-01  9.85410703e-01
8.45276408e-01  3.86857845e-01  8.46134384e-01  9.30796806e-01  2.23650444e-01  8.61197340e-01
8.23587549e-01  9.02579890e-01  5.85246901e-01  9.58242639e-01  7.73458573e-01  5.56281928e-01
8.31537347e-01  2.64835121e-01  9.72023164e-01  9.14892977e-01  1.49297422e-01  9.80682133e-01
9.62411108e-01  4.75193463e-01  3.91030501e-01  9.93511556e-01  4.56196336e-01  4.04321420e-01
9.49374432e-01  2.83570220e-01  5.59702668e-01  9.71817657e-01  2.15890642e-01  5.99997575e-01
8.20927445e-01  9.72503577e-01  5.48585246e-01  9.63226953e-01  8.55305102e-01  5.04536984e-01
9.40433294e-01  3.89422812e-01  5.21341382e-01  9.76992158e-01  2.86056749e-01  5.50299135e-01
7.89164169e-01  7.39112826e-01  8.08273321e-01  9.30112194e-01  4.79402029e-01  8.05887365e-01
8.46145459e-01  9.32173575e-01  4.89137318e-01  9.70293513e-01  9.20376088e-01  4.43906989e-01
8.59583400e-01  3.02740459e-01  8.52461902e-01  9.30708091e-01  1.86931532e-01  8.70927817e-01
8.59389153e-01  8.74618925e-01  4.81532655e-01  9.68607113e-01  9.50000562e-01  4.47745255e-01
9.05655750e-01  6.14124248e-01  4.93847463e-01  9.74528565e-01  5.83682716e-01  4.96538913e-01
8.35091291e-01  2.42263553e-01  9.74609667e-01  9.14571604e-01  1.45846504e-01  9.83555389e-01
8.41517049e-01  9.44011033e-01  4.97168272e-01  9.67635377e-01  9.56218047e-01  4.52512048e-01
7.85506020e-01  6.95125354e-01  8.49255082e-01  9.22807851e-01  4.87925468e-01  8.50716743e-01
8.09519043e-01  4.00551601e-01  9.58973878e-01  9.14532396e-01  2.23849015e-01  9.65957144e-01
8.17002246e-01  3.47046842e-01  9.68003409e-01  9.12290887e-01  2.39044099e-01  9.76236331e-01
8.23889629e-01  6.88585130e-01  7.23156635e-01  9.42570515e-01  4.88928215e-01  7.23761154e-01
8.73976892e-01  5.24190990e-01  6.59805011e-01  9.52897850e-01  4.13409056e-01  6.75322783e-01
8.83522062e-01  7.63023331e-01  4.72335490e-01  9.74042752e-01  7.82906676e-01  4.52749025e-01
8.47037577e-01  8.62918330e-01  5.31070408e-01  9.64469472e-01  8.27335093e-01  5.03155331e-01
9.49592084e-01  4.14456070e-01  4.74287339e-01  9.82210920e-01  3.56643990e-01  5.00734167e-01
8.11886699e-01  3.59844614e-01  9.77364532e-01  9.11219536e-01  2.35574803e-01  9.84439172e-01
8.25508453e-01  2.95058790e-01  9.72872935e-01  9.13789302e-01  1.77511787e-01  9.81116038e-01
8.76291697e-01  7.67976942e-01  4.93373192e-01  9.70317331e-01  7.83842703e-01  4.75899359e-01
9.35038785e-01  4.50087545e-01  5.00273991e-01  9.79149207e-01  3.48213553e-01  5.21834189e-01
7.94520630e-01  8.50315611e-01  7.17585749e-01  9.40764348e-01  6.19284087e-01  7.04134670e-01
8.55460186e-01  2.15025163e-01  9.23120224e-01  9.22173719e-01  1.32813657e-01  9.37877489e-01
8.94191927e-01  2.71481574e-01  7.55231576e-01  9.45541736e-01  1.55922936e-01  7.83113878e-01
7.98308486e-01  7.78421264e-01  7.51698766e-01  9.37581817e-01  5.32933428e-01  7.45388021e-01
8.49078788e-01  4.26133335e-01  8.07721207e-01  9.35556527e-01  2.55057099e-01  8.23282857e-01
7.71367003e-01  7.66486110e-01  8.50639804e-01  9.21864124e-01  5.22456999e-01  8.48121448e-01
9.10158401e-01  6.67446528e-01  4.43643025e-01  9.82962317e-01  6.23972273e-01  4.32460916e-01
9.01979404e-01  2.51588129e-01  7.41405007e-01  9.47090867e-01  1.58692464e-01  7.72012484e-01
8.21331350e-01  3.46706419e-01  9.53522265e-01  9.14710035e-01  2.30474895e-01  9.62741807e-01
9.83143962e-01  2.42871075e-01  4.71756011e-01  9.84330550e-01  2.18489088e-01  5.19670353e-01
8.63258536e-01  3.12839142e-01  8.33424279e-01  9.32719945e-01  2.07027208e-01  8.53296058e-01
8.96630488e-01  3.43163804e-01  7.00113504e-01  9.52214503e-01  2.09482803e-01  7.27201225e-01
8.28430472e-01  3.34077449e-01  9.37612898e-01  9.16980565e-01  2.29183936e-01  9.48486622e-01
9.39523038e-01  3.29105661e-01  5.63888859e-01  9.70067981e-01  2.66321896e-01  5.99859024e-01
7.98578308e-01  6.59333444e-01  8.27803186e-01  9.24725678e-01  5.12052729e-01  8.32222533e-01
8.48815768e-01  7.42760616e-01  6.03042494e-01  9.55195330e-01  6.80535759e-01  5.97182579e-01
7.92088114e-01  5.92952200e-01  8.92945672e-01  9.20489318e-01  3.51070511e-01  8.97289577e-01
9.17555972e-01  2.75997112e-01  6.72663271e-01  9.54976375e-01  2.16631889e-01  7.07808876e-01
8.07522773e-01  4.99201861e-01  9.01401198e-01  9.21102052e-01  2.85428018e-01  9.08816117e-01
8.41876896e-01  2.45622194e-01  9.49383360e-01  9.17576711e-01  1.60062625e-01  9.60938703e-01
8.12053318e-01  8.96726442e-01  6.27916525e-01  9.52603407e-01  7.24152326e-01  6.03532680e-01
9.11360821e-01  2.19226182e-01  7.30856146e-01  9.48150473e-01  1.62115627e-01  7.64928482e-01
8.19027541e-01  3.44340621e-01  9.63180487e-01  9.14159728e-01  2.11060165e-01  9.71357950e-01
8.36200133e-01  2.82004985e-01  9.45038610e-01  9.18391289e-01  1.59557920e-01  9.55834270e-01
7.90205590e-01  6.67498223e-01  8.50934776e-01  9.20611848e-01  5.27255290e-01  8.55021481e-01
9.52612465e-01  4.20469073e-01  4.59830186e-01  9.84763800e-01  3.53473955e-01  4.84595550e-01
8.56185905e-01  6.60816936e-01  6.31514389e-01  9.52801236e-01  5.86039946e-01  6.35297743e-01
8.44876954e-01  3.58231900e-01  8.66076301e-01  9.26329563e-01  2.57143543e-01  8.81956051e-01
8.33901050e-01  3.33237325e-01  9.19877382e-01  9.19480923e-01  2.32331023e-01  9.32229038e-01
8.60993933e-01  8.15244950e-01  5.14630602e-01  9.65443157e-01  8.41876384e-01  4.93488622e-01
8.96610716e-01  6.44623657e-01  5.04461993e-01  9.70774302e-01  6.47240059e-01  5.05130786e-01
7.74824767e-01  5.39586939e-01  9.86222426e-01  9.04988121e-01  3.77782436e-01  9.90397246e-01
