8.07598032e-01  6.43451493e-01  8.07783091e-01  9.29401554e-01  4.70564591e-01  8.12524820e-01
8.56334686e-01  1.99963677e-01  9.30227529e-01  9.21274645e-01  1.30532210e-01  9.44695924e-01
9.07101730e-01  7.05669637e-01  4.29504329e-01  9.81287639e-01  7.52274721e-01  4.13507762e-01
8.47602228e-01  8.08825895e-01  5.64569636e-01  9.63599645e-01  6.75183318e-01  5.45071166e-01
8.24265604e-01  5.25676422e-01  8.27650575e-01  9.30004117e-01  3.47499721e-01  8.37636351e-01
9.65363441e-01  4.14843235e-01  4.20483515e-01  9.88999106e-01  4.05214200e-01  4.45773898e-01
9.26979500e-01  3.52677876e-01  5.91178147e-01  9.65555890e-01  2.86285739e-01  6.24089995e-01
8.77553925e-01  8.25904248e-01  4.51777153e-01  9.76805183e-01  8.52482404e-01  4.18656001e-01
8.60995354e-01  3.53427119e-01  8.14757483e-01  9.35574589e-01  2.12508565e-01  8.33701177e-01
9.26353501e-01  3.43726134e-01  5.99115959e-01  9.66446691e-01  2.31402010e-01  6.31300104e-01
8.06530188e-01  4.78687156e-01  9.18091296e-01  7.90036318e-02  3.26510034e-01  1.04766584e-01
9.98397245e+00  6.67882338e-01  5.33987547e+00  9.56764893e-01  6.07403358e-01  6.04336968e-01
8.39010516e-01  6.48570429e-01  6.97490703e-01  7.73708966e-02  1.43662290e-01  1.58289014e-01
1.02780560e+01  1.11340284e+00  4.05202724e+00  9.21669619e-01  1.96250624e-01  9.26173613e-01
8.56543276e-01  3.27724400e-01  8.46266502e-01  8.22938034e-02  2.61385698e-01  9.90028686e-02
1.01305171e+01  4.50192215e-01  4.98359284e+00  9.67952233e-01  3.97059685e-01  5.82127878e-01
8.21153089e-01  5.65129172e-01  8.12307433e-01  8.14189060e-02  1.13170581e-01  1.39509967e-01
1.01472629e+01  7.54321448e-01  4.72927682e+00  9.37826344e-01  1.63054718e-01  8.30390258e-01
7.97197391e-01  7.58299634e-01  7.68237814e-01  8.64988385e-02  2.01018803e-01  8.62528005e-02
1.01649691e+01  1.15430875e+00  4.40946691e+00  9.76814739e-01  3.98726199e-01  5.24909939e-01
8.17246896e-01  4.61226347e-01  8.93034241e-01  7.36735392e-02  4.02842410e-01  1.20972327e-01
1.00238774e+01  6.63669958e-01  5.20710590e+00  9.43354103e-01  6.34765769e-01  6.83884132e-01
8.55011982e-01  8.03422540e-01  5.42618480e-01  8.11233986e-02  1.09762687e-01  1.42207385e-01
1.04703290e+01  1.68048713e+00  3.03098996e+00  9.36342059e-01  1.43599417e-01  8.44488349e-01
8.45548941e-01  6.66908420e-01  6.63382683e-01  6.86785632e-02  3.45479786e-01  1.66509879e-01
1.03528489e+01  1.05619631e+00  3.83520206e+00  9.07039444e-01  4.51265409e-01  9.59941891e-01
8.93367730e-01  2.91204854e-01  7.44927205e-01  7.84136389e-02  2.91890315e-01  1.16700832e-01
1.03012980e+01  3.72336396e-01  4.45423082e+00  9.47941437e-01  5.19310348e-01  6.81653370e-01
9.50992135e-01  5.10422516e-01  4.06932851e-01  9.19091663e-02  1.35417242e-01  6.70073357e-02
1.07973182e+01  9.52602774e-01  2.39324701e+00  9.96911415e-01  2.64273133e-01  4.27707872e-01
8.25328735e-01  5.46330629e-01  8.10331924e-01  8.35634589e-02  2.50620347e-01  9.33962423e-02
1.01328494e+01  8.28338927e-01  4.73016492e+00  9.68513991e-01  4.96835266e-01  5.55034819e-01
8.60418048e-01  5.08834375e-01  7.15519700e-01  8.53682583e-02  2.77485874e-01  7.54987235e-02
1.02844625e+01  8.27571201e-01  4.21584401e+00  9.85988643e-01  5.26188182e-01  4.36078558e-01
8.94029296e-01  6.74298804e-01  4.93961518e-01  7.87849338e-02  2.65755057e-01  1.20473542e-01
1.05647095e+01  1.49604014e+00  2.83026517e+00  9.46676812e-01  4.44867310e-01  7.07289215e-01
9.39777278e-01  3.95836176e-01  5.19404933e-01  7.71787246e-02  4.12223586e-01  9.62874129e-02
1.06144043e+01  7.18428479e-01  3.16636406e+00  9.63568948e-01  7.46368438e-01  5.27992044e-01
7.90537658e-01  5.90198443e-01  8.99997517e-01  7.43588423e-02  3.75813249e-01  1.22941949e-01
9.97661921e+00  8.88831408e-01  5.22139390e+00  9.42230960e-01  5.91678325e-01  7.01230349e-01
7.56163354e-01  7.01535107e-01  9.44444121e-01  7.49880334e-02  4.00900916e-01  1.13000479e-01
9.91421906e+00  8.70347738e-01  5.44528548e+00  9.50085051e-01  6.56875591e-01  6.35519927e-01
8.25680601e-01  4.63772696e-01  8.62740480e-01  7.58798990e-02  4.37593626e-01  9.86424118e-02
1.00772044e+01  6.42719898e-01  5.03962711e+00  9.60316902e-01  7.99915940e-01  5.36236659e-01
8.07562273e-01  5.82224113e-01  8.47360278e-01  8.01351391e-02  3.86874735e-01  8.32987768e-02
1.00651660e+01  8.78765745e-01  4.92725398e+00  9.69766870e-01  8.80673661e-01  4.56631203e-01
7.84715538e-01  9.02632576e-01  7.16915001e-01  8.02457542e-02  3.26632387e-01  9.67731347e-02
1.02405492e+01  1.35122495e+00  4.02498337e+00  9.63477264e-01  6.29619612e-01  5.56067173e-01
7.62183092e-01  6.55401845e-01  9.53954749e-01  7.91020144e-02  2.52614942e-01  1.21534290e-01
9.89491719e+00  8.71195484e-01  5.51027849e+00  9.48643027e-01  3.62693169e-01  7.14029169e-01
8.43359070e-01  2.67113152e-01  9.30395279e-01  7.67160186e-02  3.03444717e-01  1.24866148e-01
1.00171540e+01  3.44621427e-01  5.43707835e+00  9.43115922e-01  4.65596759e-01  7.25241046e-01
7.72349116e-01  6.01765626e-01  9.54256084e-01  8.67016780e-02  2.57275273e-01  7.17072548e-02
9.88992708e+00  8.76964682e-01  5.52347787e+00  9.87519948e-01  5.49823792e-01  4.20695364e-01
8.28369233e-01  7.30029733e-01  6.80739824e-01  7.75693716e-02  1.86826263e-01  1.46852671e-01
1.03365046e+01  1.04792058e+00  3.89607309e+00  9.30642285e-01  2.26680619e-01  8.61474703e-01
9.82900250e-01  3.85233991e-01  3.79862102e-01  7.29958976e-02  2.16952040e-01  1.69088006e-01
1.08655588e+01  6.90430258e-01  2.33174140e+00  9.10501073e-01  2.71477468e-01  9.80076539e-01
8.58143808e-01  4.99769141e-01  7.29128829e-01  7.89765672e-02  3.62530690e-01  9.64592162e-02
1.02873730e+01  7.00147782e-01  4.28868828e+00  9.60399894e-01  7.54298165e-01  5.46444761e-01
8.34028935e-01  9.58843845e-01  5.12965239e-01  8.92349559e-02  1.68185456e-01  7.64392125e-02
1.05138498e+01  1.96679870e+00  2.69733622e+00  9.86226573e-01  3.50716176e-01  4.75865727e-01
8.13662124e-01  8.78238229e-01  6.34457161e-01  8.11386763e-02  1.23920807e-01  1.38775821e-01
1.03774323e+01  1.40195016e+00  3.52725593e+00  9.39218895e-01  1.48722473e-01  8.24835553e-01
8.77617215e-01  2.69685734e-01  8.12384908e-01  8.11007689e-02  2.19051228e-01  1.16620256e-01
1.02033244e+01  3.25854759e-01  4.81709014e+00  9.54056243e-01  3.09003590e-01  6.91960461e-01
8.16892266e-01  3.52965338e-01  9.64534521e-01  7.58617234e-02  3.83647617e-01  1.11460416e-01
9.95154563e+00  4.28844803e-01  5.60518264e+00  9.52170780e-01  6.24387796e-01  6.29795301e-01
8.04351656e-01  4.93244195e-01  9.16037150e-01  7.95086883e-02  3.57744084e-01  9.41742556e-02
9.96982900e+00  7.57769766e-01  5.32954289e+00  9.65608739e-01  6.77667634e-01  5.31087969e-01
9.80696770e-01  2.48185571e-01  4.76317699e-01  7.79513837e-02  4.51135852e-01  8.21713989e-02
1.07038499e+01  4.77107921e-01  3.01931870e+00  9.72519555e-01  9.45149150e-01  4.23801438e-01
8.27664374e-01  4.48636659e-01  8.65831094e-01  7.81348180e-02  2.84081769e-01  1.20327206e-01
1.00707395e+01  6.43175149e-01  5.06128391e+00  9.44894857e-01  5.06969548e-01  7.04093574e-01
9.18651828e-01  6.16849347e-01  4.47651414e-01  7.08327047e-02  2.82796882e-01  1.67455702e-01
1.06539330e+01  1.40609272e+00  2.58570087e+00  9.09429689e-01  3.51237355e-01  9.68166866e-01
8.82749618e-01  5.59327994e-01  6.06905431e-01  6.97475269e-02  2.99769254e-01  1.70418215e-01
1.04298046e+01  1.05089941e+00  3.57733362e+00  9.04464436e-01  4.15347302e-01  9.84910488e-01
7.92265979e-01  6.33480940e-01  8.66024938e-01  7.55286000e-02  2.95618326e-01  1.34323166e-01
1.00128334e+01  1.00644976e+00  5.02205930e+00  9.35947647e-01  4.26750177e-01  7.80350505e-01
8.01779599e-01  4.27131902e-01  9.67700095e-01  7.62177053e-02  3.34179639e-01  1.20824867e-01
9.90840595e+00  6.33108039e-01  5.61905388e+00  9.44086755e-01  5.58221253e-01  6.97208248e-01
7.97843259e-01  4.67339470e-01  9.54961357e-01  8.11504433e-02  2.27846918e-01  1.14230809e-01
9.93611127e+00  6.08013073e-01  5.54126758e+00  9.55762247e-01  3.26149541e-01  6.76984695e-01
8.91368722e-01  4.70905196e-01  6.35045690e-01  7.30419651e-02  3.62487904e-01  1.34523866e-01
1.04358157e+01  7.14664926e-01  3.77521417e+00  9.33150907e-01  5.37988957e-01  7.72092706e-01
8.50258711e-01  6.02814790e-01  6.89002711e-01  8.45912324e-02  1.64125253e-01  1.07170774e-01
1.03447338e+01  8.28772603e-01  4.01040736e+00  9.62297023e-01  2.61696050e-01  6.50258949e-01
8.45344044e-01  3.50691674e-01  8.69386626e-01  7.44317892e-02  1.83096759e-01  1.67851684e-01
1.00984335e+01  4.40053424e-01  5.09912041e+00  9.12410546e-01  2.41374574e-01  9.74920325e-01
8.42350951e-01  2.74582969e-01  9.28968584e-01  7.60821913e-02  1.52769463e-01  1.64408931e-01
1.00156776e+01  3.64710205e-01  5.42904915e+00  9.16094615e-01  2.12672234e-01  9.58055231e-01
9.04617879e-01  2.52691969e-01  7.31728737e-01  7.76460205e-02  3.72998213e-01  1.02526426e-01
1.03262585e+01  3.27380749e-01  4.39866176e+00  9.58356147e-01  6.73123414e-01  5.78660808e-01
8.54274961e-01  3.73217815e-01  8.24431454e-01  8.37692509e-02  1.83268102e-01  1.07934386e-01
1.01513619e+01  5.37005629e-01  4.85644851e+00  9.61708573e-01  2.76873631e-01  6.50458627e-01
8.59977701e-01  8.00515578e-01  5.27644349e-01  8.10108703e-02  1.66033453e-01  1.29679756e-01
1.05211265e+01  1.57482016e+00  2.92710680e+00  9.45182803e-01  2.12642526e-01  7.71544808e-01
9.68134827e-01  2.91267801e-01  4.91002885e-01  8.11303285e-02  2.48428420e-01  1.09513922e-01
1.06893336e+01  4.78694058e-01  3.06757961e+00  9.58537711e-01  3.79591348e-01  6.46606043e-01
8.72855261e-01  8.19870997e-01  4.71351369e-01  8.26305654e-02  2.39512383e-01  1.01993310e-01
1.06265528e+01  1.62368527e+00  2.53740625e+00  9.62090964e-01  4.49604744e-01  6.07338741e-01
8.18874414e-01  7.61096579e-01  6.92810504e-01  7.05209068e-02  2.84262966e-01  1.69110052e-01
1.02659452e+01  1.30754583e+00  3.96710709e+00  9.08194489e-01  3.46053625e-01  9.77307788e-01
7.88951699e-01  6.00749115e-01  8.98532734e-01  8.63777476e-02  2.05198582e-01  8.60452069e-02
9.97178156e+00  9.28300408e-01  5.21219587e+00  9.79835553e-01  3.36077273e-01  5.20290765e-01
8.37157411e-01  6.96946024e-01  6.72376317e-01  7.31691337e-02  2.92483489e-01  1.50191683e-01
1.03341952e+01  1.09761784e+00  3.87165016e+00  9.23823014e-01  3.75535437e-01  8.70153176e-01
8.72022429e-01  5.10910230e-01  6.74766509e-01  7.55686336e-02  1.85689248e-01  1.59950573e-01
1.03468060e+01  8.55279613e-01  3.98616204e+00  9.18227544e-01  2.62257206e-01  9.32703596e-01
8.79727769e-01  5.38695012e-01  6.30562349e-01  7.50351905e-02  3.00277686e-01  1.36390029e-01
1.04014262e+01  9.73936241e-01  3.72366021e+00  9.33337625e-01  4.48780736e-01  7.91899139e-01
8.64765940e-01  4.84369135e-01  7.16639189e-01  7.78628318e-02  4.53569390e-01  8.21662117e-02
1.02813287e+01  8.15409920e-01  4.23438049e+00  9.70427690e-01  9.98012208e-01  4.24768253e-01
9.18827546e-01  4.97986648e-01  5.24223460e-01  8.43723646e-02  1.83047706e-01  1.04119050e-01
1.06103574e+01  8.14946179e-01  3.11744448e+00  9.65237356e-01  2.72009013e-01  6.28977544e-01
8.95512877e-01  5.48958202e-01  5.70298613e-01  7.88624812e-02  3.37836324e-01  1.03004945e-01
1.05043668e+01  9.88761426e-01  3.36449527e+00  9.57855010e-01  6.33936189e-01  5.91100313e-01
8.41257477e-01  4.11779026e-01  8.43601156e-01  8.11069714e-02  1.03274354e-01  1.43840455e-01
1.01231255e+01  5.45147503e-01  4.94704314e+00  9.35092495e-01  1.38694390e-01  8.53655580e-01
7.64784157e-01  6.49046507e-01  9.49247095e-01  9.16715743e-02  1.25827983e-01  7.07884078e-02
9.88440218e+00  9.58941903e-01  5.48901485e+00  9.93585263e-01  2.46480345e-01  4.53223803e-01
8.96338521e-01  4.22121955e-01  6.49841187e-01  8.22027515e-02  1.57134523e-01  1.24132193e-01
1.03983901e+01  7.32239348e-01  3.89088550e+00  9.49101417e-01  2.25344233e-01  7.43427942e-01
8.87461972e-01  4.82528936e-01  6.40765453e-01  7.83552468e-02  1.65359384e-01  1.46867749e-01
1.04344393e+01  6.86525486e-01  3.79815643e+00  9.31403437e-01  1.97350670e-01  8.63499778e-01
7.92399188e-01  5.00894417e-01  9.51661893e-01  6.75068236e-02  3.66446814e-01  1.69086976e-01
9.92782364e+00  6.83806188e-01  5.52020104e+00  9.03849782e-01  4.78634956e-01  9.73950550e-01
7.96772122e-01  4.73939219e-01  9.54313851e-01  8.00767991e-02  1.37001707e-01  1.42505094e-01
9.93878846e+00  6.01875650e-01  5.53616135e+00  9.34822550e-01  1.88748700e-01  8.43601329e-01
7.89331031e-01  5.80618499e-01  9.10316668e-01  7.34972039e-02  2.83333056e-01  1.50242311e-01
9.98923473e+00  7.41141495e-01  5.27444290e+00  9.22423158e-01  4.05228633e-01  8.72138049e-01
8.24026063e-01  4.57036801e-01  8.72732757e-01  7.19752571e-02  4.10846785e-01  1.29977881e-01
1.00626451e+01  6.32353397e-01  5.09579597e+00  9.37022391e-01  5.85127253e-01  7.36170136e-01
8.05745079e-01  6.66133387e-01  7.99052290e-01  7.75220537e-02  3.47036201e-01  1.09434012e-01
1.01528488e+01  8.95378802e-01  4.61872920e+00  9.54175886e-01  5.84621087e-01  6.26301393e-01
8.65288001e-01  2.08448635e-01  8.94014268e-01  7.86332486e-02  9.92356755e-02  1.60654929e-01
1.00792775e+01  2.94333676e-01  5.25877587e+00  9.21883730e-01  1.28323853e-01  9.40794085e-01
7.68209742e-01  7.70004210e-01  8.59078035e-01  8.13376040e-02  3.78461008e-01  7.75695731e-02
1.00344295e+01  1.02882948e+00  4.93419632e+00  9.79526767e-01  7.80532718e-01  4.17629028e-01
8.13374123e-01  6.55221156e-01  7.80230021e-01  7.53028477e-02  3.03198812e-01  1.33985970e-01
1.01841177e+01  8.92068499e-01  4.51470119e+00  9.36469189e-01  4.26413200e-01  7.77085683e-01
8.99305686e-01  6.90353070e-01  4.65622795e-01  8.07383195e-02  2.23272334e-01  1.17950402e-01
1.06633245e+01  1.31505305e+00  2.61291587e+00  9.50468341e-01  3.71997496e-01  7.00134621e-01
9.53275607e-01  4.78490102e-01  4.19910161e-01  7.47163603e-02  3.22650777e-01  1.33166560e-01
1.07657761e+01  9.38893544e-01  2.50924859e+00  9.33748603e-01  5.25725606e-01  7.71147617e-01
8.40218892e-01  4.82240860e-01  8.01378188e-01  7.40937229e-02  2.88703056e-01  1.45152780e-01
1.01538447e+01  7.61226264e-01  4.70244455e+00  9.28629048e-01  3.64916475e-01  8.41836491e-01
9.23672634e-01  4.30711814e-01  5.51447563e-01  7.00638584e-02  3.30653807e-01  1.61117067e-01
1.05499766e+01  8.01274290e-01  3.33134597e+00  9.10286060e-01  4.87362007e-01  9.30624924e-01
9.44779113e-01  4.71867457e-01  4.53059871e-01  8.74438700e-02  2.38200123e-01  7.14393828e-02
1.07053026e+01  9.28802086e-01  2.72113854e+00  9.86681556e-01  5.47799463e-01  4.26547624e-01
9.65058718e-01  3.06188827e-01  4.91760869e-01  8.05364775e-02  3.13442016e-01  9.80146719e-02
1.06739117e+01  5.60545453e-01  3.06680568e+00  9.66304448e-01  5.17568693e-01  5.64320715e-01
9.50465820e-01  4.99741318e-01  4.15654144e-01  8.92263774e-02  1.39674631e-01  8.32067721e-02
1.07439682e+01  1.10297888e+00  2.47677103e+00  9.82661320e-01  2.53883714e-01  5.21523819e-01
8.52400517e-01  5.83013832e-01  6.94584521e-01  7.35110839e-02  4.22708779e-01  1.17336535e-01
1.03097554e+01  9.32454604e-01  4.06186595e+00  9.46699322e-01  6.58651523e-01  6.56810948e-01
8.32679826e-01  9.64315497e-01  5.13994034e-01  7.56231798e-02  4.64470217e-01  9.39605960e-02
1.05196063e+01  1.93969188e+00  2.69538829e+00  9.64477740e-01  8.54879185e-01  4.96617365e-01
7.94567278e-01  4.63207628e-01  9.68770048e-01  7.49724804e-02  3.79660699e-01  1.18101127e-01
9.91823252e+00  5.85694197e-01  5.61646920e+00  9.44732860e-01  6.46379511e-01  6.72309221e-01
7.89633271e-01  5.96628357e-01  8.98894554e-01  7.94759824e-02  3.43752792e-01  9.76782375e-02
9.99206701e+00  8.25490220e-01  5.21006221e+00  9.66843532e-01  5.48280553e-01  5.53633363e-01
8.53548824e-01  6.07181571e-01  6.74994830e-01  7.59236655e-02  2.24055365e-01  1.48639858e-01
1.03532986e+01  9.05394529e-01  3.93157971e+00  9.26062377e-01  3.20960082e-01  8.68643765e-01
8.52820523e-01  3.65368353e-01  8.34467799e-01  7.40371151e-02  3.56770132e-01  1.29488716e-01
1.01545129e+01  4.41528818e-01  4.90773619e+00  9.36788758e-01  5.59097344e-01  7.43796809e-01
8.37454382e-01  2.44283595e-01  9.65272176e-01  7.22233474e-02  3.92857703e-01  1.32622476e-01
9.96399853e+00  3.36740761e-01  5.62269521e+00  9.33179510e-01  6.03788894e-01  7.56417049e-01
9.67304900e-01  3.88990514e-01  4.30377734e-01  7.93684573e-02  3.19112943e-01  1.04168868e-01
1.07720602e+01  7.01696486e-01  2.64190257e+00  9.57321410e-01  5.99634898e-01  6.02597629e-01
9.81596710e-01  3.35455169e-01  4.16605293e-01  8.22349747e-02  2.79639307e-01  9.50822800e-02
1.07966502e+01  6.30879290e-01  2.60438244e+00  9.66532557e-01  5.39858943e-01  5.57610120e-01
8.73938065e-01  3.57742884e-01  7.67706085e-01  7.95592734e-02  1.12122905e-01  1.51681889e-01
1.02510877e+01  4.81340194e-01  4.55395646e+00  9.28784916e-01  1.41379551e-01  8.93468447e-01
8.70158401e-01  6.30785879e-01  6.03268227e-01  7.64263345e-02  4.19590042e-01  9.93773789e-02
1.04333596e+01  1.13723391e+00  3.50921201e+00  9.58056359e-01  8.12562489e-01  5.47753555e-01
8.52667003e-01  4.12242304e-01  8.04554553e-01  7.20106195e-02  3.45208908e-01  1.45205805e-01
1.01788929e+01  5.77224333e-01  4.73685134e+00  9.23284931e-01  5.28656132e-01  8.37551517e-01
8.89654888e-01  2.92771738e-01  7.56517948e-01  7.13712237e-02  2.83690040e-01  1.63791656e-01
1.02836012e+01  3.71007576e-01  4.51518499e+00  9.09647945e-01  4.27541544e-01  9.48801446e-01
9.02688259e-01  6.84449136e-01  4.57969601e-01  8.55351676e-02  2.62201179e-01  7.80271221e-02
1.06243037e+01  1.54888220e+00  2.59360650e+00  9.84163242e-01  4.88320002e-01  4.56698373e-01
8.23447788e-01  6.87699285e-01  7.24934170e-01  6.90083392e-02  3.14089685e-01  1.71786599e-01
1.02449640e+01  1.07806145e+00  4.18733850e+00  9.03871369e-01  4.02834557e-01  9.91659538e-01
7.80332029e-01  8.36227465e-01  7.74915165e-01  7.22409057e-02  2.55498829e-01  1.64852757e-01
1.01632716e+01  1.16397051e+00  4.40895803e+00  9.10485900e-01  3.74315716e-01  9.55960382e-01
8.43427284e-01  7.89258734e-01  5.91152383e-01  7.69145998e-02  1.34551640e-01  1.63360639e-01
1.04454038e+01  1.35905162e+00  3.32430612e+00  9.18886768e-01  1.58696582e-01  9.52859950e-01
7.39542720e-01  7.07179658e-01  9.97223648e-01  8.30924680e-02  1.78700130e-01  1.13349595e-01
9.82111131e+00  8.86872414e-01  5.75072387e+00  9.58424996e-01  2.38332578e-01  6.80587040e-01
7.53698147e-01  7.09397361e-01  9.47710977e-01  8.53574378e-02  2.66032707e-01  7.82645703e-02
9.90515679e+00  8.89909542e-01  5.46335768e+00  9.79671826e-01  5.93939116e-01  4.60630037e-01
8.35794150e-01  5.89982661e-01  7.46451143e-01  7.50518949e-02  2.54866230e-01  1.46975441e-01
1.02172086e+01  9.61432323e-01  4.35730432e+00  9.26242610e-01  3.67207120e-01  8.56599313e-01
9.08066538e-01  6.06098417e-01  4.90574405e-01  7.90577704e-02  2.07670948e-01  1.32400151e-01
1.06152650e+01  1.20372398e+00  2.84837939e+00  9.41264921e-01  2.79089336e-01  7.81021898e-01
7.67651446e-01  6.11359660e-01  9.63981076e-01  7.22291965e-02  3.12776773e-01  1.51440573e-01
9.89151348e+00  7.93158118e-01  5.57250252e+00  9.17928179e-01  5.05437194e-01  8.77366562e-01
8.25493781e-01  8.04780695e-01  6.41972180e-01  8.67339757e-02  1.61481581e-01  9.40537821e-02
1.03837876e+01  1.22758688e+00  3.61887676e+00  9.73064389e-01  2.75993624e-01  5.77852940e-01
8.90818268e-01  7.49171071e-01  4.56256161e-01  8.74779835e-02  2.17481279e-01  7.60986681e-02
1.06137858e+01  1.70739740e+00  2.52640985e+00  9.84963804e-01  4.52613615e-01  4.59971917e-01
8.56394683e-01  7.91725866e-01  5.45517721e-01  7.79921607e-02  2.51504496e-01  1.28912348e-01
1.05124145e+01  1.44737002e+00  3.03943139e+00  9.39602097e-01  4.24626351e-01  7.57418059e-01
8.91989195e-01  6.15675491e-01  5.38948868e-01  8.14159276e-02  1.15488114e-01  1.38983365e-01
1.05344612e+01  1.18245082e+00  3.13656142e+00  9.37864137e-01  1.74029432e-01  8.27563966e-01
9.58736806e-01  3.84884465e-01  4.62136601e-01  8.43428579e-02  1.34191799e-01  1.15811139e-01
1.06973076e+01  7.80266324e-01  2.84471758e+00  9.57432960e-01  1.75777965e-01  7.01676013e-01
8.66793782e-01  7.37377505e-01  5.45490850e-01  6.82083940e-02  3.59419053e-01  1.66242656e-01
1.05251767e+01  1.31950797e+00  3.07910703e+00  9.05885116e-01  4.90958209e-01  9.57997976e-01
9.24315182e-01  5.56678536e-01  4.67485422e-01  7.39335577e-02  2.38021330e-01  1.58113457e-01
1.06674313e+01  1.09413588e+00  2.74239382e+00  9.17685486e-01  3.33362642e-01  9.19437572e-01
7.90731898e-01  7.98518285e-01  7.64081509e-01  8.19467453e-02  3.41610099e-01  8.23399420e-02
1.01749469e+01  1.17164246e+00  4.36433234e+00  9.75696857e-01  6.98141854e-01  4.61583749e-01
7.78582388e-01  6.22495942e-01  9.19627405e-01  8.52606869e-02  2.92542426e-01  7.26435345e-02
9.94560465e+00  8.93439580e-01  5.32371748e+00  9.84872277e-01  6.42282248e-01  4.15903693e-01
8.97029629e-01  4.60510335e-01  6.22571371e-01  8.25945660e-02  2.86750216e-01  9.11023676e-02
1.04365577e+01  7.99717921e-01  3.71747597e+00  9.70029303e-01  5.54959978e-01  5.31633936e-01
8.06765642e-01  5.60068298e-01  8.64450885e-01  7.99876856e-02  1.23724756e-01  1.46202784e-01
1.00404281e+01  8.51045414e-01  5.02925266e+00  9.32797528e-01  1.57355029e-01  8.63977584e-01
8.16057616e-01  4.80374972e-01  8.84639521e-01  7.44040149e-02  2.79136821e-01  1.45415137e-01
1.00229792e+01  7.41212265e-01  5.15981190e+00  9.24624362e-01  4.54331275e-01  8.46462552e-01
8.36662328e-01  3.24577217e-01  9.15825711e-01  7.33209256e-02  2.06719595e-01  1.69412964e-01
1.00253092e+01  4.32556290e-01  5.35229425e+00  9.08840471e-01  3.04321533e-01  9.82991545e-01
8.60619940e-01  7.53271248e-01  5.56135844e-01  7.73204736e-02  2.11664563e-01  1.42600341e-01
1.04748399e+01  1.47957807e+00  3.14610701e+00  9.33497627e-01  2.57681742e-01  8.35866767e-01
8.37484383e-01  6.97169196e-01  6.71120706e-01  9.16309824e-02  1.40418787e-01  6.76134708e-02
1.03202824e+01  1.17355897e+00  3.86958913e+00  9.96441960e-01  2.68644467e-01  4.29688774e-01
7.76706959e-01  7.85881262e-01  8.19913461e-01  7.99097887e-02  1.49919275e-01  1.40534483e-01
1.00930584e+01  1.08461787e+00  4.69889397e+00  9.35647350e-01  2.15286608e-01  8.32064348e-01
9.49474576e-01  4.14206964e-01  4.74550500e-01  7.42252797e-02  1.76882844e-01  1.70639313e-01
1.06929678e+01  7.36704224e-01  2.88773473e+00  9.10269274e-01  2.35195868e-01  9.90105502e-01
8.61724773e-01  4.12489125e-01  7.73635963e-01  7.93289272e-02  3.76861016e-01  9.08258614e-02
1.02389542e+01  5.27202634e-01  4.56538172e+00  9.63163085e-01  8.40545363e-01  5.08421554e-01
8.09765329e-01  4.42270874e-01  9.30750319e-01  7.54780103e-02  3.38448343e-01  1.24562924e-01
9.98038488e+00  5.74304913e-01  5.41281283e+00  9.39768627e-01  5.83187560e-01  7.19017959e-01
8.46284845e-01  7.98174021e-01  5.75660334e-01  7.47595343e-02  2.76812590e-01  1.43682817e-01
1.04300578e+01  1.57357468e+00  3.23714173e+00  9.29164906e-01  3.77535569e-01  8.35429389e-01
8.41808066e-01  9.26308612e-01  5.07672967e-01  7.94102815e-02  3.43602330e-01  9.81348455e-02
1.05174531e+01  1.94946179e+00  2.69635669e+00  9.63144680e-01  6.26208330e-01  5.59002814e-01
8.48961193e-01  5.06304518e-01  7.56067018e-01  8.39028928e-02  2.56558995e-01  8.98216502e-02
1.02157962e+01  8.34057716e-01  4.44479601e+00  9.74396076e-01  4.43079729e-01  5.29975588e-01
7.63864322e-01  7.15873570e-01  9.08980404e-01  8.40129451e-02  1.75995297e-01  1.08084100e-01
9.94516262e+00  1.01916535e+00  5.24359115e+00  9.61230606e-01  2.78915727e-01  6.53042550e-01
8.34538301e-01  4.58415942e-01  8.36139056e-01  7.84616515e-02  3.33293444e-01  1.06644758e-01
1.01363123e+01  5.62089177e-01  4.89126601e+00  9.55776408e-01  5.95550985e-01  6.13465597e-01
8.62258842e-01  8.54660269e-01  4.84745981e-01  7.82161276e-02  2.02937096e-01  1.38911818e-01
1.05405239e+01  1.94389840e+00  2.62163168e+00  9.36436803e-01  2.58038371e-01  8.16936515e-01
8.28135649e-01  4.53748200e-01  8.60912382e-01  8.23629529e-02  3.49984295e-01  7.76995915e-02
1.00906101e+01  5.87678889e-01  5.02984083e+00  9.78374131e-01  7.59799594e-01  4.29900916e-01
8.36749962e-01  4.73292885e-01  8.18968878e-01  7.94268602e-02  2.02008189e-01  1.31366694e-01
1.01525662e+01  6.25294232e-01  4.79503843e+00  9.42162492e-01  2.75152514e-01  7.76193530e-01
8.26647029e-01  6.17361513e-01  7.59737829e-01  7.35115398e-02  2.58582506e-01  1.55978263e-01
1.02128942e+01  8.94749748e-01  4.41524681e+00  9.18459136e-01  3.68153942e-01  9.06285183e-01
9.18738506e-01  4.12665689e-01  5.79918565e-01  7.07524063e-02  3.12999147e-01  1.60858765e-01
1.05416034e+01  5.97643369e-01  3.49197883e+00  9.12692303e-01  4.25996528e-01  9.29644139e-01
7.69581694e-01  6.26741284e-01  9.47437448e-01  7.76454663e-02  2.36486529e-01  1.34671695e-01
9.89483570e+00  9.15942521e-01  5.48150317e+00  9.37812274e-01  3.34441719e-01  7.90128016e-01
8.10115808e-01  6.84122817e-01  7.72528331e-01  8.47657648e-02  1.73537595e-01  1.03835649e-01
1.01464807e+01  1.15405598e+00  4.47241036e+00  9.66502403e-01  2.38361687e-01  6.28788083e-01
8.87038838e-01  6.92287889e-01  5.06019702e-01  8.39611717e-02  2.62513224e-01  8.80460692e-02
1.05842210e+01  1.32852698e+00  2.87276552e+00  9.74558848e-01  4.86654488e-01  5.18672725e-01
8.57416821e-01  3.37044860e-01  8.37249024e-01  7.80759674e-02  3.94829599e-01  9.46295318e-02
1.01565900e+01  3.96898104e-01  4.92965906e+00  9.66872825e-01  6.84812791e-01  5.21300519e-01
8.84268336e-01  4.72683973e-01  6.58001018e-01  7.38630715e-02  3.69254778e-01  1.27665356e-01
1.03778859e+01  8.08306250e-01  3.91112432e+00  9.40246212e-01  5.25609076e-01  7.29512129e-01
9.03656874e-01  4.05067172e-01  6.36063641e-01  7.57712871e-02  2.73610880e-01  1.37948736e-01
1.04498839e+01  5.82143939e-01  3.81348072e+00  9.33908300e-01  3.83318688e-01  8.03652699e-01
9.36950219e-01  3.56734497e-01  5.54390353e-01  7.64947516e-02  3.43791757e-01  1.16785200e-01
1.05776175e+01  5.73009069e-01  3.38568445e+00  9.47333699e-01  5.79357281e-01  6.71412562e-01
7.66866684e-01  5.93742323e-01  9.78085547e-01  6.81912326e-02  3.35296591e-01  1.72032948e-01
9.87418231e+00  7.58651958e-01  5.65375745e+00  9.02408509e-01  4.39280632e-01  9.92458454e-01
8.66610064e-01  4.39011629e-01  7.39826583e-01  6.94994879e-02  3.06931568e-01  1.70322352e-01
1.02892307e+01  5.65244573e-01  4.36996394e+00  9.04481791e-01  4.18802413e-01  9.83985683e-01
8.74504718e-01  4.61876523e-01  6.98172527e-01  8.18216526e-02  2.22876881e-01  1.11097020e-01
1.03314554e+01  7.04911969e-01  4.13590959e+00  9.57890030e-01  3.37590671e-01  6.60647675e-01
9.28326833e-01  6.05858183e-01  4.21935473e-01  8.28694384e-02  3.15556688e-01  8.25576820e-02
1.07597799e+01  1.13494188e+00  2.40233153e+00  9.77485178e-01  6.13904220e-01  4.69949980e-01
7.86966825e-01  7.76697047e-01  7.91035220e-01  7.62787389e-02  2.74246275e-01  1.34545037e-01
1.01426810e+01  1.08330123e+00  4.53124906e+00  9.35989440e-01  4.06683505e-01  7.84807137e-01
7.99766055e-01  6.20288149e-01  8.49121023e-01  7.26895462e-02  3.73509444e-01  1.34188626e-01
1.00435450e+01  9.88207513e-01  4.92961715e+00  9.32452024e-01  5.71006728e-01  7.68800111e-01
9.71738756e-01  3.96059232e-01  4.10733363e-01  7.16094065e-02  2.53762111e-01  1.69311494e-01
1.08130053e+01  6.86742972e-01  2.51258108e+00  9.06374759e-01  3.80305490e-01  9.80911710e-01
9.45419746e-01  4.55790599e-01  4.61321984e-01  7.50670853e-02  3.00793623e-01  1.36063968e-01
1.06995201e+01  8.66442561e-01  2.78125781e+00  9.32795939e-01  4.69842503e-01  7.90413569e-01
7.84318723e-01  5.44467361e-01  9.50812169e-01  8.36718319e-02  1.94235427e-01  1.05976869e-01
9.93809906e+00  6.53153861e-01  5.50520979e+00  9.63295010e-01  2.89964885e-01  6.37204223e-01
8.76997172e-01  7.41298934e-01  5.08297707e-01  7.63257731e-02  1.88015902e-01  1.54547410e-01
1.05447706e+01  1.55469900e+00  2.85988586e+00  9.24095894e-01  2.29240369e-01  9.02848451e-01
9.02853972e-01  2.75373108e-01  7.22992955e-01  8.05691535e-02  2.77088705e-01  1.06364310e-01
1.03393583e+01  3.44787759e-01  4.34287875e+00  9.59597653e-01  4.51263030e-01  6.22935262e-01
8.82596736e-01  6.69980153e-01  5.35586351e-01  7.81133472e-02  1.24953563e-01  1.57933099e-01
1.05594528e+01  1.16195073e+00  3.06501056e+00  9.22403214e-01  1.78911328e-01  9.25552208e-01
8.69369764e-01  2.20096942e-01  8.72589339e-01  7.47164427e-02  3.16458204e-01  1.34624327e-01
1.01099994e+01  3.07807319e-01  5.14570663e+00  9.35952103e-01  4.33996295e-01  7.78615858e-01
8.45332336e-01  5.69616584e-01  7.27284745e-01  7.60376242e-02  3.23270986e-01  1.24548209e-01
1.02670065e+01  8.62914044e-01  4.25217164e+00  9.43871383e-01  4.70027416e-01  7.19353835e-01
7.33421931e-01  7.53900004e-01  9.87674027e-01  7.83048049e-02  3.16345798e-01  1.11640916e-01
9.82518351e+00  9.57968528e-01  5.69073614e+00  9.55793570e-01  4.63847787e-01  6.44363886e-01
8.72194533e-01  3.18650726e-01  7.99008011e-01  7.96052296e-02  2.85687928e-01  1.10520449e-01
1.02114547e+01  4.12338956e-01  4.73333362e+00  9.54158839e-01  4.99308742e-01  6.46496760e-01
8.36765361e-01  2.90741381e-01  9.37446178e-01  8.78890910e-02  1.68095407e-01  8.50900513e-02
1.00051656e+01  3.56829089e-01  5.46986138e+00  9.81054230e-01  2.84356273e-01  5.24653877e-01
9.21221744e-01  6.45196593e-01  4.20521786e-01  7.46200183e-02  3.74899159e-01  1.21482290e-01
1.07247880e+01  1.36404251e+00  2.37241149e+00  9.41089716e-01  6.52702584e-01  6.94180291e-01
8.22396766e-01  3.59063949e-01  9.41880223e-01  7.31033176e-02  2.78073290e-01  1.54006665e-01
9.97950819e+00  4.67580439e-01  5.48508084e+00  9.19187565e-01  4.01128301e-01  8.93850577e-01
9.24197407e-01  2.66010102e-01  6.56595417e-01  7.47159988e-02  3.54639195e-01  1.25637169e-01
1.04386968e+01  3.63590061e-01  3.99335876e+00  9.40157631e-01  5.62474340e-01  7.21400436e-01
9.46459694e-01  3.09469458e-01  5.52785399e-01  8.20238963e-02  1.30510146e-01  1.31547830e-01
1.05763335e+01  5.43658229e-01  3.40909959e+00  9.44139122e-01  1.77966751e-01  7.86401206e-01
7.50822570e-01  6.58606835e-01  9.90455267e-01  7.61561329e-02  1.31598564e-01  1.68920070e-01
9.83961379e+00  8.41748610e-01  5.71719148e+00  9.13315928e-01  1.84071098e-01  9.82607035e-01
7.33212744e-01  7.71604860e-01  9.76888622e-01  7.79828073e-02  3.54455563e-01  1.04732641e-01
9.84206963e+00  9.71256770e-01  5.62476814e+00  9.56045949e-01  6.56119866e-01  5.97476948e-01
7.95661651e-01  7.54456668e-01  7.75947457e-01  7.00631850e-02  3.09432595e-01  1.66118602e-01
1.01367547e+01  1.22176436e+00  4.46147750e+00  9.09678857e-01  3.82477390e-01  9.59213618e-01
8.01830974e-01  4.47964496e-01  9.53998850e-01  7.27449282e-02  3.50345514e-01  1.39287759e-01
9.93429950e+00  6.19055019e-01  5.54025086e+00  9.31152809e-01  4.70277978e-01  8.00846877e-01
9.26923207e-01  4.23334084e-01  5.45200236e-01  8.26965098e-02  1.18262300e-01  1.30118512e-01
1.05956468e+01  6.31233891e-01  3.28666441e+00  9.45119104e-01  1.75525383e-01  7.80692315e-01
7.97119173e-01  5.18383923e-01  9.24275688e-01  8.74903819e-02  2.09335609e-01  7.79369687e-02
9.95231108e+00  7.86655577e-01  5.37027411e+00  9.83328928e-01  4.38972617e-01  4.73666146e-01
8.37166441e-01  7.96496514e-01  6.07712569e-01  7.38890553e-02  2.95720921e-01  1.44812638e-01
1.03844931e+01  1.50777202e+00  3.43457879e+00  9.26598753e-01  4.27086811e-01  8.40217147e-01
8.19379650e-01  4.66102905e-01  8.82625371e-01  7.88228091e-02  1.89002944e-01  1.38302183e-01
1.00457476e+01  6.40872814e-01  5.14764278e+00  9.35201308e-01  2.94027193e-01  8.16385200e-01
8.85453447e-01  3.95217224e-01  7.04272013e-01  7.25015331e-02  3.48399792e-01  1.41306463e-01
1.03407304e+01  5.63620777e-01  4.19614594e+00  9.26655544e-01  5.35090639e-01  8.14423833e-01
7.81684865e-01  5.80649632e-01  9.36262329e-01  7.57661618e-02  2.56652337e-01  1.41974674e-01
9.93002733e+00  8.20294728e-01  5.42410252e+00  9.31775945e-01  3.38538999e-01  8.27868767e-01
9.62400649e-01  4.31086882e-01  4.19700759e-01  8.02631503e-02  1.54491225e-01  1.37192148e-01
1.07922861e+01  7.54757073e-01  2.53877760e+00  9.39558354e-01  1.89296180e-01  8.13105968e-01
9.89464401e-01  3.27564156e-01  3.95013247e-01  8.29621810e-02  2.19364284e-01  1.04610794e-01
1.08230143e+01  6.75610118e-01  2.48582303e+00  9.63455608e-01  3.39317645e-01  6.24554800e-01
8.19532140e-01  5.19279653e-01  8.47579872e-01  8.41631226e-02  2.66477305e-01  8.58178630e-02
1.00727895e+01  8.08817303e-01  4.94678091e+00  9.76792135e-01  4.89174131e-01  5.03759911e-01
9.49682036e-01  3.75693893e-01  4.98849670e-01  8.57193522e-02  1.64743958e-01  9.97914772e-02
1.06754193e+01  5.77199914e-01  3.05087416e+00  9.67837982e-01  2.83560734e-01  6.09582722e-01
9.73936438e-01  3.61932408e-01  4.25426554e-01  8.12549988e-02  2.73486313e-01  1.02814772e-01
1.07729692e+01  7.01939696e-01  2.63865824e+00  9.63771810e-01  4.25696188e-01  6.02190278e-01
7.99279034e-01  6.77675023e-01  8.13514775e-01  7.84332241e-02  3.78145837e-01  9.62667542e-02
1.00819237e+01  1.12424145e+00  4.71097810e+00  9.62213567e-01  7.35065502e-01  5.39343777e-01
8.39171753e-01  5.60402168e-01  7.54186826e-01  7.95950816e-02  3.93725884e-01  8.51487074e-02
1.02110957e+01  9.08074242e-01  4.41270304e+00  9.74967421e-01  7.23191442e-01  4.60363162e-01
8.32088461e-01  7.40343640e-01  6.61412278e-01  8.34653404e-02  2.75338342e-01  8.82057496e-02
1.02952226e+01  1.41251405e+00  3.79954559e+00  9.71976360e-01  5.60508566e-01  5.17843264e-01
8.19654501e-01  6.07468564e-01  7.89905455e-01  8.30860864e-02  2.90837324e-01  8.69885045e-02
1.01394337e+01  9.96321255e-01  4.59874651e+00  9.75873218e-01  5.15329563e-01  5.03493903e-01
8.44344533e-01  2.28689937e-01  9.51997855e-01  7.08054162e-02  2.91375271e-01  1.65610462e-01
9.99725064e+00  2.69760150e-01  5.55326808e+00  9.07556792e-01  4.42371248e-01  9.58718714e-01
9.03924644e-01  4.02878371e-01  6.36575365e-01  8.05234651e-02  2.56990780e-01  1.11389218e-01
1.04469987e+01  5.89828043e-01  3.81828887e+00  9.55410439e-01  4.22653100e-01  6.56519477e-01
9.57953842e-01  3.10133942e-01  5.13324648e-01  7.71277847e-02  2.95101591e-01  1.24190170e-01
1.06355994e+01  5.74013890e-01  3.18815219e+00  9.44245946e-01  4.46190054e-01  7.22564496e-01
8.81624365e-01  6.33431261e-01  5.62616571e-01  7.67059700e-02  1.92858715e-01  1.50968969e-01
1.05085087e+01  1.12679310e+00  3.26081808e+00  9.26808763e-01  2.38655039e-01  8.83236424e-01
7.76015603e-01  7.29420030e-01  8.58919512e-01  7.97227853e-02  1.67476080e-01  1.37599769e-01
1.00242144e+01  1.05788502e+00  4.95001925e+00  9.37345396e-01  2.43255685e-01  8.14591080e-01
8.53989645e-01  7.09825872e-01  6.06856267e-01  8.12918682e-02  1.19088005e-01  1.38931377e-01
1.04063139e+01  1.31764283e+00  3.48392139e+00  9.39096537e-01  1.46098350e-01  8.26237972e-01
8.45742371e-01  7.93454876e-01  5.80566725e-01  7.06774953e-02  3.41549929e-01  1.54616340e-01
1.04559962e+01  1.40605979e+00  3.25782072e+00  9.16344935e-01  4.86796138e-01  8.91907553e-01
7.77700421e-01  5.76772153e-01  9.52311726e-01  8.62913480e-02  2.28053832e-01  8.12181590e-02
9.91088100e+00  7.83219838e-01  5.51318862e+00  9.82905730e-01  3.99327274e-01  4.85713646e-01
9.31630140e-01  4.25065481e-01  5.28093068e-01  7.84686530e-02  4.11182503e-01  8.82612915e-02
1.06067936e+01  7.17294960e-01  3.19294241e+00  9.65816337e-01  8.87844101e-01  4.80273289e-01
7.44146969e-01  7.63370344e-01  9.45101916e-01  8.13207022e-02  1.78028326e-01  1.24868689e-01
9.88960481e+00  1.00535937e+00  5.44121149e+00  9.47089013e-01  2.74239270e-01  7.44819487e-01
8.48985713e-01  2.66988081e-01  9.11368269e-01  7.09398372e-02  2.70683341e-01  1.69620919e-01
1.00542105e+01  3.06843273e-01  5.33577353e+00  9.05724656e-01  3.94097333e-01  9.81833004e-01
9.19670162e-01  3.87338481e-01  5.93197742e-01  7.68303998e-02  2.61602383e-01  1.33984481e-01
1.05032941e+01  6.48124049e-01  3.58928696e+00  9.35192370e-01  4.30540198e-01  7.84301064e-01
8.06304023e-01  5.59575634e-01  8.66339757e-01  7.32292460e-02  2.81379666e-01  1.52420789e-01
1.00683061e+01  7.01237068e-01  5.03185061e+00  9.22797825e-01  3.46729863e-01  8.83509067e-01
7.46958424e-01  6.79004303e-01  9.90333727e-01  8.70660753e-02  1.76118278e-01  8.84782854e-02
9.83304071e+00  8.79543758e-01  5.71497309e+00  9.76978337e-01  3.17562610e-01  5.42970042e-01
7.67200986e-01  5.90635821e-01  9.78966334e-01  8.01904967e-02  3.93924393e-01  8.12840765e-02
9.84934470e+00  8.72019658e-01  5.66449451e+00  9.73312466e-01  8.57803453e-01  4.39281830e-01
8.58740017e-01  2.83297663e-01  8.67652188e-01  7.77249802e-02  3.75203402e-01  1.01500844e-01
1.01077153e+01  3.80567288e-01  5.10622378e+00  9.56477745e-01  7.45075978e-01  5.73764486e-01
8.74837388e-01  8.11645344e-01  4.69961014e-01  7.80880435e-02  1.56723201e-01  1.50614710e-01
1.06101098e+01  1.69746995e+00  2.54533674e+00  9.28182479e-01  1.96382725e-01  8.84380921e-01
8.69596313e-01  4.27954548e-01  7.36864385e-01  8.71216511e-02  1.81563395e-01  8.68399406e-02
1.02850963e+01  6.00301461e-01  4.36124268e+00  9.78310215e-01  3.27448994e-01  5.32102524e-01
8.36632253e-01  8.37398880e-01  5.82971969e-01  7.93162507e-02  2.77887190e-01  1.14210265e-01
1.04638260e+01  1.40262959e+00  3.23346136e+00  9.54734544e-01  3.95841285e-01  6.67165912e-01
8.09578625e-01  8.58965642e-01  6.60836394e-01  7.71781366e-02  1.18048923e-01  1.65556581e-01
1.03406778e+01  1.32365532e+00  3.70288854e+00  9.17639001e-01  1.40613616e-01  9.65118579e-01
8.35968718e-01  4.80767077e-01  8.16769165e-01  7.75402071e-02  9.68910398e-02  1.68216801e-01
1.01559843e+01  6.30072610e-01  4.78032957e+00  9.15516933e-01  1.34989951e-01  9.80049908e-01
7.88019363e-01  5.90621569e-01  9.08275470e-01  7.68070372e-02  1.19650817e-01  1.67559234e-01
9.97577572e+00  8.26629943e-01  5.26464222e+00  9.15423805e-01  1.55967895e-01  9.75707755e-01
7.86001932e-01  6.49775769e-01  8.76717379e-01  8.17945550e-02  1.83108200e-01  1.20634271e-01
9.99248074e+00  1.02578728e+00  5.07861536e+00  9.52424950e-01  2.35296770e-01  7.19774098e-01
8.74026118e-01  5.17580119e-01  6.63632353e-01  8.05823446e-02  1.20643994e-01  1.43114799e-01
1.03696582e+01  8.41261884e-01  3.91766641e+00  9.34717261e-01  1.71005864e-01  8.48453966e-01
8.73332871e-01  7.98233632e-01  4.83777005e-01  8.22424791e-02  1.90240376e-01  1.16082767e-01
1.05985826e+01  1.60606658e+00  2.64381770e+00  9.55272421e-01  2.67186724e-01  6.94007821e-01
9.99094407e-01  2.85160063e-01  3.89843693e-01  8.16158652e-02  3.06209090e-01  9.27963959e-02
1.08485996e+01  5.44194476e-01  2.48426466e+00  9.67374414e-01  6.03353588e-01  5.37263074e-01
8.75328181e-01  2.58501501e-01  8.27419698e-01  7.63609103e-02  2.59893839e-01  1.37397439e-01
1.01788393e+01  3.26392431e-01  4.89988377e+00  9.33583595e-01  3.95101540e-01  8.02960515e-01
8.72443764e-01  7.09124499e-01  5.44648653e-01  8.29681867e-02  2.21475378e-01  1.04075180e-01
1.05559992e+01  1.14972528e+00  3.08467428e+00  9.62175082e-01  3.84144371e-01  6.22211421e-01
8.01253250e-01  4.00740133e-01  9.86625814e-01  7.33375014e-02  2.76518297e-01  1.52870951e-01
9.91067102e+00  4.68923482e-01  5.71795993e+00  9.18949216e-01  4.31492055e-01  8.88229805e-01
8.49667578e-01  3.84013860e-01  8.33068870e-01  8.19797826e-02  1.84606043e-01  1.19093839e-01
1.01542555e+01  4.62503199e-01  4.89499273e+00  9.53059462e-01  2.53373214e-01  7.11449619e-01
9.09252440e-01  3.96446033e-01  6.22660278e-01  7.27813276e-02  2.14452214e-01  1.71052656e-01
1.04796241e+01  5.38799291e-01  3.74063645e+00  9.08064662e-01  2.90414960e-01  9.91240567e-01
8.98380782e-01  3.84424213e-01  6.67381366e-01  7.73485917e-02  1.80756269e-01  1.49697694e-01
1.03884291e+01  6.12778209e-01  4.00226662e+00  9.28183414e-01  2.25742230e-01  8.77462267e-01
9.09557249e-01  4.30765955e-01  5.99343149e-01  8.03617585e-02  3.74342525e-01  8.47963622e-02
1.04883686e+01  7.11451184e-01  3.59885387e+00  9.73785404e-01  7.31168479e-01  4.66064012e-01
7.70734866e-01  6.84433206e-01  9.06063112e-01  7.40108806e-02  2.71330059e-01  1.49774449e-01
9.97841506e+00  8.69253885e-01  5.22800623e+00  9.22379923e-01  4.10946826e-01  8.71068945e-01
9.13300435e-01  3.11882312e-01  6.63815917e-01  8.08737614e-02  3.75821521e-01  8.11650879e-02
1.04110028e+01  4.75888616e-01  4.01448841e+00  9.70362040e-01  9.02189207e-01  4.47749498e-01
7.93212347e-01  6.48679145e-01  8.52944993e-01  7.65328165e-02  1.42288675e-01  1.63987089e-01
1.00724402e+01  8.32748046e-01  4.93242980e+00  9.17490347e-01  1.83222299e-01  9.56039502e-01
9.23976544e-01  3.71648334e-01  5.88761438e-01  9.02865559e-02  1.84652125e-01  6.58196129e-02
1.05172786e+01  6.02238616e-01  3.57159177e+00  9.96768114e-01  3.63826359e-01  4.05188164e-01
8.68612843e-01  7.13752840e-01  5.54651901e-01  7.86706902e-02  4.23223212e-01  8.41309403e-02
1.05186242e+01  1.24219735e+00  3.15154777e+00  9.69134606e-01  9.30139859e-01  4.49038987e-01
8.50312732e-01  2.12488088e-01  9.42248817e-01  9.08583200e-02  1.49187357e-01  7.05032306e-02
1.00059145e+01  2.95763460e-01  5.50696548e+00  9.92096962e-01  3.18488023e-01  4.45813275e-01
9.14100040e-01  6.10874570e-01  4.66986630e-01  7.32238945e-02  3.90396865e-01  1.26785947e-01
1.06774273e+01  1.12688195e+00  2.68719292e+00  9.38578193e-01  6.04669177e-01  7.21593298e-01
7.88146566e-01  5.69502010e-01  9.21555907e-01  7.90331726e-02  3.72463548e-01  9.37577046e-02
9.94696666e+00  8.52074325e-01  5.34594897e+00  9.65378570e-01  7.12001550e-01  5.24480254e-01
9.64264749e-01  3.89837099e-01  4.40150895e-01  8.81573501e-02  2.24897123e-01  6.99966893e-02
1.07308955e+01  8.10372244e-01  2.71112414e+00  9.93065240e-01  4.12650216e-01  4.17435497e-01
8.41899971e-01  8.42331686e-01  5.61881424e-01  7.46578226e-02  3.09599517e-01  1.36614912e-01
1.04587588e+01  1.61627625e+00  3.11196378e+00  9.31184740e-01  5.03382672e-01  7.92847809e-01
8.35454994e-01  3.15256355e-01  9.25977914e-01  8.33600212e-02  1.24508759e-01  1.24393163e-01
1.00082012e+01  4.35915469e-01  5.40820653e+00  9.50298655e-01  1.68150764e-01  7.49217095e-01
8.66841601e-01  8.42873950e-01  4.76836740e-01  7.40232914e-02  2.47778314e-01  1.55240558e-01
1.05505713e+01  1.95156731e+00  2.58253683e+00  9.19777916e-01  3.46696106e-01  9.02881175e-01
9.24803437e-01  5.01666478e-01  5.01542644e-01  8.54585864e-02  2.52706326e-01  8.07535876e-02
1.06375832e+01  8.78712782e-01  2.98360007e+00  9.80038882e-01  5.10032220e-01  4.78031374e-01
8.70311868e-01  6.08286343e-01  6.17354621e-01  8.66623526e-02  2.28999404e-01  7.86166293e-02
1.04168565e+01  1.07595150e+00  3.60503503e+00  9.82425397e-01  4.70846518e-01  4.71955140e-01
8.85748748e-01  2.83871502e-01  7.75560444e-01  7.20132690e-02  3.38672640e-01  1.46728020e-01
1.02405606e+01  4.29347864e-01  4.62345802e+00  9.24372026e-01  4.63221232e-01  8.45987400e-01
8.43845183e-01  7.18145805e-01  6.35902281e-01  7.38118616e-02  1.84419689e-01  1.71515768e-01
1.03706004e+01  1.25040422e+00  3.64884134e+00  9.08283879e-01  2.68652951e-01  9.94958824e-01
8.82575300e-01  3.95833403e-01  7.13645800e-01  6.84477297e-02  3.25722080e-01  1.72642651e-01
1.03371876e+01  5.08894360e-01  4.24370593e+00  9.02872090e-01  4.11354881e-01  9.96061044e-01
9.78167061e-01  2.75392655e-01  4.67244247e-01  8.94378163e-02  1.42455937e-01  8.11962389e-02
1.07222235e+01  4.94331742e-01  2.94574863e+00  9.85686660e-01  2.28194653e-01  5.08173848e-01
8.17628727e-01  3.50503933e-01  9.63630901e-01  7.68377497e-02  3.11313383e-01  1.22233008e-01
9.93559085e+00  5.13039797e-01  5.60469664e+00  9.47238572e-01  4.29455752e-01  7.07315720e-01
8.83123171e-01  4.38243969e-01  6.84250101e-01  7.57034469e-02  2.62829074e-01  1.40922293e-01
1.03643848e+01  6.38974328e-01  4.06690344e+00  9.30070426e-01  4.07600626e-01  8.22544398e-01
7.64488178e-01  7.79078535e-01  8.65824146e-01  7.64770495e-02  1.86116992e-01  1.54024338e-01
1.00147888e+01  1.07169296e+00  4.97306061e+00  9.23461311e-01  2.55585416e-01  9.00714589e-01
9.25871056e-01  4.39438777e-01  5.38317215e-01  8.11241814e-02  3.64251247e-01  8.22835253e-02
1.05956071e+01  7.03570566e-01  3.23983665e+00  9.71443549e-01  8.32460457e-01  4.57231763e-01
7.90656953e-01  4.96574830e-01  9.60383084e-01  7.58754765e-02  3.41121480e-01  1.21385036e-01
9.90464553e+00  7.26660744e-01  5.57108370e+00  9.45981036e-01  5.04989794e-01  6.97595076e-01
8.70097911e-01  2.75338961e-01  8.34249161e-01  8.94199447e-02  1.91663043e-01  6.97255897e-02
1.01676671e+01  3.37226248e-01  4.93078679e+00  9.92487964e-01  3.84817095e-01  4.27689865e-01
7.64573823e-01  8.14654616e-01  8.42434952e-01  7.62718640e-02  1.86560596e-01  1.55235694e-01
1.00566202e+01  1.08711998e+00  4.82100004e+00  9.22383181e-01  2.57341038e-01  9.07214386e-01
8.45837911e-01  6.96101389e-01  6.43448274e-01  7.81410517e-02  1.31118815e-01  1.56303731e-01
1.03873050e+01  1.08737805e+00  3.69796025e+00  9.23946321e-01  1.75554115e-01  9.16447968e-01
8.20257961e-01  5.09620405e-01  8.51387588e-01  7.30648832e-02  2.26486645e-01  1.66400270e-01
1.00924579e+01  6.79360709e-01  4.96404267e+00  9.10628637e-01  3.28822569e-01  9.65756559e-01
8.36403723e-01  2.77331394e-01  9.47381857e-01  7.82601927e-02  3.87281118e-01  9.52254117e-02
9.99486445e+00  3.28515615e-01  5.52322371e+00  9.63034213e-01  7.52077494e-01  5.30076588e-01
7.87423832e-01  9.11734501e-01  7.01808539e-01  7.18510976e-02  3.67135680e-01  1.41065903e-01
1.02587658e+01  1.40530283e+00  3.92801858e+00  9.26076699e-01  5.66765899e-01  8.10677608e-01
8.23130214e-01  6.47109073e-01  7.52365797e-01  7.45824709e-02  2.85139995e-01  1.42857535e-01
1.02014771e+01  1.02987096e+00  4.36628952e+00  9.30117018e-01  3.76544016e-01  8.29557806e-01
7.81211567e-01  7.72431237e-01  8.13348418e-01  8.49334117e-02  1.41615548e-01  1.10276503e-01
1.00920776e+01  1.13577268e+00  4.66901267e+00  9.61574135e-01  1.94958087e-01  6.70607014e-01
8.35650602e-01  5.91724261e-01  7.45808471e-01  7.90140041e-02  3.38961017e-01  1.01768540e-01
1.02365336e+01  8.75914206e-01  4.34720526e+00  9.58303700e-01  6.52919615e-01  5.83753890e-01
8.49792652e-01  4.70595079e-01  7.76428679e-01  8.59398338e-02  2.63495148e-01  7.51277238e-02
1.02039769e+01  7.08513178e-01  4.56643771e+00  9.82391301e-01  5.99118534e-01  4.41973707e-01
9.46224293e-01  3.35514513e-01  5.36675813e-01  8.58006291e-02  1.74345322e-01  9.70097954e-02
1.06061434e+01  5.56264739e-01  3.29969435e+00  9.70842782e-01  2.79613356e-01  5.91245498e-01
9.19058153e-01  2.30845432e-01  6.96876878e-01  8.61250636e-02  1.38497494e-01  1.03369546e-01
1.03767135e+01  3.31260564e-01  4.22481763e+00  9.65595250e-01  2.38149224e-01  6.34654753e-01
8.19713060e-01  4.88406697e-01  8.67011820e-01  7.21325377e-02  2.82089147e-01  1.59286447e-01
1.00730236e+01  6.40631846e-01  5.05517926e+00  9.14116187e-01  4.13913268e-01  9.23358939e-01
9.34615023e-01  5.89353715e-01  4.11298407e-01  9.08224391e-02  1.75990908e-01  6.44227769e-02
1.07430590e+01  1.27672927e+00  2.36705739e+00  9.99647387e-01  3.16066425e-01  3.97971145e-01
9.40915469e-01  4.51270955e-01  4.79550891e-01  8.08057080e-02  2.03144594e-01  1.22257405e-01
1.06841569e+01  7.82426986e-01  2.88796812e+00  9.48887171e-01  3.03123118e-01  7.26489112e-01
9.32805434e-01  4.66167484e-01  4.97417809e-01  7.02106046e-02  3.06996640e-01  1.65746639e-01
1.06380093e+01  8.67171737e-01  2.98964575e+00  9.08087022e-01  4.30511986e-01  9.58111024e-01
8.21571814e-01  3.01740647e-01  9.81903366e-01  8.18230209e-02  3.47530823e-01  8.17392958e-02
9.92132150e+00  4.32575568e-01  5.70539309e+00  9.76786713e-01  6.95517261e-01  4.55213664e-01
9.29222608e-01  3.94258733e-01  5.56268393e-01  7.61322751e-02  2.31162714e-01  1.45628555e-01
1.05554419e+01  6.99859584e-01  3.37862866e+00  9.27625841e-01  3.49869589e-01  8.51811955e-01
7.53976033e-01  6.74839707e-01  9.69204804e-01  7.85831178e-02  4.24638249e-01  8.43593123e-02
9.85448894e+00  9.48416928e-01  5.59742474e+00  9.69787537e-01  9.11315196e-01  4.49284512e-01
7.58738549e-01  6.48748152e-01  9.69973274e-01  8.42402609e-02  2.61546611e-01  8.64840952e-02
9.87610854e+00  8.29574595e-01  5.60116963e+00  9.74155435e-01  5.30526698e-01  5.10930160e-01
8.82801250e-01  5.49389833e-01  6.13183289e-01  8.33946172e-02  2.61369375e-01  9.19481302e-02
1.04707924e+01  7.99200167e-01  3.60156610e+00  9.70910699e-01  4.84264911e-01  5.42626890e-01
8.32654525e-01  4.28939515e-01  8.61673416e-01  7.13491707e-02  3.37292535e-01  1.51311454e-01
1.00707474e+01  6.66568728e-01  5.04606926e+00  9.18357101e-01  5.09332905e-01  8.73698993e-01
8.20941046e-01  7.16953042e-01  7.14452826e-01  7.72626466e-02  1.22053539e-01  1.64071633e-01
1.02359082e+01  1.23106649e+00  4.11875287e+00  9.18976803e-01  1.38313744e-01  9.57081794e-01
