8.02050841e-01  8.29986975e-01  6.71528529e-01  9.48040731e-01  6.49137685e-01  6.54262419e-01
8.27722758e-01  3.22088285e-01  9.26880878e-01  9.21206540e-01  1.84420577e-01  9.38018696e-01
8.97207500e-01  6.99284024e-01  4.34637031e-01  9.78997770e-01  8.07260396e-01  4.17898507e-01
7.52421232e-01  6.57237240e-01  9.57679807e-01  9.09576399e-01  4.08102748e-01  9.58611580e-01
8.58072462e-01  7.59051613e-01  5.28003172e-01  9.65488064e-01  7.78134717e-01  5.11511935e-01
9.25638963e-01  4.09607703e-01  5.32984961e-01  9.76115117e-01  3.00096797e-01  5.57656785e-01
9.61016284e-01  2.43869348e-01  5.23967046e-01  9.78279334e-01  1.95113045e-01  5.68878890e-01
8.52969011e-01  7.76615610e-01  5.33586546e-01  9.69799809e-01  6.65785764e-01  5.10721085e-01
8.35889257e-01  8.16280948e-01  5.65467660e-01  9.60031030e-01  7.91270456e-01  5.43888493e-01
7.52543696e-01  6.62103151e-01  9.53976809e-01  9.08997424e-01  4.37694368e-01  9.55249111e-01
7.82835036e-01  5.46781903e-01  9.28307274e-01  9.13395108e-01  4.07756073e-01  9.34200582e-01
7.81119207e-01  5.20442425e-01  9.51946867e-01  9.10827338e-01  3.78817588e-01  9.57590691e-01
8.93331792e-01  2.99013193e-01  7.17991484e-01  9.48909975e-01  2.35228019e-01  7.47660354e-01
8.24792025e-01  4.13688194e-01  8.74775916e-01  9.26822142e-01  2.47235735e-01  8.86461880e-01
9.40870100e-01  5.14873070e-01  4.09915790e-01  9.91780421e-01  4.77049776e-01  4.14869993e-01
8.15848114e-01  7.10139160e-01  7.05269449e-01  9.46640123e-01  4.92989479e-01  7.00583574e-01
8.04696171e-01  4.45949415e-01  9.21665894e-01  9.19606074e-01  2.60859713e-01  9.29488993e-01
8.98091492e-01  4.31760824e-01  6.12445233e-01  9.61065097e-01  3.76802627e-01  6.36361567e-01
8.35308323e-01  2.36772794e-01  9.58244592e-01  9.17038345e-01  1.63478231e-01  9.69245381e-01
8.16776457e-01  3.83957448e-01  9.22526183e-01  9.20140375e-01  2.36394138e-01  9.32429065e-01
7.96111754e-01  4.17656751e-01  9.70091734e-01  9.11017235e-01  2.93217879e-01  9.76841844e-01
8.10647548e-01  3.43980906e-01  9.70448649e-01  9.13711371e-01  2.17986710e-01  9.78067684e-01
9.64131877e-01  2.95165794e-01  4.78707698e-01  9.84346419e-01  2.43912921e-01  5.18296554e-01
7.65705457e-01  6.02041453e-01  9.49540807e-01  9.09192639e-01  4.40793320e-01  9.53255941e-01
8.79145890e-01  2.46837412e-01  8.01670087e-01  9.39871639e-01  1.47079570e-01  8.26710712e-01
8.52001066e-01  4.81187332e-01  7.36556420e-01  9.42156123e-01  3.96836075e-01  7.52852843e-01
7.96858146e-01  3.89397962e-01  9.86614108e-01  9.09052261e-01  2.78777819e-01  9.92898661e-01
8.72351041e-01  2.26451127e-01  8.38941237e-01  9.34065927e-01  1.57606713e-01  8.61948622e-01
7.47698751e-01  6.66409703e-01  9.67922728e-01  9.07334755e-01  4.27700413e-01  9.68820455e-01
7.97554011e-01  7.18070830e-01  7.62418002e-01  9.33884341e-01  5.82392308e-01  7.61021242e-01
8.60338688e-01  7.07040315e-01  5.55360297e-01  9.68416873e-01  5.65487521e-01  5.43573730e-01
8.60435320e-01  7.13941656e-01  5.50670025e-01  9.63574662e-01  7.04642805e-01  5.41873950e-01
9.26729605e-01  3.51229046e-01  5.68653600e-01  9.69218921e-01  3.02278582e-01  6.01366638e-01
8.60656832e-01  2.57978203e-01  8.57321736e-01  9.30703429e-01  1.81203911e-01  8.77356610e-01
8.67010735e-01  4.55635657e-01  7.02519894e-01  9.49708324e-01  3.29173621e-01  7.20592369e-01
8.13635654e-01  4.63593859e-01  8.79212093e-01  9.22274625e-01  3.54125484e-01  8.90070384e-01
8.08251869e-01  7.02036649e-01  7.36986689e-01  9.37715735e-01  5.84264625e-01  7.36515756e-01
9.12949269e-01  2.65810014e-01  6.73375802e-01  9.55801823e-01  2.13552784e-01  7.08639023e-01
7.63729344e-01  5.77294180e-01  9.72995041e-01  9.05926719e-01  4.29378875e-01  9.76933755e-01
8.73256573e-01  7.38795130e-01  4.89798250e-01  9.69479057e-01  8.27927338e-01  4.74008247e-01
8.68735211e-01  5.70211448e-01  6.19009595e-01  9.56476532e-01  5.25676823e-01  6.29677287e-01
8.61725186e-01  8.23973067e-01  4.71714009e-01  9.74562964e-01  8.48535369e-01  4.36473237e-01
8.40526837e-01  3.19953369e-01  8.84273974e-01  9.25312601e-01  2.31912720e-01  8.99808405e-01
7.83864274e-01  5.47086651e-01  9.24586520e-01  9.17271415e-01  3.25284013e-01  9.29058408e-01
7.95232283e-01  4.75855162e-01  9.33818487e-01  9.16925928e-01  2.87571198e-01  9.40292531e-01
8.25497520e-01  6.51879193e-01  7.11915511e-01  9.43496666e-01  5.21107543e-01  7.14538941e-01
8.38151047e-01  7.36608519e-01  6.11207953e-01  9.54658416e-01  6.84924041e-01  6.03260033e-01
9.80777036e-01  2.46453391e-01  4.54714501e-01  9.87636786e-01  2.26867528e-01  5.01268359e-01
8.84490542e-01  7.16281573e-01  4.66611890e-01  9.73487000e-01  8.14439203e-01  4.51527113e-01
8.97472774e-01  6.38270181e-01  4.75201848e-01  9.76086139e-01  6.66237631e-01  4.70810264e-01
7.87788072e-01  5.36107430e-01  9.18588122e-01  9.15315551e-01  3.94643510e-01  9.25018070e-01
8.24882898e-01  3.38894031e-01  9.24943058e-01  9.19340255e-01  2.38355762e-01  9.36575296e-01
7.68525719e-01  7.03454803e-01  8.71462672e-01  9.21463348e-01  4.57607133e-01  8.70529070e-01
7.79677182e-01  7.68986067e-01  7.89136456e-01  9.32168290e-01  5.37236403e-01  7.82825688e-01
7.64439830e-01  5.79689832e-01  9.68951688e-01  9.09016853e-01  3.67817329e-01  9.71833958e-01
8.35075200e-01  2.23164830e-01  9.68226190e-01  9.17072515e-01  1.25932011e-01  9.78004513e-01
7.82414025e-01  5.85100934e-01  9.03885845e-01  9.19364306e-01  3.58669827e-01  9.07650885e-01
9.15199239e-01  6.28966291e-01  4.20623554e-01  9.88773317e-01  5.87514877e-01  4.07743536e-01
8.42977006e-01  8.82004554e-01  4.96603306e-01  9.68258325e-01  9.31638094e-01  4.57039292e-01
8.80621222e-01  2.64640648e-01  7.84614613e-01  9.41710118e-01  1.66278178e-01  8.10327781e-01
8.15770244e-01  4.41086350e-01  8.87110290e-01  9.24610838e-01  2.62557450e-01  8.96981690e-01
8.37650150e-01  2.36556239e-01  9.50389012e-01  9.18369832e-01  1.57787569e-01  9.62065731e-01
8.92109172e-01  6.20830493e-01  5.04996354e-01  9.71613405e-01  6.38040489e-01  5.05723224e-01
7.63035977e-01  5.66016445e-01  9.82976169e-01  9.05602272e-01  3.98094709e-01  9.86495728e-01
9.49236230e-01  2.81478109e-01  5.38832553e-01  9.75388482e-01  2.29168306e-01  5.79277413e-01
8.84011060e-01  7.33361289e-01  4.56724289e-01  9.74595982e-01  8.42334831e-01  4.37744110e-01
8.31645152e-01  7.18713360e-01  6.45512564e-01  9.55271055e-01  5.24679845e-01  6.37647485e-01
7.68323205e-01  6.50634805e-01  9.07800689e-01  9.14072946e-01  4.88098213e-01  9.10640983e-01
8.16805878e-01  9.36608312e-01  5.49166344e-01  9.64059533e-01  8.43148192e-01  5.05128726e-01
7.90257793e-01  8.07836513e-01  7.26768190e-01  9.40531818e-01  5.97161813e-01  7.14852631e-01
7.59084441e-01  6.16109697e-01  9.62670288e-01  9.09911094e-01  3.74492489e-01  9.64501889e-01
7.54344771e-01  7.60529659e-01  8.81396133e-01  9.19096220e-01  4.90908359e-01  8.77749002e-01
9.02139780e-01  2.29735070e-01  7.34651099e-01  9.48185817e-01  1.72156885e-01  7.67386664e-01
7.90490452e-01  8.99244233e-01  6.64286890e-01  9.48716761e-01  6.98050587e-01  6.38230529e-01
7.85589934e-01  5.88330273e-01  8.90853487e-01  9.17861605e-01  4.46122468e-01  8.96377397e-01
7.31751313e-01  7.41377835e-01  9.71517789e-01  9.05515458e-01  4.67261763e-01  9.70512806e-01
8.35534934e-01  2.07149926e-01  9.77761945e-01  9.15177361e-01  1.40416612e-01  9.87213630e-01
9.39082559e-01  2.32392986e-01  6.06644762e-01  9.66567078e-01  1.75511740e-01  6.48687349e-01
9.71174480e-01  3.34517773e-01  4.28092820e-01  9.89384722e-01  3.38638492e-01  4.63331462e-01
8.48018863e-01  2.50758627e-01  9.05375351e-01  9.24779408e-01  1.58214432e-01  9.20851449e-01
8.35369537e-01  3.26904675e-01  8.97501912e-01  9.23667657e-01  2.29006219e-01  9.11571149e-01
8.49250874e-01  2.72752493e-01  8.86322481e-01  9.27660592e-01  1.57505018e-01  9.02540730e-01
9.48020084e-01  3.59500260e-01  4.90336583e-01  9.79767014e-01  3.45256819e-01  5.23435574e-01
9.19144470e-01  4.43073558e-01  5.32588417e-01  9.71818939e-01  4.21553969e-01  5.56169858e-01
9.73971856e-01  3.30835796e-01  4.21021032e-01  9.93307410e-01  2.71906998e-01  4.54128265e-01
8.63791161e-01  2.21704613e-01  8.71093157e-01  9.29387914e-01  1.58444423e-01  8.91236825e-01
8.26802314e-01  3.27748834e-01  9.25906855e-01  9.19663739e-01  2.25113375e-01  9.37667004e-01
8.20999789e-01  3.31194294e-01  9.43408233e-01  9.17928482e-01  2.06143531e-01  9.53333442e-01
8.86292930e-01  6.24697350e-01  5.22257930e-01  9.74677646e-01  5.00070047e-01  5.19060143e-01
9.44906618e-01  4.94494497e-01  4.09877380e-01  9.88959535e-01  5.27330025e-01  4.20940090e-01
8.76099812e-01  7.28709431e-01  4.87188892e-01  9.72210185e-01  7.70095631e-01  4.70836284e-01
8.84020674e-01  5.18630802e-01  6.01895194e-01  9.64417425e-01  3.77436130e-01  6.14708477e-01
8.30496019e-01  2.46726002e-01  9.68268489e-01  9.16298821e-01  1.49943046e-01  9.77742294e-01
8.83127949e-01  7.12214487e-01  4.74310007e-01  9.79710564e-01  6.37619650e-01  4.54406660e-01
8.00341657e-01  5.46080847e-01  8.69262493e-01  9.22048900e-01  4.16689731e-01  8.77074431e-01
7.89738493e-01  4.59082672e-01  9.63909007e-01  9.10884174e-01  3.24474622e-01  9.70220988e-01
8.70506096e-01  6.04620883e-01  5.90037099e-01  9.61021675e-01  5.47854722e-01  5.95738830e-01
7.94568947e-01  6.34997340e-01  8.28680051e-01  9.25524978e-01  5.04774649e-01  8.33198598e-01
7.77249752e-01  4.78685519e-01  9.93352213e-01  9.08088521e-01  2.87135739e-01  9.97081687e-01
7.61583382e-01  5.93260692e-01  9.69551874e-01  9.07206824e-01  4.12571702e-01  9.72741912e-01
8.84628765e-01  6.77743408e-01  4.92145916e-01  9.70958838e-01  7.42030601e-01  4.85056146e-01
9.23928824e-01  5.73154683e-01  4.28462765e-01  9.83732711e-01  6.29908436e-01  4.29936343e-01
8.72283060e-01  7.43224786e-01  4.90135488e-01  9.75767228e-01  6.83641577e-01  4.68177385e-01
9.44335231e-01  5.02772861e-01  4.06243200e-01  9.91544439e-01  4.88394986e-01  4.13670770e-01
8.03871228e-01  4.06208625e-01  9.51304924e-01  9.13600772e-01  2.95954906e-01  9.59615989e-01
8.97334408e-01  4.56374247e-01  5.98422254e-01  9.64286756e-01  3.63228720e-01  6.18943802e-01
8.85106478e-01  6.68527561e-01  4.96733652e-01  9.77579779e-01  5.62944092e-01  4.85412247e-01
8.35270985e-01  2.13159088e-01  9.74310434e-01  9.16313015e-01  1.22509351e-01  9.83694568e-01
8.29448638e-01  2.93364972e-01  9.40070875e-01  9.18138767e-01  2.07589617e-01  9.51638845e-01
8.77826075e-01  3.71253392e-01  7.22215746e-01  9.46657128e-01  2.99462435e-01  7.46750456e-01
8.10603233e-01  5.30419677e-01  8.44771728e-01  9.26983913e-01  3.82583674e-01  8.53576253e-01
7.59288868e-01  6.67732775e-01  9.27130854e-01  9.13558242e-01  4.29323517e-01  9.27996852e-01
7.68079817e-01  5.93567161e-01  9.47147304e-01  9.09458214e-01  4.42017096e-01  9.51259858e-01
8.33386853e-01  7.88046021e-01  5.92772810e-01  9.56700833e-01  7.39376657e-01  5.77139735e-01
7.64271951e-01  7.58646114e-01  8.48748863e-01  9.23493507e-01  5.11100243e-01  8.44716002e-01
8.36594273e-01  5.35252036e-01  7.52709451e-01  9.40941332e-01  3.85056874e-01  7.63461148e-01
7.52380734e-01  7.36233776e-01  9.04800968e-01  9.14920661e-01  4.98483771e-01  9.03236957e-01
8.63055250e-01  2.42014647e-01  8.59901217e-01  9.31956875e-01  1.37811395e-01  8.79693015e-01
8.27593380e-01  3.26111752e-01  9.24606544e-01  9.19523222e-01  2.35167440e-01  9.36680941e-01
7.72486432e-01  5.15706057e-01  9.84641838e-01  9.08738161e-01  3.07496346e-01  9.88045952e-01
8.40635146e-01  3.45009502e-01  8.66993708e-01  9.27130250e-01  2.53488624e-01  8.82990445e-01
8.70255971e-01  2.16648228e-01  8.52417167e-01  9.31989379e-01  1.57926036e-01  8.74674662e-01
8.80929680e-01  7.48446179e-01  4.57072044e-01  9.78456345e-01  7.63322863e-01  4.31877074e-01
9.50747517e-01  4.09336839e-01  4.47388517e-01  9.85410126e-01  4.05436588e-01  4.72851646e-01
7.98013318e-01  8.60136894e-01  6.64975986e-01  9.47733048e-01  6.98453498e-01  6.44443667e-01
7.57042396e-01  5.99681288e-01  9.80733742e-01  9.03824467e-01  4.55156815e-01  9.84253871e-01
8.23889709e-01  2.69776120e-01  9.74986553e-01  9.14698605e-01  1.66585405e-01  9.83509972e-01
8.93155813e-01  2.31960109e-01  7.63843559e-01  9.44110163e-01  1.70940803e-01  7.93818843e-01
8.48491097e-01  7.62067911e-01  5.58999490e-01  9.63404543e-01  7.04542151e-01  5.42989126e-01
7.62548345e-01  5.93039082e-01  9.66403852e-01  9.06636594e-01  4.38847008e-01  9.70116370e-01
9.95623830e-01  2.76815837e-01  3.83504963e-01  9.97618606e-01  2.78996416e-01  4.24781785e-01
8.48565648e-01  5.88434124e-01  6.75620478e-01  9.48090842e-01  5.20289027e-01  6.84750950e-01
8.00546450e-01  3.75438818e-01  9.83731509e-01  9.11334735e-01  2.32794404e-01  9.89771043e-01
9.41135006e-01  4.80970599e-01  4.31888357e-01  9.85945041e-01  5.00430010e-01  4.46706673e-01
7.67277245e-01  5.55673370e-01  9.75465964e-01  9.08912044e-01  3.42566041e-01  9.78544498e-01
8.61098493e-01  5.64162130e-01  6.49480317e-01  9.53251827e-01  4.86433870e-01  6.60260770e-01
8.66053010e-01  7.59428067e-01  5.00484524e-01  9.67081626e-01  8.54072279e-01  4.83133418e-01
8.61738290e-01  2.85287513e-01  8.35493955e-01  9.32876734e-01  2.12267330e-01  8.56505632e-01
9.10505427e-01  3.44539636e-01  6.28595730e-01  9.60599042e-01  2.88456777e-01  6.59958970e-01
7.64449781e-01  7.79920971e-01  8.34080927e-01  9.24511717e-01  5.52368256e-01  8.28833841e-01
8.12472283e-01  8.27161428e-01  6.37830167e-01  9.51353515e-01  7.05361091e-01  6.19570549e-01
9.50529720e-01  4.68483558e-01  4.08219927e-01  9.93227544e-01  4.17050514e-01  4.19934924e-01
8.24381320e-01  4.18488633e-01  8.72938269e-01  9.24553185e-01  3.11193585e-01  8.85721442e-01
8.98973483e-01  2.10227558e-01  7.58633434e-01  9.45059189e-01  1.59587982e-01  7.90446448e-01
9.18059736e-01  5.96173726e-01  4.32980018e-01  9.86319821e-01  5.68720971e-01  4.27973686e-01
9.25665053e-01  3.61401349e-01  5.65426358e-01  9.71416110e-01  2.66645976e-01  5.95794351e-01
8.76623170e-01  4.45778972e-01  6.76033437e-01  9.55029695e-01  2.91800136e-01  6.94881058e-01
9.67876927e-01  3.44436001e-01  4.32665355e-01  9.89686015e-01  3.20624472e-01  4.65706389e-01
9.58140214e-01  3.12298662e-01  4.87615395e-01  9.81232197e-01  2.94078722e-01  5.26275458e-01
8.30913832e-01  2.60183260e-01  9.57459834e-01  9.16799460e-01  1.75048161e-01  9.68010955e-01
8.61375579e-01  7.01177020e-01  5.55773607e-01  9.62037166e-01  7.10779063e-01  5.49751203e-01
8.26408882e-01  4.74736857e-01  8.28348537e-01  9.31479426e-01  3.18481280e-01  8.40069935e-01
9.90740589e-01  2.34698295e-01  4.28608630e-01  9.91302026e-01  2.30079117e-01  4.76992093e-01
8.90743231e-01  4.11772628e-01  6.51038871e-01  9.57018338e-01  3.23620684e-01  6.75033944e-01
8.03436082e-01  3.83885606e-01  9.67858792e-01  9.13176339e-01  2.43299319e-01  9.74929739e-01
7.62452988e-01  6.24783527e-01  9.45304765e-01  9.08601382e-01  4.75313305e-01  9.48793752e-01
8.03452127e-01  5.23290953e-01  8.74015857e-01  9.22702097e-01  3.77655360e-01  8.82218774e-01
8.25204909e-01  8.79887697e-01  5.58748340e-01  9.61605608e-01  8.21220315e-01  5.26111114e-01
9.47235243e-01  4.19119942e-01  4.52786046e-01  9.87946049e-01  3.31850481e-01  4.74181978e-01
9.85270085e-01  2.58911019e-01  4.30958460e-01  9.90948414e-01  2.44351451e-01  4.75847408e-01
8.60968258e-01  4.25866190e-01  7.43253969e-01  9.44392122e-01  2.98959016e-01  7.61915405e-01
8.26915827e-01  2.72792863e-01  9.62610415e-01  9.16503465e-01  1.65700308e-01  9.72144847e-01
8.95423879e-01  5.95086032e-01  5.11343488e-01  9.75891553e-01  4.98370123e-01  5.12197580e-01
7.55163393e-01  5.88595955e-01  9.94637081e-01  9.04894395e-01  3.73734072e-01  9.96861513e-01
8.67770995e-01  2.77371982e-01  8.19926397e-01  9.35254893e-01  2.04417688e-01  8.42612104e-01
7.98715479e-01  8.83812771e-01  6.46599806e-01  9.51139786e-01  7.05105408e-01  6.21002515e-01
9.05719144e-01  6.01448844e-01  4.71877221e-01  9.77092796e-01  6.31183876e-01  4.72735510e-01
9.49660023e-01  3.87015115e-01  4.66166758e-01  9.83824203e-01  3.57042397e-01  4.94595203e-01
9.86563721e-01  2.95193792e-01  4.02055246e-01  9.96371310e-01  2.49641205e-01  4.39800923e-01
8.72991508e-01  4.26382854e-01  7.01827728e-01  9.50448788e-01  3.02797449e-01  7.22150070e-01
7.55186384e-01  5.85467219e-01  9.96670127e-01  9.04521520e-01  3.74951625e-01  9.98962077e-01
9.04449828e-01  2.98996742e-01  6.80018765e-01  9.56350406e-01  1.88928169e-01  7.11008602e-01
9.10245852e-01  2.64095165e-01  6.83769206e-01  9.54646294e-01  2.04356937e-01  7.18249465e-01
8.70641903e-01  3.81506563e-01  7.39842224e-01  9.46584210e-01  2.41108124e-01  7.61171781e-01
9.41289540e-01  2.82759264e-01  5.65116821e-01  9.72580182e-01  2.01924862e-01  6.03803909e-01
7.94171432e-01  4.42290633e-01  9.60095523e-01  9.11825116e-01  3.12873478e-01  9.66959728e-01
7.72504528e-01  6.73694648e-01  8.78249554e-01  9.18564888e-01  4.97978376e-01  8.79983270e-01
9.77976812e-01  3.05929993e-01  4.24145441e-01  9.90382688e-01  3.12164572e-01  4.63260907e-01
9.96505708e-01  2.48764478e-01  3.99421474e-01  9.95613353e-01  2.46927375e-01  4.45311256e-01
7.54054868e-01  6.50860005e-01  9.56699079e-01  9.08156491e-01  4.48595404e-01  9.58553128e-01
7.48265406e-01  6.60417453e-01  9.69732394e-01  9.06141263e-01  4.47482798e-01  9.71228459e-01
9.05478283e-01  3.53812349e-01  6.39811587e-01  9.61391974e-01  2.34728604e-01  6.68237246e-01
8.70204905e-01  7.69185591e-01  4.79715728e-01  9.70298813e-01  8.72296569e-01  4.58141232e-01
9.08486183e-01  5.28097592e-01  5.11624858e-01  9.72533997e-01  5.33269835e-01  5.24870742e-01
7.60346376e-01  7.29513393e-01  8.81822525e-01  9.19227827e-01  4.78572075e-01  8.79854756e-01
7.70237581e-01  5.19930418e-01  9.89473686e-01  9.05450563e-01  3.72139046e-01  9.93675553e-01
8.14486969e-01  3.75906469e-01  9.35484052e-01  9.16924949e-01  2.66201372e-01  9.45408906e-01
8.46967134e-01  7.98709013e-01  5.39181886e-01  9.67466090e-01  7.11883427e-01  5.14666683e-01
9.27402968e-01  5.54002489e-01  4.29518190e-01  9.83847085e-01  6.09283397e-01  4.34134455e-01
8.27335611e-01  4.17171734e-01  8.64030933e-01  9.25826927e-01  3.13888832e-01  8.77423824e-01
8.27609334e-01  7.42827168e-01  6.43324598e-01  9.50610857e-01  6.59111711e-01  6.35909683e-01
8.56011925e-01  2.19441606e-01  8.99200339e-01  9.25627623e-01  1.53508462e-01  9.16536184e-01
7.95529354e-01  4.06574843e-01  9.79562065e-01  9.11634039e-01  2.41720974e-01  9.85199824e-01
8.79309753e-01  4.65644987e-01  6.53447443e-01  9.54115657e-01  4.05495441e-01  6.73557161e-01
9.28197930e-01  2.28577692e-01  6.46703445e-01  9.60717710e-01  1.76216843e-01  6.86553145e-01
8.23775781e-01  2.77980859e-01  9.69838505e-01  9.16007638e-01  1.53000364e-01  9.78362089e-01
8.29501160e-01  8.88750582e-01  5.38089927e-01  9.66162280e-01  8.07998602e-01  5.00046730e-01
8.63804317e-01  6.34957173e-01  5.92164219e-01  9.64402184e-01  4.73301961e-01  5.91366422e-01
7.75284894e-01  5.43557109e-01  9.56282380e-01  9.11848398e-01  3.40265669e-01  9.60260168e-01
9.62803289e-01  3.69166875e-01  4.33309767e-01  9.89922785e-01  3.28482729e-01  4.62308766e-01
8.94430572e-01  7.02405675e-01  4.42017442e-01  9.79622215e-01  7.64592426e-01  4.24095826e-01
7.71369653e-01  6.05458316e-01  9.27880894e-01  9.11406370e-01  4.68950013e-01  9.32323667e-01
8.19226249e-01  2.81651909e-01  9.82905681e-01  9.12623463e-01  1.91648838e-01  9.90827072e-01
8.12849642e-01  3.52024344e-01  9.57197183e-01  9.14458298e-01  2.45978760e-01  9.66066261e-01
8.41753056e-01  1.82098709e-01  9.73124967e-01  9.16289154e-01  1.24009463e-01  9.83488912e-01
8.68570997e-01  7.56658121e-01  4.93751696e-01  9.71032819e-01  7.88083027e-01  4.73569915e-01
7.37113091e-01  6.94765051e-01  9.84656892e-01  9.04300723e-01  4.39520185e-01  9.84938167e-01
8.36403252e-01  2.69570874e-01  9.32367421e-01  9.20726383e-01  1.66952463e-01  9.44758776e-01
9.32395604e-01  4.26142782e-01  4.98743747e-01  9.80408137e-01  3.37092324e-01  5.21275714e-01
9.48912355e-01  3.16996873e-01  5.15970289e-01  9.77487191e-01  2.80899855e-01  5.53446738e-01
7.61249224e-01  6.01715384e-01  9.64987129e-01  9.07015235e-01  4.35979773e-01  9.68373313e-01
7.91492406e-01  4.40708833e-01  9.70317864e-01  9.12134372e-01  2.67187606e-01  9.75900803e-01
8.45617044e-01  8.71937196e-01  4.94377934e-01  9.71514341e-01  8.58336814e-01  4.53682952e-01
8.27362512e-01  2.55060014e-01  9.73052797e-01  9.15683778e-01  1.47175377e-01  9.81832317e-01
8.79760006e-01  6.88801685e-01  5.01615127e-01  9.72732411e-01  6.71717411e-01  4.91010276e-01
7.58915270e-01  5.74797749e-01  9.91129690e-01  9.04792037e-01  3.88263728e-01  9.94043622e-01
8.62476947e-01  3.77522773e-01  7.70723684e-01  9.39954660e-01  2.92884944e-01  7.91829883e-01
7.94393471e-01  4.77916417e-01  9.35293649e-01  9.17142929e-01  2.77001417e-01  9.41428151e-01
8.77614393e-01  7.38081360e-01  4.75392693e-01  9.77850854e-01  6.92955500e-01  4.52586265e-01
9.48851677e-01  4.33234795e-01  4.37738902e-01  9.89605198e-01  3.60613997e-01  4.56662725e-01
8.78789870e-01  2.44730663e-01  8.04308078e-01  9.39178952e-01  1.54394152e-01  8.29404583e-01
8.13855904e-01  3.32715598e-01  9.66790951e-01  9.13588947e-01  2.30770841e-01  9.75279089e-01
8.77903824e-01  6.56242629e-01  5.29630661e-01  9.72880327e-01  5.32491507e-01  5.22835504e-01
9.46845294e-01  2.58360916e-01  5.62600688e-01  9.72227124e-01  2.07857723e-01  6.04649764e-01
9.28015703e-01  4.99058018e-01  4.64800413e-01  9.84214498e-01  4.25603571e-01  4.76214828e-01
8.13381717e-01  3.10052640e-01  9.83708015e-01  9.13245024e-01  1.76059403e-01  9.90568083e-01
8.05782363e-01  4.74307660e-01  8.98814195e-01  9.19360014e-01  3.56345138e-01  9.08234337e-01
8.51696773e-01  2.62958381e-01  8.84873152e-01  9.27707969e-01  1.61767326e-01  9.01734446e-01
8.85543634e-01  1.94787610e-01  8.14937549e-01  9.37647955e-01  1.43062418e-01  8.41934204e-01
8.14590924e-01  3.41207446e-01  9.58548357e-01  9.15273008e-01  2.19355555e-01  9.67206853e-01
7.59151389e-01  7.17406647e-01  8.94075479e-01  9.16336577e-01  4.99311366e-01  8.93440365e-01
8.60689746e-01  7.05266821e-01  5.55356728e-01  9.61690050e-01  7.23082279e-01  5.49035699e-01
8.06290254e-01  3.74632657e-01  9.64351714e-01  9.14479059e-01  2.22343140e-01  9.71584991e-01
9.01717127e-01  3.21495193e-01  6.74171426e-01  9.54488632e-01  2.63344363e-01  7.05155735e-01
9.35711734e-01  3.75049153e-01  5.21893623e-01  9.77836636e-01  2.81990872e-01  5.50944548e-01
7.58759243e-01  7.72114014e-01  8.58494714e-01  9.21476290e-01  5.25894933e-01  8.54116877e-01
7.71826501e-01  8.37176569e-01  7.69939839e-01  9.33664267e-01  6.02150735e-01  7.57708139e-01
8.56740279e-01  7.00498473e-01  5.72067442e-01  9.59500339e-01  7.05448502e-01  5.67296740e-01
8.39313623e-01  2.74678360e-01  9.18976073e-01  9.22615905e-01  1.67976327e-01  9.32394207e-01
9.34850292e-01  3.60992258e-01  5.34322437e-01  9.76152923e-01  2.68282594e-01  5.65021546e-01
7.70104397e-01  5.26248726e-01  9.85664612e-01  9.06503877e-01  3.60799535e-01  9.89630926e-01
9.37265399e-01  3.68971609e-01  5.20686936e-01  9.77604328e-01  2.88674449e-01  5.50836405e-01
8.12392923e-01  7.06120642e-01  7.20082517e-01  9.40049397e-01  5.95072642e-01  7.18963270e-01
7.66566375e-01  6.51518365e-01  9.13207016e-01  9.13203286e-01  4.89028472e-01  9.15996671e-01
8.36726316e-01  2.52789255e-01  9.42589515e-01  9.18996321e-01  1.71715071e-01  9.54716867e-01
7.48897155e-01  7.42741184e-01  9.12013897e-01  9.13930754e-01  4.93782255e-01  9.10193799e-01
8.38309719e-01  9.03242358e-01  4.98514613e-01  9.67970323e-01  9.48060440e-01  4.55476507e-01
8.76141563e-01  5.95564634e-01  5.76597409e-01  9.61682380e-01  5.77272105e-01  5.83950203e-01
1.00056271e+00  2.68907740e-01  3.71968930e-01  1.00017424e+00  2.58612844e-01  4.13264328e-01
9.39075170e-01  2.55505765e-01  5.91073097e-01  9.68994487e-01  1.82377340e-01  6.31476419e-01
