9.93907844e-01  5.10671471e-01  3.88977081e-01
5.76393214e-01  6.98310643e-01  3.76102578e-01
3.92963302e-01  4.69710167e-01  8.84607399e-01
5.42501332e-01  9.98837444e-01  3.93969646e-01
6.58089110e-01  3.52852442e-01  5.06443254e-01
2.86157508e-01  3.12536289e-01  6.87786267e-01
4.71246334e-01  2.94950743e-01  4.67573614e-01
3.38450419e-01  7.46800481e-01  4.95241631e-01
7.30516126e-01  5.20755236e-01  4.16776982e-01
3.36386688e-01  3.80913361e-01  3.49166676e-01
6.95952860e-01  3.88829869e-01  5.90820348e-01
2.56607260e-01  4.77412538e-01  6.60769469e-01
2.53676331e-01  9.49790093e-01  3.45916123e-01
6.62090836e-01  3.36692616e-01  2.64725136e-01
2.86945376e-01  6.96673104e-01  2.79886152e-01
6.19798578e-01  2.90817713e-01  3.64992934e-01
8.65273899e-01  9.22085520e-01  3.76671823e-01
7.07017721e-01  8.41521638e-01  2.99923094e-01
3.72124853e-01  5.03701699e-01  5.77641223e-01
7.69011532e-01  3.71313312e-01  9.80761532e-01
7.62936204e-01  9.12074493e-01  3.57461909e-01
3.82020205e-01  4.89116955e-01  3.98812853e-01
4.03182585e-01  4.23782398e-01  3.90711857e-01
5.38901605e-01  4.87313945e-01  6.31134989e-01
3.25632416e-01  9.96007852e-01  9.37594040e-01
4.25929325e-01  6.69876604e-01  9.83691626e-01
7.44954512e-01  4.59851732e-01  7.82593127e-01
2.55482676e-01  3.31347227e-01  2.82085112e-01
7.37868242e-01  8.63604489e-01  3.41224402e-01
5.50227103e-01  9.71413375e-01  7.99918707e-01
2.52963519e-01  9.40829331e-01  4.94365725e-01
9.69707700e-01  7.34463573e-01  4.07317839e-01
6.33818023e-01  2.78875231e-01  8.06354918e-01
7.77818879e-01  3.49310367e-01  3.87572421e-01
3.90003238e-01  3.23198683e-01  3.50345463e-01
3.28200011e-01  6.12744638e-01  9.57278848e-01
6.78867699e-01  4.12847428e-01  7.46333131e-01
9.97285357e-01  5.90575426e-01  3.04091605e-01
9.27655374e-01  3.74066621e-01  5.80054343e-01
3.52691220e-01  8.66807394e-01  4.75882670e-01
8.73590325e-01  9.29818546e-01  6.36839552e-01
7.51394571e-01  2.81097886e-01  8.02164658e-01
3.64060320e-01  3.07602351e-01  4.48387861e-01
3.05340023e-01  2.73447394e-01  9.89137117e-01
7.63728879e-01  5.03495747e-01  2.66616631e-01
8.04583328e-01  9.19973025e-01  4.41732407e-01
4.56686152e-01  5.59463833e-01  2.87761170e-01
2.85348443e-01  5.38503714e-01  3.86636084e-01
3.52731949e-01  5.62432230e-01  4.04915946e-01
3.42399735e-01  3.80897360e-01  2.99400439e-01
6.94710322e-01  5.43565455e-01  6.67947210e-01
5.44068342e-01  3.26112051e-01  8.10094248e-01
3.92520961e-01  2.97998259e-01  5.72177483e-01
3.29577146e-01  7.15613884e-01  4.96060067e-01
3.73265584e-01  3.02812358e-01  2.95256391e-01
3.40376682e-01  9.77557627e-01  5.88905707e-01
7.18066284e-01  4.00865683e-01  9.67248441e-01
5.43026545e-01  7.03746428e-01  4.92620575e-01
3.80933457e-01  9.21815034e-01  3.13511590e-01
3.77113195e-01  4.81366071e-01  3.65790896e-01
5.84982446e-01  2.81417213e-01  3.36491287e-01
5.81050555e-01  3.80495183e-01  3.17793467e-01
6.68300563e-01  9.63558004e-01  4.97978859e-01
5.55872887e-01  4.38902457e-01  2.55239380e-01
9.23329354e-01  5.29136095e-01  3.59939369e-01
5.32455266e-01  3.90981250e-01  4.65067974e-01
7.25388746e-01  3.66285849e-01  7.02560094e-01
6.23120111e-01  8.77106675e-01  3.32720940e-01
5.78302430e-01  3.06033482e-01  3.43123952e-01
3.97695981e-01  8.29104738e-01  8.21730564e-01
5.59005915e-01  3.83137890e-01  9.83563325e-01
9.87077925e-01  7.31672053e-01  2.75736993e-01
5.91828779e-01  5.10653088e-01  3.72795492e-01
4.79421791e-01  5.00116363e-01  3.38622964e-01
2.68214412e-01  8.36429300e-01  3.29864101e-01
4.73807811e-01  4.12964082e-01  8.79549141e-01
2.78791752e-01  2.61187909e-01  5.34029007e-01
8.60058187e-01  3.50581191e-01  7.03043537e-01
5.14323275e-01  5.43691469e-01  2.71822189e-01
7.29931743e-01  2.91261204e-01  5.98492687e-01
2.83782535e-01  4.03283428e-01  3.80623758e-01
8.28743413e-01  3.91947638e-01  8.78580456e-01
4.05526946e-01  4.70085805e-01  2.58902282e-01
2.82686632e-01  5.51966053e-01  6.74490811e-01
6.65264903e-01  5.14456953e-01  6.56903637e-01
2.94882625e-01  3.09891567e-01  6.18269314e-01
5.49156436e-01  4.51170134e-01  2.64895772e-01
2.91194238e-01  3.01329879e-01  5.92625101e-01
2.77588673e-01  8.87868826e-01  3.64809141e-01
2.59739385e-01  8.57721098e-01  2.98013947e-01
3.05337396e-01  9.98989223e-01  8.15068541e-01
3.69255522e-01  8.45278284e-01  8.31729115e-01
5.91668716e-01  4.46894483e-01  4.99181837e-01
5.67163694e-01  7.06432991e-01  4.49010774e-01
5.48828681e-01  5.00336845e-01  6.90310891e-01
2.80462464e-01  3.04166427e-01  8.81608035e-01
4.93418934e-01  2.58387341e-01  6.22307448e-01
6.36518540e-01  4.07405344e-01  9.59894485e-01
9.63523215e-01  7.50527137e-01  4.18678368e-01
7.94656141e-01  4.05237136e-01  4.17959371e-01
9.28658524e-01  5.77523975e-01  5.75021612e-01
6.18674810e-01  8.40860603e-01  4.85747874e-01
2.79340665e-01  5.58811204e-01  7.11104926e-01
3.39245480e-01  3.19551438e-01  9.18064831e-01
6.33815949e-01  2.73964883e-01  3.98374603e-01
2.73432481e-01  4.90259415e-01  3.01650384e-01
3.41777208e-01  9.15561795e-01  5.00654937e-01
7.78805653e-01  5.42124404e-01  6.20254112e-01
4.49164497e-01  3.00360964e-01  2.82376759e-01
8.36965561e-01  3.39552912e-01  9.34234166e-01
6.43257387e-01  4.52790357e-01  5.46686473e-01
6.54854449e-01  3.12364870e-01  6.79242411e-01
3.90994902e-01  8.11397457e-01  4.94991974e-01
2.66199701e-01  5.68805968e-01  5.16558082e-01
2.84601724e-01  4.16955507e-01  7.58373152e-01
4.00163412e-01  8.95446682e-01  7.73786960e-01
7.23039255e-01  5.85851263e-01  5.76041212e-01
3.33819341e-01  6.51031781e-01  2.51562022e-01
8.65250109e-01  3.88719333e-01  9.43518098e-01
6.72225986e-01  8.59285439e-01  3.74745181e-01
2.53460107e-01  3.87126682e-01  6.60317088e-01
9.29547157e-01  7.62970835e-01  3.47143468e-01
3.41075750e-01  5.88727385e-01  2.70516346e-01
3.25601044e-01  7.20735670e-01  2.52260779e-01
3.28656513e-01  8.07129788e-01  3.72291307e-01
3.11894446e-01  8.19473501e-01  2.83241363e-01
4.54477920e-01  9.85075257e-01  5.26652704e-01
3.87911652e-01  3.54035376e-01  5.13385184e-01
4.25474590e-01  2.90691283e-01  3.84222025e-01
6.28406178e-01  8.05025426e-01  5.18203578e-01
5.48272330e-01  5.78049318e-01  7.00567751e-01
3.31971310e-01  2.97326085e-01  3.11033919e-01
2.52357666e-01  7.15755084e-01  4.03463018e-01
2.78832253e-01  5.20664229e-01  3.00141704e-01
4.70376288e-01  6.97108668e-01  4.14811895e-01
8.48939635e-01  6.93747704e-01  4.24946997e-01
4.63744460e-01  4.96011652e-01  8.37877926e-01
6.10828438e-01  8.17981258e-01  6.03663359e-01
2.55737180e-01  4.00466109e-01  6.63548591e-01
8.45208573e-01  3.95894359e-01  4.66187334e-01
5.55301938e-01  4.58125374e-01  8.56415776e-01
2.74039657e-01  3.31732427e-01  5.24521279e-01
3.84403804e-01  4.92159901e-01  3.33118105e-01
9.01435921e-01  3.68957567e-01  9.42583551e-01
3.57680187e-01  3.49537916e-01  4.89451695e-01
3.46583632e-01  8.02179119e-01  8.59856351e-01
2.96419094e-01  8.72864586e-01  7.08660391e-01
4.75233252e-01  9.38211270e-01  4.71075990e-01
2.81983442e-01  2.66697525e-01  7.63365107e-01
6.53783711e-01  9.88436166e-01  3.67083258e-01
2.74890294e-01  6.49942786e-01  8.93720466e-01
4.43454613e-01  4.66345000e-01  9.96254434e-01
7.48630292e-01  6.54342992e-01  5.50815566e-01
3.16383409e-01  9.92296559e-01  2.63947123e-01
3.77011321e-01  7.68908806e-01  9.76383159e-01
7.11998187e-01  2.60943320e-01  6.60843970e-01
7.51145687e-01  6.41137018e-01  4.99745599e-01
6.11951946e-01  2.67968452e-01  3.25750137e-01
2.66942702e-01  7.12025168e-01  4.91273309e-01
5.56471500e-01  2.65314853e-01  3.92239173e-01
5.07440799e-01  5.79727344e-01  9.07498030e-01
3.14532545e-01  2.66868134e-01  9.56279869e-01
6.27416123e-01  4.34150489e-01  9.75907057e-01
8.04910511e-01  8.87321613e-01  3.52642567e-01
5.16724253e-01  5.82609818e-01  6.58097626e-01
3.71294913e-01  6.29950483e-01  2.96967383e-01
4.23626266e-01  5.40702660e-01  9.31555327e-01
3.82255664e-01  3.26204360e-01  3.04794674e-01
4.04147202e-01  5.45220924e-01  2.66058518e-01
5.85225141e-01  4.82257540e-01  8.08055275e-01
4.26924660e-01  7.94874854e-01  8.35656265e-01
4.52311122e-01  8.86450650e-01  3.60110624e-01
4.83021010e-01  4.54968093e-01  3.32877919e-01
4.74028707e-01  5.89679801e-01  3.47259559e-01
6.39422830e-01  5.67147490e-01  6.96612254e-01
5.89325546e-01  9.03816240e-01  4.26780893e-01
7.60995113e-01  8.90238893e-01  3.27237761e-01
8.01281145e-01  4.58215317e-01  4.27268165e-01
4.21665586e-01  3.79326673e-01  4.07660409e-01
3.46254692e-01  8.18543783e-01  8.26773029e-01
5.76785505e-01  2.55965769e-01  8.31359700e-01
4.07347386e-01  7.88196558e-01  4.04452331e-01
4.40155758e-01  7.70157689e-01  4.80244416e-01
6.51133380e-01  7.05413379e-01  2.93378043e-01
8.65999921e-01  3.39408499e-01  7.26082442e-01
6.48867210e-01  5.18836116e-01  7.28056399e-01
6.16953832e-01  9.21784874e-01  9.55882587e-01
4.93913414e-01  4.53766426e-01  5.11870093e-01
4.59910066e-01  3.66196310e-01  9.08126042e-01
7.26063154e-01  4.65211122e-01  7.71318272e-01
9.69474730e-01  5.99281298e-01  2.85807004e-01
7.41485307e-01  5.49240859e-01  5.38761500e-01
7.40829002e-01  4.36663179e-01  7.14959892e-01
2.58488331e-01  9.55744845e-01  3.29192742e-01
4.54394730e-01  3.46356395e-01  9.21099112e-01
3.62307072e-01  5.48758589e-01  3.28892236e-01
5.47938245e-01  9.98069148e-01  3.33753420e-01
3.88448899e-01  6.68889724e-01  7.89684076e-01
2.76507612e-01  7.54998377e-01  2.64411532e-01
9.37026600e-01  3.19562349e-01  8.01551017e-01
6.44240015e-01  6.34808265e-01  5.13976681e-01
2.98477227e-01  7.45413988e-01  3.05130829e-01
2.69541960e-01  3.18145274e-01  5.20607640e-01
7.07143836e-01  5.15241959e-01  6.26150490e-01
4.03035885e-01  5.40069170e-01  4.94240955e-01
8.16877871e-01  7.85173497e-01  4.29472648e-01
8.95450768e-01  3.02784859e-01  7.90285104e-01
3.11103211e-01  9.54396222e-01  8.39247379e-01
2.86090307e-01  7.80668689e-01  7.65969294e-01
6.11909214e-01  4.22381534e-01  2.73107608e-01
7.14477816e-01  3.75993483e-01  2.88883933e-01
3.08675992e-01  4.94616151e-01  3.03433651e-01
7.50945696e-01  5.09163855e-01  4.17726349e-01
3.67038990e-01  2.87115902e-01  4.18573116e-01
4.01690344e-01  5.68033091e-01  4.78144204e-01
2.71661742e-01  7.16905355e-01  4.22616086e-01
6.44137174e-01  2.61811079e-01  4.66644587e-01
4.44977156e-01  4.29313016e-01  7.22666109e-01
3.65620543e-01  7.79600354e-01  7.61672917e-01
2.69290049e-01  2.77931308e-01  7.02911635e-01
6.80145420e-01  3.14839968e-01  5.89531514e-01
7.37014686e-01  4.18998041e-01  4.56932128e-01
3.18398891e-01  2.52768803e-01  4.92797695e-01
5.54153048e-01  8.05691512e-01  6.13935816e-01
8.47777571e-01  3.29409399e-01  4.91096298e-01
4.13277772e-01  5.43933564e-01  6.28692470e-01
4.32525062e-01  6.30596566e-01  8.84628774e-01
3.17220600e-01  8.33755167e-01  4.32983983e-01
9.85972691e-01  4.34813598e-01  6.82814479e-01
6.73523600e-01  3.64376486e-01  9.42206540e-01
3.84361645e-01  8.05407913e-01  7.08722705e-01
3.93173775e-01  5.66129901e-01  8.99645766e-01
3.07759925e-01  8.39612744e-01  6.00084639e-01
6.61517044e-01  3.87281107e-01  6.94432117e-01
5.11687210e-01  5.78926118e-01  9.64220724e-01
3.41867885e-01  3.15382364e-01  5.38432364e-01
5.70841579e-01  3.25040775e-01  4.72903920e-01
9.17389191e-01  7.03016924e-01  3.30804940e-01
6.11509668e-01  4.84780508e-01  6.01762423e-01
5.97646255e-01  4.96801554e-01  6.26429839e-01
2.59211391e-01  2.55086851e-01  8.55203056e-01
5.24179903e-01  3.47329569e-01  7.89724715e-01
5.36753999e-01  5.25265268e-01  5.57581526e-01
4.60601022e-01  3.41007766e-01  3.62396760e-01
3.49314366e-01  4.67275901e-01  3.83557801e-01
5.42453482e-01  9.73118749e-01  4.04184482e-01
4.47193732e-01  6.20976400e-01  9.96730109e-01
8.17205970e-01  8.86436046e-01  3.77385819e-01
3.42050976e-01  7.63841080e-01  2.66728543e-01
5.40024918e-01  5.71149715e-01  3.57682934e-01
2.75812607e-01  4.34293003e-01  6.47597377e-01
6.61998175e-01  2.99227108e-01  7.31051271e-01
7.34371501e-01  7.33144751e-01  3.01320729e-01
6.17840928e-01  3.69573733e-01  5.40459843e-01
4.01117871e-01  3.75567920e-01  3.71193871e-01
3.51977972e-01  3.10409271e-01  5.75946525e-01
8.19281054e-01  5.09200865e-01  4.26313656e-01
5.85524948e-01  5.55179216e-01  4.42803217e-01
3.84301891e-01  3.83536874e-01  9.01118704e-01
3.35791669e-01  7.97253387e-01  7.12685602e-01
3.28260608e-01  2.98816494e-01  7.64543051e-01
3.32034979e-01  9.55907063e-01  9.15141718e-01
3.92184265e-01  7.13361241e-01  7.47053577e-01
4.05209311e-01  4.48392258e-01  4.45745809e-01
6.24889062e-01  7.10359304e-01  3.86870864e-01
6.50350969e-01  3.35170612e-01  8.35689995e-01
3.09429332e-01  4.12302193e-01  4.16131649e-01
3.33900713e-01  7.68808189e-01  8.68760186e-01
3.85343418e-01  9.36736726e-01  2.87675997e-01
2.61456061e-01  3.07156300e-01  7.12556569e-01
5.13689752e-01  7.98918742e-01  6.89349766e-01
9.20106012e-01  3.03018574e-01  7.84564227e-01
6.46917458e-01  8.01079855e-01  4.51961407e-01
9.21117259e-01  3.80770839e-01  9.31733992e-01
3.66612040e-01  3.86099078e-01  4.72139452e-01
7.99459308e-01  4.22595696e-01  9.44731635e-01
9.29866850e-01  9.50029531e-01  3.04826516e-01
3.21049137e-01  3.63218412e-01  3.10503828e-01
3.25261886e-01  3.72130809e-01  2.86138807e-01
4.27051905e-01  4.21305890e-01  8.13180488e-01
3.20110194e-01  3.10106171e-01  7.52133158e-01
3.43008121e-01  3.01282244e-01  4.20836909e-01
7.01268567e-01  3.74497119e-01  6.89736330e-01
4.42816300e-01  9.08310546e-01  6.89973316e-01
3.27331723e-01  9.34199031e-01  4.79440880e-01
6.48119298e-01  3.25413027e-01  2.59807223e-01
2.63200550e-01  7.02652964e-01  8.65942049e-01
7.50441439e-01  5.07551023e-01  4.09094330e-01
6.50956616e-01  4.17346884e-01  2.90717853e-01
3.78480767e-01  8.80712380e-01  5.54576861e-01
9.83563729e-01  3.88802738e-01  7.56920356e-01
2.79858385e-01  4.61009626e-01  2.88769408e-01
8.36355778e-01  4.49349756e-01  8.43064295e-01
6.89485430e-01  3.63396377e-01  7.69322385e-01
3.56465986e-01  8.43252664e-01  4.06070414e-01
4.82006692e-01  4.58761082e-01  6.63338628e-01
6.64517443e-01  6.02052839e-01  5.14547465e-01
2.56107267e-01  3.08239617e-01  3.17559482e-01
9.85451864e-01  7.53002563e-01  2.97816110e-01
8.06447173e-01  6.14514075e-01  8.53988948e-01
6.93220887e-01  2.85195188e-01  3.06664960e-01
9.66610887e-01  7.12086482e-01  3.89816484e-01
3.84836741e-01  7.22810323e-01  9.81484723e-01
3.25942665e-01  8.00303261e-01  6.57323113e-01
4.59806633e-01  4.86624106e-01  9.30018764e-01
9.88409073e-01  2.58901166e-01  9.68951243e-01
3.04914553e-01  5.19933183e-01  4.93773905e-01
6.46346554e-01  4.70568706e-01  5.81178500e-01
2.79498771e-01  9.13178489e-01  6.98597166e-01
5.09446495e-01  5.33391742e-01  3.83207777e-01
6.87145288e-01  2.55522897e-01  2.82121036e-01
4.46335992e-01  2.53798218e-01  9.60408489e-01
3.04736360e-01  4.19300774e-01  5.25760177e-01
2.71234568e-01  8.16932314e-01  3.27563928e-01
3.38784414e-01  7.99326128e-01  3.04694911e-01
2.65648545e-01  2.90089809e-01  5.41586623e-01
2.74960836e-01  4.11669469e-01  6.40410374e-01
8.18180400e-01  6.96333394e-01  3.85573140e-01
5.55413130e-01  7.89188693e-01  3.63297934e-01
5.01243291e-01  9.91914560e-01  5.41591213e-01
9.50160270e-01  7.64587982e-01  4.13088837e-01
6.47445617e-01  9.21999414e-01  3.54741211e-01
3.25106992e-01  2.82213361e-01  6.13706144e-01
5.15192612e-01  9.30428796e-01  4.10060835e-01
4.69018889e-01  4.87436244e-01  2.59876472e-01
8.44775247e-01  9.25429894e-01  5.32769066e-01
5.59117099e-01  5.47953740e-01  6.71595403e-01
4.96280056e-01  7.73506605e-01  4.60562472e-01
5.20168271e-01  2.63585001e-01  4.45026572e-01
3.62124184e-01  8.02404175e-01  9.22098495e-01
2.67386166e-01  3.72513787e-01  8.49285430e-01
3.14107134e-01  5.14842969e-01  8.03334515e-01
4.54029308e-01  6.55100017e-01  4.90652193e-01
4.65987750e-01  3.60162950e-01  4.56141813e-01
4.17441814e-01  3.82895780e-01  6.55345106e-01
3.11329105e-01  2.57546622e-01  5.91276508e-01
4.75716904e-01  6.38907271e-01  6.63324459e-01
3.19007786e-01  4.89667630e-01  5.99929336e-01
6.49712429e-01  4.17191610e-01  7.45305778e-01
4.79279213e-01  9.16228130e-01  5.67822338e-01
3.80666527e-01  9.31371104e-01  3.51691092e-01
5.13583262e-01  7.13441175e-01  4.53607181e-01
8.21531859e-01  5.07958658e-01  5.47693271e-01
7.13285792e-01  4.63627956e-01  2.85486388e-01
5.27616818e-01  8.23617333e-01  2.90259416e-01
2.81103385e-01  9.98530088e-01  6.97105894e-01
6.12532564e-01  3.15008860e-01  3.03247997e-01
9.93163751e-01  5.04058142e-01  3.53072498e-01
3.02322164e-01  5.09858102e-01  8.96937432e-01
4.57087034e-01  4.67322609e-01  3.66233439e-01
5.28466481e-01  3.46844788e-01  9.36391592e-01
4.98721367e-01  5.66400389e-01  6.54724977e-01
2.73206730e-01  5.36813097e-01  2.82569649e-01
4.73146818e-01  7.07885803e-01  3.61960605e-01
9.05641817e-01  9.38299230e-01  3.87194880e-01
3.35879791e-01  3.87164248e-01  3.07475159e-01
6.74899975e-01  2.54293166e-01  3.27448367e-01
6.83746288e-01  7.73713339e-01  4.77389770e-01
9.83022111e-01  5.33410055e-01  5.82187193e-01
3.22205489e-01  9.39575760e-01  3.24777218e-01
3.46790653e-01  9.30909542e-01  9.57437724e-01
5.19535033e-01  3.25444222e-01  4.23767766e-01
9.50000596e-01  4.39003277e-01  4.56516223e-01
9.02655829e-01  4.01766453e-01  5.35472207e-01
2.61100841e-01  8.37927590e-01  4.17605209e-01
6.58489451e-01  2.62951224e-01  6.92801660e-01
5.58420541e-01  3.59337158e-01  5.96890714e-01
7.43660134e-01  4.17732838e-01  8.56097341e-01
2.86860372e-01  2.65143528e-01  6.37313640e-01
4.61450639e-01  2.81195719e-01  3.10278532e-01
9.18558736e-01  5.35728528e-01  5.28170692e-01
8.21748670e-01  2.70825792e-01  6.39897297e-01
4.56418395e-01  9.06307886e-01  4.23776314e-01
5.09834590e-01  2.53902524e-01  4.98584408e-01
9.23556381e-01  3.14440321e-01  9.36882480e-01
4.52347532e-01  6.25768861e-01  9.94436730e-01
4.48364310e-01  3.72502444e-01  3.09892611e-01
4.47698143e-01  6.05647076e-01  2.67864494e-01
5.66961517e-01  5.42004635e-01  2.80236920e-01
4.16812120e-01  3.18067787e-01  5.76836149e-01
8.24188557e-01  3.94974778e-01  3.50149267e-01
3.64803137e-01  5.36867964e-01  3.68889883e-01
5.46360704e-01  9.93052731e-01  4.82083974e-01
6.28469838e-01  2.64855465e-01  3.43745404e-01
4.11964894e-01  5.17920654e-01  3.36189362e-01
7.51691873e-01  4.12264344e-01  9.98275972e-01
3.64457433e-01  2.73907528e-01  8.60727680e-01
8.59941711e-01  9.70611955e-01  8.71844342e-01
4.53555780e-01  3.30795749e-01  3.48315998e-01
2.59333457e-01  9.77435999e-01  3.21045689e-01
2.99228772e-01  9.80788575e-01  8.32496855e-01
3.55845801e-01  9.95599456e-01  9.98641962e-01
5.59812281e-01  3.07025831e-01  7.06993426e-01
8.63777034e-01  9.26303590e-01  3.09708222e-01
3.36285261e-01  3.74219194e-01  4.18999996e-01
9.51644692e-01  5.42466322e-01  4.38720393e-01
3.12160743e-01  8.96459779e-01  5.05222405e-01
6.74166153e-01  3.53300616e-01  8.14132924e-01
3.79798061e-01  8.65791483e-01  5.62264022e-01
6.84543068e-01  3.32963327e-01  2.76573519e-01
7.10147349e-01  8.19358029e-01  2.95849445e-01
9.02384356e-01  6.99664171e-01  3.53053457e-01
3.84777165e-01  2.85349846e-01  5.49750425e-01
6.54248316e-01  3.19684094e-01  3.40766575e-01
9.94747454e-01  2.93209949e-01  2.91991215e-01
9.13885133e-01  4.28419596e-01  2.96442997e-01
3.97765373e-01  7.86834404e-01  7.32402836e-01
6.26076901e-01  2.55131776e-01  4.26069163e-01
2.86412064e-01  3.05935012e-01  3.84064719e-01
2.67669125e-01  9.95775210e-01  3.93394711e-01
4.25726085e-01  3.54699116e-01  7.18991948e-01
9.14988591e-01  9.96563696e-01  3.64895516e-01
6.99795732e-01  9.29554168e-01  4.37159958e-01
9.07416702e-01  4.42314381e-01  6.78723880e-01
4.94592208e-01  5.24196938e-01  5.25032928e-01
6.25540054e-01  3.74212642e-01  4.96190675e-01
5.15606167e-01  4.86663908e-01  6.86343649e-01
9.56076027e-01  6.73637988e-01  3.73322105e-01
5.90347833e-01  3.09189970e-01  7.18592691e-01
5.82877972e-01  8.96410762e-01  4.63208491e-01
6.58413797e-01  5.49451437e-01  3.13475490e-01
7.82794148e-01  3.30364366e-01  8.62830739e-01
8.12943955e-01  3.03266573e-01  6.84013539e-01
3.67466631e-01  7.09005442e-01  3.95912577e-01
3.08212452e-01  5.61302744e-01  3.78425958e-01
2.89722337e-01  2.54474049e-01  4.76671283e-01
5.56372786e-01  2.62739134e-01  5.71450977e-01
2.84770607e-01  4.09469842e-01  6.42953489e-01
4.98260879e-01  4.99315749e-01  4.86985257e-01
6.76655163e-01  4.94471297e-01  8.22454880e-01
8.82080827e-01  3.58780022e-01  8.03844824e-01
4.03976062e-01  8.28844361e-01  3.93197126e-01
8.67485711e-01  8.92657305e-01  2.82354901e-01
9.57789274e-01  2.50512291e-01  5.16514501e-01
4.75452663e-01  4.87762274e-01  9.29231433e-01
4.50228806e-01  3.38559740e-01  3.71381525e-01
5.96676436e-01  7.71969939e-01  5.00460059e-01
6.43386334e-01  2.71889135e-01  3.06409243e-01
3.93071092e-01  3.74628674e-01  3.70192763e-01
8.52638639e-01  2.93693409e-01  2.89810322e-01
5.60417602e-01  4.76456091e-01  4.15822806e-01
5.25553766e-01  9.06699864e-01  4.65174494e-01
5.77286990e-01  2.70701959e-01  3.62210619e-01
5.45168344e-01  8.21518261e-01  6.23629256e-01
7.54293263e-01  4.59590744e-01  8.04101217e-01
3.51231995e-01  3.81587586e-01  4.50495584e-01
9.21440102e-01  2.84984443e-01  8.73625336e-01
3.55576663e-01  2.60123268e-01  8.83996980e-01
7.25932935e-01  4.41245916e-01  8.00914039e-01
9.37013349e-01  6.24644773e-01  3.66688048e-01
5.52330340e-01  5.37553311e-01  7.90623326e-01
2.93803635e-01  2.60638942e-01  2.51060458e-01
4.16073273e-01  3.26890144e-01  2.69345868e-01
6.94641978e-01  3.20230804e-01  3.07365647e-01
3.10274554e-01  5.34767804e-01  3.29034067e-01
7.15695546e-01  3.64431404e-01  8.16343315e-01
4.39680024e-01  9.60965528e-01  6.49613310e-01
7.79004143e-01  9.97137146e-01  8.34020136e-01
8.00325837e-01  9.72473443e-01  3.75470875e-01
7.47247700e-01  4.51268386e-01  8.70683986e-01
3.27974037e-01  3.16794349e-01  4.17026959e-01
8.47676579e-01  3.95266347e-01  4.76977870e-01
4.87920535e-01  5.68595321e-01  9.84952509e-01
4.10493164e-01  5.38092076e-01  3.32336446e-01
3.47873471e-01  2.69298074e-01  6.94839053e-01
4.81966548e-01  8.56363905e-01  7.33332810e-01
2.77491228e-01  4.91841630e-01  7.50739576e-01
6.80845287e-01  3.47143438e-01  3.15039605e-01
7.26084471e-01  4.69280141e-01  7.81228247e-01
2.63096879e-01  5.86369782e-01  3.35694675e-01
6.56240776e-01  5.22998561e-01  5.48835335e-01
7.38437698e-01  3.46075212e-01  3.80670654e-01
6.14072870e-01  3.59337403e-01  8.93275458e-01
7.05639063e-01  3.20465014e-01  5.11278717e-01
7.98527653e-01  6.64654621e-01  6.70742971e-01
6.44350021e-01  3.17043914e-01  3.49486951e-01
9.01674520e-01  3.42709860e-01  3.26629558e-01
9.93983899e-01  4.33673870e-01  4.94698842e-01
2.60378067e-01  2.89066411e-01  2.64384361e-01
3.72232698e-01  4.33476468e-01  9.59433449e-01
2.88028004e-01  6.36169633e-01  4.06929275e-01
5.46336740e-01  8.41128723e-01  3.96013975e-01
5.34000725e-01  4.42954484e-01  8.85202782e-01
6.22992899e-01  9.25301483e-01  4.97731128e-01
7.44975118e-01  3.01068409e-01  8.79158821e-01
7.25363470e-01  4.96291580e-01  6.28380730e-01
5.31556517e-01  9.36501456e-01  3.38297223e-01
4.13645544e-01  3.63166451e-01  3.01778746e-01
6.18724988e-01  8.04819841e-01  4.05265056e-01
3.11558713e-01  8.40768546e-01  4.38589071e-01
5.78858090e-01  2.95477061e-01  7.79658062e-01
5.89855883e-01  9.03373336e-01  5.02733021e-01
7.65772117e-01  2.54360118e-01  7.58872635e-01
3.57559042e-01  2.93174619e-01  2.66267186e-01
3.35729547e-01  9.21710026e-01  6.79620130e-01
7.94955433e-01  7.35507930e-01  3.86662703e-01
2.81020476e-01  6.57958962e-01  8.72811143e-01
9.60807366e-01  7.42335488e-01  3.40340109e-01
4.05370339e-01  4.65545581e-01  4.76858958e-01
8.23918683e-01  4.70148674e-01  4.96560948e-01
2.59375451e-01  2.91216421e-01  8.22975248e-01
9.93329594e-01  3.08290693e-01  3.37989277e-01
2.89997048e-01  3.37517691e-01  4.72645991e-01
5.76076300e-01  2.53903027e-01  4.30135830e-01
5.46507083e-01  4.84452249e-01  5.47490265e-01
3.21311104e-01  2.83833302e-01  6.08666264e-01
3.28648985e-01  5.61248513e-01  2.64964480e-01
5.59671407e-01  3.20578741e-01  4.92010220e-01
5.77027126e-01  4.58500994e-01  6.74019362e-01
6.90656585e-01  5.82630020e-01  6.43627598e-01
2.93070953e-01  5.18694546e-01  9.40737207e-01
2.87759864e-01  9.39323263e-01  6.11118317e-01
2.91709133e-01  7.56070889e-01  3.23324861e-01
9.97392158e-01  3.96498925e-01  2.90892961e-01
5.84721393e-01  4.70807926e-01  4.90127533e-01
4.94997907e-01  4.78856312e-01  6.15774673e-01
3.52616477e-01  9.29017731e-01  8.73569365e-01
5.66682934e-01  5.85000961e-01  4.67658533e-01
8.81777691e-01  8.53600490e-01  3.25661031e-01
3.99987799e-01  4.65499441e-01  8.92647108e-01
7.27395862e-01  4.81337367e-01  5.28884631e-01
6.88198540e-01  4.15921350e-01  4.82657449e-01
2.54631251e-01  7.40900367e-01  3.55441196e-01
6.82990846e-01  2.77115397e-01  3.04910858e-01
3.26625170e-01  7.69617417e-01  3.73808117e-01
3.46600125e-01  5.27005354e-01  9.61955727e-01
3.30470854e-01  3.79080307e-01  7.93149640e-01
2.54567005e-01  4.84337769e-01  4.96612700e-01
4.55960463e-01  3.28734962e-01  5.23356742e-01
2.83683676e-01  6.30769685e-01  4.96348479e-01
8.57825779e-01  7.42150133e-01  3.09270447e-01
9.75834182e-01  7.34702550e-01  2.55066024e-01
6.04455648e-01  3.66551181e-01  6.87564742e-01
4.57333498e-01  7.67052320e-01  5.30768791e-01
7.62891785e-01  6.76446314e-01  2.77932883e-01
2.88164746e-01  2.98657769e-01  9.92744108e-01
3.87819207e-01  6.42706500e-01  7.51120763e-01
2.86641196e-01  9.41432087e-01  8.15460994e-01
7.69871154e-01  7.44000422e-01  4.85280181e-01
3.10788671e-01  7.04140340e-01  9.84055385e-01
9.18496779e-01  6.49482297e-01  2.91126479e-01
7.73792864e-01  6.65559453e-01  3.63266980e-01
5.30336484e-01  9.37526626e-01  3.69861400e-01
6.71753033e-01  6.45888414e-01  5.41362282e-01
2.69215748e-01  2.61002037e-01  6.37611707e-01
2.85352320e-01  9.16200930e-01  2.71928269e-01
5.79176348e-01  2.65907742e-01  7.33020054e-01
3.77797058e-01  6.42395983e-01  8.37773661e-01
3.51699866e-01  2.78056578e-01  8.45602508e-01
5.16716844e-01  8.18317247e-01  6.76682031e-01
4.31074099e-01  6.12800803e-01  9.20138954e-01
3.99586759e-01  7.79548140e-01  5.52836719e-01
3.62695563e-01  6.18118168e-01  3.39797853e-01
5.78387162e-01  8.50725866e-01  3.23611354e-01
9.34114391e-01  5.15387633e-01  5.48014351e-01
8.22935198e-01  8.43293034e-01  2.96779644e-01
4.35232362e-01  8.57490032e-01  7.80853457e-01
6.66661433e-01  4.77338106e-01  7.57817338e-01
3.59125200e-01  9.98599924e-01  9.95680097e-01
5.06495121e-01  2.65762139e-01  6.31089965e-01
5.34223239e-01  2.74423964e-01  4.85462208e-01
3.53509425e-01  7.62648586e-01  4.80540212e-01
6.96117269e-01  6.10620712e-01  4.00348139e-01
3.03687254e-01  6.85113325e-01  9.86849872e-01
9.90949128e-01  3.61649445e-01  8.51151793e-01
7.30209780e-01  4.06477696e-01  4.04052439e-01
3.58864752e-01  3.33438975e-01  3.96221919e-01
7.87036513e-01  4.44441202e-01  6.80126482e-01
6.82937110e-01  9.09342077e-01  4.37357753e-01
6.81293012e-01  2.76194918e-01  3.85681314e-01
5.13674235e-01  4.96549048e-01  6.30422017e-01
3.94632666e-01  4.37854354e-01  8.94940555e-01
8.68288982e-01  7.08826167e-01  3.05853050e-01
6.24494657e-01  9.79020850e-01  3.46497517e-01
2.70476122e-01  8.32653795e-01  2.71250250e-01
3.72507525e-01  5.78495983e-01  8.34901830e-01
4.39856651e-01  2.73740076e-01  5.69241233e-01
3.22733204e-01  6.32993915e-01  6.48448899e-01
8.17659328e-01  2.68759976e-01  5.05582179e-01
5.57865512e-01  2.90647749e-01  3.80812813e-01
2.84424476e-01  3.43047966e-01  6.87476790e-01
6.48271328e-01  8.03926044e-01  4.37414696e-01
4.47167335e-01  6.65749187e-01  9.89621734e-01
3.83885195e-01  6.18211015e-01  2.71002308e-01
5.57782113e-01  3.43426983e-01  6.52641651e-01
3.05860062e-01  2.64411505e-01  7.29466957e-01
8.88602347e-01  6.24722467e-01  3.74725438e-01
7.90282624e-01  4.24492653e-01  9.20811132e-01
9.65288615e-01  5.90079026e-01  2.53428627e-01
6.59741453e-01  8.32308079e-01  3.66320435e-01
5.80213372e-01  6.39413779e-01  2.51459545e-01
2.92095360e-01  5.29956144e-01  4.71753626e-01
4.91983232e-01  3.53983850e-01  9.20270755e-01
2.75026178e-01  3.01409332e-01  6.61334556e-01
5.19861724e-01  6.51765298e-01  5.28462548e-01
7.44253466e-01  2.75527996e-01  7.49364933e-01
3.12301041e-01  9.96288152e-01  8.99021968e-01
4.51194957e-01  4.07963223e-01  7.90471359e-01
5.73949561e-01  7.23505353e-01  4.10390419e-01
4.65831088e-01  5.72056862e-01  5.70785863e-01
2.84464466e-01  4.11539503e-01  3.49235300e-01
4.28851552e-01  2.86370606e-01  5.96302936e-01
2.63335678e-01  7.58166650e-01  3.85236387e-01
5.32560633e-01  4.18841880e-01  9.87390761e-01
5.99637413e-01  7.02577220e-01  2.58098018e-01
5.16570762e-01  9.94853313e-01  4.16262938e-01
3.37851690e-01  9.78523330e-01  8.13704016e-01
8.25489100e-01  4.62462382e-01  5.17446594e-01
3.99918279e-01  3.22637915e-01  2.68217474e-01
5.01176072e-01  2.69028918e-01  4.97235424e-01
3.61547443e-01  9.30974859e-01  4.28553565e-01
7.86128762e-01  7.66096398e-01  3.44205995e-01
3.37512750e-01  3.62546725e-01  4.66830313e-01
3.14027570e-01  4.43633938e-01  4.69564457e-01
3.32716980e-01  3.97461106e-01  2.61797105e-01
9.55162269e-01  3.88885614e-01  4.47422784e-01
3.34378214e-01  7.99556671e-01  7.89801493e-01
2.63714524e-01  3.60809716e-01  3.02684431e-01
3.84156873e-01  9.19674548e-01  5.19602988e-01
5.84627656e-01  4.67389494e-01  6.05151696e-01
3.64929516e-01  5.05594957e-01  6.16229346e-01
7.09540845e-01  2.68568539e-01  9.68014329e-01
8.29665141e-01  5.98850435e-01  3.27173335e-01
3.78297862e-01  5.79203963e-01  8.23961331e-01
3.11843104e-01  9.84325073e-01  2.62427844e-01
3.01211698e-01  7.15090217e-01  6.73163147e-01
6.14974924e-01  2.65810458e-01  3.08140418e-01
4.63083279e-01  4.13482207e-01  2.95954440e-01
3.22619593e-01  2.74144701e-01  5.02766295e-01
4.39440024e-01  2.60742843e-01  4.56482953e-01
2.53672304e-01  3.25964784e-01  5.11151366e-01
8.32180894e-01  9.66492054e-01  3.59758548e-01
4.53131878e-01  4.60663529e-01  6.23827474e-01
7.10577689e-01  4.45982334e-01  3.80819671e-01
8.70760244e-01  4.25151024e-01  5.03861673e-01
4.13078873e-01  5.83173040e-01  4.80694091e-01
9.17011930e-01  3.81647090e-01  6.38304289e-01
6.75317703e-01  3.89106288e-01  7.59484423e-01
3.98194146e-01  7.90044023e-01  4.95049227e-01
7.01425961e-01  4.31544596e-01  9.38681170e-01
6.85109223e-01  4.41795733e-01  6.89242067e-01
7.72269846e-01  7.90718778e-01  2.67536844e-01
5.47704101e-01  2.53170163e-01  6.05380171e-01
2.92430246e-01  3.32070352e-01  4.42900684e-01
6.52989086e-01  6.80505399e-01  6.15623308e-01
3.51065416e-01  3.94387215e-01  3.95326778e-01
3.81391714e-01  8.20143675e-01  4.73494742e-01
4.80161264e-01  6.76550643e-01  5.27507230e-01
5.54765720e-01  7.21346653e-01  4.68937833e-01
9.45434855e-01  7.85918946e-01  7.14260202e-01
9.30873266e-01  3.58670704e-01  7.61749188e-01
6.76157677e-01  9.31913429e-01  6.67450821e-01
8.07593459e-01  3.17302120e-01  2.95200296e-01
3.32834791e-01  3.26458414e-01  4.59136424e-01
4.14089574e-01  5.87185164e-01  3.26867662e-01
6.54628595e-01  5.07145057e-01  9.17765269e-01
9.29436725e-01  3.68570025e-01  8.75939229e-01
3.08436179e-01  3.61898071e-01  3.07066675e-01
4.76279636e-01  4.75489551e-01  9.32984873e-01
2.77305602e-01  3.35019462e-01  2.75115932e-01
8.11025501e-01  5.58215002e-01  3.59933312e-01
3.04740424e-01  6.72063322e-01  2.74651583e-01
4.12450883e-01  8.24331337e-01  7.37201126e-01
7.13499573e-01  4.28045914e-01  6.97633764e-01
9.17604457e-01  8.85044432e-01  3.53522234e-01
3.10613398e-01  9.14662271e-01  2.58590236e-01
6.04645780e-01  8.10431648e-01  4.96789108e-01
7.88361494e-01  5.04121883e-01  4.61968212e-01
4.02217101e-01  4.17478738e-01  3.73654502e-01
3.08375986e-01  4.82372175e-01  3.55372303e-01
9.16814891e-01  4.02229939e-01  8.03344284e-01
3.37589777e-01  9.12411076e-01  5.84081324e-01
4.38295400e-01  6.84991644e-01  5.51869318e-01
4.98573825e-01  4.12881437e-01  9.88160798e-01
4.31433055e-01  2.73523729e-01  5.67459624e-01
9.00176090e-01  2.55576808e-01  4.08684379e-01
3.19747116e-01  9.22443447e-01  4.72593392e-01
3.27409354e-01  3.15766032e-01  5.19717250e-01
6.66953891e-01  7.62392440e-01  3.39503677e-01
8.17788519e-01  2.80537933e-01  2.84952747e-01
8.11600342e-01  3.00402936e-01  7.06992307e-01
3.56066785e-01  8.65452284e-01  5.41743257e-01
4.77496996e-01  6.99270091e-01  5.57222608e-01
3.38345989e-01  6.20847485e-01  8.69333892e-01
8.75585461e-01  7.81982388e-01  3.33813004e-01
9.93366560e-01  5.57346078e-01  3.77833867e-01
3.55692807e-01  4.59812265e-01  4.03005198e-01
9.39700475e-01  2.86893165e-01  5.54466713e-01
4.59658785e-01  7.03413905e-01  8.77234039e-01
8.54255458e-01  2.56597354e-01  3.56223679e-01
9.69327010e-01  3.88681979e-01  7.74715445e-01
5.56029753e-01  9.15112565e-01  5.04639227e-01
3.35735996e-01  7.87106840e-01  6.76974159e-01
4.85359688e-01  2.91364047e-01  5.99124011e-01
7.17523523e-01  4.13837735e-01  4.77304461e-01
5.78313686e-01  7.84647641e-01  3.97421272e-01
6.21404811e-01  5.66369819e-01  2.74037144e-01
8.06852556e-01  8.84346466e-01  4.44943006e-01
7.21408066e-01  4.80550391e-01  7.74695809e-01
9.63733449e-01  5.75632601e-01  4.44993165e-01
5.44636815e-01  4.23868663e-01  2.68180315e-01
7.03928150e-01  7.04710133e-01  3.40484776e-01
8.28586655e-01  5.76407388e-01  4.13454297e-01
8.48194866e-01  5.44932156e-01  6.00008834e-01
9.21092713e-01  8.18645967e-01  3.68739930e-01
7.06326494e-01  5.28958470e-01  5.74540833e-01
2.67009451e-01  4.54948961e-01  7.97146655e-01
5.81308078e-01  6.87325846e-01  3.24759816e-01
2.96724996e-01  7.53477598e-01  8.86339849e-01
5.33442098e-01  6.53551182e-01  2.61183459e-01
4.07248842e-01  9.95866737e-01  4.44846250e-01
8.55894108e-01  8.67763621e-01  2.85401461e-01
2.85330506e-01  9.31579299e-01  5.21930661e-01
4.79214927e-01  6.00876146e-01  6.92958512e-01
6.14051533e-01  7.44681797e-01  3.72921928e-01
4.62485715e-01  6.27655622e-01  8.65489731e-01
3.77631406e-01  7.87425297e-01  7.69625327e-01
6.04878728e-01  5.48009962e-01  4.37684543e-01
4.02605681e-01  4.88520098e-01  9.70655545e-01
2.87279581e-01  7.04640803e-01  2.67087093e-01
7.80324721e-01  2.92201062e-01  9.07773886e-01
9.44371832e-01  7.50333738e-01  2.66217235e-01
7.87245296e-01  5.74089955e-01  2.87509087e-01
8.81853689e-01  5.17610800e-01  3.01292488e-01
3.30021137e-01  5.94991503e-01  7.90850701e-01
4.07392314e-01  7.21234376e-01  3.42249848e-01
3.46883452e-01  3.94777959e-01  5.32209697e-01
6.97676033e-01  4.92482615e-01  7.06712611e-01
2.86477921e-01  5.60405448e-01  3.70335705e-01
5.28701317e-01  2.71323080e-01  2.96423854e-01
2.82804056e-01  6.41215004e-01  9.52537096e-01
7.01312315e-01  9.87287349e-01  3.24623074e-01
3.73697354e-01  3.58004016e-01  7.44309538e-01
2.73678692e-01  7.03953484e-01  3.04193282e-01
3.40240014e-01  4.53177921e-01  2.76354649e-01
4.73959340e-01  4.53901140e-01  9.18291880e-01
3.50936475e-01  5.76783144e-01  9.08342691e-01
5.10399523e-01  7.30155820e-01  7.39820880e-01
4.27020090e-01  4.93699247e-01  5.55499985e-01
6.26443004e-01  4.00097552e-01  6.60570793e-01
5.93782151e-01  2.76419577e-01  2.67736398e-01
7.56352604e-01  2.93636888e-01  2.82160854e-01
9.17997470e-01  5.74997588e-01  3.63837245e-01
4.33323603e-01  7.93710522e-01  5.06859732e-01
2.83920114e-01  2.99422500e-01  9.70837878e-01
5.61413100e-01  3.05319865e-01  3.93314805e-01
8.68973596e-01  9.08377039e-01  4.17581796e-01
3.68163706e-01  9.50876641e-01  3.61300770e-01
5.48045917e-01  2.86426174e-01  2.50840169e-01
8.23583139e-01  9.61055672e-01  3.07862884e-01
4.90069377e-01  3.28214888e-01  3.88290843e-01
7.59052884e-01  3.79545547e-01  5.65229203e-01
4.23631232e-01  5.00289597e-01  8.27703810e-01
4.19297267e-01  6.72756989e-01  7.31910380e-01
7.20371035e-01  3.58995666e-01  6.03415377e-01
2.53918828e-01  6.21514558e-01  5.67089445e-01
3.56358070e-01  5.68432285e-01  3.79474038e-01
8.78614000e-01  2.96951630e-01  9.50417136e-01
3.72465476e-01  2.55322455e-01  3.51986636e-01
8.88965220e-01  5.19046585e-01  3.98082606e-01
8.78364408e-01  6.43046790e-01  3.86672583e-01
3.43015755e-01  4.48827562e-01  4.24751080e-01
9.33476633e-01  2.82973041e-01  2.83832397e-01
8.66330801e-01  2.53846160e-01  2.98150888e-01
6.39561181e-01  4.63407995e-01  4.78667490e-01
8.20373132e-01  3.05072914e-01  5.10713011e-01
8.07502208e-01  8.36984544e-01  2.51977539e-01
3.71382778e-01  6.21766093e-01  2.64993639e-01
6.93947344e-01  4.46832536e-01  7.57327106e-01
5.75139108e-01  5.98062887e-01  5.73857123e-01
6.20843348e-01  5.67964460e-01  6.78865522e-01
3.33439084e-01  5.33501294e-01  4.95992651e-01
9.93122116e-01  2.63843095e-01  2.64866460e-01
4.97375170e-01  3.10743894e-01  2.84425819e-01
8.09440117e-01  3.74561596e-01  6.59378261e-01
4.92545624e-01  3.85041950e-01  9.09479486e-01
2.83252262e-01  3.33988299e-01  6.00713526e-01
4.84851026e-01  8.40085819e-01  5.96745491e-01
3.79199578e-01  4.58832505e-01  6.24533058e-01
2.80752173e-01  2.93630108e-01  2.89512023e-01
3.50226123e-01  8.21458533e-01  4.75247846e-01
8.63822196e-01  3.08167998e-01  9.18338767e-01
4.96878995e-01  4.24816517e-01  3.23449473e-01
4.97199948e-01  4.01228735e-01  9.99476623e-01
3.69826827e-01  2.94830307e-01  4.09943525e-01
2.61640122e-01  3.42668729e-01  7.47194270e-01
3.20065373e-01  4.87859112e-01  4.49638473e-01
8.95617711e-01  4.10502430e-01  4.36283641e-01
7.22073729e-01  5.11847459e-01  7.92092425e-01
4.90949320e-01  7.50252527e-01  7.21882662e-01
4.46218815e-01  6.82683080e-01  7.33199506e-01
2.62564557e-01  9.83499971e-01  8.29249695e-01
8.53258025e-01  3.38955179e-01  4.86182724e-01
2.96171852e-01  7.72583171e-01  3.31323833e-01
9.72673869e-01  3.16838014e-01  9.46101036e-01
7.22624683e-01  8.07585204e-01  3.49307006e-01
9.67631760e-01  3.82686249e-01  2.76225587e-01
6.70917361e-01  4.27834194e-01  8.37740256e-01
3.93422880e-01  9.66054137e-01  6.38082610e-01
3.49122691e-01  8.54123899e-01  8.18332458e-01
8.31053427e-01  3.84511679e-01  8.36717817e-01
6.49274040e-01  3.65374702e-01  2.93755245e-01
8.45503214e-01  2.55644019e-01  5.06035142e-01
4.61792027e-01  6.01818117e-01  9.06500237e-01
2.90330941e-01  3.02546202e-01  4.49654687e-01
5.47631452e-01  7.59588517e-01  5.57057554e-01
6.08940377e-01  3.53574154e-01  7.09996811e-01
3.15616264e-01  5.49399699e-01  9.71134186e-01
2.92039077e-01  9.53621505e-01  9.91186901e-01
8.62052926e-01  5.70082681e-01  4.46577362e-01
9.12958389e-01  2.90790925e-01  5.77268029e-01
7.14270414e-01  3.85160671e-01  6.82142097e-01
5.91225338e-01  4.59610779e-01  6.23411209e-01
2.95741886e-01  3.63917521e-01  5.04932350e-01
4.85898406e-01  4.66614727e-01  4.24143040e-01
3.59165895e-01  8.97833502e-01  4.73196264e-01
6.07280302e-01  7.94429892e-01  4.95933054e-01
3.47068054e-01  4.14452730e-01  4.68617650e-01
4.71391996e-01  8.92081215e-01  5.75408720e-01
6.99537688e-01  6.52998380e-01  3.92184502e-01
2.60136523e-01  3.01393889e-01  9.73422858e-01
8.60486796e-01  7.85458838e-01  4.25847762e-01
3.82707329e-01  8.48284287e-01  8.89488269e-01
3.54682720e-01  5.96921137e-01  7.41254510e-01
8.42856735e-01  7.02565245e-01  2.77851671e-01
3.58865343e-01  4.03449223e-01  2.84628994e-01
2.50425571e-01  7.07939566e-01  4.12290851e-01
7.45555780e-01  9.58143220e-01  3.02578897e-01
6.37820720e-01  4.47136140e-01  5.15279210e-01
5.91697674e-01  3.18483962e-01  7.68984481e-01
8.00621204e-01  8.17448280e-01  4.19720372e-01
3.70689483e-01  3.00886425e-01  2.50421757e-01
3.99701205e-01  7.66041642e-01  6.67946233e-01
6.60546027e-01  9.86383367e-01  2.63313923e-01
4.63293005e-01  3.70799853e-01  4.72797234e-01
6.50231475e-01  7.95759549e-01  2.74107809e-01
9.81385600e-01  2.97845289e-01  5.55102836e-01
3.51889611e-01  4.25099706e-01  4.53048333e-01
6.29203601e-01  2.88419130e-01  9.43196523e-01
8.14887626e-01  4.31182060e-01  6.41635345e-01
5.23148569e-01  5.15758165e-01  6.35832146e-01
5.84678774e-01  8.33041543e-01  4.01144393e-01
4.51117108e-01  3.41379920e-01  4.00715605e-01
8.71171149e-01  3.21633165e-01  7.05132171e-01
7.05434751e-01  9.24434181e-01  4.40018102e-01
6.02842288e-01  7.26240460e-01  4.94437143e-01
5.73424269e-01  5.31428290e-01  7.71899959e-01
8.81893298e-01  5.22843528e-01  5.69573621e-01
9.47921027e-01  5.81205581e-01  3.00082476e-01
2.80664679e-01  7.97082013e-01  2.77661415e-01
6.78584724e-01  4.31839988e-01  9.56097543e-01
6.11936972e-01  3.23771728e-01  3.06454134e-01
2.76736019e-01  2.91154028e-01  9.29183304e-01
4.51836815e-01  5.32974144e-01  6.45246443e-01
3.14264162e-01  8.98412919e-01  6.82193079e-01
2.99806591e-01  3.59175307e-01  7.48345440e-01
9.88766139e-01  6.01975756e-01  3.34700182e-01
4.37978622e-01  4.18402796e-01  2.87086135e-01
7.15948499e-01  3.57434998e-01  2.51316169e-01
5.56552901e-01  8.96600602e-01  4.66838275e-01
7.27185770e-01  3.78146581e-01  8.78482707e-01
5.69803049e-01  3.39445925e-01  8.13658622e-01
2.54525993e-01  5.19305470e-01  3.16775100e-01
3.37080131e-01  4.06157545e-01  3.20269005e-01
6.94164042e-01  4.50611527e-01  6.57539252e-01
4.68075047e-01  4.33973412e-01  6.47711252e-01
2.70334837e-01  4.72143403e-01  3.68516503e-01
8.55666906e-01  3.91755094e-01  8.86574326e-01
8.39900918e-01  8.17387055e-01  8.92008663e-01
5.61446272e-01  2.73272748e-01  2.93779089e-01
3.08901512e-01  3.74082968e-01  2.83793819e-01
5.69545100e-01  3.38713401e-01  2.99797601e-01
4.23797918e-01  6.15002577e-01  5.87341615e-01
6.57485610e-01  6.37589789e-01  4.15446703e-01
5.11347522e-01  8.43789323e-01  5.72525123e-01
7.00438355e-01  6.70873673e-01  2.75387295e-01
9.13923780e-01  5.97554546e-01  3.37067070e-01
6.02699536e-01  2.86500661e-01  3.52942484e-01
3.45953993e-01  6.78073995e-01  3.14971451e-01
7.60212240e-01  2.55147982e-01  6.94554288e-01
9.48228722e-01  8.95860033e-01  2.87650915e-01
2.76605596e-01  2.90763248e-01  5.08008298e-01
5.09655114e-01  4.01707385e-01  9.80471117e-01
9.26426977e-01  3.85427541e-01  7.23000945e-01
6.84367754e-01  2.94497976e-01  6.16727489e-01
6.05030938e-01  2.95676002e-01  6.81207116e-01
6.55858784e-01  4.85955155e-01  9.93112455e-01
5.04677204e-01  6.51186603e-01  8.37399986e-01
3.32558023e-01  8.88301720e-01  7.87656362e-01
5.78218523e-01  2.85616073e-01  4.66471337e-01
3.36124104e-01  3.16639005e-01  4.68954244e-01
2.79364700e-01  3.35727077e-01  3.05523509e-01
4.44546678e-01  5.68531790e-01  5.96766162e-01
2.51774837e-01  8.56885551e-01  9.29580324e-01
5.77120493e-01  3.48262637e-01  3.50487941e-01
7.24748527e-01  5.18129475e-01  3.48672063e-01
5.32138693e-01  8.73130508e-01  3.11068606e-01
3.93069283e-01  6.36571379e-01  6.09384987e-01
3.48207386e-01  5.28847135e-01  3.11395906e-01
5.39045168e-01  6.45008880e-01  3.36325867e-01
2.57481409e-01  9.43490743e-01  2.74524981e-01
2.57960228e-01  4.23109032e-01  9.81248155e-01
2.79215345e-01  6.50378669e-01  2.96449686e-01
6.04800763e-01  9.04426756e-01  2.87136795e-01
5.33242304e-01  5.72815454e-01  4.82632333e-01
8.35113381e-01  5.50097854e-01  4.80584031e-01
3.01312267e-01  7.67588034e-01  7.15300506e-01
5.32459366e-01  4.12863637e-01  2.76200081e-01
4.14208159e-01  5.47304907e-01  2.96885377e-01
5.73573297e-01  4.84571687e-01  5.34609358e-01
6.69105070e-01  2.95776170e-01  3.56521326e-01
2.83183065e-01  3.98884680e-01  6.10067891e-01
2.82951540e-01  4.69863210e-01  5.38363326e-01
3.40773088e-01  7.45206167e-01  4.47126595e-01
5.95739131e-01  5.59456723e-01  6.01139167e-01
2.65444466e-01  3.41610517e-01  3.86091191e-01
3.35725835e-01  8.45799297e-01  9.68119607e-01
4.54155738e-01  8.83811443e-01  7.25117675e-01
3.52302744e-01  2.55727262e-01  3.22850542e-01
2.57193481e-01  3.27631627e-01  4.95136215e-01
4.86164462e-01  3.82043818e-01  4.39366659e-01
3.56664432e-01  5.64530613e-01  9.12993640e-01
9.42417652e-01  9.97772213e-01  3.26614304e-01
3.19363823e-01  7.32857695e-01  8.22405999e-01
8.60587195e-01  4.15575914e-01  8.44617881e-01
3.37407045e-01  5.06324509e-01  9.00505062e-01
8.99721838e-01  6.75971776e-01  3.19484919e-01
8.61833776e-01  3.61607124e-01  7.98624118e-01
4.15325920e-01  7.04813859e-01  8.45323318e-01
4.83864638e-01  2.73572980e-01  5.45861463e-01
4.93648461e-01  9.25079379e-01  4.35634473e-01
3.54941521e-01  4.43641367e-01  4.63988375e-01
4.39335999e-01  3.04895649e-01  8.05146424e-01
9.85653234e-01  4.31742702e-01  3.63691691e-01
3.51403376e-01  2.99860778e-01  4.06886983e-01
5.46450106e-01  2.53849620e-01  8.63426741e-01
3.82300151e-01  2.90268879e-01  5.97962018e-01
7.21070102e-01  5.57146602e-01  4.73495572e-01
3.27516897e-01  8.31011295e-01  6.67535255e-01
3.12034619e-01  3.30613032e-01  3.63785326e-01
5.89037341e-01  6.43741429e-01  4.56176757e-01
6.73161017e-01  4.55025811e-01  7.55178181e-01
9.66153651e-01  2.70925138e-01  9.11898194e-01
7.07277627e-01  5.26733609e-01  4.23346304e-01
3.04343845e-01  3.30401892e-01  8.55995389e-01
7.58569988e-01  4.77543138e-01  3.37895915e-01
3.91873833e-01  7.88603172e-01  2.53220605e-01
3.67451157e-01  2.87064090e-01  8.58435300e-01
6.87842965e-01  8.55126218e-01  3.59893866e-01
5.17454629e-01  4.20460315e-01  6.67993143e-01
