8.28618073e-01  2.40094138e-01  9.78863423e-01  9.14612383e-01  1.51901440e-01  9.87574367e-01
8.32143050e-01  2.56140332e-01  9.56286872e-01  9.18275252e-01  1.43930717e-01  9.66502743e-01
9.30085411e-01  4.39225292e-01  4.97807415e-01  9.76849352e-01  4.32022145e-01  5.21402310e-01
9.68049638e-01  3.77462009e-01  4.09789166e-01  9.94110388e-01  3.27236107e-01  4.35748217e-01
8.72044569e-01  2.07945193e-01  8.52179652e-01  9.32325007e-01  1.48636748e-01  8.74743187e-01
7.43577935e-01  6.82100720e-01  9.71114977e-01  9.06683559e-01  4.31469104e-01  9.71579348e-01
8.81293754e-01  5.44449249e-01  5.93490492e-01  9.65100187e-01  4.04100951e-01  6.03436520e-01
7.71766738e-01  6.86553590e-01  8.71795111e-01  9.21184931e-01  4.59097309e-01  8.71958541e-01
8.27609464e-01  6.53314612e-01  7.03731515e-01  9.45254289e-01  5.10667962e-01  7.05761866e-01
7.40838061e-01  8.09222016e-01  8.94683078e-01  9.16211059e-01  5.20821371e-01  8.89101875e-01
7.33483875e-01  7.58342194e-01  9.54148540e-01  9.07527991e-01  4.88737052e-01  9.52468684e-01
8.39180249e-01  1.90335511e-01  9.76356809e-01  9.15626769e-01  1.30191123e-01  9.86259393e-01
9.34633141e-01  4.58033456e-01  4.69578883e-01  9.80145721e-01  4.73921638e-01  4.90241118e-01
8.93270104e-01  7.06492808e-01  4.43224196e-01  9.83529261e-01  6.72873561e-01  4.20967745e-01
8.22529069e-01  8.37965589e-01  5.96181043e-01  9.59551450e-01  6.87287495e-01  5.71311430e-01
8.63562791e-01  8.01624539e-01  4.80517630e-01  9.76673925e-01  7.45452075e-01  4.47582325e-01
7.99841698e-01  6.93514041e-01  7.71174309e-01  9.33106155e-01  5.58568191e-01  7.71709366e-01
9.33847749e-01  2.30844239e-01  6.25871818e-01  9.63455966e-01  1.84110390e-01  6.67102594e-01
8.22459809e-01  8.70742397e-01  5.74298719e-01  9.62134612e-01  7.37536906e-01  5.42727981e-01
8.41211858e-01  6.61515774e-01  6.51724984e-01  9.54116127e-01  5.02168202e-01  6.50954834e-01
7.84119555e-01  5.19137528e-01  9.42575670e-01  9.11803029e-01  3.89410592e-01  9.48799353e-01
8.71182937e-01  4.31449648e-01  7.04587143e-01  9.49166709e-01  3.25743747e-01  7.24886436e-01
8.69993495e-01  2.71831515e-01  8.16072807e-01  9.37672200e-01  1.56976354e-01  8.38451548e-01
9.58485591e-01  3.76383884e-01  4.43190223e-01  9.89044920e-01  3.15820111e-01  4.70967054e-01
9.49698857e-01  2.12670153e-01  5.83684856e-01  9.69522499e-01  1.76952389e-01  6.29386988e-01
8.06273602e-01  6.15435332e-01  8.02190172e-01  9.32132652e-01  4.39826048e-01  8.06863931e-01
8.36475967e-01  7.28157518e-01  6.22633561e-01  9.52067503e-01  6.96791104e-01  6.17040340e-01
8.78514712e-01  3.48667139e-01  7.35403856e-01  9.47175165e-01  2.33976223e-01  7.59603581e-01
9.07742778e-01  6.21951618e-01  4.51128421e-01  9.81717223e-01  6.21669226e-01  4.45350227e-01
7.73559601e-01  6.33260924e-01  9.01634962e-01  9.15848252e-01  4.64234938e-01  9.04960193e-01
8.70300612e-01  7.92270863e-01  4.63810394e-01  9.71783949e-01  9.21803862e-01  4.36778026e-01
8.34677005e-01  6.35319603e-01  6.91729828e-01  9.49670750e-01  4.42527494e-01  6.93728391e-01
9.60933902e-01  3.90663507e-01  4.25190039e-01  9.91606957e-01  3.34561276e-01  4.50053290e-01
7.39411871e-01  6.84194225e-01  9.83937043e-01  9.05246247e-01  4.17383382e-01  9.84166868e-01
7.96528456e-01  4.47777117e-01  9.48637605e-01  9.14983783e-01  2.79127109e-01  9.55285847e-01
8.31637541e-01  7.13520267e-01  6.49041500e-01  9.48443345e-01  6.71880903e-01  6.46241849e-01
8.87572745e-01  3.98131644e-01  6.71076270e-01  9.55053418e-01  2.92457995e-01  6.95088413e-01
9.33353866e-01  3.03980043e-01  5.77907424e-01  9.68987343e-01  2.51742614e-01  6.14935896e-01
8.87466662e-01  6.77804921e-01  4.82409882e-01  9.79448060e-01  5.84144775e-01  4.68360025e-01
8.27429437e-01  2.34003293e-01  9.87035735e-01  9.12987936e-01  1.63189796e-01  9.95294603e-01
8.44585062e-01  7.15719183e-01  6.03323441e-01  9.56208245e-01  6.68030603e-01  5.97359054e-01
8.89726065e-01  6.84121803e-01  4.70428124e-01  9.79891982e-01  6.27429721e-01  4.55162812e-01
8.27151051e-01  2.77279911e-01  9.58778533e-01  9.17591310e-01  1.52628689e-01  9.68292944e-01
8.67922753e-01  4.23363303e-01  7.20884271e-01  9.45632510e-01  3.47303190e-01  7.41882717e-01
8.29062745e-01  8.65976496e-01  5.54956582e-01  9.65504065e-01  7.36499804e-01  5.21364732e-01
8.44175933e-01  7.39064925e-01  5.89265377e-01  9.61787543e-01  6.06681161e-01  5.76760327e-01
8.39271745e-01  2.56238856e-01  9.31564325e-01  9.21394003e-01  1.51208813e-01  9.44241249e-01
9.30925613e-01  3.90996849e-01  5.27482893e-01  9.77127504e-01  2.86605815e-01  5.54389339e-01
8.50291025e-01  8.67010085e-01  4.81734544e-01  9.69547513e-01  9.54252081e-01  4.43363382e-01
8.01959346e-01  5.44428682e-01  8.64850448e-01  9.22960968e-01  4.10276044e-01  8.72757978e-01
8.63298209e-01  6.52743582e-01  5.81890488e-01  9.65724418e-01  4.91966814e-01  5.78422699e-01
9.90738750e-01  3.00292095e-01  3.84351800e-01  9.98140329e-01  2.79624624e-01  4.21285323e-01
7.44501127e-01  7.23708515e-01  9.39879377e-01  9.10604780e-01  4.62857025e-01  9.38922159e-01
7.64024769e-01  7.15756307e-01  8.78538247e-01  9.18591148e-01  5.03957976e-01  8.77868143e-01
9.58140214e-01  3.12298662e-01  4.87615395e-01  9.81232197e-01  2.94078722e-01  5.26275458e-01
7.75784999e-01  4.90702857e-01  9.90245108e-01  9.05642076e-01  3.61350418e-01  9.95027006e-01
8.34371886e-01  9.17732068e-01  5.01891976e-01  9.69116802e-01  9.16078494e-01  4.55253640e-01
8.35471122e-01  2.68238031e-01  9.36452227e-01  9.20748850e-01  1.51738892e-01  9.48252621e-01
8.31725900e-01  2.24799702e-01  9.78566934e-01  9.14981972e-01  1.42119301e-01  9.87542914e-01
9.80777036e-01  2.46453391e-01  4.54714501e-01  9.87636786e-01  2.26867528e-01  5.01268359e-01
9.65847502e-01  4.20279829e-01  3.88418219e-01  9.92728453e-01  4.72292437e-01  4.09927034e-01
7.42069525e-01  6.92423620e-01  9.69302204e-01  9.07297893e-01  4.24642760e-01  9.69271235e-01
7.88419430e-01  7.41722428e-01  7.77665763e-01  9.31700991e-01  5.84432524e-01  7.74537439e-01
7.55185363e-01  5.94286788e-01  9.90720580e-01  9.04148307e-01  4.08092213e-01  9.93431119e-01
7.90257793e-01  8.07836513e-01  7.26768190e-01  9.40531818e-01  5.97161813e-01  7.14852631e-01
8.52919169e-01  8.30917595e-01  4.97112380e-01  9.73416636e-01  7.72079482e-01  4.62107114e-01
7.48619095e-01  6.20475330e-01  9.95481224e-01  9.02350555e-01  4.37641196e-01  9.97896363e-01
9.98899929e-01  2.79690440e-01  3.70373158e-01  9.99662187e-01  2.83910389e-01  4.10499611e-01
8.36356591e-01  3.30911121e-01  8.91128312e-01  9.26094660e-01  1.90044065e-01  9.04803957e-01
9.04660434e-01  6.14307539e-01  4.66518880e-01  9.76462227e-01  6.74079808e-01  4.66006140e-01
8.50405304e-01  2.24501721e-01  9.14942015e-01  9.23332309e-01  1.56515038e-01  9.30539760e-01
9.35658029e-01  4.33257384e-01  4.82797285e-01  9.83370093e-01  3.32494802e-01  5.03377444e-01
9.83079066e-01  3.03993074e-01  4.08021792e-01  9.92804730e-01  3.15450351e-01  4.46940633e-01
7.83806397e-01  5.45009235e-01  9.26184586e-01  9.13464451e-01  4.13720752e-01  9.32329496e-01
9.31415693e-01  2.31933709e-01  6.33147537e-01  9.62171153e-01  1.87966254e-01  6.73904518e-01
8.32315178e-01  3.01659000e-01  9.24678468e-01  9.19978011e-01  2.17672707e-01  9.37430463e-01
9.21699449e-01  3.16952054e-01  6.09267533e-01  9.65096977e-01  2.39968504e-01  6.43220616e-01
9.42407388e-01  3.96347218e-01  4.84646474e-01  9.80127158e-01  3.79515657e-01  5.12933897e-01
7.44793250e-01  7.05191159e-01  9.51378498e-01  9.08991958e-01  4.54697686e-01  9.51218222e-01
8.54465778e-01  7.71089241e-01  5.32201683e-01  9.64914850e-01  7.82259414e-01  5.14202176e-01
8.28981780e-01  7.52559261e-01  6.32067922e-01  9.51133353e-01  6.96376170e-01  6.23647912e-01
9.79781435e-01  3.10705745e-01  4.14757816e-01  9.94371742e-01  2.57947858e-01  4.50639615e-01
8.21068082e-01  3.37577401e-01  9.38866596e-01  9.17999470e-01  2.21591110e-01  9.49184197e-01
9.60967510e-01  3.81151602e-01  4.31493957e-01  9.90791387e-01  3.22997017e-01  4.58049385e-01
8.62756229e-01  2.10341085e-01  8.82298454e-01  9.28106205e-01  1.49150719e-01  9.01680234e-01
7.57091950e-01  5.95613131e-01  9.83310302e-01  9.03995173e-01  4.40517595e-01  9.86659565e-01
7.52421232e-01  6.57237240e-01  9.57679807e-01  9.09576399e-01  4.08102748e-01  9.58611580e-01
8.15608326e-01  4.46328734e-01  8.84125502e-01  9.24977249e-01  2.65472096e-01  8.93934514e-01
7.57042396e-01  5.99681288e-01  9.80733742e-01  9.03824467e-01  4.55156815e-01  9.84253871e-01
8.38368672e-01  8.80553173e-01  5.13326494e-01  9.66149289e-01  9.07921394e-01  4.76237267e-01
8.23000408e-01  6.92276576e-01  6.93184821e-01  9.45296987e-01  5.67087745e-01  6.91997032e-01
8.18260600e-01  5.71548460e-01  7.90852398e-01  9.33284876e-01  4.41083354e-01  7.99172875e-01
9.62021517e-01  2.97230781e-01  4.84821824e-01  9.84116875e-01  2.29892563e-01  5.23638082e-01
8.60941536e-01  5.14907794e-01  6.83255949e-01  9.51683559e-01  3.75942065e-01  6.96740065e-01
8.41957693e-01  3.17712153e-01  8.81195548e-01  9.25730181e-01  2.34207433e-01  8.97098087e-01
8.11386357e-01  3.25718162e-01  9.79952809e-01  9.13491896e-01  1.85005444e-01  9.86845338e-01
9.78835641e-01  2.99683571e-01  4.25724529e-01  9.91093816e-01  2.87659803e-01  4.65076039e-01
9.04449828e-01  2.98996742e-01  6.80018765e-01  9.56350406e-01  1.88928169e-01  7.11008602e-01
1.00526546e+00  2.41967882e-01  3.74082228e-01  9.99180418e-01  2.55210471e-01  4.20452094e-01
8.56011925e-01  2.19441606e-01  8.99200339e-01  9.25627623e-01  1.53508462e-01  9.16536184e-01
9.60465605e-01  4.31027062e-01  3.99552167e-01  9.95305065e-01  3.76864788e-01  4.16218940e-01
9.44646098e-01  2.21858436e-01  5.94746492e-01  9.67971666e-01  1.79205873e-01  6.38795080e-01
8.07854766e-01  8.52006461e-01  6.36840014e-01  9.53839493e-01  6.63563154e-01  6.13620214e-01
7.88927831e-01  4.30697278e-01  9.85837574e-01  9.09388650e-01  2.77499452e-01  9.91046659e-01
7.89838775e-01  6.46628313e-01  8.36991857e-01  9.23750407e-01  5.19863422e-01  8.40972791e-01
8.11169596e-01  3.68173247e-01  9.52337264e-01  9.16775047e-01  2.09898849e-01  9.60350622e-01
8.52047518e-01  8.77434476e-01  4.68699226e-01  9.71763458e-01  9.67635753e-01  4.25950500e-01
7.34599586e-01  7.05736250e-01  9.85840268e-01  9.03397628e-01  4.58804850e-01  9.86119338e-01
9.60378793e-01  3.21107211e-01  4.74023607e-01  9.82974254e-01  3.08379454e-01  5.11682628e-01
8.47204453e-01  8.23753819e-01  5.21470335e-01  9.70590665e-01  7.29721770e-01  4.90360714e-01
9.66558779e-01  4.12864180e-01  3.91290420e-01  9.94228321e-01  4.23126413e-01  4.12580101e-01
8.97207500e-01  6.99284024e-01  4.34637031e-01  9.78997770e-01  8.07260396e-01  4.17898507e-01
9.47235243e-01  4.19119942e-01  4.52786046e-01  9.87946049e-01  3.31850481e-01  4.74181978e-01
7.43405365e-01  7.02669944e-01  9.57822264e-01  9.08204362e-01  4.48620779e-01  9.57723170e-01
9.89523966e-01  3.31675690e-01  3.67323912e-01  9.99192457e-01  3.42966702e-01  3.99391320e-01
9.03662591e-01  3.66874723e-01  6.37199252e-01  9.59270802e-01  3.00830992e-01  6.66036153e-01
7.78312303e-01  6.40076606e-01  8.81093980e-01  9.17982086e-01  4.93750697e-01  8.84732386e-01
7.67323575e-01  8.04449426e-01  8.07411118e-01  9.28823850e-01  5.58338204e-01  7.99231190e-01
7.56365611e-01  6.04175920e-01  9.80311920e-01  9.06765004e-01  3.85884536e-01  9.82474285e-01
7.99777198e-01  3.71170852e-01  9.88942089e-01  9.09211581e-01  2.64444663e-01  9.95304200e-01
8.48565648e-01  5.88434124e-01  6.75620478e-01  9.48090842e-01  5.20289027e-01  6.84750950e-01
8.60520589e-01  1.75429163e-01  9.13499412e-01  9.24568702e-01  1.23150455e-01  9.30587640e-01
8.32285884e-01  8.76535956e-01  5.36818605e-01  9.63616749e-01  8.64349245e-01  5.02899247e-01
9.08281677e-01  5.97856099e-01  4.65249736e-01  9.82650204e-01  5.24241183e-01  4.62145671e-01
7.71415775e-01  5.52436770e-01  9.63508490e-01  9.08302595e-01  4.02762910e-01  9.68058954e-01
8.31925978e-01  8.83947140e-01  5.33047284e-01  9.66903129e-01  8.08812705e-01  4.95100372e-01
9.11449578e-01  2.38825874e-01  6.96709527e-01  9.53695571e-01  1.73173398e-01  7.31803957e-01
9.04773448e-01  5.60610942e-01  5.02368187e-01  9.73037190e-01  5.77194201e-01  5.11140417e-01
8.47298322e-01  4.80127183e-01  7.53340115e-01  9.42840362e-01  3.17815669e-01  7.67359426e-01
7.74914115e-01  5.65899918e-01  9.42468525e-01  9.10539625e-01  4.28543675e-01  9.47545332e-01
9.87456993e-01  3.25420102e-01  3.78606665e-01  9.99912146e-01  2.78263428e-01  4.10246664e-01
9.82044670e-01  3.04579068e-01  4.11160260e-01  9.94249600e-01  2.70442732e-01  4.48435338e-01
8.43910271e-01  4.29371722e-01  7.99168020e-01  9.36066405e-01  3.00306217e-01  8.14994765e-01
8.56845147e-01  7.94855283e-01  5.08034966e-01  9.67372190e-01  8.40718905e-01  4.84462736e-01
7.76526037e-01  5.82994386e-01  9.25424300e-01  9.13902784e-01  4.12234732e-01  9.29873282e-01
8.34371030e-01  3.20310536e-01  9.05364465e-01  9.23696825e-01  1.99037505e-01  9.18550311e-01
7.56373322e-01  5.88518169e-01  9.90555819e-01  9.06387143e-01  3.51977283e-01  9.92489313e-01
8.30869000e-01  5.45811945e-01  7.65144420e-01  9.40431029e-01  3.54478798e-01  7.74046059e-01
8.37272803e-01  2.76543259e-01  9.24690496e-01  9.21604492e-01  1.73250263e-01  9.37620456e-01
8.72923877e-01  3.44930950e-01  7.57025981e-01  9.42728417e-01  2.64199474e-01  7.80898174e-01
8.71976954e-01  2.98149216e-01  7.91535188e-01  9.40730192e-01  1.75000120e-01  8.14527480e-01
9.89056401e-01  2.52188567e-01  4.22559732e-01  9.92351207e-01  2.38672362e-01  4.68208043e-01
8.36371646e-01  7.38365932e-01  6.16101031e-01  9.53065181e-01  7.04344933e-01  6.08835076e-01
8.60689746e-01  7.05266821e-01  5.55356728e-01  9.61690050e-01  7.23082279e-01  5.49035699e-01
7.50276004e-01  6.82376222e-01  9.48043047e-01  9.10208533e-01  4.33783567e-01  9.48415986e-01
8.18329197e-01  3.29589241e-01  9.53616275e-01  9.15759617e-01  2.23460780e-01  9.63103978e-01
8.84628765e-01  6.77743408e-01  4.92145916e-01  9.70958838e-01  7.42030601e-01  4.85056146e-01
7.71369653e-01  6.05458316e-01  9.27880894e-01  9.11406370e-01  4.68950013e-01  9.32323667e-01
8.14272641e-01  6.82963544e-01  7.28989771e-01  9.38170225e-01  5.94754869e-01  7.30575448e-01
7.73552506e-01  6.94434034e-01  8.60375016e-01  9.22121212e-01  4.82324586e-01  8.60398953e-01
9.69831388e-01  2.20039603e-01  5.09932399e-01  9.79867927e-01  1.95638899e-01  5.58564085e-01
8.26639043e-01  2.54763684e-01  9.76022554e-01  9.14778417e-01  1.61477127e-01  9.84736397e-01
9.85124562e-01  2.88405064e-01  4.11552752e-01  9.92865128e-01  2.90655417e-01  4.52482028e-01
8.13473368e-01  4.32966958e-01  9.00734740e-01  9.20647735e-01  3.11662641e-01  9.11176200e-01
9.13630807e-01  3.72137823e-01  5.99294734e-01  9.66733120e-01  2.59695805e-01  6.27492566e-01
9.74392320e-01  3.15452015e-01  4.29965516e-01  9.89331029e-01  3.20766273e-01  4.67949314e-01
8.29265004e-01  5.73764171e-01  7.51760600e-01  9.41320350e-01  3.92634161e-01  7.59218228e-01
9.97155234e-01  2.93676942e-01  3.66895282e-01  9.99184306e-01  3.17948628e-01  4.05425720e-01
9.70018519e-01  3.29018162e-01  4.35753272e-01  9.90628499e-01  2.77248511e-01  4.70033176e-01
7.61202649e-01  8.06558033e-01  8.26901180e-01  9.25966449e-01  5.51161592e-01  8.19274807e-01
7.59378839e-01  6.57853374e-01  9.33789473e-01  9.13789225e-01  3.98118766e-01  9.34493952e-01
8.33893423e-01  2.15264485e-01  9.77596564e-01  9.15922387e-01  1.20977593e-01  9.86566433e-01
8.50863908e-01  7.02106444e-01  5.91356642e-01  9.59055381e-01  6.42322419e-01  5.85761809e-01
8.31547573e-01  2.28464037e-01  9.76703029e-01  9.15121388e-01  1.45563946e-01  9.85824959e-01
8.12245845e-01  7.83131416e-01  6.68317426e-01  9.48923880e-01  6.17831096e-01  6.56083882e-01
8.44904033e-01  9.01441897e-01  4.76903177e-01  9.70830990e-01  9.72507899e-01  4.30766191e-01
7.69440926e-01  5.41699696e-01  9.77801957e-01  9.08817286e-01  3.36553851e-01  9.81106798e-01
8.10194663e-01  3.95484177e-01  9.36936726e-01  9.15840421e-01  2.90896079e-01  9.46460137e-01
8.42977006e-01  8.82004554e-01  4.96603306e-01  9.68258325e-01  9.31638094e-01  4.57039292e-01
7.93587433e-01  6.47897399e-01  8.23625766e-01  9.26543165e-01  5.04818233e-01  8.27174258e-01
8.29501160e-01  8.88750582e-01  5.38089927e-01  9.66162280e-01  8.07998602e-01  5.00046730e-01
9.96505708e-01  2.48764478e-01  3.99421474e-01  9.95613353e-01  2.46927375e-01  4.45311256e-01
8.35034706e-01  3.25815640e-01  8.99082914e-01  9.23165867e-01  2.33512564e-01  9.13195309e-01
8.38627107e-01  6.95408419e-01  6.37384567e-01  9.50610306e-01  6.56759334e-01  6.35958918e-01
8.06159816e-01  7.53592354e-01  7.09044056e-01  9.41133017e-01  6.29999431e-01  7.03144512e-01
8.56740279e-01  7.00498473e-01  5.72067442e-01  9.59500339e-01  7.05448502e-01  5.67296740e-01
8.89998051e-01  6.07556486e-01  5.21464257e-01  9.70690531e-01  5.88270426e-01  5.24059897e-01
8.45820263e-01  2.28924452e-01  9.27623401e-01  9.21414899e-01  1.60611410e-01  9.41858829e-01
9.09914274e-01  5.99853428e-01  4.58324486e-01  9.84241369e-01  5.16621273e-01  4.53762201e-01
8.48135260e-01  2.22116701e-01  9.24606000e-01  9.22072160e-01  1.55922311e-01  9.39281141e-01
8.64535944e-01  7.46023942e-01  5.14712797e-01  9.66079703e-01  8.09982574e-01  5.00102015e-01
8.56020193e-01  3.01062238e-01  8.44385286e-01  9.32379672e-01  1.96677135e-01  8.63421796e-01
8.32167905e-01  3.43391022e-01  8.97017444e-01  9.25014970e-01  1.98053217e-01  9.09814069e-01
7.22415674e-01  7.70905040e-01  9.83487973e-01  9.03552422e-01  4.72472747e-01  9.81858068e-01
9.49451245e-01  3.39476979e-01  4.98959311e-01  9.79142219e-01  3.16660759e-01  5.34280640e-01
9.42206608e-01  2.15648938e-01  6.07270965e-01  9.66096960e-01  1.77570753e-01  6.51210322e-01
9.85270085e-01  2.58911019e-01  4.30958460e-01  9.90948414e-01  2.44351451e-01  4.75847408e-01
9.53898074e-01  2.63772940e-01  5.34853753e-01  9.75319660e-01  2.36311223e-01  5.78010859e-01
8.48640522e-01  2.79965477e-01  8.83539848e-01  9.27808082e-01  1.65006880e-01  8.99800831e-01
8.45694269e-01  3.36052595e-01  8.56051133e-01  9.29333407e-01  2.38250882e-01  8.73019640e-01
8.41768811e-01  8.14466035e-01  5.46605857e-01  9.65072400e-01  7.49529625e-01  5.21534585e-01
8.36769360e-01  2.17785598e-01  9.66068004e-01  9.17553563e-01  1.20867266e-01  9.76130083e-01
8.15273970e-01  9.85789462e-01  5.21210934e-01  9.66438150e-01  9.45589696e-01  4.65377585e-01
7.62073920e-01  6.18025135e-01  9.51162403e-01  9.10364348e-01  4.07755731e-01  9.53640505e-01
8.32163038e-01  5.87280488e-01  7.32738111e-01  9.44718279e-01  3.86722582e-01  7.38837444e-01
8.70255971e-01  2.16648228e-01  8.52417167e-01  9.31989379e-01  1.57926036e-01  8.74674662e-01
8.07976304e-01  8.63628123e-01  6.28581657e-01  9.53426804e-01  7.13859561e-01  6.04240528e-01
9.11546072e-01  1.94530133e-01  7.26272314e-01  9.49887958e-01  1.48735847e-01  7.62069523e-01
8.24857852e-01  2.50481987e-01  9.84700786e-01  9.13504512e-01  1.60074039e-01  9.92726220e-01
9.87230604e-01  2.29053871e-01  4.44408618e-01  9.89132340e-01  2.19425613e-01  4.93455545e-01
7.40149628e-01  6.79098650e-01  9.84855194e-01  9.04951549e-01  4.20535467e-01  9.85303383e-01
7.63729344e-01  5.77294180e-01  9.72995041e-01  9.05926719e-01  4.29378875e-01  9.76933755e-01
7.64782484e-01  5.68488309e-01  9.75339859e-01  9.05758093e-01  4.23564964e-01  9.79405626e-01
8.23775781e-01  2.77980859e-01  9.69838505e-01  9.16007638e-01  1.53000364e-01  9.78362089e-01
7.64451810e-01  8.57916717e-01  7.81139779e-01  9.32227309e-01  5.99665541e-01  7.67519072e-01
8.07936087e-01  3.56365108e-01  9.71057460e-01  9.14109108e-01  2.05080943e-01  9.78085801e-01
8.51061730e-01  8.73100141e-01  4.74992076e-01  9.73064233e-01  9.07087466e-01  4.32085346e-01
9.50320502e-01  4.38262232e-01  4.29328388e-01  9.90794990e-01  3.69130633e-01  4.46995154e-01
8.28812308e-01  7.59841588e-01  6.27435552e-01  9.55819110e-01  6.04826467e-01  6.14967981e-01
7.82942091e-01  4.88445263e-01  9.67313760e-01  9.09141890e-01  3.59131406e-01  9.73109009e-01
8.30799694e-01  9.39104164e-01  4.99673492e-01  9.69100254e-01  9.42601998e-01  4.49017683e-01
7.44374285e-01  8.10846175e-01  8.81504609e-01  9.18029037e-01  5.29155669e-01  8.75448205e-01
8.73947723e-01  7.35914232e-01  4.89381858e-01  9.77172149e-01  6.48975096e-01  4.67455622e-01
8.25711374e-01  2.48183669e-01  9.83335954e-01  9.14625309e-01  1.36566023e-01  9.91158569e-01
8.15649988e-01  5.34807634e-01  8.24567294e-01  9.29686565e-01  3.92514665e-01  8.33866484e-01
8.53889314e-01  7.40864141e-01  5.54567728e-01  9.62044562e-01  7.39514589e-01  5.42832701e-01
8.07355543e-01  5.14597360e-01  8.66545940e-01  9.23419373e-01  3.85798949e-01  8.75670760e-01
8.46377352e-01  7.45064537e-01  5.77396895e-01  9.58074169e-01  7.43836383e-01  5.67264938e-01
7.59540649e-01  5.85366049e-01  9.81859346e-01  9.04314970e-01  4.36859486e-01  9.85483069e-01
7.51731874e-01  6.04207474e-01  9.95824484e-01  9.01842281e-01  4.47338505e-01  9.98837668e-01
8.37941228e-01  2.20686375e-01  9.60105777e-01  9.17961109e-01  1.31931038e-01  9.70870346e-01
8.22653825e-01  5.33372745e-01  8.01309218e-01  9.35318259e-01  3.38379929e-01  8.10172355e-01
9.34071020e-01  4.16935191e-01  4.99233327e-01  9.79810615e-01  3.43936061e-01  5.23471717e-01
8.72426495e-01  2.16518235e-01  8.45089098e-01  9.33518586e-01  1.45501436e-01  8.67837155e-01
8.13863198e-01  3.60670573e-01  9.48196953e-01  9.16890499e-01  2.21008781e-01  9.56953416e-01
8.36072060e-01  3.29952808e-01  8.92747272e-01  9.25924184e-01  1.88311363e-01  9.06311746e-01
8.41503973e-01  8.75657133e-01  5.05919352e-01  9.69508581e-01  8.58044612e-01  4.66617438e-01
8.80774025e-01  2.62120435e-01  7.86091399e-01  9.41933354e-01  1.57005726e-01  8.11629983e-01
7.86238266e-01  6.42860756e-01  8.51836144e-01  9.21407593e-01  5.19761128e-01  8.56024285e-01
8.39317144e-01  2.55916800e-01  9.31626040e-01  9.20269721e-01  1.79014525e-01  9.44803552e-01
8.58174181e-01  6.83572117e-01  5.78591236e-01  9.60170523e-01  6.54043822e-01  5.75289842e-01
7.62452988e-01  6.24783527e-01  9.45304765e-01  9.08601382e-01  4.75313305e-01  9.48793752e-01
7.43760478e-01  6.68632357e-01  9.79581258e-01  9.05766819e-01  4.19491524e-01  9.80323693e-01
7.87248520e-01  4.34974121e-01  9.88689496e-01  9.09783833e-01  2.57494351e-01  9.93295628e-01
9.14798313e-01  6.29736269e-01  4.21473231e-01  9.81496833e-01  7.51458708e-01  4.15212788e-01
8.70414009e-01  7.85505210e-01  4.67988748e-01  9.73756110e-01  8.53651200e-01  4.40425015e-01
8.46798072e-01  7.33816941e-01  5.83549681e-01  9.56966615e-01  7.38886278e-01  5.75552312e-01
7.53242263e-01  7.68995681e-01  8.79448961e-01  9.18163755e-01  5.23756747e-01  8.75875128e-01
7.53973337e-01  6.01255238e-01  9.90158139e-01  9.02605661e-01  4.49679465e-01  9.93381374e-01
8.55767724e-01  1.89953960e-01  9.19936212e-01  9.23355835e-01  1.33277977e-01  9.35945434e-01
8.73019513e-01  6.07744394e-01  5.79045363e-01  9.66870895e-01  4.51118163e-01  5.80836829e-01
9.65037045e-01  2.36403295e-01  5.15268965e-01  9.79092535e-01  2.03275133e-01  5.61711435e-01
8.93967224e-01  4.87553300e-01  5.88885556e-01  9.65857780e-01  3.76728475e-01  6.05639378e-01
8.05197799e-01  3.86279887e-01  9.60223071e-01  9.13921982e-01  2.52764705e-01  9.67883600e-01
7.67197981e-01  6.50028461e-01  9.12054505e-01  9.13417956e-01  4.87849758e-01  9.14901600e-01
8.25487036e-01  2.43717407e-01  9.87116504e-01  9.13061653e-01  1.61978743e-01  9.95111360e-01
7.59622187e-01  6.45069247e-01  9.41585648e-01  9.12166313e-01  4.06190852e-01  9.42973370e-01
8.78229067e-01  6.09127080e-01  5.60313400e-01  9.63596798e-01  6.02518175e-01  5.65634619e-01
8.38379428e-01  6.87661620e-01  6.43458545e-01  9.49763717e-01  6.49451828e-01  6.43136223e-01
9.74506580e-01  2.78806194e-01  4.54304132e-01  9.86540128e-01  2.72988972e-01  4.97273926e-01
