7.30148174e-01  9.99341041e-01  5.78120973e-01
5.12014764e-01  5.14354451e-01  4.58143399e-01
3.48491302e-01  8.13865298e-01  8.76682060e-01
8.55894108e-01  8.67763621e-01  2.85401461e-01
6.60704188e-01  9.07085808e-01  9.41330077e-01
2.55195811e-01  9.75795553e-01  7.21656703e-01
3.84301891e-01  3.83536874e-01  9.01118704e-01
8.36965561e-01  3.39552912e-01  9.34234166e-01
3.88117730e-01  9.40349498e-01  8.49921800e-01
7.97856701e-01  8.61097888e-01  9.62585690e-01
9.53375008e-01  7.84969557e-01  9.10248637e-01
6.93220887e-01  2.85195188e-01  3.06664960e-01
3.79798061e-01  8.65791483e-01  5.62264022e-01
9.77483254e-01  5.52421663e-01  6.45474841e-01
4.52087970e-01  9.58264744e-01  9.45812141e-01
5.95109187e-01  5.37738898e-01  9.93630018e-01
6.13688185e-01  9.59518610e-01  9.05017614e-01
4.13277772e-01  5.43933564e-01  6.28692470e-01
2.81975081e-01  9.63400395e-01  9.01768882e-01
9.32767209e-01  5.33888242e-01  7.35182372e-01
2.55566244e-01  6.08166161e-01  5.35791031e-01
9.81068821e-01  4.40976510e-01  6.38824130e-01
5.84982446e-01  2.81417213e-01  3.36491287e-01
7.56352604e-01  2.93636888e-01  2.82160854e-01
2.51721996e-01  9.42869887e-01  4.14465903e-01
2.83683676e-01  6.30769685e-01  4.96348479e-01
9.65723047e-01  3.32154316e-01  3.59236889e-01
9.89672543e-01  6.30885496e-01  7.24163105e-01
7.23191392e-01  7.12773111e-01  3.11501105e-01
2.71716677e-01  6.26272049e-01  4.81158289e-01
3.07791225e-01  7.06246156e-01  3.14807080e-01
8.81083278e-01  6.03874385e-01  9.26312042e-01
7.26327389e-01  4.86751115e-01  2.67690675e-01
7.24584149e-01  8.43539896e-01  8.94536619e-01
3.20354747e-01  7.73254455e-01  5.05166979e-01
9.07335366e-01  4.30003373e-01  8.77687018e-01
2.75811317e-01  9.97564272e-01  3.35803068e-01
6.54560927e-01  3.38064212e-01  9.64224138e-01
3.02412862e-01  4.10292637e-01  9.90600771e-01
9.81185103e-01  8.91595938e-01  8.70583395e-01
7.64559906e-01  6.86266677e-01  2.59303705e-01
9.39075107e-01  5.80656073e-01  9.52857389e-01
8.93302435e-01  4.36852947e-01  3.26922809e-01
2.54668469e-01  7.98855458e-01  7.10818270e-01
8.38509426e-01  8.29848812e-01  4.23711814e-01
3.69990079e-01  3.92369286e-01  7.05492575e-01
8.74246969e-01  4.11419467e-01  8.26566280e-01
8.36409729e-01  8.89705697e-01  9.63119261e-01
3.05860062e-01  2.64411505e-01  7.29466957e-01
3.77220481e-01  4.88003882e-01  9.20218120e-01
7.50063531e-01  5.57323287e-01  2.51095731e-01
6.01152060e-01  4.69022573e-01  2.89135117e-01
9.70563270e-01  6.51700259e-01  4.85277533e-01
2.51163428e-01  6.87624437e-01  4.72373447e-01
7.84494210e-01  9.24882676e-01  4.14729269e-01
2.79364700e-01  3.35727077e-01  3.05523509e-01
4.64383579e-01  9.36764488e-01  7.06916045e-01
9.77796356e-01  7.52028563e-01  3.31614975e-01
8.19197263e-01  9.93101304e-01  2.56400839e-01
2.78965634e-01  4.58226662e-01  6.65666226e-01
7.07300879e-01  3.82916690e-01  8.91126549e-01
3.24182070e-01  8.76853025e-01  8.96450228e-01
9.06601601e-01  3.35394433e-01  5.46881492e-01
9.50610575e-01  9.13234242e-01  5.69777352e-01
4.87920535e-01  5.68595321e-01  9.84952509e-01
3.51699866e-01  2.78056578e-01  8.45602508e-01
3.35791669e-01  7.97253387e-01  7.12685602e-01
5.82621338e-01  8.92120219e-01  9.36398996e-01
9.08502977e-01  3.38212922e-01  3.31679135e-01
9.95846265e-01  5.09718604e-01  6.19513123e-01
9.88409073e-01  2.58901166e-01  9.68951243e-01
7.75263202e-01  9.16391433e-01  9.64475934e-01
3.62124184e-01  8.02404175e-01  9.22098495e-01
9.21568183e-01  8.88942356e-01  9.21880860e-01
7.75597814e-01  8.93315187e-01  8.53284723e-01
3.32716980e-01  3.97461106e-01  2.61797105e-01
3.02762380e-01  9.12411433e-01  9.86346234e-01
7.67923005e-01  2.67654870e-01  7.21472093e-01
9.97100466e-01  4.05279874e-01  3.78165800e-01
6.24494657e-01  9.79020850e-01  3.46497517e-01
4.78218678e-01  8.36423621e-01  2.78478921e-01
3.38784414e-01  7.99326128e-01  3.04694911e-01
9.05408164e-01  3.52303971e-01  8.13352805e-01
7.32283960e-01  9.68459780e-01  6.61364929e-01
3.64457433e-01  2.73907528e-01  8.60727680e-01
9.60356434e-01  2.78742200e-01  8.51535708e-01
5.49156436e-01  4.51170134e-01  2.64895772e-01
2.76579747e-01  4.63251200e-01  7.14003809e-01
9.65900531e-01  9.35471844e-01  6.15483655e-01
6.68666175e-01  9.71258875e-01  8.10942648e-01
4.39430276e-01  3.92743068e-01  8.34777949e-01
2.84903879e-01  4.29668816e-01  8.12426455e-01
3.81228561e-01  6.80846144e-01  7.91472401e-01
7.57910973e-01  7.17664394e-01  3.00644983e-01
2.68758759e-01  3.43047288e-01  3.82854324e-01
8.42330640e-01  3.81882798e-01  7.99287848e-01
5.88837241e-01  7.78715133e-01  6.01212701e-01
9.56705848e-01  4.23840391e-01  7.90780012e-01
3.05450335e-01  5.07252552e-01  3.24691729e-01
3.14264162e-01  8.98412919e-01  6.82193079e-01
3.42722986e-01  9.71267644e-01  3.12895283e-01
2.58488488e-01  8.66174474e-01  5.05262731e-01
3.56664432e-01  5.64530613e-01  9.12993640e-01
3.72232698e-01  4.33476468e-01  9.59433449e-01
9.92804270e-01  9.79276266e-01  4.70633537e-01
9.72955467e-01  5.47019841e-01  3.88603945e-01
4.06249011e-01  8.47457829e-01  3.39109933e-01
9.62116016e-01  9.09733185e-01  4.16104535e-01
5.04234208e-01  9.38168319e-01  9.68312430e-01
5.20168271e-01  2.63585001e-01  4.45026572e-01
7.64122172e-01  4.55307306e-01  8.40507248e-01
6.37298167e-01  4.68938361e-01  2.69447876e-01
2.63714524e-01  3.60809716e-01  3.02684431e-01
3.07759925e-01  8.39612744e-01  6.00084639e-01
6.33917958e-01  9.85427442e-01  7.70152581e-01
4.60749209e-01  7.75862452e-01  5.82896138e-01
6.61727898e-01  8.40831081e-01  3.69922965e-01
2.86463365e-01  8.96504710e-01  9.81596727e-01
8.84700217e-01  4.53414450e-01  6.45511096e-01
2.96419094e-01  8.72864586e-01  7.08660391e-01
6.55858784e-01  4.85955155e-01  9.93112455e-01
9.14988591e-01  9.96563696e-01  3.64895516e-01
6.33818023e-01  2.78875231e-01  8.06354918e-01
8.90905233e-01  4.77550656e-01  9.67233513e-01
9.21092713e-01  8.18645967e-01  3.68739930e-01
8.07593459e-01  3.17302120e-01  2.95200296e-01
8.36332003e-01  9.07669318e-01  8.96599142e-01
6.32836539e-01  9.70005001e-01  3.36334563e-01
7.42142480e-01  8.10060442e-01  4.43461536e-01
6.91735639e-01  9.09579260e-01  9.78738370e-01
9.32140900e-01  8.92263685e-01  9.51354754e-01
9.51644692e-01  5.42466322e-01  4.38720393e-01
6.65209244e-01  4.83282038e-01  5.82322635e-01
4.71880782e-01  2.64092575e-01  5.95617810e-01
6.16168629e-01  3.06116981e-01  3.11924593e-01
3.17789250e-01  3.08238090e-01  6.17911859e-01
9.53903590e-01  9.73597358e-01  6.07680285e-01
3.78770363e-01  6.69406648e-01  5.66827281e-01
5.07888480e-01  2.96913379e-01  8.40216890e-01
8.46224870e-01  3.15266442e-01  5.24564224e-01
3.32742402e-01  4.75818725e-01  3.90171319e-01
8.79576206e-01  8.80403219e-01  2.69215774e-01
4.87398063e-01  6.56555734e-01  2.62570427e-01
2.69290049e-01  2.77931308e-01  7.02911635e-01
9.97997324e-01  6.85900975e-01  6.62649866e-01
9.74034115e-01  5.29129611e-01  4.65315372e-01
4.73025789e-01  8.16112827e-01  3.28591476e-01
4.28933879e-01  9.39458660e-01  9.01076728e-01
8.25028565e-01  9.24199228e-01  9.99227681e-01
2.55737180e-01  4.00466109e-01  6.63548591e-01
2.73206730e-01  5.36813097e-01  2.82569649e-01
9.91161495e-01  6.60693694e-01  6.19759787e-01
9.78205934e-01  2.64880564e-01  9.72795201e-01
8.30457922e-01  6.52150510e-01  4.28415704e-01
7.01766737e-01  8.94183415e-01  3.34946108e-01
2.51957389e-01  9.82038586e-01  8.99013168e-01
6.68588509e-01  9.38961697e-01  9.06066372e-01
9.93429034e-01  5.61350539e-01  3.32548027e-01
3.05337396e-01  9.98989223e-01  8.15068541e-01
9.53183719e-01  9.74029779e-01  4.86086311e-01
5.44025861e-01  8.17157795e-01  7.73050371e-01
5.80887502e-01  3.25242041e-01  9.45225017e-01
7.31613960e-01  8.90685989e-01  5.06388753e-01
9.91405432e-01  3.52474453e-01  6.84817292e-01
2.62487747e-01  4.24324544e-01  7.40907477e-01
8.21217471e-01  2.55642586e-01  9.53916478e-01
6.13345083e-01  7.74174516e-01  3.41121207e-01
9.51478306e-01  5.33776816e-01  8.24425322e-01
2.57193481e-01  3.27631627e-01  4.95136215e-01
8.55049682e-01  8.79332098e-01  4.54527179e-01
6.55018558e-01  8.81358988e-01  9.62590133e-01
8.50699727e-01  9.72773254e-01  3.18946376e-01
3.50936475e-01  5.76783144e-01  9.08342691e-01
7.81008668e-01  6.50080936e-01  3.01171000e-01
6.98532807e-01  9.47625591e-01  3.71915803e-01
2.75063447e-01  5.79192031e-01  4.90420391e-01
9.37747803e-01  4.01530571e-01  6.49954593e-01
3.45516671e-01  4.10932993e-01  1.00018216e+00
9.59526216e-01  3.24844787e-01  8.04920374e-01
4.17867392e-01  8.93602037e-01  3.92093137e-01
2.87430474e-01  5.39102277e-01  9.15088666e-01
7.90228112e-01  8.79002756e-01  9.57427285e-01
9.87291285e-01  9.75320681e-01  9.45512578e-01
3.70297821e-01  5.67301382e-01  9.77601389e-01
3.85996038e-01  8.35414452e-01  3.69931378e-01
2.91916738e-01  9.20245894e-01  7.59395434e-01
3.19363823e-01  7.32857695e-01  8.22405999e-01
4.90331052e-01  2.67129215e-01  7.22195156e-01
7.43108010e-01  3.02652771e-01  9.40249630e-01
7.72832380e-01  9.65198722e-01  4.68645494e-01
8.17081980e-01  3.77745226e-01  6.63929391e-01
2.75026178e-01  3.01409332e-01  6.61334556e-01
9.83089149e-01  7.42331529e-01  9.00235553e-01
2.56706179e-01  5.48473121e-01  7.69481839e-01
5.37087273e-01  9.80340705e-01  9.78025411e-01
4.33341830e-01  9.49292416e-01  9.28906350e-01
3.10788671e-01  7.04140340e-01  9.84055385e-01
3.52731949e-01  5.62432230e-01  4.04915946e-01
7.72518468e-01  2.57543133e-01  6.90849665e-01
2.87646436e-01  8.77312099e-01  5.07807123e-01
5.63394389e-01  5.72414876e-01  2.59991253e-01
2.87279581e-01  7.04640803e-01  2.67087093e-01
2.93803635e-01  2.60638942e-01  2.51060458e-01
6.43386334e-01  2.71889135e-01  3.06409243e-01
3.14415221e-01  9.92317308e-01  4.34286999e-01
7.72885617e-01  4.49878887e-01  9.02105719e-01
6.06294572e-01  9.65622281e-01  9.91747518e-01
9.66443247e-01  4.22846087e-01  3.67978817e-01
4.51572571e-01  9.81608949e-01  4.94739450e-01
3.54001402e-01  8.63623341e-01  6.73674966e-01
3.04427893e-01  9.29599182e-01  5.08660123e-01
7.13293890e-01  3.42095520e-01  3.89741831e-01
9.79119445e-01  8.94450877e-01  4.52993245e-01
3.42795172e-01  9.78939311e-01  4.71154071e-01
7.49002052e-01  6.94786303e-01  5.95278373e-01
9.00739076e-01  9.07129910e-01  7.15212277e-01
5.73651048e-01  4.61155748e-01  9.99677180e-01
2.63067376e-01  3.65520574e-01  9.72201251e-01
5.17803642e-01  2.90028872e-01  8.93531683e-01
2.68460158e-01  6.02715490e-01  9.82459693e-01
6.10094848e-01  2.68661502e-01  4.98855957e-01
4.97375170e-01  3.10743894e-01  2.84425819e-01
8.86529501e-01  9.05473287e-01  8.22061566e-01
2.89518733e-01  7.74522825e-01  4.50487740e-01
3.69496691e-01  3.14456991e-01  9.08573230e-01
3.08895922e-01  9.20989767e-01  8.76998178e-01
3.83477903e-01  4.31312610e-01  3.76839650e-01
4.26388558e-01  7.38781173e-01  8.66899157e-01
8.79437986e-01  9.48278681e-01  8.67111879e-01
8.87371845e-01  7.91528355e-01  8.69219426e-01
8.50957819e-01  5.89506182e-01  9.45322510e-01
9.81793061e-01  8.24090419e-01  8.66693138e-01
4.92753708e-01  9.90481326e-01  7.84936625e-01
9.30873266e-01  3.58670704e-01  7.61749188e-01
6.42575446e-01  2.84851572e-01  9.09159644e-01
2.55344030e-01  4.52219819e-01  4.28452751e-01
9.61576998e-01  8.60816216e-01  5.09900021e-01
8.78614000e-01  2.96951630e-01  9.50417136e-01
8.81866051e-01  3.22199708e-01  8.56548889e-01
9.55669007e-01  3.63450982e-01  5.23980835e-01
5.50040078e-01  7.97874645e-01  2.85402216e-01
8.18220279e-01  9.09677486e-01  6.56726268e-01
4.16628045e-01  7.91575344e-01  5.80843765e-01
5.66536503e-01  9.72837470e-01  8.61456971e-01
9.21440102e-01  2.84984443e-01  8.73625336e-01
8.53425775e-01  7.70356324e-01  9.54546586e-01
9.67229973e-01  5.82687721e-01  4.50184749e-01
3.37512750e-01  3.62546725e-01  4.66830313e-01
8.42420007e-01  8.75524218e-01  2.89634564e-01
7.45803031e-01  2.69885574e-01  8.23640853e-01
