7.97292079e-01  6.19810326e-01  8.57833242e-01  9.22525546e-01  4.40934997e-01  8.63074526e-01
8.52074994e-01  6.73260521e-01  6.37097154e-01  9.50935641e-01  6.13371974e-01  6.40308572e-01
8.19963016e-01  5.58505114e-01  8.20947187e-01  9.31001587e-01  3.56485668e-01  8.29124750e-01
9.26353501e-01  3.43726134e-01  5.99115959e-01  9.66446691e-01  2.31402010e-01  6.31300104e-01
7.71605010e-01  5.77976118e-01  9.72230092e-01  9.06321500e-01  4.02008856e-01  9.76143102e-01
8.71285250e-01  7.62235389e-01  5.14100629e-01  9.67312870e-01  7.64855200e-01  4.99633971e-01
7.77974991e-01  5.51259931e-01  9.68242397e-01  9.08632329e-01  3.57542309e-01  9.72311452e-01
8.68004224e-01  5.90310389e-01  6.37159085e-01  9.55245295e-01  4.71616716e-01  6.46566498e-01
9.65363441e-01  4.14843235e-01  4.20483515e-01  9.88999106e-01  4.05214200e-01  4.45773898e-01
9.05579526e-01  2.47939516e-01  7.31846218e-01  9.48385814e-01  1.61460997e-01  7.63573586e-01
8.39693199e-01  3.32561061e-01  9.00349054e-01  9.23570744e-01  1.97482194e-01  9.13693264e-01
8.16593641e-01  5.31365285e-01  8.50010744e-01  9.27584569e-01  3.25094722e-01  8.58425973e-01
8.00910362e-01  6.97000395e-01  7.95427496e-01  9.28042066e-01  5.66472656e-01  7.98144591e-01
8.41794374e-01  8.06849768e-01  5.85574181e-01  9.60783003e-01  6.54590671e-01  5.67979536e-01
8.71044054e-01  3.08545723e-01  8.09772981e-01  9.35893264e-01  2.11483131e-01  8.31899250e-01
8.76378362e-01  2.89081375e-01  8.03998857e-01  9.38078412e-01  1.70558893e-01  8.27007125e-01
8.16139912e-01  3.93694414e-01  9.40642556e-01  9.15284208e-01  2.69393236e-01  9.49896705e-01
7.43142911e-01  7.10415787e-01  9.82895893e-01  9.04464460e-01  4.23401413e-01  9.83013950e-01
7.98868828e-01  6.17463433e-01  8.54300508e-01  9.24041952e-01  4.18096340e-01  8.59244651e-01
8.60776368e-01  6.91507430e-01  5.96002213e-01  9.62031002e-01  5.18488032e-01  5.92021466e-01
7.97504502e-01  8.57147742e-01  7.03315170e-01  9.43548599e-01  6.14501504e-01  6.87924294e-01
8.64920834e-01  3.25625656e-01  8.19477499e-01  9.34903801e-01  2.05475732e-01  8.39658211e-01
8.15344578e-01  8.63269876e-01  6.38461773e-01  9.51437305e-01  6.90490917e-01  6.18934923e-01
8.15588610e-01  4.51752028e-01  9.04817678e-01  9.19727731e-01  2.98796970e-01  9.14480808e-01
7.82983668e-01  5.71005761e-01  9.38410550e-01  9.11178522e-01  4.10032047e-01  9.43625899e-01
9.36779709e-01  3.74363427e-01  5.43821673e-01  9.72257787e-01  3.09819955e-01  5.75576935e-01
8.11867626e-01  5.08714521e-01  8.80467925e-01  9.20540842e-01  3.80196455e-01  8.90101553e-01
8.00726169e-01  6.76629286e-01  8.09279625e-01  9.27227079e-01  5.26535589e-01  8.12773369e-01
8.43780963e-01  5.16178671e-01  7.67544846e-01  9.36740434e-01  4.02955493e-01  7.81385684e-01
7.86281910e-01  6.02329047e-01  9.06573783e-01  9.15408781e-01  4.28564382e-01  9.11620979e-01
8.81648570e-01  3.93161023e-01  7.18824686e-01  9.47018224e-01  2.88883652e-01  7.42341653e-01
8.80022638e-01  6.69662866e-01  5.44830012e-01  9.64575002e-01  6.50052492e-01  5.44734084e-01
8.90943492e-01  3.83781946e-01  6.93350623e-01  9.49940689e-01  3.06696023e-01  7.19408935e-01
8.83187770e-01  5.81221779e-01  5.91501737e-01  9.63555590e-01  4.42438626e-01  6.00151019e-01
9.26479125e-01  2.45230184e-01  6.62338110e-01  9.57031252e-01  1.91764241e-01  7.00487918e-01
8.49177548e-01  4.10423296e-01  8.17882688e-01  9.32610235e-01  2.89472696e-01  8.34587958e-01
8.77553925e-01  8.25904248e-01  4.51777153e-01  9.76805183e-01  8.52482404e-01  4.18656001e-01
8.33696902e-01  5.73583506e-01  7.64519082e-01  9.39354455e-01  3.67666854e-01  7.72932950e-01
8.38275382e-01  3.68303789e-01  8.82253476e-01  9.24646034e-01  2.44761775e-01  8.96182585e-01
7.96805723e-01  5.47865811e-01  9.06495621e-01  9.17385730e-01  3.71049647e-01  9.13002475e-01
7.87309327e-01  7.36329340e-01  8.16377964e-01  9.25735928e-01  5.55562957e-01  8.16016572e-01
7.74794788e-01  7.02881147e-01  8.80594252e-01  9.18222694e-01  4.81700524e-01  8.81583039e-01
8.04484579e-01  5.12217149e-01  9.03268081e-01  9.20442714e-01  2.97415931e-01  9.10221357e-01
8.91898347e-01  7.65723503e-01  4.42140410e-01  9.81464336e-01  7.39619351e-01  4.15354335e-01
7.97199936e-01  7.06636317e-01  8.02070436e-01  9.30716822e-01  4.78917570e-01  8.02124519e-01
8.88089808e-01  5.77074408e-01  5.77548166e-01  9.62456877e-01  5.21179739e-01  5.88657077e-01
9.72572639e-01  2.51090558e-01  5.02017746e-01  9.80341257e-01  2.05166520e-01  5.47869780e-01
8.28730937e-01  2.92437532e-01  9.63630771e-01  9.15000087e-01  1.79873862e-01  9.72796027e-01
7.93391500e-01  4.88075854e-01  9.56913026e-01  9.11914595e-01  3.09191433e-01  9.62649084e-01
8.33867623e-01  3.52316042e-01  9.07306081e-01  9.22420507e-01  2.04577587e-01  9.19398182e-01
7.86351175e-01  5.08169470e-01  9.67776034e-01  9.10811575e-01  2.98638589e-01  9.72206587e-01
7.87091773e-01  5.22445546e-01  9.55990617e-01  9.11187800e-01  3.35692607e-01  9.61069716e-01
8.07860982e-01  4.06848849e-01  9.60217469e-01  9.12410766e-01  2.71716384e-01  9.67774878e-01
9.50271877e-01  3.01675106e-01  5.45198882e-01  9.74271077e-01  2.20217671e-01  5.83763840e-01
9.62847887e-01  4.29840982e-01  4.18990885e-01  9.89860579e-01  3.98752248e-01  4.41255437e-01
8.55115960e-01  2.24323923e-01  9.18251311e-01  9.22433019e-01  1.44855104e-01  9.33379641e-01
8.32087694e-01  5.07927322e-01  8.12611749e-01  9.32805959e-01  3.29377361e-01  8.23937505e-01
9.34323579e-01  2.64185356e-01  6.23692333e-01  9.62576050e-01  2.03137930e-01  6.62773083e-01
8.98341554e-01  2.77314296e-01  7.37353024e-01  9.46985017e-01  1.85577207e-01  7.66877524e-01
7.93753795e-01  4.62738125e-01  9.72135277e-01  9.10764726e-01  2.77951222e-01  9.77377889e-01
8.08841893e-01  4.13543251e-01  9.52540092e-01  9.14988274e-01  2.35584433e-01  9.59754610e-01
8.55362872e-01  3.93740924e-01  8.07709980e-01  9.35567397e-01  2.48544709e-01  8.25262694e-01
9.26979500e-01  3.52677876e-01  5.91178147e-01  9.65555890e-01  2.86285739e-01  6.24089995e-01
8.69744583e-01  6.69476469e-01  5.79851606e-01  9.60196636e-01  6.15415759e-01  5.80962634e-01
8.26652876e-01  6.13442552e-01  7.62558979e-01  9.35142447e-01  4.92753776e-01  7.70489491e-01
8.67252971e-01  6.66622448e-01  5.90164987e-01  9.57673656e-01  6.33859011e-01  5.92797520e-01
7.90783027e-01  4.64269238e-01  9.81230702e-01  9.10280493e-01  2.56214789e-01  9.85600798e-01
9.92212127e-01  2.37832300e-01  4.43938369e-01  9.88278108e-01  2.22589395e-01  4.92877478e-01
8.40209211e-01  7.50894768e-01  6.27283971e-01  9.50421290e-01  7.04882941e-01  6.22577319e-01
8.89320611e-01  5.40185627e-01  5.97318477e-01  9.61990127e-01  4.37538370e-01  6.11342402e-01
8.44237225e-01  4.02733651e-01  8.39652336e-01  9.29827572e-01  2.77475506e-01  8.55255415e-01
8.98042637e-01  3.32991200e-01  7.02219958e-01  9.51106040e-01  2.27803449e-01  7.30511442e-01
9.32197163e-01  4.63740710e-01  5.01058610e-01  9.75457686e-01  4.41181233e-01  5.23615651e-01
9.04756669e-01  3.34188554e-01  6.78643285e-01  9.53353447e-01  2.58200965e-01  7.08944144e-01
8.98270246e-01  2.80140950e-01  7.35760160e-01  9.47682722e-01  1.74800974e-01  7.64941017e-01
8.64285171e-01  7.01473479e-01  5.77318638e-01  9.59164137e-01  6.65811114e-01  5.75201666e-01
8.14823934e-01  5.92561762e-01  8.16286629e-01  9.30502525e-01  3.95958121e-01  8.23031119e-01
9.48752956e-01  4.96273862e-01  4.24019069e-01  9.87798242e-01  4.73577235e-01  4.37378446e-01
9.56886460e-01  3.49236843e-01  4.91860499e-01  9.81623492e-01  2.66513494e-01  5.25720908e-01
8.94569384e-01  2.66963398e-01  7.56585021e-01  9.43763888e-01  1.91962542e-01  7.85511996e-01
8.92274111e-01  5.07004658e-01  6.08831441e-01  9.60151716e-01  4.22346069e-01  6.26707092e-01
9.94863558e-01  3.36293696e-01  3.71310594e-01  9.97966714e-01  3.35435640e-01  4.04703342e-01
8.80630730e-01  8.07358727e-01  4.53369838e-01  9.77622090e-01  8.12427194e-01  4.22848589e-01
8.46929197e-01  4.79399041e-01  7.80733968e-01  9.36519932e-01  3.47988618e-01  7.95741259e-01
8.24152514e-01  4.06721662e-01  9.05270025e-01  9.20023724e-01  2.83976377e-01  9.16588579e-01
9.07610844e-01  2.46474418e-01  7.25899372e-01  9.48715589e-01  1.73931545e-01  7.58522932e-01
7.63711460e-01  7.97782340e-01  8.56615852e-01  9.21948340e-01  5.06757025e-01  8.51794160e-01
9.19180868e-01  4.22614690e-01  5.72254363e-01  9.66713533e-01  3.61187797e-01  5.99032252e-01
7.66847771e-01  6.03519260e-01  9.72099506e-01  9.08740300e-01  3.46415455e-01  9.74238936e-01
7.91168005e-01  5.53464801e-01  9.22005874e-01  9.14630956e-01  3.82556771e-01  9.27957254e-01
8.79719708e-01  6.01314651e-01  5.90232712e-01  9.61376044e-01  5.10315925e-01  5.98145078e-01
7.95407920e-01  6.86974282e-01  8.20921196e-01  9.26664860e-01  5.00236747e-01  8.23086538e-01
8.62033111e-01  3.79078382e-01  7.94578001e-01  9.36087791e-01  2.79662298e-01  8.14599362e-01
8.67596795e-01  2.09101656e-01  8.85749746e-01  9.27500918e-01  1.29239145e-01  9.04560104e-01
8.05197137e-01  7.40078688e-01  7.53199876e-01  9.36585482e-01  5.37461410e-01  7.50710483e-01
8.14158651e-01  6.41276763e-01  7.86916291e-01  9.32956963e-01  4.62094865e-01  7.91721420e-01
8.18875719e-01  5.15870863e-01  8.52320631e-01  9.26366581e-01  3.43338803e-01  8.61940346e-01
9.15885396e-01  6.07447172e-01  4.63447013e-01  9.81096837e-01  5.46806288e-01  4.63106074e-01
8.05037529e-01  8.83867437e-01  6.60089200e-01  9.49049870e-01  6.69319919e-01  6.39227549e-01
9.14744404e-01  4.71806324e-01  5.55382599e-01  9.69779789e-01  3.75513650e-01  5.75998738e-01
8.34973871e-01  3.40933208e-01  9.10940229e-01  9.22288091e-01  1.92823322e-01  9.23014800e-01
8.83270431e-01  6.89492530e-01  5.20927767e-01  9.67131914e-01  6.97131126e-01  5.17255285e-01
8.69889908e-01  5.46071996e-01  6.59477151e-01  9.52556803e-01  4.32206808e-01  6.73083780e-01
8.35120340e-01  2.34924394e-01  9.79574575e-01  9.14720395e-01  1.25743244e-01  9.87850877e-01
7.77910773e-01  6.37075950e-01  9.12440696e-01  9.12742420e-01  4.79654196e-01  9.16689089e-01
8.16216265e-01  7.26540891e-01  7.24272014e-01  9.38087881e-01  6.07678508e-01  7.24028689e-01
8.44692397e-01  5.38444235e-01  7.49993906e-01  9.39500158e-01  4.07716627e-01  7.62569197e-01
7.54176511e-01  8.00359214e-01  8.87322935e-01  9.17212276e-01  5.02376389e-01  8.83193864e-01
8.09735257e-01  8.55001065e-01  6.63176048e-01  9.49483393e-01  6.33639620e-01  6.45364635e-01
8.16611949e-01  7.58291006e-01  7.02612210e-01  9.41018247e-01  6.36562853e-01  6.98954741e-01
9.48368428e-01  5.14553141e-01  4.13457704e-01  9.91420549e-01  4.43890102e-01  4.21142179e-01
8.30748800e-01  2.61451458e-01  9.76898034e-01  9.13483214e-01  1.67290507e-01  9.85485378e-01
9.30748123e-01  4.21545033e-01  5.33670964e-01  9.72127639e-01  3.75349902e-01  5.60983080e-01
8.22139605e-01  6.46927350e-01  7.55847287e-01  9.35407704e-01  5.21232555e-01  7.61567254e-01
7.68535114e-01  6.79432580e-01  9.16779169e-01  9.12742432e-01  4.70559779e-01  9.18830274e-01
9.76244694e-01  3.05019109e-01  4.54835269e-01  9.85481756e-01  2.88953590e-01  4.95698875e-01
8.61467218e-01  3.26053439e-01  8.30927997e-01  9.33503007e-01  1.99381473e-01  8.50075134e-01
8.07794489e-01  5.29996877e-01  8.80483430e-01  9.23576554e-01  3.08059507e-01  8.87620633e-01
7.95190978e-01  7.20698626e-01  7.99762249e-01  9.30513720e-01  4.97408740e-01  7.99073151e-01
8.67410189e-01  2.51289794e-01  8.58991315e-01  9.31152020e-01  1.39798425e-01  8.78662484e-01
7.71723296e-01  6.73287607e-01  9.10239259e-01  9.13177826e-01  4.86235309e-01  9.12863870e-01
8.20583947e-01  6.10366847e-01  7.85166111e-01  9.34797256e-01  4.13478129e-01  7.91367933e-01
8.34198233e-01  8.50252130e-01  5.83189632e-01  9.59645668e-01  7.17129172e-01  5.60547991e-01
9.41160784e-01  3.28463691e-01  5.58744416e-01  9.70265468e-01  2.80175306e-01  5.95331096e-01
7.76078591e-01  8.99311464e-01  7.48698433e-01  9.36126307e-01  6.27885954e-01  7.32364769e-01
9.46402009e-01  4.08060167e-01  4.88974285e-01  9.80796521e-01  3.28297531e-01  5.15960797e-01
8.73998050e-01  2.86273379e-01  8.14202992e-01  9.37046951e-01  1.61305373e-01  8.36315882e-01
9.15016134e-01  6.17383642e-01  4.59947384e-01  9.77639090e-01  6.49151080e-01  4.61180890e-01
9.01722470e-01  4.65850439e-01  6.03467148e-01  9.63402470e-01  3.44500282e-01  6.24191506e-01
7.71706804e-01  6.00765532e-01  9.57087945e-01  9.10466517e-01  3.58267774e-01  9.59863158e-01
8.46895146e-01  6.44897534e-01  6.73399848e-01  9.51505680e-01  4.46373759e-01  6.76488039e-01
8.07625751e-01  6.90538233e-01  7.77118081e-01  9.35416250e-01  4.54924277e-01  7.77640585e-01
8.29925863e-01  6.76102030e-01  7.10762629e-01  9.41569687e-01  5.57256512e-01  7.14091041e-01
9.20970495e-01  3.75522995e-01  5.96751015e-01  9.65423276e-01  2.79215083e-01  6.26605025e-01
7.54061864e-01  7.08528109e-01  9.47039878e-01  9.09422460e-01  4.40038063e-01  9.47304949e-01
9.30309697e-01  4.25305810e-01  5.32420985e-01  9.75272127e-01  3.04423734e-01  5.57003509e-01
8.28258373e-01  6.84773448e-01  7.10795363e-01  9.42261229e-01  5.43548749e-01  7.12884263e-01
8.53048837e-01  6.70952150e-01  6.35586907e-01  9.52881475e-01  5.72906831e-01  6.37875321e-01
8.12083898e-01  4.71895951e-01  9.03938092e-01  9.19864823e-01  3.04364192e-01  9.12807159e-01
9.07101730e-01  7.05669637e-01  4.29504329e-01  9.81287639e-01  7.52274721e-01  4.13507762e-01
8.23421377e-01  4.10130428e-01  9.05540206e-01  9.21054883e-01  2.57515264e-01  9.16206853e-01
7.95289589e-01  6.53860801e-01  8.42822441e-01  9.23190917e-01  4.92861995e-01  8.47098202e-01
8.32608872e-01  3.20207616e-01  9.32726708e-01  9.19210387e-01  1.90638162e-01  9.43780372e-01
9.07955235e-01  4.22229203e-01  6.10623238e-01  9.63330709e-01  2.99521808e-01  6.35241429e-01
9.69906580e-01  2.45463388e-01  5.14723735e-01  9.78246973e-01  2.06206050e-01  5.61053409e-01
8.00879058e-01  4.04321535e-01  9.85570125e-01  9.08267187e-01  2.82797369e-01  9.91735514e-01
9.48047944e-01  4.81304842e-01  4.36131318e-01  9.88955215e-01  3.88004578e-01  4.50107093e-01
9.25054431e-01  5.65818977e-01  4.59338863e-01  9.83052078e-01  4.89779186e-01  4.63995652e-01
7.89398062e-01  4.58690914e-01  9.89555193e-01  9.06299038e-01  3.25661891e-01  9.94779457e-01
8.48893261e-01  3.47870426e-01  8.59462519e-01  9.28120692e-01  2.36119520e-01  8.75937351e-01
8.39200555e-01  3.21056251e-01  9.09491507e-01  9.20960101e-01  2.28446199e-01  9.23142732e-01
8.53078539e-01  2.22414967e-01  9.26707839e-01  9.21591752e-01  1.38061808e-01  9.40889717e-01
8.40714201e-01  3.97494322e-01  8.54720131e-01  9.26873328e-01  2.93116137e-01  8.69999662e-01
9.31923379e-01  3.69072343e-01  5.63746942e-01  9.69487882e-01  2.99933299e-01  5.95665091e-01
8.29679615e-01  3.03794042e-01  9.53035002e-01  9.16760894e-01  1.74822814e-01  9.62694587e-01
8.18254718e-01  8.10492172e-01  6.62845956e-01  9.50584986e-01  5.84400501e-01  6.49377997e-01
8.18209878e-01  8.84086942e-01  6.15216918e-01  9.55578502e-01  6.98499218e-01  5.90496356e-01
8.45038656e-01  4.92808309e-01  7.78448653e-01  9.38663090e-01  3.07116039e-01  7.91622441e-01
8.57712672e-01  5.25165410e-01  7.14402287e-01  9.47850377e-01  3.31092756e-01  7.27067965e-01
9.53764892e-01  3.05013279e-01  5.31170893e-01  9.76648973e-01  2.16122255e-01  5.69481174e-01
9.28563509e-01  3.38901863e-01  5.94445521e-01  9.64675464e-01  2.87526204e-01  6.28926996e-01
8.29529853e-01  4.67955167e-01  8.47250627e-01  9.27909758e-01  3.12534685e-01  8.59298069e-01
8.88660382e-01  1.90313059e-01  8.26715133e-01  9.35422430e-01  1.35762628e-01  8.52746487e-01
9.37871929e-01  4.10613091e-01  5.16578677e-01  9.74341830e-01  3.81054321e-01  5.45442838e-01
8.79801969e-01  7.65705925e-01  4.83226048e-01  9.75317293e-01  7.08953412e-01  4.61988201e-01
8.11893713e-01  5.80232689e-01  8.34242513e-01  9.28501457e-01  3.74049569e-01  8.41020479e-01
8.53584475e-01  8.71868279e-01  5.03028955e-01  9.67245223e-01  8.87474871e-01  4.71198389e-01
8.62016496e-01  5.12592932e-01  7.07651507e-01  9.45739860e-01  4.01973032e-01  7.23396132e-01
7.91768831e-01  5.74640585e-01  9.06215571e-01  9.15576267e-01  4.22720534e-01  9.12439184e-01
8.97722911e-01  2.50529874e-01  7.56843388e-01  9.43893588e-01  1.85242197e-01  7.86778833e-01
8.08581395e-01  5.76556055e-01  8.47878554e-01  9.27578497e-01  3.44147622e-01  8.53978940e-01
9.90776608e-01  3.12302112e-01  4.00465964e-01  9.94196144e-01  2.92365627e-01  4.38503790e-01
8.85374812e-01  7.77130180e-01  4.56588394e-01  9.77611332e-01  7.74328813e-01  4.31371144e-01
7.69893106e-01  7.03323653e-01  8.96953442e-01  9.16800278e-01  4.53115995e-01  8.97433985e-01
8.48772208e-01  6.31390527e-01  6.75794931e-01  9.50458595e-01  4.56917783e-01  6.80719422e-01
8.39987817e-01  8.39532304e-01  5.70191921e-01  9.59772044e-01  7.59941841e-01  5.49141709e-01
9.27797656e-01  6.09905310e-01  4.21402096e-01  9.82922784e-01  6.77645168e-01  4.20594017e-01
8.80184113e-01  8.05716040e-01  4.55953033e-01  9.79837313e-01  7.48360341e-01  4.23728609e-01
7.82407959e-01  5.47615020e-01  9.55256186e-01  9.09531115e-01  3.81733256e-01  9.60336211e-01
8.26365847e-01  8.39370467e-01  6.16851113e-01  9.56390190e-01  6.49361236e-01  5.97377125e-01
7.97738660e-01  5.31148573e-01  9.13884353e-01  9.16814400e-01  3.52247007e-01  9.20576812e-01
8.07598032e-01  6.43451493e-01  8.07783091e-01  9.29401554e-01  4.70564591e-01  8.12524820e-01
7.62813457e-01  6.43569960e-01  9.59495718e-01  9.06563720e-01  4.53838633e-01  9.62386498e-01
7.96417561e-01  6.95019814e-01  8.11970647e-01  9.26342358e-01  5.43484799e-01  8.14455652e-01
8.10895196e-01  5.79517774e-01  8.38097466e-01  9.27724847e-01  3.78589596e-01  8.44931250e-01
7.91928572e-01  7.08694091e-01  8.18336361e-01  9.25006227e-01  5.55843971e-01  8.20113115e-01
9.28551973e-01  5.48269202e-01  4.58558910e-01  9.84418784e-01  4.47217044e-01  4.64737053e-01
8.17679861e-01  8.18584850e-01  6.59841032e-01  9.49440579e-01  6.30522366e-01  6.46373095e-01
8.33666336e-01  3.68902248e-01  8.97517184e-01  9.22273431e-01  2.49015753e-01  9.10394520e-01
9.49085968e-01  3.51116624e-01  5.17127174e-01  9.77377929e-01  2.74403771e-01  5.51085382e-01
8.17906890e-01  7.71277463e-01  6.89783844e-01  9.44065882e-01  6.18736925e-01  6.83610307e-01
8.94572813e-01  5.97566543e-01  5.42230721e-01  9.70403855e-01  4.79442401e-01  5.47528318e-01
8.28608727e-01  3.10877093e-01  9.52072463e-01  9.16302505e-01  1.90831290e-01  9.61864668e-01
8.03593824e-01  7.13552998e-01  7.75569303e-01  9.34448022e-01  4.90592242e-01  7.74934863e-01
9.26249741e-01  6.06579157e-01  4.28520203e-01  9.86338222e-01  5.64225297e-01  4.24881761e-01
8.49836928e-01  7.93699035e-01  5.66801515e-01  9.58922984e-01  7.68922780e-01  5.52987548e-01
8.69593807e-01  5.49088764e-01  6.58226033e-01  9.51050851e-01  4.73067132e-01  6.72603479e-01
8.54696412e-01  2.33105689e-01  9.13973872e-01  9.22534903e-01  1.58771746e-01  9.29449664e-01
8.93787309e-01  7.06197471e-01  4.74372028e-01  9.79001282e-01  6.18074543e-01  4.59763255e-01
9.11099060e-01  6.43336702e-01  4.56101199e-01  9.77091009e-01  6.93369157e-01  4.53768324e-01
8.24265604e-01  5.25676422e-01  8.27650575e-01  9.30004117e-01  3.47499721e-01  8.37636351e-01
8.48834175e-01  2.83823894e-01  9.01248691e-01  9.24311192e-01  1.69491454e-01  9.16052011e-01
7.99516351e-01  6.43974082e-01  8.34887633e-01  9.23777666e-01  5.06343367e-01  8.40161757e-01
8.60250607e-01  4.76761340e-01  7.36911610e-01  9.41768106e-01  3.78000115e-01  7.54507418e-01
9.66777845e-01  3.24889798e-01  4.74080285e-01  9.84863871e-01  2.42535496e-01  5.10589284e-01
8.22722324e-01  8.87903453e-01  5.97416297e-01  9.58837172e-01  6.97018802e-01  5.69950565e-01
8.89620509e-01  3.39741533e-01  7.26139501e-01  9.48458006e-01  2.06838156e-01  7.51910662e-01
9.95533468e-01  2.79387716e-01  4.05979982e-01  9.94132063e-01  2.53730812e-01  4.48526951e-01
8.76176276e-01  6.97261499e-01  5.39973721e-01  9.69983555e-01  5.56527438e-01  5.32074399e-01
8.21623938e-01  9.44186150e-01  5.64902476e-01  9.61353170e-01  8.12135267e-01  5.27231503e-01
8.13546161e-01  5.23266687e-01  8.65616849e-01  9.22758217e-01  3.85553495e-01  8.75138310e-01
8.65628009e-01  3.45691739e-01  8.03750351e-01  9.37292843e-01  2.05366372e-01  8.23848956e-01
8.60995354e-01  3.53427119e-01  8.14757483e-01  9.35574589e-01  2.12508565e-01  8.33701177e-01
9.39085056e-01  2.60865318e-01  6.09679605e-01  9.64898504e-01  1.95348829e-01  6.49715454e-01
7.87294051e-01  5.03492890e-01  9.67313176e-01  9.11453285e-01  2.81315304e-01  9.71654369e-01
8.41615285e-01  2.54358582e-01  9.44897184e-01  9.19174355e-01  1.38824347e-01  9.56211039e-01
8.03238269e-01  4.03109456e-01  9.78643098e-01  9.10820507e-01  2.45598176e-01  9.84637814e-01
7.89739527e-01  9.02307166e-01  7.00065568e-01  9.42473425e-01  6.72629825e-01  6.80616216e-01
8.83778833e-01  7.43971852e-01  4.83832680e-01  9.77055709e-01  6.50384221e-01  4.64631094e-01
8.81120539e-01  5.88527368e-01  5.93777937e-01  9.61269298e-01  4.92608096e-01  6.02998661e-01
8.25019813e-01  7.84740474e-01  6.56890099e-01  9.51397539e-01  5.78454929e-01  6.46083976e-01
7.82355799e-01  7.06276159e-01  8.52414755e-01  9.20589136e-01  5.31794175e-01  8.54098433e-01
8.50648135e-01  7.73618937e-01  5.76785924e-01  9.57246758e-01  7.54561368e-01  5.66600406e-01
7.89909162e-01  7.95319608e-01  7.69250196e-01  9.35027743e-01  5.31791180e-01  7.62033774e-01
7.66179497e-01  6.34827124e-01  9.54040254e-01  9.10547322e-01  3.75090311e-01  9.55900334e-01
7.85009165e-01  5.84553934e-01  9.22437029e-01  9.12498318e-01  4.37909883e-01  9.28083030e-01
8.36331975e-01  4.39576374e-01  8.42577503e-01  9.30361677e-01  2.61794176e-01  8.55522790e-01
7.86816897e-01  4.73691688e-01  9.88581334e-01  9.07505233e-01  3.00122665e-01  9.93058278e-01
9.90095458e-01  2.99458111e-01  4.11117268e-01  9.92007671e-01  2.94846225e-01  4.51951960e-01
9.19414345e-01  6.53870744e-01  4.21027250e-01  9.80649195e-01  7.62293595e-01  4.14726380e-01
8.35728184e-01  6.64731192e-01  6.98442818e-01  9.46673848e-01  4.75327309e-01  7.00652798e-01
9.47675588e-01  2.86896685e-01  5.63311605e-01  9.71043002e-01  2.23056710e-01  6.03277431e-01
8.55718703e-01  7.62449624e-01  5.66819751e-01  9.60232978e-01  7.17112944e-01  5.56269862e-01
7.72314770e-01  6.02034906e-01  9.54197479e-01  9.07572490e-01  4.43029885e-01  9.58462982e-01
8.79743020e-01  3.17551460e-01  7.74386030e-01  9.41997244e-01  1.88593533e-01  7.98149247e-01
8.73907159e-01  7.37290261e-01  5.21690272e-01  9.66700385e-01  7.34093412e-01  5.11319853e-01
8.86892532e-01  7.88529659e-01  4.44331343e-01  9.74238137e-01  9.15810366e-01  4.20205798e-01
8.47655355e-01  4.55359130e-01  7.93876943e-01  9.36540128e-01  2.91732840e-01  8.08856953e-01
7.48257847e-01  7.51444452e-01  9.38884846e-01  9.09818365e-01  4.69530716e-01  9.37822243e-01
9.65788871e-01  4.45829072e-01  3.98624984e-01  9.92794564e-01  4.21704429e-01  4.17039340e-01
8.63126873e-01  8.10632847e-01  5.10382907e-01  9.71847387e-01  7.05125045e-01  4.84621929e-01
8.83282519e-01  3.63750889e-01  7.32073641e-01  9.46965359e-01  2.30014351e-01  7.56024866e-01
8.48801511e-01  2.19273917e-01  9.43272733e-01  9.19334207e-01  1.36096580e-01  9.55828297e-01
7.85506020e-01  6.95125354e-01  8.49255082e-01  9.22807851e-01  4.87925468e-01  8.50716743e-01
8.35106587e-01  2.70154715e-01  9.56446700e-01  9.16007696e-01  1.77572088e-01  9.66876963e-01
8.48691143e-01  8.03829328e-01  5.64116118e-01  9.64457409e-01  6.53521989e-01  5.44671186e-01
9.47065146e-01  3.82920810e-01  5.03341271e-01  9.80204994e-01  2.75593375e-01  5.32678416e-01
8.07965885e-01  5.38765764e-01  8.74206068e-01  9.20620042e-01  4.08070077e-01  8.83030896e-01
8.10201187e-01  7.49012244e-01  7.30108908e-01  9.38675294e-01  5.78843357e-01  7.27051220e-01
8.47602228e-01  8.08825895e-01  5.64569636e-01  9.63599645e-01  6.75183318e-01  5.45071166e-01
7.83388754e-01  5.46825808e-01  9.52735376e-01  9.09974475e-01  3.82203803e-01  9.57898706e-01
8.51187347e-01  2.82157245e-01  8.94339075e-01  9.24648391e-01  1.85473107e-01  9.10126958e-01
8.85156193e-01  4.81254005e-01  6.49720042e-01  9.55683408e-01  3.65310534e-01  6.68786265e-01
8.56334686e-01  1.99963677e-01  9.30227529e-01  9.21274645e-01  1.30532210e-01  9.44695924e-01
8.27271739e-01  5.86830294e-01  7.77736969e-01  9.36581643e-01  3.90276100e-01  7.85389143e-01
8.75075385e-01  5.25060822e-01  6.55510224e-01  9.53881497e-01  4.05984608e-01  6.70763682e-01
8.46933947e-01  2.79888261e-01  9.10257013e-01  9.22301998e-01  1.87339952e-01  9.24732914e-01
7.84723002e-01  5.57327580e-01  9.41385961e-01  9.13010162e-01  3.50161613e-01  9.45977567e-01
8.48063926e-01  9.31187922e-01  4.83262644e-01  9.68536797e-01  9.86567702e-01  4.39586842e-01
9.60264253e-01  2.87709594e-01  5.20335417e-01  9.76564795e-01  2.49405942e-01  5.62184616e-01
9.01874549e-01  5.20235056e-01  5.67642814e-01  9.69029062e-01  3.71513934e-01  5.81754022e-01
8.54728435e-01  8.74681813e-01  4.97615753e-01  9.70784682e-01  8.31417065e-01  4.62218148e-01
8.34042464e-01  4.56197000e-01  8.39263544e-01  9.30617800e-01  2.69412714e-01  8.51570516e-01
8.52161613e-01  5.05457044e-01  7.46047133e-01  9.40735945e-01  3.81035910e-01  7.60927110e-01
8.68014777e-01  7.33859268e-01  5.43926885e-01  9.69461415e-01  5.74903183e-01  5.31095938e-01
8.98859444e-01  4.86696649e-01  5.99654691e-01  9.62424606e-01  3.92445773e-01  6.19173191e-01
7.79780708e-01  5.44647539e-01  9.66106343e-01  9.09904383e-01  3.30379830e-01  9.70033967e-01
7.80643077e-01  8.49226903e-01  7.65716181e-01  9.34290786e-01  5.83987934e-01  7.54469724e-01
9.27263158e-01  6.17380334e-01  4.18066759e-01  9.87390968e-01  5.90756337e-01  4.11885316e-01
8.07916965e-01  4.71949428e-01  9.17756270e-01  9.16646541e-01  3.31827362e-01  9.26460978e-01
7.95702643e-01  4.23213633e-01  9.91181187e-01  9.08706684e-01  2.54782184e-01  9.96029798e-01
8.94666180e-01  4.40309533e-01  6.44009483e-01  9.55850189e-01  3.65496410e-01  6.67673112e-01
8.92485548e-01  6.86161808e-01  4.91799629e-01  9.74119892e-01  6.47836986e-01  4.84054906e-01
8.97011703e-01  5.49665494e-01  5.65048105e-01  9.68828355e-01  4.01731751e-01  5.75926460e-01
8.63732277e-01  3.30709298e-01  8.19915710e-01  9.35271562e-01  1.93763892e-01  8.39541391e-01
8.49017917e-01  4.95890907e-01  7.62933930e-01  9.39867654e-01  3.36208909e-01  7.77048921e-01
8.21470156e-01  4.87559096e-01  8.61891654e-01  9.23752428e-01  3.66732457e-01  8.73194676e-01
7.70176487e-01  6.35917826e-01  9.39756983e-01  9.10558157e-01  4.30678678e-01  9.42742530e-01
8.12340913e-01  4.03376440e-01  9.47555871e-01  9.15433413e-01  2.43598153e-01  9.55529659e-01
8.47646272e-01  7.33118298e-01  6.13273947e-01  9.54309808e-01  6.55759001e-01  6.08693941e-01
8.68418019e-01  3.51709428e-01  7.90368003e-01  9.37266212e-01  2.56100400e-01  8.12074583e-01
9.39523038e-01  3.29105661e-01  5.63888859e-01  9.70067981e-01  2.66321896e-01  5.99859024e-01
9.31447084e-01  4.93200872e-01  4.84777257e-01  9.79810683e-01  4.19901714e-01  5.01230909e-01
8.53156687e-01  2.23289703e-01  9.25576819e-01  9.21620648e-01  1.39293484e-01  9.39898213e-01
7.97689105e-01  6.80986305e-01  8.17063202e-01  9.29205368e-01  4.50191394e-01  8.18579562e-01
7.69060762e-01  6.02173986e-01  9.65159797e-01  9.09606917e-01  3.48972394e-01  9.67563724e-01
8.74184670e-01  2.84146500e-01  8.14949755e-01  9.36072087e-01  1.82551012e-01  8.37564598e-01
8.19027541e-01  3.44340621e-01  9.63180487e-01  9.14159728e-01  2.11060165e-01  9.71357950e-01
9.35035125e-01  3.28928022e-01  5.79243323e-01  9.67508118e-01  2.71928059e-01  6.14952799e-01
8.98524308e-01  5.27278413e-01  5.74445469e-01  9.63676451e-01  4.78218067e-01  5.90952165e-01
9.62979209e-01  4.66101415e-01  3.95301741e-01  9.92649331e-01  4.54516107e-01  4.10761662e-01
7.80023966e-01  5.86153671e-01  9.38328479e-01  9.10548851e-01  4.26444775e-01  9.43282876e-01
8.50233009e-01  7.97623490e-01  5.62909321e-01  9.63591467e-01  6.75524377e-01  5.45043308e-01
8.28184924e-01  4.35121632e-01  8.72838150e-01  9.23614518e-01  3.16285636e-01  8.85440399e-01
8.62013140e-01  5.80812816e-01  6.63669343e-01  9.51974507e-01  4.45159898e-01  6.73767740e-01
9.16363802e-01  3.33279632e-01  6.39819569e-01  9.60178687e-01  2.31221084e-01  6.71532952e-01
8.47796264e-01  4.40948202e-01  8.02754296e-01  9.33901102e-01  3.20817231e-01  8.18930821e-01
8.88273214e-01  5.57644357e-01  5.89539919e-01  9.60769418e-01  5.05680275e-01  6.03126152e-01
8.15597720e-01  4.24876835e-01  9.22236467e-01  9.16711552e-01  3.05878799e-01  9.32153721e-01
9.22329839e-01  3.16504884e-01  6.30451750e-01  9.62165858e-01  2.09875404e-01  6.63816929e-01
