8.26679515e-01  8.70080398e-01  5.95550196e-01  9.58722764e-01  6.97197131e-01  5.70642158e-01
8.30988633e-01  7.40014476e-01  6.65360890e-01  9.45997082e-01  6.53034848e-01  6.62636138e-01
7.54460714e-01  7.15863279e-01  9.40921954e-01  9.08876675e-01  4.79318159e-01  9.41556111e-01
8.21066947e-01  5.77277905e-01  8.05009785e-01  9.33136111e-01  3.69041480e-01  8.12481755e-01
7.68685140e-01  6.65698476e-01  9.25187113e-01  9.11534040e-01  4.65651484e-01  9.27734379e-01
7.57783891e-01  6.13517536e-01  9.96090902e-01  9.02995624e-01  3.98033380e-01  9.98405518e-01
9.03509664e-01  2.18284474e-01  7.57830688e-01  9.44243018e-01  1.61888997e-01  7.89520466e-01
7.62892353e-01  6.42441865e-01  9.59961592e-01  9.09277092e-01  3.83029312e-01  9.61659875e-01
9.72557739e-01  2.89196903e-01  4.77329030e-01  9.83315474e-01  2.45461069e-01  5.19312464e-01
9.90317048e-01  3.62515306e-01  3.69427382e-01  9.97972959e-01  3.59041215e-01  3.98589479e-01
7.65043644e-01  8.37469155e-01  8.26026197e-01  9.25166767e-01  5.59108500e-01  8.18315054e-01
8.73184758e-01  3.42127555e-01  7.80402976e-01  9.40946278e-01  1.97751934e-01  8.02215602e-01
8.27061875e-01  2.75513927e-01  9.80288804e-01  9.13846013e-01  1.47241899e-01  9.87879503e-01
8.69819303e-01  8.52586782e-01  4.60419867e-01  9.70437244e-01  9.81925095e-01  4.28494516e-01
8.60147058e-01  7.78725378e-01  5.41216671e-01  9.68724040e-01  6.29305544e-01  5.22499285e-01
8.85374812e-01  7.77130180e-01  4.56588394e-01  9.77611332e-01  7.74328813e-01  4.31371144e-01
8.74256076e-01  3.16837370e-01  7.93184743e-01  9.39068692e-01  1.91689050e-01  8.15682330e-01
8.11931166e-01  8.84659382e-01  6.36166144e-01  9.53015740e-01  6.73130721e-01  6.12901378e-01
8.40888415e-01  2.87917372e-01  9.25277584e-01  9.20970511e-01  1.66125818e-01  9.37749328e-01
8.03825741e-01  4.92290056e-01  9.18442680e-01  9.15440960e-01  3.63119174e-01  9.26823735e-01
8.89796144e-01  5.80925003e-01  5.68956462e-01  9.62859167e-01  5.44905428e-01  5.79975452e-01
7.48321064e-01  7.46060289e-01  9.42165801e-01  9.08845057e-01  4.80118267e-01  9.41570457e-01
9.42021623e-01  5.06035406e-01  4.40240808e-01  9.86853403e-01  4.35480187e-01  4.51889901e-01
8.86901533e-01  7.86330992e-01  4.45431031e-01  9.80377627e-01  7.64528256e-01  4.15941485e-01
8.46970938e-01  7.83281525e-01  5.82999102e-01  9.55972179e-01  7.65345604e-01  5.72233864e-01
9.70473777e-01  2.61388361e-01  5.02458981e-01  9.79642968e-01  2.25642129e-01  5.47526383e-01
8.95084406e-01  6.90964946e-01  4.79558781e-01  9.72208128e-01  7.44459291e-01  4.73048167e-01
8.61168750e-01  8.25317900e-01  5.07497390e-01  9.66536749e-01  8.52840788e-01  4.83895204e-01
9.63993242e-01  3.45571179e-01  4.69811049e-01  9.83195600e-01  3.08254176e-01  5.05297153e-01
8.47031431e-01  9.10890216e-01  4.99946874e-01  9.71281489e-01  8.33948010e-01  4.57920610e-01
8.74884641e-01  7.43384942e-01  5.14116681e-01  9.67287305e-01  7.53206662e-01  5.02540406e-01
9.85725995e-01  2.55898651e-01  4.54233346e-01  9.86783845e-01  2.30138612e-01  5.00681140e-01
9.82375245e-01  2.93682316e-01  4.41081262e-01  9.88509991e-01  2.60267405e-01  4.82519816e-01
8.80562535e-01  6.18389490e-01  5.75987284e-01  9.60851854e-01  5.85595487e-01  5.83266125e-01
8.80409367e-01  2.92831623e-01  7.87874721e-01  9.39094450e-01  2.03825645e-01  8.12659663e-01
7.93112020e-01  6.29838364e-01  8.65516902e-01  9.19943712e-01  4.78452002e-01  8.70796294e-01
8.82951753e-01  7.58801103e-01  4.76715713e-01  9.74684420e-01  7.44473302e-01  4.57167196e-01
8.18288752e-01  3.75322507e-01  9.45275052e-01  9.17001178e-01  2.06273088e-01  9.53748815e-01
7.56340999e-01  6.87478078e-01  9.52967361e-01  9.08212397e-01  4.44005253e-01  9.54130068e-01
8.12794695e-01  4.79742901e-01  8.96132286e-01  9.22155538e-01  2.75035897e-01  9.04507806e-01
8.43545625e-01  2.55322556e-01  9.37417948e-01  9.20160291e-01  1.38526453e-01  9.49442919e-01
8.74372292e-01  7.57084404e-01  5.06962193e-01  9.66190834e-01  8.17625001e-01  4.94404315e-01
8.63732277e-01  3.30709298e-01  8.19915710e-01  9.35271562e-01  1.93763892e-01  8.39541391e-01
9.11099060e-01  6.43336702e-01  4.56101199e-01  9.77091009e-01  6.93369157e-01  4.53768324e-01
9.21031102e-01  6.37224289e-01  4.26344890e-01  9.84588287e-01  6.36178094e-01  4.19161737e-01
8.58777375e-01  8.00641031e-01  5.31638535e-01  9.64081532e-01  7.93538400e-01  5.13599805e-01
8.61505638e-01  2.31948044e-01  8.91600989e-01  9.25572773e-01  1.61154902e-01  9.09409162e-01
9.72496477e-01  4.12134923e-01  3.97723814e-01  9.93111149e-01  3.94719596e-01  4.21362678e-01
8.49167382e-01  9.35989418e-01  4.76398544e-01  9.69992563e-01  9.86529978e-01  4.30261563e-01
8.14400081e-01  3.42882605e-01  9.79545406e-01  9.11991828e-01  2.03952233e-01  9.86416428e-01
7.98178786e-01  4.59241304e-01  9.59079600e-01  9.11037648e-01  3.17384636e-01  9.65826967e-01
9.80717855e-01  3.55474189e-01  4.06592953e-01  9.94590588e-01  2.87357990e-01  4.37153645e-01
9.12716799e-01  2.22515361e-01  7.24116194e-01  9.49352050e-01  1.57063350e-01  7.58413445e-01
8.39291945e-01  7.41289915e-01  6.36337164e-01  9.50127985e-01  6.68900195e-01  6.32413587e-01
9.01460011e-01  5.89063958e-01  5.24067082e-01  9.73798297e-01  4.63257896e-01  5.29057751e-01
9.91030519e-01  3.21789034e-01  3.93444877e-01  9.96763074e-01  2.65434587e-01  4.28385559e-01
9.12340373e-01  2.88228743e-01  6.82433050e-01  9.54815573e-01  1.89912125e-01  7.15130927e-01
8.02372203e-01  9.13001916e-01  6.50224618e-01  9.50648350e-01  6.86694209e-01  6.24887547e-01
9.55326052e-01  4.86438066e-01  4.07787970e-01  9.92369775e-01  4.23063745e-01  4.19442984e-01
8.98381560e-01  6.65866295e-01  4.84658122e-01  9.77213543e-01  5.88653127e-01  4.77636728e-01
9.01850007e-01  1.98529037e-01  7.76292988e-01  9.42137337e-01  1.44194408e-01  8.07188371e-01
7.69135867e-01  6.45371498e-01  9.36854328e-01  9.09165729e-01  4.76545604e-01  9.40355458e-01
1.00218684e+00  3.04932032e-01  3.66507053e-01  9.98321392e-01  3.22532962e-01  4.04950777e-01
9.38852492e-01  3.14559101e-01  5.75312107e-01  9.68185253e-01  2.61300928e-01  6.12596912e-01
8.40642465e-01  2.14289396e-01  9.73921473e-01  9.15246938e-01  1.28264139e-01  9.83364784e-01
7.68309201e-01  8.90796147e-01  7.80313218e-01  9.31422220e-01  6.08311802e-01  7.66619949e-01
8.77616085e-01  2.67708055e-01  8.13672674e-01  9.36875385e-01  1.60937867e-01  8.36986306e-01
8.14731342e-01  3.32143021e-01  9.85394202e-01  9.11751492e-01  1.87587866e-01  9.91810553e-01
8.89243633e-01  2.80377760e-01  7.65961209e-01  9.43135084e-01  1.77983642e-01  7.92835193e-01
8.48338256e-01  5.61651188e-01  7.22249598e-01  9.45986471e-01  3.58499545e-01  7.32050398e-01
8.28947738e-01  2.79128766e-01  9.71536201e-01  9.13840403e-01  1.79349051e-01  9.80355780e-01
7.79783038e-01  6.61185087e-01  8.90428636e-01  9.15694189e-01  4.95584250e-01  8.94011108e-01
7.77096417e-01  5.35760388e-01  9.80993418e-01  9.08397976e-01  3.10629584e-01  9.84343660e-01
8.37507627e-01  7.18068835e-01  6.57472113e-01  9.46787592e-01  6.54982643e-01  6.57108823e-01
9.49339166e-01  4.75132670e-01  4.35456183e-01  9.86256538e-01  4.48238542e-01  4.52713126e-01
7.80744822e-01  5.45990194e-01  9.61959322e-01  9.08392689e-01  3.84794900e-01  9.66915194e-01
9.01734770e-01  7.26083898e-01  4.34177121e-01  9.78152289e-01  8.18899858e-01  4.17408953e-01
9.82488445e-01  3.73723719e-01  3.88732867e-01  9.94198368e-01  3.78637950e-01  4.18177808e-01
8.68898355e-01  7.74615111e-01  5.14168155e-01  9.65245379e-01  8.21661286e-01  4.99516162e-01
8.46788418e-01  2.55107053e-01  9.26544253e-01  9.20143023e-01  1.77813674e-01  9.40303452e-01
8.31088408e-01  2.83247577e-01  9.61591831e-01  9.15711956e-01  1.68089454e-01  9.71006012e-01
7.77323402e-01  5.43093219e-01  9.75460101e-01  9.06798244e-01  3.73319865e-01  9.79840990e-01
8.15722394e-01  7.36863476e-01  7.19247017e-01  9.38284644e-01  6.26783128e-01  7.18268985e-01
8.69057943e-01  8.06094102e-01  4.93189675e-01  9.71565554e-01  7.81440931e-01  4.68461375e-01
8.60231221e-01  6.00979171e-01  6.56627679e-01  9.53762013e-01  4.37299057e-01  6.64157058e-01
7.96583820e-01  6.92592063e-01  8.12982334e-01  9.26275601e-01  5.40481026e-01  8.15590927e-01
8.44765072e-01  6.78663642e-01  6.58411823e-01  9.49006547e-01  5.79094329e-01  6.60748226e-01
7.71955515e-01  6.16315464e-01  9.46145083e-01  9.08672789e-01  4.48390308e-01  9.50145489e-01
8.53631726e-01  4.28270963e-01  7.91169678e-01  9.37812685e-01  2.62480341e-01  8.07584601e-01
8.76444868e-01  2.15914637e-01  8.51277921e-01  9.31519834e-01  1.50779863e-01  8.73718455e-01
7.91928572e-01  7.08694091e-01  8.18336361e-01  9.25006227e-01  5.55843971e-01  8.20113115e-01
8.67256474e-01  7.57782926e-01  5.30671258e-01  9.63406417e-01  7.86483862e-01  5.19589491e-01
8.41142226e-01  9.24875937e-01  5.11161683e-01  9.66246770e-01  9.15598528e-01  4.71495153e-01
7.60325847e-01  6.35253003e-01  9.73343904e-01  9.03960723e-01  4.64720588e-01  9.76515378e-01
8.95070996e-01  7.31413905e-01  4.53343978e-01  9.74641648e-01  8.24117911e-01  4.38690147e-01
9.58935994e-01  3.96832554e-01  4.53703662e-01  9.87117004e-01  3.06995365e-01  4.80449921e-01
7.98513088e-01  6.57473531e-01  8.29232214e-01  9.24441434e-01  5.13107813e-01  8.33796724e-01
7.87558021e-01  8.74189688e-01  7.25729089e-01  9.39417471e-01  6.29124663e-01  7.10453946e-01
9.01718183e-01  4.00274203e-01  6.45758637e-01  9.58790718e-01  2.68438421e-01  6.71153840e-01
8.65963143e-01  2.12189676e-01  8.89292546e-01  9.26796815e-01  1.35045330e-01  9.07707873e-01
8.44093999e-01  2.12648482e-01  9.63264736e-01  9.16553504e-01  1.32752357e-01  9.73929998e-01
8.28430472e-01  3.34077449e-01  9.37612898e-01  9.16980565e-01  2.29183936e-01  9.48486622e-01
8.86365840e-01  7.29015547e-01  4.84460728e-01  9.77697436e-01  6.20408824e-01  4.67057567e-01
8.40492211e-01  9.76163951e-01  4.79773769e-01  9.70639985e-01  9.87906518e-01  4.25786296e-01
7.52396594e-01  6.44254881e-01  9.94427858e-01  9.01571268e-01  4.43951313e-01  9.96727361e-01
9.03634404e-01  3.70758087e-01  6.58414670e-01  9.57219398e-01  2.48591664e-01  6.85901893e-01
9.09430854e-01  6.58554319e-01  4.51886107e-01  9.77137650e-01  7.20075011e-01  4.47181711e-01
7.55319582e-01  6.45009638e-01  9.84011283e-01  9.03872986e-01  4.26363332e-01  9.86109267e-01
8.14449870e-01  6.54915356e-01  7.76773823e-01  9.31787557e-01  5.32649278e-01  7.82091816e-01
9.67661552e-01  3.83315097e-01  4.32851261e-01  9.89067870e-01  3.33218949e-01  4.61767187e-01
8.25104197e-01  4.51575102e-01  8.72618260e-01  9.25683513e-01  2.68380624e-01  8.83452846e-01
8.08756633e-01  4.63040308e-01  9.20690636e-01  9.18811886e-01  2.64620911e-01  9.28400127e-01
8.19617343e-01  3.94158208e-01  9.28531616e-01  9.16764492e-01  2.76558137e-01  9.38717823e-01
1.01598159e+00  2.53722092e-01  3.52912926e-01  1.00140764e+00  2.68452337e-01  3.97894777e-01
8.19895165e-01  4.42410725e-01  8.96555095e-01  9.20414434e-01  3.12661539e-01  9.07329362e-01
7.77910773e-01  6.37075950e-01  9.12440696e-01  9.12742420e-01  4.79654196e-01  9.16689089e-01
8.62702049e-01  8.44334631e-01  4.89944850e-01  9.69583862e-01  8.68900422e-01  4.60576472e-01
9.52095565e-01  2.90565268e-01  5.45921420e-01  9.73491074e-01  2.29061066e-01  5.86166880e-01
8.38303348e-01  2.35401868e-01  9.68156684e-01  9.16207908e-01  1.26578557e-01  9.77599673e-01
9.65312072e-01  4.47546059e-01  3.99129382e-01  9.94445502e-01  3.82298603e-01  4.15731354e-01
9.54490996e-01  2.20820680e-01  5.83067231e-01  9.68685201e-01  1.79503772e-01  6.28649682e-01
9.17374082e-01  3.78589609e-01  6.06674233e-01  9.62112647e-01  3.22497177e-01  6.37126052e-01
8.20243789e-01  5.85366807e-01  8.02255974e-01  9.34025786e-01  3.57557278e-01  8.08964783e-01
8.82660573e-01  6.32471714e-01  5.59720506e-01  9.62764619e-01  6.11205567e-01  5.64971997e-01
9.46039246e-01  2.93595938e-01  5.64518845e-01  9.71740244e-01  2.04836310e-01  6.03096573e-01
7.66300293e-01  6.48728189e-01  9.44304494e-01  9.07816697e-01  4.82166597e-01  9.47682271e-01
9.61923539e-01  2.92730168e-01  5.11144276e-01  9.78646404e-01  2.33777315e-01  5.52000912e-01
8.32799243e-01  2.49295682e-01  9.77827641e-01  9.13822507e-01  1.54091627e-01  9.86417457e-01
8.53492108e-01  8.30231667e-01  5.30374197e-01  9.63626336e-01  8.28759724e-01  5.08226015e-01
7.71069229e-01  6.74940628e-01  9.11089417e-01  9.12629112e-01  4.94883807e-01  9.13829824e-01
9.90780305e-01  2.63728246e-01  4.31988182e-01  9.89900428e-01  2.43807273e-01  4.77479843e-01
7.66967342e-01  6.23468227e-01  9.58442507e-01  9.10033074e-01  3.67150071e-01  9.60551138e-01
9.37637365e-01  4.09770787e-01  5.17624866e-01  9.77411173e-01  3.00982456e-01  5.44098349e-01
7.25055261e-01  7.78749278e-01  9.99952970e-01  9.00373519e-01  4.66463849e-01  9.99106976e-01
8.51532015e-01  4.83244766e-01  7.62309913e-01  9.40991456e-01  3.04561531e-01  7.76778054e-01
7.59069828e-01  6.10769478e-01  9.93508244e-01  9.03825954e-01  3.86686070e-01  9.95752968e-01
8.00511979e-01  4.93484702e-01  9.28921012e-01  9.14590181e-01  3.45434702e-01  9.36442916e-01
8.49506820e-01  2.40618631e-01  9.26720302e-01  9.21385053e-01  1.43651046e-01  9.40382901e-01
7.78824298e-01  5.87587882e-01  9.41471255e-01  9.09753266e-01  4.34722621e-01  9.46435314e-01
8.21868944e-01  6.90139581e-01  7.28710292e-01  9.37627202e-01  5.87570535e-01  7.31716874e-01
7.97252351e-01  5.04873167e-01  9.32596082e-01  9.13357113e-01  3.64575488e-01  9.39842889e-01
8.03812838e-01  3.85395876e-01  9.87895643e-01  9.08426370e-01  2.68257551e-01  9.94138235e-01
8.33847744e-01  3.56553136e-01  9.04621975e-01  9.21800269e-01  2.30749207e-01  9.17213162e-01
8.23667912e-01  3.83946368e-01  9.21407125e-01  9.19856914e-01  2.22906623e-01  9.31520854e-01
8.88105264e-01  4.10702388e-01  6.85511004e-01  9.52163270e-01  2.90546909e-01  7.08959915e-01
7.59212877e-01  7.92481420e-01  8.75036795e-01  9.18828201e-01  5.07304319e-01  8.71155833e-01
8.30748800e-01  2.61451458e-01  9.76898034e-01  9.13483214e-01  1.67290507e-01  9.85485378e-01
8.46063756e-01  2.93253115e-01  9.04237408e-01  9.24232061e-01  1.60140848e-01  9.18244790e-01
8.53536157e-01  2.83205660e-01  8.85384622e-01  9.26859447e-01  1.59775999e-01  9.01483433e-01
8.27943723e-01  3.41712486e-01  9.34308754e-01  9.18108580e-01  2.13685543e-01  9.44902653e-01
9.67868798e-01  3.83524095e-01  4.32011939e-01  9.90099371e-01  3.12251253e-01  4.60089918e-01
7.62813457e-01  6.43569960e-01  9.59495718e-01  9.06563720e-01  4.53838633e-01  9.62386498e-01
9.37100431e-01  4.42474591e-01  4.98216003e-01  9.79561439e-01  3.41952681e-01  5.20665057e-01
7.66886223e-01  5.87708875e-01  9.81936036e-01  9.04820177e-01  4.03834627e-01  9.85340081e-01
8.96630488e-01  3.43163804e-01  7.00113504e-01  9.52214503e-01  2.09482803e-01  7.27201225e-01
8.50494934e-01  2.45997129e-01  9.19872080e-01  9.21925176e-01  1.55151644e-01  9.34211705e-01
8.48063926e-01  9.31187922e-01  4.83262644e-01  9.68536797e-01  9.86567702e-01  4.39586842e-01
8.11798099e-01  4.60331420e-01  9.12119182e-01  9.17208890e-01  3.36714221e-01  9.21704482e-01
8.12160347e-01  8.92382724e-01  6.30373326e-01  9.52778162e-01  7.07266203e-01  6.06387840e-01
8.45750166e-01  9.09216460e-01  5.05384015e-01  9.68671296e-01  8.70416305e-01  4.66070811e-01
1.00561931e+00  2.74887096e-01  3.74357593e-01  9.98144707e-01  2.75964489e-01  4.17047600e-01
7.99459528e-01  5.17842310e-01  9.16679304e-01  9.15107782e-01  3.82495391e-01  9.24397999e-01
8.72149730e-01  2.88002189e-01  8.19058795e-01  9.34447190e-01  2.07365079e-01  8.41625012e-01
8.23925677e-01  6.53848653e-01  7.45288305e-01  9.36447520e-01  5.38818384e-01  7.50759432e-01
9.34081959e-01  4.86347032e-01  4.79982122e-01  9.77504012e-01  4.87395296e-01  4.99614258e-01
8.29368857e-01  9.13609159e-01  5.58157102e-01  9.60775148e-01  8.33061058e-01  5.25494793e-01
8.82745533e-01  7.93542377e-01  4.54860919e-01  9.74274693e-01  8.71827423e-01  4.29810413e-01
9.41072483e-01  3.04052101e-01  5.74595285e-01  9.68402618e-01  2.53848440e-01  6.12957797e-01
9.02476459e-01  2.06546444e-01  7.68960349e-01  9.43166304e-01  1.46372401e-01  8.00077753e-01
7.46273328e-01  6.95873412e-01  9.81707044e-01  9.04386906e-01  4.28363129e-01  9.82343002e-01
7.82988468e-01  7.72318715e-01  8.07387967e-01  9.29376385e-01  5.09361831e-01  8.03035307e-01
7.66717318e-01  5.83658990e-01  9.85139105e-01  9.03827476e-01  4.16244498e-01  9.88783611e-01
8.96413521e-01  7.22890300e-01  4.54616802e-01  9.77277924e-01  7.52862235e-01  4.39079141e-01
8.01152787e-01  5.90189041e-01  8.63954471e-01  9.20733707e-01  4.55525941e-01  8.71128647e-01
8.87946194e-01  6.70873495e-01  5.16841840e-01  9.74014413e-01  5.36366457e-01  5.10459444e-01
9.05655750e-01  6.14124248e-01  4.93847463e-01  9.74528565e-01  5.83682716e-01  4.96538913e-01
8.36835628e-01  3.55294358e-01  8.95291925e-01  9.22203610e-01  2.54330314e-01  9.09074710e-01
8.41959262e-01  7.87227649e-01  5.97455293e-01  9.55009247e-01  7.31755792e-01  5.86316482e-01
9.73244495e-01  3.73844171e-01  4.20042690e-01  9.88767899e-01  3.83944687e-01  4.51747822e-01
7.79819018e-01  6.00749154e-01  9.29547320e-01  9.11024781e-01  4.50544356e-01  9.34556853e-01
7.43142911e-01  7.10415787e-01  9.82895893e-01  9.04464460e-01  4.23401413e-01  9.83013950e-01
8.41517049e-01  9.44011033e-01  4.97168272e-01  9.67635377e-01  9.56218047e-01  4.52512048e-01
7.72953519e-01  5.98672521e-01  9.54211477e-01  9.07640044e-01  4.40788630e-01  9.58557513e-01
8.67819158e-01  2.94787345e-01  8.29359542e-01  9.32872785e-01  2.11556124e-01  8.50733505e-01
9.20672992e-01  2.36444646e-01  6.87757895e-01  9.53730455e-01  1.79732227e-01  7.24485522e-01
8.61063353e-01  7.27344890e-01  5.71462111e-01  9.58671697e-01  7.15619992e-01  5.66632171e-01
8.82625506e-01  7.19550381e-01  5.03306180e-01  9.72831607e-01  6.50864599e-01  4.91086214e-01
9.17212108e-01  3.56401846e-01  6.21629901e-01  9.63124331e-01  2.33149524e-01  6.51675316e-01
9.25852042e-01  5.94284757e-01  4.37852292e-01  9.84227430e-01  5.66656381e-01  4.37843493e-01
9.72572639e-01  2.51090558e-01  5.02017746e-01  9.80341257e-01  2.05166520e-01  5.47869780e-01
7.66550156e-01  7.62201433e-01  8.69779969e-01  9.20033538e-01  4.90801017e-01  8.67312726e-01
7.55671809e-01  6.57237927e-01  9.74875528e-01  9.06059891e-01  4.08132716e-01  9.76378701e-01
8.56346912e-01  9.11061919e-01  4.68203273e-01  9.70924225e-01  9.81587583e-01  4.25451513e-01
8.11870264e-01  8.98034063e-01  6.27689084e-01  9.52295744e-01  7.33260021e-01  6.03361082e-01
7.68128434e-01  7.87721025e-01  8.47850762e-01  9.22695961e-01  5.18469528e-01  8.43726446e-01
7.76032249e-01  5.31781435e-01  9.87191235e-01  9.07771060e-01  3.02424705e-01  9.90295471e-01
7.73083311e-01  6.81864667e-01  8.99755410e-01  9.17369792e-01  4.21153374e-01  9.00791526e-01
8.50088236e-01  2.37697921e-01  9.26641839e-01  9.20619148e-01  1.62927181e-01  9.40755472e-01
9.27263158e-01  6.17380334e-01  4.18066759e-01  9.87390968e-01  5.90756337e-01  4.11885316e-01
7.65090454e-01  6.24775966e-01  9.63966031e-01  9.06231920e-01  4.42265935e-01  9.67238896e-01
8.52132616e-01  8.37209522e-01  5.30460845e-01  9.67848990e-01  7.32709995e-01  5.03764616e-01
8.87759748e-01  7.20940596e-01  4.84969579e-01  9.73101321e-01  7.21230993e-01  4.72789938e-01
8.25298414e-01  8.48014280e-01  6.14565705e-01  9.53852042e-01  7.22839489e-01  5.95835629e-01
7.52930338e-01  7.13524079e-01  9.47638914e-01  9.09672128e-01  4.32117495e-01  9.47568929e-01
9.86878499e-01  3.47604450e-01  3.90783450e-01  9.96809269e-01  2.91873242e-01  4.21864713e-01
8.00300490e-01  4.10785616e-01  9.83338513e-01  9.10351786e-01  2.38678621e-01  9.88756377e-01
8.41876896e-01  2.45622194e-01  9.49383360e-01  9.17576711e-01  1.60062625e-01  9.60938703e-01
8.39288953e-01  2.31717563e-01  9.67201665e-01  9.16280514e-01  1.27747758e-01  9.76858813e-01
8.67920291e-01  8.32346586e-01  4.80009172e-01  9.75830452e-01  7.56200355e-01  4.47057997e-01
8.91554886e-01  2.72296879e-01  7.63358785e-01  9.42537083e-01  1.99905089e-01  7.91508310e-01
8.28046552e-01  2.78570582e-01  9.74959071e-01  9.12898317e-01  1.90914194e-01  9.83673636e-01
8.19152097e-01  3.33938372e-01  9.69214115e-01  9.12880592e-01  2.18156102e-01  9.77373121e-01
8.83931851e-01  6.80362115e-01  5.24311931e-01  9.66498136e-01  6.90979293e-01  5.22251187e-01
8.17303320e-01  9.74876882e-01  5.59350640e-01  9.61049311e-01  8.61673112e-01  5.17000500e-01
9.70549508e-01  3.02065855e-01  4.75793446e-01  9.84256699e-01  2.35829296e-01  5.15545118e-01
8.53641630e-01  8.88590893e-01  4.91978559e-01  9.73076167e-01  8.10196133e-01  4.52005463e-01
9.00593726e-01  2.85835263e-01  7.23874984e-01  9.47620688e-01  2.18523053e-01  7.54528449e-01
9.70599454e-01  2.48903249e-01  5.10137864e-01  9.79228289e-01  2.01068540e-01  5.55970862e-01
8.88879444e-01  3.84488408e-01  6.99604263e-01  9.51848745e-01  2.34863902e-01  7.23570645e-01
8.03930195e-01  5.15745523e-01  9.02859888e-01  9.20578218e-01  2.96185581e-01  9.09642171e-01
8.59856385e-01  8.00788242e-01  5.27879785e-01  9.70305079e-01  6.61425459e-01  5.04799572e-01
9.14210339e-01  6.75024457e-01  4.24964351e-01  9.79859922e-01  7.79871302e-01  4.15648638e-01
9.41656002e-01  2.82002212e-01  5.86929232e-01  9.66962821e-01  2.34131337e-01  6.26831922e-01
9.39724967e-01  3.76452276e-01  5.32167377e-01  9.75794189e-01  2.67291917e-01  5.62398398e-01
7.51938688e-01  6.75902714e-01  9.75433610e-01  9.04346484e-01  4.51791026e-01  9.77086060e-01
9.77908847e-01  4.01006069e-01  3.86571053e-01  9.96289494e-01  3.57071902e-01  4.09847253e-01
7.94876960e-01  4.45113575e-01  9.79466490e-01  9.08013393e-01  3.16250749e-01  9.85486216e-01
8.16579809e-01  6.96186601e-01  7.42744962e-01  9.35271799e-01  5.93046928e-01  7.45530391e-01
7.76384365e-01  5.35470355e-01  9.83599942e-01  9.07953358e-01  3.11929974e-01  9.86888489e-01
8.06020484e-01  6.84757688e-01  7.86023120e-01  9.29854365e-01  5.54292763e-01  7.89391706e-01
8.54032380e-01  2.10940896e-01  9.30621005e-01  9.20767646e-01  1.41319040e-01  9.44890924e-01
8.91944780e-01  7.03781614e-01  4.81899422e-01  9.78602191e-01  5.92567250e-01  4.67811357e-01
8.62143714e-01  7.68351149e-01  5.41171097e-01  9.62117462e-01  7.80618163e-01  5.29235136e-01
8.21281342e-01  7.55896282e-01  6.88013266e-01  9.43123246e-01  6.40098045e-01  6.84108969e-01
7.60912203e-01  6.18439845e-01  9.82269815e-01  9.03214466e-01  4.46869186e-01  9.85503726e-01
7.99282091e-01  4.42834330e-01  9.65985962e-01  9.10072310e-01  3.14041686e-01  9.72804053e-01
9.63322067e-01  3.90808696e-01  4.42721262e-01  9.88190763e-01  3.20373755e-01  4.70415332e-01
8.81706667e-01  7.01102379e-01  5.18403390e-01  9.72952863e-01  5.74108073e-01  5.08380153e-01
9.29250869e-01  2.43648921e-01  6.53952782e-01  9.58247607e-01  1.91121723e-01  6.92839930e-01
9.39567506e-01  3.74827191e-01  5.33757045e-01  9.75309900e-01  2.72150819e-01  5.64359642e-01
8.47037577e-01  8.62918330e-01  5.31070408e-01  9.64469472e-01  8.27335093e-01  5.03155331e-01
8.34973871e-01  3.40933208e-01  9.10940229e-01  9.22288091e-01  1.92823322e-01  9.23014800e-01
8.90765125e-01  6.48638709e-01  5.21705305e-01  9.73835897e-01  5.07280293e-01  5.18452082e-01
7.91137335e-01  4.65983059e-01  9.78615714e-01  9.07860629e-01  3.25599011e-01  9.84264706e-01
1.00424586e+00  2.79715746e-01  3.75886314e-01  9.97496516e-01  2.88436263e-01  4.18267386e-01
7.52041121e-01  6.85727776e-01  9.68706275e-01  9.05358703e-01  4.53934816e-01  9.70090697e-01
1.00153403e+00  2.58298310e-01  3.98998827e-01  9.94753524e-01  2.50487691e-01  4.44789589e-01
7.66266108e-01  6.60816156e-01  9.36572363e-01  9.09999575e-01  4.59057090e-01  9.39126336e-01
7.43910669e-01  6.97313135e-01  9.88795391e-01  9.01955870e-01  4.62167122e-01  9.89972214e-01
8.96939974e-01  6.88375803e-01  4.74939560e-01  9.79341082e-01  5.93562942e-01  4.62839262e-01
8.10211566e-01  7.09891835e-01  7.55472133e-01  9.33434197e-01  5.93526397e-01  7.57200268e-01
8.85026758e-01  4.45781742e-01  6.73189492e-01  9.52565385e-01  3.39649923e-01  6.94820591e-01
7.51922745e-01  7.52621960e-01  9.25673572e-01  9.10500178e-01  5.05397503e-01  9.25005476e-01
8.57524029e-01  2.31608092e-01  9.05343638e-01  9.24093445e-01  1.49745364e-01  9.21581250e-01
8.58029360e-01  7.75904331e-01  5.50535734e-01  9.60641814e-01  7.83978748e-01  5.38421824e-01
8.77741483e-01  1.94679866e-01  8.60662137e-01  9.30608295e-01  1.36538332e-01  8.82916527e-01
8.59389153e-01  8.74618925e-01  4.81532655e-01  9.68607113e-01  9.50000562e-01  4.47745255e-01
8.20927445e-01  9.72503577e-01  5.48585246e-01  9.63226953e-01  8.55305102e-01  5.04536984e-01
8.88071481e-01  3.99544927e-01  6.92572470e-01  9.52508936e-01  2.49821984e-01  7.15815708e-01
9.36092519e-01  2.94690863e-01  5.97582915e-01  9.65348092e-01  2.40350719e-01  6.35721195e-01
8.73479623e-01  3.76589987e-01  7.57026584e-01  9.43715093e-01  2.23722444e-01  7.78347123e-01
8.43506674e-01  2.66059142e-01  9.30578593e-01  9.20598270e-01  1.53389013e-01  9.43135102e-01
8.88953643e-01  7.43732873e-01  4.66118146e-01  9.72646279e-01  8.26182172e-01  4.50998164e-01
7.43884391e-01  7.05124925e-01  9.83813072e-01  9.04170017e-01  4.26598946e-01  9.84149133e-01
9.69752629e-01  3.28774951e-01  4.61159319e-01  9.86303623e-01  2.57316670e-01  4.97361500e-01
9.18529069e-01  3.72705807e-01  6.06572295e-01  9.62422791e-01  3.12728425e-01  6.37437393e-01
8.63126873e-01  8.10632847e-01  5.10382907e-01  9.71847387e-01  7.05125045e-01  4.84621929e-01
8.18840021e-01  7.92280378e-01  6.72681135e-01  9.44916873e-01  6.74165768e-01  6.64587290e-01
8.48815768e-01  7.42760616e-01  6.03042494e-01  9.55195330e-01  6.80535759e-01  5.97182579e-01
8.28207060e-01  9.78779092e-01  5.19791720e-01  9.65487254e-01  9.32731117e-01  4.71815214e-01
7.53542069e-01  6.87016335e-01  9.62772868e-01  9.07451332e-01  4.24473531e-01  9.63608965e-01
8.97804741e-01  2.84686405e-01  7.34092308e-01  9.48116820e-01  1.69288676e-01  7.62939195e-01
8.31156766e-01  9.83081054e-01  5.06982786e-01  9.68641413e-01  9.18520581e-01  4.54936864e-01
9.24700759e-01  2.40342682e-01  6.71550022e-01  9.55805892e-01  1.87421870e-01  7.09367313e-01
8.40256332e-01  8.15931935e-01  5.84602102e-01  9.56769605e-01  7.58279840e-01  5.68784388e-01
8.82690107e-01  7.54133016e-01  4.80634487e-01  9.70687533e-01  8.18828807e-01  4.65288635e-01
9.26943469e-01  4.58253797e-01  5.22460144e-01  9.72226400e-01  4.33283355e-01  5.46193815e-01
7.51195987e-01  6.88962612e-01  9.69477036e-01  9.07272599e-01  4.02724425e-01  9.69875908e-01
8.51494860e-01  2.60728048e-01  9.06911460e-01  9.23767070e-01  1.57047733e-01  9.21954680e-01
8.60017175e-01  5.81429034e-01  6.70046589e-01  9.49519855e-01  4.81061155e-01  6.81054257e-01
7.58534400e-01  6.10768852e-01  9.95326189e-01  9.01552395e-01  4.37481394e-01  9.98371754e-01
8.89620509e-01  3.39741533e-01  7.26139501e-01  9.48458006e-01  2.06838156e-01  7.51910662e-01
8.07187422e-01  3.66407266e-01  9.88765921e-01  9.10914764e-01  1.99827292e-01  9.94294066e-01
9.06691938e-01  2.38539605e-01  7.33873730e-01  9.47366946e-01  1.74639124e-01  7.66487696e-01
7.94479232e-01  9.33707529e-01  6.63583976e-01  9.47897432e-01  7.08115411e-01  6.37482863e-01
9.93399035e-01  3.11363005e-01  3.92171182e-01  9.96125143e-01  2.78494206e-01  4.29401162e-01
9.66467116e-01  3.14897069e-01  4.81325033e-01  9.81938081e-01  2.77634407e-01  5.20569309e-01
8.25711251e-01  3.77109246e-01  9.18906582e-01  9.19045172e-01  2.51554395e-01  9.29980786e-01
8.29020049e-01  2.60081643e-01  9.83658828e-01  9.12715593e-01  1.62382062e-01  9.91563274e-01
8.43552302e-01  2.65724743e-01  9.30640243e-01  9.19474959e-01  1.81595641e-01  9.43696746e-01
8.65040319e-01  2.84468568e-01  8.45496061e-01  9.30865822e-01  2.01942175e-01  8.65865993e-01
8.74778866e-01  2.43732701e-01  8.38874198e-01  9.33700010e-01  1.45602820e-01  8.60957788e-01
8.41522382e-01  2.27708409e-01  9.62219734e-01  9.16946079e-01  1.28160297e-01  9.72493920e-01
9.98185499e-01  2.43553859e-01  4.19941101e-01  9.91579353e-01  2.37259179e-01  4.68256459e-01
7.71195456e-01  8.35279736e-01  8.06556758e-01  9.28021701e-01  5.66388588e-01  7.98294917e-01
8.29588630e-01  7.08456299e-01  6.90604005e-01  9.43123737e-01  6.09379829e-01  6.91338209e-01
9.22013032e-01  6.39078480e-01  4.22104286e-01  9.81350374e-01  7.32559750e-01  4.17747155e-01
7.86281910e-01  6.02329047e-01  9.06573783e-01  9.15408781e-01  4.28564382e-01  9.11620979e-01
8.26536384e-01  3.42369922e-01  9.38660996e-01  9.16717718e-01  2.33179864e-01  9.49231207e-01
7.86785187e-01  5.67737174e-01  9.27324989e-01  9.12606283e-01  4.13635293e-01  9.33106198e-01
8.74806080e-01  8.15609489e-01  4.67493547e-01  9.72915157e-01  8.65959547e-01  4.39909072e-01
8.04559613e-01  7.72199435e-01  7.34212881e-01  9.39765548e-01  5.44633216e-01  7.28115043e-01
7.63915837e-01  6.45250837e-01  9.54660618e-01  9.07433726e-01  4.50908169e-01  9.57497798e-01
8.83582022e-01  2.56297390e-01  8.00821802e-01  9.39059949e-01  1.49200233e-01  8.25742248e-01
8.94616105e-01  6.93713302e-01  4.79364620e-01  9.71925079e-01  7.53775723e-01  4.72669603e-01
9.38532357e-01  2.12622856e-01  6.42579145e-01  9.60391736e-01  1.67250439e-01  6.84712112e-01
8.86158527e-01  7.26234559e-01  4.86969500e-01  9.70486760e-01  7.78220322e-01  4.76136735e-01
8.49529832e-01  3.26114787e-01  8.71129450e-01  9.28105147e-01  1.87728902e-01  8.86914314e-01
8.65628009e-01  3.45691739e-01  8.03750351e-01  9.37292843e-01  2.05366372e-01  8.23848956e-01
9.30250807e-01  2.97431483e-01  6.15640416e-01  9.64688948e-01  1.92065638e-01  6.51315911e-01
9.39349259e-01  4.75587466e-01  4.69082000e-01  9.79299250e-01  4.80754864e-01  4.89666817e-01
9.72760792e-01  3.57636419e-01  4.32207532e-01  9.88831304e-01  3.25247388e-01  4.65160830e-01
9.46715459e-01  4.41682945e-01  4.66081356e-01  9.83360285e-01  3.75403880e-01  4.88431578e-01
9.40433294e-01  3.89422812e-01  5.21341382e-01  9.76992158e-01  2.86056749e-01  5.50299135e-01
8.41953529e-01  9.22900863e-01  5.09391795e-01  9.69236372e-01  8.49539737e-01  4.67362747e-01
8.24754906e-01  9.23073213e-01  5.67680252e-01  9.60044335e-01  8.15850308e-01  5.34232765e-01
9.06267153e-01  3.33816410e-01  6.73458054e-01  9.53664319e-01  2.67141387e-01  7.04329669e-01
8.88471742e-01  7.61467166e-01  4.56241008e-01  9.73754303e-01  8.54480013e-01  4.37231307e-01
8.87428272e-01  3.57101103e-01  7.22610129e-01  9.47178077e-01  2.59109247e-01  7.48326887e-01
8.42609854e-01  7.14016069e-01  6.42777671e-01  9.48943484e-01  6.58815932e-01  6.42382811e-01
9.13915070e-01  5.30635651e-01  5.19707227e-01  9.71034926e-01  5.12798196e-01  5.35112517e-01
7.98252998e-01  4.09896314e-01  9.90869678e-01  9.09331912e-01  2.36526775e-01  9.95802737e-01
8.88717394e-01  7.42493899e-01  4.67724758e-01  9.73063123e-01  8.08801497e-01  4.52417476e-01
7.78274303e-01  6.18375619e-01  9.23349451e-01  9.14065305e-01  4.00596606e-01  9.26820604e-01
7.61029808e-01  7.00160181e-01  9.28809526e-01  9.11757525e-01  4.51782753e-01  9.29566736e-01
8.38101213e-01  2.23514439e-01  9.76562123e-01  9.15131380e-01  1.22721905e-01  9.85410703e-01
7.93723479e-01  4.76676893e-01  9.62889050e-01  9.10097518e-01  3.29153051e-01  9.69084407e-01
8.15360286e-01  8.73096473e-01  6.32028505e-01  9.51950587e-01  7.09972844e-01  6.11056950e-01
8.46341413e-01  2.69146009e-01  9.18947158e-01  9.22101541e-01  1.57436509e-01  9.32542835e-01
7.42030220e-01  7.53237305e-01  9.58869788e-01  9.06378348e-01  4.76738555e-01  9.58183292e-01
9.46993900e-01  2.63247159e-01  5.80980129e-01  9.68465163e-01  2.10847053e-01  6.22681055e-01
7.33737122e-01  7.93906973e-01  9.60626989e-01  9.06260074e-01  4.78680681e-01  9.58484408e-01
8.12488233e-01  4.75777380e-01  8.99746366e-01  9.18645539e-01  3.49346049e-01  9.09518261e-01
7.75721104e-01  8.69261138e-01  7.69125130e-01  9.32857938e-01  6.10832829e-01  7.56820509e-01
8.40912051e-01  2.47326330e-01  9.51553436e-01  9.16901038e-01  1.69675664e-01  9.63007875e-01
8.00854770e-01  8.76403598e-01  6.79138443e-01  9.45332029e-01  6.77291439e-01  6.61189381e-01
8.51016279e-01  8.98580283e-01  4.94407397e-01  9.68004721e-01  9.26016520e-01  4.57254439e-01
8.73123783e-01  7.07831692e-01  5.43177971e-01  9.63557527e-01  7.01461308e-01  5.38638190e-01
7.63199059e-01  7.56674372e-01  8.84748518e-01  9.17341126e-01  4.97351522e-01  8.83034554e-01
8.30932475e-01  6.66586631e-01  7.13224419e-01  9.40356085e-01  5.71704933e-01  7.17954692e-01
9.55817579e-01  4.10628151e-01  4.55335764e-01  9.83452568e-01  3.95971400e-01  4.82997499e-01
1.00394033e+00  2.90409502e-01  3.69981249e-01  9.98798861e-01  2.88003943e-01  4.10018724e-01
8.99707687e-01  2.82061896e-01  7.29333969e-01  9.47950768e-01  1.89625761e-01  7.59215672e-01
8.75732948e-01  5.67686052e-01  6.25603697e-01  9.58722691e-01  4.21093658e-01  6.36164788e-01
7.95491072e-01  9.11700339e-01  6.74436267e-01  9.46858478e-01  6.76782602e-01  6.51521636e-01
7.73902113e-01  6.19141881e-01  9.37698899e-01  9.09404012e-01  4.63034798e-01  9.42008675e-01
7.66023520e-01  6.38130423e-01  9.52126122e-01  9.07914435e-01  4.47584469e-01  9.55197953e-01
9.29400372e-01  3.82285909e-01  5.63438224e-01  9.70883579e-01  2.71657829e-01  5.92856954e-01
7.65426298e-01  6.15997250e-01  9.68525946e-01  9.06423344e-01  4.18520356e-01  9.71602377e-01
7.90205590e-01  6.67498223e-01  8.50934776e-01  9.20611848e-01  5.27255290e-01  8.55021481e-01
9.54688135e-01  2.86220861e-01  5.39938527e-01  9.73924894e-01  2.38392344e-01  5.81188306e-01
8.91507496e-01  2.84903291e-01  7.55335532e-01  9.45009082e-01  1.70582986e-01  7.82561442e-01
8.38502938e-01  8.13072916e-01  5.92413170e-01  9.60719380e-01  6.29403010e-01  5.73801451e-01
8.17962585e-01  3.45466834e-01  9.65767944e-01  9.12799955e-01  2.34098204e-01  9.74136582e-01
8.46846542e-01  8.69468233e-01  5.27467000e-01  9.67285660e-01  7.80288088e-01  4.96174920e-01
9.29230913e-01  3.20074353e-01  6.04403142e-01  9.65860036e-01  2.13976974e-01  6.38648091e-01
8.57273055e-01  8.06379196e-01  5.33021933e-01  9.68962272e-01  6.75385378e-01  5.10122793e-01
8.08514532e-01  8.37862895e-01  6.78150863e-01  9.48011570e-01  5.97640692e-01  6.62761359e-01
9.14838913e-01  2.74216542e-01  6.83045678e-01  9.53821844e-01  2.07303452e-01  7.17408059e-01
7.76951924e-01  5.85087519e-01  9.49453518e-01  9.08690881e-01  4.30553374e-01  9.54229217e-01
8.55460186e-01  2.15025163e-01  9.23120224e-01  9.22173719e-01  1.32813657e-01  9.37877489e-01
8.39523253e-01  2.45847049e-01  9.57230629e-01  9.16246374e-01  1.65835338e-01  9.68109942e-01
7.66692864e-01  7.95318157e-01  8.47792951e-01  9.22064555e-01  5.36558154e-01  8.43516176e-01
7.95537886e-01  8.90219771e-01  6.88223519e-01  9.44855199e-01  6.57891583e-01  6.68814334e-01
7.63373258e-01  6.07800047e-01  9.80820395e-01  9.03533987e-01  4.43158333e-01  9.84328608e-01
7.91179285e-01  8.82185764e-01  7.08240624e-01  9.42327353e-01  6.33237485e-01  6.90827457e-01
8.53300185e-01  2.14006327e-01  9.31117436e-01  9.21201144e-01  1.28986841e-01  9.45014867e-01
8.00293549e-01  4.21804268e-01  9.76206670e-01  9.09793464e-01  2.80602930e-01  9.82465307e-01
8.69992328e-01  8.46006410e-01  4.64104818e-01  9.74830620e-01  8.58485660e-01  4.29387027e-01
8.08852389e-01  3.60430215e-01  9.86991652e-01  9.09428118e-01  2.43651507e-01  9.93508319e-01
7.87108925e-01  4.77826765e-01  9.84607403e-01  9.09044264e-01  2.74168953e-01  9.88784250e-01
8.17486006e-01  3.21935325e-01  9.82667107e-01  9.12456329e-01  1.78597911e-01  9.89407665e-01
8.05421472e-01  4.47181323e-01  9.42313511e-01  9.13961497e-01  3.04258657e-01  9.50169107e-01
8.55989953e-01  8.56832359e-01  5.04920126e-01  9.66509685e-01  8.88109197e-01  4.76281416e-01
8.18576764e-01  9.58282215e-01  5.65800364e-01  9.60690613e-01  8.31244094e-01  5.26464600e-01
8.85799840e-01  2.23977293e-01  8.14274540e-01  9.37055831e-01  1.43995871e-01  8.39818219e-01
7.59503399e-01  7.96980572e-01  8.71128632e-01  9.18675367e-01  5.27980199e-01  8.67267732e-01
7.64973487e-01  6.74131179e-01  9.32316528e-01  9.10070017e-01  4.76166414e-01  9.34646249e-01
7.60276933e-01  7.12584461e-01  9.23298922e-01  9.11717471e-01  4.76810658e-01  9.23930741e-01
8.72209241e-01  6.88142612e-01  5.59067099e-01  9.67768379e-01  5.24909375e-01  5.53205823e-01
8.61458721e-01  7.84198751e-01  5.33208311e-01  9.62519794e-01  8.13724853e-01  5.18860837e-01
9.08353474e-01  3.20501947e-01  6.75017834e-01  9.53747025e-01  2.54572677e-01  7.06758571e-01
8.73981265e-01  5.09342145e-01  6.69431505e-01  9.54614858e-01  3.28702134e-01  6.84256940e-01
8.87322506e-01  7.58060883e-01  4.62355250e-01  9.79404394e-01  6.93855126e-01  4.38820776e-01
8.48047215e-01  9.35531815e-01  4.80499444e-01  9.71461751e-01  9.33754606e-01  4.33266612e-01
9.36973661e-01  5.13490217e-01  4.52541664e-01  9.85113843e-01  4.32266733e-01  4.63800299e-01
8.16643196e-01  9.16154974e-01  5.99717104e-01  9.57901409e-01  7.26433774e-01  5.69025149e-01
8.51070978e-01  7.61940280e-01  5.82932200e-01  9.56140161e-01  7.49539890e-01  5.74878072e-01
7.69456896e-01  8.54932310e-01  7.99700799e-01  9.28553923e-01  5.87509440e-01  7.89909459e-01
7.55840227e-01  7.57789571e-01  9.09014487e-01  9.12896896e-01  5.12529463e-01  9.07958054e-01
7.52996940e-01  7.52771461e-01  9.21929125e-01  9.12239930e-01  4.76469731e-01  9.20660893e-01
8.29113515e-01  7.51944596e-01  6.63983039e-01  9.47334830e-01  6.31388595e-01  6.59154957e-01
7.87294051e-01  5.03492890e-01  9.67313176e-01  9.11453285e-01  2.81315304e-01  9.71654369e-01
9.30745782e-01  2.41428714e-01  6.50318215e-01  9.59645929e-01  1.68865294e-01  6.89114006e-01
9.38544079e-01  5.39160543e-01  4.30543612e-01  9.88425455e-01  4.59885977e-01  4.36064072e-01
8.30691504e-01  1.01223793e+00  4.89633097e-01  9.70349455e-01  9.78911208e-01  4.29766953e-01
9.75783970e-01  2.59448770e-01  4.85687173e-01  9.82434709e-01  2.19407208e-01  5.31093938e-01
9.62003680e-01  4.07423921e-01  4.36411083e-01  9.89519905e-01  3.23911163e-01  4.61060196e-01
8.78646332e-01  2.67473043e-01  8.10326680e-01  9.37378317e-01  1.60204212e-01  8.33934191e-01
8.07927527e-01  4.21776463e-01  9.50298303e-01  9.12811770e-01  3.00222124e-01  9.58491831e-01
8.32061674e-01  9.01300405e-01  5.57004851e-01  9.63508972e-01  7.64899516e-01  5.24013664e-01
8.12012897e-01  3.70022706e-01  9.70029939e-01  9.13319666e-01  2.08037897e-01  9.76940006e-01
8.31324819e-01  2.87906590e-01  9.57764004e-01  9.16798862e-01  1.54829362e-01  9.67158621e-01
8.22779093e-01  9.35876339e-01  5.66077163e-01  9.59823308e-01  8.36191565e-01  5.30860843e-01
8.56421414e-01  8.62552425e-01  4.99443783e-01  9.66382164e-01  9.16560505e-01  4.69884359e-01
7.65676292e-01  6.58327829e-01  9.40190869e-01  9.09025286e-01  4.69150267e-01  9.42997241e-01
8.32222687e-01  3.21778188e-01  9.32720456e-01  9.18360100e-01  2.10255632e-01  9.44097428e-01
9.42484135e-01  2.76549750e-01  5.87657088e-01  9.66915856e-01  2.30249703e-01  6.28046959e-01
8.74692111e-01  8.22634433e-01  4.63319614e-01  9.70944699e-01  9.35094866e-01  4.36266355e-01
9.47162735e-01  4.11537120e-01  4.84133646e-01  9.79280703e-01  3.84987694e-01  5.12333012e-01
7.68535114e-01  6.79432580e-01  9.16779169e-01  9.12742432e-01  4.70559779e-01  9.18830274e-01
9.04801618e-01  2.11149916e-01  7.58075639e-01  9.44354017e-01  1.56278971e-01  7.90129592e-01
8.05158604e-01  4.23200501e-01  9.58777287e-01  9.11612103e-01  2.99373855e-01  9.66384097e-01
8.97654201e-01  6.15007730e-01  5.20146232e-01  9.70106303e-01  5.82325912e-01  5.24697216e-01
8.73539754e-01  3.67501959e-01  7.62721851e-01  9.40500571e-01  2.80241898e-01  7.85651611e-01
8.85974304e-01  7.51243660e-01  4.71358534e-01  9.71596784e-01  8.34194875e-01  4.55840897e-01
8.14530238e-01  9.97030141e-01  5.54384437e-01  9.61639325e-01  8.84369807e-01  5.07873728e-01
9.35929488e-01  5.16097532e-01  4.54692070e-01  9.84669865e-01  4.37812461e-01  4.65857547e-01
8.12407389e-01  6.55764815e-01  7.83158247e-01  9.30870355e-01  5.30970516e-01  7.88368235e-01
9.22431683e-01  5.43887110e-01  4.82185236e-01  9.75932337e-01  5.51168094e-01  4.94677092e-01
8.17939493e-01  4.03891609e-01  9.27910245e-01  9.17813931e-01  2.53744591e-01  9.37360062e-01
7.67583089e-01  5.99418826e-01  9.71965469e-01  9.05144344e-01  4.35569862e-01  9.75789310e-01
8.75283704e-01  7.57764413e-01  5.03425968e-01  9.67110460e-01  8.10938857e-01  4.90081960e-01
8.49666525e-01  9.03720527e-01  4.95653719e-01  9.70542280e-01  8.64787853e-01  4.55399470e-01
9.44282466e-01  3.73221586e-01  5.18788995e-01  9.74833625e-01  3.38962231e-01  5.51683433e-01
7.95486242e-01  4.57598881e-01  9.69291125e-01  9.11346636e-01  2.71040043e-01  9.74757568e-01
9.28214905e-01  2.91649372e-01  6.26307548e-01  9.63195676e-01  1.87567265e-01  6.61949837e-01
8.61467218e-01  3.26053439e-01  8.30927997e-01  9.33503007e-01  1.99381473e-01  8.50075134e-01
8.64285171e-01  7.01473479e-01  5.77318638e-01  9.59164137e-01  6.65811114e-01  5.75201666e-01
8.59749274e-01  8.14048727e-01  5.19633730e-01  9.65967678e-01  8.07659293e-01  4.98181459e-01
7.52096403e-01  7.13654579e-01  9.50385564e-01  9.07886546e-01  4.66449319e-01  9.50935014e-01
8.21701392e-01  2.91195424e-01  9.88311395e-01  9.12088118e-01  1.64492907e-01  9.95089796e-01
8.36123840e-01  9.17824179e-01  5.32483242e-01  9.66068094e-01  8.20474549e-01  4.94520378e-01
7.90554796e-01  6.44130407e-01  8.64923094e-01  9.23156320e-01  4.03394650e-01  8.67868703e-01
7.64091626e-01  6.33486278e-01  9.61703450e-01  9.08621784e-01  3.91614439e-01  9.63840487e-01
7.79196947e-01  5.64388791e-01  9.55270493e-01  9.11060909e-01  3.45171781e-01  9.59135255e-01
9.19817295e-01  6.53071257e-01  4.20178472e-01  9.87919395e-01  5.95985945e-01  4.07265878e-01
8.19723850e-01  4.63434164e-01  8.83189967e-01  9.24178422e-01  2.69299799e-01  8.92887300e-01
8.25651503e-01  8.48988585e-01  6.12734469e-01  9.55568257e-01  6.89536140e-01  5.92672322e-01
8.56896713e-01  2.22914718e-01  9.13118734e-01  9.23168385e-01  1.44225917e-01  9.28812468e-01
8.05444707e-01  8.86126448e-01  6.57240037e-01  9.50050364e-01  6.57987290e-01  6.35480593e-01
8.01317954e-01  5.29851297e-01  9.02570760e-01  9.17298202e-01  3.82663004e-01  9.10313152e-01
8.29562974e-01  2.59543433e-01  9.82164331e-01  9.12758654e-01  1.66610226e-01  9.90291621e-01
8.68149814e-01  2.30201384e-01  8.70171412e-01  9.28585278e-01  1.60728950e-01  8.90192771e-01
8.77855471e-01  3.45668839e-01  7.62241946e-01  9.41251314e-01  2.56911744e-01  7.86330781e-01
8.76137835e-01  7.17411364e-01  5.26724259e-01  9.67675051e-01  6.75884201e-01  5.18258893e-01
8.28047021e-01  2.80115218e-01  9.73954874e-01  9.13908655e-01  1.68987312e-01  9.82357823e-01
7.70879636e-01  6.37929290e-01  9.36063043e-01  9.11160127e-01  4.30150265e-01  9.39006985e-01
9.80819847e-01  3.36452399e-01  4.18595680e-01  9.90625152e-01  3.22027559e-01  4.54416978e-01
9.78244642e-01  2.76403858e-01  4.66324363e-01  9.85409122e-01  2.29394956e-01  5.09670801e-01
8.76376911e-01  3.09575705e-01  7.90697627e-01  9.39917761e-01  1.77523355e-01  8.13573288e-01
9.74725115e-01  2.28472562e-01  5.09392815e-01  9.79021696e-01  1.98459713e-01  5.57909746e-01
7.46288847e-01  6.80148235e-01  9.91865159e-01  9.03541758e-01  4.07732229e-01  9.92619915e-01
8.14282870e-01  4.10641003e-01  9.35945309e-01  9.15049485e-01  2.95090356e-01  9.45351390e-01
8.55262014e-01  6.71777997e-01  6.27237564e-01  9.52474774e-01  6.14033099e-01  6.30284063e-01
8.18209878e-01  8.84086942e-01  6.15216918e-01  9.55578502e-01  6.98499218e-01  5.90496356e-01
8.87718838e-01  7.16310915e-01  4.88114462e-01  9.75498255e-01  6.48491457e-01  4.74546731e-01
8.38423067e-01  3.16655557e-01  9.15287926e-01  9.22394528e-01  1.72655124e-01  9.27597125e-01
8.39230573e-01  3.05814691e-01  9.19286152e-01  9.20105059e-01  2.12305061e-01  9.32425861e-01
8.22562216e-01  8.50460153e-01  6.22269293e-01  9.53791639e-01  6.93736471e-01  6.03074947e-01
9.62093497e-01  3.23536363e-01  4.90567327e-01  9.82107589e-01  2.43698449e-01  5.27472283e-01
8.29652408e-01  2.53057812e-01  9.86071989e-01  9.12273116e-01  1.64314229e-01  9.93945620e-01
7.63642651e-01  7.95306963e-01  8.58158728e-01  9.20897408e-01  5.24069641e-01  8.53940448e-01
7.62914748e-01  6.39721938e-01  9.61651641e-01  9.09125278e-01  3.79892098e-01  9.63372007e-01
7.80502765e-01  5.18909226e-01  9.80365901e-01  9.06689615e-01  3.54603174e-01  9.84944440e-01
9.85210551e-01  2.95204682e-01  4.30465528e-01  9.89854008e-01  2.69482723e-01  4.71732505e-01
8.39485726e-01  2.21328354e-01  9.73279470e-01  9.15521671e-01  1.24275748e-01  9.82542203e-01
9.02330530e-01  7.06100138e-01  4.45128074e-01  9.77898050e-01  7.64070040e-01  4.31948059e-01
8.44831205e-01  7.02320582e-01  6.42827910e-01  9.49603082e-01  6.36990630e-01  6.43292077e-01
7.98984118e-01  4.32990295e-01  9.73390449e-01  9.10368487e-01  2.77722329e-01  9.79456353e-01
7.63471093e-01  6.46763767e-01  9.55189851e-01  9.09826608e-01  3.88385265e-01  9.56875186e-01
8.40991662e-01  2.26132174e-01  9.65045762e-01  9.16761147e-01  1.22609987e-01  9.74986579e-01
9.76606668e-01  3.27035158e-01  4.39015525e-01  9.88443971e-01  2.89599402e-01  4.76037251e-01
8.34991873e-01  9.75095081e-01  4.99144764e-01  9.68263322e-01  9.56192879e-01  4.48491674e-01
8.22866286e-01  4.00775109e-01  9.13201456e-01  9.18566979e-01  2.88416079e-01  9.24367961e-01
9.00195310e-01  2.60436986e-01  7.41718019e-01  9.46313723e-01  1.79528840e-01  7.72089755e-01
8.49523701e-01  2.57561097e-01  9.15661620e-01  9.21818414e-01  1.74608066e-01  9.30315264e-01
8.30337100e-01  7.91173869e-01  6.34358548e-01  9.50030487e-01  7.04189808e-01  6.24730108e-01
8.60085890e-01  1.97233896e-01  9.18962784e-01  9.22558409e-01  1.35199642e-01  9.34849005e-01
7.64502139e-01  8.22989364e-01  8.37563899e-01  9.23384686e-01  5.54688173e-01  8.31298892e-01
7.40832532e-01  7.21391737e-01  9.83614980e-01  9.03519752e-01  4.45857395e-01  9.83784345e-01
8.12053318e-01  8.96726442e-01  6.27916525e-01  9.52603407e-01  7.24152326e-01  6.03532680e-01
7.92661121e-01  8.53046681e-01  7.22127379e-01  9.40794289e-01  6.01120303e-01  7.08219221e-01
7.87761450e-01  5.65896569e-01  9.25204546e-01  9.12675567e-01  4.19685974e-01  9.31237304e-01
8.00180949e-01  4.37735783e-01  9.66243916e-01  9.10100907e-01  3.11741830e-01  9.73162190e-01
9.19414345e-01  6.53870744e-01  4.21027250e-01  9.80649195e-01  7.62293595e-01  4.14726380e-01
8.55356151e-01  9.06561472e-01  4.74489464e-01  9.72223877e-01  9.20166282e-01  4.31579173e-01
9.62974948e-01  3.24267425e-01  4.87099426e-01  9.80384787e-01  2.98318888e-01  5.25658944e-01
8.87948102e-01  7.79353648e-01  4.46406710e-01  9.73397835e-01  9.17704706e-01  4.24631501e-01
9.44309201e-01  2.93022319e-01  5.70765448e-01  9.68971208e-01  2.48980050e-01  6.10458250e-01
9.91541879e-01  3.06507016e-01  4.01629812e-01  9.95510826e-01  2.53240650e-01  4.39285711e-01
9.99221900e-01  3.06533641e-01  3.75534785e-01  9.97895856e-01  2.98384278e-01  4.13364744e-01
8.53944708e-01  2.57546184e-01  9.00657792e-01  9.24987900e-01  1.47995593e-01  9.16257819e-01
7.85009165e-01  5.84553934e-01  9.22437029e-01  9.12498318e-01  4.37909883e-01  9.28083030e-01
8.31495273e-01  6.18732685e-01  7.42681325e-01  9.40354480e-01  4.41908120e-01  7.49041035e-01
8.45857398e-01  2.77466131e-01  9.15187996e-01  9.21261223e-01  1.93446246e-01  9.29452627e-01
8.74647244e-01  2.24951213e-01  8.51515184e-01  9.31184496e-01  1.60203089e-01  8.73650010e-01
8.45276408e-01  3.86857845e-01  8.46134384e-01  9.30796806e-01  2.23650444e-01  8.61197340e-01
8.36126641e-01  2.42568156e-01  9.70895575e-01  9.15032214e-01  1.47455021e-01  9.80223113e-01
8.52045647e-01  8.39812501e-01  5.29065869e-01  9.65231259e-01  8.02450597e-01  5.04129609e-01
8.43414716e-01  1.97630068e-01  9.75323680e-01  9.14836018e-01  1.32068280e-01  9.85104023e-01
9.79309061e-01  3.27541629e-01  4.29510549e-01  9.88476625e-01  3.25391232e-01  4.67401127e-01
9.95740147e-01  3.04987451e-01  3.88360941e-01  9.96079142e-01  2.90131675e-01  4.26956220e-01
9.23312357e-01  3.12862908e-01  6.29182484e-01  9.62770750e-01  1.96151304e-01  6.62653401e-01
8.25911765e-01  7.02701895e-01  7.06825683e-01  9.40550666e-01  6.06319076e-01  7.08557366e-01
8.14727695e-01  4.22210935e-01  9.26922155e-01  9.16161516e-01  3.02033574e-01  9.36586020e-01
7.57777853e-01  6.24298185e-01  9.89110406e-01  9.01826154e-01  4.56163156e-01  9.92217661e-01
9.14505662e-01  6.22842651e-01  4.57839511e-01  9.83391360e-01  5.24070162e-01  4.53230634e-01
9.09013642e-01  3.10455713e-01  6.79299206e-01  9.55524484e-01  1.91652225e-01  7.10175679e-01
9.66073747e-01  4.22243660e-01  4.12969742e-01  9.92075004e-01  3.65478451e-01  4.34890743e-01
8.43065828e-01  1.92812231e-01  9.79637104e-01  9.14481221e-01  1.25338022e-01  9.88963723e-01
7.83234626e-01  6.27317571e-01  9.00697452e-01  9.15830144e-01  4.45416797e-01  9.04951232e-01
7.45813975e-01  7.18960571e-01  9.68276539e-01  9.06514334e-01  4.30765460e-01  9.68135766e-01
7.85534778e-01  6.35431085e-01  8.87617490e-01  9.16179397e-01  4.88890931e-01  8.92475817e-01
8.57686776e-01  2.23017608e-01  9.10368916e-01  9.23772342e-01  1.38702885e-01  9.26240180e-01
9.63590412e-01  4.63514374e-01  3.94608390e-01  9.93555045e-01  4.32442731e-01  4.09635051e-01
8.19636835e-01  7.99142780e-01  6.65521110e-01  9.50030765e-01  5.81586071e-01  6.53594282e-01
9.56347703e-01  3.68154431e-01  4.81110693e-01  9.83272827e-01  2.76441580e-01  5.12291884e-01
9.04062676e-01  2.25868879e-01  7.51028613e-01  9.45201797e-01  1.64130420e-01  7.82844983e-01
8.45523226e-01  3.32972680e-01  8.80283173e-01  9.26898081e-01  1.86325603e-01  8.94984619e-01
7.80023966e-01  5.86153671e-01  9.38328479e-01  9.10548851e-01  4.26444775e-01  9.43282876e-01
8.25488573e-01  2.72139559e-01  9.87822955e-01  9.12236086e-01  1.60722538e-01  9.95028735e-01
8.49798618e-01  7.08454227e-01  6.21977935e-01  9.52596093e-01  6.49967420e-01  6.21045760e-01
7.56769298e-01  6.84481633e-01  9.53458369e-01  9.08033957e-01  4.46143748e-01  9.54770756e-01
8.66873359e-01  4.08036800e-01  7.59043007e-01  9.42708534e-01  2.50866138e-01  7.78410382e-01
8.45374992e-01  8.78630403e-01  5.26515390e-01  9.66572437e-01  8.07448873e-01  4.94353342e-01
8.47230631e-01  9.15807144e-01  4.96077827e-01  9.67422120e-01  9.45070893e-01  4.56503886e-01
7.41807133e-01  7.44955728e-01  9.65004416e-01  9.05068974e-01  4.84122364e-01  9.64840783e-01
7.97755327e-01  4.98127798e-01  9.35267762e-01  9.13059379e-01  3.61006372e-01  9.42592378e-01
8.63218636e-01  8.04446525e-01  5.14086915e-01  9.64829742e-01  8.51486192e-01  4.95159251e-01
8.49546022e-01  2.95192805e-01  8.91449498e-01  9.25717074e-01  1.71118065e-01  9.06654254e-01
9.58713320e-01  3.55060224e-01  4.81578784e-01  9.80572278e-01  3.31716272e-01  5.16593730e-01
8.19081520e-01  4.10106040e-01  9.19997358e-01  9.20027329e-01  2.27918495e-01  9.29248067e-01
9.86815163e-01  2.83621040e-01  4.32834847e-01  9.89574565e-01  2.62130278e-01  4.75771496e-01
9.87000024e-01  3.16251979e-01  4.10725192e-01  9.93390948e-01  2.74342103e-01  4.47910011e-01
9.30546632e-01  2.73954521e-01  6.29877401e-01  9.61130238e-01  2.18177681e-01  6.67986407e-01
8.59785262e-01  7.73225350e-01  5.46015167e-01  9.62336024e-01  7.58479893e-01  5.33045942e-01
7.80953184e-01  6.82975549e-01  8.72307397e-01  9.19760245e-01  4.68909171e-01  8.74219531e-01
9.88813064e-01  2.88156405e-01  4.22808995e-01  9.92026540e-01  2.42858517e-01  4.64070845e-01
8.40290843e-01  3.42598162e-01  8.91802614e-01  9.25124539e-01  1.91026525e-01  9.05250032e-01
7.57472576e-01  6.94840833e-01  9.44344199e-01  9.10167491e-01  4.29696675e-01  9.44962541e-01
8.66208389e-01  6.55350315e-01  6.00732728e-01  9.56585022e-01  6.10583420e-01  6.04741585e-01
8.79674044e-01  7.83637688e-01  4.71721287e-01  9.78537273e-01  6.92842091e-01  4.44619135e-01
8.64679919e-01  7.34137447e-01  5.54772644e-01  9.67580531e-01  5.73640987e-01  5.42936952e-01
8.46914496e-01  7.86815340e-01  5.81194163e-01  9.56786590e-01  7.57163936e-01  5.69454412e-01
7.49825171e-01  7.25351076e-01  9.50504816e-01  9.08893060e-01  4.42278659e-01  9.50172024e-01
8.42372272e-01  6.45033838e-01  6.88370896e-01  9.44555548e-01  5.56467598e-01  6.94615254e-01
8.59739481e-01  2.27139415e-01  9.00721613e-01  9.25305933e-01  1.34764028e-01  9.17333906e-01
9.35949123e-01  2.35205175e-01  6.36689888e-01  9.61424105e-01  1.71416588e-01  6.77111679e-01
8.36515004e-01  3.13220001e-01  9.23700022e-01  9.19183502e-01  2.20811215e-01  9.36332294e-01
7.72055669e-01  8.37315274e-01  8.02314016e-01  9.28750185e-01  5.66163035e-01  7.93676931e-01
9.54877196e-01  2.72052174e-01  5.48495179e-01  9.72936713e-01  2.24235867e-01  5.90857459e-01
8.74396622e-01  4.99436663e-01  6.74451315e-01  9.51374107e-01  3.85327286e-01  6.91704645e-01
8.57132876e-01  1.87682863e-01  9.35193347e-01  9.20728834e-01  1.23034295e-01  9.49444957e-01
7.72574876e-01  5.39265498e-01  9.94072056e-01  9.03605026e-01  3.82902333e-01  9.98060534e-01
9.28563509e-01  3.38901863e-01  5.94445521e-01  9.64675464e-01  2.87526204e-01  6.28926996e-01
7.91645054e-01  4.96259142e-01  9.57233500e-01  9.12722073e-01  2.86362857e-01  9.62330145e-01
9.62847887e-01  4.29840982e-01  4.18990885e-01  9.89860579e-01  3.98752248e-01  4.41255437e-01
8.20908482e-01  6.42025795e-01  7.63211988e-01  9.38684885e-01  4.09776176e-01  7.66795622e-01
8.87636991e-01  2.75146117e-01  7.74813460e-01  9.41227402e-01  1.92517605e-01  8.01645432e-01
9.41321930e-01  2.62198550e-01  6.00920718e-01  9.65440770e-01  2.12155295e-01  6.41765320e-01
9.81609071e-01  3.96269616e-01  3.77081712e-01  9.95372603e-01  4.12894228e-01  4.02583586e-01
7.44576297e-01  8.40235234e-01  8.93736372e-01  9.15419802e-01  5.28330820e-01  8.88060321e-01
9.28174705e-01  3.70033255e-01  5.75554380e-01  9.66735102e-01  3.21285451e-01  6.07772389e-01
7.73826508e-01  5.96396679e-01  9.52724811e-01  9.08698518e-01  4.19370923e-01  9.56813165e-01
8.33256665e-01  9.34091854e-01  5.31657380e-01  9.63895800e-01  8.86677751e-01  4.92862120e-01
7.70313230e-01  5.76369633e-01  9.77659874e-01  9.04605915e-01  4.24487225e-01  9.81851291e-01
8.20441522e-01  3.70427932e-01  9.41142015e-01  9.17440709e-01  2.09643629e-01  9.50136849e-01
9.65816050e-01  4.64582171e-01  3.86358011e-01  9.95974407e-01  4.10176104e-01  3.99364848e-01
9.13654807e-01  6.17695544e-01  4.64069854e-01  9.77932812e-01  6.23754290e-01  4.64760741e-01
9.28760124e-01  4.21999598e-01  5.39829201e-01  9.74277186e-01  2.98505067e-01  5.64776473e-01
8.33246160e-01  8.99164815e-01  5.54369356e-01  9.64670238e-01  7.47119007e-01  5.20753970e-01
8.52922725e-01  2.90695080e-01  8.82604933e-01  9.27006810e-01  1.67386028e-01  8.98746744e-01
8.76349392e-01  4.60366376e-01  6.92889433e-01  9.51261735e-01  3.01807300e-01  7.11573167e-01
7.80951069e-01  5.47182816e-01  9.60485867e-01  9.11469829e-01  3.12475336e-01  9.64211595e-01
9.71892034e-01  3.70863318e-01  4.26570455e-01  9.91076108e-01  3.02320129e-01  4.56165371e-01
9.38634992e-01  3.12379359e-01  5.77465817e-01  9.68027664e-01  2.56256612e-01  6.14794999e-01
7.72200130e-01  6.75570211e-01  9.06840103e-01  9.13283536e-01  4.95135844e-01  9.09574197e-01
7.59883019e-01  6.31384386e-01  9.77361522e-01  9.07252254e-01  3.64909857e-01  9.78909888e-01
8.19303173e-01  4.08277993e-01  9.20430489e-01  9.17772326e-01  2.83085425e-01  9.30718535e-01
7.48130365e-01  8.41921639e-01  8.80571847e-01  9.17236211e-01  5.36785285e-01  8.74422647e-01
7.59898358e-01  7.07564332e-01  9.27843690e-01  9.10211760e-01  4.95968301e-01  9.29074991e-01
8.61007294e-01  2.28991787e-01  8.95213164e-01  9.25734823e-01  1.43758167e-01  9.12466118e-01
9.65224822e-01  3.33413560e-01  4.73522020e-01  9.82125340e-01  3.12825815e-01  5.11083208e-01
8.18254718e-01  8.10492172e-01  6.62845956e-01  9.50584986e-01  5.84400501e-01  6.49377997e-01
8.04610016e-01  4.30078541e-01  9.56175344e-01  9.14124944e-01  2.46123784e-01  9.62808975e-01
8.07949727e-01  4.00107506e-01  9.64294319e-01  9.13861724e-01  2.18931485e-01  9.70899278e-01
7.52895572e-01  6.37814697e-01  9.96915458e-01  9.02296109e-01  4.15072616e-01  9.98879055e-01
9.32973068e-01  4.15207133e-01  5.29933542e-01  9.75703542e-01  2.98157784e-01  5.55712563e-01
9.23185983e-01  2.25649434e-01  6.86233259e-01  9.54285794e-01  1.67745589e-01  7.23746855e-01
8.31604610e-01  2.42971407e-01  9.85991306e-01  9.12199463e-01  1.65542744e-01  9.94128649e-01
9.28551973e-01  5.48269202e-01  4.58558910e-01  9.84418784e-01  4.47217044e-01  4.64737053e-01
8.28230558e-01  3.14035799e-01  9.51305318e-01  9.15387247e-01  2.17247807e-01  9.61513710e-01
8.52418764e-01  7.00359336e-01  6.18634269e-01  9.55365800e-01  5.94066825e-01  6.16964023e-01
7.99543561e-01  4.22156716e-01  9.78525545e-01  9.10846735e-01  2.45206221e-01  9.84045696e-01
7.56217917e-01  6.82425682e-01  9.56666441e-01  9.08790872e-01  4.13986966e-01  9.57488599e-01
9.82308512e-01  3.17835655e-01  4.25627155e-01  9.90364628e-01  2.89622417e-01  4.63716821e-01
7.98687206e-01  5.37183807e-01  9.06743648e-01  9.16118345e-01  3.97977767e-01  9.14272753e-01
9.81273429e-01  3.39797881e-01  4.14883609e-01  9.91330635e-01  3.21814364e-01  4.49943708e-01
9.26479125e-01  2.45230184e-01  6.62338110e-01  9.57031252e-01  1.91764241e-01  7.00487918e-01
8.87471901e-01  2.29270045e-01  8.05159719e-01  9.37565486e-01  1.64650633e-01  8.31687159e-01
7.70527897e-01  7.13008412e-01  8.88211612e-01  9.17330042e-01  4.74178816e-01  8.88561620e-01
9.04689757e-01  2.54055822e-01  7.30599209e-01  9.48793256e-01  1.55550312e-01  7.61836483e-01
8.36366988e-01  3.56551391e-01  8.96068267e-01  9.24216110e-01  2.00908842e-01  9.08748252e-01
7.85092239e-01  6.67945403e-01  8.68011204e-01  9.22696084e-01  4.08483707e-01  8.69621585e-01
9.82137805e-01  3.20032484e-01  4.24780621e-01  9.90963094e-01  2.80073477e-01  4.62127711e-01
7.54549446e-01  7.02714142e-01  9.49158570e-01  9.08231721e-01  4.60891540e-01  9.50030264e-01
7.73247308e-01  7.28074514e-01  8.69194808e-01  9.20736927e-01  4.67239861e-01  8.68349935e-01
8.15344578e-01  8.63269876e-01  6.38461773e-01  9.51437305e-01  6.90490917e-01  6.18934923e-01
9.45135795e-01  3.09763616e-01  5.57089854e-01  9.70945585e-01  2.58889326e-01  5.95465616e-01
8.70191901e-01  3.15559004e-01  8.07815380e-01  9.35274337e-01  2.33613716e-01  8.30141087e-01
8.15480577e-01  3.38201224e-01  9.78915875e-01  9.12702988e-01  1.87672940e-01  9.85689282e-01
9.40903728e-01  3.33133070e-01  5.56288652e-01  9.72866427e-01  2.26482616e-01  5.90779138e-01
7.62384829e-01  7.10458909e-01  9.17521338e-01  9.14076230e-01  4.39736166e-01  9.17535114e-01
9.45883933e-01  4.99403670e-01  4.31431356e-01  9.85093561e-01  5.07645447e-01  4.46183371e-01
8.46145459e-01  9.32173575e-01  4.89137318e-01  9.70293513e-01  9.20376088e-01  4.43906989e-01
9.26296642e-01  3.74530755e-01  5.79012235e-01  9.69031118e-01  2.54840206e-01  6.08694370e-01
8.30374680e-01  2.99056319e-01  9.53750966e-01  9.17108543e-01  1.62817338e-01  9.63292089e-01
8.82311445e-01  7.36451410e-01  4.93400189e-01  9.75459054e-01  6.40978391e-01  4.76566934e-01
8.49323664e-01  7.25966943e-01  6.12518499e-01  9.54180090e-01  6.60258139e-01  6.08982603e-01
8.33633999e-01  3.04608107e-01  9.39076142e-01  9.17345846e-01  2.10582742e-01  9.50524032e-01
8.57308081e-01  6.79211043e-01  6.15465226e-01  9.59825258e-01  4.85851453e-01  6.13332325e-01
8.40948400e-01  2.62477336e-01  9.41592116e-01  9.18202660e-01  1.74190940e-01  9.53598448e-01
8.75367976e-01  8.07565378e-01  4.70808335e-01  9.76551710e-01  7.60708167e-01  4.41372089e-01
8.57898879e-01  8.53422364e-01  5.00354682e-01  9.69657180e-01  8.29086619e-01  4.69480026e-01
7.64194769e-01  6.32233133e-01  9.62165406e-01  9.05404191e-01  4.71281803e-01  9.65714660e-01
8.11884190e-01  5.30040431e-01  8.66863540e-01  9.24220579e-01  3.45568199e-01  8.75175896e-01
9.07707130e-01  6.40102906e-01  4.69718145e-01  9.74977295e-01  6.85404342e-01  4.69196390e-01
8.61529969e-01  2.67495680e-01  8.68437854e-01  9.29101699e-01  1.60946498e-01  8.86830163e-01
7.47513461e-01  6.94257514e-01  9.78544717e-01  9.04984582e-01  4.25539951e-01  9.79175277e-01
9.03841095e-01  2.54352327e-01  7.33288548e-01  9.48378742e-01  1.56369996e-01  7.64301374e-01
7.90619207e-01  6.78098577e-01  8.42647822e-01  9.22228942e-01  5.21734529e-01  8.45952325e-01
9.43527409e-01  2.53429356e-01  5.99124973e-01  9.65995769e-01  2.01371856e-01  6.40745558e-01
7.75261951e-01  6.28662345e-01  9.26899059e-01  9.10619263e-01  4.75711556e-01  9.31231481e-01
7.76522254e-01  5.70782120e-01  9.60201703e-01  9.08035179e-01  4.03866562e-01  9.64717175e-01
8.74428627e-01  7.55939411e-01  5.07515136e-01  9.74152582e-01  6.25996563e-01  4.88471156e-01
8.31882756e-01  2.84432131e-01  9.58125069e-01  9.16486897e-01  1.61041834e-01  9.67696281e-01
8.39686873e-01  2.78518182e-01  9.35461323e-01  9.19953675e-01  1.53926735e-01  9.47141775e-01
8.29264697e-01  2.72255992e-01  9.74922717e-01  9.13955852e-01  1.63477355e-01  9.83352518e-01
9.31476288e-01  4.75051048e-01  4.96461512e-01  9.79720104e-01  3.65727149e-01  5.14566475e-01
8.41497645e-01  2.87141705e-01  9.23712038e-01  9.20808578e-01  1.75748268e-01  9.36522065e-01
9.04063011e-01  2.71210085e-01  7.21590054e-01  9.49688049e-01  1.70797246e-01  7.52509223e-01
8.54581556e-01  9.00238016e-01  4.81224798e-01  9.68710195e-01  9.68010939e-01  4.42843997e-01
8.00910362e-01  6.97000395e-01  7.95427496e-01  9.28042066e-01  5.66472656e-01  7.98144591e-01
9.20646318e-01  2.30432786e-01  6.91751613e-01  9.53248782e-01  1.75446757e-01  7.28583003e-01
9.60725570e-01  2.74530941e-01  5.27027249e-01  9.75794607e-01  2.34811417e-01  5.70042938e-01
8.99696010e-01  2.52691686e-01  7.48442039e-01  9.45077323e-01  1.84104521e-01  7.78940306e-01
8.34656746e-01  2.56266071e-01  9.66993377e-01  9.15997976e-01  1.38346000e-01  9.76175138e-01
9.34778582e-01  4.56058485e-01  4.97280661e-01  9.76005727e-01  4.38251245e-01  5.20791504e-01
9.19125677e-01  3.30114524e-01  6.32198710e-01  9.62093917e-01  2.08757363e-01  6.64025239e-01
8.12160629e-01  8.36999863e-01  6.66329897e-01  9.49725231e-01  6.03914094e-01  6.50296402e-01
7.43519585e-01  6.93517079e-01  9.92588615e-01  9.01917250e-01  4.47649572e-01  9.93638052e-01
7.26060952e-01  8.00449770e-01  9.82447298e-01  9.02772097e-01  4.79285082e-01  9.80707854e-01
7.66500877e-01  7.01480376e-01  9.09373171e-01  9.15909038e-01  4.23998088e-01  9.09488349e-01
7.96711780e-01  4.83895764e-01  9.48052919e-01  9.11759008e-01  3.43755873e-01  9.54992292e-01
8.51366679e-01  7.74746268e-01  5.73614969e-01  9.62984948e-01  6.30402026e-01  5.59039627e-01
7.82355799e-01  7.06276159e-01  8.52414755e-01  9.20589136e-01  5.31794175e-01  8.54098433e-01
9.78886476e-01  3.43514990e-01  4.20575529e-01  9.92449572e-01  2.75827481e-01  4.53596269e-01
9.42277664e-01  5.06336767e-01  4.39473357e-01  9.87184887e-01  4.32883407e-01  4.50892040e-01
1.01302291e+00  2.63727244e-01  3.56463702e-01  1.00118772e+00  2.66640180e-01  3.99731521e-01
9.09501201e-01  6.91465921e-01  4.30280377e-01  9.78808346e-01  7.94282314e-01  4.18998298e-01
9.71386336e-01  2.49489237e-01  5.07085520e-01  9.79646089e-01  2.02486382e-01  5.52958148e-01
8.59823097e-01  2.03955840e-01  9.15490597e-01  9.22906781e-01  1.39614861e-01  9.31575604e-01
7.89012784e-01  4.65103070e-01  9.86701096e-01  9.09025132e-01  2.67643743e-01  9.90959529e-01
7.75805407e-01  8.49289132e-01  7.81806237e-01  9.31868630e-01  5.76271587e-01  7.71301261e-01
8.70991736e-01  6.85989779e-01  5.64895902e-01  9.62957516e-01  6.17764350e-01  5.62707138e-01
8.62402258e-01  7.88142064e-01  5.27444467e-01  9.64654251e-01  7.89354231e-01  5.10912716e-01
8.53156687e-01  2.23289703e-01  9.25576819e-01  9.21620648e-01  1.39293484e-01  9.39898213e-01
8.52379116e-01  8.41984930e-01  5.26523658e-01  9.69689342e-01  7.08891171e-01  4.97572355e-01
7.55875410e-01  6.65878463e-01  9.68573484e-01  9.06485032e-01  4.23244454e-01  9.70094505e-01
8.11865267e-01  9.38055387e-01  6.01722792e-01  9.56892938e-01  7.55156809e-01  5.68728836e-01
8.67410189e-01  2.51289794e-01  8.58991315e-01  9.31152020e-01  1.39798425e-01  8.78662484e-01
9.49731292e-01  3.61676424e-01  5.07782859e-01  9.79599501e-01  2.59781118e-01  5.39767412e-01
9.84725369e-01  3.22613460e-01  4.14318941e-01  9.93512984e-01  2.61667073e-01  4.50111705e-01
8.78612081e-01  4.44312870e-01  6.95628735e-01  9.51472317e-01  2.80451522e-01  7.15250991e-01
8.52847474e-01  6.10985705e-01  6.74905572e-01  9.47272054e-01  5.27790800e-01  6.83948787e-01
8.03438728e-01  3.88594086e-01  9.87387282e-01  9.08948398e-01  2.59362500e-01  9.93401431e-01
9.65788871e-01  4.45829072e-01  3.98624984e-01  9.92794564e-01  4.21704429e-01  4.17039340e-01
8.65997509e-01  4.76730990e-01  7.17416133e-01  9.44438342e-01  3.84605606e-01  7.35830558e-01
8.07691061e-01  3.88851185e-01  9.72480739e-01  9.10467568e-01  2.73635480e-01  9.79783290e-01
8.39430076e-01  9.33750617e-01  5.10916631e-01  9.69859376e-01  8.36060982e-01  4.66541525e-01
8.33867623e-01  3.52316042e-01  9.07306081e-01  9.22420507e-01  2.04577587e-01  9.19398182e-01
8.37323125e-01  7.26895993e-01  6.52666654e-01  9.53003466e-01  5.28708271e-01  6.47499273e-01
7.44575031e-01  7.86363063e-01  9.28719528e-01  9.11359867e-01  4.77606254e-01  9.26036421e-01
8.01139347e-01  6.13334338e-01  8.48972201e-01  9.22283909e-01  4.79533965e-01  8.55535902e-01
7.74053077e-01  6.26491837e-01  9.32413924e-01  9.10217229e-01  4.64129466e-01  9.36536412e-01
7.72823510e-01  6.61164053e-01  9.14076808e-01  9.12135604e-01  4.93069309e-01  9.17421519e-01
8.26609905e-01  9.04113367e-01  5.73691026e-01  9.61303696e-01  7.48171062e-01  5.42092193e-01
7.93047217e-01  8.35482691e-01  7.32219339e-01  9.38220560e-01  6.15981598e-01  7.21223006e-01
7.82982438e-01  5.41233531e-01  9.57450067e-01  9.11958587e-01  3.10893692e-01  9.61449968e-01
8.40591941e-01  7.66663610e-01  6.15449105e-01  9.52242097e-01  7.14500511e-01  6.08121846e-01
8.35852688e-01  7.36849179e-01  6.50898792e-01  9.47275580e-01  6.78001982e-01  6.48560149e-01
8.75012741e-01  3.53582979e-01  7.66757880e-01  9.42658865e-01  2.07788035e-01  7.88871412e-01
7.62356480e-01  5.91598940e-01  9.94794598e-01  9.04728723e-01  3.56736971e-01  9.97015772e-01
8.33527581e-01  8.87841784e-01  5.60764393e-01  9.59643257e-01  8.32481391e-01  5.32888845e-01
9.83885165e-01  2.85586998e-01  4.41209914e-01  9.89098136e-01  2.41044053e-01  4.83274608e-01
9.46806792e-01  2.49675673e-01  5.90426377e-01  9.67039781e-01  2.05596491e-01  6.33056744e-01
8.58640702e-01  1.85368394e-01  9.31575339e-01  9.21122992e-01  1.25476415e-01  9.46342537e-01
9.07704298e-01  6.96529368e-01  4.33094539e-01  9.77664807e-01  8.12889195e-01  4.21949754e-01
8.89972693e-01  2.64326858e-01  7.73906879e-01  9.42793250e-01  1.53748755e-01  8.00733058e-01
8.13044839e-01  3.35222972e-01  9.89122075e-01  9.11328186e-01  1.85021336e-01  9.95129202e-01
8.72688391e-01  2.28343948e-01  8.55964582e-01  9.30683314e-01  1.57773856e-01  8.77435616e-01
8.15295447e-01  4.32722593e-01  9.18168662e-01  9.17079752e-01  3.12895583e-01  9.28140646e-01
7.51014414e-01  6.61423181e-01  9.87975161e-01  9.04450402e-01  3.97937601e-01  9.89099627e-01
8.16477164e-01  9.47921415e-01  5.79656412e-01  9.58013845e-01  8.28772591e-01  5.44209649e-01
7.59761554e-01  7.38016987e-01  9.08536690e-01  9.14925225e-01  4.59336715e-01  9.07476261e-01
8.08841893e-01  4.13543251e-01  9.52540092e-01  9.14988274e-01  2.35584433e-01  9.59754610e-01
7.90998887e-01  4.61935717e-01  9.81714936e-01  9.09628967e-01  2.68513373e-01  9.86366606e-01
7.84231741e-01  5.68928684e-01  9.35224380e-01  9.14362260e-01  3.39128205e-01  9.39389233e-01
8.41288304e-01  2.65184924e-01  9.38679947e-01  9.19184300e-01  1.60081348e-01  9.50626067e-01
8.75978719e-01  7.18415750e-01  5.26612223e-01  9.65483853e-01  7.29151614e-01  5.19767417e-01
9.28476833e-01  5.22402925e-01  4.75606841e-01  9.81037487e-01  4.42753311e-01  4.87468445e-01
7.84127731e-01  5.50823610e-01  9.47332681e-01  9.11466902e-01  3.63372692e-01  9.52246516e-01
9.35253728e-01  5.47255307e-01  4.36460557e-01  9.82585388e-01  5.78587077e-01  4.45563116e-01
8.50024787e-01  2.57183661e-01  9.14205359e-01  9.22871688e-01  1.53090802e-01  9.28627706e-01
9.05536524e-01  6.36056920e-01  4.79715829e-01  9.79016622e-01  5.46641669e-01  4.75966704e-01
8.45273379e-01  1.83795328e-01  9.77994848e-01  9.14953091e-01  1.18267583e-01  9.87602727e-01
9.60997909e-01  3.90215406e-01  4.50998156e-01  9.86214857e-01  3.34801250e-01  4.79687817e-01
8.48009337e-01  2.53135244e-01  9.23678302e-01  9.20785798e-01  1.71478316e-01  9.37673506e-01
8.94136412e-01  7.11460256e-01  4.69471772e-01  9.73215460e-01  7.76278660e-01  4.59097813e-01
9.58982302e-01  2.79675413e-01  5.29606982e-01  9.76803894e-01  2.03545832e-01  5.70932627e-01
8.87074763e-01  2.26397237e-01  8.08373612e-01  9.37257530e-01  1.60333242e-01  8.34678320e-01
8.25354220e-01  3.14386249e-01  9.60846902e-01  9.15434390e-01  1.81463471e-01  9.69636892e-01
8.52270567e-01  2.62316074e-01  9.03246262e-01  9.24777571e-01  1.44847123e-01  9.18347788e-01
9.66674679e-01  2.80932729e-01  5.02670516e-01  9.79507962e-01  2.38256150e-01  5.45422187e-01
9.29593232e-01  3.71443917e-01  5.69822306e-01  9.70352377e-01  2.55514035e-01  6.00063889e-01
7.84076732e-01  5.96992939e-01  9.17825294e-01  9.14659383e-01  4.05369367e-01  9.22403735e-01
8.57723928e-01  1.93323308e-01  9.29523563e-01  9.21347266e-01  1.28096751e-01  9.44287479e-01
8.99336367e-01  6.77512790e-01  4.74152143e-01  9.75758202e-01  6.75858594e-01  4.66952929e-01
9.95739823e-01  2.43693045e-01  4.28155099e-01  9.90445920e-01  2.33396507e-01  4.76433313e-01
7.79699576e-01  5.09508914e-01  9.89197283e-01  9.04859948e-01  3.66560539e-01  9.93861365e-01
8.29327937e-01  7.35685669e-01  6.73810511e-01  9.44419434e-01  6.55995418e-01  6.72054935e-01
8.48793184e-01  6.88237169e-01  6.38517750e-01  9.50492417e-01  6.25679952e-01  6.40252698e-01
9.17555972e-01  2.75997112e-01  6.72663271e-01  9.54976375e-01  2.16631889e-01  7.07808876e-01
8.31856141e-01  6.95640601e-01  6.91224509e-01  9.42625850e-01  6.13742417e-01  6.93503520e-01
9.89366377e-01  2.84769134e-01  4.23129252e-01  9.91806107e-01  2.44786952e-01  4.65030209e-01
7.45791877e-01  7.82388460e-01  9.27167765e-01  9.11602118e-01  4.77022073e-01  9.24620611e-01
7.97982270e-01  6.42961745e-01  8.40456934e-01  9.22961089e-01  5.02834103e-01  8.45707776e-01
8.39200555e-01  3.21056251e-01  9.09491507e-01  9.20960101e-01  2.28446199e-01  9.23142732e-01
9.40385713e-01  2.24745538e-01  6.28415427e-01  9.62440519e-01  1.71907794e-01  6.70478802e-01
8.52844344e-01  8.42246816e-01  5.24773146e-01  9.63894864e-01  8.53862636e-01  5.00594065e-01
7.78070101e-01  5.45335033e-01  9.71469592e-01  9.09569799e-01  3.18425372e-01  9.74994102e-01
8.35922752e-01  2.33415090e-01  9.77531466e-01  9.14191777e-01  1.44168444e-01  9.86386041e-01
8.35048220e-01  8.42496712e-01  5.85041032e-01  9.60301687e-01  6.87076191e-01  5.62901112e-01
7.56558537e-01  7.38666804e-01  9.18992389e-01  9.13662637e-01  4.49634788e-01  9.17856515e-01
7.60657487e-01  6.16625018e-01  9.84314615e-01  9.05940726e-01  3.69364127e-01  9.86270982e-01
9.40379319e-01  4.49861858e-01  4.82286415e-01  9.82520837e-01  3.37288870e-01  5.02787754e-01
9.47926366e-01  2.53433906e-01  5.84184930e-01  9.68562778e-01  1.92596079e-01  6.26352182e-01
7.85058374e-01  9.08975913e-01  7.11632259e-01  9.41163597e-01  6.59688798e-01  6.92061677e-01
8.86943573e-01  2.91342271e-01  7.66652999e-01  9.42913158e-01  1.84111695e-01  7.92815372e-01
8.82244228e-01  7.95752234e-01  4.55128537e-01  9.75420517e-01  8.45584559e-01  4.28642096e-01
8.51240893e-01  8.29319323e-01  5.38611352e-01  9.66630569e-01  7.22147699e-01  5.14063768e-01
8.67109660e-01  2.18402351e-01  8.81364852e-01  9.27304675e-01  1.51301245e-01  9.00623946e-01
7.61623014e-01  6.66675078e-01  9.48536207e-01  9.07864976e-01  4.67128512e-01  9.50913424e-01
8.11008303e-01  6.24821272e-01  8.08000027e-01  9.28002976e-01  4.97103185e-01  8.14728016e-01
8.83837560e-01  7.65046573e-01  4.69652807e-01  9.70799637e-01  8.69809104e-01  4.52567175e-01
7.83509476e-01  7.28438926e-01  8.34107186e-01  9.22913938e-01  5.51580195e-01  8.34532966e-01
8.40696789e-01  7.56063961e-01  6.21974723e-01  9.51245280e-01  7.06837768e-01  6.16317497e-01
8.85110337e-01  3.41541570e-01  7.40285493e-01  9.44137336e-01  2.63369566e-01  7.66304977e-01
8.31913621e-01  7.13975826e-01  6.79125332e-01  9.44412057e-01  6.25500468e-01  6.79282036e-01
8.01914282e-01  7.24328288e-01  7.74275623e-01  9.31541648e-01  5.71439814e-01  7.74535538e-01
9.23924978e-01  4.08575922e-01  5.64962460e-01  9.70685846e-01  2.83551904e-01  5.91324457e-01
7.89958036e-01  6.39738955e-01  8.69799377e-01  9.19124542e-01  4.84739767e-01  8.74568481e-01
8.56439747e-01  5.71377802e-01  6.88423858e-01  9.50814599e-01  3.72608368e-01  6.97770562e-01
8.28287947e-01  9.17586905e-01  5.59245484e-01  9.63559916e-01  7.64628134e-01  5.23750910e-01
9.84895429e-01  3.68305948e-01  3.84077256e-01  9.96235668e-01  3.45664080e-01  4.12878200e-01
8.76378362e-01  2.89081375e-01  8.03998857e-01  9.38078412e-01  1.70558893e-01  8.27007125e-01
9.03395348e-01  5.83217062e-01  5.21290781e-01  9.69565162e-01  5.72006699e-01  5.30596509e-01
7.60862399e-01  6.22663914e-01  9.79695981e-01  9.03043908e-01  4.61719482e-01  9.83100850e-01
8.67596795e-01  2.09101656e-01  8.85749746e-01  9.27500918e-01  1.29239145e-01  9.04560104e-01
8.40167933e-01  7.50061194e-01  6.27667719e-01  9.50235449e-01  7.05395939e-01  6.23131947e-01
8.53823692e-01  3.65769301e-01  8.30800819e-01  9.33358798e-01  2.10528063e-01  8.47859168e-01
9.25736941e-01  5.44831960e-01  4.70348964e-01  9.81626922e-01  4.63789005e-01  4.78736454e-01
9.30580085e-01  3.10545608e-01  6.06008250e-01  9.66009591e-01  2.00377218e-01  6.40891094e-01
9.44138520e-01  2.84038727e-01  5.77177415e-01  9.68375565e-01  2.36054813e-01  6.17320608e-01
8.98493927e-01  5.88407693e-01  5.34564243e-01  9.68259248e-01  5.53921123e-01  5.43227944e-01
8.40403074e-01  3.12029298e-01  9.11269163e-01  9.21372273e-01  2.10148140e-01  9.24808077e-01
7.52352919e-01  6.53937261e-01  9.88289318e-01  9.02615090e-01  4.42554463e-01  9.90362985e-01
9.02622805e-01  2.83031714e-01  7.18805499e-01  9.49978882e-01  1.77311905e-01  7.49110549e-01
8.09651681e-01  6.41602291e-01  8.01711527e-01  9.28564075e-01  5.12249787e-01  8.07563986e-01
8.30288678e-01  2.57823779e-01  9.80816685e-01  9.13795771e-01  1.44877423e-01  9.88758394e-01
9.66633975e-01  4.34899097e-01  4.02851318e-01  9.92584815e-01  4.02220310e-01  4.22971505e-01
8.29428917e-01  7.66834959e-01  6.53244179e-01  9.47095079e-01  6.87309380e-01  6.47526164e-01
8.86243230e-01  6.67529171e-01  5.24794974e-01  9.67481377e-01  6.57808768e-01  5.23756377e-01
9.45617689e-01  5.34605443e-01  4.09482038e-01  9.90923902e-01  4.83928105e-01  4.14383987e-01
9.09967505e-01  2.97004637e-01  6.84793111e-01  9.54812754e-01  1.84593014e-01  7.16401348e-01
9.20601516e-01  6.22236323e-01  4.37533888e-01  9.81032808e-01  6.62356775e-01  4.35795528e-01
8.61042680e-01  8.34935482e-01  5.01682008e-01  9.72215203e-01  7.50136804e-01  4.71666070e-01
7.88768962e-01  5.67068099e-01  9.21024059e-01  9.16884719e-01  3.29458608e-01  9.25491432e-01
8.37181963e-01  3.33580493e-01  9.08215688e-01  9.23000373e-01  1.83515732e-01  9.20638984e-01
8.18596835e-01  3.90312985e-01  9.34494173e-01  9.16133076e-01  2.70039590e-01  9.44301391e-01
9.65308616e-01  4.23786897e-01  4.14565682e-01  9.88718069e-01  4.39017576e-01  4.39101095e-01
9.58711403e-01  2.73881968e-01  5.34287799e-01  9.74477356e-01  2.39718470e-01  5.77333738e-01
8.69284717e-01  3.09128996e-01  8.15071750e-01  9.36339417e-01  1.79281281e-01  8.36104083e-01
7.98859194e-01  4.16317850e-01  9.84641362e-01  9.10507365e-01  2.30432104e-01  9.89700428e-01
7.56902352e-01  6.99847634e-01  9.43028853e-01  9.08423398e-01  4.79851833e-01  9.44336971e-01
7.63998441e-01  6.26605106e-01  9.66488370e-01  9.08865218e-01  3.65832556e-01  9.68349919e-01
8.36534719e-01  2.60945454e-01  9.57576609e-01  9.16532525e-01  1.59090908e-01  9.67863058e-01
8.16447531e-01  3.97491303e-01  9.37133305e-01  9.17463287e-01  2.27634116e-01  9.45756193e-01
8.93896976e-01  6.91396541e-01  4.83311210e-01  9.78204833e-01  5.87744422e-01  4.71494643e-01
9.46960941e-01  2.23913626e-01  6.06628383e-01  9.65262621e-01  1.80131052e-01  6.50447450e-01
9.39217638e-01  2.87321691e-01  5.91755876e-01  9.68192224e-01  1.88995217e-01  6.29575937e-01
7.42470320e-01  7.82459380e-01  9.38401576e-01  9.09537088e-01  4.83878583e-01  9.36247628e-01
7.38306344e-01  7.32783404e-01  9.84797104e-01  9.02617437e-01  4.65420115e-01  9.84964132e-01
8.27706970e-01  4.76594201e-01  8.47534827e-01  9.28848324e-01  2.87762970e-01  8.58596091e-01
7.63006533e-01  7.90392562e-01  8.63510063e-01  9.20747891e-01  5.05019572e-01  8.59384461e-01
8.33310718e-01  8.53421641e-01  5.83848247e-01  9.60804349e-01  6.86438679e-01  5.59828185e-01
7.73800911e-01  7.05626781e-01  8.81889390e-01  9.18480599e-01  4.68560030e-01  8.82507010e-01
8.36344769e-01  8.14179339e-01  5.99022308e-01  9.54627997e-01  7.49477617e-01  5.84588597e-01
9.90776608e-01  3.12302112e-01  4.00465964e-01  9.94196144e-01  2.92365627e-01  4.38503790e-01
8.60567061e-01  3.01848077e-01  8.49402693e-01  9.29858624e-01  2.16946543e-01  8.68791533e-01
7.47429767e-01  8.02918489e-01  9.08275034e-01  9.13225327e-01  5.16417385e-01  9.04936677e-01
8.71485626e-01  7.27609824e-01  5.35899900e-01  9.63287566e-01  7.49325045e-01  5.29100173e-01
9.60593769e-01  2.41309540e-01  5.49042804e-01  9.73052846e-01  2.04985155e-01  5.94645223e-01
7.94769014e-01  6.01831834e-01  8.78074058e-01  9.18599753e-01  4.57637251e-01  8.84314762e-01
8.37916384e-01  8.45812709e-01  5.73148688e-01  9.61285850e-01  7.15129845e-01  5.49985822e-01
8.32293102e-01  7.77179372e-01  6.36802261e-01  9.49502041e-01  7.00063563e-01  6.29089969e-01
9.02961105e-01  2.87490812e-01  7.14761829e-01  9.50922769e-01  1.69855115e-01  7.44813971e-01
8.16488207e-01  8.85156486e-01  6.20368517e-01  9.53440314e-01  7.29142545e-01  5.96991599e-01
9.88028291e-01  3.05806684e-01  4.14014847e-01  9.92105174e-01  2.85448686e-01  4.53539322e-01
9.49412741e-01  2.30361101e-01  5.94117163e-01  9.67135708e-01  1.81789748e-01  6.38046753e-01
8.49701057e-01  1.83344190e-01  9.63250345e-01  9.16943866e-01  1.19670467e-01  9.74507062e-01
8.18058918e-01  5.14737752e-01  8.55531730e-01  9.24025758e-01  3.87618553e-01  8.66008235e-01
8.45071206e-01  9.05644583e-01  5.10008614e-01  9.69364564e-01  8.31435735e-01  4.70803160e-01
8.56506538e-01  8.70951828e-01  4.93702151e-01  9.72527244e-01  8.02725520e-01  4.57283945e-01
8.44346055e-01  2.83194417e-01  9.16601255e-01  9.21094830e-01  1.93464929e-01  9.30515172e-01
8.44666876e-01  2.87608804e-01  9.12645396e-01  9.21520748e-01  1.97576972e-01  9.26815919e-01
9.30309697e-01  4.25305810e-01  5.32420985e-01  9.75272127e-01  3.04423734e-01  5.57003509e-01
7.66185721e-01  6.01000007e-01  9.75686053e-01  9.08141997e-01  3.45167038e-01  9.77853129e-01
8.70423076e-01  7.88532946e-01  4.99954938e-01  9.66246437e-01  8.66386697e-01  4.82567443e-01
9.20437732e-01  3.61472770e-01  6.07384640e-01  9.65283005e-01  2.35075874e-01  6.37380427e-01
9.55544948e-01  4.25024565e-01  4.46915114e-01  9.84559108e-01  4.11282364e-01  4.72297716e-01
8.07208238e-01  3.91004511e-01  9.72722301e-01  9.10485845e-01  2.72517712e-01  9.79929273e-01
8.65032749e-01  7.32295984e-01  5.54769079e-01  9.60859517e-01  7.33508021e-01  5.48392522e-01
9.57737719e-01  4.80963938e-01  4.03152963e-01  9.93289216e-01  4.16460815e-01  4.15102235e-01
8.77424731e-01  6.31036036e-01  5.78432648e-01  9.66035888e-01  4.57622598e-01  5.80156398e-01
8.52074994e-01  6.73260521e-01  6.37097154e-01  9.50935641e-01  6.13371974e-01  6.40308572e-01
8.47133784e-01  2.75189679e-01  9.12331473e-01  9.21819265e-01  1.89210574e-01  9.26871641e-01
9.41691151e-01  2.45006212e-01  6.10828740e-01  9.64356228e-01  1.95909000e-01  6.52544426e-01
9.08865278e-01  6.42509337e-01  4.64223754e-01  9.81477006e-01  5.56292245e-01  4.57918927e-01
7.65880856e-01  7.71243328e-01  8.66182302e-01  9.20745140e-01  4.89558360e-01  8.63042415e-01
8.89092563e-01  7.03717744e-01  4.91625153e-01  9.70120301e-01  7.52729549e-01  4.84487919e-01
8.46584546e-01  7.42369065e-01  6.10873032e-01  9.53134465e-01  6.98647538e-01  6.06132470e-01
8.54937585e-01  7.33332743e-01  5.88375684e-01  9.56967005e-01  6.91786241e-01  5.83173924e-01
8.52019837e-01  2.05289086e-01  9.41125709e-01  9.19372302e-01  1.38783078e-01  9.54435270e-01
8.33686787e-01  9.22811711e-01  5.37520549e-01  9.65327885e-01  8.19648708e-01  4.99460942e-01
8.53584475e-01  8.71868279e-01  5.03028955e-01  9.67245223e-01  8.87474871e-01  4.71198389e-01
8.35833948e-01  7.40865741e-01  6.48354718e-01  9.47624252e-01  6.81568399e-01  6.45484798e-01
9.22773981e-01  3.62585299e-01  5.98729304e-01  9.66608509e-01  2.35216006e-01  6.28848362e-01
7.69495703e-01  5.72118640e-01  9.83196775e-01  9.04341129e-01  4.09400115e-01  9.87101460e-01
8.78750340e-01  7.59781653e-01  4.90345703e-01  9.75703456e-01  6.63848547e-01  4.69615363e-01
9.65865530e-01  2.53215576e-01  5.23412611e-01  9.77434475e-01  1.97926277e-01  5.68212467e-01
9.43821128e-01  2.41299385e-01  6.06002843e-01  9.65732333e-01  1.78042352e-01  6.47927433e-01
8.41200501e-01  7.92362951e-01  5.96698137e-01  9.57059702e-01  6.88271885e-01  5.83406956e-01
8.36200133e-01  2.82004985e-01  9.45038610e-01  9.18391289e-01  1.59557920e-01  9.55834270e-01
7.58936359e-01  6.44383606e-01  9.72134222e-01  9.04296421e-01  4.62068359e-01  9.74987270e-01
7.63120206e-01  6.93323456e-01  9.26149814e-01  9.12769277e-01  4.35513706e-01  9.26909735e-01
7.76883650e-01  7.32846384e-01  8.54044621e-01  9.21555312e-01  5.10071305e-01  8.53533985e-01
9.46824348e-01  4.99244004e-01  4.28341995e-01  9.88476171e-01  4.40417038e-01  4.40322610e-01
9.81349807e-01  2.37444962e-01  4.81073264e-01  9.82824164e-01  2.15336179e-01  5.29555280e-01
8.71670549e-01  2.20481558e-01  8.64526052e-01  9.29524131e-01  1.55186384e-01  8.85477691e-01
8.36485562e-01  9.10128963e-01  5.36250572e-01  9.62784552e-01  8.76811841e-01  5.02310117e-01
8.66010195e-01  2.87812578e-01  8.40031196e-01  9.31499809e-01  2.06275962e-01  8.60780405e-01
8.55115960e-01  2.24323923e-01  9.18251311e-01  9.22433019e-01  1.44855104e-01  9.33379641e-01
9.02047219e-01  2.23413544e-01  7.59466828e-01  9.44087442e-01  1.61424922e-01  7.90627297e-01
7.89159517e-01  4.57827633e-01  9.90629269e-01  9.08390736e-01  2.66060651e-01  9.94883973e-01
8.57538159e-01  2.33031375e-01  9.04371579e-01  9.24361985e-01  1.46630444e-01  9.20592728e-01
7.47696568e-01  7.83705356e-01  9.19844330e-01  9.12601926e-01  4.81570535e-01  9.17138716e-01
8.58210837e-01  7.96709175e-01  5.36115055e-01  9.64281876e-01  7.67649174e-01  5.18410538e-01
7.55334491e-01  6.35337705e-01  9.90241256e-01  9.04015495e-01  3.97227885e-01  9.92055478e-01
1.00162629e+00  3.00537122e-01  3.71263593e-01  9.97400427e-01  3.22520950e-01  4.10858700e-01
8.29877877e-01  2.57695242e-01  9.82295440e-01  9.13835422e-01  1.38535096e-01  9.89997460e-01
8.26680785e-01  3.30734584e-01  9.45725988e-01  9.16653256e-01  2.07522349e-01  9.55685641e-01
9.87552447e-01  3.27972372e-01  4.01240408e-01  9.94893808e-01  2.83119242e-01  4.36207404e-01
7.83698273e-01  5.56029318e-01  9.45410303e-01  9.10036397e-01  4.07730977e-01  9.50975033e-01
7.40222127e-01  7.96935829e-01  9.36637125e-01  9.09861094e-01  4.85340845e-01  9.33825745e-01
8.39982939e-01  8.93144975e-01  5.35401243e-01  9.62849970e-01  8.67477861e-01  5.04088247e-01
7.99233891e-01  6.24681115e-01  8.48075838e-01  9.22406287e-01  4.82709189e-01  8.54003596e-01
7.73979539e-01  6.36346449e-01  9.26266877e-01  9.14744152e-01  3.75198839e-01  9.28447602e-01
8.47447682e-01  8.34875849e-01  5.47884379e-01  9.65945019e-01  7.03013895e-01  5.22964267e-01
9.55115778e-01  4.55058515e-01  4.28874096e-01  9.89939321e-01  3.74452933e-01  4.46471514e-01
8.11862660e-01  3.72655464e-01  9.68829794e-01  9.11606167e-01  2.56321818e-01  9.76558847e-01
7.72314770e-01  6.02034906e-01  9.54197479e-01  9.07572490e-01  4.43029885e-01  9.58462982e-01
8.49081078e-01  2.57544950e-01  9.17175351e-01  9.21752336e-01  1.70872525e-01  9.31618503e-01
9.31042910e-01  2.98723243e-01  6.12111925e-01  9.64639551e-01  2.06620171e-01  6.48205897e-01
7.72427504e-01  5.78144618e-01  9.69625592e-01  9.08036222e-01  3.70718933e-01  9.73031366e-01
8.60218083e-01  2.51586784e-01  8.83222833e-01  9.27855590e-01  1.36706641e-01  9.00527664e-01
8.17002246e-01  3.47046842e-01  9.68003409e-01  9.12290887e-01  2.39044099e-01  9.76236331e-01
8.31537347e-01  2.64835121e-01  9.72023164e-01  9.14892977e-01  1.49297422e-01  9.80682133e-01
7.58995996e-01  6.17062671e-01  9.89672252e-01  9.03367469e-01  4.13976279e-01  9.92267347e-01
7.53793109e-01  6.80614025e-01  9.66076940e-01  9.06126378e-01  4.44156523e-01  9.67470495e-01
7.98738391e-01  8.78564099e-01  6.84922636e-01  9.45002580e-01  6.62455540e-01  6.66794788e-01
7.64183051e-01  7.57471799e-01  8.80889427e-01  9.18433965e-01  4.85472353e-01  8.78824035e-01
7.43526989e-01  7.53701087e-01  9.53485979e-01  9.07992583e-01  4.57527880e-01  9.52355630e-01
9.77861569e-01  3.74327783e-01  4.04051510e-01  9.94270602e-01  3.17205863e-01  4.32178044e-01
7.75054848e-01  8.35497775e-01  7.93308999e-01  9.29648734e-01  5.79802695e-01  7.84703982e-01
7.57043091e-01  7.98467236e-01  8.78518375e-01  9.17370812e-01  5.31308519e-01  8.74849069e-01
9.22109639e-01  5.33555133e-01  4.89986493e-01  9.75058017e-01  5.34867155e-01  5.04120997e-01
9.45408944e-01  5.08727638e-01  4.26991227e-01  9.89795601e-01  4.21291876e-01  4.36365382e-01
9.72964763e-01  3.69303027e-01  4.23940730e-01  9.88725761e-01  3.66955372e-01  4.56017927e-01
7.58490310e-01  8.35217661e-01  8.49742572e-01  9.21526112e-01  5.53032706e-01  8.43089837e-01
9.09386497e-01  4.65182872e-01  5.77876363e-01  9.67619805e-01  3.38749996e-01  5.98504041e-01
8.84638528e-01  6.97993753e-01  5.10763396e-01  9.71606712e-01  6.37391833e-01  5.02628299e-01
8.88865373e-01  7.53961119e-01  4.59777435e-01  9.72675106e-01  8.59398360e-01  4.42993004e-01
7.70539931e-01  5.92133977e-01  9.66654276e-01  9.06953942e-01  4.09241488e-01  9.70384787e-01
8.90263768e-01  2.90342325e-01  7.56027697e-01  9.44922625e-01  1.71832158e-01  7.82821693e-01
9.25787822e-01  4.44652081e-01  5.35214856e-01  9.71101872e-01  4.04339721e-01  5.60218659e-01
7.34510966e-01  7.80735936e-01  9.66848240e-01  9.04936345e-01  4.87319579e-01  9.65454644e-01
8.55963906e-01  7.48901869e-01  5.74782609e-01  9.58285143e-01  7.23679668e-01  5.67213149e-01
8.05451784e-01  5.76563687e-01  8.58202155e-01  9.22136638e-01  4.39134939e-01  8.65992089e-01
9.55726484e-01  3.88223693e-01  4.70190709e-01  9.84352241e-01  3.04026376e-01  4.98876276e-01
8.28603552e-01  9.86374888e-01  5.13513912e-01  9.65908763e-01  9.56159072e-01  4.63596731e-01
7.76513910e-01  6.19321047e-01  9.28712761e-01  9.10687935e-01  4.65373750e-01  9.33225185e-01
7.74824767e-01  5.39586939e-01  9.86222426e-01  9.04988121e-01  3.77782436e-01  9.90397246e-01
8.74487696e-01  6.97625187e-01  5.45173693e-01  9.68410651e-01  5.71256419e-01  5.38175728e-01
7.51340084e-01  7.69640026e-01  9.16603596e-01  9.13571539e-01  4.67430333e-01  9.14250691e-01
8.82450422e-01  7.04272696e-01  5.13819696e-01  9.74085246e-01  5.67986838e-01  5.02560615e-01
8.11867626e-01  5.08714521e-01  8.80467925e-01  9.20540842e-01  3.80196455e-01  8.90101553e-01
9.64550030e-01  3.47841522e-01  4.66446436e-01  9.82923377e-01  3.28789129e-01  5.02207901e-01
7.64760814e-01  6.29621438e-01  9.61939857e-01  9.07702103e-01  4.13503116e-01  9.64583981e-01
9.35051880e-01  2.91457033e-01  6.03215995e-01  9.64424064e-01  2.41075262e-01  6.41475438e-01
7.44780290e-01  7.12995030e-01  9.75660227e-01  9.04986497e-01  4.39318051e-01  9.75918907e-01
7.56398515e-01  7.33731424e-01  9.22740064e-01  9.12659748e-01  4.59097100e-01  9.22059329e-01
7.71728566e-01  7.37236754e-01  8.68403355e-01  9.20424014e-01  4.80437261e-01  8.67249070e-01
8.44829539e-01  2.24591451e-01  9.53011764e-01  9.17859133e-01  1.37400512e-01  9.64463580e-01
8.06015083e-01  4.96028833e-01  9.08580028e-01  9.16876440e-01  3.64541508e-01  9.17284273e-01
8.39588602e-01  4.75330297e-01  8.08006748e-01  9.35015518e-01  2.80542162e-01  8.20751480e-01
9.36963410e-01  3.23490096e-01  5.75928878e-01  9.70005881e-01  2.18909044e-01  6.10903913e-01
8.78357626e-01  7.64117949e-01  4.88864020e-01  9.76328246e-01  6.58332326e-01  4.66908013e-01
9.73910921e-01  3.41002669e-01  4.39101178e-01  9.88923207e-01  2.86385826e-01  4.73721044e-01
9.94863558e-01  3.36293696e-01  3.71310594e-01  9.97966714e-01  3.35435640e-01  4.04703342e-01
9.82911640e-01  3.17654679e-01  4.23696632e-01  9.89527376e-01  3.16665508e-01  4.62718212e-01
8.30519541e-01  5.36893445e-01  7.99129092e-01  9.31630920e-01  4.17449055e-01  8.10735810e-01
8.94406529e-01  6.99072203e-01  4.76597195e-01  9.72917811e-01  7.45366203e-01  4.68284246e-01
8.58898008e-01  1.79283981e-01  9.34652239e-01  9.20801865e-01  1.21983378e-01  9.49224111e-01
8.66966044e-01  7.59114878e-01  5.30792792e-01  9.64116983e-01  7.69903069e-01  5.18937172e-01
7.42001909e-01  6.97688410e-01  9.95034852e-01  9.02697101e-01  4.18516373e-01  9.95496926e-01
9.62411108e-01  4.75193463e-01  3.91030501e-01  9.93511556e-01  4.56196336e-01  4.04321420e-01
8.62482171e-01  2.46932986e-01  8.78555529e-01  9.28316517e-01  1.40849540e-01  8.96596682e-01
8.78186047e-01  8.21762140e-01  4.52022160e-01  9.74817134e-01  8.92640531e-01  4.21432184e-01
9.77860036e-01  3.50353106e-01  4.19621372e-01  9.91694816e-01  3.01641257e-01  4.52358130e-01
8.74838827e-01  7.93735942e-01  4.81582929e-01  9.68407024e-01  8.96131697e-01  4.61710957e-01
9.54608356e-01  2.72425067e-01  5.49165997e-01  9.73055802e-01  2.19084074e-01  5.91306804e-01
8.27977640e-01  3.11131186e-01  9.54050945e-01  9.16444923e-01  1.80070174e-01  9.63485167e-01
8.16404104e-01  3.18795467e-01  9.88380091e-01  9.11179350e-01  1.89978714e-01  9.94916352e-01
7.80965559e-01  6.09591282e-01  9.19914258e-01  9.16131280e-01  3.60150072e-01  9.23096308e-01
8.94562957e-01  6.61197466e-01  5.00655851e-01  9.76543374e-01  5.36093126e-01  4.94308391e-01
8.64514623e-01  3.08356349e-01  8.31771858e-01  9.33340565e-01  1.94243619e-01  8.51810224e-01
9.70721126e-01  4.36386942e-01  3.88007216e-01  9.91871115e-01  4.79102172e-01  4.09446818e-01
8.64961828e-01  2.13663617e-01  8.91736028e-01  9.26466774e-01  1.35001793e-01  9.09834403e-01
7.47156557e-01  7.29599583e-01  9.56808747e-01  9.07420020e-01  4.55089206e-01  9.56601229e-01
7.48257847e-01  7.51444452e-01  9.38884846e-01  9.09818365e-01  4.69530716e-01  9.37822243e-01
7.75892519e-01  5.31080378e-01  9.88119578e-01  9.04459644e-01  3.83081230e-01  9.92538376e-01
7.96369336e-01  5.24734280e-01  9.22700346e-01  9.17425078e-01  3.02269393e-01  9.28428255e-01
8.31773922e-01  2.45118732e-01  9.84021907e-01  9.12414285e-01  1.67331763e-01  9.92329926e-01
9.53639541e-01  4.49838403e-01  4.37275710e-01  9.88750557e-01  3.65813500e-01  4.56127760e-01
9.25378774e-01  5.17633941e-01  4.89222772e-01  9.80067227e-01  4.09097072e-01  5.01613606e-01
8.51922139e-01  9.07078689e-01  4.85814077e-01  9.69167110e-01  9.42436334e-01  4.45935526e-01
9.92439658e-01  3.37891741e-01  3.78206044e-01  9.99048604e-01  2.82275561e-01  4.09766074e-01
8.98538894e-01  3.40042013e-01  6.95659871e-01  9.52882512e-01  2.08076424e-01  7.23249063e-01
8.42276141e-01  9.10239283e-01  5.16516417e-01  9.66797549e-01  8.67015860e-01  4.78885621e-01
7.93738323e-01  7.39615718e-01  7.92114467e-01  9.28949753e-01  5.70394527e-01  7.91401031e-01
9.76074984e-01  3.47338078e-01  4.27639834e-01  9.88530271e-01  3.43521142e-01  4.62788685e-01
9.01979404e-01  2.51588129e-01  7.41405007e-01  9.47090867e-01  1.58692464e-01  7.72012484e-01
9.81179783e-01  3.19195625e-01  4.28577026e-01  9.91687773e-01  2.47901612e-01  4.65055636e-01
7.89553986e-01  6.10877875e-01  8.89910833e-01  9.17068923e-01  4.52554873e-01  8.95327321e-01
8.35421700e-01  3.06967080e-01  9.31473956e-01  9.20015180e-01  1.70717839e-01  9.42793908e-01
9.42053058e-01  5.04329604e-01  4.41241197e-01  9.82577507e-01  5.31065329e-01  4.56802056e-01
8.49836928e-01  7.93699035e-01  5.66801515e-01  9.58922984e-01  7.68922780e-01  5.52987548e-01
8.94635059e-01  7.41020739e-01  4.48587738e-01  9.81594130e-01  6.88646696e-01  4.26006767e-01
7.48551444e-01  7.32217423e-01  9.50371799e-01  9.08206936e-01  4.61253732e-01  9.50103902e-01
9.52014951e-01  4.35182602e-01  4.52306932e-01  9.87092841e-01  3.36635259e-01  4.73626489e-01
8.22611258e-01  2.96788406e-01  9.81589476e-01  9.12867055e-01  1.69568837e-01  9.88899903e-01
7.78845118e-01  5.65026043e-01  9.56050408e-01  9.08440437e-01  4.08740247e-01  9.60971052e-01
8.89417673e-01  6.21072678e-01  5.44177417e-01  9.71068236e-01  4.67130063e-01  5.45650977e-01
7.64665618e-01  5.83721833e-01  9.92363916e-01  9.03115538e-01  4.08644678e-01  9.95654366e-01
8.66036540e-01  3.20556669e-01  8.18682556e-01  9.35711021e-01  1.84770742e-01  8.38840947e-01
7.76020301e-01  6.62220444e-01  9.02534515e-01  9.13684670e-01  4.99230297e-01  9.06038026e-01
8.22722324e-01  8.87903453e-01  5.97416297e-01  9.58837172e-01  6.97018802e-01  5.69950565e-01
8.51475565e-01  4.69192663e-01  7.71624000e-01  9.37168705e-01  3.60609198e-01  7.88093621e-01
7.66396131e-01  6.15767147e-01  9.65381254e-01  9.05853606e-01  4.45174511e-01  9.68979911e-01
9.03467906e-01  3.37120762e-01  6.80818949e-01  9.55127356e-01  2.05581703e-01  7.09442461e-01
8.50355792e-01  7.63159070e-01  5.84569534e-01  9.56465052e-01  7.35760788e-01  5.76039044e-01
7.65676213e-01  6.60702022e-01  9.38651061e-01  9.12259320e-01  3.93704392e-01  9.40023704e-01
9.38694691e-01  5.22625320e-01  4.40767096e-01  9.86328083e-01  4.56748865e-01  4.50250734e-01
8.29867391e-01  3.19544822e-01  9.42169925e-01  9.17997987e-01  1.84844244e-01  9.52402507e-01
8.42169443e-01  2.29144122e-01  9.59089843e-01  9.17168341e-01  1.33833282e-01  9.69733004e-01
9.49100305e-01  5.22041497e-01  4.05813335e-01  9.90688124e-01  4.95436895e-01  4.13186169e-01
7.46470766e-01  8.07183259e-01  9.08763069e-01  9.13737731e-01  5.02407992e-01  9.04949552e-01
9.53700525e-01  3.29145694e-01  5.15424317e-01  9.76643015e-01  2.84950002e-01  5.52798394e-01
8.11886699e-01  3.59844614e-01  9.77364532e-01  9.11219536e-01  2.35574803e-01  9.84439172e-01
9.46899358e-01  2.79972364e-01  5.70442686e-01  9.69441560e-01  2.32788719e-01  6.11254481e-01
9.73257919e-01  4.22808341e-01  3.88208932e-01  9.93130403e-01  4.39434040e-01  4.10711787e-01
9.73683490e-01  3.83527635e-01  4.12265455e-01  9.90198263e-01  3.86780875e-01  4.41908768e-01
9.68748164e-01  3.70138207e-01  4.37716105e-01  9.86389499e-01  3.69518873e-01  4.70394196e-01
8.42590836e-01  2.05449453e-01  9.73044312e-01  9.15058963e-01  1.35269565e-01  9.82920689e-01
8.50490015e-01  7.92817883e-01  5.64859148e-01  9.64249598e-01  6.46817726e-01  5.47065899e-01
8.35660364e-01  3.43079000e-01  9.07512308e-01  9.20924820e-01  2.42278220e-01  9.20628419e-01
7.86892783e-01  5.07164797e-01  9.66290200e-01  9.08356739e-01  3.64309533e-01  9.71969045e-01
8.63495235e-01  7.57745766e-01  5.43467326e-01  9.63302437e-01  7.36419948e-01  5.32043174e-01
7.69569174e-01  6.25114532e-01  9.48536053e-01  9.08407444e-01  4.47148887e-01  9.52139233e-01
9.92776198e-01  2.87136740e-01  4.10013995e-01  9.93188068e-01  2.63513977e-01  4.51760202e-01
7.71605010e-01  5.77976118e-01  9.72230092e-01  9.06321500e-01  4.02008856e-01  9.76143102e-01
8.82333688e-01  6.81392953e-01  5.29070233e-01  9.72040130e-01  5.40169221e-01  5.22223019e-01
8.17506705e-01  5.19176525e-01  8.54526596e-01  9.27516198e-01  3.04769387e-01  8.63133721e-01
9.92212127e-01  2.37832300e-01  4.43938369e-01  9.88278108e-01  2.22589395e-01  4.92877478e-01
8.71206214e-01  8.45190627e-01  4.60512222e-01  9.70155586e-01  9.82486092e-01  4.30168383e-01
7.65357763e-01  6.03600949e-01  9.76807341e-01  9.04213365e-01  4.40970316e-01  9.80487431e-01
7.60189948e-01  6.11072972e-01  9.89507665e-01  9.05604370e-01  3.57052258e-01  9.91326645e-01
9.08462457e-01  6.78610133e-01  4.42154032e-01  9.82416408e-01  6.50983494e-01  4.29601758e-01
9.90095458e-01  2.99458111e-01  4.11117268e-01  9.92007671e-01  2.94846225e-01  4.51951960e-01
7.61949207e-01  6.23475067e-01  9.75479799e-01  9.06887004e-01  3.80587819e-01  9.77560556e-01
8.46000505e-01  1.89077594e-01  9.72095258e-01  9.15497830e-01  1.25797490e-01  9.82336787e-01
8.69690752e-01  2.66170196e-01  8.41584319e-01  9.31777718e-01  1.89079755e-01  8.63047227e-01
9.42948652e-01  4.14833547e-01  4.96302766e-01  9.77760183e-01  3.76651256e-01  5.24045146e-01
1.00148208e+00  2.62788917e-01  3.96259843e-01  9.94727157e-01  2.64361034e-01  4.41692343e-01
8.13644202e-01  7.12929121e-01  7.41843507e-01  9.35116198e-01  6.06577917e-01  7.43342314e-01
7.90785764e-01  6.98776250e-01  8.28656565e-01  9.23587674e-01  5.47988631e-01  8.31058535e-01
8.64862738e-01  1.82152439e-01  9.12532795e-01  9.23770228e-01  1.24926097e-01  9.29497488e-01
7.34628702e-01  7.78489979e-01  9.67609263e-01  9.05111399e-01  4.77265138e-01  9.66183278e-01
8.74383444e-01  2.82249386e-01  8.15209282e-01  9.36862409e-01  1.59239713e-01  8.37469330e-01
7.35443699e-01  7.69790943e-01  9.70489780e-01  9.04733438e-01  4.73998964e-01  9.69375883e-01
9.32082603e-01  5.75234487e-01  4.29063696e-01  9.82997417e-01  6.18068333e-01  4.33625881e-01
8.71903914e-01  1.94056281e-01  8.80891432e-01  9.27995297e-01  1.31246278e-01  9.00917491e-01
9.20882153e-01  5.85960624e-01  4.60429706e-01  9.82110730e-01  5.20868021e-01  4.62711972e-01
8.57401413e-01  8.59220453e-01  4.98279310e-01  9.66762988e-01  9.10214875e-01  4.68936567e-01
7.27324999e-01  7.90711513e-01  9.84477650e-01  9.02640130e-01  4.73150704e-01  9.82998418e-01
9.57142564e-01  3.40581999e-01  4.96312257e-01  9.81490292e-01  2.46209527e-01  5.30839121e-01
8.43288521e-01  2.44532780e-01  9.45296928e-01  9.18771934e-01  1.44179335e-01  9.57014401e-01
9.51998652e-01  4.69655699e-01  4.29981624e-01  9.88583429e-01  4.11592747e-01  4.46421209e-01
7.80101855e-01  8.27744083e-01  7.81204160e-01  9.31364411e-01  5.83656771e-01  7.72795539e-01
1.00064770e+00  2.87424730e-01  3.83099159e-01  9.96757045e-01  2.83019119e-01  4.24284167e-01
7.65479436e-01  7.24786856e-01  8.97708439e-01  9.15642982e-01  4.81579405e-01  8.97636856e-01
9.74345120e-01  4.13775821e-01  3.90381305e-01  9.92103196e-01  4.48508954e-01  4.15161523e-01
9.47915950e-01  3.42151856e-01  5.26622687e-01  9.76593047e-01  2.51154858e-01  5.61075497e-01
7.56573089e-01  6.85402868e-01  9.53526472e-01  9.07870314e-01  4.50158916e-01  9.54874694e-01
8.74595921e-01  7.98664424e-01  4.79208118e-01  9.69460845e-01  8.84873753e-01  4.57604535e-01
7.81818603e-01  7.58416298e-01  8.20387165e-01  9.27693464e-01  4.95194374e-01  8.17162013e-01
9.88039641e-01  3.15643528e-01  4.07590045e-01  9.91947326e-01  3.19998664e-01  4.46417057e-01
