7.65717595e-01  7.51968840e-01  8.79548712e-01  9.18683418e-01  4.85451259e-01  8.77745687e-01
8.15739468e-01  3.51268214e-01  9.69848633e-01  9.12147265e-01  2.38611893e-01  9.77775251e-01
7.73888087e-01  8.16406197e-01  8.09964329e-01  9.27466365e-01  5.62520734e-01  8.03282654e-01
7.81964287e-01  5.10233485e-01  9.81036681e-01  9.08778280e-01  2.97962472e-01  9.84887559e-01
9.00699399e-01  2.01834856e-01  7.78053973e-01  9.41997508e-01  1.42367881e-01  8.08515013e-01
8.35833948e-01  7.40865741e-01  6.48354718e-01  9.47624252e-01  6.81568399e-01  6.45484798e-01
7.95702643e-01  4.23213633e-01  9.91181187e-01  9.08706684e-01  2.54782184e-01  9.96029798e-01
7.61844670e-01  7.30016651e-01  9.06656173e-01  9.13741523e-01  4.95061830e-01  9.06654907e-01
9.30745782e-01  2.41428714e-01  6.50318215e-01  9.59645929e-01  1.68865294e-01  6.89114006e-01
7.41184033e-01  7.66564121e-01  9.53387938e-01  9.07033740e-01  4.86406205e-01  9.52220727e-01
8.71971110e-01  4.71114844e-01  7.01075544e-01  9.48222256e-01  3.52233403e-01  7.19706056e-01
8.93509677e-01  2.40727431e-01  7.77217849e-01  9.42156970e-01  1.51542768e-01  8.05332330e-01
7.66500877e-01  7.01480376e-01  9.09373171e-01  9.15909038e-01  4.23998088e-01  9.09488349e-01
8.55930290e-01  7.76496219e-01  5.57279430e-01  9.61832792e-01  7.28162387e-01  5.43926729e-01
8.41714761e-01  8.59362238e-01  5.51453616e-01  9.62516265e-01  7.85251668e-01  5.25587124e-01
8.51781744e-01  2.77664846e-01  8.94940031e-01  9.25083941e-01  1.69387059e-01  9.10605367e-01
8.93257899e-01  6.78525382e-01  4.94135136e-01  9.77052905e-01  5.63827615e-01  4.85027775e-01
7.69796891e-01  7.56823600e-01  8.62246034e-01  9.21408288e-01  4.85065871e-01  8.59847972e-01
9.31137634e-01  3.05555336e-01  6.07652150e-01  9.64771842e-01  2.24514712e-01  6.43660737e-01
8.62300733e-01  2.02120717e-01  9.08565736e-01  9.24422152e-01  1.27585475e-01  9.25207286e-01
7.65464299e-01  6.35610440e-01  9.55661043e-01  9.06310576e-01  4.74100982e-01  9.59238923e-01
8.48707186e-01  8.69127131e-01  5.21667982e-01  9.68215603e-01  7.84781025e-01  4.89670628e-01
9.41072483e-01  3.04052101e-01  5.74595285e-01  9.68402618e-01  2.53848440e-01  6.12957797e-01
8.65994387e-01  7.00381024e-01  5.72521853e-01  9.61580754e-01  6.28309906e-01  5.69051980e-01
9.29399163e-01  3.63850416e-01  5.75708700e-01  9.69276056e-01  2.58183617e-01  6.06852867e-01
8.45837930e-01  5.55325873e-01  7.35143285e-01  9.40955100e-01  4.33659651e-01  7.47131911e-01
8.47323784e-01  5.83502003e-01  7.11804653e-01  9.45061424e-01  4.31434660e-01  7.21325915e-01
8.18802803e-01  8.04359990e-01  6.65262750e-01  9.46971352e-01  6.61784895e-01  6.54845203e-01
8.57222962e-01  8.62762291e-01  4.96586362e-01  9.72575975e-01  7.83211689e-01  4.61565771e-01
9.63253574e-01  3.12019591e-01  4.94105148e-01  9.81984896e-01  2.27141727e-01  5.32157078e-01
8.35939604e-01  5.95975817e-01  7.42363718e-01  9.39120971e-01  4.65681583e-01  7.51353021e-01
8.98714002e-01  4.08103421e-01  6.51174003e-01  9.56318556e-01  3.14236684e-01  6.76738658e-01
8.17162897e-01  5.63644860e-01  8.27117871e-01  9.27444658e-01  4.23360027e-01  8.36186800e-01
8.71498842e-01  5.93279903e-01  6.23364284e-01  9.55995413e-01  5.08088896e-01  6.33169720e-01
8.18664003e-01  3.23192505e-01  9.77849625e-01  9.12214699e-01  2.02446648e-01  9.85341819e-01
8.56896713e-01  2.22914718e-01  9.13118734e-01  9.23168385e-01  1.44225917e-01  9.28812468e-01
7.95027936e-01  5.30332913e-01  9.23620556e-01  9.17119886e-01  3.07421923e-01  9.29172042e-01
8.95310499e-01  5.77861651e-01  5.52220623e-01  9.65376712e-01  5.47951733e-01  5.63115937e-01
8.28890126e-01  9.20889328e-01  5.55056120e-01  9.60739616e-01  8.51904165e-01  5.21286233e-01
7.83795099e-01  5.05340063e-01  9.78292850e-01  9.06710731e-01  3.62636343e-01  9.83433833e-01
8.19824339e-01  5.87399926e-01  8.02656589e-01  9.30945518e-01  4.35571445e-01  8.10863803e-01
9.58083164e-01  4.75473511e-01  4.05544324e-01  9.90793515e-01  4.61315597e-01  4.20543839e-01
8.06637284e-01  5.62112112e-01  8.63857867e-01  9.23517933e-01  3.81750765e-01  8.71162234e-01
8.51369388e-01  6.55836999e-01  6.51103650e-01  9.52792760e-01  5.07039586e-01  6.53952033e-01
8.18092607e-01  7.01447859e-01  7.34191924e-01  9.36454599e-01  5.99296249e-01  7.36474879e-01
8.33148658e-01  3.32032498e-01  9.22917502e-01  9.19560369e-01  2.16924419e-01  9.34830882e-01
7.87108320e-01  6.12261609e-01  8.97616405e-01  9.18014086e-01  4.01479994e-01  9.01808519e-01
7.69637646e-01  7.14303301e-01  8.90691929e-01  9.17384325e-01  4.65463088e-01  8.90781870e-01
7.53542069e-01  6.87016335e-01  9.62772868e-01  9.07451332e-01  4.24473531e-01  9.63608965e-01
8.22168889e-01  5.03850342e-01  8.48942418e-01  9.28069925e-01  3.10500708e-01  8.58749942e-01
8.23920147e-01  2.89475478e-01  9.81892685e-01  9.12725902e-01  1.71343132e-01  9.89387253e-01
8.09784782e-01  6.83715220e-01  7.73917166e-01  9.32106863e-01  5.45247320e-01  7.77078256e-01
8.33194620e-01  3.57550501e-01  9.06489867e-01  9.21225304e-01  2.40806857e-01  9.19048085e-01
9.24700759e-01  2.40342682e-01  6.71550022e-01  9.55805892e-01  1.87421870e-01  7.09367313e-01
9.26479125e-01  2.45230184e-01  6.62338110e-01  9.57031252e-01  1.91764241e-01  7.00487918e-01
9.34166110e-01  3.57195668e-01  5.63842286e-01  9.70431481e-01  2.71028710e-01  5.96420100e-01
9.73257919e-01  4.22808341e-01  3.88208932e-01  9.93130403e-01  4.39434040e-01  4.10711787e-01
7.71723296e-01  6.73287607e-01  9.10239259e-01  9.13177826e-01  4.86235309e-01  9.12863870e-01
8.86831660e-01  7.07089942e-01  4.97113090e-01  9.70931059e-01  7.13239538e-01  4.88586878e-01
7.82927986e-01  8.88938016e-01  7.32174133e-01  9.38773938e-01  6.26687096e-01  7.15670387e-01
7.67001847e-01  6.31758910e-01  9.52941495e-01  9.09512650e-01  4.02965952e-01  9.55455318e-01
8.45573145e-01  7.11729557e-01  6.34497421e-01  9.50713978e-01  6.49562020e-01  6.33725433e-01
7.68539338e-01  6.32568709e-01  9.47490992e-01  9.08480599e-01  4.52669815e-01  9.50886450e-01
8.21877518e-01  5.33163310e-01  8.30898586e-01  9.27927521e-01  3.89138245e-01  8.41148052e-01
9.15637038e-01  3.41037232e-01  6.37250724e-01  9.59714429e-01  2.55085421e-01  6.68891093e-01
7.56127691e-01  7.58885872e-01  9.07327266e-01  9.14736860e-01  4.73116155e-01  9.05439721e-01
9.34045421e-01  3.70565278e-01  5.55572074e-01  9.70658518e-01  3.02739276e-01  5.87498408e-01
7.74864483e-01  5.54576385e-01  9.76354890e-01  9.07065542e-01  3.64439318e-01  9.80217949e-01
8.64597705e-01  3.29726690e-01  8.17911980e-01  9.34749821e-01  2.15967816e-01  8.38175215e-01
8.55262014e-01  6.71777997e-01  6.27237564e-01  9.52474774e-01  6.14033099e-01  6.30284063e-01
8.82452143e-01  2.71370211e-01  7.95169963e-01  9.39543158e-01  1.63131362e-01  8.19880036e-01
8.31324819e-01  2.87906590e-01  9.57764004e-01  9.16798862e-01  1.54829362e-01  9.67158621e-01
7.86030582e-01  5.59217589e-01  9.35421067e-01  9.14847821e-01  3.24555360e-01  9.39706903e-01
7.40034379e-01  7.81272082e-01  9.47742331e-01  9.07681878e-01  4.95095585e-01  9.46018793e-01
7.51938688e-01  6.75902714e-01  9.75433610e-01  9.04346484e-01  4.51791026e-01  9.77086060e-01
8.16247682e-01  3.47290700e-01  9.70407660e-01  9.11850975e-01  2.41460892e-01  9.78488122e-01
8.28470928e-01  3.92276998e-01  8.99984091e-01  9.22318841e-01  2.42939794e-01  9.11533919e-01
8.39982939e-01  8.93144975e-01  5.35401243e-01  9.62849970e-01  8.67477861e-01  5.04088247e-01
8.39230573e-01  3.05814691e-01  9.19286152e-01  9.20105059e-01  2.12305061e-01  9.32425861e-01
8.59962916e-01  8.82736336e-01  4.74314481e-01  9.70888793e-01  9.33977231e-01  4.36887937e-01
7.45179783e-01  7.48709367e-01  9.51411531e-01  9.07989866e-01  4.67358221e-01  9.50574705e-01
8.23902004e-01  6.92528783e-01  7.20553494e-01  9.40867376e-01  5.42654816e-01  7.22032135e-01
8.45626908e-01  2.86235479e-01  9.10574450e-01  9.22028066e-01  1.94133885e-01  9.24889785e-01
9.46628473e-01  4.03635166e-01  4.91077906e-01  9.78801678e-01  3.65376215e-01  5.20021771e-01
9.08953660e-01  5.38563512e-01  5.31407253e-01  9.69582685e-01  5.06482473e-01  5.45911113e-01
8.21078711e-01  3.59248842e-01  9.46533603e-01  9.15100817e-01  2.49912388e-01  9.56175657e-01
8.11278245e-01  3.79076027e-01  9.66645575e-01  9.11989512e-01  2.55354872e-01  9.74328412e-01
7.95135169e-01  7.25278702e-01  7.96977877e-01  9.30399457e-01  5.12676559e-01  7.96211071e-01
7.66434868e-01  7.36157312e-01  8.87080901e-01  9.16619942e-01  5.01606049e-01  8.86657182e-01
8.16068230e-01  6.25528755e-01  7.90655423e-01  9.30456080e-01  5.05052704e-01  7.97643040e-01
8.29364796e-01  6.87341664e-01  7.05371175e-01  9.44226789e-01  5.17506910e-01  7.06412450e-01
9.03395348e-01  5.83217062e-01  5.21290781e-01  9.69565162e-01  5.72006699e-01  5.30596509e-01
9.33238150e-01  3.35151909e-01  5.81007363e-01  9.69466574e-01  2.18672054e-01  6.14417715e-01
8.89320611e-01  5.40185627e-01  5.97318477e-01  9.61990127e-01  4.37538370e-01  6.11342402e-01
8.73976892e-01  5.24190990e-01  6.59805011e-01  9.52897850e-01  4.13409056e-01  6.75322783e-01
7.88624850e-01  8.29841072e-01  7.50899520e-01  9.34863253e-01  6.20676523e-01  7.41644734e-01
9.54688135e-01  2.86220861e-01  5.39938527e-01  9.73924894e-01  2.38392344e-01  5.81188306e-01
7.88667202e-01  5.53243245e-01  9.30643281e-01  9.14819851e-01  3.44778668e-01  9.35640881e-01
9.24100134e-01  5.70841452e-01  4.59318375e-01  9.80988962e-01  5.41838811e-01  4.64967290e-01
9.57737719e-01  4.80963938e-01  4.03152963e-01  9.93289216e-01  4.16460815e-01  4.15102235e-01
8.18544999e-01  7.27331776e-01  7.16149233e-01  9.42381326e-01  5.36491336e-01  7.13775805e-01
8.01400801e-01  8.74650959e-01  6.78719585e-01  9.44923554e-01  6.90211434e-01  6.61282807e-01
7.98178786e-01  4.59241304e-01  9.59079600e-01  9.11037648e-01  3.17384636e-01  9.65826967e-01
7.89958036e-01  6.39738955e-01  8.69799377e-01  9.19124542e-01  4.84739767e-01  8.74568481e-01
9.05034237e-01  6.94712114e-01  4.43341201e-01  9.84012766e-01  6.20348428e-01  4.26578769e-01
8.59417958e-01  2.58464168e-01  8.81474373e-01  9.27518819e-01  1.52669866e-01  8.98928566e-01
9.59181800e-01  2.55804473e-01  5.44724430e-01  9.73538552e-01  2.17700885e-01  5.89053304e-01
9.05194910e-01  4.32849270e-01  6.13100997e-01  9.60809804e-01  3.56435137e-01  6.38005618e-01
9.04062676e-01  2.25868879e-01  7.51028613e-01  9.45201797e-01  1.64130420e-01  7.82844983e-01
7.79354985e-01  5.40533557e-01  9.70222502e-01  9.07329808e-01  3.79528986e-01  9.74970519e-01
8.80562535e-01  6.18389490e-01  5.75987284e-01  9.60851854e-01  5.85595487e-01  5.83266125e-01
9.17837683e-01  3.15156138e-01  6.46581032e-01  9.59029075e-01  2.27679307e-01  6.79738139e-01
8.03462788e-01  3.99994069e-01  9.79605850e-01  9.10581025e-01  2.45586607e-01  9.85659937e-01
9.72717697e-01  2.86329369e-01  4.78647560e-01  9.83367442e-01  2.37730248e-01  5.20799386e-01
8.19644388e-01  4.49818657e-01  8.92597910e-01  9.23156075e-01  2.59563582e-01  9.02251352e-01
7.49825171e-01  7.25351076e-01  9.50504816e-01  9.08893060e-01  4.42278659e-01  9.50172024e-01
8.33956728e-01  7.47634347e-01  6.50632978e-01  9.50026616e-01  6.19244662e-01  6.45270710e-01
9.00414710e-01  6.82377018e-01  4.67332700e-01  9.77985008e-01  6.54842337e-01  4.57622956e-01
7.82407959e-01  5.47615020e-01  9.55256186e-01  9.09531115e-01  3.81733256e-01  9.60336211e-01
9.08266567e-01  6.16544130e-01  4.83411570e-01  9.79728064e-01  5.04061090e-01  4.81946306e-01
8.44776426e-01  5.31227480e-01  7.54394383e-01  9.39782849e-01  3.81711268e-01  7.66879389e-01
8.03812838e-01  3.85395876e-01  9.87895643e-01  9.08426370e-01  2.68257551e-01  9.94138235e-01
9.72572639e-01  2.51090558e-01  5.02017746e-01  9.80341257e-01  2.05166520e-01  5.47869780e-01
9.40385713e-01  2.24745538e-01  6.28415427e-01  9.62440519e-01  1.71907794e-01  6.70478802e-01
8.36821635e-01  6.06821074e-01  7.32327857e-01  9.42301270e-01  4.29393834e-01  7.39504574e-01
8.23587549e-01  9.02579890e-01  5.85246901e-01  9.58242639e-01  7.73458573e-01  5.56281928e-01
9.59041485e-01  3.27985011e-01  4.98042345e-01  9.79876315e-01  2.71566110e-01  5.35217861e-01
7.93723479e-01  4.76676893e-01  9.62889050e-01  9.10097518e-01  3.29153051e-01  9.69084407e-01
7.51825677e-01  6.63315899e-01  9.84287659e-01  9.02852605e-01  4.55543660e-01  9.86297851e-01
7.89189929e-01  5.91980982e-01  9.03715629e-01  9.18028932e-01  3.73675560e-01  9.08259863e-01
8.48815768e-01  7.42760616e-01  6.03042494e-01  9.55195330e-01  6.80535759e-01  5.97182579e-01
9.85491759e-01  2.70096912e-01  4.46108634e-01  9.88612658e-01  2.27063734e-01  4.90195138e-01
7.99581567e-01  5.38271314e-01  9.03299059e-01  9.19181637e-01  3.36103108e-01  9.09714939e-01
8.08756633e-01  4.63040308e-01  9.20690636e-01  9.18811886e-01  2.64620911e-01  9.28400127e-01
9.42277664e-01  5.06336767e-01  4.39473357e-01  9.87184887e-01  4.32883407e-01  4.50892040e-01
8.28430472e-01  3.34077449e-01  9.37612898e-01  9.16980565e-01  2.29183936e-01  9.48486622e-01
8.70571885e-01  2.15284952e-01  8.71928855e-01  9.28733993e-01  1.50147430e-01  8.92246808e-01
8.60085890e-01  1.97233896e-01  9.18962784e-01  9.22558409e-01  1.35199642e-01  9.34849005e-01
9.37118011e-01  3.14342187e-01  5.81640227e-01  9.67792411e-01  2.49621010e-01  6.18381918e-01
9.28551973e-01  5.48269202e-01  4.58558910e-01  9.84418784e-01  4.47217044e-01  4.64737053e-01
8.94849573e-01  3.42484976e-01  7.06600938e-01  9.48916095e-01  2.67230571e-01  7.34754348e-01
7.69793482e-01  6.75185627e-01  9.15263927e-01  9.14388520e-01  4.34161924e-01  9.16845121e-01
8.10680089e-01  8.19411489e-01  6.82776454e-01  9.46727106e-01  6.01531133e-01  6.70081342e-01
8.11011492e-01  5.18470397e-01  8.77339449e-01  9.22848814e-01  3.38043058e-01  8.85743643e-01
8.91048318e-01  2.69122420e-01  7.67438202e-01  9.43504551e-01  1.62478394e-01  7.94632990e-01
8.11877466e-01  7.56238547e-01  7.20022546e-01  9.40247385e-01  5.85236345e-01  7.15981969e-01
8.39727724e-01  6.29793780e-01  7.07543808e-01  9.43917425e-01  4.93785814e-01  7.13981078e-01
8.54032380e-01  2.10940896e-01  9.30621005e-01  9.20767646e-01  1.41319040e-01  9.44890924e-01
9.48368428e-01  5.14553141e-01  4.13457704e-01  9.91420549e-01  4.43890102e-01  4.21142179e-01
7.98588756e-01  4.71027632e-01  9.50331704e-01  9.11901360e-01  3.32007707e-01  9.57361835e-01
8.29427003e-01  4.42517310e-01  8.63819310e-01  9.27209041e-01  2.60777339e-01  8.75461116e-01
8.21091690e-01  7.78401472e-01  6.74047223e-01  9.49644527e-01  5.46748566e-01  6.64273032e-01
7.85638368e-01  5.27020722e-01  9.57956194e-01  9.11641829e-01  3.17302826e-01  9.62488272e-01
9.01841617e-01  4.29451543e-01  6.26693569e-01  9.59027075e-01  3.47725160e-01  6.51487106e-01
8.17300408e-01  5.22396582e-01  8.53433648e-01  9.26891977e-01  3.27459570e-01  8.62310164e-01
9.04384112e-01  3.09076793e-01  6.96212379e-01  9.52501441e-01  2.06806335e-01  7.26507744e-01
8.67468865e-01  7.53683470e-01  5.32612383e-01  9.69774718e-01  6.24265359e-01  5.16949104e-01
8.65722043e-01  7.28049443e-01  5.55185517e-01  9.61206334e-01  7.21027412e-01  5.49107187e-01
8.27780641e-01  8.51508392e-01  6.04166423e-01  9.57952763e-01  6.71075336e-01  5.82245650e-01
8.29741469e-01  9.96488766e-01  5.03381349e-01  9.67514085e-01  9.73105097e-01  4.49830096e-01
8.85487555e-01  7.09663605e-01  5.00006752e-01  9.75208165e-01  6.01719503e-01  4.87418636e-01
8.10742349e-01  7.15744925e-01  7.49869629e-01  9.34463935e-01  5.92166241e-01  7.50917787e-01
9.51623034e-01  2.68262529e-01  5.62005374e-01  9.71387491e-01  2.10854714e-01  6.03941437e-01
9.31998770e-01  3.08699288e-01  6.02389131e-01  9.64580107e-01  2.47645845e-01  6.38927903e-01
9.04389045e-01  6.14553104e-01  4.97870647e-01  9.77443326e-01  4.98545953e-01  4.97894243e-01
8.47119294e-01  7.40482690e-01  6.10580277e-01  9.57257113e-01  6.01128734e-01  6.03174368e-01
7.85534778e-01  6.35431085e-01  8.87617490e-01  9.16179397e-01  4.88890931e-01  8.92475817e-01
8.78107686e-01  5.51030687e-01  6.28353033e-01  9.58199585e-01  4.15593912e-01  6.40813793e-01
7.79794997e-01  5.58004622e-01  9.57384979e-01  9.11235426e-01  3.31755707e-01  9.61175045e-01
8.48511938e-01  5.86784711e-01  7.05638691e-01  9.45981728e-01  4.33634678e-01  7.14906931e-01
8.75842350e-01  4.31996186e-01  7.13328215e-01  9.49160546e-01  2.69483922e-01  7.33172563e-01
8.69168222e-01  5.00329498e-01  6.91625802e-01  9.48715523e-01  3.86421561e-01  7.08493848e-01
8.53385744e-01  7.35213994e-01  5.92722126e-01  9.60235465e-01  5.98483785e-01  5.84700110e-01
9.64594877e-01  4.44022729e-01  4.04149583e-01  9.93187467e-01  3.91115219e-01  4.22238125e-01
8.03122923e-01  4.47145858e-01  9.50142534e-01  9.12555767e-01  3.10690252e-01  9.57668640e-01
8.89735619e-01  2.76816899e-01  7.66602473e-01  9.43188857e-01  1.73359263e-01  7.93579187e-01
8.71903914e-01  1.94056281e-01  8.80891432e-01  9.27995297e-01  1.31246278e-01  9.00917491e-01
8.17839946e-01  7.02245849e-01  7.34830267e-01  9.39077937e-01  5.34427501e-01  7.35443114e-01
8.63550288e-01  2.95732344e-01  8.43243424e-01  9.32463845e-01  1.72264008e-01  8.62606909e-01
8.78544149e-01  2.42722656e-01  8.26743295e-01  9.35160633e-01  1.51715352e-01  8.50152911e-01
9.19971197e-01  6.21084875e-01  4.40719366e-01  9.81768480e-01  6.33165419e-01  4.38467423e-01
8.24702348e-01  5.93274088e-01  7.82277673e-01  9.33782908e-01  4.44521880e-01  7.90562901e-01
9.56837255e-01  2.97769524e-01  5.25143396e-01  9.75976617e-01  2.48944132e-01  5.65548495e-01
8.32061674e-01  9.01300405e-01  5.57004851e-01  9.63508972e-01  7.64899516e-01  5.24013664e-01
8.47447682e-01  8.34875849e-01  5.47884379e-01  9.65945019e-01  7.03013895e-01  5.22964267e-01
8.56506538e-01  8.70951828e-01  4.93702151e-01  9.72527244e-01  8.02725520e-01  4.57283945e-01
8.39962671e-01  5.69912477e-01  7.45625045e-01  9.41967595e-01  3.73736794e-01  7.54748240e-01
9.28214905e-01  2.91649372e-01  6.26307548e-01  9.63195676e-01  1.87567265e-01  6.61949837e-01
8.89174699e-01  3.49312926e-01  7.21736636e-01  9.48750158e-01  2.20783577e-01  7.47270203e-01
8.32369185e-01  3.90521476e-01  8.87885395e-01  9.24063678e-01  2.43008666e-01  9.00329506e-01
9.34627830e-01  3.94021436e-01  5.38068900e-01  9.74800334e-01  2.78084099e-01  5.66230003e-01
8.71076935e-01  7.01541066e-01  5.54212466e-01  9.62951296e-01  6.67730666e-01  5.50466792e-01
8.31919254e-01  3.48547357e-01  9.16667634e-01  9.21496824e-01  1.95372272e-01  9.28004616e-01
7.73892585e-01  6.63351304e-01  9.09027747e-01  9.16369932e-01  4.06359550e-01  9.10686004e-01
8.83951921e-01  6.57315419e-01  5.39504391e-01  9.68605683e-01  5.67733059e-01  5.38270945e-01
9.73216278e-01  3.33887380e-01  4.46079076e-01  9.86251278e-01  3.18807522e-01  4.83219831e-01
9.41823063e-01  3.98662110e-01  5.10921439e-01  9.77820731e-01  3.12583461e-01  5.39257169e-01
9.38151296e-01  2.54762333e-01  6.16812611e-01  9.64217661e-01  1.83857654e-01  6.56786500e-01
8.85799840e-01  2.23977293e-01  8.14274540e-01  9.37055831e-01  1.43995871e-01  8.39818219e-01
9.53639541e-01  4.49838403e-01  4.37275710e-01  9.88750557e-01  3.65813500e-01  4.56127760e-01
