8.22793954e-01  4.95430767e-01  8.51988204e-01  9.26453497e-01  3.35556446e-01  8.62699163e-01
8.51812103e-01  6.98665614e-01  6.21495973e-01  9.53122225e-01  6.34231241e-01  6.21377171e-01
8.82255547e-01  3.85481580e-01  7.21451536e-01  9.45839577e-01  3.03780226e-01  7.45875663e-01
9.26353501e-01  3.43726134e-01  5.99115959e-01  9.66446691e-01  2.31402010e-01  6.31300104e-01
8.35421700e-01  3.06967080e-01  9.31473956e-01  9.20015180e-01  1.70717839e-01  9.42793908e-01
8.30374680e-01  2.99056319e-01  9.53750966e-01  9.17108543e-01  1.62817338e-01  9.63292089e-01
8.59785262e-01  7.73225350e-01  5.46015167e-01  9.62336024e-01  7.58479893e-01  5.33045942e-01
8.59180015e-01  4.48346184e-01  7.58995969e-01  9.39559456e-01  3.41658212e-01  7.77225905e-01
9.65363441e-01  4.14843235e-01  4.20483515e-01  9.88999106e-01  4.05214200e-01  4.45773898e-01
8.58198002e-01  7.69257563e-01  5.53980914e-01  9.61213723e-01  7.50177260e-01  5.42196790e-01
8.76444868e-01  2.15914637e-01  8.51277921e-01  9.31519834e-01  1.50779863e-01  8.73718455e-01
8.16593641e-01  5.31365285e-01  8.50010744e-01  9.27584569e-01  3.25094722e-01  8.58425973e-01
8.53398224e-01  5.45585405e-01  7.15497413e-01  9.46109927e-01  3.75291479e-01  7.27305248e-01
8.41794374e-01  8.06849768e-01  5.85574181e-01  9.60783003e-01  6.54590671e-01  5.67979536e-01
8.66208389e-01  6.55350315e-01  6.00732728e-01  9.56585022e-01  6.10583420e-01  6.04741585e-01
8.46970938e-01  7.83281525e-01  5.82999102e-01  9.55972179e-01  7.65345604e-01  5.72233864e-01
7.63642651e-01  7.95306963e-01  8.58158728e-01  9.20897408e-01  5.24069641e-01  8.53940448e-01
8.11498868e-01  5.10181041e-01  8.80768516e-01  9.21584168e-01  3.53093128e-01  8.89793025e-01
9.44447882e-01  2.67871346e-01  5.86623378e-01  9.68069073e-01  2.02112687e-01  6.27277190e-01
8.22336272e-01  6.63741735e-01  7.44262535e-01  9.36663586e-01  5.40985179e-01  7.48863848e-01
7.97504502e-01  8.57147742e-01  7.03315170e-01  9.43548599e-01  6.14501504e-01  6.87924294e-01
8.55646599e-01  3.80131573e-01  8.15284999e-01  9.34580150e-01  2.39975960e-01  8.33094301e-01
8.74268514e-01  5.81806490e-01  6.21111670e-01  9.60373845e-01  4.02847673e-01  6.29357313e-01
9.25762730e-01  5.95016354e-01  4.37680636e-01  9.84843256e-01  5.53427956e-01  4.37009363e-01
8.46555840e-01  5.50059505e-01  7.35827068e-01  9.40990217e-01  4.26271917e-01  7.48129932e-01
9.36779709e-01  3.74363427e-01  5.43821673e-01  9.72257787e-01  3.09819955e-01  5.75576935e-01
8.58638518e-01  7.79450173e-01  5.45868563e-01  9.67964102e-01  6.28570142e-01  5.27545067e-01
8.19886585e-01  4.57990867e-01  8.86171597e-01  9.23812327e-01  2.66343128e-01  8.95930905e-01
8.16139912e-01  3.93694414e-01  9.40642556e-01  9.15284208e-01  2.69393236e-01  9.49896705e-01
7.42639222e-01  7.39676499e-01  9.65606612e-01  9.05435893e-01  4.71659965e-01  9.65422303e-01
8.81648570e-01  3.93161023e-01  7.18824686e-01  9.47018224e-01  2.88883652e-01  7.42341653e-01
8.49250811e-01  3.28229134e-01  8.70704068e-01  9.27915809e-01  1.94450561e-01  8.86545774e-01
8.90943492e-01  3.83781946e-01  6.93350623e-01  9.49940689e-01  3.06696023e-01  7.19408935e-01
8.83187770e-01  5.81221779e-01  5.91501737e-01  9.63555590e-01  4.42438626e-01  6.00151019e-01
8.54925496e-01  5.40401305e-01  7.13676125e-01  9.44001877e-01  4.32323414e-01  7.27394307e-01
8.35797364e-01  6.43736072e-01  7.11540604e-01  9.42583528e-01  5.14494109e-01  7.17142203e-01
8.77553925e-01  8.25904248e-01  4.51777153e-01  9.76805183e-01  8.52482404e-01  4.18656001e-01
8.33696902e-01  5.73583506e-01  7.64519082e-01  9.39354455e-01  3.67666854e-01  7.72932950e-01
8.38275382e-01  3.68303789e-01  8.82253476e-01  9.24646034e-01  2.44761775e-01  8.96182585e-01
7.96805723e-01  5.47865811e-01  9.06495621e-01  9.17385730e-01  3.71049647e-01  9.13002475e-01
7.87309327e-01  7.36329340e-01  8.16377964e-01  9.25735928e-01  5.55562957e-01  8.16016572e-01
7.74794788e-01  7.02881147e-01  8.80594252e-01  9.18222694e-01  4.81700524e-01  8.81583039e-01
8.15722394e-01  7.36863476e-01  7.19247017e-01  9.38284644e-01  6.26783128e-01  7.18268985e-01
8.91898347e-01  7.65723503e-01  4.42140410e-01  9.81464336e-01  7.39619351e-01  4.15354335e-01
7.97199936e-01  7.06636317e-01  8.02070436e-01  9.30716822e-01  4.78917570e-01  8.02124519e-01
8.88089808e-01  5.77074408e-01  5.77548166e-01  9.62456877e-01  5.21179739e-01  5.88657077e-01
8.02745763e-01  9.17684660e-01  6.45915608e-01  9.50318364e-01  7.15271951e-01  6.20275031e-01
7.75892519e-01  5.31080378e-01  9.88119578e-01  9.04459644e-01  3.83081230e-01  9.92538376e-01
7.78786479e-01  6.39095340e-01  9.08156758e-01  9.15825007e-01  4.18880683e-01  9.11232073e-01
8.37507627e-01  7.18068835e-01  6.57472113e-01  9.46787592e-01  6.54982643e-01  6.57108823e-01
7.98578308e-01  6.59333444e-01  8.27803186e-01  9.24725678e-01  5.12052729e-01  8.32222533e-01
8.23920147e-01  2.89475478e-01  9.81892685e-01  9.12725902e-01  1.71343132e-01  9.89387253e-01
9.81273429e-01  3.39797881e-01  4.14883609e-01  9.91330635e-01  3.21814364e-01  4.49943708e-01
9.50271877e-01  3.01675106e-01  5.45198882e-01  9.74271077e-01  2.20217671e-01  5.83763840e-01
9.20440377e-01  4.90374902e-01  5.23688768e-01  9.75512380e-01  3.67449088e-01  5.40624367e-01
9.54242134e-01  3.52487344e-01  4.98431338e-01  9.78296615e-01  3.21226524e-01  5.33654748e-01
8.32087694e-01  5.07927322e-01  8.12611749e-01  9.32805959e-01  3.29377361e-01  8.23937505e-01
9.34323579e-01  2.64185356e-01  6.23692333e-01  9.62576050e-01  2.03137930e-01  6.62773083e-01
8.49506820e-01  2.40618631e-01  9.26720302e-01  9.21385053e-01  1.43651046e-01  9.40382901e-01
7.93753795e-01  4.62738125e-01  9.72135277e-01  9.10764726e-01  2.77951222e-01  9.77377889e-01
9.23135129e-01  3.23160553e-01  6.23098650e-01  9.63255225e-01  2.10672647e-01  6.56128025e-01
8.55362872e-01  3.93740924e-01  8.07709980e-01  9.35567397e-01  2.48544709e-01  8.25262694e-01
9.26979500e-01  3.52677876e-01  5.91178147e-01  9.65555890e-01  2.86285739e-01  6.24089995e-01
8.60670973e-01  2.65260623e-01  8.72805847e-01  9.27786782e-01  1.78075891e-01  8.91228528e-01
8.38111451e-01  4.10896065e-01  8.54858554e-01  9.29114886e-01  2.39170620e-01  8.68327841e-01
8.67252971e-01  6.66622448e-01  5.90164987e-01  9.57673656e-01  6.33859011e-01  5.92797520e-01
7.90783027e-01  4.64269238e-01  9.81230702e-01  9.10280493e-01  2.56214789e-01  9.85600798e-01
8.06974926e-01  8.62118960e-01  6.67630122e-01  9.47077688e-01  6.75314720e-01  6.50461678e-01
8.40209211e-01  7.50894768e-01  6.27283971e-01  9.50421290e-01  7.04882941e-01  6.22577319e-01
7.64037353e-01  5.82012587e-01  9.95310243e-01  9.03603430e-01  3.82427755e-01  9.98182492e-01
8.09664999e-01  7.83329012e-01  7.09649216e-01  9.40578933e-01  6.27647943e-01  7.03354362e-01
8.30932475e-01  6.66586631e-01  7.13224419e-01  9.40356085e-01  5.71704933e-01  7.17954692e-01
7.40832532e-01  7.21391737e-01  9.83614980e-01  9.03519752e-01  4.45857395e-01  9.83784345e-01
8.64326359e-01  2.59005978e-01  8.64453663e-01  9.29820432e-01  1.55405394e-01  8.83526184e-01
9.39349259e-01  4.75587466e-01  4.69082000e-01  9.79299250e-01  4.80754864e-01  4.89666817e-01
8.16447531e-01  3.97491303e-01  9.37133305e-01  9.17463287e-01  2.27634116e-01  9.45756193e-01
8.14823934e-01  5.92561762e-01  8.16286629e-01  9.30502525e-01  3.95958121e-01  8.23031119e-01
9.48752956e-01  4.96273862e-01  4.24019069e-01  9.87798242e-01  4.73577235e-01  4.37378446e-01
9.56886460e-01  3.49236843e-01  4.91860499e-01  9.81623492e-01  2.66513494e-01  5.25720908e-01
8.04484579e-01  5.12217149e-01  9.03268081e-01  9.20442714e-01  2.97415931e-01  9.10221357e-01
7.68867809e-01  6.50114399e-01  9.34685887e-01  9.11160391e-01  4.35310774e-01  9.37274026e-01
7.83575636e-01  5.94607112e-01  9.20779469e-01  9.16060283e-01  3.55984995e-01  9.24532225e-01
8.80630730e-01  8.07358727e-01  4.53369838e-01  9.77622090e-01  8.12427194e-01  4.22848589e-01
9.30580085e-01  3.10545608e-01  6.06008250e-01  9.66009591e-01  2.00377218e-01  6.40891094e-01
8.24152514e-01  4.06721662e-01  9.05270025e-01  9.20023724e-01  2.83976377e-01  9.16588579e-01
7.86096982e-01  6.15460520e-01  8.98676600e-01  9.18394246e-01  3.86258418e-01  9.02438565e-01
8.31537527e-01  5.08896228e-01  8.13552462e-01  9.30471516e-01  3.82322604e-01  8.25924204e-01
9.19180868e-01  4.22614690e-01  5.72254363e-01  9.66713533e-01  3.61187797e-01  5.99032252e-01
7.66847771e-01  6.03519260e-01  9.72099506e-01  9.08740300e-01  3.46415455e-01  9.74238936e-01
7.91168005e-01  5.53464801e-01  9.22005874e-01  9.14630956e-01  3.82556771e-01  9.27957254e-01
8.62402258e-01  7.88142064e-01  5.27444467e-01  9.64654251e-01  7.89354231e-01  5.10912716e-01
8.04888356e-01  6.94548240e-01  7.83511746e-01  9.32038124e-01  5.12976318e-01  7.85117053e-01
8.62033111e-01  3.79078382e-01  7.94578001e-01  9.36087791e-01  2.79662298e-01  8.14599362e-01
8.20441522e-01  3.70427932e-01  9.41142015e-01  9.17440709e-01  2.09643629e-01  9.50136849e-01
8.05197137e-01  7.40078688e-01  7.53199876e-01  9.36585482e-01  5.37461410e-01  7.50710483e-01
8.14158651e-01  6.41276763e-01  7.86916291e-01  9.32956963e-01  4.62094865e-01  7.91721420e-01
7.62384829e-01  7.10458909e-01  9.17521338e-01  9.14076230e-01  4.39736166e-01  9.17535114e-01
7.75178557e-01  5.86054663e-01  9.54848706e-01  9.09373990e-01  3.92588993e-01  9.58787718e-01
7.55319582e-01  6.45009638e-01  9.84011283e-01  9.03872986e-01  4.26363332e-01  9.86109267e-01
9.14744404e-01  4.71806324e-01  5.55382599e-01  9.69779789e-01  3.75513650e-01  5.75998738e-01
9.09013642e-01  3.10455713e-01  6.79299206e-01  9.55524484e-01  1.91652225e-01  7.10175679e-01
8.83270431e-01  6.89492530e-01  5.20927767e-01  9.67131914e-01  6.97131126e-01  5.17255285e-01
8.69889908e-01  5.46071996e-01  6.59477151e-01  9.52556803e-01  4.32206808e-01  6.73083780e-01
7.74139118e-01  7.92217949e-01  8.24519327e-01  9.26296009e-01  5.23513072e-01  8.19455080e-01
9.18529069e-01  3.72705807e-01  6.06572295e-01  9.62422791e-01  3.12728425e-01  6.37437393e-01
8.41517049e-01  9.44011033e-01  4.97168272e-01  9.67635377e-01  9.56218047e-01  4.52512048e-01
8.58898008e-01  1.79283981e-01  9.34652239e-01  9.20801865e-01  1.21983378e-01  9.49224111e-01
7.54176511e-01  8.00359214e-01  8.87322935e-01  9.17212276e-01  5.02376389e-01  8.83193864e-01
8.87322506e-01  7.58060883e-01  4.62355250e-01  9.79404394e-01  6.93855126e-01  4.38820776e-01
8.16611949e-01  7.58291006e-01  7.02612210e-01  9.41018247e-01  6.36562853e-01  6.98954741e-01
8.40696789e-01  7.56063961e-01  6.21974723e-01  9.51245280e-01  7.06837768e-01  6.16317497e-01
9.13067112e-01  3.60644844e-01  6.32950125e-01  9.61126224e-01  2.42203993e-01  6.62355318e-01
9.30748123e-01  4.21545033e-01  5.33670964e-01  9.72127639e-01  3.75349902e-01  5.60983080e-01
9.17036631e-01  6.37927020e-01  4.39452115e-01  9.82766703e-01  6.24927533e-01  4.33490266e-01
8.36635175e-01  2.45788629e-01  9.67077393e-01  9.15689910e-01  1.44739167e-01  9.76645253e-01
8.21194442e-01  3.76445141e-01  9.34677539e-01  9.17430166e-01  2.34493725e-01  9.44353473e-01
7.62914748e-01  6.39721938e-01  9.61651641e-01  9.09125278e-01  3.79892098e-01  9.63372007e-01
7.62813457e-01  6.43569960e-01  9.59495718e-01  9.06563720e-01  4.53838633e-01  9.62386498e-01
9.13070365e-01  5.48336791e-01  5.11083483e-01  9.71694099e-01  5.40958772e-01  5.24255874e-01
7.74896033e-01  5.30088282e-01  9.92148718e-01  9.05579521e-01  3.39072172e-01  9.95719468e-01
7.71723296e-01  6.73287607e-01  9.10239259e-01  9.13177826e-01  4.86235309e-01  9.12863870e-01
7.92397760e-01  7.70148743e-01  7.76842878e-01  9.30896357e-01  5.92859149e-01  7.73630094e-01
8.11414749e-01  4.06949067e-01  9.48083168e-01  9.13776571e-01  2.81972433e-01  9.56602219e-01
8.43619777e-01  4.08014573e-01  8.38023490e-01  9.31490243e-01  2.40816983e-01  8.52709113e-01
8.41329091e-01  2.18324735e-01  9.68969190e-01  9.15791921e-01  1.32444575e-01  9.78885927e-01
8.21331350e-01  3.46706419e-01  9.53522265e-01  9.14710035e-01  2.30474895e-01  9.62741807e-01
8.73998050e-01  2.86273379e-01  8.14202992e-01  9.37046951e-01  1.61305373e-01  8.36315882e-01
9.53639541e-01  4.49838403e-01  4.37275710e-01  9.88750557e-01  3.65813500e-01  4.56127760e-01
8.09651681e-01  6.41602291e-01  8.01711527e-01  9.28564075e-01  5.12249787e-01  8.07563986e-01
9.49758073e-01  3.19509101e-01  5.35067461e-01  9.73690102e-01  2.78343376e-01  5.73287700e-01
7.47156557e-01  7.29599583e-01  9.56808747e-01  9.07420020e-01  4.55089206e-01  9.56601229e-01
9.00195310e-01  2.60436986e-01  7.41718019e-01  9.46313723e-01  1.79528840e-01  7.72089755e-01
8.28541113e-01  4.34527098e-01  8.72014572e-01  9.23754724e-01  3.15680521e-01  8.84683848e-01
8.78848159e-01  6.42684295e-01  5.66035991e-01  9.63360489e-01  5.77494301e-01  5.69088285e-01
8.16404104e-01  3.18795467e-01  9.88380091e-01  9.11179350e-01  1.89978714e-01  9.94916352e-01
8.72953768e-01  7.85656842e-01  4.93229234e-01  9.70194218e-01  7.99445981e-01  4.73015143e-01
8.76684562e-01  7.71708678e-01  4.89616852e-01  9.74924538e-01  6.93498645e-01  4.67628931e-01
9.70599454e-01  2.48903249e-01  5.10137864e-01  9.79228289e-01  2.01068540e-01  5.55970862e-01
8.05726534e-01  4.91146071e-01  9.12730413e-01  9.16551977e-01  3.56298958e-01  9.21305498e-01
9.07101730e-01  7.05669637e-01  4.29504329e-01  9.81287639e-01  7.52274721e-01  4.13507762e-01
8.21661511e-01  6.95818659e-01  7.25728255e-01  9.40274337e-01  5.36142180e-01  7.26851862e-01
7.64194769e-01  6.32233133e-01  9.62165406e-01  9.05404191e-01  4.71281803e-01  9.65714660e-01
8.76828721e-01  2.24816239e-01  8.44194869e-01  9.32712383e-01  1.47599344e-01  8.66820512e-01
9.95739823e-01  2.43693045e-01  4.28155099e-01  9.90445920e-01  2.33396507e-01  4.76433313e-01
8.47525825e-01  6.21651635e-01  6.86052879e-01  9.49683307e-01  4.29944796e-01  6.91524950e-01
9.25736941e-01  5.44831960e-01  4.70348964e-01  9.81626922e-01  4.63789005e-01  4.78736454e-01
8.65722043e-01  7.28049443e-01  5.55185517e-01  9.61206334e-01  7.21027412e-01  5.49107187e-01
9.25054431e-01  5.65818977e-01  4.59338863e-01  9.83052078e-01  4.89779186e-01  4.63995652e-01
7.89398062e-01  4.58690914e-01  9.89555193e-01  9.06299038e-01  3.25661891e-01  9.94779457e-01
8.48893261e-01  3.47870426e-01  8.59462519e-01  9.28120692e-01  2.36119520e-01  8.75937351e-01
8.72102697e-01  7.54361566e-01  5.16437308e-01  9.71488813e-01  6.50969802e-01  4.99671276e-01
8.45741221e-01  6.45888681e-01  6.76377188e-01  9.50994553e-01  4.45624925e-01  6.79425479e-01
9.22773981e-01  3.62585299e-01  5.98729304e-01  9.66608509e-01  2.35216006e-01  6.28848362e-01
8.52334653e-01  5.98819683e-01  6.84545761e-01  9.46368993e-01  5.07786919e-01  6.94448968e-01
9.27398405e-01  4.98551782e-01  4.94753484e-01  9.79324368e-01  3.93655383e-01  5.10012307e-01
9.58713320e-01  3.55060224e-01  4.81578784e-01  9.80572278e-01  3.31716272e-01  5.16593730e-01
8.45523226e-01  3.32972680e-01  8.80283173e-01  9.26898081e-01  1.86325603e-01  8.94984619e-01
8.45038656e-01  4.92808309e-01  7.78448653e-01  9.38663090e-01  3.07116039e-01  7.91622441e-01
8.44136392e-01  8.34999862e-01  5.59047260e-01  9.60425390e-01  7.88039821e-01  5.38337165e-01
9.53764892e-01  3.05013279e-01  5.31170893e-01  9.76648973e-01  2.16122255e-01  5.69481174e-01
9.30341960e-01  5.07879365e-01  4.78702632e-01  9.80523673e-01  4.33755369e-01  4.92881420e-01
8.16361756e-01  4.50880398e-01  9.02758652e-01  9.21351220e-01  2.65309937e-01  9.11955209e-01
8.88660382e-01  1.90313059e-01  8.26715133e-01  9.35422430e-01  1.35762628e-01  8.52746487e-01
9.37871929e-01  4.10613091e-01  5.16578677e-01  9.74341830e-01  3.81054321e-01  5.45442838e-01
8.79801969e-01  7.65705925e-01  4.83226048e-01  9.75317293e-01  7.08953412e-01  4.61988201e-01
8.20637762e-01  1.04614997e+00  5.01755099e-01  9.67810220e-01  1.01011077e+00  4.38702621e-01
7.51938688e-01  6.75902714e-01  9.75433610e-01  9.04346484e-01  4.51791026e-01  9.77086060e-01
9.46960883e-01  3.73337138e-01  5.09619275e-01  9.76699639e-01  3.28704019e-01  5.42133907e-01
7.98712962e-01  5.93315047e-01  8.70210601e-01  9.20399853e-01  4.40669179e-01  8.76767358e-01
8.97722911e-01  2.50529874e-01  7.56843388e-01  9.43893588e-01  1.85242197e-01  7.86778833e-01
8.08581395e-01  5.76556055e-01  8.47878554e-01  9.27578497e-01  3.44147622e-01  8.53978940e-01
8.63481069e-01  4.95821963e-01  7.13567692e-01  9.48030937e-01  3.17061960e-01  7.28697471e-01
7.86785187e-01  5.67737174e-01  9.27324989e-01  9.12606283e-01  4.13635293e-01  9.33106198e-01
7.69893106e-01  7.03323653e-01  8.96953442e-01  9.16800278e-01  4.53115995e-01  8.97433985e-01
8.48772208e-01  6.31390527e-01  6.75794931e-01  9.50458595e-01  4.56917783e-01  6.80719422e-01
8.27932518e-01  2.88634401e-01  9.68812274e-01  9.15216557e-01  1.55206396e-01  9.77215970e-01
8.40642465e-01  2.14289396e-01  9.73921473e-01  9.15246938e-01  1.28264139e-01  9.83364784e-01
8.80184113e-01  8.05716040e-01  4.55953033e-01  9.79837313e-01  7.48360341e-01  4.23728609e-01
8.61529969e-01  2.67495680e-01  8.68437854e-01  9.29101699e-01  1.60946498e-01  8.86830163e-01
8.59948914e-01  8.99256866e-01  4.63636540e-01  9.72568750e-01  9.54179708e-01  4.21359887e-01
8.36102749e-01  4.86561413e-01  8.12551413e-01  9.32340987e-01  3.33413124e-01  8.25452544e-01
8.07598032e-01  6.43451493e-01  8.07783091e-01  9.29401554e-01  4.70564591e-01  8.12524820e-01
7.79780708e-01  5.44647539e-01  9.66106343e-01  9.09904383e-01  3.30379830e-01  9.70033967e-01
9.23421572e-01  2.29474115e-01  6.82950273e-01  9.55144390e-01  1.59477771e-01  7.20188125e-01
8.64066615e-01  4.40613685e-01  7.47423068e-01  9.43064822e-01  2.95013928e-01  7.65731470e-01
8.36402889e-01  8.48287538e-01  5.76680964e-01  9.58958728e-01  7.57611793e-01  5.54905200e-01
8.25142518e-01  3.43887227e-01  9.42409968e-01  9.17135742e-01  2.09115806e-01  9.52216643e-01
8.36612484e-01  3.35717808e-01  9.08761578e-01  9.22253686e-01  2.00763921e-01  9.21365796e-01
8.33666336e-01  3.68902248e-01  8.97517184e-01  9.22273431e-01  2.49015753e-01  9.10394520e-01
9.49085968e-01  3.51116624e-01  5.17127174e-01  9.77377929e-01  2.74403771e-01  5.51085382e-01
8.17906890e-01  7.71277463e-01  6.89783844e-01  9.44065882e-01  6.18736925e-01  6.83610307e-01
8.17270563e-01  5.40205499e-01  8.41674821e-01  9.29048259e-01  3.19910881e-01  8.49744923e-01
7.83698273e-01  5.56029318e-01  9.45410303e-01  9.10036397e-01  4.07730977e-01  9.50975033e-01
8.70449918e-01  3.83393711e-01  7.62897009e-01  9.41576432e-01  2.57518011e-01  7.84103347e-01
7.55525081e-01  6.27363564e-01  9.94770755e-01  9.01063434e-01  4.53788443e-01  9.97667563e-01
8.49836928e-01  7.93699035e-01  5.66801515e-01  9.58922984e-01  7.68922780e-01  5.52987548e-01
7.65043644e-01  8.37469155e-01  8.26026197e-01  9.25166767e-01  5.59108500e-01  8.18315054e-01
9.21031102e-01  6.37224289e-01  4.26344890e-01  9.84588287e-01  6.36178094e-01  4.19161737e-01
8.93787309e-01  7.06197471e-01  4.74372028e-01  9.79001282e-01  6.18074543e-01  4.59763255e-01
7.83676837e-01  5.91279494e-01  9.22596155e-01  9.15356946e-01  3.66189124e-01  9.26639602e-01
8.24265604e-01  5.25676422e-01  8.27650575e-01  9.30004117e-01  3.47499721e-01  8.37636351e-01
9.62675105e-01  4.27014892e-01  4.21412196e-01  9.87698585e-01  4.38183389e-01  4.45834289e-01
7.99516351e-01  6.43974082e-01  8.34887633e-01  9.23777666e-01  5.06343367e-01  8.40161757e-01
8.26020509e-01  4.53822171e-01  8.68046701e-01  9.24660929e-01  3.11572958e-01  8.79840238e-01
8.55718703e-01  7.62449624e-01  5.66819751e-01  9.60232978e-01  7.17112944e-01  5.56269862e-01
8.90956218e-01  5.43665191e-01  5.89207665e-01  9.61811007e-01  4.72770563e-01  6.03679628e-01
8.82426078e-01  7.76992138e-01  4.66690778e-01  9.77361358e-01  7.37033009e-01  4.41754759e-01
8.50648135e-01  7.73618937e-01  5.76785924e-01  9.57246758e-01  7.54561368e-01  5.66600406e-01
8.76176276e-01  6.97261499e-01  5.39973721e-01  9.69983555e-01  5.56527438e-01  5.32074399e-01
8.61458721e-01  7.84198751e-01  5.33208311e-01  9.62519794e-01  8.13724853e-01  5.18860837e-01
8.37675287e-01  3.33436337e-01  9.06633835e-01  9.23033475e-01  1.88399447e-01  9.19276859e-01
7.72055669e-01  8.37315274e-01  8.02314016e-01  9.28750185e-01  5.66163035e-01  7.93676931e-01
8.60995354e-01  3.53427119e-01  8.14757483e-01  9.35574589e-01  2.12508565e-01  8.33701177e-01
9.39085056e-01  2.60865318e-01  6.09679605e-01  9.64898504e-01  1.95348829e-01  6.49715454e-01
8.44355718e-01  6.47769354e-01  6.79861110e-01  9.50859646e-01  4.36116119e-01  6.82529277e-01
8.41615285e-01  2.54358582e-01  9.44897184e-01  9.19174355e-01  1.38824347e-01  9.56211039e-01
8.03238269e-01  4.03109456e-01  9.78643098e-01  9.10820507e-01  2.45598176e-01  9.84637814e-01
9.39287701e-01  3.45797270e-01  5.53553636e-01  9.70294961e-01  3.04943267e-01  5.88794413e-01
9.33893516e-01  2.81594811e-01  6.13552331e-01  9.63644643e-01  2.18579191e-01  6.51769568e-01
8.81120539e-01  5.88527368e-01  5.93777937e-01  9.61269298e-01  4.92608096e-01  6.02998661e-01
1.01302291e+00  2.63727244e-01  3.56463702e-01  1.00118772e+00  2.66640180e-01  3.99731521e-01
7.72200130e-01  6.75570211e-01  9.06840103e-01  9.13283536e-01  4.95135844e-01  9.09574197e-01
8.97845878e-01  5.60536398e-01  5.54859682e-01  9.66709179e-01  4.96223703e-01  5.66751094e-01
9.24343046e-01  3.17783271e-01  6.22487998e-01  9.63105299e-01  2.14340018e-01  6.56225899e-01
7.66179497e-01  6.34827124e-01  9.54040254e-01  9.10547322e-01  3.75090311e-01  9.55900334e-01
7.70384584e-01  6.17209661e-01  9.50899691e-01  9.08467581e-01  4.35285740e-01  9.54546815e-01
8.50144102e-01  6.20453077e-01  6.77939131e-01  9.47780225e-01  5.07580907e-01  6.85448660e-01
7.86816897e-01  4.73691688e-01  9.88581334e-01  9.07505233e-01  3.00122665e-01  9.93058278e-01
8.86542335e-01  5.13930920e-01  6.23500294e-01  9.58015975e-01  4.19696955e-01  6.40508876e-01
8.33745540e-01  5.28496692e-01  7.93328490e-01  9.33335292e-01  3.92294511e-01  8.05213564e-01
8.35728184e-01  6.64731192e-01  6.98442818e-01  9.46673848e-01  4.75327309e-01  7.00652798e-01
9.23924978e-01  4.08575922e-01  5.64962460e-01  9.70685846e-01  2.83551904e-01  5.91324457e-01
7.97982270e-01  6.42961745e-01  8.40456934e-01  9.22961089e-01  5.02834103e-01  8.45707776e-01
8.39765588e-01  4.71241232e-01  8.10060532e-01  9.34572386e-01  2.82868253e-01  8.23045216e-01
7.91763216e-01  5.56653605e-01  9.17616121e-01  9.14525068e-01  4.00333666e-01  9.23934442e-01
8.73907159e-01  7.37290261e-01  5.21690272e-01  9.66700385e-01  7.34093412e-01  5.11319853e-01
8.86892532e-01  7.88529659e-01  4.44331343e-01  9.74238137e-01  9.15810366e-01  4.20205798e-01
8.47655355e-01  4.55359130e-01  7.93876943e-01  9.36540128e-01  2.91732840e-01  8.08856953e-01
8.45831441e-01  7.40197769e-01  6.14840181e-01  9.53478146e-01  6.73267423e-01  6.09904313e-01
9.84919517e-01  3.85319305e-01  3.72950265e-01  9.99380680e-01  3.28324469e-01  3.96795236e-01
9.20119455e-01  6.16457168e-01  4.42922918e-01  9.83669611e-01  5.74377282e-01  4.39602360e-01
9.21093980e-01  2.71833125e-01  6.63352977e-01  9.57282496e-01  1.91679393e-01  6.98896912e-01
7.79196947e-01  5.64388791e-01  9.55270493e-01  9.11060909e-01  3.45171781e-01  9.59135255e-01
7.85506020e-01  6.95125354e-01  8.49255082e-01  9.22807851e-01  4.87925468e-01  8.50716743e-01
8.33847744e-01  3.56553136e-01  9.04621975e-01  9.21800269e-01  2.30749207e-01  9.17213162e-01
8.67410189e-01  2.51289794e-01  8.58991315e-01  9.31152020e-01  1.39798425e-01  8.78662484e-01
7.92300022e-01  4.83811079e-01  9.63090923e-01  9.09976651e-01  3.32354018e-01  9.69105760e-01
8.71670549e-01  2.20481558e-01  8.64526052e-01  9.29524131e-01  1.55186384e-01  8.85477691e-01
8.75035124e-01  3.96127701e-01  7.39059362e-01  9.45766723e-01  2.44584535e-01  7.60280093e-01
8.47602228e-01  8.08825895e-01  5.64569636e-01  9.63599645e-01  6.75183318e-01  5.45071166e-01
7.80362228e-01  7.07693204e-01  8.58265852e-01  9.22137231e-01  4.70320556e-01  8.58645661e-01
8.51187347e-01  2.82157245e-01  8.94339075e-01  9.24648391e-01  1.85473107e-01  9.10126958e-01
7.66967342e-01  6.23468227e-01  9.58442507e-01  9.10033074e-01  3.67150071e-01  9.60551138e-01
8.56334686e-01  1.99963677e-01  9.30227529e-01  9.21274645e-01  1.30532210e-01  9.44695924e-01
8.75283704e-01  7.57764413e-01  5.03425968e-01  9.67110460e-01  8.10938857e-01  4.90081960e-01
8.88469025e-01  3.13445732e-01  7.47121598e-01  9.44107871e-01  2.30876372e-01  7.74144270e-01
8.46933947e-01  2.79888261e-01  9.10257013e-01  9.22301998e-01  1.87339952e-01  9.24732914e-01
7.84723002e-01  5.57327580e-01  9.41385961e-01  9.13010162e-01  3.50161613e-01  9.45977567e-01
8.16293226e-01  5.78186172e-01  8.20332434e-01  9.28458863e-01  4.25527299e-01  8.28657119e-01
9.60264253e-01  2.87709594e-01  5.20335417e-01  9.76564795e-01  2.49405942e-01  5.62184616e-01
9.01874549e-01  5.20235056e-01  5.67642814e-01  9.69029062e-01  3.71513934e-01  5.81754022e-01
8.54728435e-01  8.74681813e-01  4.97615753e-01  9.70784682e-01  8.31417065e-01  4.62218148e-01
9.32973068e-01  4.15207133e-01  5.29933542e-01  9.75703542e-01  2.98157784e-01  5.55712563e-01
8.52161613e-01  5.05457044e-01  7.46047133e-01  9.40735945e-01  3.81035910e-01  7.60927110e-01
8.68014777e-01  7.33859268e-01  5.43926885e-01  9.69461415e-01  5.74903183e-01  5.31095938e-01
8.77473912e-01  2.82034402e-01  8.04853321e-01  9.36764433e-01  1.98643907e-01  8.28819971e-01
8.49081078e-01  2.57544950e-01  9.17175351e-01  9.21752336e-01  1.70872525e-01  9.31618503e-01
8.60085890e-01  1.97233896e-01  9.18962784e-01  9.22558409e-01  1.35199642e-01  9.34849005e-01
8.68974159e-01  4.88781634e-01  6.99485506e-01  9.50404311e-01  3.08841340e-01  7.15414853e-01
7.80951069e-01  5.47182816e-01  9.60485867e-01  9.11469829e-01  3.12475336e-01  9.64211595e-01
7.95702643e-01  4.23213633e-01  9.91181187e-01  9.08706684e-01  2.54782184e-01  9.96029798e-01
8.94666180e-01  4.40309533e-01  6.44009483e-01  9.55850189e-01  3.65496410e-01  6.67673112e-01
8.65963143e-01  2.12189676e-01  8.89292546e-01  9.26796815e-01  1.35045330e-01  9.07707873e-01
7.59095992e-01  7.25020630e-01  9.19234712e-01  9.12224912e-01  4.82404928e-01  9.19359762e-01
7.51222300e-01  6.76422184e-01  9.77529648e-01  9.04921779e-01  4.28960412e-01  9.78772633e-01
8.83305861e-01  3.75638891e-01  7.24276247e-01  9.48308604e-01  2.29045716e-01  7.47639984e-01
9.10158401e-01  6.67446528e-01  4.43643025e-01  9.82962317e-01  6.23972273e-01  4.32460916e-01
7.70176487e-01  6.35917826e-01  9.39756983e-01  9.10558157e-01  4.30678678e-01  9.42742530e-01
8.12340913e-01  4.03376440e-01  9.47555871e-01  9.15433413e-01  2.43598153e-01  9.55529659e-01
7.67583089e-01  5.99418826e-01  9.71965469e-01  9.05144344e-01  4.35569862e-01  9.75789310e-01
8.92663458e-01  2.53344173e-01  7.71899871e-01  9.42613297e-01  1.62397141e-01  7.99850708e-01
9.39523038e-01  3.29105661e-01  5.63888859e-01  9.70067981e-01  2.66321896e-01  5.99859024e-01
7.91380104e-01  5.64757298e-01  9.13655485e-01  9.15043737e-01  4.03763848e-01  9.19800998e-01
9.22692225e-01  6.19021926e-01  4.32521862e-01  9.85468018e-01  5.76921059e-01  4.27472329e-01
8.64285171e-01  7.01473479e-01  5.77318638e-01  9.59164137e-01  6.65811114e-01  5.75201666e-01
7.73083311e-01  6.81864667e-01  8.99755410e-01  9.17369792e-01  4.21153374e-01  9.00791526e-01
8.97709354e-01  5.77707500e-01  5.44175159e-01  9.66818597e-01  5.44707961e-01  5.54634410e-01
7.61623014e-01  6.66675078e-01  9.48536207e-01  9.07864976e-01  4.67128512e-01  9.50913424e-01
8.11974414e-01  7.56622515e-01  7.19145960e-01  9.38777285e-01  6.22980005e-01  7.16005579e-01
8.98524308e-01  5.27278413e-01  5.74445469e-01  9.63676451e-01  4.78218067e-01  5.90952165e-01
9.62979209e-01  4.66101415e-01  3.95301741e-01  9.92649331e-01  4.54516107e-01  4.10761662e-01
8.95900948e-01  5.55797129e-01  5.64541171e-01  9.67583353e-01  4.34947830e-01  5.75572728e-01
9.24700759e-01  2.40342682e-01  6.71550022e-01  9.55805892e-01  1.87421870e-01  7.09367313e-01
9.41321930e-01  2.62198550e-01  6.00920718e-01  9.65440770e-01  2.12155295e-01  6.41765320e-01
8.62013140e-01  5.80812816e-01  6.63669343e-01  9.51974507e-01  4.45159898e-01  6.73767740e-01
8.29368857e-01  9.13609159e-01  5.58157102e-01  9.60775148e-01  8.33061058e-01  5.25494793e-01
8.47796264e-01  4.40948202e-01  8.02754296e-01  9.33901102e-01  3.20817231e-01  8.18930821e-01
8.72431704e-01  5.86015734e-01  6.24615781e-01  9.58570427e-01  4.35129778e-01  6.33320212e-01
7.89553986e-01  6.10877875e-01  8.89910833e-01  9.17068923e-01  4.52554873e-01  8.95327321e-01
8.34195312e-01  7.96496837e-01  6.17802003e-01  9.55464895e-01  6.42702171e-01  6.04361680e-01
