4.92813600e-01  5.07333637e-01  4.94439284e-01
4.97559367e-01  5.04674243e-01  5.07608795e-01
4.96862479e-01  5.10919593e-01  4.88165004e-01
5.12567606e-01  5.06184000e-01  5.05066499e-01
7.19720864e-01  4.32494274e-01  5.71682442e-01
4.94789384e-01  5.20155717e-01  5.02944859e-01
5.10055052e-01  5.12874834e-01  5.04153226e-01
5.05723218e-01  5.10085802e-01  5.01029502e-01
4.90555629e-01  5.15750524e-01  4.99789693e-01
5.03691060e-01  5.19349132e-01  4.94935446e-01
5.05843125e-01  5.19284825e-01  4.96887934e-01
4.93825383e-01  5.13481522e-01  4.96159531e-01
4.92857892e-01  5.18302411e-01  5.05046956e-01
5.06552026e-01  5.11380852e-01  5.00573086e-01
5.13191212e-01  5.00320752e-01  5.06281543e-01
5.04739910e-01  5.01865152e-01  5.10321975e-01
4.93972413e-01  4.99334522e-01  5.03272402e-01
5.03926146e-01  5.01970034e-01  5.00908881e-01
5.11773940e-01  5.01878983e-01  4.98791844e-01
5.01841696e-01  5.18100826e-01  4.92946627e-01
5.00642868e-01  5.07009253e-01  5.05331896e-01
5.07638768e-01  5.09943095e-01  5.05526211e-01
5.13441544e-01  5.08658826e-01  4.94761154e-01
5.05909929e-01  5.08185422e-01  4.99402334e-01
5.04210063e-01  5.03244342e-01  5.05098158e-01
4.90879145e-01  5.14953003e-01  5.11165882e-01
4.99918659e-01  5.11729994e-01  5.10635694e-01
4.99143916e-01  4.99075379e-01  5.01217629e-01
5.14765563e-01  5.21147286e-01  4.93975269e-01
5.11220386e-01  5.13139904e-01  4.98111703e-01
4.97910264e-01  5.08046102e-01  5.08584521e-01
5.07913211e-01  5.00794665e-01  5.08871761e-01
5.00027815e-01  5.07719229e-01  5.06896127e-01
5.04703891e-01  4.98994546e-01  4.92625694e-01
5.04595489e-01  5.06111021e-01  4.93991099e-01
4.93527785e-01  5.05704627e-01  5.03262091e-01
5.08492857e-01  5.20770574e-01  5.09155222e-01
4.90977165e-01  5.12795436e-01  5.09414414e-01
4.99966185e-01  5.19402725e-01  5.05945545e-01
8.53923926e-01  9.96677866e-01  4.38231608e-01
5.09517828e-01  4.99763922e-01  4.95008853e-01
4.96531176e-01  4.98035268e-01  4.89692979e-01
5.00988969e-01  5.02871451e-01  4.88372234e-01
5.13009520e-01  5.16600423e-01  4.94902714e-01
5.12953695e-01  5.19113321e-01  4.93329176e-01
4.95663048e-01  5.02390733e-01  5.07640943e-01
5.00597945e-01  4.96569143e-01  4.90693948e-01
5.00494552e-01  5.19267237e-01  5.02675908e-01
5.09240628e-01  5.17867950e-01  5.02235341e-01
5.01306391e-01  5.14921925e-01  5.06098957e-01
7.55605988e-01  3.00629109e-01  9.32607658e-01
5.03874438e-01  5.08919217e-01  5.01348870e-01
5.05250260e-01  5.20498508e-01  5.12778120e-01
5.13144536e-01  5.01731331e-01  4.99737781e-01
5.07282967e-01  5.21564716e-01  5.05341486e-01
4.98487107e-01  5.12063179e-01  4.92089823e-01
5.07283773e-01  5.11901352e-01  4.91203809e-01
4.91010352e-01  5.20828017e-01  4.88839597e-01
4.97534568e-01  5.03907322e-01  4.99566468e-01
5.07631836e-01  5.07759167e-01  5.06580632e-01
4.93596714e-01  5.20920833e-01  4.97125294e-01
4.89872233e-01  5.06698579e-01  4.97759597e-01
4.97072968e-01  5.05241565e-01  5.06329076e-01
4.93470259e-01  5.06744695e-01  5.04980028e-01
5.14470614e-01  5.11890502e-01  5.04820861e-01
5.11512577e-01  5.11914601e-01  4.96495833e-01
5.08119105e-01  5.10790081e-01  4.88748122e-01
5.13156143e-01  5.10933425e-01  5.10771300e-01
4.91313317e-01  5.00452153e-01  5.03635959e-01
5.09265612e-01  5.03700754e-01  5.11311256e-01
5.09710035e-01  5.10401348e-01  4.93278965e-01
5.09062519e-01  5.17966597e-01  5.12886683e-01
4.98304992e-01  5.08596734e-01  5.01634745e-01
4.91449001e-01  5.00204014e-01  4.88834220e-01
4.92014300e-01  5.13490051e-01  5.13332913e-01
4.94008424e-01  5.08492444e-01  4.90459680e-01
5.09770080e-01  5.04231479e-01  5.12094324e-01
5.12456957e-01  5.14712806e-01  4.93116345e-01
4.94249840e-01  4.99674292e-01  4.98539816e-01
5.03815749e-01  5.16190331e-01  5.05217070e-01
5.04134437e-01  5.18719641e-01  5.12570579e-01
4.96336850e-01  5.17516421e-01  4.99573009e-01
5.07136314e-01  4.99130917e-01  4.98106358e-01
4.95980346e-01  5.18597852e-01  5.09501181e-01
5.08942067e-01  5.18019329e-01  5.08161657e-01
4.98252967e-01  5.05131041e-01  4.98770191e-01
3.73764781e-01  8.32095873e-01  8.89933039e-01
5.11624061e-01  5.12203333e-01  5.12531020e-01
5.06038603e-01  4.97495112e-01  4.93717628e-01
4.96187429e-01  5.06362581e-01  4.90288483e-01
4.93808320e-01  5.19553879e-01  5.00814108e-01
5.13773279e-01  5.14209841e-01  4.91637018e-01
5.11376385e-01  5.03851352e-01  5.06026845e-01
5.07767723e-01  5.13949824e-01  4.91880512e-01
4.89430809e-01  9.81121526e-01  6.00620632e-01
6.41240267e-01  7.32466083e-01  5.39018818e-01
4.91968868e-01  5.05766686e-01  4.97134197e-01
5.03281634e-01  5.01205541e-01  5.01074906e-01
4.92057478e-01  5.21139937e-01  5.12522368e-01
4.93718082e-01  4.96700378e-01  4.88415595e-01
4.95059652e-01  5.08551337e-01  5.07919819e-01
4.97177848e-01  5.08135852e-01  5.01116655e-01
4.96978254e-01  5.13953212e-01  4.90145602e-01
5.04469634e-01  5.06985905e-01  5.12780421e-01
5.00126253e-01  5.01353093e-01  4.89729988e-01
5.03225563e-01  5.10174681e-01  4.90304560e-01
5.06591528e-01  5.05388385e-01  5.12658661e-01
5.08916102e-01  5.01780644e-01  4.99680394e-01
5.14536248e-01  5.22048023e-01  5.04717444e-01
4.89850968e-01  5.16974533e-01  4.91896169e-01
5.09710732e-01  5.19414439e-01  4.97427570e-01
4.92503395e-01  5.04042865e-01  5.05162998e-01
5.14386982e-01  5.00565369e-01  5.03098793e-01
5.11878513e-01  5.03302247e-01  5.02816343e-01
5.03266010e-01  5.12413235e-01  5.11095743e-01
4.99332301e-01  5.11613708e-01  4.92893281e-01
5.00365482e-01  5.13951785e-01  5.05727281e-01
4.99826777e-01  5.03630095e-01  4.90770752e-01
5.00739196e-01  4.99468302e-01  5.07728027e-01
5.07684146e-01  5.20634203e-01  5.03390673e-01
5.01946234e-01  4.98913428e-01  5.07685899e-01
4.94653341e-01  4.98993821e-01  5.03138131e-01
4.18600685e-01  7.68014793e-01  2.93444540e-01
4.91385779e-01  4.97038005e-01  5.05206508e-01
5.05978040e-01  5.04557887e-01  4.96231198e-01
5.06387167e-01  5.00964660e-01  5.07649213e-01
4.98456235e-01  5.08942576e-01  4.90601668e-01
5.10836768e-01  4.99980458e-01  4.95965010e-01
5.07656314e-01  5.14010665e-01  5.10654643e-01
5.05167267e-01  5.17556291e-01  4.91882687e-01
5.06030336e-01  5.12745761e-01  4.88097113e-01
4.96584817e-01  5.16748202e-01  4.94509633e-01
5.07313258e-01  5.11892814e-01  5.02058767e-01
5.09470958e-01  5.21378657e-01  5.00874640e-01
5.07010055e-01  4.97437205e-01  4.95181579e-01
5.01018712e-01  5.13541791e-01  5.04112329e-01
5.07512081e-01  4.96951673e-01  4.93711100e-01
7.64025705e-01  7.48562072e-01  8.89441482e-01
5.06555918e-01  5.17539569e-01  4.94453599e-01
5.02674854e-01  5.00917343e-01  5.03244184e-01
4.98754069e-01  5.21075706e-01  5.13160106e-01
4.94692190e-01  5.17084346e-01  5.04185877e-01
4.93971241e-01  5.05640932e-01  5.08107871e-01
4.90237792e-01  5.11556020e-01  5.06365174e-01
7.00784573e-01  9.79745219e-01  9.95277044e-01
5.10475981e-01  5.07851127e-01  5.07574619e-01
4.92109213e-01  5.08120661e-01  5.01684062e-01
5.14008086e-01  5.11173217e-01  5.11909343e-01
4.99851891e-01  5.01168484e-01  5.10169719e-01
5.09229187e-01  5.10790167e-01  4.97817813e-01
4.99387937e-01  5.12786569e-01  5.06176140e-01
5.13058052e-01  4.98270919e-01  4.98065279e-01
5.04435220e-01  5.15052991e-01  5.08378541e-01
5.01759667e-01  5.16984757e-01  4.93725839e-01
5.03005315e-01  5.07096825e-01  4.99036259e-01
5.06829287e-01  5.09298639e-01  5.03142900e-01
5.02206133e-01  5.11378164e-01  5.03386380e-01
4.98530161e-01  5.00604805e-01  5.03379453e-01
5.07402161e-01  5.02099572e-01  5.11104476e-01
4.98347267e-01  5.08590395e-01  4.88468183e-01
5.07628720e-01  5.14539561e-01  4.94680059e-01
5.09665126e-01  5.13502631e-01  5.03090573e-01
4.95289907e-01  5.03986121e-01  5.02133216e-01
5.09354677e-01  5.15658634e-01  5.01829765e-01
8.20404307e-01  5.12179806e-01  2.51841341e-01
5.06326938e-01  4.98521404e-01  4.94875655e-01
5.10217399e-01  5.09322626e-01  5.11198460e-01
4.96584704e-01  5.03627585e-01  4.90361346e-01
5.04817418e-01  5.06603468e-01  5.02998210e-01
5.11360274e-01  5.02313877e-01  4.91159548e-01
4.97655144e-01  4.99496484e-01  5.00053075e-01
5.03107635e-01  5.11457088e-01  5.02298186e-01
5.14209031e-01  5.21946418e-01  4.96811181e-01
7.25241721e-01  6.69291957e-01  2.50779692e-01
4.91552264e-01  5.02109110e-01  4.96470141e-01
5.08359910e-01  4.97081974e-01  5.12733211e-01
5.04338642e-01  5.13227075e-01  4.94518975e-01
5.10775665e-01  5.08457516e-01  4.91354913e-01
4.99512175e-01  5.07998659e-01  4.93184855e-01
4.95928463e-01  5.15265231e-01  4.88452225e-01
4.92408049e-01  5.05759296e-01  5.10736140e-01
5.11482054e-01  5.04947281e-01  4.97421448e-01
4.98707345e-01  5.09699940e-01  5.07246792e-01
4.91112929e-01  5.12095922e-01  5.03168668e-01
5.02777779e-01  5.19649282e-01  4.97199336e-01
5.13060175e-01  5.11177066e-01  5.06293051e-01
4.90501153e-01  5.04851990e-01  5.08936497e-01
5.14763101e-01  4.99618745e-01  5.08451734e-01
4.90829018e-01  4.98999886e-01  5.04927976e-01
5.05681733e-01  4.96822552e-01  5.13213002e-01
5.05074610e-01  5.06647094e-01  5.08871528e-01
5.02373679e-01  4.98703196e-01  5.00969382e-01
5.05723358e-01  5.09746329e-01  5.04927909e-01
4.95052238e-01  5.01805111e-01  5.00057577e-01
5.07998159e-01  5.13595995e-01  4.94804529e-01
5.12297226e-01  5.12790995e-01  5.08787810e-01
5.10650690e-01  5.11217402e-01  5.04138223e-01
4.93915494e-01  5.18894393e-01  4.98605104e-01
4.93334608e-01  5.08018578e-01  5.07167719e-01
5.13141027e-01  5.14893618e-01  4.93918034e-01
4.93653443e-01  5.13271669e-01  5.03246119e-01
5.04177994e-01  4.99247253e-01  5.05790325e-01
4.90735150e-01  4.96642541e-01  4.89531580e-01
5.10729939e-01  5.19577576e-01  5.11400866e-01
4.89848774e-01  4.99778358e-01  4.89563243e-01
5.11462512e-01  5.00005943e-01  4.96504070e-01
5.12076077e-01  4.98744225e-01  4.95376052e-01
4.96475917e-01  5.02054635e-01  5.00861734e-01
5.08037813e-01  5.02985121e-01  4.88330709e-01
4.90474750e-01  4.99968884e-01  5.08055558e-01
5.14840901e-01  4.97713974e-01  5.09896911e-01
4.94271099e-01  5.21481928e-01  4.93848186e-01
5.12902948e-01  5.06145903e-01  5.06375099e-01
5.01719655e-01  5.17983280e-01  5.01606381e-01
5.03259433e-01  4.97873019e-01  5.09641869e-01
5.00339178e-01  4.97625090e-01  5.05363509e-01
5.03929068e-01  5.01926021e-01  5.09928808e-01
4.96238184e-01  5.12760515e-01  5.01725485e-01
4.97587162e-01  4.99026141e-01  4.92557629e-01
4.89855764e-01  5.20858828e-01  4.92316957e-01
5.01325074e-01  5.19547098e-01  4.94149808e-01
4.98027354e-01  5.15199245e-01  5.11082520e-01
5.12205806e-01  5.15635070e-01  5.12916034e-01
4.91739601e-01  4.98711372e-01  4.92076383e-01
5.02315692e-01  5.08668940e-01  5.04193557e-01
5.04059244e-01  5.02164241e-01  5.05215252e-01
4.90625648e-01  4.97174919e-01  5.05916925e-01
4.95954109e-01  5.08756872e-01  4.94966753e-01
4.99089109e-01  5.12132928e-01  5.01228995e-01
5.08963610e-01  4.99211374e-01  5.02727451e-01
4.89836347e-01  5.11600593e-01  4.89113897e-01
4.93532438e-01  4.98059238e-01  5.10764769e-01
5.02719359e-01  4.99922401e-01  4.99115447e-01
5.04115429e-01  4.98693614e-01  5.06120351e-01
5.11842313e-01  5.01715411e-01  4.88308681e-01
5.04391739e-01  5.11044124e-01  4.93261054e-01
5.02398808e-01  5.21549706e-01  5.13143792e-01
5.13743407e-01  5.41680940e-01  9.81205233e-01
5.12783279e-01  5.02482166e-01  4.90399393e-01
4.96400163e-01  5.04164100e-01  4.97830747e-01
5.00767455e-01  5.12775998e-01  4.91798166e-01
5.14829105e-01  5.19746611e-01  5.12682751e-01
4.90935079e-01  5.18066835e-01  4.99036972e-01
5.03178919e-01  5.14472564e-01  4.97521350e-01
4.95508344e-01  4.99864163e-01  4.94046516e-01
5.09602473e-01  5.12790444e-01  4.94016625e-01
5.13076661e-01  5.08829302e-01  5.05169841e-01
5.12246700e-01  5.09543726e-01  5.09158517e-01
5.10241620e-01  4.99096476e-01  5.01740984e-01
7.37803527e-01  4.32213272e-01  2.98227854e-01
5.04716671e-01  5.04913276e-01  4.89094896e-01
4.92894991e-01  5.06596286e-01  5.05515588e-01
5.04775202e-01  5.21135954e-01  5.09658918e-01
4.90693404e-01  5.12966194e-01  4.89992939e-01
5.02433719e-01  4.99539814e-01  4.99780281e-01
5.14353996e-01  5.14371946e-01  4.93524644e-01
4.94978660e-01  5.03174662e-01  5.07266689e-01
4.92286909e-01  5.11556426e-01  5.10909719e-01
4.91215391e-01  5.07467135e-01  5.02187382e-01
4.90029453e-01  5.14050283e-01  4.96560406e-01
3.98550196e-01  8.30408305e-01  4.85518725e-01
5.13046120e-01  5.12892925e-01  4.95063590e-01
4.93030820e-01  4.98217679e-01  4.92435961e-01
4.99265435e-01  5.03036548e-01  5.11098394e-01
4.99346915e-01  5.18243720e-01  5.08017994e-01
5.03381657e-01  5.00804253e-01  5.04394969e-01
4.91074963e-01  5.21279993e-01  5.13136077e-01
5.00510282e-01  5.15953784e-01  5.05993917e-01
5.06277198e-01  5.15068903e-01  4.93114962e-01
4.92048059e-01  5.19624608e-01  5.08812679e-01
5.14728581e-01  4.96991611e-01  5.10549057e-01
5.00581456e-01  5.17287632e-01  5.12689232e-01
5.02622080e-01  5.14417404e-01  5.04466429e-01
4.93683921e-01  5.07060216e-01  5.08458246e-01
5.09893776e-01  5.08625408e-01  4.98664278e-01
4.94929609e-01  5.00611469e-01  5.05878275e-01
8.64471856e-01  4.19605727e-01  8.41576344e-01
4.93593292e-01  5.09224000e-01  5.09033881e-01
5.02776248e-01  5.21087150e-01  5.10361797e-01
4.99630189e-01  5.07275709e-01  5.08371591e-01
5.09237553e-01  5.03265825e-01  4.96012599e-01
5.03393530e-01  5.01581651e-01  5.06665978e-01
5.01416349e-01  4.99924067e-01  4.98237044e-01
4.96073229e-01  5.16117759e-01  4.97881390e-01
5.81379326e-01  4.42910324e-01  4.52965068e-01
4.91705256e-01  5.13115093e-01  5.04548624e-01
5.01992020e-01  5.04347273e-01  4.94391526e-01
4.96222678e-01  4.99327129e-01  5.06219324e-01
5.00753905e-01  5.17434537e-01  5.10737543e-01
5.05428676e-01  5.13696185e-01  4.90181604e-01
5.13676890e-01  5.05682686e-01  5.02541772e-01
4.94038691e-01  5.12330332e-01  4.94993649e-01
4.94825760e-01  5.11407799e-01  4.95154800e-01
5.13690984e-01  5.03806904e-01  4.96483513e-01
4.94252976e-01  5.11046548e-01  4.89156059e-01
4.96905483e-01  4.97363017e-01  5.06164877e-01
5.08233109e-01  5.03237585e-01  5.12270274e-01
9.38337766e-01  2.80759135e-01  8.19156136e-01
5.10172583e-01  5.17414406e-01  5.05081927e-01
4.97493914e-01  5.02372953e-01  4.98546460e-01
4.89858018e-01  5.18490113e-01  4.99896398e-01
4.94358778e-01  4.98969537e-01  4.92777403e-01
5.00987990e-01  5.02769359e-01  4.95959501e-01
5.04375156e-01  4.97716507e-01  5.01160595e-01
4.95066278e-01  5.05901941e-01  4.89285067e-01
4.91789382e-01  5.12237187e-01  5.11929655e-01
5.08744287e-01  5.00229491e-01  4.91150518e-01
4.91001276e-01  5.03473671e-01  4.88706301e-01
5.08822787e-01  5.21740700e-01  5.08928621e-01
5.14773569e-01  5.21328951e-01  4.96852114e-01
5.00854197e-01  4.97726467e-01  5.01946839e-01
5.07148482e-01  5.05684930e-01  5.01690262e-01
5.09018007e-01  5.18394114e-01  5.12247412e-01
4.98797322e-01  4.98870900e-01  5.09910352e-01
4.90661929e-01  4.98806914e-01  4.88552681e-01
5.00070202e-01  4.98023225e-01  4.97005970e-01
4.97976514e-01  4.98447925e-01  5.01130515e-01
4.96829937e-01  5.09023116e-01  5.00456428e-01
5.06622344e-01  5.00681476e-01  4.89402720e-01
4.93007655e-01  4.99364233e-01  5.07934607e-01
4.94850307e-01  4.99195785e-01  5.05441263e-01
4.94406679e-01  4.99010385e-01  5.00200992e-01
5.00189880e-01  4.97719150e-01  4.92073602e-01
5.03188262e-01  5.07342546e-01  5.04398107e-01
4.93684024e-01  5.03325504e-01  4.94914164e-01
5.09745520e-01  5.21030500e-01  4.94388460e-01
5.04063226e-01  5.04010865e-01  4.89732567e-01
5.08513405e-01  5.19499231e-01  4.97232231e-01
5.08571233e-01  5.13428007e-01  5.13344010e-01
4.98252156e-01  5.00483552e-01  5.11328566e-01
5.08685569e-01  4.97561584e-01  4.95919174e-01
5.04731317e-01  4.97930274e-01  4.94137143e-01
5.10840337e-01  4.98567042e-01  5.03428743e-01
4.91723555e-01  5.01116912e-01  4.98919958e-01
4.92427430e-01  5.02998199e-01  5.00895802e-01
5.11988991e-01  5.16842505e-01  4.95223894e-01
5.10212038e-01  5.11454495e-01  4.88921770e-01
5.10324387e-01  4.97095103e-01  4.92907457e-01
4.93452282e-01  5.12619472e-01  4.95775559e-01
5.07989400e-01  5.11735404e-01  5.12738187e-01
9.65052388e-01  8.28842092e-01  3.89639127e-01
5.05749372e-01  5.21864713e-01  5.10850793e-01
8.92644552e-01  5.96751106e-01  7.72474623e-01
3.99213707e-01  7.44610368e-01  4.29936931e-01
4.95018593e-01  5.21612283e-01  5.01764581e-01
5.07714475e-01  5.11354988e-01  4.96118870e-01
4.94327525e-01  5.16697295e-01  5.12460204e-01
4.94043607e-01  5.22079304e-01  5.12137676e-01
4.93481125e-01  5.09526021e-01  5.07104991e-01
5.05129950e-01  5.20781872e-01  5.07319440e-01
5.13900354e-01  4.99149059e-01  5.06984415e-01
5.14482779e-01  5.01761850e-01  4.90343560e-01
4.93477463e-01  5.06530123e-01  4.88233344e-01
5.07055528e-01  4.97882781e-01  4.89691625e-01
5.09202074e-01  5.10540360e-01  4.94151129e-01
5.04143540e-01  5.20214233e-01  5.00111498e-01
5.13577159e-01  5.03696520e-01  4.94786133e-01
5.11604103e-01  5.09737874e-01  4.95453105e-01
4.94036708e-01  5.20564723e-01  4.97956602e-01
5.14260206e-01  5.09942222e-01  4.90751712e-01
4.99321015e-01  4.97444054e-01  5.08580077e-01
7.09399974e-01  2.63123094e-01  9.62123446e-01
8.11609117e-01  3.89172388e-01  3.84375290e-01
4.99777657e-01  5.13030396e-01  5.03140116e-01
5.09770673e-01  5.15303652e-01  4.99685695e-01
4.90779093e-01  5.12287040e-01  4.92820766e-01
5.13549318e-01  5.02377950e-01  4.88867458e-01
4.95323919e-01  5.21018135e-01  5.07430638e-01
4.90572438e-01  5.02332403e-01  5.02977410e-01
5.07138807e-01  5.13170073e-01  4.96313866e-01
5.00970831e-01  5.10682892e-01  5.08256400e-01
5.13191189e-01  5.05864478e-01  5.05242762e-01
4.95226271e-01  5.05904195e-01  5.01207706e-01
4.93684777e-01  5.15039203e-01  5.12440072e-01
3.16257279e-01  3.53341329e-01  4.95675931e-01
4.92853669e-01  5.13829973e-01  5.03515999e-01
5.30009622e-01  2.52180969e-01  9.82456894e-01
5.07779861e-01  5.05863140e-01  5.03886176e-01
4.94316661e-01  5.21117159e-01  4.96514098e-01
5.07045850e-01  5.04450179e-01  4.92382625e-01
5.09726823e-01  5.13900530e-01  4.96746604e-01
4.99829568e-01  5.04189153e-01  4.99826116e-01
4.96480228e-01  5.12399872e-01  4.96362796e-01
4.98076342e-01  5.07513104e-01  5.03764797e-01
5.05549735e-01  5.07359638e-01  4.94744481e-01
4.95973790e-01  5.17959991e-01  5.01528200e-01
5.01715485e-01  5.20410795e-01  5.02405370e-01
4.90295273e-01  5.07726391e-01  5.05695142e-01
5.02765768e-01  4.96892201e-01  4.92339011e-01
5.11798692e-01  5.04090023e-01  4.92216594e-01
5.04627537e-01  5.02943241e-01  5.00548332e-01
4.90148766e-01  5.17216864e-01  4.88480735e-01
5.08459644e-01  5.16668530e-01  5.01135709e-01
5.10475305e-01  5.13395370e-01  4.92113023e-01
5.11020499e-01  4.97603439e-01  4.96112875e-01
5.06131299e-01  5.19924376e-01  4.97750089e-01
5.06562933e-01  5.01087861e-01  5.12321681e-01
5.12882834e-01  5.14761287e-01  5.07590947e-01
5.05326665e-01  5.01973935e-01  5.09956168e-01
5.07960482e-01  5.16398846e-01  5.09343561e-01
4.90244402e-01  5.13568405e-01  5.07270282e-01
5.04124719e-01  5.11834760e-01  5.08855199e-01
5.00529672e-01  5.06475371e-01  4.89799708e-01
5.06732597e-01  5.03697362e-01  5.08307141e-01
4.95772660e-01  5.16688634e-01  5.07449419e-01
4.91776239e-01  5.02692982e-01  5.05805330e-01
4.90962310e-01  5.21287388e-01  4.95349699e-01
5.06146267e-01  5.08477647e-01  5.05326229e-01
4.89849224e-01  5.10970227e-01  5.07820439e-01
5.09775968e-01  5.01889064e-01  4.94078883e-01
5.11192904e-01  5.16724586e-01  4.94542737e-01
4.93864309e-01  4.97913806e-01  4.91983743e-01
5.12886295e-01  5.18686411e-01  5.08351189e-01
5.03371823e-01  5.12937302e-01  4.97970016e-01
8.28496817e-01  6.92787352e-01  7.19248527e-01
5.01645688e-01  4.97361393e-01  4.95016113e-01
5.06552952e-01  5.07734981e-01  4.94928317e-01
5.09848508e-01  5.00595593e-01  4.94472137e-01
5.13603630e-01  5.20798431e-01  4.95744113e-01
5.14383449e-01  5.00179974e-01  4.89394151e-01
4.93892091e-01  5.07482039e-01  5.07209081e-01
4.99821734e-01  5.21939576e-01  4.93496959e-01
4.93792011e-01  5.19169551e-01  5.10532169e-01
5.07396927e-01  4.96515579e-01  4.92382935e-01
5.07755551e-01  5.09691023e-01  5.08942535e-01
5.05282535e-01  5.14390492e-01  4.94329342e-01
4.89884140e-01  5.18592373e-01  5.08567472e-01
5.02945464e-01  4.97565678e-01  4.98803753e-01
5.12554448e-01  5.01931308e-01  4.90526791e-01
5.03528445e-01  4.98374672e-01  4.90041548e-01
5.14240733e-01  5.19247032e-01  5.01120887e-01
5.09572010e-01  5.14935125e-01  5.03907449e-01
5.07251702e-01  5.16051064e-01  4.93458182e-01
5.14203326e-01  5.05943654e-01  4.99467675e-01
4.94377011e-01  5.10528711e-01  4.89744296e-01
4.92170511e-01  5.02143402e-01  5.05637871e-01
4.97741469e-01  5.17501096e-01  4.99081701e-01
5.07562171e-01  5.21556370e-01  5.02907871e-01
4.97557329e-01  5.14846407e-01  5.04330301e-01
5.11608296e-01  5.12761610e-01  5.01258424e-01
5.14256228e-01  4.97165343e-01  4.90180249e-01
5.02041628e-01  5.07563760e-01  5.05039489e-01
4.91823272e-01  5.12452457e-01  4.95254971e-01
4.71974889e-01  7.16754120e-01  8.45573296e-01
5.14933000e-01  5.17834547e-01  4.95581692e-01
4.93615299e-01  5.09445230e-01  5.00426336e-01
4.98455315e-01  5.06385408e-01  4.98841411e-01
4.93133287e-01  5.06173401e-01  4.98509131e-01
4.90602972e-01  5.08281017e-01  4.92610805e-01
5.01633874e-01  5.04226024e-01  5.12340541e-01
5.14975092e-01  5.00582844e-01  5.10540956e-01
4.99243379e-01  5.02775343e-01  5.06226806e-01
5.12726294e-01  5.06426123e-01  4.96355326e-01
4.96643527e-01  5.10499760e-01  5.06035946e-01
4.91490289e-01  5.19623043e-01  4.98493404e-01
4.95113447e-01  5.11190189e-01  4.97668630e-01
5.04031037e-01  5.13445174e-01  5.01510942e-01
5.04387740e-01  5.17721769e-01  4.90868271e-01
5.03709184e-01  5.11670649e-01  4.93667748e-01
5.14904557e-01  5.03549099e-01  4.88995306e-01
5.11026399e-01  5.16505859e-01  5.07127487e-01
5.11256894e-01  5.00578541e-01  5.02024068e-01
5.03754578e-01  5.17601859e-01  4.92874624e-01
4.97510988e-01  5.13168349e-01  5.04877229e-01
5.13145753e-01  4.97146949e-01  4.88127793e-01
4.94409303e-01  4.97576542e-01  4.89080710e-01
4.91287895e-01  5.13967112e-01  4.94523931e-01
5.04125618e-01  5.20527984e-01  4.90022545e-01
4.92794337e-01  5.19282529e-01  5.05287576e-01
4.91107435e-01  5.01743814e-01  4.97723455e-01
5.13941040e-01  5.10559930e-01  4.91799046e-01
4.94116969e-01  5.04392302e-01  5.02296810e-01
5.00688439e-01  5.00676061e-01  5.03899173e-01
5.06609722e-01  5.09349125e-01  4.92302926e-01
5.14040977e-01  5.01177754e-01  5.08818561e-01
4.91057837e-01  5.00541173e-01  4.95366044e-01
5.01461170e-01  5.14826972e-01  5.09833890e-01
5.13491295e-01  5.19641602e-01  5.04251629e-01
4.97686603e-01  5.19683561e-01  5.05816593e-01
5.08016021e-01  5.01586587e-01  4.96868700e-01
5.02782480e-01  5.07439150e-01  4.97643084e-01
4.90450694e-01  5.20625524e-01  4.97177963e-01
5.02427802e-01  5.02596601e-01  5.04308836e-01
5.06011179e-01  5.00102107e-01  4.90680706e-01
5.02560099e-01  5.07146041e-01  4.94298076e-01
5.01122489e-01  5.15933399e-01  4.92056583e-01
5.12083223e-01  5.04834093e-01  5.06109646e-01
5.04956940e-01  5.20040537e-01  4.92000038e-01
7.85937846e-01  4.75707525e-01  2.57202221e-01
4.99588474e-01  5.07251776e-01  5.09232287e-01
5.01614377e-01  5.05627393e-01  4.90278441e-01
4.91115295e-01  5.02677511e-01  4.92842667e-01
4.89875595e-01  5.10802887e-01  5.03588724e-01
5.13239917e-01  5.04092139e-01  4.94876913e-01
2.52963134e-01  9.97810094e-01  7.85549457e-01
5.13021293e-01  5.12468415e-01  4.88310163e-01
4.99810515e-01  4.99579027e-01  4.99392855e-01
5.13221195e-01  5.18832686e-01  5.03694892e-01
5.10307107e-01  5.01635804e-01  5.11898181e-01
5.75514895e-01  4.61096520e-01  9.68861495e-01
5.13441149e-01  5.16186518e-01  5.07137992e-01
5.12836549e-01  5.16859912e-01  5.05118197e-01
5.03537749e-01  5.05537435e-01  4.92831620e-01
2.85174420e-01  2.60623548e-01  7.61541373e-01
4.91308583e-01  5.01285596e-01  4.89738869e-01
4.97547766e-01  5.08855683e-01  4.95952507e-01
4.89852853e-01  5.01034376e-01  4.96790438e-01
4.99152617e-01  5.06441477e-01  5.04131884e-01
4.93847819e-01  5.08400364e-01  5.03597872e-01
4.92560386e-01  5.19923321e-01  4.88248116e-01
5.03555583e-01  4.99859341e-01  4.90950974e-01
4.98633670e-01  5.15664665e-01  4.89753751e-01
5.08982508e-01  5.02756027e-01  5.02264030e-01
4.97635947e-01  5.08192957e-01  4.90058428e-01
5.03379788e-01  5.07444749e-01  5.10425283e-01
4.91009280e-01  5.06363885e-01  4.98837432e-01
5.06073888e-01  5.17751373e-01  4.90471082e-01
4.68910636e-01  7.61248708e-01  6.30626985e-01
5.03591650e-01  5.02251199e-01  5.03405912e-01
4.99272728e-01  5.15376555e-01  5.05114719e-01
5.08592768e-01  5.07298638e-01  4.89512746e-01
4.91326382e-01  5.09233372e-01  5.00740969e-01
5.10779777e-01  5.07245658e-01  4.94653482e-01
5.12321795e-01  5.17768214e-01  5.01680172e-01
5.03205555e-01  5.19859429e-01  5.03097441e-01
5.14334206e-01  5.20466705e-01  4.97754747e-01
4.94070879e-01  5.00915729e-01  5.12062023e-01
4.96506196e-01  5.15444649e-01  4.88837930e-01
4.91471467e-01  4.99575729e-01  4.96198276e-01
4.91191254e-01  5.18262034e-01  4.99268027e-01
5.06188508e-01  5.03275459e-01  5.09723666e-01
5.14376344e-01  4.96690159e-01  5.05752175e-01
4.98883137e-01  5.14745578e-01  4.90424876e-01
4.98899380e-01  5.12458844e-01  5.07885651e-01
5.05444469e-01  5.13911367e-01  4.98496666e-01
8.15992007e-01  3.78084732e-01  4.09926362e-01
4.90014460e-01  5.18878997e-01  5.05360849e-01
4.99148794e-01  5.02236010e-01  5.10532514e-01
4.98208498e-01  5.06469656e-01  4.95282860e-01
5.12955521e-01  5.20075046e-01  4.92598352e-01
7.91322538e-01  6.19837654e-01  6.90966097e-01
5.14828009e-01  5.14347987e-01  5.05609759e-01
4.94137506e-01  4.90203617e-01  9.35601988e-01
5.09641868e-01  5.14697832e-01  5.00476156e-01
4.94880671e-01  5.17819192e-01  5.03208376e-01
5.12501340e-01  5.07942090e-01  5.01901776e-01
4.96552804e-01  5.14618583e-01  5.03005535e-01
5.01519750e-01  5.17024772e-01  5.12365869e-01
5.10986386e-01  5.08449464e-01  5.07017149e-01
5.13937074e-01  5.06857260e-01  5.01978272e-01
7.13330688e-01  2.85556591e-01  2.60370752e-01
4.92541828e-01  5.20411374e-01  4.98809575e-01
5.03719637e-01  5.20727693e-01  4.91064919e-01
5.12104050e-01  5.17320475e-01  4.97820599e-01
5.14101120e-01  5.05678450e-01  5.06379935e-01
8.71517658e-01  5.08352449e-01  6.33876331e-01
5.09628439e-01  5.15470454e-01  4.88423011e-01
5.08010833e-01  5.04589153e-01  5.02030033e-01
5.11455301e-01  5.00724353e-01  4.94839072e-01
4.98617417e-01  5.10956738e-01  5.09389139e-01
5.09410744e-01  5.10238071e-01  5.05167682e-01
4.91089674e-01  5.19191509e-01  5.04026430e-01
4.94366204e-01  5.17502835e-01  5.11406608e-01
5.11158440e-01  5.20233616e-01  4.91307871e-01
5.11371341e-01  5.09959120e-01  5.03685761e-01
4.90001367e-01  5.10957650e-01  5.08363385e-01
5.13341310e-01  5.19666261e-01  5.13269182e-01
5.00324315e-01  5.10334393e-01  4.93116080e-01
4.94202696e-01  5.10799970e-01  4.91235050e-01
4.92361248e-01  5.18967697e-01  5.02310069e-01
5.08525321e-01  5.00900557e-01  5.01166626e-01
5.08390312e-01  5.12510810e-01  4.97677975e-01
5.09388924e-01  5.11530197e-01  5.08936515e-01
4.91505042e-01  5.10989830e-01  4.89415557e-01
4.91130488e-01  5.01616851e-01  4.90081982e-01
5.01146218e-01  5.12926773e-01  4.98048962e-01
5.10169939e-01  4.98985928e-01  4.96238815e-01
5.01726679e-01  5.01599651e-01  5.10821103e-01
4.96740191e-01  5.20433568e-01  5.08917902e-01
4.90264334e-01  5.21442120e-01  5.08327052e-01
5.01346146e-01  5.20532671e-01  5.10647607e-01
5.14143756e-01  5.12428604e-01  4.91584025e-01
5.06042762e-01  4.99625214e-01  4.92599789e-01
5.00688172e-01  5.01784979e-01  5.04363542e-01
5.06802489e-01  5.16382453e-01  5.12444570e-01
4.90179615e-01  5.13249976e-01  5.12498299e-01
4.99079877e-01  5.14288942e-01  5.02533396e-01
5.13353919e-01  5.03239617e-01  4.91281564e-01
5.00338062e-01  5.11877060e-01  4.97407444e-01
3.76836009e-01  3.78433133e-01  7.56380002e-01
4.97018515e-01  4.97500399e-01  5.06348261e-01
3.35490836e-01  5.38858681e-01  4.04503617e-01
4.97947172e-01  5.01163808e-01  5.01427510e-01
5.11144473e-01  5.12331891e-01  5.05179959e-01
5.13848335e-01  4.97798049e-01  5.12506377e-01
4.90531242e-01  5.00171648e-01  4.88859336e-01
5.12964930e-01  5.04379044e-01  5.01420092e-01
5.01413824e-01  5.00285547e-01  4.99100694e-01
5.07533503e-01  5.20117049e-01  4.99687365e-01
5.04917323e-01  5.19066434e-01  5.04702155e-01
5.12693713e-01  5.05662130e-01  4.91481260e-01
5.00554826e-01  5.00959809e-01  4.89710403e-01
5.11388950e-01  5.20427565e-01  5.05525046e-01
4.92207446e-01  5.06711757e-01  4.91350217e-01
5.06565421e-01  5.18294532e-01  4.92769642e-01
5.01451066e-01  5.13236377e-01  5.07839756e-01
5.12883108e-01  4.98116564e-01  4.94386645e-01
5.05779506e-01  5.19106409e-01  5.04575550e-01
5.11415763e-01  5.02135253e-01  4.98674045e-01
5.14994262e-01  5.10827482e-01  5.11381937e-01
5.06058436e-01  5.10685040e-01  5.02282179e-01
4.99705293e-01  5.07418962e-01  4.88238471e-01
4.94101058e-01  5.02474330e-01  5.09258284e-01
5.12314333e-01  4.98812470e-01  5.08819180e-01
5.07823401e-01  5.06389862e-01  4.96989819e-01
5.13234840e-01  5.05244190e-01  4.88404540e-01
5.08960462e-01  5.00881822e-01  5.08890314e-01
4.91831630e-01  5.04861974e-01  4.94814129e-01
4.90700793e-01  5.13913726e-01  4.90365518e-01
4.98944855e-01  5.08379959e-01  5.03975212e-01
5.07145385e-01  5.06114807e-01  5.01626954e-01
5.10142553e-01  5.07286562e-01  4.89925171e-01
4.91340251e-01  5.15730361e-01  4.88808644e-01
4.99242402e-01  4.99535090e-01  5.00163955e-01
5.09844624e-01  5.21473816e-01  5.07973516e-01
4.96610931e-01  5.08471447e-01  5.06924018e-01
4.90056192e-01  5.12634215e-01  4.94962514e-01
4.97359355e-01  5.12896673e-01  4.97713197e-01
4.94490823e-01  5.06215131e-01  5.04792395e-01
4.98805852e-01  5.18978084e-01  4.95041536e-01
4.90492205e-01  5.17798775e-01  5.11982026e-01
4.97777940e-01  5.12157949e-01  5.02601495e-01
5.13415242e-01  5.08877684e-01  5.07020738e-01
5.04735466e-01  5.10425469e-01  5.09153648e-01
4.96003824e-01  5.00880276e-01  5.02837063e-01
5.03120286e-01  5.01795588e-01  5.09888520e-01
5.00279728e-01  5.02162420e-01  5.12244411e-01
5.06069007e-01  5.07805909e-01  4.99668212e-01
4.95859655e-01  5.19973645e-01  5.06907648e-01
4.96925470e-01  4.96567431e-01  5.01424690e-01
5.07645236e-01  5.18059917e-01  4.90153128e-01
5.08020066e-01  5.15952817e-01  4.91925450e-01
5.10149134e-01  5.17323394e-01  5.01655262e-01
4.92480442e-01  5.10117089e-01  5.04171849e-01
5.05711537e-01  5.15583288e-01  5.05928618e-01
5.04839491e-01  5.19259170e-01  5.10073616e-01
5.14284315e-01  5.03526768e-01  4.97933949e-01
4.90886015e-01  5.13016874e-01  4.88433395e-01
5.10376027e-01  5.10654940e-01  5.08494826e-01
5.10178328e-01  5.06794156e-01  5.09935163e-01
4.95557283e-01  4.99000846e-01  4.99729352e-01
4.91640230e-01  5.13524841e-01  4.96530550e-01
4.93038838e-01  5.00827003e-01  4.92272597e-01
5.04849645e-01  5.03766757e-01  5.05067281e-01
5.06232116e-01  5.14293524e-01  5.11176880e-01
4.90010753e-01  5.08638562e-01  5.06375616e-01
5.01041124e-01  5.17985537e-01  4.97979245e-01
4.96852416e-01  5.17445877e-01  5.13016619e-01
5.05802942e-01  4.99117323e-01  4.97868175e-01
5.05803018e-01  5.04016363e-01  5.13042462e-01
5.08558906e-01  5.20699950e-01  5.10062473e-01
4.94884966e-01  5.18750945e-01  5.00330780e-01
5.14181001e-01  5.04621168e-01  4.91511709e-01
4.94467613e-01  4.97139058e-01  5.00000170e-01
4.94300282e-01  5.17503717e-01  4.97445805e-01
4.90683907e-01  5.10177398e-01  4.96956162e-01
5.05468310e-01  5.03914697e-01  4.96830999e-01
5.03365272e-01  5.15303592e-01  4.91780324e-01
5.13458229e-01  5.12512758e-01  5.00977566e-01
5.05455312e-01  5.08601333e-01  4.90483744e-01
4.91313430e-01  5.19871857e-01  4.90501228e-01
5.12614549e-01  5.07835125e-01  4.97263740e-01
5.00659884e-01  4.97050412e-01  4.90818342e-01
4.93963567e-01  5.05582537e-01  5.06092932e-01
5.07742998e-01  5.04672612e-01  4.97710546e-01
5.08422386e-01  4.98922361e-01  4.88883312e-01
5.11151366e-01  4.97118663e-01  4.99074126e-01
5.10630638e-01  5.09915313e-01  4.95313901e-01
5.03449662e-01  5.04054988e-01  4.98003919e-01
5.01020007e-01  5.05137061e-01  4.94665918e-01
5.15060253e-01  5.11094847e-01  5.03980208e-01
4.99101091e-01  5.16069973e-01  4.88164709e-01
4.90732161e-01  5.04209495e-01  4.89874429e-01
5.11752271e-01  5.09502434e-01  4.89358157e-01
5.04481598e-01  5.03107289e-01  5.13058943e-01
5.10189386e-01  5.04507613e-01  5.10313780e-01
5.09486710e-01  5.04228030e-01  4.99134634e-01
5.02231907e-01  5.01304510e-01  4.92953872e-01
5.03071279e-01  5.09313111e-01  5.02099710e-01
4.90206077e-01  5.00318507e-01  4.96698187e-01
5.04751638e-01  5.02296403e-01  4.97117615e-01
4.75528678e-01  9.74361949e-01  3.94869021e-01
5.10280982e-01  5.01539127e-01  5.11450704e-01
5.12402496e-01  5.04383603e-01  4.96436428e-01
5.06155459e-01  5.07067496e-01  4.92462373e-01
4.97325077e-01  5.00643567e-01  5.00247611e-01
4.94623752e-01  5.13627168e-01  4.98297676e-01
5.06041800e-01  5.17598391e-01  4.89828260e-01
4.95827745e-01  5.10706117e-01  4.93461941e-01
4.97698895e-01  5.04840477e-01  5.08909597e-01
5.15062562e-01  5.09005902e-01  4.92618292e-01
5.09291752e-01  5.19904209e-01  4.96246449e-01
4.99716051e-01  5.12224810e-01  5.09290028e-01
5.08582536e-01  5.05977923e-01  5.03084869e-01
4.96291376e-01  4.97384802e-01  5.07666223e-01
5.05480429e-01  5.14976279e-01  5.05984312e-01
4.99715303e-01  5.20237862e-01  4.89850852e-01
4.93674532e-01  5.02290542e-01  4.95774603e-01
4.97658576e-01  5.11443466e-01  5.07991582e-01
4.98938731e-01  5.08251904e-01  4.99758899e-01
4.90846278e-01  5.13250964e-01  4.94912089e-01
6.23885029e-01  5.25929882e-01  7.57993248e-01
5.12944378e-01  5.14506761e-01  4.91749382e-01
5.14771718e-01  5.00138744e-01  4.90989179e-01
4.90329406e-01  4.96616687e-01  5.09737086e-01
4.98393630e-01  5.02840992e-01  5.12428124e-01
4.99010999e-01  5.03137452e-01  5.10109682e-01
5.08740004e-01  5.08440708e-01  5.11199430e-01
5.01625563e-01  4.99028492e-01  4.96081226e-01
5.07492213e-01  5.13419122e-01  5.10531136e-01
4.91397253e-01  5.12870965e-01  5.08756544e-01
9.12959340e-01  8.90475812e-01  2.50932081e-01
9.31493782e-01  9.58926687e-01  7.56906581e-01
4.98407409e-01  5.07408983e-01  4.92915969e-01
4.94811233e-01  5.21213383e-01  4.89181592e-01
6.34858536e-01  3.29077072e-01  2.99324653e-01
4.92182589e-01  5.03353390e-01  4.93882363e-01
4.91723872e-01  4.97548131e-01  5.12029804e-01
5.12916474e-01  5.05824202e-01  4.97080777e-01
5.06727894e-01  5.13714688e-01  5.07613357e-01
4.92432340e-01  5.14408672e-01  5.12409983e-01
4.94768756e-01  5.03810452e-01  4.90078664e-01
5.00037634e-01  5.15026204e-01  5.02873321e-01
4.93109126e-01  5.10358424e-01  4.99109440e-01
5.14126019e-01  5.09339130e-01  5.03086653e-01
5.06657226e-01  4.99120287e-01  5.03892691e-01
5.13218897e-01  5.04131987e-01  4.92216291e-01
4.91735342e-01  5.00211574e-01  5.06136317e-01
4.95202418e-01  5.11409413e-01  4.96300329e-01
4.94448907e-01  5.12646897e-01  4.95652609e-01
5.04810715e-01  5.08257793e-01  4.98233444e-01
4.92516512e-01  5.05334736e-01  4.92182967e-01
4.90296561e-01  5.02095434e-01  5.07015408e-01
5.00663732e-01  5.11056474e-01  4.91332645e-01
8.59472292e-01  8.19829702e-01  3.46821680e-01
4.93468684e-01  5.03374547e-01  4.94956837e-01
6.60694668e-01  6.97179286e-01  4.54523611e-01
5.07860388e-01  5.03706450e-01  4.98013369e-01
4.98168394e-01  5.04479707e-01  5.07565866e-01
4.98904298e-01  5.04578604e-01  4.97941738e-01
4.91207744e-01  5.06065169e-01  4.95703631e-01
5.11793752e-01  5.10593299e-01  4.88091971e-01
4.90603755e-01  5.12758333e-01  5.02117776e-01
4.99908664e-01  5.19037944e-01  4.99759943e-01
5.13062385e-01  4.99841434e-01  5.01422785e-01
4.96382076e-01  5.21799399e-01  4.99640042e-01
5.14468230e-01  5.08448806e-01  5.04512265e-01
5.13794445e-01  5.00926595e-01  5.02843242e-01
4.92076747e-01  5.20454076e-01  5.08988288e-01
5.05589140e-01  5.13356030e-01  4.99214170e-01
5.02069680e-01  5.16879778e-01  5.00618719e-01
4.91664927e-01  5.21617194e-01  4.93335916e-01
5.05621038e-01  5.21301569e-01  4.90271858e-01
4.90887970e-01  5.10168850e-01  4.92511776e-01
5.02203279e-01  5.09487632e-01  4.95673057e-01
5.02056642e-01  5.12929514e-01  5.11513144e-01
5.05108928e-01  5.17657647e-01  5.00220690e-01
4.93202205e-01  5.12711813e-01  4.95908941e-01
5.11498880e-01  5.21563353e-01  5.00934338e-01
4.94585982e-01  5.11227981e-01  4.89872254e-01
4.94774302e-01  5.09059407e-01  4.98673433e-01
5.03464743e-01  5.04005027e-01  5.08962382e-01
5.14493058e-01  4.98818666e-01  5.08773298e-01
4.97177568e-01  5.21994980e-01  4.97603230e-01
5.08912438e-01  5.21466294e-01  5.03956103e-01
2.65565992e-01  8.30637249e-01  9.21913326e-01
5.06217189e-01  5.03696097e-01  4.89529092e-01
5.06508062e-01  5.13608882e-01  5.01858045e-01
5.07975234e-01  5.12592695e-01  4.94417024e-01
5.12603325e-01  5.09811755e-01  4.99364948e-01
3.17846942e-01  9.06443902e-01  4.17310546e-01
5.03632408e-01  5.09085015e-01  4.94620401e-01
5.06968609e-01  5.00435770e-01  5.00350191e-01
5.00467873e-01  5.00653672e-01  5.00602083e-01
5.07939721e-01  5.01676788e-01  5.04167195e-01
4.93631249e-01  4.96774102e-01  4.89074924e-01
5.12931226e-01  5.07503039e-01  5.08026791e-01
4.94897868e-01  5.21148528e-01  4.89299836e-01
4.93070944e-01  5.06644838e-01  4.95938013e-01
4.91213607e-01  5.16507194e-01  4.88230732e-01
4.91387038e-01  5.18336042e-01  4.90446428e-01
5.12401903e-01  5.01194627e-01  5.04202450e-01
6.34149046e-01  7.92759787e-01  6.52138996e-01
4.94209338e-01  5.12090527e-01  4.97383699e-01
5.01352428e-01  5.06547635e-01  5.02453328e-01
4.95787305e-01  5.03227456e-01  5.07120403e-01
4.97026490e-01  5.12663146e-01  5.06969028e-01
5.08777901e-01  4.96461537e-01  4.91318589e-01
5.04099248e-01  4.97649734e-01  4.91583556e-01
4.93270983e-01  5.04200768e-01  5.13179229e-01
5.06779938e-01  5.18224258e-01  4.99352582e-01
5.02231141e-01  5.12325174e-01  4.92028573e-01
4.93972130e-01  5.21286191e-01  4.94904372e-01
4.92636081e-01  5.00793014e-01  4.99501326e-01
4.96734069e-01  5.04284351e-01  4.91430766e-01
5.05962741e-01  5.07208526e-01  4.92902431e-01
5.13766994e-01  5.16401267e-01  5.05356441e-01
5.09381444e-01  5.03688915e-01  5.00116494e-01
4.96157993e-01  5.03903821e-01  4.91174410e-01
4.91594964e-01  5.17069233e-01  5.05137308e-01
4.99283440e-01  5.05790016e-01  5.06887531e-01
4.98924977e-01  5.07270696e-01  5.02663502e-01
5.06830323e-01  5.15992824e-01  5.08225474e-01
5.01242217e-01  5.09140631e-01  5.05152073e-01
4.92387079e-01  5.09630821e-01  4.97226600e-01
5.05675914e-01  5.21750020e-01  5.09835795e-01
5.02044586e-01  5.10047190e-01  4.97463522e-01
5.03020311e-01  5.09198334e-01  4.89019823e-01
3.56630262e-01  7.76005568e-01  4.58459126e-01
4.90868624e-01  5.07431941e-01  5.10803816e-01
5.07407210e-01  5.20650220e-01  5.05100738e-01
5.06104026e-01  5.13136183e-01  5.06148707e-01
4.92709844e-01  5.03929963e-01  4.98924917e-01
5.03704943e-01  5.16912772e-01  4.94573787e-01
5.03036067e-01  4.98611497e-01  4.90944974e-01
5.14003306e-01  5.12730809e-01  4.88208915e-01
4.93616507e-01  5.07071988e-01  4.98126988e-01
4.91492104e-01  5.21331338e-01  5.04972180e-01
5.08935915e-01  5.10186624e-01  5.12429681e-01
4.90993680e-01  5.10492292e-01  4.88513556e-01
4.96151235e-01  5.01102614e-01  5.06704109e-01
5.01447008e-01  5.05643912e-01  4.94722243e-01
5.10521628e-01  5.17514712e-01  5.10603767e-01
5.05662392e-01  5.00059912e-01  5.11003765e-01
5.12297516e-01  5.18042231e-01  5.09658456e-01
5.13859105e-01  5.17154028e-01  4.98138150e-01
4.96252376e-01  4.97237715e-01  5.01018521e-01
5.13741073e-01  4.96419221e-01  5.00546753e-01
5.12149321e-01  4.97782529e-01  4.94246581e-01
5.07702478e-01  5.08758528e-01  4.92617001e-01
5.00745025e-01  5.08732046e-01  4.97194606e-01
4.95147439e-01  5.18835025e-01  5.04348928e-01
5.03079907e-01  5.10712738e-01  4.96377997e-01
6.56913298e-01  6.19055473e-01  5.39402128e-01
5.11697318e-01  5.06900772e-01  4.88827229e-01
5.11732887e-01  5.13764355e-01  4.95099546e-01
5.01885129e-01  5.16597033e-01  4.95486023e-01
5.08720389e-01  5.08965105e-01  5.02813733e-01
5.00420389e-01  5.19953371e-01  5.06575245e-01
4.94741974e-01  5.00783702e-01  4.89551383e-01
