8.64611367e-01  4.70740625e-01  7.00226449e-01  9.51225807e-01  3.04451612e-01  7.16253921e-01
8.39271745e-01  2.56238856e-01  9.31564325e-01  9.21394003e-01  1.51208813e-01  9.44241249e-01
9.28129142e-01  3.64348221e-01  5.55019357e-01  9.71944302e-01  2.93756278e-01  5.85924090e-01
7.89679099e-01  6.01924104e-01  8.67708773e-01  9.23381436e-01  4.00329036e-01  8.71922772e-01
7.86238266e-01  6.42860756e-01  8.51836144e-01  9.21407593e-01  5.19761128e-01  8.56024285e-01
9.39082559e-01  2.32392986e-01  6.06644762e-01  9.66567078e-01  1.75511740e-01  6.48687349e-01
9.27845388e-01  5.70532054e-01  4.16852480e-01  9.86600733e-01  6.08944906e-01  4.16553962e-01
8.50405304e-01  2.24501721e-01  9.14942015e-01  9.23332309e-01  1.56515038e-01  9.30539760e-01
8.30913832e-01  2.60183260e-01  9.57459834e-01  9.16799460e-01  1.75048161e-01  9.68010955e-01
8.73947723e-01  7.35914232e-01  4.89381858e-01  9.77172149e-01  6.48975096e-01  4.67455622e-01
9.11581172e-01  4.97619116e-01  5.21619176e-01  9.74913955e-01  4.20831302e-01  5.36491575e-01
8.78700969e-01  5.24736828e-01  6.15650318e-01  9.58874991e-01  4.59016117e-01  6.30233379e-01
8.40217962e-01  6.45338443e-01  6.65739671e-01  9.51778757e-01  4.94417348e-01  6.67283155e-01
8.66160089e-01  4.17884193e-01  7.30604282e-01  9.45218125e-01  3.20121860e-01  7.51040161e-01
8.46086477e-01  7.34990746e-01  5.85188749e-01  9.57291787e-01  7.25303026e-01  5.76714646e-01
8.42334165e-01  7.14968103e-01  6.11520110e-01  9.53958321e-01  6.88717287e-01  6.06843367e-01
7.87702691e-01  5.22244931e-01  9.28236609e-01  9.16140505e-01  3.35507847e-01  9.33867496e-01
7.75903841e-01  5.78575406e-01  9.30531959e-01  9.11812238e-01  4.44140528e-01  9.35652939e-01
8.78830241e-01  7.05809733e-01  4.93016298e-01  9.74060282e-01  6.85377097e-01  4.78710500e-01
8.10821215e-01  5.32204711e-01  8.42823368e-01  9.29524249e-01  3.27585081e-01  8.50433679e-01
8.26806699e-01  4.13112158e-01  8.68280321e-01  9.26188945e-01  2.86465715e-01  8.81142482e-01
9.13734442e-01  3.39893006e-01  6.20700207e-01  9.63538607e-01  2.44196777e-01  6.51688048e-01
7.86649807e-01  6.53069849e-01  8.43540412e-01  9.23026084e-01  5.14318837e-01  8.46944493e-01
9.44571200e-01  3.94820053e-01  4.78284787e-01  9.81207752e-01  3.77242529e-01  5.06546648e-01
8.22381417e-01  3.78413208e-01  9.06818464e-01  9.21249336e-01  2.62625382e-01  9.18526640e-01
8.55899253e-01  2.42300675e-01  8.84158403e-01  9.28657596e-01  1.34763556e-01  9.01583839e-01
9.01717127e-01  3.21495193e-01  6.74171426e-01  9.54488632e-01  2.63344363e-01  7.05155735e-01
8.11493848e-01  4.35077787e-01  9.05776123e-01  9.20522711e-01  2.94550009e-01  9.15553348e-01
8.52840391e-01  2.52471783e-01  8.87745108e-01  9.27427458e-01  1.54599054e-01  9.04730973e-01
7.42334864e-01  7.52518961e-01  9.28134931e-01  9.12006927e-01  4.81810500e-01  9.25913098e-01
8.44648979e-01  5.73067756e-01  6.99372611e-01  9.48384837e-01  4.16666880e-01  7.07643143e-01
9.32929842e-01  3.94646081e-01  5.18173169e-01  9.78256012e-01  2.96704431e-01  5.44736490e-01
8.95186044e-01  5.86032211e-01  5.17967685e-01  9.73952121e-01  5.10257480e-01  5.21277621e-01
9.68664904e-01  3.42947692e-01  4.30977645e-01  9.88790222e-01  3.46920173e-01  4.65164237e-01
9.90740911e-01  2.93730315e-01  3.88772319e-01  9.96940118e-01  2.86007878e-01  4.27456972e-01
7.80717258e-01  5.62349121e-01  9.25038380e-01  9.16569464e-01  3.43699469e-01  9.29157242e-01
7.61515190e-01  5.81321940e-01  9.77842042e-01  9.04994935e-01  4.34702569e-01  9.81637387e-01
9.05149556e-01  4.07005827e-01  6.04739830e-01  9.63965501e-01  3.22198904e-01  6.30298390e-01
8.09559202e-01  6.86614792e-01  7.42629318e-01  9.35924480e-01  5.97956300e-01  7.44214136e-01
8.31634350e-01  5.15723532e-01  7.82535938e-01  9.35614365e-01  3.95817472e-01  7.94538619e-01
8.23889243e-01  2.68288496e-01  9.75991814e-01  9.13687394e-01  1.88200628e-01  9.84827329e-01
7.87248520e-01  4.34974121e-01  9.88689496e-01  9.09783833e-01  2.57494351e-01  9.93295628e-01
8.91963685e-01  6.21925304e-01  5.04755190e-01  9.76906448e-01  5.15808093e-01  5.01001734e-01
8.66053010e-01  7.59428067e-01  5.00484524e-01  9.67081626e-01  8.54072279e-01  4.83133418e-01
8.43849335e-01  4.34921664e-01  7.95332742e-01  9.36211216e-01  3.10201049e-01  8.11183061e-01
8.75671575e-01  6.56340772e-01  5.37487741e-01  9.66120691e-01  6.62199410e-01  5.35692843e-01
8.86186884e-01  7.02791823e-01  4.69919797e-01  9.74008666e-01  7.79066557e-01  4.56639259e-01
8.25514107e-01  2.92580955e-01  9.54044522e-01  9.17553310e-01  1.72337964e-01  9.63823674e-01
1.00057047e+00  2.64740969e-01  3.74754138e-01  9.99007468e-01  2.72042058e-01  4.17536731e-01
8.07700773e-01  4.03056365e-01  9.40348144e-01  9.16841345e-01  2.54588999e-01  9.48721970e-01
9.23096741e-01  4.68886086e-01  5.01667733e-01  9.78728232e-01  3.90643056e-01  5.19245699e-01
8.40106912e-01  2.72741666e-01  9.17572182e-01  9.21890991e-01  1.90715108e-01  9.31606518e-01
8.47585492e-01  6.51287296e-01  6.36553786e-01  9.54022750e-01  5.56487601e-01  6.38048305e-01
8.82105089e-01  4.99711783e-01  6.20908203e-01  9.59072827e-01  4.22641264e-01  6.37662282e-01
8.38043251e-01  5.36500557e-01  7.46915549e-01  9.39425493e-01  4.44144813e-01  7.59054704e-01
8.34063636e-01  7.35074344e-01  6.26208700e-01  9.57251574e-01  5.62448378e-01  6.15913530e-01
8.81709460e-01  6.99429124e-01  4.87485332e-01  9.71325614e-01  7.67159059e-01  4.76695167e-01
7.97870402e-01  6.67748817e-01  7.95298522e-01  9.32800410e-01  4.64073608e-01  7.96265976e-01
7.89489321e-01  4.54495809e-01  9.68154396e-01  9.11048555e-01  3.06225683e-01  9.74047241e-01
8.13323236e-01  5.09275447e-01  8.49449867e-01  9.25873171e-01  3.85305505e-01  8.59533005e-01
8.45472752e-01  5.92198653e-01  6.83647398e-01  9.48963690e-01  4.70277781e-01  6.91111083e-01
7.94865686e-01  6.00031266e-01  8.51264190e-01  9.23558043e-01  4.58005822e-01  8.56998166e-01
8.89647290e-01  6.85200143e-01  4.69969069e-01  9.74056673e-01  7.65244995e-01  4.59636261e-01
9.61780871e-01  4.18846901e-01  4.03278046e-01  9.93442770e-01  3.96503337e-01  4.23467583e-01
9.03792974e-01  3.08672168e-01  6.75732859e-01  9.54571410e-01  2.50954300e-01  7.07587486e-01
8.36598287e-01  5.00559722e-01  7.75810039e-01  9.37818893e-01  3.62051920e-01  7.88472712e-01
9.24330515e-01  3.35946629e-01  5.87162916e-01  9.68001667e-01  2.56740501e-01  6.20062865e-01
8.41495074e-01  6.22048825e-01  6.77093653e-01  9.51816559e-01  4.39291020e-01  6.80222336e-01
7.67288363e-01  5.95049301e-01  9.48852360e-01  9.11548478e-01  3.83566353e-01  9.51829578e-01
8.53254223e-01  4.28779007e-01  7.67345207e-01  9.39399990e-01  3.32160303e-01  7.85479197e-01
9.43405702e-01  3.65550163e-01  5.02018484e-01  9.80322160e-01  2.92054213e-01  5.32596403e-01
7.89065626e-01  8.04644890e-01  7.32994956e-01  9.39031524e-01  6.07226322e-01  7.22068886e-01
8.27686402e-01  3.16890663e-01  9.30513135e-01  9.20970751e-01  1.76516694e-01  9.41421110e-01
7.95236976e-01  5.60085726e-01  8.76954384e-01  9.21173810e-01  4.10461387e-01  8.83659888e-01
9.69021282e-01  3.28416205e-01  4.39566304e-01  9.89777997e-01  2.82315271e-01  4.74276644e-01
8.41246920e-01  5.61280618e-01  7.19247832e-01  9.44644059e-01  4.29809868e-01  7.29010534e-01
9.29741412e-01  2.96023725e-01  5.95618083e-01  9.66980750e-01  2.32502048e-01  6.32406765e-01
7.53736245e-01  6.78483074e-01  9.38846761e-01  9.09941705e-01  4.75685486e-01  9.40107645e-01
7.94958819e-01  5.64933865e-01  8.74931624e-01  9.23284101e-01  3.69015870e-01  8.80551617e-01
8.35422876e-01  3.62011672e-01  8.73328402e-01  9.26696962e-01  2.44984868e-01  8.87803050e-01
8.12361033e-01  5.46636574e-01  8.27524193e-01  9.30367803e-01  3.65729296e-01  8.35385107e-01
8.95569303e-01  6.12556153e-01  4.98759295e-01  9.74963076e-01  5.79144263e-01  4.98321753e-01
8.51228667e-01  3.49634026e-01  8.27677906e-01  9.32438695e-01  2.63888788e-01  8.46454584e-01
8.08083077e-01  8.06106063e-01  6.67035719e-01  9.50546140e-01  5.95330340e-01  6.51059096e-01
8.59395803e-01  3.18502764e-01  8.20784221e-01  9.36079978e-01  1.91009822e-01  8.40526040e-01
8.53678667e-01  4.78595741e-01  7.32276303e-01  9.44055241e-01  3.63354662e-01  7.48161109e-01
8.66611352e-01  5.79726394e-01  6.19844990e-01  9.58056884e-01  4.89293108e-01  6.28240938e-01
9.05577362e-01  3.30755712e-01  6.54734380e-01  9.58968347e-01  2.28046241e-01  6.84863358e-01
7.51527407e-01  6.21202228e-01  9.85053615e-01  9.04654261e-01  4.20303202e-01  9.87265816e-01
8.27464208e-01  7.19228741e-01  6.59447455e-01  9.47811547e-01  6.48894884e-01  6.55790485e-01
8.53119094e-01  5.86021568e-01  6.61691856e-01  9.50029817e-01  5.25414179e-01  6.71088937e-01
8.06666363e-01  6.69695658e-01  7.63931104e-01  9.33953488e-01  5.57535213e-01  7.66521563e-01
7.75757474e-01  6.16477838e-01  9.05749512e-01  9.14327680e-01  4.85016991e-01  9.10260707e-01
9.08281677e-01  5.97856099e-01  4.65249736e-01  9.82650204e-01  5.24241183e-01  4.62145671e-01
8.12254753e-01  5.85437744e-01  8.01701655e-01  9.33543590e-01  3.95898012e-01  8.07801397e-01
9.85345040e-01  3.49134808e-01  3.69818705e-01  9.98835572e-01  3.53937970e-01  3.99056961e-01
8.75257533e-01  7.54713494e-01  4.72220966e-01  9.79383086e-01  6.82994355e-01  4.45140603e-01
8.99523718e-01  2.17532023e-01  7.51824154e-01  9.46018795e-01  1.61797547e-01  7.83763135e-01
8.19864745e-01  6.91648939e-01  7.04024259e-01  9.46045823e-01  5.04385297e-01  7.01670465e-01
8.80666532e-01  3.28935216e-01  7.41069654e-01  9.44953415e-01  2.59626153e-01  7.67203730e-01
8.27504993e-01  5.05405675e-01  8.03607776e-01  9.33543284e-01  3.65371023e-01  8.15103027e-01
9.74392320e-01  3.15452015e-01  4.29965516e-01  9.89331029e-01  3.20766273e-01  4.67949314e-01
8.80837429e-01  3.78007475e-01  7.07667942e-01  9.50290498e-01  2.67821644e-01  7.31528715e-01
8.03882890e-01  6.91725378e-01  7.58574982e-01  9.36692591e-01  5.19307814e-01  7.58093801e-01
7.71286678e-01  5.64423290e-01  9.55860147e-01  9.10160021e-01  3.87008915e-01  9.59912224e-01
8.05599977e-01  7.54416212e-01  7.10400925e-01  9.41391936e-01  6.18726847e-01  7.04179285e-01
7.60201409e-01  5.60530408e-01  9.96364543e-01  9.04384473e-01  3.76992105e-01  9.99353201e-01
8.12225019e-01  5.31106412e-01  8.38469594e-01  9.28610302e-01  3.64034771e-01  8.47063078e-01
7.52600923e-01  7.06649278e-01  9.23717493e-01  9.13448619e-01  4.52571708e-01  9.23140758e-01
8.86177757e-01  5.91912735e-01  5.44775213e-01  9.71666247e-01  4.62473558e-01  5.47364728e-01
7.87952597e-01  6.82536077e-01  8.19203198e-01  9.25805770e-01  5.47943464e-01  8.21074977e-01
8.93502957e-01  6.17682200e-01  5.02359270e-01  9.72350662e-01  6.29238355e-01  5.03099268e-01
8.24443446e-01  9.49967631e-01  5.14057860e-01  9.66743661e-01  9.42568671e-01  4.64140456e-01
8.69770521e-01  2.74104633e-01  8.15299910e-01  9.36279497e-01  1.94620789e-01  8.38382855e-01
8.51442747e-01  3.50617863e-01  8.26282487e-01  9.32568794e-01  2.65909110e-01  8.45137011e-01
8.01973759e-01  6.59483171e-01  7.86855729e-01  9.30658098e-01  5.46414303e-01  7.90317537e-01
8.07786604e-01  3.58900690e-01  9.69856045e-01  9.12394128e-01  2.52678579e-01  9.77704195e-01
8.41528109e-01  5.14396025e-01  7.49630078e-01  9.42946321e-01  3.38415632e-01  7.61237124e-01
8.06041152e-01  5.59890789e-01  8.40171499e-01  9.26810885e-01  4.09423382e-01  8.47751278e-01
8.44650130e-01  2.35402488e-01  9.27249635e-01  9.21754125e-01  1.54396007e-01  9.41169226e-01
8.45572808e-01  7.20692886e-01  5.96592652e-01  9.58081954e-01  6.52977061e-01  5.88940781e-01
7.53242263e-01  7.68995681e-01  8.79448961e-01  9.18163755e-01  5.23756747e-01  8.75875128e-01
7.89455110e-01  6.79656857e-01  8.16013387e-01  9.27883928e-01  5.08354951e-01  8.17211977e-01
8.03555982e-01  5.60462821e-01  8.48277334e-01  9.27475316e-01  3.62662220e-01  8.54671183e-01
8.77439115e-01  2.86508893e-01  7.80728435e-01  9.41603295e-01  1.88564248e-01  8.05683885e-01
8.91094478e-01  2.28068978e-01  7.73512259e-01  9.43025328e-01  1.62814046e-01  8.02720309e-01
9.22300228e-01  5.63281184e-01  4.40689649e-01  9.87030328e-01  4.97510731e-01  4.40443834e-01
8.05142958e-01  7.78018674e-01  6.96034609e-01  9.44253656e-01  6.17041025e-01  6.86227400e-01
8.29126979e-01  8.21921710e-01  5.84466699e-01  9.61634834e-01  6.76681959e-01  5.60484775e-01
8.78313601e-01  7.64252599e-01  4.55342739e-01  9.75116822e-01  8.59435673e-01  4.30314512e-01
7.59151389e-01  7.17406647e-01  8.94075479e-01  9.16336577e-01  4.99311366e-01  8.93440365e-01
7.81639580e-01  5.81395616e-01  9.09330362e-01  9.18321451e-01  3.65320446e-01  9.13266409e-01
7.67197981e-01  6.50028461e-01  9.12054505e-01  9.13417956e-01  4.87849758e-01  9.14901600e-01
8.00570373e-01  4.14204273e-01  9.57188190e-01  9.14915081e-01  2.42625495e-01  9.63938196e-01
9.53898074e-01  2.63772940e-01  5.34853753e-01  9.75319660e-01  2.36311223e-01  5.78010859e-01
9.67613939e-01  3.96922956e-01  3.98145110e-01  9.93969559e-01  3.89109235e-01  4.21856870e-01
8.10670223e-01  6.83582739e-01  7.40881662e-01  9.41908248e-01  4.57982190e-01  7.39304649e-01
8.21282330e-01  7.63071355e-01  6.50981326e-01  9.49998972e-01  6.51465306e-01  6.41145837e-01
9.04302208e-01  6.18794214e-01  4.64715492e-01  9.82325360e-01  5.48385366e-01  4.58455993e-01
8.37847374e-01  6.64986521e-01  6.60578778e-01  9.49812098e-01  5.70796149e-01  6.61633765e-01
8.56564736e-01  7.03684476e-01  5.70518020e-01  9.64993351e-01  5.83509622e-01  5.61222471e-01
7.92419049e-01  6.69366521e-01  8.12830741e-01  9.27143055e-01  5.35759958e-01  8.15410879e-01
8.88530753e-01  4.86490073e-01  6.07878189e-01  9.62506450e-01  3.82951505e-01  6.25129714e-01
8.24688066e-01  7.93484308e-01  6.18821772e-01  9.53319316e-01  7.17301672e-01  6.04106909e-01
9.41289540e-01  2.82759264e-01  5.65116821e-01  9.72580182e-01  2.01924862e-01  6.03803909e-01
8.55187754e-01  4.86840315e-01  7.21557092e-01  9.46749456e-01  3.40301509e-01  7.36392839e-01
8.07078103e-01  5.79555359e-01  8.23357289e-01  9.28379237e-01  4.39343584e-01  8.30537153e-01
9.10291031e-01  5.02367218e-01  5.22822377e-01  9.72748699e-01  4.70028341e-01  5.38615575e-01
8.40076356e-01  7.16986940e-01  6.17871487e-01  9.53625725e-01  6.72590753e-01  6.12832705e-01
8.96943863e-01  5.54213406e-01  5.33434166e-01  9.70827424e-01  5.04518350e-01  5.42691352e-01
7.73051141e-01  5.63491844e-01  9.50459244e-01  9.09476321e-01  4.24433688e-01  9.55348376e-01
8.25164195e-01  7.08531391e-01  6.74524257e-01  9.45235757e-01  6.46671404e-01  6.72843148e-01
8.72999505e-01  4.23401983e-01  7.03514408e-01  9.51007313e-01  2.79902189e-01  7.23525568e-01
8.14135223e-01  3.24411213e-01  9.71441566e-01  9.13382918e-01  2.18237946e-01  9.79597558e-01
7.46485067e-01  6.46558977e-01  9.85466979e-01  9.04601797e-01  4.25190322e-01  9.86950509e-01
8.57531733e-01  3.59924116e-01  7.99198321e-01  9.36583449e-01  2.66353184e-01  8.19280504e-01
8.97330457e-01  4.54003287e-01  5.99737764e-01  9.63723291e-01  3.68671107e-01  6.20739664e-01
8.12149610e-01  3.34472144e-01  9.71435582e-01  9.12639147e-01  2.38028879e-01  9.79635732e-01
8.68230343e-01  3.43378537e-01  7.73811635e-01  9.40777851e-01  2.49503474e-01  7.96406484e-01
8.88261348e-01  5.96904468e-01  5.34287940e-01  9.70375716e-01  5.36932065e-01  5.37837977e-01
8.96934120e-01  5.67321512e-01  5.24622209e-01  9.74640014e-01  4.56673363e-01  5.29678252e-01
9.60933902e-01  3.90663507e-01  4.25190039e-01  9.91606957e-01  3.34561276e-01  4.50053290e-01
8.74090771e-01  3.53804182e-01  7.46753239e-01  9.44049117e-01  2.69314669e-01  7.70687201e-01
8.62636682e-01  3.38177744e-01  7.96432840e-01  9.38050802e-01  2.34282331e-01  8.17537631e-01
7.47698751e-01  6.66409703e-01  9.67922728e-01  9.07334755e-01  4.27700413e-01  9.68820455e-01
7.86273824e-01  8.66474578e-01  7.01105716e-01  9.44198014e-01  6.40763246e-01  6.81428680e-01
8.85140149e-01  5.42586618e-01  5.81605809e-01  9.62531523e-01  5.09721609e-01  5.94656218e-01
7.55258825e-01  5.88225878e-01  9.94560635e-01  9.04607189e-01  3.81189894e-01  9.96920827e-01
8.14391959e-01  5.21602146e-01  8.37480696e-01  9.30224602e-01  3.25465958e-01  8.45931466e-01
7.93073062e-01  6.94052528e-01  7.93938327e-01  9.33814185e-01  4.52985058e-01  7.92415069e-01
9.26238800e-01  5.30932824e-01  4.49361178e-01  9.84825294e-01  4.93412811e-01  4.56083237e-01
8.48217306e-01  4.51437152e-01  7.69263747e-01  9.40186927e-01  3.12879866e-01  7.85042086e-01
8.11251040e-01  8.31406446e-01  6.39138075e-01  9.52259694e-01  6.80676600e-01  6.19660835e-01
8.29848591e-01  3.53541582e-01  8.98090525e-01  9.22803933e-01  2.51016914e-01  9.11331089e-01
8.08256974e-01  5.53190994e-01  8.37121756e-01  9.26092901e-01  4.36857903e-01  8.45796297e-01
8.87259886e-01  6.32201642e-01  5.13889765e-01  9.70750885e-01  6.30160386e-01  5.13139544e-01
9.29935417e-01  3.79478041e-01  5.38638859e-01  9.75642917e-01  2.74131541e-01  5.66894100e-01
8.29670665e-01  9.52078163e-01  4.94775495e-01  9.69516116e-01  9.64691942e-01  4.41068448e-01
8.93660160e-01  4.79399094e-01  5.95139089e-01  9.63589161e-01  4.01383021e-01  6.13778032e-01
9.46767223e-01  3.68101834e-01  4.88812362e-01  9.80592737e-01  3.36456538e-01  5.20243754e-01
8.23981425e-01  5.07297833e-01  8.14370284e-01  9.33610581e-01  3.24282265e-01  8.24496569e-01
9.02244396e-01  2.20462173e-01  7.40551623e-01  9.47955450e-01  1.54414217e-01  7.73106866e-01
8.02402608e-01  7.41145280e-01  7.30281126e-01  9.39829153e-01  5.72610177e-01  7.25230271e-01
8.11065294e-01  8.01637075e-01  6.59862226e-01  9.49433415e-01  6.48763182e-01  6.45419390e-01
8.80903053e-01  5.12646487e-01  6.16583902e-01  9.58929185e-01  4.50434253e-01  6.32454649e-01
8.78019971e-01  6.78277876e-01  5.14363968e-01  9.74927211e-01  5.59913737e-01  5.03150038e-01
7.48619095e-01  6.20475330e-01  9.95481224e-01  9.02350555e-01  4.37641196e-01  9.97896363e-01
9.01080548e-01  4.54154817e-01  5.86823715e-01  9.65492402e-01  3.74599856e-01  6.07975067e-01
8.13050810e-01  6.77693625e-01  7.36720669e-01  9.37330634e-01  5.83213735e-01  7.38720283e-01
8.68051554e-01  5.64385798e-01  6.25277416e-01  9.59398982e-01  4.28945045e-01  6.34062995e-01
8.56885301e-01  2.16223423e-01  8.98388390e-01  9.26323863e-01  1.38467193e-01  9.15667128e-01
8.77236566e-01  3.41201278e-01  7.44510666e-01  9.44777300e-01  2.55541982e-01  7.69309938e-01
9.12599207e-01  3.86162912e-01  5.93354342e-01  9.66297141e-01  2.98437590e-01  6.21025131e-01
8.59850083e-01  6.53096037e-01  5.93432064e-01  9.59988321e-01  5.83137290e-01  5.93413262e-01
8.99885038e-01  3.21679653e-01  6.80306758e-01  9.55501952e-01  2.16904571e-01  7.09760900e-01
8.90646097e-01  3.94733157e-01  6.62571349e-01  9.54486855e-01  3.33718863e-01  6.88339336e-01
7.67832356e-01  5.78591179e-01  9.58101758e-01  9.11253492e-01  3.53175522e-01  9.60988925e-01
7.83472325e-01  6.45537872e-01  8.59778943e-01  9.23115446e-01  4.49902762e-01  8.62291457e-01
8.92128845e-01  3.30497572e-01  7.00855112e-01  9.53037564e-01  2.06505312e-01  7.28054116e-01
9.29835430e-01  2.98176903e-01  5.93844015e-01  9.67874986e-01  2.18380502e-01  6.30047882e-01
7.82835036e-01  5.46781903e-01  9.28307274e-01  9.13395108e-01  4.07756073e-01  9.34200582e-01
8.22237294e-01  6.22097332e-01  7.42854084e-01  9.37985792e-01  5.22928267e-01  7.48933498e-01
7.95828121e-01  4.78830105e-01  9.29774251e-01  9.16340506e-01  3.17658454e-01  9.36852906e-01
8.51343128e-01  5.76925202e-01  6.73898816e-01  9.51635935e-01  4.36292133e-01  6.82097952e-01
8.33999845e-01  4.05496172e-01  8.48843158e-01  9.28608813e-01  2.95474487e-01  8.63466966e-01
8.31429229e-01  4.63390865e-01  8.18554479e-01  9.31968925e-01  3.37386993e-01  8.31892669e-01
8.41897282e-01  8.97766898e-01  4.89655446e-01  9.71132200e-01  9.07294290e-01  4.44427621e-01
9.96454021e-01  2.53089336e-01  3.96679588e-01  9.95586964e-01  2.60603529e-01  4.42210378e-01
8.81480742e-01  4.19681215e-01  6.77049054e-01  9.53991881e-01  3.02837944e-01  6.98898241e-01
9.45677231e-01  3.47983957e-01  5.06111967e-01  9.78517174e-01  3.09657640e-01  5.39964148e-01
9.25671064e-01  4.89133455e-01  4.79209706e-01  9.81371203e-01  4.27590172e-01  4.93459491e-01
7.94848424e-01  4.00951491e-01  9.85684361e-01  9.11294375e-01  2.27156849e-01  9.90861188e-01
8.05020965e-01  4.58181106e-01  9.12300583e-01  9.20029445e-01  2.86947990e-01  9.20535060e-01
8.60232204e-01  4.91802423e-01  7.01271901e-01  9.49573119e-01  3.50812568e-01  7.16285300e-01
8.65503523e-01  2.40219314e-01  8.52747112e-01  9.31451765e-01  1.74995293e-01  8.74041325e-01
8.77903824e-01  6.56242629e-01  5.29630661e-01  9.72880327e-01  5.32491507e-01  5.22835504e-01
7.79349431e-01  7.06684269e-01  8.32301167e-01  9.25516548e-01  5.11237114e-01  8.31707329e-01
9.55902130e-01  2.64397959e-01  5.27585512e-01  9.76638049e-01  2.31473917e-01  5.70711507e-01
8.10440789e-01  9.60229597e-01  5.54971678e-01  9.62470532e-01  8.71799785e-01  5.08469383e-01
7.82942091e-01  4.88445263e-01  9.67313760e-01  9.09141890e-01  3.59131406e-01  9.73109009e-01
8.56426752e-01  2.77354491e-01  8.58698034e-01  9.30378922e-01  1.88416819e-01  8.77713256e-01
9.56173101e-01  3.75812492e-01  4.51475884e-01  9.87067306e-01  3.30042541e-01  4.80250415e-01
9.31415693e-01  2.31933709e-01  6.33147537e-01  9.62171153e-01  1.87966254e-01  6.73904518e-01
7.95221240e-01  6.01624034e-01  8.48974178e-01  9.23203582e-01  4.75848185e-01  8.55005206e-01
8.48336044e-01  3.67343570e-01  8.25609512e-01  9.32905128e-01  2.64119344e-01  8.43407701e-01
8.48046775e-01  5.95576170e-01  6.72573693e-01  9.49327922e-01  5.05111767e-01  6.80445503e-01
8.78258453e-01  7.26297844e-01  4.81143607e-01  9.71526561e-01  8.07190355e-01  4.65834344e-01
8.29114554e-01  5.58599876e-01  7.62507628e-01  9.38207495e-01  4.23001409e-01  7.71922761e-01
8.93019304e-01  3.75792991e-01  6.67245015e-01  9.54572514e-01  3.07153248e-01  6.94142227e-01
8.20994908e-01  7.08905782e-01  6.88516878e-01  9.46668150e-01  5.57497350e-01  6.84978860e-01
8.02923410e-01  8.30298009e-01  6.68337322e-01  9.47896309e-01  6.65716110e-01  6.51224566e-01
8.55828585e-01  7.49982498e-01  5.41789964e-01  9.69561370e-01  6.20360887e-01  5.23112094e-01
9.09388349e-01  4.89587325e-01  5.34530743e-01  9.73812567e-01  3.92856632e-01  5.50244882e-01
8.71138333e-01  4.81214088e-01  6.70858100e-01  9.51390049e-01  4.13372324e-01  6.89155606e-01
8.42091791e-01  4.63447130e-01  7.82087291e-01  9.38736977e-01  3.05013080e-01  7.96223234e-01
7.98369541e-01  8.57990548e-01  6.65505909e-01  9.49889824e-01  6.45504924e-01  6.43787899e-01
8.79820937e-01  3.53633018e-01  7.27589901e-01  9.48208344e-01  2.38412012e-01  7.51916069e-01
7.65705457e-01  6.02041453e-01  9.49540807e-01  9.09192639e-01  4.40793320e-01  9.53255941e-01
9.70816491e-01  2.40222338e-01  4.92947453e-01  9.82290690e-01  2.10050537e-01  5.39578723e-01
8.20901064e-01  3.53896604e-01  9.28423407e-01  9.19579899e-01  2.22165951e-01  9.38909565e-01
8.72499382e-01  5.46851541e-01  6.21914388e-01  9.60044290e-01  4.17872878e-01  6.32571571e-01
8.30855758e-01  8.11400022e-01  5.85660747e-01  9.61131738e-01  6.77310410e-01  5.63561305e-01
9.09579270e-01  3.09704887e-01  6.55267515e-01  9.57797270e-01  2.46142024e-01  6.88047604e-01
8.22398055e-01  2.82198049e-01  9.71997411e-01  9.15015157e-01  1.72806877e-01  9.80508635e-01
9.37649659e-01  3.65734529e-01  5.21558391e-01  9.75980005e-01  3.22136374e-01  5.53253416e-01
8.92586336e-01  6.58903514e-01  4.77674316e-01  9.79865043e-01  5.80693001e-01  4.66510922e-01
7.51731874e-01  6.04207474e-01  9.95824484e-01  9.01842281e-01  4.47338505e-01  9.98837668e-01
8.46299367e-01  6.66494671e-01  6.30685410e-01  9.55161156e-01  5.59598070e-01  6.30002882e-01
8.39384281e-01  3.92954689e-01  8.38911181e-01  9.32295390e-01  2.37394123e-01  8.53709205e-01
7.81098566e-01  6.11153893e-01  8.90796236e-01  9.18199236e-01  4.42781165e-01  8.95010763e-01
9.65601394e-01  2.51740474e-01  5.02991219e-01  9.80489736e-01  2.22434956e-01  5.48168544e-01
7.70888067e-01  6.82334910e-01  8.77644309e-01  9.20236182e-01  4.58839242e-01  8.78105641e-01
8.45023804e-01  5.26801523e-01  7.29611886e-01  9.42847126e-01  4.21899994e-01  7.42427467e-01
8.83510116e-01  3.30372030e-01  7.30384890e-01  9.46518701e-01  2.59913739e-01  7.57095189e-01
8.54107247e-01  2.52801996e-01  8.83193802e-01  9.28265454e-01  1.49824197e-01  9.00497730e-01
7.88443695e-01  6.43058042e-01  8.44169064e-01  9.25517719e-01  4.47804080e-01  8.46868061e-01
8.35471122e-01  2.68238031e-01  9.36452227e-01  9.20748850e-01  1.51738892e-01  9.48252621e-01
9.18141081e-01  3.49202217e-01  5.99363519e-01  9.67444011e-01  2.31872755e-01  6.29585901e-01
7.75905343e-01  5.06774521e-01  9.78987878e-01  9.09691451e-01  3.03881039e-01  9.82795844e-01
7.94568947e-01  6.34997340e-01  8.28680051e-01  9.25524978e-01  5.04774649e-01  8.33198598e-01
7.78038339e-01  4.91400685e-01  9.82075861e-01  9.09563796e-01  2.93727372e-01  9.86042675e-01
8.25965541e-01  5.68703596e-01  7.66448113e-01  9.38027087e-01  4.15953087e-01  7.74765294e-01
8.77826075e-01  3.71253392e-01  7.22215746e-01  9.46657128e-01  2.99462435e-01  7.46750456e-01
8.55619066e-01  3.03026139e-01  8.44132418e-01  9.32150321e-01  2.01575466e-01  8.63204762e-01
7.83249789e-01  6.79610587e-01  8.37245864e-01  9.24381778e-01  5.12366969e-01  8.38715673e-01
9.33353866e-01  3.03980043e-01  5.77907424e-01  9.68987343e-01  2.51742614e-01  6.14935896e-01
8.82401844e-01  4.77117174e-01  6.35142047e-01  9.57971528e-01  3.85564291e-01  6.53591658e-01
7.66400797e-01  6.73618236e-01  8.98858678e-01  9.16905923e-01  4.57068591e-01  8.99889767e-01
8.21667546e-01  6.84866521e-01  7.02440769e-01  9.42200216e-01  6.00737366e-01  7.03296623e-01
8.45206247e-01  3.80723579e-01  8.27273226e-01  9.32628386e-01  2.68259155e-01  8.44192828e-01
8.34291067e-01  4.78947611e-01  7.98278039e-01  9.34901140e-01  3.44139264e-01  8.11470616e-01
9.52337113e-01  3.28011063e-01  4.96837984e-01  9.82338658e-01  2.42710019e-01  5.31461711e-01
8.17243814e-01  4.02025713e-01  9.08436295e-01  9.20184690e-01  2.87376256e-01  9.19436904e-01
7.98321097e-01  6.09213131e-01  8.33261681e-01  9.26258533e-01  4.62165303e-01  8.38682346e-01
7.72025476e-01  5.75970613e-01  9.45542403e-01  9.11478742e-01  3.95008658e-01  9.49540733e-01
8.26577924e-01  2.51801242e-01  9.77932831e-01  9.14272797e-01  1.64912717e-01  9.86641195e-01
8.81940579e-01  3.64033101e-01  7.13031374e-01  9.48899360e-01  2.75373879e-01  7.38128788e-01
7.64753338e-01  5.76412682e-01  9.70092230e-01  9.08813981e-01  3.68109687e-01  9.73065317e-01
9.06524776e-01  6.19591040e-01  4.56584332e-01  9.77935572e-01  6.83513930e-01  4.54300522e-01
9.19742043e-01  4.11890426e-01  5.51590112e-01  9.71122705e-01  3.50335481e-01  5.77664802e-01
7.81899237e-01  5.97292855e-01  8.97415138e-01  9.17291019e-01  4.37212267e-01  9.02167858e-01
9.25062391e-01  2.75011662e-01  6.25783107e-01  9.63810462e-01  1.91948709e-01  6.62437777e-01
7.93249648e-01  4.86238217e-01  9.33583951e-01  9.14146587e-01  3.59393581e-01  9.40945175e-01
7.99329439e-01  7.86269357e-01  7.10328459e-01  9.41284227e-01  6.35431959e-01  7.00875630e-01
8.44336195e-01  4.01613617e-01  8.16148547e-01  9.35456959e-01  2.44003434e-01  8.31850187e-01
7.88322183e-01  4.65953534e-01  9.64111094e-01  9.10763202e-01  3.27630093e-01  9.70242367e-01
8.23660131e-01  7.38834875e-01  6.59213361e-01  9.49109010e-01  6.28118939e-01  6.52436495e-01
9.10067532e-01  6.07243256e-01  4.52813739e-01  9.80098946e-01  6.39972050e-01  4.50836373e-01
8.03452127e-01  5.23290953e-01  8.74015857e-01  9.22702097e-01  3.77655360e-01  8.82218774e-01
8.06350373e-01  5.01661024e-01  8.78413236e-01  9.22536112e-01  3.58594922e-01  8.87324412e-01
8.41029580e-01  1.77011413e-01  9.79030807e-01  9.15743944e-01  1.16586582e-01  9.88761028e-01
9.18758768e-01  2.41235227e-01  6.70410034e-01  9.57502939e-01  1.75706548e-01  7.07294623e-01
8.08862693e-01  6.78615260e-01  7.50706110e-01  9.37088254e-01  5.37447732e-01  7.51735229e-01
8.58845559e-01  6.87808507e-01  5.73438889e-01  9.61960919e-01  6.34449369e-01  5.68491749e-01
9.77206862e-01  3.08220033e-01  4.25230577e-01  9.91819648e-01  2.76092642e-01  4.62669713e-01
8.97609542e-01  4.94636354e-01  5.71364367e-01  9.68806964e-01  3.74262456e-01  5.86796432e-01
7.98128534e-01  5.74455540e-01  8.57376503e-01  9.22976089e-01  4.42962675e-01  8.64328047e-01
9.49543304e-01  2.78446949e-01  5.39828970e-01  9.75318310e-01  2.25723663e-01  5.80551152e-01
7.82345026e-01  6.93250440e-01  8.31132571e-01  9.26390349e-01  4.90440884e-01  8.31075533e-01
8.07353125e-01  5.73300306e-01  8.26639794e-01  9.29841165e-01  3.89236210e-01  8.33141985e-01
8.69742469e-01  6.41616898e-01  5.67382271e-01  9.64477048e-01  5.72417968e-01  5.67186168e-01
8.46798072e-01  7.33816941e-01  5.83549681e-01  9.56966615e-01  7.38886278e-01  5.75552312e-01
8.84100853e-01  7.00029759e-01  4.78910507e-01  9.75854005e-01  6.97461388e-01  4.64316337e-01
9.10530784e-01  6.00714103e-01  4.55637148e-01  9.80542727e-01  6.13761581e-01  4.54257274e-01
7.54212597e-01  6.31410728e-01  9.68988643e-01  9.06436606e-01  4.39065032e-01  9.71346988e-01
7.68079817e-01  5.93567161e-01  9.47147304e-01  9.09458214e-01  4.42017096e-01  9.51259858e-01
7.58759243e-01  7.72114014e-01  8.58494714e-01  9.21476290e-01  5.25894933e-01  8.54116877e-01
9.02612778e-01  6.52237379e-01  4.47918842e-01  9.80503496e-01  6.82686518e-01  4.38028111e-01
8.18162329e-01  5.92463653e-01  7.76776585e-01  9.37818764e-01  3.87734183e-01  7.82332363e-01
9.11672524e-01  3.50125831e-01  6.20839374e-01  9.64184509e-01  2.32587985e-01  6.50321121e-01
9.20924027e-01  4.60203497e-01  5.14949636e-01  9.77018568e-01  3.75091277e-01  5.33929916e-01
8.42230826e-01  4.93282780e-01  7.61476972e-01  9.40070034e-01  3.57707707e-01  7.75072599e-01
8.54025815e-01  3.28814664e-01  8.32469768e-01  9.33142427e-01  2.26523488e-01  8.51392468e-01
8.74944057e-01  3.26773930e-01  7.62079503e-01  9.42688313e-01  2.39601745e-01  7.86520403e-01
9.82010775e-01  3.02929091e-01  4.12389481e-01  9.94231606e-01  2.65137552e-01  4.49819280e-01
7.56983087e-01  6.17600109e-01  9.68843952e-01  9.08126210e-01  3.95523539e-01  9.70921433e-01
9.24734203e-01  3.68175674e-01  5.64035056e-01  9.71722777e-01  2.67796611e-01  5.93552281e-01
8.86312122e-01  6.94640169e-01  4.74992857e-01  9.73942003e-01  7.54048140e-01  4.63049036e-01
7.75442138e-01  5.20582376e-01  9.71250228e-01  9.08114072e-01  3.74134537e-01  9.76114004e-01
7.95719999e-01  8.33879577e-01  6.90531304e-01  9.46019426e-01  6.22504590e-01  6.73595380e-01
8.47667934e-01  7.24606336e-01  5.86794090e-01  9.60414513e-01  6.38921329e-01  5.77340908e-01
9.34550673e-01  3.75406861e-01  5.25618532e-01  9.75442540e-01  3.25026274e-01  5.56009636e-01
8.43270717e-01  5.98706372e-01  6.86779593e-01  9.50504179e-01  4.23833760e-01  6.92335999e-01
8.78101732e-01  5.61129534e-01  5.93138856e-01  9.62321371e-01  4.80277144e-01  6.03044721e-01
8.64799766e-01  4.57127066e-01  7.08768622e-01  9.46618831e-01  3.79780677e-01  7.27790474e-01
8.27742287e-01  3.85280526e-01  8.83867182e-01  9.25037702e-01  2.52776731e-01  8.96582539e-01
8.36037722e-01  7.85815755e-01  5.85221352e-01  9.57596602e-01  7.47502002e-01  5.69451482e-01
7.67733650e-01  6.74285517e-01  8.93854249e-01  9.17474217e-01  4.62530812e-01  8.94938502e-01
7.51109858e-01  6.59760487e-01  9.60755164e-01  9.08465101e-01  4.26439734e-01  9.61871643e-01
9.24866521e-01  2.23380054e-01  6.61592545e-01  9.58997878e-01  1.63750509e-01  7.00565020e-01
7.79641599e-01  5.72660067e-01  9.21754821e-01  9.16852094e-01  3.50925190e-01  9.25616554e-01
8.18734985e-01  3.85982435e-01  9.14168781e-01  9.19360956e-01  2.84316667e-01  9.25452098e-01
8.74729092e-01  3.27632982e-01  7.62234530e-01  9.43475844e-01  2.19998162e-01  7.86156758e-01
8.39893997e-01  7.21875581e-01  6.15493487e-01  9.54451635e-01  6.66904852e-01  6.09411778e-01
7.63932904e-01  5.94044543e-01  9.61292868e-01  9.08589102e-01  4.11906642e-01  9.64551538e-01
8.90078089e-01  2.57109736e-01  7.57386447e-01  9.44579644e-01  1.89234076e-01  7.86433276e-01
8.62178258e-01  2.66400622e-01  8.46439708e-01  9.32872934e-01  1.67487829e-01  8.66720981e-01
8.01339790e-01  4.71701494e-01  9.16050336e-01  9.17048574e-01  3.51808862e-01  9.24661840e-01
8.15897964e-01  3.17461604e-01  9.70109328e-01  9.14604875e-01  1.91629755e-01  9.78122388e-01
8.64920366e-01  2.97718994e-01  8.15935129e-01  9.37148755e-01  1.76733060e-01  8.37084700e-01
9.02297981e-01  4.15272328e-01  6.08903725e-01  9.64262345e-01  3.03562197e-01  6.32850784e-01
8.08761480e-01  5.96255494e-01  8.06334955e-01  9.29376555e-01  4.83924636e-01  8.13480006e-01
8.47671339e-01  4.65562914e-01  7.61595578e-01  9.39353736e-01  3.65870191e-01  7.77715159e-01
8.51063697e-01  5.20478965e-01  7.12946046e-01  9.47418282e-01  3.68534491e-01  7.25351951e-01
8.15800538e-01  4.45070752e-01  8.84316491e-01  9.22318393e-01  3.30507476e-01  8.95437279e-01
8.00520222e-01  7.43697429e-01  7.34990609e-01  9.40577848e-01  5.36892053e-01  7.28969006e-01
8.02834793e-01  8.21875181e-01  6.74622263e-01  9.47749024e-01  6.41624671e-01  6.58446706e-01
8.69911936e-01  2.78620044e-01  8.11769640e-01  9.37174422e-01  1.86085217e-01  8.34683772e-01
8.26091316e-01  4.46385068e-01  8.48269566e-01  9.29058320e-01  2.95952901e-01  8.60469365e-01
8.21154902e-01  8.16713935e-01  6.15216694e-01  9.54676518e-01  7.12565385e-01  5.96534450e-01
8.03674300e-01  3.60229357e-01  9.83011216e-01  9.11494135e-01  2.27654183e-01  9.89460964e-01
8.40061414e-01  8.44768398e-01  5.31990063e-01  9.66196150e-01  8.04524023e-01  5.01177123e-01
8.74787462e-01  4.20678709e-01  6.99243644e-01  9.51664700e-01  2.78526847e-01  7.19637959e-01
8.62473194e-01  2.34873712e-01  8.66708757e-01  9.30076199e-01  1.59218605e-01  8.86636943e-01
7.80326435e-01  4.99497110e-01  9.68793112e-01  9.11130775e-01  3.05232078e-01  9.73240625e-01
8.04481242e-01  7.92996915e-01  6.88187657e-01  9.46186307e-01  6.08707297e-01  6.75824184e-01
9.08486183e-01  5.28097592e-01  5.11624858e-01  9.72533997e-01  5.33269835e-01  5.24870742e-01
7.90457207e-01  6.62442342e-01  8.24208304e-01  9.29543576e-01  4.30825748e-01  8.25105769e-01
7.65199598e-01  5.79947646e-01  9.66182160e-01  9.10393149e-01  3.44012262e-01  9.68698522e-01
7.86118563e-01  7.75450368e-01  7.62765496e-01  9.33953531e-01  6.00507439e-01  7.56245764e-01
7.78496435e-01  7.30946927e-01  8.18841750e-01  9.27864204e-01  5.13297578e-01  8.16156589e-01
7.71997055e-01  5.11478115e-01  9.89166261e-01  9.05241426e-01  3.77636291e-01  9.93702465e-01
8.54956771e-01  7.09473605e-01  5.72104444e-01  9.62581061e-01  6.37617757e-01  5.63756609e-01
8.12152576e-01  6.15128502e-01  7.82012928e-01  9.34440481e-01  4.57911733e-01  7.87219936e-01
8.07791545e-01  4.89937786e-01  8.81400576e-01  9.21336525e-01  3.74792519e-01  8.91145500e-01
8.85328813e-01  5.59482967e-01  5.69559139e-01  9.63691428e-01  5.37160395e-01  5.80655671e-01
8.47929942e-01  3.68997936e-01  8.25880549e-01  9.32872128e-01  2.64367233e-01  8.43560093e-01
9.18500416e-01  3.11232645e-01  6.23758679e-01  9.64087829e-01  2.07678244e-01  6.56897559e-01
9.38365382e-01  5.25096748e-01  4.11573432e-01  9.88927691e-01  5.43423470e-01  4.17296190e-01
8.46743647e-01  8.65413539e-01  4.94931107e-01  9.68841430e-01  9.12854552e-01  4.57790726e-01
8.81352573e-01  2.15710255e-01  8.15137075e-01  9.37865789e-01  1.41949181e-01  8.40803191e-01
8.65659732e-01  6.49474231e-01  5.76027931e-01  9.61725662e-01  6.08104401e-01  5.76300132e-01
7.65891898e-01  6.74997175e-01  8.99667107e-01  9.17323855e-01  4.43850284e-01  9.00369909e-01
9.13923451e-01  3.02881229e-01  6.45030825e-01  9.59572649e-01  2.37035611e-01  6.78837884e-01
9.19172680e-01  4.08101856e-01  5.56091705e-01  9.69543756e-01  3.69196608e-01  5.83282058e-01
9.61223455e-01  4.06658579e-01  4.13407187e-01  9.92932518e-01  3.60283710e-01  4.35400801e-01
7.87801128e-01  7.24258678e-01  7.91564580e-01  9.31685757e-01  5.24333286e-01  7.89006083e-01
7.64020297e-01  5.99554788e-01  9.56978604e-01  9.11484581e-01  3.54702054e-01  9.59141629e-01
9.77443109e-01  2.82842454e-01  4.41548485e-01  9.89364424e-01  2.56568085e-01  4.83085735e-01
8.48534947e-01  7.54888967e-01  5.63396266e-01  9.62403795e-01  7.03913873e-01  5.49041233e-01
8.84696393e-01  4.35527426e-01  6.55368903e-01  9.55293336e-01  3.57284593e-01  6.77531615e-01
7.70252457e-01  7.62977056e-01  8.25392714e-01  9.27096666e-01  5.16072100e-01  8.20416170e-01
8.19649807e-01  6.43889195e-01  7.36988937e-01  9.41014414e-01  4.79733673e-01  7.39836531e-01
8.14664293e-01  6.86243274e-01  7.25438742e-01  9.39904402e-01  5.67703866e-01  7.25920832e-01
8.18106219e-01  5.82882744e-01  7.83433718e-01  9.36190985e-01  3.99294470e-01  7.90008712e-01
8.41970169e-01  7.46067711e-01  5.91777518e-01  9.60898756e-01  6.19674698e-01  5.78837166e-01
8.15453591e-01  7.89204492e-01  6.53260110e-01  9.52114619e-01  6.04826751e-01  6.38728227e-01
8.68214258e-01  5.02144126e-01  6.66724211e-01  9.53511735e-01  3.86193347e-01  6.82046140e-01
8.43261664e-01  3.96726015e-01  8.23117863e-01  9.33546139e-01  2.64618142e-01  8.39176919e-01
9.54025239e-01  4.29971207e-01  4.22266562e-01  9.88474110e-01  4.44798522e-01  4.43787799e-01
8.68602556e-01  2.46310215e-01  8.38048575e-01  9.34540430e-01  1.51257783e-01  8.59906456e-01
8.03137871e-01  8.52249833e-01  6.52790522e-01  9.49687030e-01  6.97451267e-01  6.32150609e-01
8.83404460e-01  4.14548152e-01  6.73940681e-01  9.54358472e-01  3.03297052e-01  6.96437159e-01
8.41469209e-01  8.54205134e-01  5.20812296e-01  9.67195793e-01  8.34872716e-01  4.87508799e-01
8.14726841e-01  6.06258855e-01  7.79204197e-01  9.36726633e-01  4.09744911e-01  7.84074122e-01
9.34972263e-01  4.23061450e-01  4.92318088e-01  9.79960156e-01  3.72140504e-01  5.16285315e-01
9.13944004e-01  3.80934126e-01  5.92288338e-01  9.65692030e-01  3.14377529e-01  6.21094779e-01
8.03935369e-01  4.64617779e-01  9.11664737e-01  9.17913913e-01  3.43080454e-01  9.20681769e-01
8.42784921e-01  8.31067875e-01  5.31632954e-01  9.65303125e-01  8.15575737e-01  5.03745452e-01
8.42608022e-01  8.22214267e-01  5.38212054e-01  9.65285212e-01  7.82587799e-01  5.11748188e-01
9.24585451e-01  2.34655800e-01  6.54645493e-01  9.59075882e-01  1.88405208e-01  6.93652520e-01
8.55767724e-01  1.89953960e-01  9.19936212e-01  9.23355835e-01  1.33277977e-01  9.35945434e-01
8.13336703e-01  5.49546265e-01  8.22227128e-01  9.31355195e-01  3.62068112e-01  8.29927369e-01
8.71997352e-01  4.98909235e-01  6.55982379e-01  9.54810308e-01  3.93577796e-01  6.71951395e-01
8.91131193e-01  6.58771373e-01  4.82734261e-01  9.74068377e-01  6.94821500e-01  4.76400318e-01
8.78616282e-01  7.09026235e-01  4.91576456e-01  9.71702930e-01  7.48312303e-01  4.78781610e-01
8.31656187e-01  7.09651957e-01  6.51588268e-01  9.48094372e-01  6.68365177e-01  6.49320807e-01
8.14346451e-01  3.85929429e-01  9.29200411e-01  9.19396817e-01  2.28853770e-01  9.38484650e-01
8.64903185e-01  2.93257174e-01  8.19004466e-01  9.35671276e-01  2.01239416e-01  8.40701373e-01
7.83301742e-01  6.59820446e-01  8.50424610e-01  9.23647669e-01  4.74271301e-01  8.52533837e-01
8.56412089e-01  3.70647891e-01  7.95786894e-01  9.37545963e-01  2.57833606e-01  8.15144083e-01
7.60846790e-01  6.95975274e-01  9.02746792e-01  9.15990155e-01  4.69365189e-01  9.02823218e-01
8.24209690e-01  5.76398277e-01  7.66955599e-01  9.35628369e-01  4.73173169e-01  7.75951479e-01
7.99801027e-01  4.90752244e-01  9.08154005e-01  9.20514602e-01  2.96097002e-01  9.15235426e-01
8.06750766e-01  7.45554422e-01  7.12449887e-01  9.42180964e-01  5.87746933e-01  7.06526325e-01
8.14512680e-01  7.97894503e-01  6.50908031e-01  9.51612375e-01  6.32798279e-01  6.35777956e-01
9.48015195e-01  3.63203827e-01  4.87854173e-01  9.81081190e-01  3.25721799e-01  5.19677700e-01
9.44335231e-01  5.02772861e-01  4.06243200e-01  9.91544439e-01  4.88394986e-01  4.13670770e-01
8.68097222e-01  2.88186649e-01  8.11513474e-01  9.36632420e-01  2.02736883e-01  8.34178443e-01
8.88511854e-01  6.20662200e-01  5.17399587e-01  9.69806476e-01  6.31193032e-01  5.18949938e-01
8.10455841e-01  3.72745432e-01  9.51392283e-01  9.16760103e-01  2.12154283e-01  9.59390321e-01
8.31387293e-01  5.72476126e-01  7.45080665e-01  9.41374208e-01  4.14028492e-01  7.53240182e-01
9.09565745e-01  6.45486043e-01  4.28721280e-01  9.83538260e-01  6.86700382e-01  4.17603887e-01
8.74133310e-01  2.33763723e-01  8.27619037e-01  9.35968953e-01  1.49558940e-01  8.51150005e-01
7.50763589e-01  6.40983175e-01  9.74313159e-01  9.06272408e-01  4.23821053e-01  9.76045431e-01
7.50550079e-01  6.19658680e-01  9.89435654e-01  9.05863403e-01  3.72889197e-01  9.90848082e-01
8.57308347e-01  6.36645047e-01  6.13217732e-01  9.59324268e-01  5.13063314e-01  6.14428194e-01
8.64396564e-01  7.51278903e-01  5.11643188e-01  9.70048832e-01  7.33466576e-01  4.92940535e-01
9.46135955e-01  3.32449130e-01  5.15028063e-01  9.78254111e-01  2.74481866e-01  5.50062425e-01
8.52047518e-01  8.77434476e-01  4.68699226e-01  9.71763458e-01  9.67635753e-01  4.25950500e-01
8.34921392e-01  3.40840979e-01  8.89330039e-01  9.25377075e-01  2.16165671e-01  9.03160348e-01
9.76059725e-01  2.52507971e-01  4.66744493e-01  9.85634251e-01  2.33329354e-01  5.12567248e-01
8.65822996e-01  3.03911670e-01  8.08671073e-01  9.36082755e-01  2.30293239e-01  8.31114710e-01
8.07221537e-01  5.63551344e-01  8.33668301e-01  9.28132556e-01  4.02240073e-01  8.40991642e-01
7.82056283e-01  7.06559848e-01  8.23136849e-01  9.27075462e-01  5.08568199e-01  8.22346535e-01
9.86943344e-01  2.89208543e-01  4.04797166e-01  9.94870800e-01  2.70111740e-01  4.44530207e-01
7.89918613e-01  4.59102241e-01  9.63280170e-01  9.10548872e-01  3.35193307e-01  9.69808567e-01
9.06313157e-01  4.87574589e-01  5.46394621e-01  9.70108321e-01  4.34277098e-01  5.64099287e-01
8.91274218e-01  4.72172011e-01  6.08167559e-01  9.62310677e-01  3.79724713e-01  6.27156971e-01
8.53304745e-01  7.64467700e-01  5.40637179e-01  9.68231420e-01  6.65607705e-01  5.20823099e-01
8.80346886e-01  5.45908510e-01  5.95740644e-01  9.64835934e-01  4.02550562e-01  6.05502136e-01
8.53232783e-01  2.24430150e-01  9.05329550e-01  9.25160971e-01  1.44546307e-01  9.21672436e-01
7.61132843e-01  6.49248888e-01  9.33304101e-01  9.10856649e-01  4.69398406e-01  9.35742440e-01
8.67294680e-01  4.48850644e-01  7.05831017e-01  9.50153287e-01  3.01593418e-01  7.23816507e-01
8.56708601e-01  5.88256101e-01  6.47921458e-01  9.55706353e-01  4.42315958e-01  6.54550079e-01
8.98859741e-01  5.61690426e-01  5.21842968e-01  9.70403219e-01  5.63876461e-01  5.31218814e-01
8.49231952e-01  7.56764331e-01  5.59750106e-01  9.66827966e-01  6.15572936e-01  5.41788669e-01
8.79712620e-01  5.64004422e-01  5.85695274e-01  9.62835016e-01  4.98044225e-01  5.95501870e-01
7.42069525e-01  6.92423620e-01  9.69302204e-01  9.07297893e-01  4.24642760e-01  9.69271235e-01
7.98335661e-01  4.04525328e-01  9.71355835e-01  9.11592968e-01  2.72610769e-01  9.78076678e-01
8.22909509e-01  2.65344663e-01  9.81327192e-01  9.14635910e-01  1.45149072e-01  9.89038128e-01
8.19917781e-01  8.19704850e-01  6.17425229e-01  9.55948604e-01  6.74976695e-01  5.97363417e-01
7.83806397e-01  5.45009235e-01  9.26184586e-01  9.13464451e-01  4.13720752e-01  9.32329496e-01
9.04629227e-01  6.62341120e-01  4.34211918e-01  9.82891261e-01  6.91591934e-01  4.20583994e-01
8.62613334e-01  7.31095825e-01  5.31355044e-01  9.64950332e-01  7.58960024e-01  5.19545803e-01
9.24097170e-01  4.06423524e-01  5.40401025e-01  9.75119317e-01  2.94262254e-01  5.65438865e-01
9.60462166e-01  4.08144854e-01  4.15004818e-01  9.89572682e-01  4.32777584e-01  4.39616091e-01
8.66140642e-01  5.75202955e-01  6.24506227e-01  9.59701643e-01  4.29852573e-01  6.31904739e-01
7.44793250e-01  7.05191159e-01  9.51378498e-01  9.08991958e-01  4.54697686e-01  9.51218222e-01
8.47985313e-01  3.37056681e-01  8.47247922e-01  9.30820944e-01  2.30978652e-01  8.64700552e-01
7.96719877e-01  6.69145982e-01  7.98285504e-01  9.29877573e-01  5.24648462e-01  8.00528509e-01
8.06348951e-01  7.24814709e-01  7.27818432e-01  9.38800555e-01  6.00653787e-01  7.25121960e-01
8.51202953e-01  4.83348278e-01  7.37528095e-01  9.45053816e-01  3.21249242e-01  7.51824444e-01
7.94170389e-01  6.63755009e-01  8.10635010e-01  9.29798047e-01  4.77323384e-01  8.12355003e-01
8.51122517e-01  3.86248941e-01  8.03330938e-01  9.36721516e-01  2.55173527e-01  8.21068215e-01
8.47120833e-01  5.27172031e-01  7.21899679e-01  9.44757004e-01  4.02287905e-01  7.34350315e-01
7.47243854e-01  6.37009944e-01  9.89021691e-01  9.05232176e-01  3.92281501e-01  9.90259683e-01
8.68793665e-01  4.38494309e-01  7.07697758e-01  9.47355401e-01  3.58941711e-01  7.28049101e-01
8.45453117e-01  3.69126457e-01  8.34256227e-01  9.31566140e-01  2.66532028e-01  8.51419168e-01
9.26072859e-01  2.32517542e-01  6.51007077e-01  9.60475413e-01  1.66465121e-01  6.89922227e-01
7.47424515e-01  6.63532891e-01  9.70503972e-01  9.08056813e-01  3.97000287e-01  9.71013418e-01
8.38494004e-01  3.66360916e-01  8.59900408e-01  9.29423428e-01  2.26636081e-01  8.74702777e-01
8.56719710e-01  8.04117879e-01  5.02213424e-01  9.73055551e-01  7.39474708e-01  4.72219259e-01
8.55663448e-01  3.10411394e-01  8.38996959e-01  9.33429530e-01  1.89822824e-01  8.57810100e-01
8.29448638e-01  2.93364972e-01  9.40070875e-01  9.18138767e-01  2.07589617e-01  9.51638845e-01
7.96727271e-01  4.87289584e-01  9.20992438e-01  9.16924813e-01  3.37113737e-01  9.28452804e-01
8.22361623e-01  6.31541250e-01  7.36056991e-01  9.41532966e-01  4.66046683e-01  7.39783352e-01
7.83603989e-01  8.41923205e-01  7.26497831e-01  9.40229470e-01  6.20182577e-01  7.11287195e-01
8.62907300e-01  5.03690368e-01  6.83811439e-01  9.49743593e-01  4.14246367e-01  6.99506921e-01
8.38964626e-01  5.65075868e-01  7.24186210e-01  9.43781797e-01  4.31532594e-01  7.33612329e-01
7.43760478e-01  6.68632357e-01  9.79581258e-01  9.05766819e-01  4.19491524e-01  9.80323693e-01
7.64782484e-01  5.68488309e-01  9.75339859e-01  9.05758093e-01  4.23564964e-01  9.79405626e-01
7.72169422e-01  7.95646833e-01  7.96794866e-01  9.29768984e-01  5.74629904e-01  7.89273387e-01
8.17575940e-01  2.80447354e-01  9.89358282e-01  9.12876495e-01  1.62154881e-01  9.96256878e-01
7.94677299e-01  5.17356266e-01  9.07704133e-01  9.16910205e-01  3.92321096e-01  9.15345050e-01
9.14609457e-01  2.57557470e-01  6.73273295e-01  9.57074098e-01  1.79997761e-01  7.08502281e-01
8.78194176e-01  6.92991660e-01  5.03839316e-01  9.73672489e-01  6.41613512e-01  4.91662179e-01
8.15938153e-01  7.91971630e-01  6.49737196e-01  9.52472183e-01  6.11880114e-01  6.34748267e-01
7.99090746e-01  4.30641632e-01  9.51148990e-01  9.13344548e-01  3.06274245e-01  9.58791832e-01
9.04551494e-01  3.38788010e-01  6.52818671e-01  9.58916530e-01  2.39398091e-01  6.82481287e-01
8.70135270e-01  5.35186788e-01  6.37862390e-01  9.55455078e-01  4.62174131e-01  6.51413345e-01
8.00995740e-01  8.51243747e-01  6.60788412e-01  9.49870195e-01  6.59806516e-01  6.39977261e-01
8.29009394e-01  5.65757063e-01  7.57739970e-01  9.41312172e-01  3.65420851e-01  7.65261110e-01
8.13402312e-01  5.00013635e-01  8.55431768e-01  9.28317911e-01  3.00437537e-01  8.64146039e-01
9.76346826e-01  3.27255887e-01  4.15323082e-01  9.92187506e-01  3.17240244e-01  4.50471420e-01
8.45485176e-01  5.59608106e-01  7.05598837e-01  9.47446099e-01  4.10533344e-01  7.15130835e-01
7.90568898e-01  4.84640709e-01  9.43822400e-01  9.14025984e-01  3.24085662e-01  9.50161775e-01
8.73865320e-01  6.78024048e-01  5.28728412e-01  9.67875268e-01  6.67270403e-01  5.22709858e-01
9.39753458e-01  3.90645874e-01  4.97560634e-01  9.79680130e-01  3.38131583e-01  5.25696566e-01
9.19649521e-01  3.13079261e-01  6.18586212e-01  9.62714552e-01  2.60101330e-01  6.53170458e-01
8.30604881e-01  7.85947609e-01  6.03694181e-01  9.59656348e-01  6.23700940e-01  5.85843103e-01
8.65007839e-01  6.48418535e-01  5.78967897e-01  9.63812604e-01  5.46456292e-01  5.77655652e-01
7.47450697e-01  6.51455331e-01  9.78565114e-01  9.05703962e-01  4.22863368e-01  9.79920578e-01
7.75102111e-01  5.86306293e-01  9.28054894e-01  9.14583355e-01  3.85852771e-01  9.31816569e-01
8.16798519e-01  7.37545031e-01  6.83526555e-01  9.46092578e-01  6.03924189e-01  6.77569101e-01
8.63403386e-01  6.32657830e-01  5.95084634e-01  9.58952563e-01  5.90403889e-01  5.98318974e-01
8.69060301e-01  5.59552685e-01  6.25092880e-01  9.60415370e-01  4.02962234e-01  6.33756853e-01
9.05216696e-01  3.35387032e-01  6.52840792e-01  9.57689684e-01  2.67617628e-01  6.83602459e-01
7.98843251e-01  7.58387236e-01  7.30805713e-01  9.38412350e-01  6.11921396e-01  7.24917599e-01
8.22358195e-01  5.95038829e-01  7.60702782e-01  9.39201235e-01  4.15795435e-01  7.66755151e-01
8.55423053e-01  2.18755662e-01  9.01675718e-01  9.26105735e-01  1.32848555e-01  9.18409792e-01
8.87013093e-01  7.22987227e-01  4.53469298e-01  9.79831364e-01  7.27558310e-01  4.31609662e-01
8.85995980e-01  6.52230764e-01  5.04691773e-01  9.72818406e-01  6.31273514e-01  4.99612579e-01
9.26632054e-01  3.57446727e-01  5.64791170e-01  9.70381437e-01  2.91705490e-01  5.96438542e-01
7.60346376e-01  7.29513393e-01  8.81822525e-01  9.19227827e-01  4.78572075e-01  8.79854756e-01
8.11215536e-01  3.77550912e-01  9.45552971e-01  9.17065752e-01  2.26385993e-01  9.54026651e-01
8.70492175e-01  7.15946484e-01  5.14661268e-01  9.68123394e-01  7.42500932e-01  5.03129805e-01
8.18234172e-01  6.33847998e-01  7.48602727e-01  9.41657022e-01  4.15755124e-01  7.51013321e-01
8.96978592e-01  3.71744272e-01  6.56450568e-01  9.56218809e-01  3.04777979e-01  6.84150912e-01
9.82044670e-01  3.04579068e-01  4.11160260e-01  9.94249600e-01  2.70442732e-01  4.48435338e-01
8.70583802e-01  4.28260284e-01  7.08489024e-01  9.50119649e-01  2.85077278e-01  7.27981577e-01
8.47412525e-01  6.25231017e-01  6.54729247e-01  9.54793242e-01  4.55196144e-01  6.57326853e-01
8.74338466e-01  7.31737989e-01  4.90865111e-01  9.76546819e-01  6.54412912e-01  4.70166146e-01
7.87207073e-01  8.49624145e-01  7.08990841e-01  9.43141867e-01  6.24236942e-01  6.91637687e-01
8.35072702e-01  7.07448869e-01  6.41403394e-01  9.53035121e-01  5.88890522e-01  6.36634820e-01
8.60087272e-01  5.74503467e-01  6.45658891e-01  9.55200954e-01  4.56774079e-01  6.54334510e-01
8.15152467e-01  5.74463746e-01  7.99504537e-01  9.32686043e-01  4.24063799e-01  8.07083547e-01
8.97208096e-01  3.85875213e-01  6.46130358e-01  9.57016190e-01  3.28744422e-01  6.73305754e-01
8.99790943e-01  3.13356434e-01  6.86244639e-01  9.53480485e-01  2.41733794e-01  7.16789453e-01
9.44963050e-01  3.48326889e-01  5.08320737e-01  9.80446232e-01  2.56088710e-01  5.40400473e-01
8.55432797e-01  7.84002057e-01  5.20184162e-01  9.66802626e-01  7.96179599e-01  4.98765747e-01
8.04381475e-01  7.18636832e-01  7.38709712e-01  9.37783868e-01  5.80277737e-01  7.36515274e-01
8.44542474e-01  5.09889357e-01  7.42372172e-01  9.42760714e-01  3.68421039e-01  7.55252742e-01
8.35215615e-01  8.99285730e-01  5.11457828e-01  9.70697688e-01  8.24177600e-01  4.67088704e-01
8.60832490e-01  5.49599698e-01  6.59918636e-01  9.52663283e-01  4.52603487e-01  6.71608271e-01
9.18059736e-01  5.96173726e-01  4.32980018e-01  9.86319821e-01  5.68720971e-01  4.27973686e-01
8.75344078e-01  4.65400880e-01  6.67161607e-01  9.55442420e-01  3.22586327e-01  6.84872338e-01
8.13725126e-01  5.14237800e-01  8.44729133e-01  9.29430955e-01  3.16181506e-01  8.53242118e-01
7.72124196e-01  6.37777780e-01  9.03490541e-01  9.14474426e-01  4.92134470e-01  9.07100664e-01
7.74248685e-01  7.15633993e-01  8.43688876e-01  9.23885121e-01  5.09484640e-01  8.42590492e-01
7.73955355e-01  5.05425299e-01  9.86858618e-01  9.07036209e-01  3.42854123e-01  9.91024488e-01
8.18354607e-01  5.08705082e-01  8.32644522e-01  9.28938665e-01  3.71891461e-01  8.43078224e-01
8.43473281e-01  3.25927453e-01  8.70175316e-01  9.28144283e-01  2.13065592e-01  8.86152402e-01
9.33922460e-01  3.00849386e-01  5.78077509e-01  9.68864393e-01  2.52614300e-01  6.15516056e-01
8.51842403e-01  2.56635090e-01  8.88344861e-01  9.26549086e-01  1.75080708e-01  9.05467321e-01
7.94921602e-01  8.13662227e-01  7.07200298e-01  9.42868766e-01  6.23854926e-01  6.93997512e-01
8.84917411e-01  2.50470144e-01  7.79797124e-01  9.42189681e-01  1.69619951e-01  8.06969564e-01
8.84715924e-01  5.74338068e-01  5.61629141e-01  9.69003544e-01  4.49831925e-01  5.67465804e-01
9.85124562e-01  2.88405064e-01  4.11552752e-01  9.92865128e-01  2.90655417e-01  4.52482028e-01
8.89275869e-01  7.09212728e-01  4.55331986e-01  9.78520660e-01  7.41618772e-01  4.37171076e-01
7.72735503e-01  7.01734641e-01  8.58240191e-01  9.23815815e-01  4.50661700e-01  8.57100903e-01
8.95616942e-01  2.59156671e-01  7.37081791e-01  9.48411183e-01  1.67243729e-01  7.67115983e-01
7.95253973e-01  5.82031088e-01  8.62086693e-01  9.24925923e-01  3.78765611e-01  8.67172568e-01
8.44443535e-01  8.21929386e-01  5.32133450e-01  9.65892115e-01  7.93523417e-01  5.05240754e-01
8.00305623e-01  5.30171524e-01  8.79825625e-01  9.22848427e-01  3.51674561e-01  8.86975993e-01
8.29681088e-01  3.39312000e-01  9.08267162e-01  9.23217814e-01  2.01669817e-01  9.20476490e-01
8.47564995e-01  5.06525148e-01  7.34315258e-01  9.41950095e-01  4.16945336e-01  7.48848985e-01
8.55645367e-01  8.50154395e-01  4.74816907e-01  9.71727994e-01  9.20702113e-01  4.37400337e-01
7.80833805e-01  6.56185182e-01  8.61309761e-01  9.21280818e-01  4.89863201e-01  8.63986690e-01
7.99790036e-01  4.74119550e-01  9.19415557e-01  9.16232235e-01  3.57957967e-01  9.27910751e-01
9.14882451e-01  3.79261237e-01  5.90211342e-01  9.66931658e-01  2.91522843e-01  6.18608808e-01
8.35308323e-01  2.36772794e-01  9.58244592e-01  9.17038345e-01  1.63478231e-01  9.69245381e-01
8.26168291e-01  7.61971514e-01  6.35030503e-01  9.50851660e-01  6.94180781e-01  6.25462817e-01
8.01458983e-01  5.91482837e-01  8.34506527e-01  9.26953328e-01  4.35556797e-01  8.40588548e-01
9.60073746e-01  3.29232116e-01  4.69583157e-01  9.85500224e-01  2.70330408e-01  5.04579420e-01
7.69419014e-01  5.67407902e-01  9.60525959e-01  9.10965726e-01  3.51731408e-01  9.63696864e-01
8.37398204e-01  5.68998155e-01  7.26890861e-01  9.42968037e-01  4.42591313e-01  7.36187443e-01
9.02846576e-01  5.05059559e-01  5.46736864e-01  9.72858854e-01  3.79384777e-01  5.60100000e-01
7.73306356e-01  6.91506427e-01  8.63191363e-01  9.20793036e-01  5.03444286e-01  8.63867818e-01
8.70414009e-01  7.85505210e-01  4.67988748e-01  9.73756110e-01  8.53651200e-01  4.40425015e-01
8.49590563e-01  7.94057130e-01  5.33358220e-01  9.66617644e-01  7.52784246e-01  5.10328579e-01
8.90814249e-01  4.92932180e-01  5.95729911e-01  9.65861337e-01  3.51524050e-01  6.11126523e-01
8.58238203e-01  4.51749870e-01  7.34815673e-01  9.44821486e-01  3.26007994e-01  7.52176707e-01
7.74126724e-01  7.21328240e-01  8.40263001e-01  9.24987405e-01  4.97306159e-01  8.38432489e-01
8.10892397e-01  7.66883919e-01  6.83905296e-01  9.44319319e-01  6.58649783e-01  6.75856885e-01
7.71535231e-01  5.95372205e-01  9.34123744e-01  9.13820939e-01  3.83240765e-01  9.37331438e-01
8.20586155e-01  4.06981364e-01  8.93671796e-01  9.22407627e-01  2.86702638e-01  9.05339719e-01
8.36496282e-01  5.79113522e-01  7.23146773e-01  9.45636091e-01  3.95659968e-01  7.30296697e-01
9.36928303e-01  2.71593465e-01  5.87550947e-01  9.67798630e-01  2.30803503e-01  6.27567096e-01
8.88143652e-01  3.49143563e-01  7.01887091e-01  9.51807889e-01  2.39367711e-01  7.28083231e-01
9.76628234e-01  3.61423578e-01  3.91305108e-01  9.95827285e-01  3.48195739e-01  4.19724627e-01
9.09067691e-01  5.94896302e-01  4.64561428e-01  9.78778103e-01  6.14888536e-01  4.65305831e-01
9.56974133e-01  4.38823770e-01  4.06218569e-01  9.91685463e-01  4.39476234e-01  4.24463328e-01
9.25665053e-01  3.61401349e-01  5.65426358e-01  9.71416110e-01  2.66645976e-01  5.95794351e-01
9.21114825e-01  5.73054204e-01  4.38144257e-01  9.85694520e-01  5.45561789e-01  4.37521905e-01
8.06556172e-01  6.38824749e-01  7.85142174e-01  9.34215498e-01  4.59155803e-01  7.88365494e-01
8.57180343e-01  2.23386804e-01  8.92545433e-01  9.26372805e-01  1.58864321e-01  9.10475754e-01
7.95603624e-01  5.32871628e-01  8.94068578e-01  9.20158557e-01  3.65619794e-01  9.00894552e-01
8.44880658e-01  4.38699295e-01  7.89558265e-01  9.38449128e-01  2.79475198e-01  8.04692963e-01
8.32260460e-01  7.01527699e-01  6.55007827e-01  9.53638336e-01  5.17917714e-01  6.49736576e-01
8.60394678e-01  5.29697640e-01  6.74845027e-01  9.50681818e-01  4.35739433e-01  6.88349798e-01
8.66528378e-01  3.74107914e-01  7.58888314e-01  9.41532680e-01  2.93681914e-01  7.81001011e-01
8.09163177e-01  5.63554240e-01  8.27032830e-01  9.29979447e-01  3.81701072e-01  8.34056854e-01
8.61032333e-01  3.37838556e-01  8.02441192e-01  9.37490418e-01  2.28629994e-01  8.23000376e-01
8.26215121e-01  4.18293921e-01  8.66804114e-01  9.25476902e-01  3.10589299e-01  8.79941102e-01
8.47505269e-01  2.67416192e-01  8.95888012e-01  9.25883551e-01  1.66979470e-01  9.11673362e-01
8.15488977e-01  3.38510980e-01  9.57299306e-01  9.14589080e-01  2.40626431e-01  9.66507288e-01
8.63252037e-01  4.90339486e-01  6.91643605e-01  9.49651446e-01  3.82046900e-01  7.07797414e-01
9.30357338e-01  2.80699307e-01  6.03854963e-01  9.65257678e-01  2.37648731e-01  6.42227786e-01
8.36988305e-01  6.76321236e-01  6.55865489e-01  9.53499572e-01  5.05830306e-01  6.53516904e-01
8.49431327e-01  3.44261529e-01  8.37444560e-01  9.31132299e-01  2.59956259e-01  8.55774291e-01
8.49006372e-01  6.71828820e-01  6.17837044e-01  9.55092878e-01  6.14168018e-01  6.17392290e-01
7.93787300e-01  6.53917555e-01  8.18582812e-01  9.28661124e-01  4.71732005e-01  8.20984322e-01
8.40669564e-01  8.16239312e-01  5.49165003e-01  9.66956631e-01  6.95852343e-01  5.22284322e-01
9.08105914e-01  3.00015888e-01  6.66840021e-01  9.57765878e-01  2.01889135e-01  6.98830593e-01
8.97190996e-01  3.85500018e-01  6.46442669e-01  9.59619463e-01  2.64622962e-01  6.71940997e-01
7.88927831e-01  4.30697278e-01  9.85837574e-01  9.09388650e-01  2.77499452e-01  9.91046659e-01
8.70123679e-01  4.93370908e-01  6.66121464e-01  9.54489190e-01  3.61141968e-01  6.81766997e-01
8.45687767e-01  2.53190716e-01  9.11698644e-01  9.23437118e-01  1.69803153e-01  9.26689969e-01
8.03860719e-01  4.54529698e-01  9.18728419e-01  9.17438858e-01  3.27110922e-01  9.27547569e-01
8.29292272e-01  6.59056716e-01  6.93809363e-01  9.46931826e-01  5.08793398e-01  6.94933620e-01
8.17157868e-01  4.88859090e-01  8.50126950e-01  9.26734397e-01  3.56617879e-01  8.60868875e-01
8.18591746e-01  8.55130793e-01  5.98049121e-01  9.59665957e-01  6.87111701e-01  5.70619026e-01
8.20206886e-01  3.03427154e-01  9.64858031e-01  9.14941897e-01  2.00390590e-01  9.73865705e-01
8.62577681e-01  4.30026137e-01  7.34649732e-01  9.44549885e-01  3.25821138e-01  7.53963447e-01
8.70003750e-01  6.70533652e-01  5.46975623e-01  9.65220011e-01  6.52377520e-01  5.43301437e-01
8.33709522e-01  8.14593625e-01  5.73755806e-01  9.62116751e-01  7.04965322e-01  5.50630868e-01
9.04390146e-01  5.18685045e-01  5.31970155e-01  9.70420758e-01  4.99283566e-01  5.46551380e-01
8.83490050e-01  7.50587578e-01  4.46879575e-01  9.74239206e-01  9.04660878e-01  4.25129526e-01
7.74485560e-01  8.03138476e-01  7.83825644e-01  9.31532676e-01  5.85877323e-01  7.75271516e-01
8.36156905e-01  6.71805035e-01  6.61752990e-01  9.50236970e-01  5.59182152e-01  6.61685754e-01
8.26683636e-01  6.39678711e-01  7.15798321e-01  9.41909278e-01  5.37725802e-01  7.20229897e-01
8.24559640e-01  7.75108844e-01  6.31661667e-01  9.54847104e-01  6.19145717e-01  6.17778390e-01
8.33259096e-01  6.19761150e-01  7.07072337e-01  9.43425350e-01  5.28436754e-01  7.13243823e-01
9.24417470e-01  2.41585859e-01  6.50542766e-01  9.59516569e-01  1.94790251e-01  6.89299192e-01
8.12472283e-01  8.27161428e-01  6.37830167e-01  9.51353515e-01  7.05361091e-01  6.19570549e-01
9.30344309e-01  4.33474740e-01  5.00803915e-01  9.79995549e-01  3.43264207e-01  5.22446218e-01
8.51416415e-01  6.44439840e-01  6.28087130e-01  9.57774682e-01  4.96166232e-01  6.28407469e-01
8.90401150e-01  6.32048427e-01  5.03261585e-01  9.72866359e-01  6.22808835e-01  5.01329037e-01
8.55103145e-01  2.48924213e-01  8.82408091e-01  9.28320534e-01  1.50499887e-01  8.99982866e-01
8.62478208e-01  5.12806299e-01  6.79126121e-01  9.51974019e-01  3.81461286e-01  6.93040513e-01
8.32434746e-01  2.36716530e-01  9.68101787e-01  9.16481400e-01  1.42681912e-01  9.77790702e-01
7.88714895e-01  5.88053418e-01  8.80363757e-01  9.20667035e-01  4.16296183e-01  8.85515157e-01
7.82804696e-01  6.37579233e-01  8.67132690e-01  9.20928181e-01  4.71673006e-01  8.70598244e-01
9.24591663e-01  5.65146951e-01  4.31602026e-01  9.83436721e-01  6.18349012e-01  4.34598769e-01
7.66877205e-01  7.14259000e-01  8.69803016e-01  9.20332488e-01  4.94709177e-01  8.68910584e-01
8.35549442e-01  4.53847642e-01  8.10918603e-01  9.35380197e-01  2.78847695e-01  8.24010517e-01
8.60694036e-01  8.41322422e-01  4.63528808e-01  9.71667217e-01  9.63585128e-01  4.27536330e-01
9.81923754e-01  3.34774314e-01  3.91197394e-01  9.97670876e-01  2.87724691e-01  4.22359493e-01
7.96597799e-01  5.69232650e-01  8.66131825e-01  9.22794524e-01  4.13190638e-01  8.72611800e-01
7.73803179e-01  6.11033217e-01  9.15804243e-01  9.14578430e-01  4.37165051e-01  9.19578109e-01
9.00147651e-01  2.44678580e-01  7.31373109e-01  9.49613359e-01  1.53339392e-01  7.62729996e-01
8.14315763e-01  6.32425504e-01  7.62949191e-01  9.36966874e-01  4.74706607e-01  7.66999574e-01
8.68133376e-01  4.26018479e-01  7.18373076e-01  9.46687167e-01  3.31705485e-01  7.38847849e-01
7.63569915e-01  6.86055682e-01  9.00434404e-01  9.15074315e-01  5.01163625e-01  9.01610602e-01
8.74644244e-01  5.08133805e-01  6.40714153e-01  9.56014809e-01  4.25729028e-01  6.56537890e-01
8.98427678e-01  2.76879480e-01  7.15518953e-01  9.51744713e-01  1.67440873e-01  7.45687519e-01
9.68049638e-01  3.77462009e-01  4.09789166e-01  9.94110388e-01  3.27236107e-01  4.35748217e-01
7.63035977e-01  5.66016445e-01  9.82976169e-01  9.05602272e-01  3.98094709e-01  9.86495728e-01
8.17972680e-01  3.90614799e-01  9.13647236e-01  9.19822731e-01  2.75490792e-01  9.24600677e-01
