5.02869925e-01  5.06619145e-01  4.97804105e-01
5.04112123e-01  5.07417636e-01  5.00305013e-01
4.96357237e-01  5.00651592e-01  5.00639346e-01
4.98217943e-01  5.05093135e-01  5.03114767e-01
4.97034165e-01  5.01148987e-01  5.01176940e-01
5.03641508e-01  5.07746541e-01  5.00673157e-01
5.01200490e-01  5.01642045e-01  4.96239588e-01
5.02810901e-01  5.01019574e-01  4.99306183e-01
4.98172068e-01  5.04478565e-01  5.04079092e-01
5.00111791e-01  4.99254639e-01  5.05175126e-01
5.02949031e-01  5.05917424e-01  5.00633020e-01
5.04302496e-01  5.00408744e-01  5.01183597e-01
5.04760222e-01  5.08400562e-01  5.01718137e-01
5.04800162e-01  4.98802843e-01  5.02344317e-01
4.95909849e-01  5.05031104e-01  4.97875343e-01
7.64025705e-01  7.48562072e-01  8.89441482e-01
5.05121594e-01  5.04897817e-01  4.96323961e-01
5.01111949e-01  5.05069445e-01  4.95933145e-01
3.98550196e-01  8.30408305e-01  4.85518725e-01
4.96152949e-01  5.03054127e-01  4.97138830e-01
5.02482202e-01  4.98798694e-01  4.96997076e-01
4.95877053e-01  4.98994546e-01  5.03558397e-01
4.96645996e-01  5.06329216e-01  5.03040871e-01
4.97894979e-01  5.05928989e-01  5.04297977e-01
5.00495218e-01  5.01983404e-01  5.00373422e-01
5.02889040e-01  5.03298786e-01  5.01814296e-01
5.04375661e-01  4.99315044e-01  5.02234753e-01
5.05143095e-01  5.03133350e-01  5.03392460e-01
4.97633801e-01  5.07583097e-01  5.00073081e-01
4.99475257e-01  5.05612939e-01  4.99348911e-01
4.97829178e-01  5.01617122e-01  4.98608124e-01
4.99096709e-01  5.04741090e-01  5.01615801e-01
8.53923926e-01  9.96677866e-01  4.38231608e-01
5.01140337e-01  5.04562809e-01  4.97931604e-01
4.96973592e-01  5.05727070e-01  5.00109181e-01
4.95853323e-01  5.00409416e-01  4.99556645e-01
5.04622070e-01  5.05771975e-01  5.02456407e-01
5.01661105e-01  5.07211821e-01  5.04605960e-01
5.05260742e-01  5.08122531e-01  5.02647360e-01
7.25241721e-01  6.69291957e-01  2.50779692e-01
5.00402396e-01  5.05422564e-01  4.99406903e-01
5.02302397e-01  5.04248372e-01  4.96884809e-01
5.02870597e-01  5.04290634e-01  4.96064343e-01
4.97340227e-01  5.03831443e-01  4.95699787e-01
5.02039155e-01  5.02608399e-01  5.04367219e-01
5.02472574e-01  5.06721280e-01  5.04871200e-01
4.98861496e-01  5.06572205e-01  4.98830393e-01
4.98702257e-01  5.08527972e-01  5.03746505e-01
4.95945714e-01  5.02784896e-01  4.97420630e-01
5.03572818e-01  5.07391319e-01  5.02529003e-01
5.01591708e-01  5.06867694e-01  5.04592454e-01
5.04379166e-01  5.02212036e-01  5.03696332e-01
4.97662753e-01  5.02452673e-01  5.00001398e-01
5.05783926e-01  5.03684143e-01  5.05347312e-01
5.00773253e-01  5.06144010e-01  4.97844027e-01
5.01362643e-01  5.02903497e-01  5.05348300e-01
5.01066598e-01  5.01153602e-01  4.96568083e-01
5.01266443e-01  5.05216584e-01  5.04030094e-01
5.03865573e-01  5.08828474e-01  4.97806737e-01
4.96981109e-01  5.01901086e-01  5.04881827e-01
5.02956621e-01  5.05851971e-01  4.95931199e-01
4.96276861e-01  5.06025840e-01  4.98439837e-01
4.97686892e-01  5.00961904e-01  4.95738672e-01
5.05781167e-01  5.02785977e-01  4.99719578e-01
4.97676062e-01  5.06530314e-01  5.01699146e-01
5.01690322e-01  5.00699533e-01  4.98701257e-01
5.05226743e-01  5.04208849e-01  4.96881039e-01
5.05537479e-01  5.08301776e-01  4.95966797e-01
3.16257279e-01  3.53341329e-01  4.95675931e-01
4.95836533e-01  5.00419649e-01  4.98414378e-01
5.01413722e-01  5.03196429e-01  5.00201819e-01
5.04616942e-01  5.05863344e-01  5.02725764e-01
4.95921890e-01  5.00682720e-01  4.95811470e-01
4.96061877e-01  5.01942920e-01  4.97208749e-01
4.97160079e-01  5.02647001e-01  4.99174758e-01
4.99310823e-01  5.04385972e-01  4.97000627e-01
4.97172246e-01  5.07635615e-01  4.97504004e-01
4.99522421e-01  5.04460071e-01  5.01479961e-01
4.97755179e-01  5.03400222e-01  5.03492334e-01
4.96655432e-01  5.03567053e-01  5.02344641e-01
4.98730765e-01  5.00453078e-01  5.04716248e-01
4.97967743e-01  5.03131504e-01  4.95933100e-01
4.96778630e-01  5.01751236e-01  5.05081551e-01
4.97801078e-01  5.04126415e-01  4.95811040e-01
4.99011086e-01  5.00977319e-01  4.95647923e-01
4.97044653e-01  5.07265409e-01  5.04728294e-01
5.00745309e-01  5.08654466e-01  4.95943913e-01
4.96112230e-01  5.07636039e-01  4.99633122e-01
4.95868478e-01  5.07320621e-01  5.03844797e-01
5.05898188e-01  5.08638617e-01  4.98360358e-01
5.05444291e-01  5.01064727e-01  5.00737932e-01
4.98741041e-01  5.04768174e-01  4.98440655e-01
4.97773182e-01  5.02788657e-01  4.95762339e-01
5.01543697e-01  5.02172395e-01  5.04643314e-01
5.02135882e-01  5.00701849e-01  5.04696110e-01
4.98562675e-01  5.01128769e-01  5.01960507e-01
4.89430809e-01  9.81121526e-01  6.00620632e-01
5.01471900e-01  5.00156906e-01  4.96803393e-01
4.97445388e-01  5.03585556e-01  5.02866046e-01
8.28496817e-01  6.92787352e-01  7.19248527e-01
9.65052388e-01  8.28842092e-01  3.89639127e-01
4.98996564e-01  5.00615277e-01  4.98059894e-01
5.30009622e-01  2.52180969e-01  9.82456894e-01
4.99221723e-01  4.99296419e-01  5.02930982e-01
5.05939184e-01  5.06344534e-01  5.01750142e-01
5.00052580e-01  5.06010397e-01  5.01599889e-01
5.00997693e-01  5.05870278e-01  5.04716257e-01
4.97175512e-01  5.00715325e-01  4.96426301e-01
5.05869064e-01  5.05922955e-01  4.98226725e-01
5.00914711e-01  5.06578365e-01  5.04516529e-01
4.99625246e-01  5.00671539e-01  5.04663650e-01
4.97741092e-01  5.06763916e-01  4.95671592e-01
5.04481988e-01  5.04710676e-01  5.02050872e-01
9.38337766e-01  2.80759135e-01  8.19156136e-01
5.04531903e-01  5.03196393e-01  4.98178145e-01
5.03714232e-01  5.01479172e-01  4.95410169e-01
5.05354180e-01  5.02007909e-01  4.97112004e-01
5.03518955e-01  5.02944430e-01  5.02484375e-01
7.09399974e-01  2.63123094e-01  9.62123446e-01
5.03418146e-01  5.04540496e-01  5.04592565e-01
7.19720864e-01  4.32494274e-01  5.71682442e-01
5.00220485e-01  5.03705289e-01  5.00494332e-01
4.99195077e-01  5.03856494e-01  4.95758796e-01
4.71974889e-01  7.16754120e-01  8.45573296e-01
5.05163897e-01  5.01646950e-01  5.03771035e-01
5.02713888e-01  5.04512978e-01  4.97095744e-01
5.00495231e-01  5.06745549e-01  4.96801923e-01
5.00038667e-01  5.00718116e-01  4.99728583e-01
4.99481007e-01  5.04031497e-01  5.01328083e-01
4.95948699e-01  5.07984944e-01  4.96292059e-01
5.03851945e-01  4.99369356e-01  5.05351514e-01
4.96035070e-01  5.01600761e-01  4.99448662e-01
4.96255847e-01  5.01110383e-01  5.03176031e-01
5.02121556e-01  5.05039815e-01  4.98937648e-01
5.05281044e-01  5.01150279e-01  5.00975920e-01
4.97638349e-01  5.02025942e-01  4.96074258e-01
4.98339460e-01  5.01780602e-01  5.02838292e-01
5.02994286e-01  4.99978587e-01  5.04022248e-01
5.00298224e-01  5.08564987e-01  5.03186778e-01
4.97516718e-01  4.99709306e-01  4.98072980e-01
5.02814361e-01  4.98838236e-01  5.01693717e-01
5.05177991e-01  5.01038423e-01  5.00030601e-01
5.01173249e-01  5.04679008e-01  4.97365259e-01
5.02995019e-01  4.99773267e-01  5.04816756e-01
4.97651695e-01  5.01462076e-01  4.98207360e-01
5.05161106e-01  5.01562711e-01  4.98920284e-01
4.99141773e-01  5.03445242e-01  5.01858917e-01
5.03141051e-01  4.99602411e-01  4.98901526e-01
4.96716023e-01  5.01144471e-01  5.00696696e-01
4.97992736e-01  4.99429537e-01  4.95354558e-01
5.05888064e-01  5.08598261e-01  4.95345140e-01
5.05977779e-01  5.05860389e-01  5.02218114e-01
5.01791397e-01  5.04162742e-01  4.99532778e-01
4.98889391e-01  5.03002955e-01  5.04702178e-01
5.02865369e-01  5.05239054e-01  4.96252622e-01
5.04879745e-01  5.00982479e-01  5.04019353e-01
4.96815932e-01  5.00690702e-01  4.96622613e-01
7.85937846e-01  4.75707525e-01  2.57202221e-01
5.03732041e-01  4.98777656e-01  4.99619022e-01
5.05546444e-01  4.98687370e-01  4.98147816e-01
4.98147557e-01  5.02461560e-01  5.00395150e-01
5.00661903e-01  4.99519032e-01  5.02428322e-01
4.98950371e-01  5.01939683e-01  4.97000514e-01
5.00309415e-01  5.04320887e-01  4.97904025e-01
4.99216374e-01  5.02999549e-01  4.97366983e-01
5.05370823e-01  5.08671923e-01  5.01308915e-01
5.01745200e-01  5.04743799e-01  4.95684228e-01
5.75514895e-01  4.61096520e-01  9.68861495e-01
5.05687925e-01  4.98697559e-01  5.03189780e-01
3.99213707e-01  7.44610368e-01  4.29936931e-01
5.00209215e-01  5.08745961e-01  4.96364175e-01
5.05780897e-01  5.05488967e-01  4.95853601e-01
4.97078937e-01  5.01216832e-01  5.00927801e-01
4.97070817e-01  5.01928553e-01  5.04042348e-01
5.03998439e-01  5.04017989e-01  5.01038789e-01
5.01587902e-01  5.01272647e-01  5.04460620e-01
5.04706461e-01  5.06491691e-01  4.95603454e-01
4.98985192e-01  5.08126021e-01  4.98421233e-01
5.05864675e-01  5.02128562e-01  4.95524910e-01
5.04361844e-01  5.05982193e-01  5.00350142e-01
6.41240267e-01  7.32466083e-01  5.39018818e-01
5.00244844e-01  5.07099375e-01  4.98156841e-01
5.04035998e-01  5.00020162e-01  4.99350936e-01
5.04191051e-01  4.99049613e-01  5.03372727e-01
5.02822742e-01  5.04273595e-01  5.04937006e-01
4.97775495e-01  4.99259275e-01  4.97199432e-01
5.03882076e-01  4.99350019e-01  5.02253009e-01
4.97545275e-01  5.03766253e-01  4.97723359e-01
5.81379326e-01  4.42910324e-01  4.52965068e-01
4.68910636e-01  7.61248708e-01  6.30626985e-01
5.02189563e-01  5.01127557e-01  5.04279802e-01
4.98111503e-01  5.08353872e-01  5.04733772e-01
5.03759171e-01  5.02350197e-01  5.02631440e-01
4.98392795e-01  4.99312611e-01  5.04036849e-01
4.97818523e-01  5.07767080e-01  4.96010070e-01
5.04184321e-01  4.99451565e-01  5.00113675e-01
5.02446617e-01  5.04603233e-01  5.02079102e-01
5.05450922e-01  4.99983172e-01  4.96277231e-01
4.99549633e-01  5.00365594e-01  5.02512735e-01
5.01277482e-01  5.01478172e-01  4.99678566e-01
5.03712860e-01  5.03618559e-01  5.04600530e-01
4.98877650e-01  5.04124882e-01  5.01494943e-01
7.55605988e-01  3.00629109e-01  9.32607658e-01
4.96459896e-01  4.98750298e-01  4.98036558e-01
5.05291588e-01  5.02942615e-01  4.97120539e-01
5.03779934e-01  5.04092321e-01  5.05466607e-01
4.18600685e-01  7.68014793e-01  2.93444540e-01
4.97547792e-01  5.01980724e-01  4.95792184e-01
8.15992007e-01  3.78084732e-01  4.09926362e-01
4.96220884e-01  4.98985693e-01  4.99717238e-01
5.04257658e-01  5.01681223e-01  4.97636893e-01
7.91322538e-01  6.19837654e-01  6.90966097e-01
4.94137506e-01  4.90203617e-01  9.35601988e-01
4.98207546e-01  5.04265018e-01  4.98648202e-01
5.03533274e-01  5.03223946e-01  5.00840752e-01
8.11609117e-01  3.89172388e-01  3.84375290e-01
5.00159754e-01  5.08520486e-01  4.98480484e-01
5.03576587e-01  5.02370246e-01  4.97191922e-01
5.02258328e-01  4.99143864e-01  4.97040158e-01
5.05457853e-01  4.99868839e-01  4.96090448e-01
5.05122162e-01  4.99275482e-01  4.99556197e-01
4.99623146e-01  5.02974971e-01  4.96097922e-01
5.05943309e-01  5.00899135e-01  4.96004876e-01
5.04062679e-01  5.05681042e-01  4.95884096e-01
7.00784573e-01  9.79745219e-01  9.95277044e-01
5.05195799e-01  5.00966219e-01  5.04860023e-01
5.03514231e-01  5.00766634e-01  4.95893070e-01
5.04312108e-01  5.05014977e-01  4.97052274e-01
7.13330688e-01  2.85556591e-01  2.60370752e-01
8.20404307e-01  5.12179806e-01  2.51841341e-01
4.96236051e-01  5.01708377e-01  4.98017846e-01
5.03516068e-01  5.03715988e-01  5.04399617e-01
4.98909080e-01  5.00800406e-01  5.02534042e-01
4.99619046e-01  5.02022277e-01  5.05415520e-01
8.71517658e-01  5.08352449e-01  6.33876331e-01
5.05742280e-01  4.99756940e-01  5.02616314e-01
4.96239880e-01  5.06665494e-01  5.02856559e-01
4.97099005e-01  5.03601728e-01  5.00774139e-01
4.97666529e-01  5.05786376e-01  5.05440114e-01
5.02754038e-01  5.02006156e-01  5.01940539e-01
4.96978835e-01  5.03921324e-01  4.96719029e-01
4.96733558e-01  5.08735085e-01  4.97439773e-01
4.96737850e-01  4.99486608e-01  5.05228932e-01
5.02119956e-01  5.05196692e-01  4.97543206e-01
5.03486855e-01  5.06419938e-01  4.98513762e-01
5.01771824e-01  4.99770257e-01  4.97343214e-01
4.97476011e-01  5.02451652e-01  5.02597337e-01
5.02187282e-01  5.02856752e-01  5.01323375e-01
4.96441009e-01  5.04114098e-01  4.96638721e-01
5.03095878e-01  5.06631379e-01  4.96950608e-01
4.96339590e-01  5.03380219e-01  4.98430699e-01
5.00951293e-01  5.01887957e-01  4.97320329e-01
5.03348307e-01  5.02819754e-01  4.98756968e-01
4.97067537e-01  5.00102715e-01  4.98007421e-01
5.03898235e-01  5.04277776e-01  4.96663749e-01
5.03362596e-01  5.07795818e-01  4.98775581e-01
5.02283620e-01  5.08657441e-01  4.98980595e-01
5.03443186e-01  5.04033983e-01  4.96654050e-01
4.97212211e-01  4.99440729e-01  4.96382346e-01
5.01180235e-01  5.04847750e-01  5.01713447e-01
4.96474399e-01  4.99052075e-01  5.01833742e-01
5.00673525e-01  5.03707911e-01  4.95754572e-01
5.05348645e-01  4.99015720e-01  5.00847912e-01
5.00320226e-01  5.06650097e-01  5.02962497e-01
5.04985209e-01  5.06483372e-01  5.04648041e-01
5.03065280e-01  5.01302440e-01  5.01201053e-01
5.03463900e-01  5.06303310e-01  4.96977776e-01
5.02070426e-01  5.07921422e-01  4.99763406e-01
4.97134086e-01  5.00909040e-01  4.95340151e-01
5.00462748e-01  5.04773826e-01  4.97158720e-01
4.98471206e-01  5.02251639e-01  4.96791814e-01
5.02160405e-01  5.05132652e-01  4.95996591e-01
4.96607597e-01  5.00293497e-01  4.97617246e-01
5.00775632e-01  4.99156429e-01  5.03300665e-01
5.01376128e-01  5.06817919e-01  5.02142370e-01
5.00428793e-01  5.03074854e-01  5.00997852e-01
5.05016372e-01  5.06526933e-01  4.95596446e-01
4.99435793e-01  5.01030890e-01  4.99960905e-01
4.96372536e-01  5.00609444e-01  4.95718628e-01
5.02871936e-01  4.99456329e-01  4.98109329e-01
4.99517251e-01  5.02111628e-01  4.97026439e-01
5.03194237e-01  5.04823530e-01  5.05044201e-01
3.35490836e-01  5.38858681e-01  4.04503617e-01
5.00099953e-01  5.06494701e-01  4.99152422e-01
5.05661394e-01  5.04300875e-01  4.99838450e-01
4.98450028e-01  5.01394693e-01  5.01181992e-01
5.04134906e-01  5.01544809e-01  5.03939700e-01
5.01729096e-01  5.01106193e-01  4.96029028e-01
4.99972471e-01  5.01519590e-01  4.99608312e-01
4.98680536e-01  5.04383567e-01  5.04625413e-01
5.05174895e-01  4.98788299e-01  4.99272013e-01
5.04319254e-01  5.02464567e-01  5.03547908e-01
4.98156746e-01  5.08203047e-01  5.02921388e-01
5.04907318e-01  4.99542884e-01  5.01363353e-01
5.00105724e-01  4.98874287e-01  5.01541219e-01
2.85174420e-01  2.60623548e-01  7.61541373e-01
5.00549736e-01  5.07028389e-01  5.04421481e-01
4.98146122e-01  5.07668279e-01  5.00837017e-01
5.04247578e-01  5.06579361e-01  4.95511972e-01
5.04246299e-01  4.99815377e-01  5.00952359e-01
5.01438246e-01  5.02499817e-01  5.03229038e-01
5.03645227e-01  5.02441183e-01  5.03586065e-01
5.01215673e-01  5.05987997e-01  4.97322556e-01
4.99648470e-01  4.99677262e-01  4.98596344e-01
4.96405517e-01  5.01364837e-01  4.96464140e-01
5.05204592e-01  5.02090273e-01  5.02331765e-01
5.01483928e-01  4.99638613e-01  4.95890716e-01
5.02848950e-01  5.04389105e-01  5.04271441e-01
4.97264129e-01  5.04934154e-01  5.04662798e-01
5.04742004e-01  5.02104858e-01  4.98941072e-01
5.00349980e-01  5.07444733e-01  4.95745601e-01
5.00689214e-01  5.00257706e-01  5.00535653e-01
5.05164250e-01  5.04303100e-01  4.96857745e-01
5.04373016e-01  5.07410696e-01  5.04949935e-01
4.99019220e-01  4.98710836e-01  5.00653482e-01
5.05345999e-01  5.03416729e-01  5.04980067e-01
5.02214357e-01  5.06799023e-01  4.99128506e-01
5.02149727e-01  5.08061999e-01  4.96863663e-01
5.04433813e-01  5.00747662e-01  4.99132806e-01
5.01541845e-01  5.04869062e-01  5.03565334e-01
5.02128330e-01  5.04135609e-01  4.99147891e-01
5.02702919e-01  5.00944323e-01  5.02290327e-01
5.01165883e-01  5.01282009e-01  5.05192043e-01
5.04139854e-01  5.08745085e-01  5.04147275e-01
5.03450824e-01  4.99179832e-01  4.98435998e-01
5.02653227e-01  5.02636343e-01  5.00159850e-01
5.04388077e-01  4.99495756e-01  5.03007914e-01
4.97650490e-01  5.06261003e-01  4.95687194e-01
4.96265422e-01  5.06895165e-01  4.97372163e-01
5.03940050e-01  4.98777130e-01  4.96551493e-01
4.98093214e-01  5.03558636e-01  4.99988076e-01
5.02060206e-01  5.03540177e-01  5.02607980e-01
4.98723776e-01  5.08720135e-01  5.03847165e-01
5.04287126e-01  5.08109917e-01  5.02033222e-01
5.01792633e-01  5.01495860e-01  5.00530831e-01
5.00113327e-01  5.04225014e-01  4.96118945e-01
5.03807055e-01  4.99182627e-01  5.00251377e-01
4.95907775e-01  5.08713243e-01  4.99643220e-01
4.98329834e-01  5.00543104e-01  4.99496708e-01
5.03831046e-01  5.05680292e-01  5.02162182e-01
5.02035408e-01  5.05011298e-01  4.98871948e-01
5.05645295e-01  4.99273327e-01  5.01367430e-01
4.95974786e-01  4.99728063e-01  5.04552487e-01
5.05641253e-01  4.99528286e-01  5.02830043e-01
4.96318149e-01  5.03575831e-01  4.99952446e-01
4.97224527e-01  4.99887340e-01  4.95406401e-01
4.95909471e-01  5.00328782e-01  5.01110661e-01
4.99841198e-01  5.03078249e-01  5.02123364e-01
4.97454074e-01  5.01528598e-01  5.00656946e-01
5.03238856e-01  4.99688607e-01  4.98491736e-01
5.03127308e-01  4.99366030e-01  5.02051244e-01
5.05083139e-01  5.04873814e-01  4.97384906e-01
5.02091618e-01  5.03190757e-01  4.95465576e-01
5.03361785e-01  5.03967922e-01  5.00913773e-01
5.01846762e-01  5.00607511e-01  5.03343038e-01
5.00355144e-01  5.06212886e-01  5.01750173e-01
4.97571330e-01  5.00519447e-01  5.02121476e-01
5.00555523e-01  4.98737694e-01  4.99653911e-01
5.01069232e-01  5.03667544e-01  5.01265395e-01
4.97682150e-01  5.07350518e-01  5.05467534e-01
5.05268149e-01  5.00086532e-01  5.00007083e-01
4.97080807e-01  4.99016379e-01  4.99361018e-01
4.98454189e-01  5.05832919e-01  4.97113263e-01
5.02385453e-01  5.08693272e-01  5.02162598e-01
4.97040462e-01  5.04257114e-01  5.00902301e-01
5.03600871e-01  5.05125142e-01  4.96872573e-01
5.03662806e-01  5.05263816e-01  4.95347947e-01
4.99395518e-01  5.05450535e-01  4.99331216e-01
5.00882966e-01  4.99246177e-01  5.02489755e-01
4.96797032e-01  5.06410886e-01  4.99963427e-01
4.99196524e-01  5.04459389e-01  4.99387823e-01
5.02269876e-01  5.05516040e-01  5.05229889e-01
5.05959399e-01  5.07563470e-01  5.01219672e-01
5.03198020e-01  5.08251374e-01  5.03894568e-01
5.01762340e-01  5.01686017e-01  5.01076399e-01
5.13743407e-01  5.41680940e-01  9.81205233e-01
5.02621184e-01  4.99669696e-01  5.04593844e-01
4.96129354e-01  5.05256461e-01  5.05017285e-01
5.05179069e-01  5.06233613e-01  5.02151423e-01
5.04226486e-01  5.08385430e-01  5.04480242e-01
5.03208229e-01  5.01392286e-01  4.96231852e-01
5.00809232e-01  5.00759427e-01  4.97679354e-01
5.05196373e-01  5.03064976e-01  4.95938345e-01
4.99594509e-01  5.07495030e-01  4.99116331e-01
2.52963134e-01  9.97810094e-01  7.85549457e-01
4.75528678e-01  9.74361949e-01  3.94869021e-01
7.37803527e-01  4.32213272e-01  2.98227854e-01
4.98312391e-01  5.07555121e-01  4.96410872e-01
4.99856941e-01  5.05448136e-01  5.01394600e-01
4.95862794e-01  5.06020114e-01  4.97273995e-01
4.98568474e-01  5.08712355e-01  4.97029209e-01
5.00798201e-01  5.02441469e-01  5.02074035e-01
5.05436556e-01  5.06187879e-01  5.02483124e-01
4.98725380e-01  5.03879143e-01  5.01162281e-01
4.98170352e-01  5.05650135e-01  5.04621636e-01
4.98467142e-01  4.99160207e-01  4.96104237e-01
5.02129617e-01  5.03074962e-01  5.04658008e-01
4.95883624e-01  5.06018215e-01  4.97494429e-01
4.96063133e-01  5.00651418e-01  4.99817119e-01
5.03883912e-01  5.03358252e-01  4.95346778e-01
4.97668793e-01  5.05280889e-01  5.05091547e-01
8.64471856e-01  4.19605727e-01  8.41576344e-01
5.04134363e-01  5.04464189e-01  5.03626193e-01
4.99913651e-01  4.98853726e-01  4.98972100e-01
5.02290928e-01  5.01712913e-01  4.98049365e-01
5.01477840e-01  4.98716308e-01  4.96535407e-01
4.98370117e-01  5.08842558e-01  4.97816163e-01
4.99927907e-01  4.99030204e-01  5.00397526e-01
4.95979675e-01  5.06607286e-01  4.98978620e-01
4.98984361e-01  4.99110088e-01  5.02636528e-01
4.97288460e-01  5.05234032e-01  5.05378545e-01
6.23885029e-01  5.25929882e-01  7.57993248e-01
4.97270074e-01  5.08711854e-01  5.04823454e-01
5.04571688e-01  5.06677806e-01  5.03897335e-01
5.02310748e-01  5.00911743e-01  4.96228071e-01
4.98741070e-01  5.03619098e-01  4.95781251e-01
4.96918947e-01  5.06735622e-01  4.96214518e-01
5.05052332e-01  5.03201122e-01  5.02907410e-01
5.02925778e-01  5.03918806e-01  4.95538096e-01
4.99548461e-01  4.99658763e-01  5.00731659e-01
5.01719438e-01  4.99505365e-01  5.01793094e-01
4.98917326e-01  5.07863652e-01  4.99810231e-01
5.03812393e-01  4.99303902e-01  5.05145418e-01
4.96474402e-01  4.99739115e-01  5.03019033e-01
5.03422637e-01  5.04630018e-01  4.96848424e-01
9.12959340e-01  8.90475812e-01  2.50932081e-01
9.31493782e-01  9.58926687e-01  7.56906581e-01
5.01363624e-01  5.02322415e-01  5.05122583e-01
5.02239938e-01  5.05003505e-01  4.97729238e-01
4.99205126e-01  5.00020706e-01  4.96941600e-01
4.97221730e-01  5.04864336e-01  5.01410504e-01
5.03759472e-01  5.01672210e-01  4.98800714e-01
6.34858536e-01  3.29077072e-01  2.99324653e-01
5.04248133e-01  5.06747929e-01  4.96822126e-01
5.02893115e-01  5.03626021e-01  5.02487158e-01
4.99400746e-01  5.07177354e-01  5.02679995e-01
4.97106694e-01  5.08298526e-01  5.02093106e-01
5.03564903e-01  5.08475094e-01  4.99344407e-01
5.04003665e-01  5.02694352e-01  5.01278261e-01
5.04563245e-01  5.07500507e-01  5.00771509e-01
5.00856902e-01  5.08340980e-01  5.05373370e-01
4.96990541e-01  5.03259985e-01  5.03504390e-01
5.02560940e-01  5.07179782e-01  4.97132254e-01
4.99662538e-01  5.01149759e-01  4.95807827e-01
5.03422821e-01  5.04349603e-01  5.02870153e-01
5.04504086e-01  5.01375804e-01  4.97174969e-01
4.96159896e-01  5.05274839e-01  4.99224635e-01
3.76836009e-01  3.78433133e-01  7.56380002e-01
4.97479959e-01  5.02670126e-01  5.05057406e-01
4.97313541e-01  5.03745543e-01  4.95359338e-01
5.04474853e-01  5.08870213e-01  5.02816709e-01
5.01818634e-01  5.00810370e-01  5.00110856e-01
8.59472292e-01  8.19829702e-01  3.46821680e-01
4.98936973e-01  5.01950586e-01  4.96493753e-01
6.60694668e-01  6.97179286e-01  4.54523611e-01
5.01120182e-01  5.05374924e-01  4.99829453e-01
4.98546700e-01  4.99135036e-01  5.04080775e-01
5.03702489e-01  5.03698796e-01  4.99158289e-01
5.02770524e-01  5.05637367e-01  5.03222714e-01
4.98608628e-01  4.99084156e-01  5.01558935e-01
4.98072782e-01  5.03890772e-01  4.99871116e-01
5.00232313e-01  5.06418320e-01  4.95680415e-01
5.01509708e-01  5.08513287e-01  5.01904933e-01
4.99540999e-01  5.05911536e-01  5.02776670e-01
5.01126937e-01  5.05934359e-01  5.02543802e-01
5.05974310e-01  5.07912404e-01  4.97434137e-01
5.01612533e-01  5.03230411e-01  4.98479106e-01
5.04845751e-01  5.00969915e-01  4.98528404e-01
4.96213379e-01  5.08139480e-01  5.04617162e-01
5.05094127e-01  5.05770863e-01  4.96857259e-01
4.99335444e-01  5.03627957e-01  4.98813108e-01
5.01878468e-01  5.02847740e-01  5.05137600e-01
5.04515789e-01  5.07538870e-01  5.01820438e-01
5.03150851e-01  5.05914722e-01  4.96527674e-01
5.04751365e-01  5.01246084e-01  5.05143821e-01
5.03322103e-01  5.07122242e-01  4.95586789e-01
4.96699007e-01  5.02684705e-01  5.02998489e-01
4.98957820e-01  5.00516661e-01  4.98287377e-01
4.96794969e-01  5.07862032e-01  5.04836729e-01
4.97483596e-01  4.98693626e-01  5.05124873e-01
8.92644552e-01  5.96751106e-01  7.72474623e-01
4.98123909e-01  4.99316274e-01  4.95648237e-01
5.04955135e-01  5.04657936e-01  5.01097787e-01
5.03855145e-01  4.99572920e-01  5.00240116e-01
4.97723075e-01  5.04708999e-01  4.97058661e-01
4.99699424e-01  5.08914266e-01  4.96934750e-01
4.96095991e-01  5.01510792e-01  4.98685157e-01
4.98461809e-01  5.06590018e-01  5.05015693e-01
5.03636935e-01  5.01744650e-01  4.95417676e-01
5.01323193e-01  5.02045921e-01  4.95761554e-01
2.65565992e-01  8.30637249e-01  9.21913326e-01
5.02700550e-01  5.07049307e-01  4.99302165e-01
5.01104170e-01  5.03899924e-01  5.00602972e-01
3.73764781e-01  8.32095873e-01  8.89933039e-01
5.04933090e-01  5.03591013e-01  4.98719110e-01
4.98740700e-01  5.05041561e-01  4.98781112e-01
5.05473485e-01  5.00926027e-01  5.02561281e-01
3.17846942e-01  9.06443902e-01  4.17310546e-01
4.97249495e-01  5.06107650e-01  5.00003027e-01
4.98041519e-01  5.00851765e-01  5.00668077e-01
4.97850314e-01  4.99927944e-01  4.97027236e-01
4.99983843e-01  5.01341741e-01  5.03150769e-01
5.03260869e-01  5.07940382e-01  4.98496670e-01
5.04647464e-01  5.02377593e-01  4.96004147e-01
5.00783790e-01  5.00006949e-01  5.03140275e-01
5.05603434e-01  5.05987643e-01  5.02394196e-01
5.00844058e-01  5.07399858e-01  5.01891665e-01
5.03703545e-01  4.99078247e-01  4.99255266e-01
4.97272182e-01  4.98685547e-01  5.01051712e-01
5.02233038e-01  5.01660720e-01  5.01610582e-01
4.99364664e-01  5.00835419e-01  4.95843315e-01
4.98770522e-01  5.04436298e-01  5.03981203e-01
6.34149046e-01  7.92759787e-01  6.52138996e-01
4.98645778e-01  5.08889006e-01  4.99589249e-01
4.95971313e-01  5.04921473e-01  5.05194896e-01
5.01663235e-01  5.01510062e-01  5.05373810e-01
5.00301788e-01  4.99243133e-01  5.02505376e-01
5.02549837e-01  5.06936134e-01  5.04189257e-01
5.02395321e-01  5.00821680e-01  5.02843076e-01
5.03665919e-01  5.06926345e-01  4.96928203e-01
4.99993708e-01  5.00208653e-01  5.03494976e-01
4.97097228e-01  5.07503026e-01  4.97015084e-01
4.97078642e-01  5.05140164e-01  5.03318974e-01
4.97395410e-01  5.08023210e-01  4.99660531e-01
5.01208922e-01  5.00328037e-01  5.04816597e-01
4.96887116e-01  5.01296067e-01  5.05000951e-01
5.05523190e-01  5.01161456e-01  5.02494202e-01
4.98097990e-01  5.07475415e-01  5.04984391e-01
3.56630262e-01  7.76005568e-01  4.58459126e-01
4.97672841e-01  5.03498758e-01  5.05196314e-01
5.04851649e-01  5.05449295e-01  4.96124222e-01
5.01975076e-01  5.03150822e-01  4.97949861e-01
4.95807095e-01  5.05071450e-01  5.04916897e-01
5.05356564e-01  5.07963161e-01  5.04268572e-01
5.02043555e-01  5.04585143e-01  5.02801751e-01
4.96768283e-01  5.01892297e-01  4.99076793e-01
5.02826749e-01  5.02490902e-01  4.96823994e-01
4.95885104e-01  5.04485841e-01  5.04364223e-01
5.02344659e-01  5.07829466e-01  4.98451814e-01
5.02743006e-01  5.06253587e-01  4.97000157e-01
5.00178615e-01  4.99823705e-01  4.97758284e-01
5.05395855e-01  5.06693812e-01  5.02576130e-01
5.00879326e-01  5.05598244e-01  4.99051083e-01
5.00242946e-01  5.00243941e-01  4.96433751e-01
4.97724446e-01  4.99419083e-01  5.01314046e-01
5.03968594e-01  5.00343922e-01  5.05333453e-01
4.98275339e-01  5.08081992e-01  4.97529552e-01
5.02429608e-01  5.03270143e-01  5.04399379e-01
6.56913298e-01  6.19055473e-01  5.39402128e-01
5.01946026e-01  5.02191151e-01  5.00907874e-01
5.01210724e-01  5.07128173e-01  5.03503329e-01
5.05795751e-01  5.05292301e-01  4.95355908e-01
4.96904197e-01  5.03101422e-01  5.01471522e-01
5.04528074e-01  5.07686862e-01  4.95635664e-01
