8.91838344e-01  4.06541365e-01  6.50529543e-01  9.56024390e-01  3.45266976e-01  6.75716291e-01
8.32143050e-01  2.56140332e-01  9.56286872e-01  9.18275252e-01  1.43930717e-01  9.66502743e-01
8.56299093e-01  7.25467885e-01  5.56724941e-01  9.63053152e-01  6.97653637e-01  5.46373251e-01
8.46313068e-01  5.71993425e-01  6.94411242e-01  9.45711590e-01  4.99763718e-01  7.04919364e-01
9.04687427e-01  3.81813146e-01  6.23319842e-01  9.63493008e-01  2.54055729e-01  6.49623071e-01
7.35829755e-01  6.81077542e-01  9.98279975e-01  9.02949574e-01  4.18179871e-01  9.98707828e-01
8.38038694e-01  2.89261384e-01  9.13489764e-01  9.22466278e-01  1.93461209e-01  9.27259867e-01
8.73211030e-01  2.59731590e-01  8.13245441e-01  9.38090114e-01  1.53647694e-01  8.36566967e-01
8.27609464e-01  6.53314612e-01  7.03731515e-01  9.45254289e-01  5.10667962e-01  7.05761866e-01
7.66925047e-01  5.86678757e-01  9.55742017e-01  9.08341252e-01  4.36083589e-01  9.59843138e-01
8.75979785e-01  7.56709731e-01  4.68405704e-01  9.71200787e-01  8.89365909e-01  4.48274637e-01
7.96231341e-01  8.51116364e-01  6.77152007e-01  9.47517616e-01  6.49289756e-01  6.57581283e-01
7.94351191e-01  5.56764514e-01  8.82221989e-01  9.19743523e-01  4.25359027e-01  8.89271557e-01
8.24080152e-01  3.07598508e-01  9.48807954e-01  9.16886454e-01  2.09649410e-01  9.59178877e-01
7.72807406e-01  7.56874257e-01  8.20781969e-01  9.27952292e-01  5.11421210e-01  8.16040257e-01
7.78251288e-01  7.39220949e-01  8.14094767e-01  9.26877167e-01  5.58710151e-01  8.11628403e-01
8.46380588e-01  2.64005326e-01  9.02032647e-01  9.24744947e-01  1.73058870e-01  9.17522816e-01
9.33847749e-01  2.30844239e-01  6.25871818e-01  9.63455966e-01  1.84110390e-01  6.67102594e-01
7.43888153e-01  6.95617205e-01  9.60932576e-01  9.07823457e-01  4.44851332e-01  9.61067750e-01
8.41211858e-01  6.61515774e-01  6.51724984e-01  9.54116127e-01  5.02168202e-01  6.50954834e-01
8.21349288e-01  7.75076110e-01  6.42652200e-01  9.54681837e-01  5.78834243e-01  6.28477498e-01
8.71182937e-01  4.31449648e-01  7.04587143e-01  9.49166709e-01  3.25743747e-01  7.24886436e-01
9.73256053e-01  2.65227868e-01  4.67739184e-01  9.85797516e-01  2.33088301e-01  5.11577721e-01
8.78369038e-01  5.29111766e-01  6.13832814e-01  9.62681028e-01  3.76840476e-01  6.25471218e-01
9.53923350e-01  3.70678317e-01  4.62626127e-01  9.83506757e-01  3.67912753e-01  4.94032018e-01
8.06273602e-01  6.15435332e-01  8.02190172e-01  9.32132652e-01  4.39826048e-01  8.06863931e-01
7.97230460e-01  3.85948750e-01  9.87670915e-01  9.11183663e-01  2.21107747e-01  9.93017831e-01
8.78514712e-01  3.48667139e-01  7.35403856e-01  9.47175165e-01  2.33976223e-01  7.59603581e-01
9.07742778e-01  6.21951618e-01  4.51128421e-01  9.81717223e-01  6.21669226e-01  4.45350227e-01
8.70445159e-01  7.81687383e-01  4.70458829e-01  9.75489820e-01  8.00394458e-01  4.42039608e-01
9.83738351e-01  3.54354462e-01  3.71785418e-01  1.00051145e+00  3.11574004e-01  3.98437902e-01
8.34677005e-01  6.35319603e-01  6.91729828e-01  9.49670750e-01  4.42527494e-01  6.93728391e-01
7.93117138e-01  4.99250288e-01  9.25254744e-01  9.15012036e-01  3.70925426e-01  9.32636468e-01
9.38678598e-01  4.61086095e-01  4.53698487e-01  9.83274571e-01  4.64154124e-01  4.72508669e-01
7.96528456e-01  4.47777117e-01  9.48637605e-01  9.14983783e-01  2.79127109e-01  9.55285847e-01
7.68471443e-01  5.79554360e-01  9.55266897e-01  9.09276472e-01  4.13508158e-01  9.59242821e-01
8.87572745e-01  3.98131644e-01  6.71076270e-01  9.55053418e-01  2.92457995e-01  6.95088413e-01
7.88327025e-01  4.31795595e-01  9.87149053e-01  9.08849560e-01  2.86287137e-01  9.92403134e-01
8.44723276e-01  2.57133508e-01  9.12333652e-01  9.24380633e-01  1.44683360e-01  9.26644874e-01
7.58892904e-01  6.65765369e-01  9.29810529e-01  9.11072879e-01  4.80434870e-01  9.31716398e-01
8.95722786e-01  2.38118969e-01  7.50917110e-01  9.45936032e-01  1.73030547e-01  7.81607943e-01
8.92109883e-01  7.04686951e-01  4.48406239e-01  9.79219803e-01  7.49000156e-01  4.30405122e-01
8.13523722e-01  3.37566776e-01  9.64651645e-01  9.13474783e-01  2.41909561e-01  9.73347796e-01
9.66450694e-01  2.81232304e-01  4.80188313e-01  9.83510697e-01  2.50275129e-01  5.22135484e-01
8.26718495e-01  3.78566566e-01  8.91896876e-01  9.24894650e-01  2.25982053e-01  9.03907348e-01
8.44175933e-01  7.39064925e-01  5.89265377e-01  9.61787543e-01  6.06681161e-01  5.76760327e-01
8.32963344e-01  7.67097699e-01  6.08356299e-01  9.54746701e-01  7.10947708e-01  5.96471123e-01
8.62259142e-01  4.22807639e-01  7.40610257e-01  9.45988311e-01  2.66525263e-01  7.58916146e-01
9.22269476e-01  4.07708754e-01  5.45777749e-01  9.74160099e-01  2.97640679e-01  5.70783357e-01
8.01959346e-01  5.44428682e-01  8.64850448e-01  9.22960968e-01  4.10276044e-01  8.72757978e-01
9.46217562e-01  4.91582738e-01  4.07363901e-01  9.92701695e-01  4.49173183e-01  4.15626725e-01
8.78692196e-01  7.33413197e-01  4.74860233e-01  9.72283230e-01  8.20628251e-01  4.57768023e-01
8.00313309e-01  4.75038472e-01  9.17007479e-01  9.16622627e-01  3.57305130e-01  9.25562821e-01
8.78505787e-01  2.07941015e-01  8.30106775e-01  9.35900756e-01  1.36723052e-01  8.54656782e-01
8.95008513e-01  4.82253785e-01  5.88605884e-01  9.62922562e-01  4.43214271e-01  6.08051052e-01
7.82055713e-01  6.25792440e-01  8.77646057e-01  9.18705220e-01  4.83681291e-01  8.81985126e-01
7.60482377e-01  6.18132096e-01  9.56527900e-01  9.08871940e-01  4.24392889e-01  9.59234736e-01
8.19108393e-01  9.35202253e-01  5.42248893e-01  9.65311401e-01  8.42728329e-01  4.97199818e-01
9.39104550e-01  5.18019038e-01  4.13824318e-01  9.88373525e-01  5.42008852e-01  4.21188773e-01
7.52366943e-01  6.75641332e-01  9.45444540e-01  9.11509868e-01  4.10388123e-01  9.45663426e-01
8.32204456e-01  2.67095047e-01  9.48385388e-01  9.18924378e-01  1.54902346e-01  9.59198682e-01
7.97754166e-01  4.11366395e-01  9.68725149e-01  9.10975414e-01  2.98524381e-01  9.75841167e-01
8.15539325e-01  5.85046801e-01  7.90742177e-01  9.32216023e-01  4.69787410e-01  7.98648003e-01
9.47513061e-01  4.37894561e-01  4.39167272e-01  9.85815172e-01  4.46180375e-01  4.60511391e-01
8.98156202e-01  6.59186008e-01  4.58454714e-01  9.76794802e-01  7.30332064e-01  4.50422446e-01
8.39124882e-01  2.57253962e-01  9.31380817e-01  9.20973674e-01  1.62496591e-01  9.44238123e-01
8.68063553e-01  6.82950599e-01  5.45225582e-01  9.70514917e-01  5.42120787e-01  5.35704447e-01
8.12790958e-01  3.39937330e-01  9.65556222e-01  9.14941661e-01  2.02209767e-01  9.73432198e-01
8.28961074e-01  2.86495635e-01  9.46373492e-01  9.18283393e-01  1.80618062e-01  9.57160784e-01
8.65004987e-01  2.11973128e-01  8.73513645e-01  9.29509847e-01  1.45137929e-01  8.93636629e-01
8.49545237e-01  7.61389699e-01  5.55557788e-01  9.63045270e-01  7.24617623e-01  5.39976341e-01
9.84126993e-01  3.00386004e-01  4.06875865e-01  9.92954495e-01  3.13961183e-01  4.46336143e-01
7.60649971e-01  7.50322620e-01  8.66741286e-01  9.20756217e-01  5.05326830e-01  8.63653806e-01
8.27910859e-01  7.13017436e-01  6.62112891e-01  9.46539200e-01  6.66031476e-01  6.59853613e-01
8.28474081e-01  4.13107288e-01  8.62586159e-01  9.25901027e-01  3.14301833e-01  8.76332959e-01
7.29531559e-01  7.43124800e-01  9.77923409e-01  9.04876475e-01  4.57968953e-01  9.76833543e-01
9.21699449e-01  3.16952054e-01  6.09267533e-01  9.65096977e-01  2.39968504e-01  6.43220616e-01
8.44326209e-01  9.08353753e-01  4.74213149e-01  9.73360166e-01  9.31715239e-01  4.24298490e-01
8.35950824e-01  2.37689339e-01  9.55431072e-01  9.18432176e-01  1.38614999e-01  9.66250509e-01
8.81003871e-01  7.62024290e-01  4.47655900e-01  9.80373435e-01  7.69438589e-01  4.18118840e-01
8.28981780e-01  7.52559261e-01  6.32067922e-01  9.51133353e-01  6.96376170e-01  6.23647912e-01
8.17447012e-01  2.90603350e-01  9.82943465e-01  9.12162864e-01  2.03968905e-01  9.90835392e-01
7.50190604e-01  6.49931264e-01  9.70231451e-01  9.06018302e-01  4.47199465e-01  9.72084911e-01
8.62129834e-01  7.92759838e-01  4.91395269e-01  9.75810148e-01  7.12912334e-01  4.60903095e-01
9.24661685e-01  5.58712712e-01  4.35704976e-01  9.86840897e-01  5.18709187e-01  4.36590008e-01
8.09577033e-01  8.45822314e-01  6.35129221e-01  9.54097530e-01  6.61050370e-01  6.12566032e-01
8.31931282e-01  2.40914724e-01  9.66988428e-01  9.16215065e-01  1.53751040e-01  9.76852104e-01
7.72814694e-01  6.79132325e-01  8.73222092e-01  9.19150896e-01  5.02093484e-01  8.74723703e-01
7.66865297e-01  6.59170665e-01  9.07022875e-01  9.17412027e-01  4.09872347e-01  9.07929309e-01
7.65717915e-01  6.03608161e-01  9.48441038e-01  9.09727770e-01  4.31887067e-01  9.51953223e-01
8.23000408e-01  6.92276576e-01  6.93184821e-01  9.45296987e-01  5.67087745e-01  6.91997032e-01
8.18260600e-01  5.71548460e-01  7.90852398e-01  9.33284876e-01  4.41083354e-01  7.99172875e-01
9.62021517e-01  2.97230781e-01  4.84821824e-01  9.84116875e-01  2.29892563e-01  5.23638082e-01
8.60941536e-01  5.14907794e-01  6.83255949e-01  9.51683559e-01  3.75942065e-01  6.96740065e-01
8.41957693e-01  3.17712153e-01  8.81195548e-01  9.25730181e-01  2.34207433e-01  8.97098087e-01
8.61741980e-01  2.25757409e-01  8.75359884e-01  9.29587725e-01  1.39370048e-01  8.94516343e-01
9.78835641e-01  2.99683571e-01  4.25724529e-01  9.91093816e-01  2.87659803e-01  4.65076039e-01
9.36191488e-01  4.34614471e-01  4.80058864e-01  9.82297690e-01  3.68931552e-01  5.01543185e-01
9.60213522e-01  2.94887348e-01  4.92281775e-01  9.81355744e-01  2.64309524e-01  5.32601271e-01
7.49914113e-01  6.83213389e-01  9.48714857e-01  9.10676686e-01  4.19611944e-01  9.48801960e-01
7.43208228e-01  6.53942144e-01  9.91382755e-01  9.04046359e-01  4.14724249e-01  9.92499117e-01
8.91360893e-01  5.26295302e-01  5.71347971e-01  9.68788897e-01  3.91416063e-01  5.82810621e-01
8.94790612e-01  6.64872027e-01  4.66116014e-01  9.80382364e-01  6.20076471e-01  4.53775836e-01
8.77464872e-01  3.34305310e-01  7.48385038e-01  9.45999785e-01  2.09620124e-01  7.72449707e-01
7.41387893e-01  6.55835428e-01  9.96324953e-01  9.03652501e-01  4.05508074e-01  9.97229265e-01
8.11169596e-01  3.68173247e-01  9.52337264e-01  9.16775047e-01  2.09898849e-01  9.60350622e-01
8.48538833e-01  3.51882548e-01  8.35351724e-01  9.33602400e-01  2.08190560e-01  8.52309146e-01
8.52117338e-01  8.52152166e-01  4.85521710e-01  9.69972292e-01  9.16919283e-01  4.49565638e-01
9.44914040e-01  3.61826970e-01  4.99378085e-01  9.81494351e-01  2.72162469e-01  5.29834500e-01
8.35957193e-01  8.30004620e-01  5.55677010e-01  9.64401823e-01  7.35759903e-01  5.28611295e-01
9.66558779e-01  4.12864180e-01  3.91290420e-01  9.94228321e-01  4.23126413e-01  4.12580101e-01
8.48700629e-01  3.32948083e-01  8.47577366e-01  9.32208509e-01  1.94545619e-01  8.64512526e-01
8.27807720e-01  8.44836845e-01  5.73509279e-01  9.58884469e-01  8.01013103e-01  5.48395982e-01
8.78144222e-01  3.81223128e-01  7.14401743e-01  9.50397451e-01  2.39954896e-01  7.36989365e-01
8.06048523e-01  6.58871733e-01  7.73346646e-01  9.32863926e-01  5.44162808e-01  7.76707653e-01
9.03662591e-01  3.66874723e-01  6.37199252e-01  9.59270802e-01  3.00830992e-01  6.66036153e-01
7.78312303e-01  6.40076606e-01  8.81093980e-01  9.17982086e-01  4.93750697e-01  8.84732386e-01
9.54871584e-01  4.52826228e-01  4.03952602e-01  9.93923610e-01  4.06784997e-01  4.17925082e-01
7.56365611e-01  6.04175920e-01  9.80311920e-01  9.06765004e-01  3.85884536e-01  9.82474285e-01
8.62489517e-01  8.11763336e-01  4.77341838e-01  9.70015871e-01  9.20206957e-01  4.48500016e-01
9.59423540e-01  3.75448148e-01  4.40617132e-01  9.86594813e-01  3.82108357e-01  4.70831319e-01
9.24544485e-01  5.35651970e-01  4.51666746e-01  9.80518620e-01  5.85497141e-01  4.61170283e-01
8.60839817e-01  6.92139935e-01  5.63703493e-01  9.67679237e-01  5.40487548e-01  5.54282686e-01
8.78317665e-01  5.38683108e-01  6.07548306e-01  9.58912620e-01  4.95522211e-01  6.21262848e-01
9.19557361e-01  2.56191626e-01  6.57290928e-01  9.59730166e-01  1.71440720e-01  6.93512459e-01
8.46043633e-01  2.04645119e-01  9.43246911e-01  9.19940317e-01  1.39458984e-01  9.56375172e-01
8.85188267e-01  2.81965486e-01  7.57319303e-01  9.45470739e-01  1.74938241e-01  7.84136171e-01
8.88882468e-01  2.80456436e-01  7.45716283e-01  9.47097775e-01  1.75564809e-01  7.73550476e-01
8.47298322e-01  4.80127183e-01  7.53340115e-01  9.42840362e-01  3.17815669e-01  7.67359426e-01
8.68579040e-01  7.93159531e-01  4.69092390e-01  9.74153763e-01  8.45611034e-01  4.39797037e-01
8.86345806e-01  7.21519046e-01  4.56739458e-01  9.75827792e-01  8.05075468e-01  4.38752642e-01
7.80380954e-01  5.24370983e-01  9.51819333e-01  9.13705387e-01  3.07976428e-01  9.56070268e-01
8.43910271e-01  4.29371722e-01  7.99168020e-01  9.36066405e-01  3.00306217e-01  8.14994765e-01
8.37673109e-01  8.11241087e-01  5.62476607e-01  9.61574663e-01  7.62109841e-01  5.40443718e-01
8.81884489e-01  2.27866887e-01  8.05115424e-01  9.38636968e-01  1.60737134e-01  8.31364173e-01
8.34371030e-01  3.20310536e-01  9.05364465e-01  9.23696825e-01  1.99037505e-01  9.18550311e-01
8.57929766e-01  8.23114620e-01  4.85259457e-01  9.69092115e-01  9.16590898e-01  4.55289479e-01
8.30869000e-01  5.45811945e-01  7.65144420e-01  9.40431029e-01  3.54478798e-01  7.74046059e-01
9.51965950e-01  3.38457015e-01  4.91056763e-01  9.81902219e-01  2.80314565e-01  5.25269212e-01
8.72923877e-01  3.44930950e-01  7.57025981e-01  9.42728417e-01  2.64199474e-01  7.80898174e-01
8.08242704e-01  7.54852572e-01  7.01077262e-01  9.41903161e-01  6.43425373e-01  6.94994454e-01
8.28499255e-01  9.28722456e-01  5.14538492e-01  9.67168960e-01  9.14607430e-01  4.68098529e-01
8.85953311e-01  3.68684999e-01  6.96183320e-01  9.53248192e-01  2.31952371e-01  7.20618279e-01
7.64352851e-01  7.41583230e-01  8.59988029e-01  9.22561979e-01  4.85115752e-01  8.56904382e-01
8.69365984e-01  3.11065244e-01  7.91739234e-01  9.40370475e-01  1.86605612e-01  8.14059612e-01
9.57568798e-01  4.15175396e-01  4.20145335e-01  9.92239046e-01  3.55884579e-01  4.40900505e-01
9.66860023e-01  3.81440622e-01  4.11168440e-01  9.94143961e-01  3.23814433e-01  4.36351048e-01
8.24881047e-01  2.64971293e-01  9.74841848e-01  9.14105366e-01  1.81454797e-01  9.83759477e-01
8.72594100e-01  7.13937470e-01  5.08836131e-01  9.69482556e-01  7.33074812e-01  4.96666239e-01
9.19951669e-01  2.85140306e-01  6.36408392e-01  9.62405285e-01  1.92187043e-01  6.71393529e-01
8.41873931e-01  7.55465160e-01  5.85763848e-01  9.57304491e-01  7.34485814e-01  5.74437420e-01
8.26639043e-01  2.54763684e-01  9.76022554e-01  9.14778417e-01  1.61477127e-01  9.84736397e-01
8.80508487e-01  2.39781511e-01  8.01776369e-01  9.39908258e-01  1.44021775e-01  8.27207017e-01
8.13473368e-01  4.32966958e-01  9.00734740e-01  9.20647735e-01  3.11662641e-01  9.11176200e-01
8.17535998e-01  6.81459524e-01  7.18855674e-01  9.40580929e-01  5.74898403e-01  7.19861252e-01
7.99489198e-01  3.71325658e-01  9.89821684e-01  9.09068968e-01  2.64834443e-01  9.96125752e-01
8.29265004e-01  5.73764171e-01  7.51760600e-01  9.41320350e-01  3.92634161e-01  7.59218228e-01
8.42035969e-01  7.68713288e-01  5.76270112e-01  9.58935902e-01  7.41975108e-01  5.62182929e-01
8.33096340e-01  2.70917256e-01  9.42758238e-01  9.19681021e-01  1.56440943e-01  9.53977503e-01
9.68740883e-01  2.86832414e-01  4.68585477e-01  9.86538653e-01  2.24951200e-01  5.08769855e-01
7.59378839e-01  6.57853374e-01  9.33789473e-01  9.13789225e-01  3.98118766e-01  9.34493952e-01
9.45693890e-01  4.81295785e-01  4.16094433e-01  9.87796719e-01  5.20078827e-01  4.30132045e-01
8.50863908e-01  7.02106444e-01  5.91356642e-01  9.59055381e-01  6.42322419e-01  5.85761809e-01
8.70434053e-01  7.53731800e-01  4.89361876e-01  9.74627110e-01  7.20775990e-01  4.66610631e-01
7.88288311e-01  6.10099056e-01  8.66942290e-01  9.20576441e-01  4.74563221e-01  8.72163236e-01
8.32564278e-01  2.80010069e-01  9.38439185e-01  9.19871466e-01  1.68252773e-01  9.49931435e-01
7.69440926e-01  5.41699696e-01  9.77801957e-01  9.08817286e-01  3.36553851e-01  9.81106798e-01
7.60029247e-01  6.89450561e-01  9.09943258e-01  9.14354809e-01  4.80558904e-01  9.10635886e-01
8.53112055e-01  3.24604479e-01  8.38135895e-01  9.33793373e-01  1.87146196e-01  8.56116412e-01
7.93587433e-01  6.47897399e-01  8.23625766e-01  9.26543165e-01  5.04818233e-01  8.27174258e-01
8.67979438e-01  7.78965174e-01  4.80719275e-01  9.70605102e-01  8.68156175e-01  4.57166759e-01
8.59246996e-01  7.58802736e-01  5.24158263e-01  9.63995609e-01  8.28598242e-01  5.09017851e-01
9.77933961e-01  3.71793663e-01  3.79846593e-01  9.97629685e-01  3.58655100e-01  4.05663386e-01
9.75773061e-01  2.39025002e-01  4.76822247e-01  9.84108255e-01  2.24966890e-01  5.24354375e-01
8.66382303e-01  2.49117523e-01  8.43739833e-01  9.33603806e-01  1.55118458e-01  8.64990892e-01
7.29739696e-01  7.26073433e-01  9.88720238e-01  9.03323971e-01  4.51703254e-01  9.88289971e-01
8.89998051e-01  6.07556486e-01  5.21464257e-01  9.70690531e-01  5.88270426e-01  5.24059897e-01
7.73053561e-01  5.71204687e-01  9.45245647e-01  9.10434212e-01  4.21464668e-01  9.49914238e-01
9.66543612e-01  3.38638327e-01  4.41132561e-01  9.87079032e-01  3.45731260e-01  4.76423841e-01
8.48135260e-01  2.22116701e-01  9.24606000e-01  9.22072160e-01  1.55922311e-01  9.39281141e-01
8.39872571e-01  1.95088329e-01  9.70783264e-01  9.16308273e-01  1.33071266e-01  9.81199351e-01
8.56020193e-01  3.01062238e-01  8.44385286e-01  9.32379672e-01  1.96677135e-01  8.63421796e-01
8.44767883e-01  5.06399684e-01  7.43956306e-01  9.40414256e-01  4.18590909e-01  7.58306390e-01
8.68472984e-01  7.89609426e-01  4.71850656e-01  9.77001587e-01  7.65603355e-01  4.40662348e-01
9.76668483e-01  3.23073464e-01  4.17046590e-01  9.92640282e-01  2.97473477e-01  4.52293865e-01
8.50719290e-01  7.73768084e-01  5.43193258e-01  9.62638428e-01  7.92386682e-01  5.26381281e-01
9.14125866e-01  3.97434131e-01  5.80532854e-01  9.69191372e-01  2.81802008e-01  6.06439584e-01
9.47143562e-01  4.79611573e-01  4.12278422e-01  9.87534408e-01  5.40013296e-01  4.27047896e-01
8.32431838e-01  8.06490352e-01  5.83589492e-01  9.62040537e-01  6.61370734e-01  5.61543772e-01
8.45694269e-01  3.36052595e-01  8.56051133e-01  9.29333407e-01  2.38250882e-01  8.73019640e-01
8.41768811e-01  8.14466035e-01  5.46605857e-01  9.65072400e-01  7.49529625e-01  5.21534585e-01
7.67220621e-01  5.69406329e-01  9.66390942e-01  9.10215768e-01  3.46245030e-01  9.69302371e-01
9.32858982e-01  2.78862162e-01  5.96548175e-01  9.66429876e-01  2.34764282e-01  6.35399102e-01
7.95266156e-01  6.52661928e-01  8.14376505e-01  9.26928579e-01  5.30104600e-01  8.18138866e-01
8.32163038e-01  5.87280488e-01  7.32738111e-01  9.44718279e-01  3.86722582e-01  7.38837444e-01
9.63274188e-01  2.80517060e-01  4.91522988e-01  9.82773627e-01  2.25714789e-01  5.32735677e-01
8.31260490e-01  3.03620192e-01  9.26958773e-01  9.20150558e-01  2.05543742e-01  9.39224056e-01
9.69046671e-01  3.48573424e-01  4.25877194e-01  9.90463056e-01  3.30980023e-01  4.58246423e-01
7.86687363e-01  4.78246173e-01  9.61400387e-01  9.10629681e-01  3.42636541e-01  9.67510357e-01
8.40105398e-01  2.20248954e-01  9.53006276e-01  9.19143764e-01  1.27197850e-01  9.64416381e-01
7.94171652e-01  4.16226109e-01  9.77686352e-01  9.09626041e-01  2.99996048e-01  9.84144437e-01
8.05514036e-01  8.27261081e-01  6.61536397e-01  9.50718339e-01  6.24132631e-01  6.43067525e-01
8.55430429e-01  7.29948888e-01  5.56668491e-01  9.61230030e-01  7.43576921e-01  5.47085654e-01
7.40410888e-01  7.35194221e-01  9.46103032e-01  9.09246843e-01  4.74049082e-01  9.44955910e-01
9.36907504e-01  4.04747669e-01  4.97767017e-01  9.77659063e-01  3.93058890e-01  5.25525575e-01
7.47460105e-01  6.32413812e-01  9.91384658e-01  9.04652643e-01  3.97108854e-01  9.92822596e-01
9.35595915e-01  4.13163577e-01  4.96568989e-01  9.80682488e-01  3.31300427e-01  5.20900983e-01
9.23666055e-01  5.83495859e-01  4.22382415e-01  9.89250438e-01  5.35150088e-01  4.17204401e-01
9.53144318e-01  2.98686848e-01  5.13868397e-01  9.77833331e-01  2.70660188e-01  5.53675089e-01
8.45675630e-01  7.94982148e-01  5.46109338e-01  9.67708555e-01  6.75079181e-01  5.21911922e-01
7.63349160e-01  5.68835357e-01  9.80003322e-01  9.05545342e-01  4.11176470e-01  9.83732681e-01
9.41707877e-01  2.98046890e-01  5.53370947e-01  9.72384444e-01  2.56346826e-01  5.92046240e-01
8.78683717e-01  2.21005154e-01  8.20682292e-01  9.37151400e-01  1.41558361e-01  8.45478800e-01
9.94078331e-01  2.74634758e-01  3.90256642e-01  9.97416493e-01  2.56599678e-01  4.31433436e-01
8.15649988e-01  5.34807634e-01  8.24567294e-01  9.29686565e-01  3.92514665e-01  8.33866484e-01
7.52779955e-01  6.18001076e-01  9.82934453e-01  9.05263593e-01  4.12849750e-01  9.85139742e-01
8.07355543e-01  5.14597360e-01  8.66545940e-01  9.23419373e-01  3.85798949e-01  8.75670760e-01
8.98321083e-01  2.65209042e-01  7.23758798e-01  9.50597020e-01  1.62575020e-01  7.54212356e-01
8.29841591e-01  9.23452764e-01  5.13508607e-01  9.66639716e-01  9.27388892e-01  4.68436818e-01
9.18135810e-01  3.49414761e-01  5.99238064e-01  9.67337814e-01  2.34973725e-01  6.29525551e-01
8.65729477e-01  2.65176155e-01  8.35132854e-01  9.34811794e-01  1.59009601e-01  8.56312262e-01
7.80775777e-01  8.69316262e-01  7.17674406e-01  9.41512545e-01  6.37132319e-01  6.99004594e-01
8.21889034e-01  8.81086729e-01  5.69267767e-01  9.61146966e-01  7.88546307e-01  5.36865579e-01
8.36866190e-01  2.45752560e-01  9.46861400e-01  9.19771134e-01  1.36347816e-01  9.58204299e-01
8.13863198e-01  3.60670573e-01  9.48196953e-01  9.16890499e-01  2.21008781e-01  9.56953416e-01
8.49928984e-01  8.27908420e-01  5.09358068e-01  9.66651155e-01  8.75224698e-01  4.80836573e-01
7.60735187e-01  7.84585582e-01  8.43327317e-01  9.24602182e-01  5.12601009e-01  8.37245987e-01
8.80774025e-01  2.62120435e-01  7.86091399e-01  9.41933354e-01  1.57005726e-01  8.11629983e-01
9.92496044e-01  2.82730650e-01  3.90198991e-01  9.97303249e-01  2.64826080e-01  4.30192731e-01
8.38121825e-01  2.64448067e-01  9.29952610e-01  9.20837933e-01  1.71968892e-01  9.42843720e-01
8.43367063e-01  9.13253638e-01  4.74183214e-01  9.71266493e-01  9.83826926e-01  4.25266439e-01
9.30852675e-01  5.30542642e-01  4.33563928e-01  9.83240445e-01  5.90602941e-01  4.42492072e-01
8.89540713e-01  6.49410326e-01  4.94484756e-01  9.71315734e-01  7.05415867e-01  4.91522118e-01
7.93178629e-01  5.66552790e-01  8.79624094e-01  9.23595458e-01  3.41801606e-01  8.84545283e-01
7.63843398e-01  5.72358263e-01  9.75938237e-01  9.08979501e-01  3.41134979e-01  9.78454014e-01
7.58885610e-01  6.23036848e-01  9.58674506e-01  9.10465151e-01  3.77041034e-01  9.60338622e-01
9.14039624e-01  5.94081337e-01  4.48125596e-01  9.79518909e-01  6.63003679e-01  4.49049503e-01
9.26469555e-01  5.27937260e-01  4.50296426e-01  9.85013918e-01  4.81379248e-01  4.57234008e-01
7.84990671e-01  5.78575368e-01  8.99484520e-01  9.16802145e-01  4.37714083e-01  9.05183580e-01
7.79596116e-01  8.27232457e-01  7.50105523e-01  9.37832320e-01  5.76810526e-01  7.37033547e-01
9.04050334e-01  5.54388695e-01  5.09037534e-01  9.72816502e-01  5.52541758e-01  5.18450611e-01
7.63016536e-01  5.71827197e-01  9.79121601e-01  9.07828904e-01  3.57721103e-01  9.81868013e-01
8.93967224e-01  4.87553300e-01  5.88885556e-01  9.65857780e-01  3.76728475e-01  6.05639378e-01
7.83470474e-01  8.78082233e-01  7.02551943e-01  9.43187375e-01  6.62631229e-01  6.82165062e-01
8.30348399e-01  4.41495736e-01  8.37024751e-01  9.31929046e-01  2.65037424e-01  8.49448828e-01
8.60943716e-01  2.00754762e-01  8.94961268e-01  9.26685286e-01  1.38784809e-01  9.13272962e-01
7.59622187e-01  6.45069247e-01  9.41585648e-01  9.12166313e-01  4.06190852e-01  9.42973370e-01
9.23496532e-01  5.89028803e-01  4.19227611e-01  9.85723566e-01  6.33153147e-01  4.16391482e-01
8.46080507e-01  2.51591704e-01  9.11435770e-01  9.23200507e-01  1.76368366e-01  9.26637733e-01
9.92935714e-01  2.53352333e-01  4.08521629e-01  9.94444083e-01  2.42976988e-01  4.53755362e-01
