8.28496817e-01  6.92787352e-01  7.19248527e-01
2.65565992e-01  8.30637249e-01  9.21913326e-01
7.25241721e-01  6.69291957e-01  2.50779692e-01
8.11609117e-01  3.89172388e-01  3.84375290e-01
6.23885029e-01  5.25929882e-01  7.57993248e-01
4.18600685e-01  7.68014793e-01  2.93444540e-01
3.98550196e-01  8.30408305e-01  4.85518725e-01
8.20404307e-01  5.12179806e-01  2.51841341e-01
3.76836009e-01  3.78433133e-01  7.56380002e-01
3.16257279e-01  3.53341329e-01  4.95675931e-01
6.35105989e-01  6.92787352e-01  8.88668785e-01
8.26945544e-01  8.30637249e-01  5.72635672e-01
4.00523647e-01  6.69291957e-01  8.00108051e-01
6.31106991e-01  3.89172388e-01  7.33391125e-01
9.11882095e-01  5.25929882e-01  6.52128955e-01
6.18384279e-01  7.68014793e-01  8.54068601e-01
9.65599430e-01  8.30408305e-01  3.59417798e-01
7.32744217e-01  5.12179806e-01  5.27172200e-01
2.93951348e-01  3.78433133e-01  6.73855103e-01
4.28058584e-01  3.53341329e-01  2.63061068e-01
7.05476528e-01  7.48562072e-01  7.32585650e-01
6.36524675e-01  8.28842092e-01  6.13051593e-01
8.19086348e-01  9.97810094e-01  3.26711152e-01
4.26224142e-01  7.92759787e-01  4.00222170e-01
8.32864180e-01  8.19829702e-01  8.54783930e-01
8.27968962e-01  2.63123094e-01  9.14001289e-01
5.76890535e-01  6.19837654e-01  8.11554974e-01
7.77971990e-01  7.61248708e-01  7.80148120e-01
9.68300755e-01  2.80759135e-01  5.63105446e-01
8.45984658e-01  4.75707525e-01  9.31421689e-01
3.31917851e-01  6.19055473e-01  9.18602504e-01
8.64565369e-01  7.76005568e-01  9.34935378e-01
7.26653726e-01  2.52180969e-01  5.40157574e-01
3.01587063e-01  3.00629109e-01  2.57844716e-01
5.35886448e-01  4.42910324e-01  6.31309661e-01
9.94150771e-01  4.61096520e-01  2.95622092e-01
8.89548433e-01  2.85556591e-01  4.58687885e-01
2.76229163e-01  3.29077072e-01  7.60686987e-01
4.21899321e-01  4.32213272e-01  9.62839730e-01
7.28512417e-01  9.79745219e-01  8.84768697e-01
2.74970659e-01  9.96677866e-01  3.77202795e-01
5.82603651e-01  7.32466083e-01  8.17039635e-01
7.10546449e-01  9.58926687e-01  2.86546212e-01
7.03702339e-01  9.81121526e-01  4.74323528e-01
9.13455721e-01  9.06443902e-01  8.02155667e-01
6.39072270e-01  9.74361949e-01  9.64041338e-01
5.94694731e-01  5.38858681e-01  9.43184668e-01
4.88010591e-01  5.08352449e-01  5.19951350e-01
5.90259351e-01  2.60623548e-01  5.67954586e-01
3.95712714e-01  4.32494274e-01  8.29379808e-01
3.51978149e-01  6.97179286e-01  9.16219128e-01
2.55943339e-01  4.19605727e-01  6.61731952e-01
4.68139620e-01  7.44610368e-01  7.67404108e-01
8.62891047e-01  5.96751106e-01  3.42474528e-01
2.71270193e-01  5.41680940e-01  3.85924835e-01
7.71600626e-01  3.78084732e-01  2.74782819e-01
9.47304206e-01  7.16754120e-01  5.51312752e-01
8.71295684e-01  8.90475812e-01  8.51858146e-01
7.67262901e-01  4.90203617e-01  5.34234973e-01
6.25309425e-01  8.32095873e-01  5.62328600e-01
