8.26215121e-01  4.18293921e-01  8.66804114e-01  9.25476902e-01  3.10589299e-01  8.79941102e-01
8.49657374e-01  2.48040112e-01  9.01611830e-01  9.25787427e-01  1.45892052e-01  9.17332443e-01
8.49467117e-01  3.62786057e-01  8.25119164e-01  9.34189976e-01  2.35149991e-01  8.42610597e-01
9.22289636e-01  4.41339575e-01  5.23013569e-01  9.73066758e-01  4.27124866e-01  5.46834413e-01
8.05870804e-01  5.63516238e-01  8.38605621e-01  9.28989458e-01  3.64615677e-01  8.45009034e-01
8.58151974e-01  2.37818650e-01  8.79486155e-01  9.29118921e-01  1.38847570e-01  8.97648247e-01
7.76185258e-01  7.97191915e-01  7.82031665e-01  9.32169450e-01  5.75360945e-01  7.73701905e-01
8.68602556e-01  2.46310215e-01  8.38048575e-01  9.34540430e-01  1.51257783e-01  8.59906456e-01
7.42542012e-01  6.55043854e-01  9.92915810e-01  9.04322748e-01  4.01936913e-01  9.93784100e-01
8.64535944e-01  7.46023942e-01  5.14712797e-01  9.66079703e-01  8.09982574e-01  5.00102015e-01
8.81485527e-01  7.00013143e-01  4.88154289e-01  9.72803964e-01  7.32393489e-01  4.76042931e-01
7.69365125e-01  7.01201166e-01  8.70115518e-01  9.21532779e-01  4.60598730e-01  8.69368371e-01
8.73739791e-01  7.76586833e-01  4.62645068e-01  9.74763530e-01  8.46214225e-01  4.35741864e-01
8.43634732e-01  3.47942191e-01  8.55064404e-01  9.30391484e-01  2.18156531e-01  8.71038029e-01
8.69094211e-01  3.62689989e-01  7.57828478e-01  9.44530807e-01  2.20542557e-01  7.79260000e-01
9.22607719e-01  5.94592726e-01  4.18509604e-01  9.88244434e-01  5.82359601e-01  4.12368392e-01
7.99956251e-01  4.69586921e-01  9.21908035e-01  9.18745313e-01  2.85371146e-01  9.29148757e-01
8.02902791e-01  8.18557386e-01  6.76331459e-01  9.48882018e-01  6.03818997e-01  6.59702895e-01
8.30799694e-01  9.39104164e-01  4.99673492e-01  9.69100254e-01  9.42601998e-01  4.49017683e-01
7.38082799e-01  7.17459291e-01  9.66026615e-01  9.05851283e-01  4.77241274e-01  9.65972387e-01
8.46798072e-01  7.33816941e-01  5.83549681e-01  9.56966615e-01  7.38886278e-01  5.75552312e-01
8.40828423e-01  8.72217095e-01  5.10548850e-01  9.70202448e-01  8.19618094e-01  4.71355337e-01
8.51061730e-01  8.73100141e-01  4.74992076e-01  9.73064233e-01  9.07087466e-01  4.32085346e-01
9.68794993e-01  3.69371568e-01  4.12702155e-01  9.91054156e-01  3.81283352e-01  4.42427056e-01
7.38276597e-01  6.71936618e-01  9.96088860e-01  9.03477360e-01  4.12567775e-01  9.96664485e-01
9.07742778e-01  6.21951618e-01  4.51128421e-01  9.81717223e-01  6.21669226e-01  4.45350227e-01
9.98899929e-01  2.79690440e-01  3.70373158e-01  9.99662187e-01  2.83910389e-01  4.10499611e-01
8.87031573e-01  2.74387464e-01  7.56135634e-01  9.45825914e-01  1.68158398e-01  7.83479261e-01
8.49207047e-01  7.99587682e-01  5.30936006e-01  9.64459261e-01  8.16980119e-01  5.08822084e-01
9.25638963e-01  4.09607703e-01  5.32984961e-01  9.76115117e-01  3.00096797e-01  5.57656785e-01
8.55506250e-01  1.96427797e-01  9.16460347e-01  9.23704509e-01  1.37630441e-01  9.32668194e-01
7.57195992e-01  5.95479185e-01  9.83344056e-01  9.06147727e-01  3.88648622e-01  9.85772681e-01
7.54682216e-01  8.04389642e-01  8.50642677e-01  9.22322646e-01  5.45172156e-01  8.44078647e-01
8.10194663e-01  3.95484177e-01  9.36936726e-01  9.15840421e-01  2.90896079e-01  9.46460137e-01
7.59378839e-01  6.57853374e-01  9.33789473e-01  9.13789225e-01  3.98118766e-01  9.34493952e-01
8.29265004e-01  5.73764171e-01  7.51760600e-01  9.41320350e-01  3.92634161e-01  7.59218228e-01
8.11296332e-01  5.61405290e-01  8.21193887e-01  9.28638459e-01  4.36098830e-01  8.29650379e-01
7.56380360e-01  6.17101047e-01  9.71239796e-01  9.06933640e-01  4.16048027e-01  9.73662883e-01
8.73777006e-01  7.91430766e-01  4.52500973e-01  9.75659732e-01  8.79952953e-01  4.21926457e-01
8.08713960e-01  4.62035513e-01  8.97081530e-01  9.22952616e-01  2.71126664e-01  9.05568649e-01
8.60450657e-01  6.47304649e-01  5.95586821e-01  9.62184312e-01  5.21310447e-01  5.94628903e-01
9.70018519e-01  3.29018162e-01  4.35753272e-01  9.90628499e-01  2.77248511e-01  4.70033176e-01
9.65100962e-01  2.19011868e-01  5.27084459e-01  9.77535419e-01  1.91142537e-01  5.75116505e-01
9.19286300e-01  3.93495319e-01  5.65560907e-01  9.71524872e-01  2.79521629e-01  5.92017987e-01
8.52840391e-01  2.52471783e-01  8.87745108e-01  9.27427458e-01  1.54599054e-01  9.04730973e-01
7.88098972e-01  8.62214058e-01  6.97447342e-01  9.44773585e-01  6.37791633e-01  6.77930747e-01
9.77555742e-01  3.59929516e-01  3.89144639e-01  9.95057718e-01  3.73256167e-01  4.18668264e-01
7.78038339e-01  4.91400685e-01  9.82075861e-01  9.09563796e-01  2.93727372e-01  9.86042675e-01
8.62902307e-01  7.29813036e-01  5.31233382e-01  9.64239151e-01  7.75305146e-01  5.20198887e-01
8.06290254e-01  3.74632657e-01  9.64351714e-01  9.14479059e-01  2.22343140e-01  9.71584991e-01
9.68358201e-01  3.60045522e-01  4.20487628e-01  9.89622555e-01  3.78487475e-01  4.52277650e-01
8.77508650e-01  6.43091638e-01  5.40152373e-01  9.65415285e-01  6.60278597e-01  5.40676525e-01
7.72124196e-01  6.37777780e-01  9.03490541e-01  9.14474426e-01  4.92134470e-01  9.07100664e-01
8.99524052e-01  2.61199677e-01  7.22354412e-01  9.50508926e-01  1.68369614e-01  7.53391796e-01
7.82414025e-01  5.85100934e-01  9.03885845e-01  9.19364306e-01  3.58669827e-01  9.07650885e-01
8.58370748e-01  8.13170104e-01  4.90463833e-01  9.70421936e-01  8.56550275e-01  4.61116655e-01
9.15819193e-01  4.72275085e-01  5.24243495e-01  9.76355578e-01  3.62226337e-01  5.41258433e-01
8.01245357e-01  6.52476041e-01  7.94073247e-01  9.29760252e-01  5.38446519e-01  7.97981621e-01
8.67220561e-01  2.62615045e-01  8.32064109e-01  9.34116397e-01  1.88508550e-01  8.54235567e-01
8.39676657e-01  8.82399033e-01  5.07910351e-01  9.68317958e-01  8.84020002e-01  4.68559675e-01
7.53669592e-01  6.69194145e-01  9.45344512e-01  9.10954208e-01  4.23589166e-01  9.46070831e-01
8.48873309e-01  2.15048044e-01  9.26557253e-01  9.22417264e-01  1.37313631e-01  9.41000564e-01
8.23775781e-01  2.77980859e-01  9.69838505e-01  9.16007638e-01  1.53000364e-01  9.78362089e-01
7.48619095e-01  6.20475330e-01  9.95481224e-01  9.02350555e-01  4.37641196e-01  9.97896363e-01
7.95719999e-01  8.33879577e-01  6.90531304e-01  9.46019426e-01  6.22504590e-01  6.73595380e-01
8.08328598e-01  6.31560430e-01  7.83987822e-01  9.31674966e-01  5.23423547e-01  7.89292865e-01
8.89998051e-01  6.07556486e-01  5.21464257e-01  9.70690531e-01  5.88270426e-01  5.24059897e-01
7.59175765e-01  7.61219044e-01  8.64424751e-01  9.21543753e-01  4.97841458e-01  8.60392382e-01
8.35471122e-01  2.68238031e-01  9.36452227e-01  9.20748850e-01  1.51738892e-01  9.48252621e-01
7.90004081e-01  5.00041810e-01  9.35655454e-01  9.14105696e-01  3.57038979e-01  9.42287318e-01
7.67832356e-01  5.78591179e-01  9.58101758e-01  9.11253492e-01  3.53175522e-01  9.60988925e-01
8.26198580e-01  4.41562585e-01  8.51454743e-01  9.26833044e-01  3.40311887e-01  8.64652107e-01
8.90071694e-01  6.36792560e-01  5.01186180e-01  9.77387464e-01  5.28473348e-01  4.94888136e-01
8.34677005e-01  6.35319603e-01  6.91729828e-01  9.49670750e-01  4.42527494e-01  6.93728391e-01
8.23000408e-01  6.92276576e-01  6.93184821e-01  9.45296987e-01  5.67087745e-01  6.91997032e-01
8.08823817e-01  5.90575761e-01  8.10253587e-01  9.30577655e-01  4.40014676e-01  8.16792679e-01
9.83079066e-01  3.03993074e-01  4.08021792e-01  9.92804730e-01  3.15450351e-01  4.46940633e-01
8.35078177e-01  7.13928784e-01  6.37011216e-01  9.50949242e-01  6.59392758e-01  6.33155307e-01
8.41777324e-01  2.74101662e-01  9.10946859e-01  9.22907803e-01  1.89013990e-01  9.25491294e-01
9.37752278e-01  2.66342254e-01  5.88279574e-01  9.67751624e-01  2.26977040e-01  6.28783558e-01
8.36371646e-01  7.38365932e-01  6.16101031e-01  9.53065181e-01  7.04344933e-01  6.08835076e-01
7.89912874e-01  6.55111744e-01  8.31312462e-01  9.27049926e-01  4.64852968e-01  8.33480407e-01
9.03174638e-01  5.45861325e-01  5.18081480e-01  9.71246695e-01  5.51134869e-01  5.29372361e-01
8.23913302e-01  6.47769521e-01  7.20102575e-01  9.45619530e-01  4.36387298e-01  7.21181059e-01
8.27679705e-01  6.69964394e-01  6.91956701e-01  9.43440623e-01  6.05018968e-01  6.94316889e-01
7.52331459e-01  7.30875272e-01  9.08288369e-01  9.15527526e-01  4.66391502e-01  9.06501657e-01
8.14101955e-01  8.51455150e-01  6.15868598e-01  9.56404470e-01  6.88571075e-01  5.91188914e-01
8.76141563e-01  5.95564634e-01  5.76597409e-01  9.61682380e-01  5.77272105e-01  5.83950203e-01
9.94205184e-01  2.95219435e-01  3.75932577e-01  9.98758402e-01  2.94143182e-01  4.13849555e-01
7.88754297e-01  7.50083424e-01  7.71178186e-01  9.35386809e-01  5.25024088e-01  7.65619034e-01
9.35664391e-01  2.16450143e-01  6.29081087e-01  9.63272418e-01  1.69464376e-01  6.71265167e-01
8.27362512e-01  2.55060014e-01  9.73052797e-01  9.15683778e-01  1.47175377e-01  9.81832317e-01
8.61859484e-01  6.31161228e-01  6.01369065e-01  9.57411860e-01  6.01904871e-01  6.05450851e-01
7.70007162e-01  6.38866900e-01  9.09990651e-01  9.17162010e-01  4.00583744e-01  9.11754094e-01
9.32259270e-01  3.11550024e-01  5.76538941e-01  9.70844320e-01  2.15797573e-01  6.11620406e-01
7.41738885e-01  6.67605680e-01  9.87180848e-01  9.02946681e-01  4.60258476e-01  9.88664227e-01
7.56508538e-01  6.11805712e-01  9.74374936e-01  9.04742075e-01  4.58115265e-01  9.77660675e-01
9.79781435e-01  3.10705745e-01  4.14757816e-01  9.94371742e-01  2.57947858e-01  4.50639615e-01
7.73326613e-01  6.34578922e-01  9.01839029e-01  9.14925902e-01  4.88762170e-01  9.05528048e-01
7.68696069e-01  5.19361122e-01  9.95125045e-01  9.04386070e-01  3.77459937e-01  9.99231100e-01
9.09889946e-01  5.62537037e-01  4.83887015e-01  9.79017867e-01  5.12974455e-01  4.88653763e-01
9.29935417e-01  3.79478041e-01  5.38638859e-01  9.75642917e-01  2.74131541e-01  5.66894100e-01
9.60954931e-01  3.05259567e-01  4.83047436e-01  9.82103854e-01  2.88368317e-01  5.22566999e-01
8.37206084e-01  6.38063525e-01  6.81236315e-01  9.47151937e-01  5.44977921e-01  6.85386304e-01
8.69695964e-01  6.27747703e-01  5.77198337e-01  9.63206292e-01  5.58315283e-01  5.79225625e-01
8.39054687e-01  2.35507036e-01  9.46298251e-01  9.19566088e-01  1.42130037e-01  9.58136826e-01
7.72615326e-01  5.96461807e-01  9.29696516e-01  9.11475101e-01  4.58759144e-01  9.34319710e-01
9.76253649e-01  3.07414063e-01  4.29031004e-01  9.92544953e-01  2.44378053e-01  4.65601072e-01
7.87030297e-01  5.69195494e-01  8.98845888e-01  9.16741153e-01  4.39769105e-01  9.05083388e-01
8.49536966e-01  3.52268697e-01  8.31680859e-01  9.34165560e-01  2.07535715e-01  8.48853571e-01
9.35711734e-01  3.75049153e-01  5.21893623e-01  9.77836636e-01  2.81990872e-01  5.50944548e-01
9.96505708e-01  2.48764478e-01  3.99421474e-01  9.95613353e-01  2.46927375e-01  4.45311256e-01
8.33623440e-01  4.43512660e-01  8.24770576e-01  9.31024155e-01  3.34817219e-01  8.39083812e-01
8.78514712e-01  3.48667139e-01  7.35403856e-01  9.47175165e-01  2.33976223e-01  7.59603581e-01
9.80264181e-01  2.84308629e-01  4.30921506e-01  9.90709602e-01  2.65652421e-01  4.72285772e-01
8.33461376e-01  2.35345752e-01  9.65816697e-01  9.16279554e-01  1.57798811e-01  9.75987352e-01
8.33469636e-01  3.21129148e-01  9.07594203e-01  9.23831312e-01  1.85721625e-01  9.20355025e-01
9.50928142e-01  3.73894294e-01  4.70688767e-01  9.85203080e-01  2.99705086e-01  4.99461379e-01
8.69993495e-01  2.71831515e-01  8.16072807e-01  9.37672200e-01  1.56976354e-01  8.38451548e-01
8.47636443e-01  7.70825239e-01  5.55711670e-01  9.63243553e-01  7.25201049e-01  5.38565069e-01
7.97130501e-01  5.68405068e-01  8.64869630e-01  9.21529556e-01  4.49051307e-01  8.72150342e-01
8.59159951e-01  7.29777248e-01  5.44043004e-01  9.64135081e-01  7.25952817e-01  5.32667175e-01
8.64066858e-01  4.67606190e-01  7.04499021e-01  9.48055840e-01  3.66525366e-01  7.22259900e-01
9.24097170e-01  4.06423524e-01  5.40401025e-01  9.75119317e-01  2.94262254e-01  5.65438865e-01
7.98715479e-01  8.83812771e-01  6.46599806e-01  9.51139786e-01  7.05105408e-01  6.21002515e-01
8.31925978e-01  8.83947140e-01  5.33047284e-01  9.66903129e-01  8.08812705e-01  4.95100372e-01
8.70414009e-01  7.85505210e-01  4.67988748e-01  9.73756110e-01  8.53651200e-01  4.40425015e-01
9.21699449e-01  3.16952054e-01  6.09267533e-01  9.65096977e-01  2.39968504e-01  6.43220616e-01
1.01088073e+00  2.44357168e-01  3.53286755e-01  1.00227322e+00  2.64636680e-01  3.98361444e-01
8.34371886e-01  9.17732068e-01  5.01891976e-01  9.69116802e-01  9.16078494e-01  4.55253640e-01
9.49698857e-01  2.12670153e-01  5.83684856e-01  9.69522499e-01  1.76952389e-01  6.29386988e-01
8.20492349e-01  8.13294679e-01  6.19787647e-01  9.53750648e-01  7.14067613e-01  6.02113691e-01
8.47811569e-01  2.39842203e-01  9.13748788e-01  9.23120216e-01  1.70516358e-01  9.29068912e-01
8.13054241e-01  6.15453155e-01  7.78714180e-01  9.37226043e-01  4.02392862e-01  7.82628909e-01
1.00057047e+00  2.64740969e-01  3.74754138e-01  9.99007468e-01  2.72042058e-01  4.17536731e-01
7.65274326e-01  6.21550732e-01  9.37846708e-01  9.09951580e-01  4.69772207e-01  9.41458345e-01
9.72999135e-01  3.86204870e-01  3.86980536e-01  9.97150651e-01  3.51996648e-01  4.10327938e-01
8.32735918e-01  3.27926951e-01  9.05513341e-01  9.24051662e-01  1.88838382e-01  9.18196369e-01
9.30085411e-01  4.39225292e-01  4.97807415e-01  9.76849352e-01  4.32022145e-01  5.21402310e-01
8.12480070e-01  6.70490241e-01  7.43531728e-01  9.36080215e-01  5.84617634e-01  7.46404779e-01
8.66053010e-01  7.59428067e-01  5.00484524e-01  9.67081626e-01  8.54072279e-01  4.83133418e-01
9.76346826e-01  3.27255887e-01  4.15323082e-01  9.92187506e-01  3.17240244e-01  4.50471420e-01
8.24161497e-01  8.35207238e-01  5.92465433e-01  9.60384467e-01  6.81262527e-01  5.67409209e-01
7.93249648e-01  4.86238217e-01  9.33583951e-01  9.14146587e-01  3.59393581e-01  9.40945175e-01
8.56020193e-01  3.01062238e-01  8.44385286e-01  9.32379672e-01  1.96677135e-01  8.63421796e-01
8.39180249e-01  1.90335511e-01  9.76356809e-01  9.15626769e-01  1.30191123e-01  9.86259393e-01
8.10592496e-01  4.08882783e-01  9.26833154e-01  9.18611112e-01  2.62822339e-01  9.35918369e-01
8.44650130e-01  2.35402488e-01  9.27249635e-01  9.21754125e-01  1.54396007e-01  9.41169226e-01
9.76422820e-01  2.28680830e-01  4.81582850e-01  9.83673682e-01  2.12275491e-01  5.30176363e-01
8.72317925e-01  7.81000910e-01  4.64524217e-01  9.78031697e-01  7.66373006e-01  4.33871359e-01
8.86312122e-01  6.94640169e-01  4.74992857e-01  9.73942003e-01  7.54048140e-01  4.63049036e-01
7.78312303e-01  6.40076606e-01  8.81093980e-01  9.17982086e-01  4.93750697e-01  8.84732386e-01
9.18551014e-01  2.17320677e-01  6.86960164e-01  9.55110645e-01  1.65361332e-01  7.24595695e-01
9.34502181e-01  2.76716601e-01  5.92382704e-01  9.69029096e-01  1.86308927e-01  6.30314329e-01
7.95445744e-01  4.98728667e-01  9.17650313e-01  9.15898769e-01  3.77058779e-01  9.25482170e-01
8.28082335e-01  8.36727493e-01  5.78043526e-01  9.58388481e-01  7.88912631e-01  5.54470587e-01
8.00549989e-01  4.05859783e-01  9.62888772e-01  9.12206756e-01  2.88408568e-01  9.70362030e-01
8.50645266e-01  7.06265312e-01  5.88998932e-01  9.57794173e-01  6.81953513e-01  5.83857894e-01
9.74506580e-01  2.78806194e-01  4.54304132e-01  9.86540128e-01  2.72988972e-01  4.97273926e-01
9.86943344e-01  2.89208543e-01  4.04797166e-01  9.94870800e-01  2.70111740e-01  4.44530207e-01
8.60520589e-01  1.75429163e-01  9.13499412e-01  9.24568702e-01  1.23150455e-01  9.30587640e-01
7.42723018e-01  7.77389994e-01  9.09725692e-01  9.14527534e-01  4.95266998e-01  9.06010913e-01
7.85197445e-01  4.40929141e-01  9.91678610e-01  9.09175917e-01  2.62278989e-01  9.96050813e-01
8.66011568e-01  3.86563049e-01  7.52248579e-01  9.42087172e-01  3.07909535e-01  7.74042375e-01
8.32714267e-01  4.36219658e-01  8.32500679e-01  9.29610927e-01  3.37506078e-01  8.46988602e-01
8.40085855e-01  6.87692417e-01  6.37907228e-01  9.56894483e-01  5.02366399e-01  6.33087240e-01
8.04553775e-01  4.54130120e-01  9.16928920e-01  9.19701936e-01  2.79466449e-01  9.24941604e-01
7.78078173e-01  5.91046438e-01  9.14686040e-01  9.13921045e-01  4.54048006e-01  9.19757562e-01
7.49216427e-01  7.24986545e-01  9.22905695e-01  9.13028438e-01  4.69697411e-01  9.21740681e-01
8.06722466e-01  4.10501722e-01  9.38666227e-01  9.17599623e-01  2.42901580e-01  9.46652988e-01
7.96889293e-01  6.71273998e-01  7.96270067e-01  9.28844232e-01  5.58421077e-01  7.99080688e-01
8.03635949e-01  3.74498624e-01  9.73510857e-01  9.11254544e-01  2.69746152e-01  9.80932420e-01
8.30829022e-01  5.25137885e-01  7.79233238e-01  9.39056360e-01  3.28746449e-01  7.89016364e-01
8.04455285e-01  8.06937240e-01  6.78869207e-01  9.48830998e-01  5.89146105e-01  6.63538673e-01
8.56845147e-01  7.94855283e-01  5.08034966e-01  9.67372190e-01  8.40718905e-01  4.84462736e-01
8.50405304e-01  2.24501721e-01  9.14942015e-01  9.23332309e-01  1.56515038e-01  9.30539760e-01
9.75542318e-01  3.31598584e-01  4.15438927e-01  9.92440818e-01  3.15661256e-01  4.49741070e-01
8.95178976e-01  2.43364795e-01  7.49234840e-01  9.45894214e-01  1.81487745e-01  7.79853879e-01
7.52760142e-01  7.11402493e-01  9.19965848e-01  9.14452375e-01  4.43243888e-01  9.18933014e-01
7.90778779e-01  5.79618124e-01  8.79004173e-01  9.19393758e-01  4.51132608e-01  8.85351922e-01
9.82044670e-01  3.04579068e-01  4.11160260e-01  9.94249600e-01  2.70442732e-01  4.48435338e-01
9.07326634e-01  2.87336932e-01  6.78058692e-01  9.56648825e-01  1.84350749e-01  7.10189091e-01
8.32354837e-01  4.28049718e-01  8.39541376e-01  9.31165100e-01  2.73547386e-01  8.52830747e-01
9.71174480e-01  3.34517773e-01  4.28092820e-01  9.89384722e-01  3.38638492e-01  4.63331462e-01
8.32962445e-01  7.62504355e-01  6.11459884e-01  9.58129023e-01  6.15448290e-01  5.97612560e-01
9.05404140e-01  4.75662502e-01  5.57836723e-01  9.69554637e-01  3.99659778e-01  5.76444860e-01
8.81915732e-01  7.02107465e-01  4.84973902e-01  9.78542523e-01  6.11590622e-01  4.67605352e-01
9.32929842e-01  3.94646081e-01  5.18173169e-01  9.78256012e-01  2.96704431e-01  5.44736490e-01
8.24857852e-01  2.50481987e-01  9.84700786e-01  9.13504512e-01  1.60074039e-01  9.92726220e-01
7.60358035e-01  6.08897306e-01  9.63184597e-01  9.06186790e-01  4.64583222e-01  9.66847290e-01
8.30855758e-01  8.11400022e-01  5.85660747e-01  9.61131738e-01  6.77310410e-01  5.63561305e-01
7.59204872e-01  7.86311865e-01  8.47390312e-01  9.22819972e-01  5.40812029e-01  8.41931359e-01
8.66091853e-01  6.24686391e-01  5.91279067e-01  9.59415031e-01  5.89946285e-01  5.95462172e-01
8.65822996e-01  3.03911670e-01  8.08671073e-01  9.36082755e-01  2.30293239e-01  8.31114710e-01
8.85794089e-01  2.79625743e-01  7.56828533e-01  9.45739383e-01  1.69389815e-01  7.83739818e-01
8.83013463e-01  6.81093871e-01  4.95701436e-01  9.72186153e-01  7.03247413e-01  4.86974677e-01
7.30940409e-01  7.49755788e-01  9.68634220e-01  9.05893745e-01  4.70481513e-01  9.67316457e-01
9.36727936e-01  2.66159042e-01  5.92200855e-01  9.68316644e-01  2.01356817e-01  6.31802560e-01
8.21363887e-01  2.84168123e-01  9.73903468e-01  9.14579149e-01  1.74988717e-01  9.82266731e-01
8.41815989e-01  2.82429095e-01  9.05195237e-01  9.25030935e-01  1.57864680e-01  9.19321745e-01
9.05201999e-01  2.76704963e-01  6.92492218e-01  9.54583536e-01  1.79583435e-01  7.24575784e-01
8.50242486e-01  4.18391771e-01  7.84942875e-01  9.37169346e-01  3.21838745e-01  8.02771563e-01
9.35630948e-01  5.02030798e-01  4.36777984e-01  9.83614647e-01  5.51461418e-01  4.49968013e-01
8.93297202e-01  2.74178583e-01  7.34869909e-01  9.48936338e-01  1.66882485e-01  7.63834001e-01
8.20963816e-01  2.83919522e-01  9.75735875e-01  9.13596064e-01  1.95230975e-01  9.84248813e-01
8.26639043e-01  2.54763684e-01  9.76022554e-01  9.14778417e-01  1.61477127e-01  9.84736397e-01
7.46821281e-01  7.70149691e-01  9.00907126e-01  9.15683330e-01  5.02319953e-01  8.97427756e-01
8.83302641e-01  6.94330562e-01  4.85483292e-01  9.73942435e-01  7.10979751e-01  4.73344446e-01
8.55767724e-01  1.89953960e-01  9.19936212e-01  9.23355835e-01  1.33277977e-01  9.35945434e-01
8.12348457e-01  3.82819835e-01  9.38125980e-01  9.18256309e-01  2.24398631e-01  9.46865415e-01
9.60967052e-01  4.47434367e-01  3.86767267e-01  9.96835292e-01  4.04346052e-01  3.99833239e-01
8.36624207e-01  5.78241723e-01  7.23595900e-01  9.45503204e-01  3.98917351e-01  7.30886943e-01
9.29200922e-01  3.84318365e-01  5.38179359e-01  9.73632172e-01  3.28079487e-01  5.67407878e-01
8.67363459e-01  5.90182415e-01  6.10516978e-01  9.57537043e-01  5.44647014e-01  6.18855980e-01
8.58709027e-01  5.38043667e-01  6.75270627e-01  9.53705104e-01  3.66605009e-01  6.86006580e-01
8.60941536e-01  5.14907794e-01  6.83255949e-01  9.51683559e-01  3.75942065e-01  6.96740065e-01
8.63298209e-01  6.52743582e-01  5.81890488e-01  9.65724418e-01  4.91966814e-01  5.78422699e-01
8.36210873e-01  6.56222086e-01  6.72382188e-01  9.47729739e-01  5.73215408e-01  6.74928238e-01
7.97554011e-01  7.18070830e-01  7.62418002e-01  9.33884341e-01  5.82392308e-01  7.61021242e-01
9.25907993e-01  2.99083319e-01  6.06650175e-01  9.66844576e-01  1.97529150e-01  6.41642757e-01
7.64451810e-01  8.57916717e-01  7.81139779e-01  9.32227309e-01  5.99665541e-01  7.67519072e-01
8.36416156e-01  5.31700413e-01  7.55715042e-01  9.41109030e-01  3.68517880e-01  7.66340328e-01
7.79763620e-01  5.35506186e-01  9.46411746e-01  9.10823000e-01  4.01935678e-01  9.52090375e-01
8.07789198e-01  9.03431611e-01  6.02360178e-01  9.57720043e-01  7.44423361e-01  5.69395864e-01
8.15391323e-01  5.02289873e-01  8.47397134e-01  9.28430160e-01  3.30171623e-01  8.56832784e-01
8.93270104e-01  7.06492808e-01  4.43224196e-01  9.83529261e-01  6.72873561e-01  4.20967745e-01
8.32143050e-01  2.56140332e-01  9.56286872e-01  9.18275252e-01  1.43930717e-01  9.66502743e-01
8.54107247e-01  2.52801996e-01  8.83193802e-01  9.28265454e-01  1.49824197e-01  9.00497730e-01
7.81590904e-01  6.11977220e-01  8.88557715e-01  9.16971310e-01  4.81942062e-01  8.93522549e-01
8.47249759e-01  8.14900428e-01  5.27587958e-01  9.69895289e-01  7.16132103e-01  4.98587021e-01
8.71976954e-01  2.98149216e-01  7.91535188e-01  9.40730192e-01  1.75000120e-01  8.14527480e-01
9.25062391e-01  2.75011662e-01  6.25783107e-01  9.63810462e-01  1.91948709e-01  6.62437777e-01
9.01391407e-01  2.80567117e-01  7.03202752e-01  9.53530367e-01  1.70741034e-01  7.33962003e-01
9.16787787e-01  3.77788063e-01  5.84696307e-01  9.68588746e-01  2.71404686e-01  6.12790941e-01
9.39548515e-01  4.60956755e-01  4.50813911e-01  9.84214360e-01  4.53377101e-01  4.69057923e-01
7.52774622e-01  6.60104537e-01  9.54536512e-01  9.08655045e-01  4.43760566e-01  9.55994610e-01
7.59540649e-01  5.85366049e-01  9.81859346e-01  9.04314970e-01  4.36859486e-01  9.85483069e-01
8.25204909e-01  8.79887697e-01  5.58748340e-01  9.61605608e-01  8.21220315e-01  5.26111114e-01
8.08081163e-01  7.76402350e-01  6.87385483e-01  9.47613611e-01  5.71845694e-01  6.76000561e-01
8.24728582e-01  8.86899154e-01  5.55644073e-01  9.61570045e-01  8.39795595e-01  5.21897618e-01
7.98530667e-01  3.74895054e-01  9.90687778e-01  9.08769780e-01  2.69536396e-01  9.96920446e-01
8.45617044e-01  8.71937196e-01  4.94377934e-01  9.71514341e-01  8.58336814e-01  4.53682952e-01
7.58759243e-01  7.72114014e-01  8.58494714e-01  9.21476290e-01  5.25894933e-01  8.54116877e-01
9.41289540e-01  2.82759264e-01  5.65116821e-01  9.72580182e-01  2.01924862e-01  6.03803909e-01
8.11169596e-01  3.68173247e-01  9.52337264e-01  9.16775047e-01  2.09898849e-01  9.60350622e-01
8.49231952e-01  7.56764331e-01  5.59750106e-01  9.66827966e-01  6.15572936e-01  5.41788669e-01
8.99501633e-01  2.81831996e-01  7.08804888e-01  9.50848386e-01  2.16727253e-01  7.40168066e-01
8.38052933e-01  4.59878641e-01  7.98295060e-01  9.37233816e-01  2.81293753e-01  8.11536376e-01
8.64821481e-01  4.56160980e-01  7.09644328e-01  9.46669484e-01  3.77028458e-01  7.28640503e-01
9.14798313e-01  6.29736269e-01  4.21473231e-01  9.81496833e-01  7.51458708e-01  4.15212788e-01
8.41815070e-01  2.78808523e-01  9.07641739e-01  9.24405857e-01  1.64161209e-01  9.21825440e-01
9.64883867e-01  3.16639814e-01  4.61647810e-01  9.87156149e-01  2.53659290e-01  4.97944826e-01
7.76533410e-01  8.02154978e-01  7.77493029e-01  9.33358811e-01  5.66236724e-01  7.68255092e-01
7.79675910e-01  4.98350992e-01  9.71788362e-01  9.08393231e-01  3.62379576e-01  9.77134349e-01
8.02226495e-01  8.22413613e-01  6.76039510e-01  9.48348477e-01  6.19711539e-01  6.59324831e-01
8.50822745e-01  2.16044091e-01  9.19223986e-01  9.23230337e-01  1.42796201e-01  9.34474346e-01
8.41211858e-01  6.61515774e-01  6.51724984e-01  9.54116127e-01  5.02168202e-01  6.50954834e-01
9.18141081e-01  3.49202217e-01  5.99363519e-01  9.67444011e-01  2.31872755e-01  6.29585901e-01
9.31415693e-01  2.31933709e-01  6.33147537e-01  9.62171153e-01  1.87966254e-01  6.73904518e-01
7.44501127e-01  7.23708515e-01  9.39879377e-01  9.10604780e-01  4.62857025e-01  9.38922159e-01
8.34387842e-01  5.03522808e-01  7.81661289e-01  9.38911891e-01  3.16547312e-01  7.92860059e-01
8.37732102e-01  7.58170949e-01  5.98088158e-01  9.55834723e-01  7.21354955e-01  5.87004138e-01
7.58983658e-01  6.19815689e-01  9.60512081e-01  9.07347322e-01  4.47387982e-01  9.63515224e-01
9.35024634e-01  4.37706323e-01  4.81958899e-01  9.83000267e-01  3.47075961e-01  5.02262911e-01
9.95623830e-01  2.76815837e-01  3.83504963e-01  9.97618606e-01  2.78996416e-01  4.24781785e-01
7.81768527e-01  5.33097664e-01  9.41187119e-01  9.12243066e-01  3.85788539e-01  9.46842991e-01
8.97061879e-01  2.04047862e-01  7.69335077e-01  9.44098240e-01  1.44354827e-01  8.00252576e-01
8.87572745e-01  3.98131644e-01  6.71076270e-01  9.55053418e-01  2.92457995e-01  6.95088413e-01
8.14346451e-01  3.85929429e-01  9.29200411e-01  9.19396817e-01  2.28853770e-01  9.38484650e-01
8.11626960e-01  7.09665726e-01  7.20008892e-01  9.39095664e-01  6.17874324e-01  7.19111400e-01
8.36185929e-01  8.15355343e-01  5.65078836e-01  9.60802101e-01  7.74133678e-01  5.43040577e-01
8.86110872e-01  5.79922215e-01  5.53392635e-01  9.67689157e-01  5.18016514e-01  5.60109034e-01
7.96387474e-01  3.98938529e-01  9.81784100e-01  9.11812011e-01  2.28274488e-01  9.87273693e-01
9.27516953e-01  4.46623965e-01  5.01589366e-01  9.76300837e-01  4.34910488e-01  5.24229768e-01
7.78794959e-01  7.88504935e-01  7.78978227e-01  9.33645101e-01  5.48378686e-01  7.70689026e-01
8.63494390e-01  6.76163251e-01  5.65713057e-01  9.63067044e-01  6.34165420e-01  5.61981885e-01
9.32395604e-01  4.26142782e-01  4.98743747e-01  9.80408137e-01  3.37092324e-01  5.21275714e-01
7.57091950e-01  5.95613131e-01  9.83310302e-01  9.03995173e-01  4.40517595e-01  9.86659565e-01
8.32145798e-01  7.84127847e-01  5.99656833e-01  9.55453143e-01  7.38824890e-01  5.85274227e-01
9.23554688e-01  2.80884547e-01  6.26970975e-01  9.64028228e-01  1.84901271e-01  6.62726198e-01
7.48265406e-01  6.60417453e-01  9.69732394e-01  9.06141263e-01  4.47482798e-01  9.71228459e-01
8.47204453e-01  8.23753819e-01  5.21470335e-01  9.70590665e-01  7.29721770e-01  4.90360714e-01
7.83157149e-01  4.60190101e-01  9.85650366e-01  9.09830010e-01  2.70272043e-01  9.89943936e-01
9.50747517e-01  4.09336839e-01  4.47388517e-01  9.85410126e-01  4.05436588e-01  4.72851646e-01
9.44335231e-01  5.02772861e-01  4.06243200e-01  9.91544439e-01  4.88394986e-01  4.13670770e-01
8.74515814e-01  5.29666830e-01  6.26920493e-01  9.61149829e-01  3.66212337e-01  6.38350383e-01
7.43405365e-01  7.02669944e-01  9.57822264e-01  9.08204362e-01  4.48620779e-01  9.57723170e-01
8.78258453e-01  7.26297844e-01  4.81143607e-01  9.71526561e-01  8.07190355e-01  4.65834344e-01
8.31309571e-01  6.62430546e-01  6.84937422e-01  9.44838760e-01  5.97164454e-01  6.87744241e-01
8.24209690e-01  5.76398277e-01  7.66955599e-01  9.35628369e-01  4.73173169e-01  7.75951479e-01
9.35281492e-01  2.62029241e-01  5.99631259e-01  9.66459526e-01  2.15676253e-01  6.39773185e-01
8.55074484e-01  8.42336599e-01  4.82042727e-01  9.69444343e-01  9.36497695e-01  4.48270388e-01
8.57927966e-01  7.07128593e-01  5.63833669e-01  9.61352936e-01  7.00277468e-01  5.57167651e-01
9.42239401e-01  2.53530664e-01  5.81595542e-01  9.69302270e-01  2.07850171e-01  6.23411361e-01
8.52121645e-01  8.30715475e-01  4.99972827e-01  9.67217471e-01  9.03532940e-01  4.70435458e-01
8.38508956e-01  8.38455746e-01  5.41553613e-01  9.63426915e-01  8.24965765e-01  5.14050724e-01
8.48857147e-01  2.45735654e-01  9.06199090e-01  9.24896604e-01  1.53707015e-01  9.21694395e-01
8.36072060e-01  3.29952808e-01  8.92747272e-01  9.25924184e-01  1.88311363e-01  9.06311746e-01
7.96675376e-01  6.75754053e-01  7.94277017e-01  9.33072687e-01  4.66009749e-01  7.94573419e-01
7.62867920e-01  5.62116042e-01  9.86182631e-01  9.04608712e-01  4.10328192e-01  9.89943297e-01
8.14052324e-01  5.39418376e-01  8.26914653e-01  9.30077140e-01  3.75351394e-01  8.35465407e-01
7.68982304e-01  7.84399778e-01  8.15275126e-01  9.28866713e-01  5.19410615e-01  8.08264662e-01
9.44989697e-01  3.07715969e-01  5.35634241e-01  9.74531725e-01  2.74387133e-01  5.73960075e-01
9.69021282e-01  3.28416205e-01  4.39566304e-01  9.89777997e-01  2.82315271e-01  4.74276644e-01
8.51666434e-01  7.21259780e-01  5.75391458e-01  9.59113451e-01  7.13393621e-01  5.67878399e-01
8.44443535e-01  8.21929386e-01  5.32133450e-01  9.65892115e-01  7.93523417e-01  5.05240754e-01
7.55423092e-01  6.94066387e-01  9.22566674e-01  9.13361136e-01  4.56883261e-01  9.22670891e-01
8.43910271e-01  4.29371722e-01  7.99168020e-01  9.36066405e-01  3.00306217e-01  8.14994765e-01
7.89918613e-01  4.59102241e-01  9.63280170e-01  9.10548872e-01  3.35193307e-01  9.69808567e-01
7.69440926e-01  5.41699696e-01  9.77801957e-01  9.08817286e-01  3.36553851e-01  9.81106798e-01
8.41957693e-01  3.17712153e-01  8.81195548e-01  9.25730181e-01  2.34207433e-01  8.97098087e-01
8.14044792e-01  6.03681731e-01  7.83571205e-01  9.35267718e-01  4.30119536e-01  7.89076493e-01
8.13199948e-01  9.38894018e-01  5.59943142e-01  9.61880008e-01  8.49425690e-01  5.17606859e-01
8.73334674e-01  1.87494201e-01  8.61573809e-01  9.31412680e-01  1.34597639e-01  8.83952048e-01
8.22695907e-01  2.88487239e-01  9.66436532e-01  9.14723135e-01  1.98491090e-01  9.75723124e-01
8.31760525e-01  6.17617959e-01  7.13639566e-01  9.45693023e-01  4.47477274e-01  7.18057870e-01
8.96072185e-01  2.75285037e-01  7.24641762e-01  9.48439778e-01  2.15417068e-01  7.55413390e-01
9.53272990e-01  4.57923707e-01  4.05973904e-01  9.91649921e-01  4.54758671e-01  4.21037070e-01
8.69055636e-01  8.08426329e-01  4.57459653e-01  9.73904518e-01  9.14301460e-01  4.25487765e-01
7.44374285e-01  8.10846175e-01  8.81504609e-01  9.18029037e-01  5.29155669e-01  8.75448205e-01
9.03147057e-01  6.70820356e-01  4.33553302e-01  9.78509866e-01  8.01335166e-01  4.22444633e-01
9.43763515e-01  3.37737734e-01  5.19564456e-01  9.78800959e-01  2.47654155e-01  5.52969888e-01
8.66740206e-01  6.87102941e-01  5.46943536e-01  9.63291533e-01  7.07937806e-01  5.42385236e-01
7.94728227e-01  8.46136155e-01  6.85648153e-01  9.45819407e-01  6.53039705e-01  6.67576832e-01
9.33847749e-01  2.30844239e-01  6.25871818e-01  9.63455966e-01  1.84110390e-01  6.67102594e-01
7.93587433e-01  6.47897399e-01  8.23625766e-01  9.26543165e-01  5.04818233e-01  8.27174258e-01
7.75865723e-01  5.24544510e-01  9.67129709e-01  9.10690872e-01  3.25683964e-01  9.71171662e-01
9.90738750e-01  3.00292095e-01  3.84351800e-01  9.98140329e-01  2.79624624e-01  4.21285323e-01
8.79493963e-01  6.55249839e-01  5.24867318e-01  9.67333543e-01  6.81158034e-01  5.22863705e-01
8.55649170e-01  8.06051038e-01  5.04566150e-01  9.71907147e-01  7.57648191e-01  4.75239442e-01
8.73019513e-01  6.07744394e-01  5.79045363e-01  9.66870895e-01  4.51118163e-01  5.80836829e-01
8.23889709e-01  2.69776120e-01  9.74986553e-01  9.14698605e-01  1.66585405e-01  9.83509972e-01
8.71629480e-01  7.23442770e-01  5.05717155e-01  9.68911911e-01  7.65447921e-01  4.92585445e-01
7.68423348e-01  5.82136190e-01  9.53688686e-01  9.09374759e-01  4.17441374e-01  9.57671851e-01
8.85543634e-01  1.94787610e-01  8.14937549e-01  9.37647955e-01  1.43062418e-01  8.41934204e-01
9.36543777e-01  5.22749234e-01  4.19380566e-01  9.85681775e-01  5.85188150e-01  4.28128526e-01
8.09559202e-01  6.86614792e-01  7.42629318e-01  9.35924480e-01  5.97956300e-01  7.44214136e-01
8.27609464e-01  6.53314612e-01  7.03731515e-01  9.45254289e-01  5.10667962e-01  7.05761866e-01
8.13402312e-01  5.00013635e-01  8.55431768e-01  9.28317911e-01  3.00437537e-01  8.64146039e-01
9.78835641e-01  2.99683571e-01  4.25724529e-01  9.91093816e-01  2.87659803e-01  4.65076039e-01
8.15921670e-01  5.75763507e-01  7.95700718e-01  9.31430682e-01  4.67508331e-01  8.04230199e-01
8.98859741e-01  5.61690426e-01  5.21842968e-01  9.70403219e-01  5.63876461e-01  5.31218814e-01
8.05606166e-01  6.84971068e-01  7.57246363e-01  9.39231570e-01  4.60095582e-01  7.55967533e-01
8.60619181e-01  2.05777258e-01  8.92680615e-01  9.27267579e-01  1.33082940e-01  9.10901494e-01
8.22459809e-01  8.70742397e-01  5.74298719e-01  9.62134612e-01  7.37536906e-01  5.42727981e-01
7.88322183e-01  4.65953534e-01  9.64111094e-01  9.10763202e-01  3.27630093e-01  9.70242367e-01
8.27884206e-01  8.68033262e-01  5.57594868e-01  9.64341795e-01  7.54027590e-01  5.24628248e-01
8.43784865e-01  9.13089866e-01  4.72866347e-01  9.71123576e-01  9.92735547e-01  4.24052934e-01
8.20075485e-01  5.30861046e-01  8.11813631e-01  9.34081565e-01  3.28783188e-01  8.20399376e-01
9.10376859e-01  5.00090426e-01  5.24363772e-01  9.74771569e-01  4.17048525e-01  5.38826131e-01
7.67197981e-01  6.50028461e-01  9.12054505e-01  9.13417956e-01  4.87849758e-01  9.14901600e-01
7.74005177e-01  6.13561374e-01  9.13407215e-01  9.13531363e-01  4.72836615e-01  9.17764219e-01
8.51358877e-01  2.49824519e-01  8.94593451e-01  9.25905688e-01  1.67915890e-01  9.11307455e-01
7.96706025e-01  6.51654789e-01  8.10136869e-01  9.28028542e-01  5.19051657e-01  8.13726623e-01
7.52823177e-01  7.46117422e-01  8.96619569e-01  9.17233380e-01  4.75572615e-01  8.93881454e-01
8.06936536e-01  6.01759018e-01  8.08855916e-01  9.28805109e-01  4.90037591e-01  8.15683562e-01
7.56983087e-01  6.17600109e-01  9.68843952e-01  9.08126210e-01  3.95523539e-01  9.70921433e-01
8.97851374e-01  5.77340954e-01  5.15025140e-01  9.76181110e-01  4.66078339e-01  5.18061802e-01
8.57736614e-01  2.74468877e-01  8.56468060e-01  9.30950163e-01  1.83635611e-01  8.75709366e-01
9.90740589e-01  2.34698295e-01  4.28608630e-01  9.91302026e-01  2.30079117e-01  4.76992093e-01
8.65531823e-01  4.63823101e-01  7.01748737e-01  9.47348715e-01  3.90358314e-01  7.20579700e-01
7.49115568e-01  6.14272853e-01  9.97971459e-01  9.03076022e-01  4.09172967e-01  1.00005058e+00
9.20087335e-01  4.37342615e-01  5.33532749e-01  9.73541453e-01  3.76055676e-01  5.56517933e-01
8.38360505e-01  1.97866281e-01  9.74075026e-01  9.15849907e-01  1.33346906e-01  9.84073498e-01
9.45839471e-01  3.94233276e-01  4.74645823e-01  9.81531462e-01  3.84982036e-01  5.03136596e-01
7.82084219e-01  5.38576777e-01  9.36411928e-01  9.15638583e-01  3.19942281e-01  9.40809030e-01
9.03856009e-01  6.54751260e-01  4.41975129e-01  9.80636496e-01  7.05824976e-01  4.31642387e-01
9.00573381e-01  2.52507638e-01  7.24933101e-01  9.50457822e-01  1.59817714e-01  7.56281312e-01
8.54585805e-01  1.72666580e-01  9.35642286e-01  9.21597773e-01  1.20249563e-01  9.50337400e-01
7.76421371e-01  7.95290345e-01  7.82805906e-01  9.31511235e-01  5.89762022e-01  7.74996947e-01
8.21414968e-01  4.41273823e-01  8.67994897e-01  9.26877220e-01  2.78616942e-01  8.79121433e-01
8.24443446e-01  9.49967631e-01  5.14057860e-01  9.66743661e-01  9.42568671e-01  4.64140456e-01
7.93323033e-01  7.41519023e-01  7.61050834e-01  9.37692682e-01  5.03497483e-01  7.55459743e-01
7.88419430e-01  7.41722428e-01  7.77665763e-01  9.31700991e-01  5.84432524e-01  7.74537439e-01
9.03662591e-01  3.66874723e-01  6.37199252e-01  9.59270802e-01  3.00830992e-01  6.66036153e-01
8.52564410e-01  7.71441614e-01  5.38459651e-01  9.63828658e-01  7.82317081e-01  5.21155077e-01
8.16517650e-01  1.00753641e+00  5.02286592e-01  9.68646760e-01  9.95753523e-01  4.39217149e-01
9.32934384e-01  3.19831905e-01  5.68643674e-01  9.71701397e-01  2.27863115e-01  6.03238123e-01
8.85162431e-01  2.66359967e-01  7.67939127e-01  9.44467080e-01  1.57616275e-01  7.94715722e-01
7.72169422e-01  7.95646833e-01  7.96794866e-01  9.29768984e-01  5.74629904e-01  7.89273387e-01
7.70934665e-01  5.19670698e-01  9.87267100e-01  9.05770361e-01  3.72412812e-01  9.91558824e-01
8.63306760e-01  3.60712572e-01  7.79233367e-01  9.39857402e-01  2.59777754e-01  8.00370305e-01
8.56246479e-01  2.90706816e-01  8.50302438e-01  9.30662361e-01  2.13862965e-01  8.69810487e-01
7.38679388e-01  7.20732884e-01  9.61779438e-01  9.07649133e-01  4.49595405e-01  9.61051460e-01
9.79950640e-01  3.54711715e-01  3.84484096e-01  9.97096779e-01  3.40750971e-01  4.13362441e-01
8.96130718e-01  5.30762246e-01  5.52037309e-01  9.67055225e-01  5.08826057e-01  5.65855782e-01
7.48320410e-01  6.87313473e-01  9.51392276e-01  9.08671291e-01  4.59819425e-01  9.52050310e-01
8.40526837e-01  3.19953369e-01  8.84273974e-01  9.25312601e-01  2.31912720e-01  8.99808405e-01
9.63009494e-01  3.69368159e-01  4.32469556e-01  9.90955178e-01  3.07813059e-01  4.60629531e-01
9.07455156e-01  6.21844620e-01  4.52183113e-01  9.79970143e-01  6.57713143e-01  4.47937182e-01
8.70492175e-01  7.15946484e-01  5.14661268e-01  9.68123394e-01  7.42500932e-01  5.03129805e-01
8.28471208e-01  3.25646032e-01  9.21624342e-01  9.21587260e-01  1.92160397e-01  9.33209086e-01
9.15816561e-01  3.48130752e-01  6.08028023e-01  9.66117362e-01  2.31734615e-01  6.38127973e-01
8.13855904e-01  3.32715598e-01  9.66790951e-01  9.13588947e-01  2.30770841e-01  9.75279089e-01
7.57842230e-01  6.62127287e-01  9.35855731e-01  9.10095648e-01  4.80690201e-01  9.37923479e-01
8.29681088e-01  3.39312000e-01  9.08267162e-01  9.23217814e-01  2.01669817e-01  9.20476490e-01
9.30357338e-01  2.80699307e-01  6.03854963e-01  9.65257678e-01  2.37648731e-01  6.42227786e-01
7.54726085e-01  5.88225275e-01  9.96380507e-01  9.02331665e-01  4.31263236e-01  9.99542684e-01
8.39317144e-01  2.55916800e-01  9.31626040e-01  9.20269721e-01  1.79014525e-01  9.44803552e-01
8.65215317e-01  8.11656495e-01  4.68101749e-01  9.71986083e-01  9.13793978e-01  4.37396826e-01
7.56365611e-01  6.04175920e-01  9.80311920e-01  9.06765004e-01  3.85884536e-01  9.82474285e-01
8.51442747e-01  3.50617863e-01  8.26282487e-01  9.32568794e-01  2.65909110e-01  8.45137011e-01
9.71703495e-01  3.14964237e-01  4.39480560e-01  9.89298347e-01  2.85483171e-01  4.76595567e-01
9.35006963e-01  3.62557362e-01  5.32731085e-01  9.76637631e-01  2.63492754e-01  5.63058002e-01
8.24129426e-01  8.83718624e-01  5.59837875e-01  9.64392783e-01  7.53760064e-01  5.24365187e-01
7.78467062e-01  5.34639296e-01  9.51726264e-01  9.13093953e-01  3.27249366e-01  9.55900284e-01
8.12305247e-01  3.07028675e-01  9.89427050e-01  9.11966942e-01  1.87278445e-01  9.96083230e-01
8.52398203e-01  2.60084795e-01  8.84117465e-01  9.26696559e-01  1.86909011e-01  9.01692979e-01
8.62476947e-01  3.77522773e-01  7.70723684e-01  9.39954660e-01  2.92884944e-01  7.91829883e-01
9.44050038e-01  2.91857327e-01  5.49844401e-01  9.75011237e-01  2.05437531e-01  5.87888206e-01
8.29342754e-01  8.55071400e-01  5.61358393e-01  9.60472738e-01  8.20648887e-01  5.33513838e-01
8.02904549e-01  5.84051875e-01  8.34581904e-01  9.25697704e-01  4.64244672e-01  8.41782335e-01
8.17241634e-01  4.57230459e-01  8.71484987e-01  9.25842915e-01  2.94872637e-01  8.81868471e-01
7.61832041e-01  6.36315404e-01  9.39645345e-01  9.13047845e-01  3.88108461e-01  9.41126202e-01
7.95269197e-01  4.26489243e-01  9.67009200e-01  9.10858944e-01  3.09578043e-01  9.73944997e-01
8.44531714e-01  6.62834223e-01  6.39194111e-01  9.51313989e-01  6.16786828e-01  6.41003613e-01
8.45532100e-01  6.82305066e-01  6.22636776e-01  9.53419483e-01  6.40729085e-01  6.21774148e-01
8.36141366e-01  7.82254244e-01  5.87569145e-01  9.60545426e-01  6.68036446e-01  5.70056193e-01
7.50550079e-01  6.19658680e-01  9.89435654e-01  9.05863403e-01  3.72889197e-01  9.90848082e-01
8.30913832e-01  2.60183260e-01  9.57459834e-01  9.16799460e-01  1.75048161e-01  9.68010955e-01
8.23889243e-01  2.68288496e-01  9.75991814e-01  9.13687394e-01  1.88200628e-01  9.84827329e-01
8.73947723e-01  7.35914232e-01  4.89381858e-01  9.77172149e-01  6.48975096e-01  4.67455622e-01
8.87656711e-01  2.77779765e-01  7.52008009e-01  9.45362884e-01  1.97132984e-01  7.80037558e-01
8.70700401e-01  5.47820099e-01  6.27704152e-01  9.56571589e-01  4.81645077e-01  6.40113099e-01
8.85328813e-01  5.59482967e-01  5.69559139e-01  9.63691428e-01  5.37160395e-01  5.80655671e-01
7.73626100e-01  5.52383962e-01  9.55992273e-01  9.10505475e-01  3.76163995e-01  9.60289717e-01
7.50115281e-01  7.51876023e-01  9.01984708e-01  9.15154913e-01  5.07153826e-01  8.99661210e-01
8.87078726e-01  2.62246357e-01  7.64167387e-01  9.43351779e-01  1.97063731e-01  7.92436624e-01
8.70426714e-01  4.49611351e-01  6.94914686e-01  9.50882575e-01  3.26358693e-01  7.13733841e-01
8.81041856e-01  6.83469806e-01  5.00536393e-01  9.76051101e-01  5.93166941e-01  4.87990301e-01
8.11502911e-01  4.09194562e-01  9.23213362e-01  9.17503925e-01  3.01531180e-01  9.33246988e-01
7.99659491e-01  7.86838875e-01  7.08817473e-01  9.44479805e-01  5.64452369e-01  6.97351745e-01
7.61132843e-01  6.49248888e-01  9.33304101e-01  9.10856649e-01  4.69398406e-01  9.35742440e-01
8.31725900e-01  2.24799702e-01  9.78566934e-01  9.14981972e-01  1.42119301e-01  9.87542914e-01
9.12607132e-01  3.43246996e-01  6.22288373e-01  9.63956821e-01  2.29835645e-01  6.52439627e-01
8.76099812e-01  7.28709431e-01  4.87188892e-01  9.72210185e-01  7.70095631e-01  4.70836284e-01
7.58557182e-01  6.84235755e-01  9.18493239e-01  9.14866326e-01  4.33485960e-01  9.18611237e-01
8.41172744e-01  2.48689749e-01  9.30461764e-01  9.21627489e-01  1.50328309e-01  9.43470999e-01
9.15979523e-01  5.99269480e-01  4.37997354e-01  9.81880778e-01  6.52942344e-01  4.36306647e-01
9.60462166e-01  4.08144854e-01  4.15004818e-01  9.89572682e-01  4.32777584e-01  4.39616091e-01
7.65086621e-01  5.76859523e-01  9.68651181e-01  9.07537718e-01  4.05587727e-01  9.72289548e-01
8.71182937e-01  4.31449648e-01  7.04587143e-01  9.49166709e-01  3.25743747e-01  7.24886436e-01
8.00487346e-01  7.02332240e-01  7.63315090e-01  9.33614733e-01  5.81867637e-01  7.63392791e-01
7.39786653e-01  6.67919251e-01  9.93640032e-01  9.02696835e-01  4.41286889e-01  9.94803431e-01
7.40838061e-01  8.09222016e-01  8.94683078e-01  9.16211059e-01  5.20821371e-01  8.89101875e-01
7.99893965e-01  4.96709272e-01  9.03816259e-01  9.21373933e-01  2.91975737e-01  9.10709036e-01
7.70093680e-01  6.12858799e-01  9.27248042e-01  9.15534825e-01  3.69865937e-01  9.29536523e-01
8.18260600e-01  5.71548460e-01  7.90852398e-01  9.33284876e-01  4.41083354e-01  7.99172875e-01
9.09620434e-01  6.50109195e-01  4.25414502e-01  9.80706878e-01  7.68786574e-01  4.16136127e-01
7.70016643e-01  5.96289254e-01  9.38692174e-01  9.10190068e-01  4.56453436e-01  9.43113501e-01
8.41897282e-01  8.97766898e-01  4.89655446e-01  9.71132200e-01  9.07294290e-01  4.44427621e-01
8.37297416e-01  2.19303654e-01  9.63238983e-01  9.17738654e-01  1.26338686e-01  9.73634500e-01
7.96528456e-01  4.47777117e-01  9.48637605e-01  9.14983783e-01  2.79127109e-01  9.55285847e-01
7.60346376e-01  7.29513393e-01  8.81822525e-01  9.19227827e-01  4.78572075e-01  8.79854756e-01
8.84498378e-01  5.55129106e-01  5.75632437e-01  9.64329113e-01  4.98370453e-01  5.86357670e-01
8.01959346e-01  5.44428682e-01  8.64850448e-01  9.22960968e-01  4.10276044e-01  8.72757978e-01
7.83832227e-01  8.05720669e-01  7.50447438e-01  9.37243578e-01  5.83243629e-01  7.39788275e-01
7.65257510e-01  6.46974118e-01  9.20746988e-01  9.14275850e-01  4.32393279e-01  9.22659940e-01
8.41056856e-01  8.09023989e-01  5.52412571e-01  9.63244667e-01  7.62923860e-01  5.29537886e-01
8.65110479e-01  2.65063877e-01  8.37322872e-01  9.33018038e-01  1.95650713e-01  8.59055888e-01
8.55899253e-01  2.42300675e-01  8.84158403e-01  9.28657596e-01  1.34763556e-01  9.01583839e-01
8.90646097e-01  3.94733157e-01  6.62571349e-01  9.54486855e-01  3.33718863e-01  6.88339336e-01
8.71978397e-01  2.78411335e-01  8.04850507e-01  9.38889254e-01  1.68134648e-01  8.27977072e-01
7.39411871e-01  6.84194225e-01  9.83937043e-01  9.05246247e-01  4.17383382e-01  9.84166868e-01
9.17637532e-01  4.53195909e-01  5.31203850e-01  9.72452177e-01  4.19329588e-01  5.53157021e-01
8.95429858e-01  4.61219269e-01  6.01659751e-01  9.65281958e-01  3.29656417e-01  6.20588316e-01
7.88681469e-01  8.21560590e-01  7.22892305e-01  9.41607478e-01  5.92576258e-01  7.09049850e-01
8.25700940e-01  3.07750371e-01  9.43167936e-01  9.18791472e-01  1.82216953e-01  9.53519523e-01
9.46503163e-01  3.23160578e-01  5.20041509e-01  9.76825335e-01  2.84929762e-01  5.56728200e-01
9.69650315e-01  3.41364347e-01  4.28679731e-01  9.90199163e-01  3.21839582e-01  4.62124585e-01
8.43767998e-01  4.94793893e-01  7.55206154e-01  9.42937195e-01  3.11322079e-01  7.67774265e-01
8.40188051e-01  7.51684445e-01  5.94372724e-01  9.56009845e-01  7.30424673e-01  5.84229022e-01
8.15039444e-01  3.21612653e-01  9.70240772e-01  9.13669653e-01  2.15055333e-01  9.78519424e-01
9.12824187e-01  4.48504928e-01  5.50813920e-01  9.72385038e-01  3.44485953e-01  5.71483827e-01
7.42069525e-01  6.92423620e-01  9.69302204e-01  9.07297893e-01  4.24642760e-01  9.69271235e-01
7.58528976e-01  5.69762927e-01  9.95848352e-01  9.05510738e-01  3.51666477e-01  9.98185112e-01
8.59110657e-01  3.60143056e-01  7.93953813e-01  9.37100804e-01  2.74576821e-01  8.14512522e-01
8.70300612e-01  7.92270863e-01  4.63810394e-01  9.71783949e-01  9.21803862e-01  4.36778026e-01
8.41584841e-01  7.12876949e-01  6.15491462e-01  9.54302299e-01  6.63697913e-01  6.10619633e-01
9.17135495e-01  4.87725496e-01  5.09320295e-01  9.78188593e-01  3.85129076e-01  5.24025341e-01
8.32163038e-01  5.87280488e-01  7.32738111e-01  9.44718279e-01  3.86722582e-01  7.38837444e-01
8.80883388e-01  2.33213452e-01  8.05225356e-01  9.38225493e-01  1.73919828e-01  8.31367951e-01
9.76628234e-01  3.61423578e-01  3.91305108e-01  9.95827285e-01  3.48195739e-01  4.19724627e-01
7.74934830e-01  5.44170841e-01  9.57063121e-01  9.09225661e-01  4.02930603e-01  9.62098118e-01
9.61773917e-01  2.50192133e-01  5.17112022e-01  9.79190447e-01  2.01397280e-01  5.61532451e-01
8.62613334e-01  7.31095825e-01  5.31355044e-01  9.64950332e-01  7.58960024e-01  5.19545803e-01
7.93750098e-01  4.79741821e-01  9.36258461e-01  9.13848595e-01  3.55875195e-01  9.43697888e-01
7.60469911e-01  5.89177422e-01  9.76113192e-01  9.08168390e-01  3.62854656e-01  9.78462894e-01
9.54136049e-01  2.63564519e-01  5.34181419e-01  9.75561663e-01  2.32871051e-01  5.77281266e-01
8.24715222e-01  2.90882317e-01  9.58218815e-01  9.17429557e-01  1.62490429e-01  9.67489078e-01
9.04571072e-01  4.47709837e-01  5.79545621e-01  9.65223084e-01  4.06966656e-01  6.02479863e-01
7.84119555e-01  5.19137528e-01  9.42575670e-01  9.11803029e-01  3.89410592e-01  9.48799353e-01
8.16805878e-01  9.36608312e-01  5.49166344e-01  9.64059533e-01  8.43148192e-01  5.05128726e-01
8.95211246e-01  3.57488650e-01  6.72109518e-01  9.56657844e-01  2.31912790e-01  6.98758295e-01
9.15876106e-01  2.36321276e-01  6.83574653e-01  9.55901146e-01  1.66679154e-01  7.19727114e-01
8.83911106e-01  5.26918332e-01  5.96676982e-01  9.65603486e-01  3.73045612e-01  6.08151018e-01
9.47093465e-01  4.40354480e-01  4.38941019e-01  9.89204064e-01  3.69969777e-01  4.56998455e-01
8.41610668e-01  2.67224811e-01  9.16157426e-01  9.22057528e-01  1.90696691e-01  9.30542726e-01
7.44564026e-01  7.18523083e-01  9.43163807e-01  9.09630630e-01  4.73294089e-01  9.42674769e-01
7.85991955e-01  6.16126086e-01  8.70720727e-01  9.19919001e-01  4.77849901e-01  8.75594210e-01
8.50608400e-01  2.48426928e-01  8.98100752e-01  9.25097194e-01  1.75475095e-01  9.14685676e-01
9.85124562e-01  2.88405064e-01  4.11552752e-01  9.92865128e-01  2.90655417e-01  4.52482028e-01
7.64782484e-01  5.68488309e-01  9.75339859e-01  9.05758093e-01  4.23564964e-01  9.79405626e-01
8.72283060e-01  7.43224786e-01  4.90135488e-01  9.75767228e-01  6.83641577e-01  4.68177385e-01
8.28981780e-01  7.52559261e-01  6.32067922e-01  9.51133353e-01  6.96376170e-01  6.23647912e-01
9.66509372e-01  2.40280549e-01  5.07622660e-01  9.80492860e-01  1.99608334e-01  5.53606680e-01
8.06273602e-01  6.15435332e-01  8.02190172e-01  9.32132652e-01  4.39826048e-01  8.06863931e-01
7.43677204e-01  7.73282638e-01  9.09237140e-01  9.14014686e-01  5.09077268e-01  9.05998023e-01
8.59372034e-01  4.17067947e-01  7.54645084e-01  9.42980161e-01  2.89133347e-01  7.73321271e-01
8.56740279e-01  7.00498473e-01  5.72067442e-01  9.59500339e-01  7.05448502e-01  5.67296740e-01
7.96995174e-01  7.21728180e-01  7.62157899e-01  9.36236842e-01  5.29445550e-01  7.59109655e-01
8.44175933e-01  7.39064925e-01  5.89265377e-01  9.61787543e-01  6.06681161e-01  5.76760327e-01
7.81067930e-01  5.62977953e-01  9.23414137e-01  9.13287049e-01  4.31685635e-01  9.29171523e-01
8.15649988e-01  5.34807634e-01  8.24567294e-01  9.29686565e-01  3.92514665e-01  8.33866484e-01
8.56671207e-01  7.85154127e-01  5.15175733e-01  9.66277652e-01  8.29910344e-01  4.94067405e-01
9.42206608e-01  2.15648938e-01  6.07270965e-01  9.66096960e-01  1.77570753e-01  6.51210322e-01
8.78229067e-01  6.09127080e-01  5.60313400e-01  9.63596798e-01  6.02518175e-01  5.65634619e-01
7.87027580e-01  4.44885595e-01  9.82754835e-01  9.10415218e-01  2.64696848e-01  9.87523457e-01
7.59062159e-01  6.18729232e-01  9.60978448e-01  9.10063039e-01  3.77585111e-01  9.62787749e-01
8.48505875e-01  2.55230351e-01  9.00693107e-01  9.24839519e-01  1.73936349e-01  9.16706395e-01
9.66558779e-01  4.12864180e-01  3.91290420e-01  9.94228321e-01  4.23126413e-01  4.12580101e-01
8.49250874e-01  2.72752493e-01  8.86322481e-01  9.27660592e-01  1.57505018e-01  9.02540730e-01
8.54343741e-01  2.51583920e-01  8.83207390e-01  9.27360260e-01  1.72048265e-01  9.00989467e-01
9.28552714e-01  3.22781398e-01  5.81622805e-01  9.70304547e-01  2.15563951e-01  6.15138329e-01
9.77443109e-01  2.82842454e-01  4.41548485e-01  9.89364424e-01  2.56568085e-01  4.83085735e-01
8.13863198e-01  3.60670573e-01  9.48196953e-01  9.16890499e-01  2.21008781e-01  9.56953416e-01
9.85345040e-01  3.49134808e-01  3.69818705e-01  9.98835572e-01  3.53937970e-01  3.99056961e-01
8.59945921e-01  6.75581980e-01  5.77930173e-01  9.59993205e-01  6.56347584e-01  5.75876285e-01
8.61688498e-01  3.08724870e-01  8.19549760e-01  9.36519816e-01  1.82144496e-01  8.39824773e-01
9.20939346e-01  2.83172342e-01  6.34362224e-01  9.63078243e-01  1.82427326e-01  6.69410924e-01
7.56373322e-01  5.88518169e-01  9.90555819e-01  9.06387143e-01  3.51977283e-01  9.92489313e-01
7.73306356e-01  6.91506427e-01  8.63191363e-01  9.20793036e-01  5.03444286e-01  8.63867818e-01
7.61468998e-01  6.41219639e-01  9.37873648e-01  9.12917763e-01  4.01177905e-01  9.39352151e-01
8.66944098e-01  4.94285836e-01  6.76367326e-01  9.54103011e-01  3.32654966e-01  6.91055668e-01
8.19917781e-01  8.19704850e-01  6.17425229e-01  9.55948604e-01  6.74976695e-01  5.97363417e-01
9.90740911e-01  2.93730315e-01  3.88772319e-01  9.96940118e-01  2.86007878e-01  4.27456972e-01
7.46060581e-01  6.98578250e-01  9.51511655e-01  9.09678675e-01  4.35992315e-01  9.51286425e-01
9.48020084e-01  3.59500260e-01  4.90336583e-01  9.79767014e-01  3.45256819e-01  5.23435574e-01
8.17742650e-01  6.64666417e-01  7.29482192e-01  9.38437653e-01  5.79219080e-01  7.32575062e-01
8.80543971e-01  5.00621372e-01  6.25926173e-01  9.60312854e-01  3.76487200e-01  6.41261809e-01
8.70255971e-01  2.16648228e-01  8.52417167e-01  9.31989379e-01  1.57926036e-01  8.74674662e-01
8.70334578e-01  2.13778490e-01  8.54383269e-01  9.31875114e-01  1.55444051e-01  8.76517884e-01
7.68943455e-01  6.36760380e-01  9.15045060e-01  9.12924021e-01  4.86061051e-01  9.18497508e-01
8.18591746e-01  8.55130793e-01  5.98049121e-01  9.59665957e-01  6.87111701e-01  5.70619026e-01
8.28618073e-01  2.40094138e-01  9.78863423e-01  9.14612383e-01  1.51901440e-01  9.87574367e-01
7.38929075e-01  7.96352186e-01  9.10189080e-01  9.14017766e-01  5.12249549e-01  9.05736511e-01
9.02139780e-01  2.29735070e-01  7.34651099e-01  9.48185817e-01  1.72156885e-01  7.67386664e-01
7.87952597e-01  6.82536077e-01  8.19203198e-01  9.25805770e-01  5.47943464e-01  8.21074977e-01
9.21980883e-01  5.96933423e-01  4.19369486e-01  9.89038188e-01  5.64259761e-01  4.12122072e-01
8.51165244e-01  2.07088549e-01  9.24098056e-01  9.22970813e-01  1.30925905e-01  9.38977470e-01
9.01717127e-01  3.21495193e-01  6.74171426e-01  9.54488632e-01  2.63344363e-01  7.05155735e-01
8.53038975e-01  5.41766876e-01  6.92128397e-01  9.46886149e-01  4.69737062e-01  7.05082491e-01
8.33325794e-01  6.44647606e-01  6.90050548e-01  9.47452940e-01  5.06600512e-01  6.92632382e-01
8.33646163e-01  5.23406431e-01  7.70776392e-01  9.39584315e-01  3.46832939e-01  7.81305193e-01
8.26983842e-01  9.46795374e-01  5.07519817e-01  9.69478672e-01  9.05465156e-01  4.55470433e-01
8.14466999e-01  9.22911863e-01  5.66399698e-01  9.61520999e-01  8.19429176e-01  5.27082060e-01
7.56067934e-01  6.08079886e-01  9.78396810e-01  9.08036451e-01  3.59723198e-01  9.80057993e-01
7.49150159e-01  6.87187790e-01  9.48642718e-01  9.10458416e-01  4.25975577e-01  9.48680276e-01
8.82487932e-01  7.58540866e-01  4.44936599e-01  9.81592418e-01  7.50300558e-01  4.14876624e-01
8.45694269e-01  3.36052595e-01  8.56051133e-01  9.29333407e-01  2.38250882e-01  8.73019640e-01
7.38910711e-01  7.12374920e-01  9.66629448e-01  9.06218520e-01  4.64956009e-01  9.66554590e-01
8.47298322e-01  4.80127183e-01  7.53340115e-01  9.42840362e-01  3.17815669e-01  7.67359426e-01
9.04934939e-01  6.65943802e-01  4.30736159e-01  9.79654393e-01  7.82992754e-01  4.19489717e-01
9.00490402e-01  6.69070178e-01  4.43810818e-01  9.84863312e-01  6.11531083e-01  4.27079078e-01
7.86238266e-01  6.42860756e-01  8.51836144e-01  9.21407593e-01  5.19761128e-01  8.56024285e-01
9.47235243e-01  4.19119942e-01  4.52786046e-01  9.87946049e-01  3.31850481e-01  4.74181978e-01
8.01116206e-01  4.07580102e-01  9.59792889e-01  9.12400068e-01  2.95118694e-01  9.67517512e-01
9.04302208e-01  6.18794214e-01  4.64715492e-01  9.82325360e-01  5.48385366e-01  4.58455993e-01
8.35765702e-01  8.60178850e-01  5.35968376e-01  9.63682223e-01  8.55147933e-01  5.04679462e-01
8.47767847e-01  8.08814886e-01  5.29626292e-01  9.66065570e-01  7.91044937e-01  5.04720873e-01
8.37426343e-01  2.00360572e-01  9.75583699e-01  9.15969253e-01  1.25333979e-01  9.85224094e-01
7.50706905e-01  6.36327550e-01  9.77946886e-01  9.05797843e-01  4.23194667e-01  9.79756008e-01
8.14815390e-01  4.38282398e-01  8.92263816e-01  9.21102383e-01  3.30244249e-01  9.03299891e-01
7.45714103e-01  7.43579697e-01  9.22324195e-01  9.13326852e-01  4.68154920e-01  9.20195448e-01
8.42977006e-01  8.82004554e-01  4.96603306e-01  9.68258325e-01  9.31638094e-01  4.57039292e-01
8.44972371e-01  8.20621470e-01  5.31209534e-01  9.67407555e-01  7.61072159e-01  5.03280445e-01
8.81827160e-01  2.47133356e-01  7.92606954e-01  9.40089491e-01  1.75586730e-01  8.19013539e-01
7.78798498e-01  6.77457942e-01  8.54204861e-01  9.21303245e-01  5.24229130e-01  8.56141981e-01
9.08281677e-01  5.97856099e-01  4.65249736e-01  9.82650204e-01  5.24241183e-01  4.62145671e-01
8.78019971e-01  6.78277876e-01  5.14363968e-01  9.74927211e-01  5.59913737e-01  5.03150038e-01
7.71997055e-01  5.11478115e-01  9.89166261e-01  9.05241426e-01  3.77636291e-01  9.93702465e-01
8.01646728e-01  8.53911228e-01  6.56763889e-01  9.49350020e-01  6.90121427e-01  6.36064850e-01
7.68437269e-01  5.79813700e-01  9.55208230e-01  9.08356963e-01  4.36732864e-01  9.59587106e-01
8.72078987e-01  7.41618782e-01  4.91916554e-01  9.76603810e-01  6.55685360e-01  4.69496356e-01
7.98369541e-01  8.57990548e-01  6.65505909e-01  9.49889824e-01  6.45504924e-01  6.43787899e-01
8.98091492e-01  4.31760824e-01  6.12445233e-01  9.61065097e-01  3.76802627e-01  6.36361567e-01
8.29448638e-01  2.93364972e-01  9.40070875e-01  9.18138767e-01  2.07589617e-01  9.51638845e-01
8.92958451e-01  4.65677259e-01  6.07094278e-01  9.62599130e-01  3.75740052e-01  6.26776453e-01
7.30053305e-01  7.64603738e-01  9.61644550e-01  9.07043413e-01  4.71876936e-01  9.59608557e-01
8.82911527e-01  6.31832765e-01  5.29292311e-01  9.70172331e-01  5.84404877e-01  5.28307861e-01
9.09326648e-01  5.11049803e-01  5.20257736e-01  9.71874255e-01  5.05509520e-01  5.35740118e-01
7.93813485e-01  4.12068464e-01  9.81716573e-01  9.09737914e-01  2.81928726e-01  9.87747246e-01
9.57173823e-01  3.92385838e-01  4.36873360e-01  9.90375211e-01  3.19307240e-01  4.61600946e-01
8.16707843e-01  6.50921230e-01  7.42592232e-01  9.39027058e-01  5.11267193e-01  7.45559993e-01
9.21057766e-01  2.50657880e-01  6.56196926e-01  9.59264270e-01  1.86504641e-01  6.93415467e-01
8.41278173e-01  3.20682604e-01  8.81215629e-01  9.27699259e-01  1.83677257e-01  8.96034293e-01
9.40390625e-01  2.98330191e-01  5.57679962e-01  9.71784836e-01  2.55209593e-01  5.96164002e-01
9.15499882e-01  5.93703634e-01  4.43392092e-01  9.84519860e-01  5.66213350e-01  4.40117943e-01
8.84011060e-01  7.33361289e-01  4.56724289e-01  9.74595982e-01  8.42334831e-01  4.37744110e-01
7.40836801e-01  7.57338275e-01  9.29703291e-01  9.12147615e-01  4.70817781e-01  9.27122515e-01
8.95024747e-01  4.08495555e-01  6.38623046e-01  9.59630884e-01  3.04675242e-01  6.62807365e-01
9.89523966e-01  3.31675690e-01  3.67323912e-01  9.99192457e-01  3.42966702e-01  3.99391320e-01
8.27706186e-01  2.73933695e-01  9.59139980e-01  9.17279075e-01  1.58752860e-01  9.68831235e-01
8.48994096e-01  2.27975062e-01  9.17419745e-01  9.23060140e-01  1.55166254e-01  9.32608026e-01
7.71772611e-01  5.37760207e-01  9.72194748e-01  9.07364988e-01  3.91460980e-01  9.76775572e-01
9.54167614e-01  2.69352548e-01  5.30167978e-01  9.77648209e-01  2.00652726e-01  5.71602239e-01
9.23890064e-01  5.28032497e-01  4.59044647e-01  9.85269681e-01  4.40860509e-01  4.65282115e-01
8.81526162e-01  7.23515135e-01  4.71857829e-01  9.72436597e-01  8.22338016e-01  4.56375525e-01
8.70038451e-01  7.28037565e-01  5.08052731e-01  9.74994605e-01  6.17098939e-01  4.89044055e-01
7.61832120e-01  6.34028843e-01  9.41186783e-01  9.09811015e-01  4.62481983e-01  9.44103226e-01
8.18996855e-01  3.86481498e-01  9.12938286e-01  9.21802877e-01  2.28052824e-01  9.23243288e-01
8.84255480e-01  7.15088329e-01  4.68220204e-01  9.73904205e-01  7.97305568e-01  4.52948089e-01
8.90590525e-01  6.65461318e-01  4.80066762e-01  9.73048470e-01  7.33877892e-01  4.73602977e-01
8.24570191e-01  2.81643615e-01  9.64651514e-01  9.15790981e-01  1.77317218e-01  9.73936962e-01
8.31547573e-01  2.28464037e-01  9.76703029e-01  9.15121388e-01  1.45563946e-01  9.85824959e-01
9.13917482e-01  3.58949175e-01  6.07214817e-01  9.63254675e-01  3.08283448e-01  6.38185006e-01
9.62803289e-01  3.69166875e-01  4.33309767e-01  9.89922785e-01  3.28482729e-01  4.62308766e-01
8.99411063e-01  5.09241246e-01  5.55651360e-01  9.68011982e-01  4.62568180e-01  5.71296973e-01
7.59599119e-01  6.94608074e-01  9.07932611e-01  9.15507267e-01  4.60824437e-01  9.07962837e-01
8.24688066e-01  7.93484308e-01  6.18821772e-01  9.53319316e-01  7.17301672e-01  6.04106909e-01
8.98427678e-01  2.76879480e-01  7.15518953e-01  9.51744713e-01  1.67440873e-01  7.45687519e-01
7.51877866e-01  6.32979169e-01  9.75908182e-01  9.06843057e-01  4.02331708e-01  9.77523838e-01
8.00995740e-01  8.51243747e-01  6.60788412e-01  9.49870195e-01  6.59806516e-01  6.39977261e-01
8.55423053e-01  2.18755662e-01  9.01675718e-01  9.26105735e-01  1.32848555e-01  9.18409792e-01
7.63116688e-01  6.00455914e-01  9.59457754e-01  9.10819675e-01  3.61931570e-01  9.61677711e-01
9.60933902e-01  3.90663507e-01  4.25190039e-01  9.91606957e-01  3.34561276e-01  4.50053290e-01
9.36179805e-01  3.20837074e-01  5.56877911e-01  9.73707338e-01  2.23263497e-01  5.91472028e-01
7.31751313e-01  7.41377835e-01  9.71517789e-01  9.05515458e-01  4.67261763e-01  9.70512806e-01
8.27597899e-01  2.36071360e-01  9.85064250e-01  9.13202943e-01  1.64953387e-01  9.93493770e-01
8.46743647e-01  8.65413539e-01  4.94931107e-01  9.68841430e-01  9.12854552e-01  4.57790726e-01
8.04791447e-01  3.47126678e-01  9.88037141e-01  9.10214195e-01  2.40188358e-01  9.94673546e-01
9.37292088e-01  4.87357558e-01  4.40707141e-01  9.87706404e-01  4.29290474e-01  4.52419896e-01
7.93128954e-01  6.62769233e-01  8.14857637e-01  9.27172050e-01  5.25271415e-01  8.17732933e-01
9.18221282e-01  6.14460607e-01  4.20087679e-01  9.84251605e-01  6.82441658e-01  4.14046930e-01
8.27151051e-01  2.77279911e-01  9.58778533e-01  9.17591310e-01  1.52628689e-01  9.68292944e-01
9.74392320e-01  3.15452015e-01  4.29965516e-01  9.89331029e-01  3.20766273e-01  4.67949314e-01
8.45264663e-01  3.14077838e-01  8.72052209e-01  9.28907369e-01  1.85060611e-01  8.87954523e-01
8.01681286e-01  4.73017790e-01  9.13697239e-01  9.17344212e-01  3.51234690e-01  9.22386043e-01
9.81923754e-01  3.34774314e-01  3.91197394e-01  9.97670876e-01  2.87724691e-01  4.22359493e-01
7.66671341e-01  5.70278216e-01  9.67678222e-01  9.07737881e-01  4.03424719e-01  9.71522893e-01
9.23901542e-01  3.26392941e-01  5.95075198e-01  9.65509295e-01  2.83439440e-01  6.29664627e-01
8.74338466e-01  7.31737989e-01  4.90865111e-01  9.76546819e-01  6.54412912e-01  4.70166146e-01
8.40106912e-01  2.72741666e-01  9.17572182e-01  9.21890991e-01  1.90715108e-01  9.31606518e-01
9.06570599e-01  3.42005390e-01  6.43749626e-01  9.61098685e-01  2.20661484e-01  6.72965272e-01
7.64326078e-01  5.77326347e-01  9.70935031e-01  9.07742479e-01  3.91815485e-01  9.74269473e-01
8.27736897e-01  6.87622863e-01  6.79844708e-01  9.45228373e-01  6.16609895e-01  6.80078726e-01
8.16322395e-01  3.56755377e-01  9.42138936e-01  9.18233712e-01  2.06663852e-01  9.51251208e-01
7.64020297e-01  5.99554788e-01  9.56978604e-01  9.11484581e-01  3.54702054e-01  9.59141629e-01
9.21827623e-01  2.36178699e-01  6.63039704e-01  9.57858476e-01  1.89038593e-01  7.01309478e-01
7.67232981e-01  7.31412130e-01  8.57309075e-01  9.21970256e-01  5.09722464e-01  8.55332559e-01
9.10245852e-01  2.64095165e-01  6.83769206e-01  9.54646294e-01  2.04356937e-01  7.18249465e-01
8.90393365e-01  5.62718709e-01  5.50371157e-01  9.66815680e-01  5.40671194e-01  5.60294370e-01
8.24785904e-01  2.68826078e-01  9.72565319e-01  9.14630294e-01  1.76799867e-01  9.81505581e-01
9.62021517e-01  2.97230781e-01  4.84821824e-01  9.84116875e-01  2.29892563e-01  5.23638082e-01
9.11085190e-01  5.73562607e-01  4.72065680e-01  9.81984980e-01  4.95987430e-01  4.73168142e-01
8.97472774e-01  6.38270181e-01  4.75201848e-01  9.76086139e-01  6.66237631e-01  4.70810264e-01
7.90886183e-01  4.28684361e-01  9.80504008e-01  9.08798248e-01  3.11755708e-01  9.86642035e-01
9.48089814e-01  4.84711918e-01  4.05604117e-01  9.90713703e-01  4.96949135e-01  4.16953579e-01
9.83848607e-01  2.77520506e-01  4.23256863e-01  9.92884012e-01  2.39406639e-01  4.64615126e-01
9.33820341e-01  2.04774912e-01  6.43259808e-01  9.61221864e-01  1.64873219e-01  6.85515170e-01
8.31166055e-01  3.43348263e-01  9.00767178e-01  9.24249642e-01  2.05753568e-01  9.13398473e-01
8.41029580e-01  1.77011413e-01  9.79030807e-01  9.15743944e-01  1.16586582e-01  9.88761028e-01
8.89991183e-01  7.05821532e-01  4.54878904e-01  9.80246032e-01  6.99307217e-01  4.35705221e-01
8.12900386e-01  3.34237286e-01  9.69028784e-01  9.13079439e-01  2.35646437e-01  9.77381301e-01
9.44963050e-01  3.48326889e-01  5.08320737e-01  9.80446232e-01  2.56088710e-01  5.40400473e-01
9.72952095e-01  3.60511284e-01  4.04479509e-01  9.95130015e-01  3.12697246e-01  4.32684919e-01
9.85805971e-01  2.53993994e-01  4.32445773e-01  9.90756063e-01  2.40341910e-01  4.78039851e-01
8.12377941e-01  9.12933482e-01  5.80270424e-01  9.58841918e-01  8.16992803e-01  5.44847920e-01
7.64723260e-01  7.62078870e-01  8.44889906e-01  9.23402176e-01  5.29573089e-01  8.40884538e-01
8.41032594e-01  3.72578859e-01  8.47030667e-01  9.31601354e-01  2.20471580e-01  8.62207388e-01
9.03149875e-01  6.16476604e-01  4.70215702e-01  9.75820031e-01  6.75662324e-01  4.69746683e-01
8.47535476e-01  6.72877753e-01  6.22154303e-01  9.53946070e-01  6.25216573e-01  6.22105948e-01
8.30869000e-01  5.45811945e-01  7.65144420e-01  9.40431029e-01  3.54478798e-01  7.74046059e-01
7.87248520e-01  4.34974121e-01  9.88689496e-01  9.09783833e-01  2.57494351e-01  9.93295628e-01
9.58417441e-01  3.00502897e-01  4.94628538e-01  9.82833689e-01  2.23913240e-01  5.32781214e-01
9.55770991e-01  2.32402766e-01  5.49624387e-01  9.73893918e-01  2.02071591e-01  5.95342647e-01
7.51542242e-01  6.11887287e-01  9.91290187e-01  9.04796894e-01  3.91581873e-01  9.93219001e-01
8.32066505e-01  6.51061360e-01  6.90023988e-01  9.45109203e-01  5.66091511e-01  6.93439707e-01
8.31928765e-01  2.33614926e-01  9.71924014e-01  9.15823135e-01  1.45359164e-01  9.81372758e-01
8.37105095e-01  2.10266334e-01  9.69995588e-01  9.16583499e-01  1.30562070e-01  9.80034004e-01
8.44904033e-01  9.01441897e-01  4.76903177e-01  9.70830990e-01  9.72507899e-01  4.30766191e-01
8.50863908e-01  7.02106444e-01  5.91356642e-01  9.59055381e-01  6.42322419e-01  5.85761809e-01
8.72923877e-01  3.44930950e-01  7.57025981e-01  9.42728417e-01  2.64199474e-01  7.80898174e-01
8.06671918e-01  6.89326664e-01  7.50663942e-01  9.35271653e-01  5.83749465e-01  7.51798494e-01
7.84393199e-01  4.57495498e-01  9.83542891e-01  9.08965516e-01  3.01661397e-01  9.88499774e-01
8.34371030e-01  3.20310536e-01  9.05364465e-01  9.23696825e-01  1.99037505e-01  9.18550311e-01
8.17575940e-01  2.80447354e-01  9.89358282e-01  9.12876495e-01  1.62154881e-01  9.96256878e-01
9.61821370e-01  2.70563456e-01  5.03202979e-01  9.80354614e-01  2.34869687e-01  5.46061881e-01
8.30604881e-01  7.85947609e-01  6.03694181e-01  9.59656348e-01  6.23700940e-01  5.85843103e-01
8.07722367e-01  4.43340513e-01  9.13085361e-01  9.18001693e-01  3.31928322e-01  9.22785494e-01
8.40825219e-01  8.07085297e-01  5.54512140e-01  9.62433508e-01  7.72080473e-01  5.32551088e-01
7.56838512e-01  5.93865289e-01  9.85357268e-01  9.06723789e-01  3.64114157e-01  9.87427721e-01
9.61223455e-01  4.06658579e-01  4.13407187e-01  9.92932518e-01  3.60283710e-01  4.35400801e-01
9.07863666e-01  3.56096461e-01  6.29822133e-01  9.59993689e-01  3.03529584e-01  6.60237513e-01
9.30344309e-01  4.33474740e-01  5.00803915e-01  9.79995549e-01  3.43264207e-01  5.22446218e-01
7.97065881e-01  8.32072300e-01  6.87152426e-01  9.45654500e-01  6.44136120e-01  6.70763534e-01
8.87066188e-01  6.46531889e-01  5.05179355e-01  9.74387932e-01  5.90856335e-01  4.99726926e-01
9.78878538e-01  2.95480268e-01  4.28414371e-01  9.90226828e-01  2.95134417e-01  4.68849495e-01
8.01973759e-01  6.59483171e-01  7.86855729e-01  9.30658098e-01  5.46414303e-01  7.90317537e-01
9.23928824e-01  5.73154683e-01  4.28462765e-01  9.83732711e-01  6.29908436e-01  4.29936343e-01
8.16196309e-01  7.83088579e-01  6.55147205e-01  9.49696158e-01  6.54125872e-01  6.42968681e-01
8.14272641e-01  6.82963544e-01  7.28989771e-01  9.38170225e-01  5.94754869e-01  7.30575448e-01
8.24162118e-01  7.34139452e-01  6.60666526e-01  9.47032045e-01  6.69973813e-01  6.55749850e-01
8.78146325e-01  2.87685576e-01  7.77816288e-01  9.42687755e-01  1.74604628e-01  8.02582942e-01
7.59622187e-01  6.45069247e-01  9.41585648e-01  9.12166313e-01  4.06190852e-01  9.42973370e-01
8.03488428e-01  5.93909178e-01  8.26232461e-01  9.26720060e-01  4.75392583e-01  8.33075961e-01
8.13473368e-01  4.32966958e-01  9.00734740e-01  9.20647735e-01  3.11662641e-01  9.11176200e-01
8.53889314e-01  7.40864141e-01  5.54567728e-01  9.62044562e-01  7.39514589e-01  5.42832701e-01
7.50276004e-01  6.82376222e-01  9.48043047e-01  9.10208533e-01  4.33783567e-01  9.48415986e-01
8.94212440e-01  2.86187430e-01  7.23936130e-01  9.48602818e-01  2.19526885e-01  7.53901716e-01
1.00526546e+00  2.41967882e-01  3.74082228e-01  9.99180418e-01  2.55210471e-01  4.20452094e-01
8.39729105e-01  6.82931474e-01  6.42338692e-01  9.55471907e-01  5.16686512e-01  6.38787377e-01
8.77881692e-01  7.09268869e-01  4.93922832e-01  9.76302206e-01  6.31867822e-01  4.77125871e-01
8.10110374e-01  6.74079567e-01  7.49207696e-01  9.40825987e-01  4.48433461e-01  7.48529561e-01
8.08962848e-01  3.22849837e-01  9.90169820e-01  9.12115906e-01  1.82391529e-01  9.96296330e-01
8.60694036e-01  8.41322422e-01  4.63528808e-01  9.71667217e-01  9.63585128e-01  4.27536330e-01
9.68330126e-01  3.21563542e-01  4.46551593e-01  9.87103759e-01  3.14276140e-01  4.83786571e-01
7.42526571e-01  6.70188611e-01  9.82746935e-01  9.05168626e-01  4.22274575e-01  9.83495134e-01
8.56885301e-01  2.16223423e-01  8.98388390e-01  9.26323863e-01  1.38467193e-01  9.15667128e-01
8.08761480e-01  5.96255494e-01  8.06334955e-01  9.29376555e-01  4.83924636e-01  8.13480006e-01
8.13381717e-01  3.10052640e-01  9.83708015e-01  9.13245024e-01  1.76059403e-01  9.90568083e-01
8.25619314e-01  3.11913947e-01  9.40934788e-01  9.19271410e-01  1.80939250e-01  9.51263463e-01
8.25487036e-01  2.43717407e-01  9.87116504e-01  9.13061653e-01  1.61978743e-01  9.95111360e-01
7.71369653e-01  6.05458316e-01  9.27880894e-01  9.11406370e-01  4.68950013e-01  9.32323667e-01
9.80777036e-01  2.46453391e-01  4.54714501e-01  9.87636786e-01  2.26867528e-01  5.01268359e-01
8.47797047e-01  6.48410366e-01  6.37772011e-01  9.51757596e-01  6.04653790e-01  6.41059552e-01
8.35369537e-01  3.26904675e-01  8.97501912e-01  9.23667657e-01  2.29006219e-01  9.11571149e-01
9.89056401e-01  2.52188567e-01  4.22559732e-01  9.92351207e-01  2.38672362e-01  4.68208043e-01
8.54327618e-01  7.50680541e-01  5.46446784e-01  9.68800776e-01  6.19635938e-01  5.28163794e-01
8.80774025e-01  2.62120435e-01  7.86091399e-01  9.41933354e-01  1.57005726e-01  8.11629983e-01
9.65601394e-01  2.51740474e-01  5.02991219e-01  9.80489736e-01  2.22434956e-01  5.48168544e-01
8.67110226e-01  7.00753627e-01  5.36467562e-01  9.64120198e-01  7.38674487e-01  5.29720723e-01
8.19255715e-01  6.50624118e-01  7.34088923e-01  9.43308149e-01  4.39713418e-01  7.35210906e-01
9.69453301e-01  3.98503289e-01  3.90794823e-01  9.92960735e-01  4.42134056e-01  4.15648442e-01
8.48135260e-01  2.22116701e-01  9.24606000e-01  9.22072160e-01  1.55922311e-01  9.39281141e-01
8.58884741e-01  7.74754274e-01  5.14631471e-01  9.65663707e-01  8.39383563e-01  4.95739994e-01
9.17734281e-01  4.71037364e-01  5.18536162e-01  9.77418045e-01  3.58227074e-01  5.35400181e-01
8.36475967e-01  7.28157518e-01  6.22633561e-01  9.52067503e-01  6.96791104e-01  6.17040340e-01
8.84402716e-01  7.26132292e-01  4.60264463e-01  9.73515852e-01  8.47183271e-01  4.43512564e-01
9.12409467e-01  6.25164491e-01  4.33017467e-01  9.84083065e-01  6.43253092e-01  4.25015148e-01
8.83488152e-01  6.46111446e-01  5.17389314e-01  9.74856317e-01  5.28742794e-01  5.11058132e-01
8.31227363e-01  2.95636876e-01  9.32460636e-01  9.20810409e-01  1.68291335e-01  9.43899655e-01
7.76471942e-01  7.78936161e-01  7.93371915e-01  9.29824766e-01  5.81186587e-01  7.87347765e-01
8.02995981e-01  3.66076861e-01  9.81382336e-01  9.11691526e-01  2.29242506e-01  9.87815036e-01
8.41768811e-01  8.14466035e-01  5.46605857e-01  9.65072400e-01  7.49529625e-01  5.21534585e-01
8.85504476e-01  2.54570511e-01  7.74726654e-01  9.43608167e-01  1.51563442e-01  8.01672191e-01
9.50320502e-01  4.38262232e-01  4.29328388e-01  9.90794990e-01  3.69130633e-01  4.46995154e-01
7.65380375e-01  5.54995231e-01  9.82405060e-01  9.07976295e-01  3.39526863e-01  9.85273354e-01
9.30620706e-01  2.99878719e-01  5.90012494e-01  9.66963283e-01  2.54782043e-01  6.27191297e-01
7.70630718e-01  5.76312794e-01  9.50375760e-01  9.12302894e-01  3.58257813e-01  9.53559359e-01
8.50968066e-01  6.46982562e-01  6.27901977e-01  9.53298060e-01  6.05305517e-01  6.31023286e-01
8.98461519e-01  2.97595767e-01  7.01423068e-01  9.53308182e-01  1.86312925e-01  7.31146752e-01
9.18059736e-01  5.96173726e-01  4.32980018e-01  9.86319821e-01  5.68720971e-01  4.27973686e-01
8.32434746e-01  2.36716530e-01  9.68101787e-01  9.16481400e-01  1.42681912e-01  9.77790702e-01
8.81709460e-01  6.99429124e-01  4.87485332e-01  9.71325614e-01  7.67159059e-01  4.76695167e-01
7.88486909e-01  4.68802395e-01  9.61626277e-01  9.12755878e-01  2.87388543e-01  9.67083735e-01
7.96858146e-01  3.89397962e-01  9.86614108e-01  9.09052261e-01  2.78777819e-01  9.92898661e-01
8.15273970e-01  9.85789462e-01  5.21210934e-01  9.66438150e-01  9.45589696e-01  4.65377585e-01
8.85140149e-01  5.42586618e-01  5.81605809e-01  9.62531523e-01  5.09721609e-01  5.94656218e-01
8.58998520e-01  4.42291071e-01  7.38899059e-01  9.44060206e-01  3.28466268e-01  7.56988563e-01
8.58053710e-01  6.54501309e-01  5.98620720e-01  9.58288438e-01  6.04045150e-01  5.99316777e-01
7.47450697e-01  6.51455331e-01  9.78565114e-01  9.05703962e-01  4.22863368e-01  9.79920578e-01
8.89647290e-01  6.85200143e-01  4.69969069e-01  9.74056673e-01  7.65244995e-01  4.59636261e-01
9.35518402e-01  2.26171319e-01  6.23019695e-01  9.63770703e-01  1.82631909e-01  6.64920607e-01
9.15316438e-01  4.70458262e-01  5.27484842e-01  9.74867517e-01  3.85962035e-01  5.45643949e-01
7.71826501e-01  8.37176569e-01  7.69939839e-01  9.33664267e-01  6.02150735e-01  7.57708139e-01
8.36272417e-01  9.40133582e-01  4.80281978e-01  9.71478972e-01  9.73864874e-01  4.26285675e-01
9.54025239e-01  4.29971207e-01  4.22266562e-01  9.88474110e-01  4.44798522e-01  4.43787799e-01
8.03134839e-01  3.52883115e-01  9.89813289e-01  9.11702127e-01  1.96987040e-01  9.95460214e-01
8.07355543e-01  5.14597360e-01  8.66545940e-01  9.23419373e-01  3.85798949e-01  8.75670760e-01
7.54344771e-01  7.60529659e-01  8.81396133e-01  9.19096220e-01  4.90908359e-01  8.77749002e-01
8.13985272e-01  6.75557305e-01  7.34969630e-01  9.37264037e-01  5.90778131e-01  7.37338646e-01
9.04901369e-01  3.71000938e-01  6.30183121e-01  9.62324370e-01  2.54477732e-01  6.57534551e-01
7.91550390e-01  4.19293644e-01  9.84573525e-01  9.10572041e-01  2.51285198e-01  9.89724659e-01
8.77757728e-01  4.33121444e-01  6.80995984e-01  9.51406286e-01  3.58352643e-01  7.02724449e-01
7.76616036e-01  5.06823167e-01  9.76525791e-01  9.08127384e-01  3.52303613e-01  9.81248980e-01
9.84399142e-01  2.74258259e-01  4.23577460e-01  9.92663389e-01  2.41307664e-01  4.65575615e-01
7.92085513e-01  6.13989910e-01  8.51342549e-01  9.22747164e-01  4.81242469e-01  8.56642824e-01
8.97450905e-01  2.42301971e-01  7.42190353e-01  9.47909499e-01  1.56436883e-01  7.72917932e-01
8.04905092e-01  3.95070666e-01  9.55289574e-01  9.13233129e-01  2.89109619e-01  9.63611015e-01
7.81116892e-01  8.75425465e-01  7.12386069e-01  9.41977105e-01  6.50312288e-01  6.92873355e-01
8.50291025e-01  8.67010085e-01  4.81734544e-01  9.69547513e-01  9.54252081e-01  4.43363382e-01
7.71518675e-01  8.06479893e-01  7.92005568e-01  9.31015170e-01  5.69091576e-01  7.83121430e-01
9.15199239e-01  6.28966291e-01  4.20623554e-01  9.88773317e-01  5.87514877e-01  4.07743536e-01
8.08251869e-01  7.02036649e-01  7.36986689e-01  9.37715735e-01  5.84264625e-01  7.36515756e-01
8.04712021e-01  3.46861397e-01  9.88488145e-01  9.11434574e-01  2.07913836e-01  9.94563464e-01
9.34679034e-01  2.58149576e-01  6.04605553e-01  9.66250605e-01  2.03348272e-01  6.44577818e-01
7.72136084e-01  5.12153296e-01  9.88236935e-01  9.08555705e-01  2.98126181e-01  9.91456930e-01
9.55902130e-01  2.64397959e-01  5.27585512e-01  9.76638049e-01  2.31473917e-01  5.70711507e-01
7.63729344e-01  5.77294180e-01  9.72995041e-01  9.05926719e-01  4.29378875e-01  9.76933755e-01
8.83016240e-01  2.20807651e-01  8.06012599e-01  9.38375884e-01  1.62310365e-01  8.32662596e-01
9.40841866e-01  3.79401592e-01  5.01728224e-01  9.81025853e-01  2.86321800e-01  5.29970494e-01
9.18676754e-01  3.01315087e-01  6.29848957e-01  9.63602935e-01  1.93363300e-01  6.63430588e-01
8.93967224e-01  4.87553300e-01  5.88885556e-01  9.65857780e-01  3.76728475e-01  6.05639378e-01
9.20058186e-01  2.31471595e-01  6.72261374e-01  9.56632057e-01  1.84757943e-01  7.10199288e-01
8.17633149e-01  7.12724633e-01  6.97723670e-01  9.46988831e-01  5.17343859e-01  6.93040222e-01
8.97795243e-01  3.24530754e-01  6.85820373e-01  9.54824174e-01  2.16743439e-01  7.14663500e-01
8.65624425e-01  8.14780176e-01  4.64596429e-01  9.75673229e-01  8.46283544e-01  4.29890630e-01
8.14553800e-01  3.11263417e-01  9.78885430e-01  9.13003185e-01  1.99569165e-01  9.86497467e-01
7.84800796e-01  7.65497283e-01  7.74283394e-01  9.34414460e-01  5.42044873e-01  7.67785697e-01
