3.20065373e-01  4.87859112e-01  4.49638473e-01
2.75811317e-01  9.97564272e-01  3.35803068e-01
8.21674224e-01  5.09674913e-01  4.01887586e-01
2.52963519e-01  9.40829331e-01  4.94365725e-01
2.53918828e-01  6.21514558e-01  5.67089445e-01
4.39430276e-01  3.92743068e-01  8.34777949e-01
3.06712234e-01  3.00225845e-01  3.93015524e-01
6.68030935e-01  9.68220689e-01  3.80010679e-01
3.90162407e-01  8.93953059e-01  3.04657008e-01
2.57481409e-01  9.43490743e-01  2.74524981e-01
8.56466025e-01  4.89037633e-01  2.67781325e-01
2.84903879e-01  4.29668816e-01  8.12426455e-01
7.42142480e-01  8.10060442e-01  4.43461536e-01
3.88117730e-01  9.40349498e-01  8.49921800e-01
9.81068821e-01  4.40976510e-01  6.38824130e-01
3.18834511e-01  9.93874904e-01  3.47888035e-01
9.02490363e-01  2.63071868e-01  4.86677943e-01
2.67885855e-01  4.45666429e-01  7.13636047e-01
3.31731195e-01  3.12247706e-01  6.45710388e-01
4.14373838e-01  4.91538690e-01  6.21135543e-01
3.02762380e-01  9.12411433e-01  9.86346234e-01
7.81008668e-01  6.50080936e-01  3.01171000e-01
7.64122172e-01  4.55307306e-01  8.40507248e-01
4.70482380e-01  8.83017038e-01  4.83013235e-01
6.91202378e-01  9.74148231e-01  3.51308862e-01
3.35791669e-01  7.97253387e-01  7.12685602e-01
4.59910066e-01  3.66196310e-01  9.08126042e-01
7.53744222e-01  5.71546013e-01  3.14675707e-01
2.83683676e-01  6.30769685e-01  4.96348479e-01
7.23191392e-01  7.12773111e-01  3.11501105e-01
5.88837241e-01  7.78715133e-01  6.01212701e-01
4.13277772e-01  5.43933564e-01  6.28692470e-01
3.56318578e-01  9.03678972e-01  3.32950259e-01
6.65209244e-01  4.83282038e-01  5.82322635e-01
2.68758759e-01  3.43047288e-01  3.82854324e-01
7.42960903e-01  3.24787240e-01  5.44070831e-01
3.28656513e-01  8.07129788e-01  3.72291307e-01
3.17789250e-01  3.08238090e-01  6.17911859e-01
3.78770363e-01  6.69406648e-01  5.66827281e-01
8.46224870e-01  3.15266442e-01  5.24564224e-01
9.94863451e-01  7.63099691e-01  2.98518920e-01
2.50886759e-01  9.82523209e-01  9.29277023e-01
2.92424561e-01  4.82853631e-01  8.29620432e-01
3.69990079e-01  3.92369286e-01  7.05492575e-01
9.89672543e-01  6.30885496e-01  7.24163105e-01
5.45991286e-01  4.26403282e-01  3.67253780e-01
2.96419094e-01  8.72864586e-01  7.08660391e-01
8.50699727e-01  9.72773254e-01  3.18946376e-01
8.40731196e-01  3.07502005e-01  4.00001628e-01
3.91217572e-01  7.66594929e-01  4.39930809e-01
3.50814023e-01  4.06112384e-01  7.89879448e-01
3.14107134e-01  5.14842969e-01  8.03334515e-01
3.22172999e-01  3.87522456e-01  9.38493419e-01
4.60749209e-01  7.75862452e-01  5.82896138e-01
8.35269209e-01  9.26837466e-01  2.93047289e-01
7.03001677e-01  4.74363937e-01  2.72585560e-01
7.57910973e-01  7.17664394e-01  3.00644983e-01
8.30457922e-01  6.52150510e-01  4.28415704e-01
9.91161495e-01  6.60693694e-01  6.19759787e-01
2.56607260e-01  4.77412538e-01  6.60769469e-01
6.31949098e-01  4.96562333e-01  4.17106824e-01
9.32767209e-01  5.33888242e-01  7.35182372e-01
3.20354747e-01  7.73254455e-01  5.05166979e-01
6.68588509e-01  9.38961697e-01  9.06066372e-01
4.78450298e-01  7.92898057e-01  3.46493222e-01
5.44025861e-01  8.17157795e-01  7.73050371e-01
9.97100466e-01  4.05279874e-01  3.78165800e-01
9.06601601e-01  3.35394433e-01  5.46881492e-01
7.31613960e-01  8.90685989e-01  5.06388753e-01
6.05151860e-01  7.21791838e-01  2.88043252e-01
2.50320127e-01  6.68835051e-01  6.06283315e-01
8.81083278e-01  6.03874385e-01  9.26312042e-01
3.54342100e-01  5.23341642e-01  7.69559530e-01
2.51127869e-01  8.74151554e-01  9.68697038e-01
4.11891286e-01  4.53674560e-01  4.57384429e-01
3.54314386e-01  7.00830230e-01  4.64039591e-01
3.61004930e-01  8.72905205e-01  5.42354270e-01
4.07392314e-01  7.21234376e-01  3.42249848e-01
4.78218678e-01  8.36423621e-01  2.78478921e-01
2.95982335e-01  9.51590163e-01  8.54959377e-01
5.94497845e-01  6.05110831e-01  3.26448990e-01
9.37747803e-01  4.01530571e-01  6.49954593e-01
3.81228561e-01  6.80846144e-01  7.91472401e-01
9.17935112e-01  4.01531035e-01  2.62547300e-01
3.85119637e-01  2.95129809e-01  8.65663541e-01
4.17867392e-01  8.93602037e-01  3.92093137e-01
3.14752251e-01  5.94499712e-01  6.09750797e-01
7.90228112e-01  8.79002756e-01  9.57427285e-01
6.13345083e-01  7.74174516e-01  3.41121207e-01
3.29833465e-01  2.89734190e-01  5.17116481e-01
2.56114383e-01  8.91535342e-01  8.55942381e-01
6.95712129e-01  3.74425061e-01  5.79703948e-01
8.74659077e-01  3.43608058e-01  3.02510757e-01
3.53253033e-01  5.67331679e-01  8.39551377e-01
7.01312315e-01  9.87287349e-01  3.24623074e-01
4.69673801e-01  3.19711515e-01  8.29743828e-01
7.72832380e-01  9.65198722e-01  4.68645494e-01
8.17081980e-01  3.77745226e-01  6.63929391e-01
6.70850527e-01  4.83879654e-01  4.31626078e-01
6.23120111e-01  8.77106675e-01  3.32720940e-01
8.55049682e-01  8.79332098e-01  4.54527179e-01
5.37087273e-01  9.80340705e-01  9.78025411e-01
3.77220481e-01  4.88003882e-01  9.20218120e-01
3.08675992e-01  4.94616151e-01  3.03433651e-01
8.38789931e-01  3.20433557e-01  5.63384723e-01
5.12014764e-01  5.14354451e-01  4.58143399e-01
3.19747116e-01  9.22443447e-01  4.72593392e-01
3.85754282e-01  8.55171257e-01  4.76710599e-01
6.61727898e-01  8.40831081e-01  3.69922965e-01
4.79421791e-01  5.00116363e-01  3.38622964e-01
7.63521286e-01  2.77223589e-01  3.89482810e-01
3.53429696e-01  7.72789929e-01  9.84832916e-01
3.51065416e-01  3.94387215e-01  3.95326778e-01
5.50044350e-01  5.28362610e-01  3.25084366e-01
8.84700217e-01  4.53414450e-01  6.45511096e-01
9.14562094e-01  3.19360383e-01  6.58624135e-01
8.83230354e-01  3.12275534e-01  3.59006198e-01
3.55845801e-01  9.95599456e-01  9.98641962e-01
3.04343845e-01  3.30401892e-01  8.55995389e-01
4.97375170e-01  3.10743894e-01  2.84425819e-01
9.97285357e-01  5.90575426e-01  3.04091605e-01
9.72955467e-01  5.47019841e-01  3.88603945e-01
2.89833599e-01  4.04888038e-01  8.53172634e-01
4.35885983e-01  7.56298342e-01  3.53665378e-01
7.49002052e-01  6.94786303e-01  5.95278373e-01
3.58910273e-01  5.55618650e-01  5.40654766e-01
9.00350566e-01  9.62721996e-01  2.74510283e-01
6.14051533e-01  7.44681797e-01  3.72921928e-01
5.73651048e-01  4.61155748e-01  9.99677180e-01
5.37197574e-01  3.40435119e-01  4.57061269e-01
7.98855867e-01  2.85365584e-01  5.89855106e-01
9.36908052e-01  2.56110526e-01  7.48669186e-01
3.69496691e-01  3.14456991e-01  9.08573230e-01
4.62593203e-01  5.83249373e-01  5.39683892e-01
4.26388558e-01  7.38781173e-01  8.66899157e-01
2.51163428e-01  6.87624437e-01  4.72373447e-01
7.43108010e-01  3.02652771e-01  9.40249630e-01
8.93338224e-01  3.06761157e-01  5.15118743e-01
4.40959604e-01  9.82143448e-01  4.65721003e-01
3.54789760e-01  5.85014394e-01  4.80967131e-01
2.86463365e-01  8.96504710e-01  9.81596727e-01
8.64712293e-01  2.52922413e-01  4.10714472e-01
4.94592208e-01  5.24196938e-01  5.25032928e-01
6.14544860e-01  7.66139498e-01  3.10932287e-01
4.16628045e-01  7.91575344e-01  5.80843765e-01
2.61850774e-01  4.84503689e-01  6.09299071e-01
3.39327611e-01  8.01224568e-01  4.82260727e-01
9.67229973e-01  5.82687721e-01  4.50184749e-01
5.62046480e-01  7.28010325e-01  2.53862907e-01
2.66662538e-01  8.70481701e-01  9.91431755e-01
