8.33856378e-01  3.36124996e-01  4.93406646e-01
7.08079372e-01  9.02642484e-01  5.82059684e-01
6.58774715e-01  8.90356576e-01  9.32579838e-01
4.75791415e-01  2.70578760e-01  8.13086101e-01
9.51478306e-01  5.33776816e-01  8.24425322e-01
9.68935297e-01  7.53960663e-01  5.97437123e-01
6.49712429e-01  4.17191610e-01  7.45305778e-01
4.52347532e-01  6.25768861e-01  9.94436730e-01
2.77491228e-01  4.91841630e-01  7.50739576e-01
2.78791752e-01  2.61187909e-01  5.34029007e-01
2.57193481e-01  3.27631627e-01  4.95136215e-01
2.95807425e-01  6.89718511e-01  4.37447522e-01
6.36876072e-01  8.89265891e-01  5.87623612e-01
8.14244139e-01  8.68178911e-01  6.21138675e-01
9.53982381e-01  3.05826736e-01  3.98717068e-01
6.25540054e-01  3.74212642e-01  4.96190675e-01
8.54201475e-01  4.74583598e-01  7.29417767e-01
6.83037689e-01  4.65454922e-01  4.33113786e-01
5.02255766e-01  9.93423508e-01  3.57910325e-01
3.22172999e-01  3.87522456e-01  9.38493419e-01
7.04352701e-01  4.73923415e-01  3.75001648e-01
9.38815247e-01  6.78918583e-01  7.15381575e-01
9.66820857e-01  6.59440623e-01  5.70299477e-01
7.34421986e-01  8.64622954e-01  5.94819021e-01
7.88946707e-01  9.90199092e-01  4.08197773e-01
7.30209868e-01  8.77163765e-01  7.86657431e-01
6.75825177e-01  4.76899701e-01  2.51100686e-01
9.45912493e-01  5.14841865e-01  8.73796797e-01
9.57271247e-01  7.55537055e-01  6.61439274e-01
2.88028004e-01  6.36169633e-01  4.06929275e-01
4.13540453e-01  2.63741414e-01  9.34044218e-01
6.64517443e-01  6.02052839e-01  5.14547465e-01
9.83810884e-01  4.78965130e-01  4.86752032e-01
6.88198540e-01  4.15921350e-01  4.82657449e-01
9.34689069e-01  3.52610189e-01  4.51258382e-01
4.07735343e-01  4.90178070e-01  6.23794617e-01
4.37116693e-01  5.75828735e-01  8.76065922e-01
5.68193543e-01  7.65607447e-01  9.05079508e-01
8.60058187e-01  3.50581191e-01  7.03043537e-01
8.81556573e-01  3.42262626e-01  7.08835834e-01
9.01532307e-01  4.34145795e-01  8.55473810e-01
5.79176348e-01  2.65907742e-01  7.33020054e-01
3.08041788e-01  6.27263523e-01  9.77014464e-01
6.81784404e-01  7.86345956e-01  6.13942078e-01
4.21934697e-01  7.30338004e-01  9.16320718e-01
9.14562094e-01  3.19360383e-01  6.58624135e-01
9.96118301e-01  9.23700358e-01  4.10879192e-01
4.57789474e-01  9.07283489e-01  2.92395083e-01
8.81866051e-01  3.22199708e-01  8.56548889e-01
5.26967953e-01  4.00414621e-01  6.37585474e-01
7.91272222e-01  5.38985178e-01  8.38894876e-01
8.58670325e-01  4.80135578e-01  4.24935832e-01
9.15940291e-01  5.43353850e-01  9.29177650e-01
3.93069283e-01  6.36571379e-01  6.09384987e-01
5.01885060e-01  5.55551432e-01  5.59581673e-01
3.45602002e-01  7.03004530e-01  3.11454984e-01
9.83189735e-01  7.52974922e-01  4.25153689e-01
5.76589799e-01  3.60804435e-01  7.38864042e-01
6.69942567e-01  5.39516694e-01  4.94220810e-01
5.35587890e-01  8.42510342e-01  9.64877311e-01
8.13553824e-01  6.50059296e-01  9.20503471e-01
8.13682845e-01  6.98520448e-01  7.84484355e-01
5.79303313e-01  9.78616481e-01  8.86764326e-01
7.00438355e-01  6.70873673e-01  2.75387295e-01
4.07347386e-01  7.88196558e-01  4.04452331e-01
4.71880782e-01  2.64092575e-01  5.95617810e-01
3.36386688e-01  3.80913361e-01  3.49166676e-01
8.56331527e-01  8.88680345e-01  8.45039735e-01
9.02896592e-01  5.99284054e-01  5.95900008e-01
2.86641196e-01  9.41432087e-01  8.15460994e-01
8.79878156e-01  6.26182365e-01  4.99884061e-01
3.29564739e-01  9.57751526e-01  4.90490607e-01
8.05174734e-01  5.01386508e-01  9.98890445e-01
9.99711717e-01  5.28555785e-01  6.80024413e-01
4.46946363e-01  9.51177616e-01  5.00326109e-01
9.32980346e-01  9.01387486e-01  4.06787966e-01
8.85844895e-01  4.55862528e-01  9.04201012e-01
4.90331052e-01  2.67129215e-01  7.22195156e-01
8.30575354e-01  5.90658540e-01  4.19807166e-01
7.62936204e-01  9.12074493e-01  3.57461909e-01
4.43454613e-01  4.66345000e-01  9.96254434e-01
3.53475355e-01  7.28882509e-01  4.16402527e-01
4.90483662e-01  9.42684309e-01  5.47000708e-01
9.01483376e-01  4.89355505e-01  6.84007919e-01
8.52443960e-01  7.23266679e-01  7.68449690e-01
3.56029929e-01  4.25413009e-01  9.48760050e-01
4.91690608e-01  8.84098732e-01  9.65115575e-01
7.59120959e-01  3.20983695e-01  3.20775092e-01
5.42650853e-01  8.01243927e-01  7.90354261e-01
7.41062078e-01  3.68355749e-01  5.41905319e-01
8.57825779e-01  7.42150133e-01  3.09270447e-01
4.29115998e-01  6.23617181e-01  6.24974775e-01
6.38264211e-01  7.56228344e-01  5.18114064e-01
8.64712293e-01  2.52922413e-01  4.10714472e-01
9.53901289e-01  2.95765237e-01  3.35597891e-01
8.02836413e-01  8.32975134e-01  8.76668876e-01
5.14762902e-01  5.65579593e-01  9.83051571e-01
9.90513924e-01  7.38228874e-01  7.38623800e-01
6.04800763e-01  9.04426756e-01  2.87136795e-01
8.50737904e-01  4.48569649e-01  3.69924616e-01
5.23148569e-01  5.15758165e-01  6.35832146e-01
8.65552352e-01  7.19671583e-01  8.36714187e-01
4.11500097e-01  7.39335674e-01  4.07320109e-01
3.60139738e-01  6.28561914e-01  5.25590751e-01
7.37014686e-01  4.18998041e-01  4.56932128e-01
8.66002062e-01  6.29136728e-01  9.05072183e-01
4.96280056e-01  7.73506605e-01  4.60562472e-01
9.48850185e-01  3.11539366e-01  5.26589783e-01
6.94281736e-01  5.26644729e-01  5.78054180e-01
7.78805653e-01  5.42124404e-01  6.20254112e-01
9.11202497e-01  5.36207933e-01  3.44596573e-01
7.48273815e-01  5.95633623e-01  3.00080891e-01
5.44636815e-01  4.23868663e-01  2.68180315e-01
3.38610241e-01  6.67769012e-01  6.10789537e-01
6.11311269e-01  5.70458330e-01  8.98698731e-01
4.85932744e-01  5.99635839e-01  9.87615294e-01
6.87842965e-01  8.55126218e-01  3.59893866e-01
9.24110968e-01  2.91090974e-01  8.09939384e-01
7.94077465e-01  8.79640227e-01  9.33426632e-01
8.30897560e-01  5.43042140e-01  3.02013347e-01
6.94076087e-01  7.84291166e-01  5.11446810e-01
6.58089110e-01  3.52852442e-01  5.06443254e-01
8.55571582e-01  2.81262811e-01  5.63494668e-01
7.51576811e-01  2.81214661e-01  6.41923743e-01
9.60624771e-01  8.11596231e-01  6.93857832e-01
5.73949561e-01  7.23505353e-01  4.10390419e-01
5.47938245e-01  9.98069148e-01  3.33753420e-01
6.76075082e-01  8.73131525e-01  7.65559435e-01
2.56114383e-01  8.91535342e-01  8.55942381e-01
8.51091163e-01  7.97318139e-01  5.74784422e-01
9.76073176e-01  9.51780278e-01  6.04602699e-01
3.21049137e-01  3.63218412e-01  3.10503828e-01
3.02740946e-01  8.97782699e-01  4.26443953e-01
9.21277739e-01  9.52587876e-01  6.84449787e-01
4.44977156e-01  4.29313016e-01  7.22666109e-01
9.81573152e-01  9.24786156e-01  9.62699249e-01
4.39440024e-01  2.60742843e-01  4.56482953e-01
8.41004202e-01  9.60402715e-01  9.24285166e-01
4.81966548e-01  8.56363905e-01  7.33332810e-01
6.27595977e-01  3.09110181e-01  6.58544523e-01
8.48503774e-01  8.47584965e-01  2.73760535e-01
8.89196578e-01  4.98142297e-01  8.43528232e-01
4.23626266e-01  5.40702660e-01  9.31555327e-01
4.05526946e-01  4.70085805e-01  2.58902282e-01
3.84301891e-01  3.83536874e-01  9.01118704e-01
9.90675751e-01  6.19747129e-01  7.88182790e-01
6.58489451e-01  2.62951224e-01  6.92801660e-01
2.91131301e-01  6.12047999e-01  7.67934290e-01
8.59731476e-01  6.13707572e-01  7.32790103e-01
9.40007002e-01  7.86392325e-01  9.40786780e-01
3.97030585e-01  8.99547718e-01  4.57027895e-01
9.27189503e-01  7.69445470e-01  5.27586218e-01
3.82076731e-01  5.53175399e-01  6.18189074e-01
2.68460158e-01  6.02715490e-01  9.82459693e-01
9.66695968e-01  8.79232189e-01  2.70086781e-01
7.52959744e-01  9.67880064e-01  3.06184561e-01
7.11786805e-01  9.88462868e-01  5.37195206e-01
2.55737180e-01  4.00466109e-01  6.63548591e-01
4.93480352e-01  5.77625766e-01  9.15091045e-01
8.27624030e-01  3.47883866e-01  4.60630497e-01
7.10550337e-01  7.09705932e-01  6.11810370e-01
3.11329105e-01  2.57546622e-01  5.91276508e-01
9.78601212e-01  6.66222495e-01  5.53535841e-01
8.38519079e-01  5.17665792e-01  9.26503130e-01
3.85754282e-01  8.55171257e-01  4.76710599e-01
3.49314366e-01  4.67275901e-01  3.83557801e-01
7.05639063e-01  3.20465014e-01  5.11278717e-01
7.69533779e-01  3.93306227e-01  8.80590906e-01
5.61015168e-01  4.76881959e-01  3.84693699e-01
7.53101813e-01  3.83714092e-01  6.33084792e-01
8.42069515e-01  5.65704641e-01  3.17319213e-01
9.43637332e-01  3.42499351e-01  6.52754490e-01
4.75005077e-01  3.79066226e-01  6.05319796e-01
7.04182255e-01  6.76950824e-01  3.71585798e-01
6.97676033e-01  4.92482615e-01  7.06712611e-01
8.13766966e-01  8.13297136e-01  3.04158931e-01
2.61850774e-01  4.84503689e-01  6.09299071e-01
3.26518104e-01  6.04055060e-01  6.29139249e-01
6.31444874e-01  5.70297299e-01  9.44462625e-01
9.61625098e-01  2.52915735e-01  9.67751668e-01
3.65539317e-01  8.90519019e-01  6.46964234e-01
6.25316446e-01  7.69697748e-01  3.19680137e-01
6.78584724e-01  4.31839988e-01  9.56097543e-01
8.17659328e-01  2.68759976e-01  5.05582179e-01
9.76522053e-01  9.07816127e-01  4.33205830e-01
7.44253466e-01  2.75527996e-01  7.49364933e-01
6.79873478e-01  8.63420265e-01  5.10882072e-01
4.52311122e-01  8.86450650e-01  3.60110624e-01
6.05867562e-01  8.65315688e-01  9.43419064e-01
6.97152778e-01  3.46900049e-01  7.55752115e-01
8.79024396e-01  7.32130867e-01  7.29255473e-01
8.69308034e-01  7.48317417e-01  8.53164153e-01
8.07502208e-01  8.36984544e-01  2.51977539e-01
5.86636161e-01  8.37764475e-01  6.10936139e-01
3.22889097e-01  5.35715471e-01  7.24830876e-01
7.73037357e-01  9.48041001e-01  2.51790031e-01
9.62226480e-01  8.72385956e-01  7.64819585e-01
3.54342100e-01  5.23341642e-01  7.69559530e-01
8.46517882e-01  4.52934205e-01  8.71351992e-01
4.16803226e-01  9.13310397e-01  4.19183195e-01
3.81172085e-01  4.86632385e-01  8.08260303e-01
8.69892307e-01  9.93735561e-01  3.64803600e-01
3.60071208e-01  8.04271313e-01  5.51280943e-01
3.71791798e-01  3.08457624e-01  3.04804852e-01
8.23606926e-01  5.22746543e-01  7.66702718e-01
8.11209137e-01  7.53289867e-01  7.51256795e-01
5.09655114e-01  4.01707385e-01  9.80471117e-01
7.98625971e-01  4.24086968e-01  4.22130734e-01
6.27720528e-01  5.76696531e-01  5.17937988e-01
4.66121241e-01  5.03733741e-01  6.63045495e-01
7.77702222e-01  3.78941550e-01  3.58189532e-01
9.61576998e-01  8.60816216e-01  5.09900021e-01
5.77310386e-01  9.49909660e-01  9.73239752e-01
6.33818023e-01  2.78875231e-01  8.06354918e-01
9.32031943e-01  2.52944680e-01  8.84077448e-01
6.58583746e-01  4.52832099e-01  8.73608631e-01
6.87893913e-01  9.72484644e-01  4.99369104e-01
4.87312852e-01  3.94382289e-01  6.54959564e-01
3.05450335e-01  5.07252552e-01  3.24691729e-01
4.35655750e-01  3.53900531e-01  6.00712838e-01
7.16017410e-01  9.58661391e-01  9.41883200e-01
8.70865926e-01  8.29469210e-01  6.70274475e-01
5.06560265e-01  3.97178223e-01  6.54181284e-01
8.19197263e-01  9.93101304e-01  2.56400839e-01
9.36849877e-01  5.59844246e-01  3.92182420e-01
3.35735996e-01  7.87106840e-01  6.76974159e-01
5.74658173e-01  2.55490457e-01  7.76134917e-01
9.75117615e-01  4.32947907e-01  4.80234329e-01
3.28200011e-01  6.12744638e-01  9.57278848e-01
5.34000725e-01  4.42954484e-01  8.85202782e-01
2.79498771e-01  9.13178489e-01  6.98597166e-01
5.11731870e-01  6.97636289e-01  8.56508040e-01
6.32836539e-01  9.70005001e-01  3.36334563e-01
5.05804604e-01  4.78115276e-01  4.01991182e-01
6.69105070e-01  2.95776170e-01  3.56521326e-01
6.53047741e-01  6.40600127e-01  6.59963631e-01
2.56107267e-01  3.08239617e-01  3.17559482e-01
5.91831102e-01  7.83549447e-01  9.77048777e-01
9.38079148e-01  6.09777955e-01  3.76818179e-01
7.94955433e-01  7.35507930e-01  3.86662703e-01
6.15929930e-01  7.96762117e-01  8.61467457e-01
6.96117269e-01  6.10620712e-01  4.00348139e-01
6.57108908e-01  9.79276957e-01  9.61538869e-01
3.85942467e-01  3.77431350e-01  6.27775033e-01
8.14129962e-01  5.67252788e-01  5.45093809e-01
8.36156331e-01  9.54366743e-01  6.37481418e-01
8.50175919e-01  4.91491700e-01  7.40569358e-01
2.51222872e-01  8.82725227e-01  7.23570974e-01
9.08314182e-01  8.14219985e-01  4.41191710e-01
7.45406791e-01  4.58302470e-01  3.39214484e-01
2.83782535e-01  4.03283428e-01  3.80623758e-01
2.83252262e-01  3.33988299e-01  6.00713526e-01
3.59386488e-01  5.04295046e-01  5.55631665e-01
6.99155508e-01  5.66821343e-01  5.79430804e-01
5.90849909e-01  8.54746361e-01  5.82497305e-01
3.26176683e-01  5.10204651e-01  4.92415133e-01
2.89518733e-01  7.74522825e-01  4.50487740e-01
7.68532105e-01  8.58583039e-01  8.84565461e-01
9.74760505e-01  3.97460259e-01  7.95284262e-01
3.48166378e-01  7.69150434e-01  5.28345946e-01
8.22935198e-01  8.43293034e-01  2.96779644e-01
5.50787184e-01  7.41406842e-01  8.01669634e-01
3.46600125e-01  5.27005354e-01  9.61955727e-01
6.08529641e-01  6.30859705e-01  6.70395585e-01
9.56445614e-01  4.36703583e-01  5.03870456e-01
7.68220452e-01  7.61158946e-01  9.91452872e-01
9.13397614e-01  5.45142759e-01  5.98490733e-01
7.60358699e-01  3.06772821e-01  3.47725928e-01
4.13092910e-01  3.54494577e-01  7.67179368e-01
7.89690250e-01  8.16496905e-01  9.39519310e-01
8.42330640e-01  3.81882798e-01  7.99287848e-01
8.12363572e-01  7.65772023e-01  8.81800722e-01
8.06296151e-01  8.70162914e-01  9.87083052e-01
5.70841579e-01  3.25040775e-01  4.72903920e-01
3.50226123e-01  8.21458533e-01  4.75247846e-01
5.24225720e-01  8.72688293e-01  6.74342760e-01
5.02266775e-01  3.49076020e-01  8.26314145e-01
2.98344244e-01  9.71947660e-01  5.80487573e-01
7.60212240e-01  2.55147982e-01  6.94554288e-01
4.48364310e-01  3.72502444e-01  3.09892611e-01
2.50157993e-01  3.79454258e-01  2.92715831e-01
7.77326640e-01  6.04838846e-01  8.69202910e-01
4.22489640e-01  6.81317554e-01  4.19182532e-01
9.17904293e-01  5.77545374e-01  6.08397389e-01
3.11558713e-01  8.40768546e-01  4.38589071e-01
7.83418770e-01  7.93130216e-01  3.48814418e-01
3.62177948e-01  5.81648276e-01  5.20544675e-01
3.65027746e-01  2.90291017e-01  6.39463937e-01
5.44068342e-01  3.26112051e-01  8.10094248e-01
7.36591046e-01  3.19392711e-01  5.07038785e-01
4.35482976e-01  3.23277004e-01  3.90280132e-01
3.33184569e-01  3.92484136e-01  7.31990762e-01
5.66536503e-01  9.72837470e-01  8.61456971e-01
5.79410051e-01  8.90298246e-01  6.85135508e-01
7.25935707e-01  4.70696878e-01  8.78595336e-01
2.59375451e-01  2.91216421e-01  8.22975248e-01
9.27080828e-01  2.54967050e-01  4.73307430e-01
9.74225623e-01  3.30886543e-01  7.24758100e-01
7.35270180e-01  2.64290933e-01  3.42749246e-01
5.36621262e-01  9.26074767e-01  6.48291126e-01
4.33341830e-01  9.49292416e-01  9.28906350e-01
5.28466481e-01  3.46844788e-01  9.36391592e-01
4.70482380e-01  8.83017038e-01  4.83013235e-01
3.51049587e-01  4.87781760e-01  5.18361292e-01
8.47777571e-01  3.29409399e-01  4.91096298e-01
5.69750088e-01  9.74016498e-01  2.99618452e-01
6.07606302e-01  6.10951353e-01  8.09325732e-01
3.32716980e-01  3.97461106e-01  2.61797105e-01
4.57766526e-01  7.82799794e-01  6.77092646e-01
5.33473034e-01  8.01530314e-01  6.39849815e-01
3.08626948e-01  7.73625026e-01  8.32501831e-01
5.72727470e-01  5.30618623e-01  8.37312046e-01
4.11508240e-01  8.39769689e-01  6.45845457e-01
7.06905331e-01  4.08358716e-01  8.64477025e-01
7.66074414e-01  7.82345054e-01  7.43190424e-01
7.59181479e-01  4.26188210e-01  4.44624672e-01
8.99139498e-01  4.08152747e-01  8.48229370e-01
9.70445792e-01  4.69859908e-01  7.43166990e-01
6.73365630e-01  8.19752748e-01  4.34834023e-01
4.67559401e-01  6.19269141e-01  2.50786103e-01
8.40402064e-01  8.51742691e-01  9.45798364e-01
3.89229261e-01  5.17025753e-01  2.72220964e-01
5.10283899e-01  7.61515614e-01  7.94385390e-01
7.17024890e-01  8.12313840e-01  9.24782243e-01
6.02842288e-01  7.26240460e-01  4.94437143e-01
8.79437986e-01  9.48278681e-01  8.67111879e-01
3.04736360e-01  4.19300774e-01  5.25760177e-01
8.52140859e-01  7.85263031e-01  7.71687756e-01
2.85348443e-01  5.38503714e-01  3.86636084e-01
5.30573718e-01  4.11600444e-01  5.20415104e-01
3.18398891e-01  2.52768803e-01  4.92797695e-01
2.99323169e-01  9.58227984e-01  7.55083976e-01
3.42399735e-01  3.80897360e-01  2.99400439e-01
6.85722206e-01  6.17809785e-01  2.50676515e-01
6.90656585e-01  5.82630020e-01  6.43627598e-01
9.68076045e-01  7.93503718e-01  6.64523412e-01
4.65228512e-01  6.51754003e-01  2.98616712e-01
6.22775799e-01  6.45059355e-01  7.94226803e-01
2.63466768e-01  6.83036304e-01  8.69123623e-01
7.54945417e-01  5.95697579e-01  7.60094389e-01
4.11495064e-01  6.33768367e-01  3.65172032e-01
8.04706396e-01  5.76021552e-01  6.16341144e-01
8.85851064e-01  8.69083354e-01  4.52456677e-01
4.16411198e-01  6.54294114e-01  3.98711698e-01
2.51144164e-01  7.85057236e-01  2.55887541e-01
7.40595773e-01  9.78534196e-01  9.60818024e-01
5.38772141e-01  8.90079940e-01  5.13554261e-01
3.89369415e-01  3.01316647e-01  2.64465277e-01
6.77381681e-01  7.33548151e-01  8.33272434e-01
7.45672940e-01  3.56661539e-01  9.70950146e-01
5.69574321e-01  4.48748402e-01  7.63669162e-01
4.25045030e-01  6.48411663e-01  4.02888432e-01
3.54271833e-01  5.47231272e-01  7.82700456e-01
6.20433287e-01  2.79164410e-01  6.87806129e-01
4.42816300e-01  9.08310546e-01  6.89973316e-01
6.01255069e-01  5.04383266e-01  3.64153013e-01
5.91668716e-01  4.46894483e-01  4.99181837e-01
3.48207386e-01  5.28847135e-01  3.11395906e-01
3.05337396e-01  9.98989223e-01  8.15068541e-01
9.21488979e-01  8.17245602e-01  9.48687796e-01
4.90970731e-01  6.45011303e-01  9.69362260e-01
6.20009643e-01  2.64518402e-01  6.86433323e-01
4.62288546e-01  8.56693952e-01  4.06622681e-01
6.15478995e-01  3.26281050e-01  8.18089737e-01
9.57983587e-01  8.05222537e-01  5.69659625e-01
9.91503737e-01  8.26993851e-01  5.90562051e-01
2.52011429e-01  7.63854895e-01  5.04616368e-01
8.23458903e-01  4.05481672e-01  8.41563272e-01
8.50556357e-01  8.28571682e-01  5.19392357e-01
5.97232729e-01  5.49295052e-01  6.95732080e-01
6.05151860e-01  7.21791838e-01  2.88043252e-01
6.15947551e-01  3.29479250e-01  5.20190145e-01
7.84871291e-01  9.50190023e-01  5.62986555e-01
2.60952718e-01  8.02099100e-01  3.20294036e-01
4.27051905e-01  4.21305890e-01  8.13180488e-01
6.41287096e-01  6.56337071e-01  3.47617962e-01
6.27976210e-01  5.64124242e-01  8.73605078e-01
5.32475940e-01  9.90392594e-01  6.70592409e-01
8.64225339e-01  7.47301640e-01  7.29011043e-01
9.57076124e-01  9.39562864e-01  4.51255030e-01
9.92589058e-01  6.25722550e-01  3.89524547e-01
6.12263390e-01  9.99296377e-01  9.45282914e-01
9.86965865e-01  9.79381956e-01  7.77652893e-01
3.88996523e-01  3.83730776e-01  5.41985920e-01
3.08353491e-01  5.33204664e-01  8.86721449e-01
7.19441475e-01  7.50549416e-01  4.87524010e-01
6.35508171e-01  8.19993890e-01  6.18262252e-01
5.58896367e-01  4.24454044e-01  9.65116441e-01
4.13888185e-01  7.31779418e-01  5.64979634e-01
8.32180894e-01  9.66492054e-01  3.59758548e-01
9.77483254e-01  5.52421663e-01  6.45474841e-01
3.72507525e-01  5.78495983e-01  8.34901830e-01
9.09463963e-01  8.21013078e-01  6.60336747e-01
7.84138995e-01  3.55190958e-01  5.03213209e-01
8.81853689e-01  5.17610800e-01  3.01292488e-01
7.96901881e-01  7.09836494e-01  4.91921597e-01
3.82664847e-01  7.17804165e-01  8.08199713e-01
5.91335937e-01  7.34797322e-01  8.19812116e-01
4.65987750e-01  3.60162950e-01  4.56141813e-01
6.91202378e-01  9.74148231e-01  3.51308862e-01
5.83787670e-01  5.80226534e-01  7.69427053e-01
2.78965634e-01  4.58226662e-01  6.65666226e-01
8.41446959e-01  4.17289779e-01  5.03754955e-01
3.14415221e-01  9.92317308e-01  4.34286999e-01
6.47336269e-01  2.76071474e-01  5.93617406e-01
6.83904626e-01  8.88190291e-01  5.92635533e-01
7.94357501e-01  6.98827391e-01  5.81091607e-01
7.10527918e-01  2.81379411e-01  9.51721831e-01
2.75876388e-01  7.52421542e-01  9.85276177e-01
5.69789014e-01  7.29201297e-01  9.80409158e-01
6.95802418e-01  7.48418399e-01  8.27804792e-01
3.42712006e-01  7.65517338e-01  7.61746863e-01
6.42208949e-01  6.52654529e-01  3.18677749e-01
5.11929229e-01  8.86401530e-01  6.34599161e-01
7.08242473e-01  5.68782243e-01  9.90281004e-01
3.09429332e-01  4.12302193e-01  4.16131649e-01
4.95032207e-01  8.83776944e-01  3.64578069e-01
9.66443289e-01  5.29306781e-01  8.32744414e-01
3.77797058e-01  6.42395983e-01  8.37773661e-01
3.71294913e-01  6.29950483e-01  2.96967383e-01
9.95174552e-01  7.22177954e-01  5.33855904e-01
4.72250300e-01  6.03577502e-01  6.54971353e-01
8.40233148e-01  6.53476840e-01  2.61445463e-01
8.79622510e-01  6.77061378e-01  6.60973203e-01
8.74797842e-01  6.97391438e-01  5.89651879e-01
8.45503214e-01  2.55644019e-01  5.06035142e-01
2.92948609e-01  6.04159254e-01  4.24136081e-01
3.72549351e-01  4.21084145e-01  9.32533875e-01
9.13818043e-01  7.07557819e-01  5.15958988e-01
2.50516052e-01  6.24102333e-01  2.67831366e-01
9.10943784e-01  9.03416584e-01  7.79665575e-01
4.99518550e-01  2.72816042e-01  5.24772249e-01
3.09986225e-01  2.77540057e-01  8.79975304e-01
7.88238808e-01  8.74201269e-01  7.53708186e-01
7.43108010e-01  3.02652771e-01  9.40249630e-01
9.14877155e-01  4.70431452e-01  8.47563951e-01
2.93070953e-01  5.18694546e-01  9.40737207e-01
5.42501332e-01  9.98837444e-01  3.93969646e-01
6.14419837e-01  6.54860650e-01  6.83950009e-01
4.87398063e-01  6.56555734e-01  2.62570427e-01
3.73907313e-01  8.95611001e-01  8.10278167e-01
4.24697141e-01  5.14104899e-01  2.53229535e-01
7.31045153e-01  8.58596792e-01  6.81792016e-01
7.85548601e-01  4.68230177e-01  9.24382850e-01
7.37853678e-01  9.21840606e-01  2.90878133e-01
7.01312315e-01  9.87287349e-01  3.24623074e-01
4.46218815e-01  6.82683080e-01  7.33199506e-01
3.70959572e-01  5.66782540e-01  9.17648337e-01
7.94656141e-01  4.05237136e-01  4.17959371e-01
8.42730830e-01  8.16768557e-01  7.64134859e-01
7.62811149e-01  6.94819489e-01  6.43246956e-01
8.20586926e-01  5.69840152e-01  7.66807756e-01
2.67386166e-01  3.72513787e-01  8.49285430e-01
3.99987799e-01  4.65499441e-01  8.92647108e-01
7.56098654e-01  7.63543212e-01  5.00490973e-01
5.51664047e-01  6.80714185e-01  7.20822814e-01
4.42987735e-01  9.54747366e-01  2.63371649e-01
6.52989086e-01  6.80505399e-01  6.15623308e-01
7.01425961e-01  4.31544596e-01  9.38681170e-01
4.41299383e-01  5.52243865e-01  8.24962238e-01
8.41569679e-01  6.68364809e-01  7.69053171e-01
7.42652652e-01  9.31450357e-01  6.79698097e-01
4.56819839e-01  6.78292340e-01  2.99366496e-01
4.87491957e-01  8.20073297e-01  9.65128614e-01
6.17603464e-01  2.69954972e-01  6.21841330e-01
7.26327389e-01  4.86751115e-01  2.67690675e-01
3.61004930e-01  8.72905205e-01  5.42354270e-01
6.19400905e-01  8.09979796e-01  8.28573683e-01
7.06041105e-01  8.97836996e-01  6.29891914e-01
8.76425598e-01  3.01506108e-01  9.74143393e-01
3.61459450e-01  4.15641571e-01  7.71261113e-01
8.06333559e-01  5.92847878e-01  8.76479930e-01
7.91413134e-01  9.83315761e-01  6.39891737e-01
8.72792891e-01  9.12792085e-01  9.81007401e-01
5.43883212e-01  3.44646505e-01  8.67613601e-01
3.79199578e-01  4.58832505e-01  6.24533058e-01
4.51117108e-01  3.41379920e-01  4.00715605e-01
9.73770069e-01  3.79727869e-01  5.24222411e-01
3.66612040e-01  3.86099078e-01  4.72139452e-01
7.70993042e-01  7.52766002e-01  7.05856425e-01
9.87089525e-01  4.37380035e-01  4.94496230e-01
7.45555780e-01  9.58143220e-01  3.02578897e-01
4.71794908e-01  8.12594056e-01  5.29528304e-01
5.17454629e-01  4.20460315e-01  6.67993143e-01
7.52141104e-01  7.73240628e-01  9.71274013e-01
7.17497322e-01  8.76673219e-01  6.77031763e-01
9.26059281e-01  9.74950634e-01  4.06426530e-01
5.26817645e-01  7.78585338e-01  2.65131763e-01
3.49732522e-01  8.58222939e-01  8.43459102e-01
8.06852556e-01  8.84346466e-01  4.44943006e-01
3.41777208e-01  9.15561795e-01  5.00654937e-01
4.59910066e-01  3.66196310e-01  9.08126042e-01
6.72269348e-01  7.64542069e-01  4.44918331e-01
9.22445596e-01  7.94935773e-01  3.44511497e-01
6.26346867e-01  9.59510432e-01  9.51187665e-01
2.76385756e-01  6.34583607e-01  9.75262430e-01
2.67400838e-01  9.88210010e-01  8.64440609e-01
2.51721996e-01  9.42869887e-01  4.14465903e-01
4.84273458e-01  9.73178662e-01  6.88346262e-01
7.99857787e-01  6.16162498e-01  6.56020892e-01
7.99646704e-01  9.35100211e-01  7.41502390e-01
3.38784414e-01  7.99326128e-01  3.04694911e-01
9.02562126e-01  4.33263321e-01  7.53272496e-01
4.27555792e-01  4.86562789e-01  7.54844297e-01
8.45208573e-01  3.95894359e-01  4.66187334e-01
7.76392743e-01  8.06286223e-01  5.68783703e-01
8.65652847e-01  3.75811348e-01  6.91736026e-01
8.91581404e-01  5.30768226e-01  9.61083511e-01
4.28223538e-01  3.41360234e-01  9.70236290e-01
4.20072506e-01  5.06153076e-01  4.23999437e-01
4.47698143e-01  6.05647076e-01  2.67864494e-01
6.58688292e-01  3.25258518e-01  6.24799948e-01
8.06051357e-01  7.18772511e-01  7.99905498e-01
9.13923780e-01  5.97554546e-01  3.37067070e-01
7.07654575e-01  7.58080708e-01  7.64147589e-01
5.78106286e-01  9.93349806e-01  6.27065187e-01
5.89950520e-01  4.77178894e-01  7.85876517e-01
5.86780234e-01  8.94846367e-01  7.08389431e-01
3.37851690e-01  9.78523330e-01  8.13704016e-01
5.01579733e-01  8.65526087e-01  8.66439788e-01
4.79421791e-01  5.00116363e-01  3.38622964e-01
5.68374446e-01  3.70624031e-01  8.92318430e-01
7.66565761e-01  9.55213406e-01  9.58256645e-01
8.03146868e-01  2.94818920e-01  3.24711722e-01
2.84601724e-01  4.16955507e-01  7.58373152e-01
4.71246334e-01  2.94950743e-01  4.67573614e-01
6.02699536e-01  2.86500661e-01  3.52942484e-01
2.86463365e-01  8.96504710e-01  9.81596727e-01
3.73916897e-01  7.88708705e-01  3.69867998e-01
5.65700406e-01  3.35836757e-01  7.38924462e-01
7.10577689e-01  4.45982334e-01  3.80819671e-01
3.14752251e-01  5.94499712e-01  6.09750797e-01
6.97924301e-01  7.44838936e-01  7.93688279e-01
5.57782113e-01  3.43426983e-01  6.52641651e-01
9.60373943e-01  7.29606474e-01  8.42353725e-01
7.21641561e-01  9.30633745e-01  3.89546414e-01
8.67505685e-01  4.69461826e-01  4.85429777e-01
8.36355778e-01  4.49349756e-01  8.43064295e-01
7.10177916e-01  9.15403788e-01  9.32255195e-01
7.15637482e-01  6.22372149e-01  9.45316245e-01
9.77137571e-01  6.76555950e-01  4.47149711e-01
4.10493164e-01  5.38092076e-01  3.32336446e-01
2.62999587e-01  5.06875059e-01  8.80337604e-01
4.05603283e-01  9.65902554e-01  3.18532712e-01
6.43614947e-01  9.80154253e-01  5.58265292e-01
8.78701035e-01  6.87546671e-01  9.89143882e-01
8.14246665e-01  9.39047748e-01  6.28086168e-01
5.78302430e-01  3.06033482e-01  3.43123952e-01
9.97100466e-01  4.05279874e-01  3.78165800e-01
9.18558736e-01  5.35728528e-01  5.28170692e-01
4.80874729e-01  7.43346276e-01  4.38733736e-01
3.09480961e-01  2.61174988e-01  8.81018317e-01
5.51245723e-01  4.71226021e-01  4.25825839e-01
3.17784076e-01  3.16716989e-01  7.60860635e-01
8.54416342e-01  7.72200317e-01  9.78361082e-01
6.88347754e-01  8.06006299e-01  7.11628390e-01
6.14051533e-01  7.44681797e-01  3.72921928e-01
2.82804056e-01  6.41215004e-01  9.52537096e-01
9.03682086e-01  9.97969595e-01  9.72279388e-01
2.55195811e-01  9.75795553e-01  7.21656703e-01
3.54314386e-01  7.00830230e-01  4.64039591e-01
6.05994915e-01  7.98565943e-01  9.83478744e-01
4.02716102e-01  6.83240453e-01  9.58672351e-01
8.22552909e-01  7.95376997e-01  2.99391385e-01
9.47288589e-01  9.65534978e-01  9.08930888e-01
4.45044833e-01  3.83789158e-01  5.02597185e-01
6.72544304e-01  9.97549086e-01  6.97320668e-01
3.27409354e-01  3.15766032e-01  5.19717250e-01
6.46336756e-01  3.05157524e-01  6.96221468e-01
3.44091491e-01  7.05609126e-01  9.94587090e-01
6.06294572e-01  9.65622281e-01  9.91747518e-01
7.07017721e-01  8.41521638e-01  2.99923094e-01
3.90155959e-01  9.35927370e-01  7.02569496e-01
3.60636906e-01  5.48582737e-01  6.11444460e-01
4.36150607e-01  3.07928446e-01  7.51512443e-01
9.90949128e-01  3.61649445e-01  8.51151793e-01
5.44859041e-01  2.56299267e-01  9.45029194e-01
3.45099701e-01  3.33594070e-01  7.65294295e-01
9.00739076e-01  9.07129910e-01  7.15212277e-01
3.37589777e-01  9.12411076e-01  5.84081324e-01
5.56471500e-01  2.65314853e-01  3.92239173e-01
4.26742580e-01  5.12517327e-01  9.85335316e-01
4.78719272e-01  7.30301870e-01  7.99561307e-01
9.20058442e-01  7.21662964e-01  5.15752749e-01
4.61885691e-01  9.94161792e-01  4.99642600e-01
7.53640418e-01  3.33089704e-01  4.38283719e-01
8.79576206e-01  8.80403219e-01  2.69215774e-01
4.44867323e-01  9.22956321e-01  7.33027740e-01
6.81345390e-01  7.12974763e-01  8.89849423e-01
3.08436179e-01  3.61898071e-01  3.07066675e-01
9.92214775e-01  8.46580245e-01  2.56267873e-01
2.63335678e-01  7.58166650e-01  3.85236387e-01
6.55858784e-01  4.85955155e-01  9.93112455e-01
9.02384356e-01  6.99664171e-01  3.53053457e-01
9.31991451e-01  2.73816193e-01  8.70441879e-01
9.65288615e-01  5.90079026e-01  2.53428627e-01
4.82745937e-01  3.80661189e-01  5.55926535e-01
2.74005656e-01  5.28115730e-01  7.64046896e-01
9.02877779e-01  2.56010417e-01  7.10463984e-01
9.06032638e-01  3.11823098e-01  8.53122846e-01
4.92545624e-01  3.85041950e-01  9.09479486e-01
5.87932692e-01  9.66204091e-01  6.37713892e-01
4.03976062e-01  8.28844361e-01  3.93197126e-01
7.98855867e-01  2.85365584e-01  5.89855106e-01
9.17378553e-01  6.28645168e-01  6.01939390e-01
6.65424384e-01  3.66484708e-01  8.16041089e-01
8.75933701e-01  7.56946914e-01  2.61577845e-01
3.49594196e-01  9.22108666e-01  4.73856432e-01
9.03225328e-01  5.55935062e-01  5.33530765e-01
2.60136523e-01  3.01393889e-01  9.73422858e-01
4.14208159e-01  5.47304907e-01  2.96885377e-01
4.35514362e-01  7.35450650e-01  9.04626555e-01
9.12884515e-01  8.87311413e-01  4.25552020e-01
9.14988591e-01  9.96563696e-01  3.64895516e-01
8.49386439e-01  5.75566307e-01  5.74353941e-01
2.87068129e-01  4.29867696e-01  7.62643203e-01
6.40907764e-01  7.22213727e-01  8.45956852e-01
9.33413156e-01  3.81302317e-01  5.08059007e-01
7.63770082e-01  2.97508919e-01  6.11366557e-01
3.96408105e-01  9.11037350e-01  8.92986619e-01
3.57559042e-01  2.93174619e-01  2.66267186e-01
9.31521203e-01  3.54027676e-01  9.02270476e-01
4.82833348e-01  4.67067085e-01  5.91430525e-01
5.71184023e-01  3.43164958e-01  9.87240489e-01
3.51279165e-01  6.99653585e-01  5.71108124e-01
5.80386989e-01  9.83030844e-01  9.72966818e-01
7.18176881e-01  4.97807306e-01  3.29194863e-01
3.62307072e-01  5.48758589e-01  3.28892236e-01
4.62485715e-01  6.27655622e-01  8.65489731e-01
8.85455545e-01  7.56089625e-01  4.69389978e-01
3.47282105e-01  7.04508478e-01  4.88042544e-01
5.55872887e-01  4.38902457e-01  2.55239380e-01
6.55018558e-01  8.81358988e-01  9.62590133e-01
6.11909214e-01  4.22381534e-01  2.73107608e-01
5.11149349e-01  9.71388433e-01  9.71787493e-01
5.57247576e-01  8.11050388e-01  8.79864982e-01
4.06116561e-01  9.78319654e-01  9.81326485e-01
3.21546591e-01  9.59600478e-01  9.11282483e-01
6.78473254e-01  7.77283243e-01  2.89139766e-01
8.48194866e-01  5.44932156e-01  6.00008834e-01
7.65772117e-01  2.54360118e-01  7.58872635e-01
5.04674206e-01  3.32514073e-01  7.15458581e-01
6.65264903e-01  5.14456953e-01  6.56903637e-01
8.88602347e-01  6.24722467e-01  3.74725438e-01
6.79364893e-01  2.96530968e-01  6.79189550e-01
7.51145687e-01  6.41137018e-01  4.99745599e-01
6.04645780e-01  8.10431648e-01  4.96789108e-01
6.70917361e-01  4.27834194e-01  8.37740256e-01
5.50683929e-01  4.62370132e-01  4.90522357e-01
2.82951540e-01  4.69863210e-01  5.38363326e-01
6.00753723e-01  4.48632311e-01  4.91505602e-01
2.63067376e-01  3.65520574e-01  9.72201251e-01
7.30076165e-01  7.33790211e-01  3.35484599e-01
6.98997088e-01  6.54128750e-01  6.13713640e-01
7.25848154e-01  6.73149681e-01  3.37605520e-01
9.93429034e-01  5.61350539e-01  3.32548027e-01
9.37026600e-01  3.19562349e-01  8.01551017e-01
9.00350566e-01  9.62721996e-01  2.74510283e-01
5.77120493e-01  3.48262637e-01  3.50487941e-01
8.36965561e-01  3.39552912e-01  9.34234166e-01
8.87589040e-01  6.25451559e-01  3.45021958e-01
4.70284831e-01  3.56833233e-01  5.74838468e-01
6.44627564e-01  5.15816736e-01  5.90794794e-01
5.15606167e-01  4.86663908e-01  6.86343649e-01
3.08469510e-01  4.33209552e-01  5.76997062e-01
9.31298591e-01  6.98664124e-01  6.72967288e-01
3.89417866e-01  3.32426269e-01  9.84597869e-01
6.83824940e-01  5.97191601e-01  3.80554992e-01
3.92425023e-01  3.85427701e-01  9.94366254e-01
2.88025936e-01  5.83992540e-01  4.46725517e-01
9.32140900e-01  8.92263685e-01  9.51354754e-01
8.21494295e-01  7.03122682e-01  7.91758621e-01
5.96598181e-01  9.30207423e-01  6.18302483e-01
7.56649499e-01  8.83680201e-01  7.53530989e-01
4.83399795e-01  4.42100118e-01  3.98799253e-01
4.01738942e-01  4.03110070e-01  6.67466891e-01
8.76727833e-01  3.56934197e-01  6.67371741e-01
2.55779170e-01  8.80133536e-01  7.11879090e-01
8.57524826e-01  8.28184328e-01  7.36566600e-01
3.81887329e-01  5.79313285e-01  4.39336932e-01
6.74166153e-01  3.53300616e-01  8.14132924e-01
9.95846265e-01  5.09718604e-01  6.19513123e-01
6.29203601e-01  2.88419130e-01  9.43196523e-01
5.78218523e-01  2.85616073e-01  4.66471337e-01
4.74028707e-01  5.89679801e-01  3.47259559e-01
8.32208287e-01  3.43988991e-01  6.63690260e-01
3.96330476e-01  8.00095161e-01  8.08672876e-01
7.92901664e-01  8.44561399e-01  7.94361167e-01
2.86477921e-01  5.60405448e-01  3.70335705e-01
4.73462712e-01  9.84867345e-01  7.40747240e-01
9.52689301e-01  6.49449488e-01  7.17429759e-01
4.48806499e-01  8.34440829e-01  3.18937480e-01
7.30516126e-01  5.20755236e-01  4.16776982e-01
4.25474590e-01  2.90691283e-01  3.84222025e-01
2.88518084e-01  9.05173130e-01  9.22090253e-01
6.58743927e-01  4.39725269e-01  9.86431047e-01
9.99372076e-01  9.77844586e-01  6.22172269e-01
4.83021010e-01  4.54968093e-01  3.32877919e-01
9.16113001e-01  5.41154056e-01  7.25772135e-01
4.51194957e-01  4.07963223e-01  7.90471359e-01
4.11964894e-01  5.17920654e-01  3.36189362e-01
7.92179892e-01  6.00190289e-01  9.76230927e-01
4.39335999e-01  3.04895649e-01  8.05146424e-01
7.26084471e-01  4.69280141e-01  7.81228247e-01
9.48210725e-01  5.91086232e-01  3.97849503e-01
5.93225264e-01  8.79911851e-01  5.00388780e-01
5.76076300e-01  2.53903027e-01  4.30135830e-01
6.54655919e-01  8.00961167e-01  6.39752108e-01
9.74034115e-01  5.29129611e-01  4.65315372e-01
8.69845362e-01  4.84323518e-01  7.94909015e-01
6.67281235e-01  6.40339849e-01  9.23447181e-01
6.75705703e-01  8.24135093e-01  2.74853731e-01
4.33932657e-01  2.89699690e-01  9.40777151e-01
2.83183065e-01  3.98884680e-01  6.10067891e-01
8.49166039e-01  8.38602698e-01  6.49730467e-01
6.78641421e-01  9.27088628e-01  3.93461524e-01
5.69345776e-01  8.61717438e-01  8.96545045e-01
3.37512750e-01  3.62546725e-01  4.66830313e-01
2.63096879e-01  5.86369782e-01  3.35694675e-01
5.83310507e-01  4.03194026e-01  8.98051793e-01
6.44718859e-01  8.44766673e-01  2.69723359e-01
5.68381718e-01  4.46388948e-01  8.79280680e-01
3.55845801e-01  9.95599456e-01  9.98641962e-01
7.77170745e-01  4.69196772e-01  2.99057349e-01
2.93553409e-01  6.36357870e-01  7.06801626e-01
9.66610887e-01  7.12086482e-01  3.89816484e-01
7.50441439e-01  5.07551023e-01  4.09094330e-01
9.13798531e-01  8.30380821e-01  4.41685753e-01
4.93751954e-01  5.40227514e-01  9.26860626e-01
6.44430557e-01  6.07090664e-01  9.03185243e-01
7.24694962e-01  2.54958464e-01  6.32565035e-01
2.98477227e-01  7.45413988e-01  3.05130829e-01
7.21981943e-01  7.46063962e-01  3.39650709e-01
7.58806954e-01  5.91754501e-01  5.55683646e-01
7.80427651e-01  3.62560087e-01  8.27420813e-01
9.72126713e-01  8.71923033e-01  5.97167082e-01
4.73148951e-01  7.14191628e-01  6.24446305e-01
7.40833947e-01  2.67058259e-01  5.28002131e-01
8.82445443e-01  4.79583807e-01  8.19251883e-01
2.88164746e-01  2.98657769e-01  9.92744108e-01
9.41600659e-01  2.70919685e-01  5.37119148e-01
6.68353876e-01  3.94952232e-01  7.80345367e-01
6.25671648e-01  5.76730761e-01  8.68589162e-01
4.51836815e-01  5.32974144e-01  6.45246443e-01
9.27334970e-01  7.32815475e-01  7.89960458e-01
7.57998806e-01  3.81900451e-01  4.19566244e-01
6.45661140e-01  7.32314589e-01  4.43416598e-01
3.85996038e-01  8.35414452e-01  3.69931378e-01
5.52337769e-01  7.60817562e-01  3.61434687e-01
7.48174449e-01  8.36764287e-01  9.08431775e-01
2.93499881e-01  7.94628825e-01  3.99744912e-01
8.03420975e-01  7.85779490e-01  7.43873340e-01
6.80478932e-01  4.10119454e-01  9.70418950e-01
4.63292764e-01  6.67221323e-01  6.89179024e-01
5.26875936e-01  7.86540662e-01  8.76941993e-01
6.94851327e-01  5.32250545e-01  4.06342227e-01
5.89855883e-01  9.03373336e-01  5.02733021e-01
8.81628082e-01  8.18923687e-01  7.41949042e-01
5.26971346e-01  3.27921823e-01  8.81867085e-01
7.36670111e-01  4.16148672e-01  2.77793695e-01
4.32547955e-01  5.98219381e-01  9.10175040e-01
7.62680677e-01  3.89750322e-01  2.68379604e-01
3.69854603e-01  4.21117634e-01  5.71076737e-01
5.50044350e-01  5.28362610e-01  3.25084366e-01
3.80941004e-01  9.40872703e-01  7.67841039e-01
2.71234568e-01  8.16932314e-01  3.27563928e-01
2.86563759e-01  6.34992350e-01  4.60363782e-01
3.73092742e-01  6.23775608e-01  9.64447069e-01
8.27197911e-01  8.69665527e-01  6.81252316e-01
3.19341503e-01  5.99112403e-01  7.72495805e-01
7.11969953e-01  7.33548702e-01  7.93900647e-01
9.56618523e-01  3.08326323e-01  8.99487317e-01
9.18648739e-01  8.31541522e-01  9.24990541e-01
7.06326494e-01  5.28958470e-01  5.74540833e-01
3.08675992e-01  4.94616151e-01  3.03433651e-01
8.03751562e-01  3.11646616e-01  6.49969349e-01
4.77258416e-01  8.10091185e-01  9.47369294e-01
7.31498892e-01  2.52321212e-01  6.20225880e-01
4.41607671e-01  5.48206532e-01  5.15415458e-01
3.99742956e-01  8.70759798e-01  2.90491636e-01
9.42715934e-01  6.21786936e-01  9.63974133e-01
5.58870177e-01  7.73009447e-01  2.86403498e-01
6.65740523e-01  6.71916129e-01  9.96828643e-01
6.03707153e-01  5.09576446e-01  8.27985698e-01
8.07593459e-01  3.17302120e-01  2.95200296e-01
7.14315171e-01  6.18757346e-01  4.18853546e-01
7.22073729e-01  5.11847459e-01  7.92092425e-01
2.74890294e-01  6.49942786e-01  8.93720466e-01
7.88361494e-01  5.04121883e-01  4.61968212e-01
4.51606295e-01  8.26020116e-01  8.18942482e-01
7.09856215e-01  7.93167709e-01  4.30433985e-01
3.10788671e-01  7.04140340e-01  9.84055385e-01
2.56639789e-01  9.37265270e-01  7.01355928e-01
3.13858070e-01  6.63550899e-01  3.26855684e-01
3.82707329e-01  8.48284287e-01  8.89488269e-01
8.18180400e-01  6.96333394e-01  3.85573140e-01
8.38789931e-01  3.20433557e-01  5.63384723e-01
4.49111166e-01  8.67823215e-01  8.37165310e-01
5.27616818e-01  8.23617333e-01  2.90259416e-01
7.47704410e-01  5.54574156e-01  5.05867849e-01
3.56893343e-01  2.55769112e-01  7.93681171e-01
3.86421533e-01  8.32749883e-01  5.98237905e-01
9.14704076e-01  5.21624005e-01  4.26095414e-01
3.46477387e-01  8.73707504e-01  4.53847044e-01
3.21454485e-01  7.49305077e-01  6.13575869e-01
3.34397618e-01  7.49008283e-01  3.00416386e-01
7.43100959e-01  4.14631713e-01  2.71362166e-01
7.15695546e-01  3.64431404e-01  8.16343315e-01
9.66196688e-01  6.67008256e-01  8.52820229e-01
6.32673019e-01  8.93244051e-01  6.73696944e-01
6.98152245e-01  4.04698715e-01  5.73941702e-01
8.01281145e-01  4.58215317e-01  4.27268165e-01
4.09865307e-01  6.07510764e-01  8.30255873e-01
7.27395862e-01  4.81337367e-01  5.28884631e-01
3.34378214e-01  7.99556671e-01  7.89801493e-01
4.93594102e-01  7.14119013e-01  6.92010680e-01
3.61383703e-01  7.80342838e-01  8.50423777e-01
5.98110226e-01  4.67636605e-01  3.66905797e-01
5.13674235e-01  4.96549048e-01  6.30422017e-01
7.64559906e-01  6.86266677e-01  2.59303705e-01
3.06389620e-01  4.33669016e-01  9.19054619e-01
3.29811261e-01  2.88129441e-01  9.50002243e-01
8.81893298e-01  5.22843528e-01  5.69573621e-01
5.96676436e-01  7.71969939e-01  5.00460059e-01
8.67076730e-01  9.20453445e-01  6.15666780e-01
6.05769460e-01  5.94121502e-01  6.35186870e-01
8.62977298e-01  7.69878478e-01  8.47472062e-01
6.64882232e-01  2.74575641e-01  8.44391701e-01
5.13176999e-01  7.33703620e-01  4.04026308e-01
4.32232596e-01  6.94684203e-01  2.91900205e-01
5.79139278e-01  8.40145272e-01  6.44545766e-01
9.63733449e-01  5.75632601e-01  4.44993165e-01
9.86146322e-01  7.12674977e-01  5.68624714e-01
9.55099414e-01  7.82095873e-01  6.59667514e-01
3.32834791e-01  3.26458414e-01  4.59136424e-01
8.60632543e-01  7.52177976e-01  2.98854899e-01
4.52863328e-01  3.99160484e-01  8.47601772e-01
7.38291589e-01  7.15039764e-01  3.96230516e-01
6.06878619e-01  5.92471057e-01  2.96315516e-01
3.21311104e-01  2.83833302e-01  6.08666264e-01
7.70062873e-01  4.75735423e-01  9.57955709e-01
9.55013179e-01  5.64406588e-01  6.01266438e-01
5.19483221e-01  8.83367287e-01  9.50265886e-01
8.50456334e-01  8.27814405e-01  8.33203874e-01
6.07280302e-01  7.94429892e-01  4.95933054e-01
4.86423957e-01  5.20625189e-01  9.55476998e-01
4.32027764e-01  5.35118197e-01  9.15413308e-01
4.49631432e-01  8.32690712e-01  3.72526373e-01
5.63394389e-01  5.72414876e-01  2.59991253e-01
2.92131847e-01  9.71881022e-01  4.98658892e-01
9.95895715e-01  6.72886460e-01  6.69949911e-01
3.73121442e-01  3.96098232e-01  7.93389824e-01
6.02862514e-01  8.10087889e-01  8.91527953e-01
6.73288346e-01  4.29777428e-01  6.99293344e-01
6.40243667e-01  8.34301887e-01  6.02854364e-01
9.27434994e-01  6.89535862e-01  4.84138643e-01
7.64960052e-01  6.65590011e-01  4.91793559e-01
6.62228876e-01  6.33935412e-01  3.38155080e-01
7.65272114e-01  6.90082750e-01  3.97679959e-01
6.37820720e-01  4.47136140e-01  5.15279210e-01
5.13689752e-01  7.98918742e-01  6.89349766e-01
9.85283165e-01  8.37490393e-01  4.77768830e-01
5.99733189e-01  7.01895151e-01  6.96513239e-01
8.95450768e-01  3.02784859e-01  7.90285104e-01
6.28489999e-01  2.92267306e-01  5.81931689e-01
3.24027059e-01  9.04762866e-01  4.97461111e-01
8.85459436e-01  4.71359968e-01  6.81225011e-01
3.40583515e-01  8.79475589e-01  6.75494483e-01
3.55238141e-01  9.71482400e-01  3.17147693e-01
5.04234208e-01  9.38168319e-01  9.68312430e-01
8.28586655e-01  5.76407388e-01  4.13454297e-01
9.32683594e-01  5.86349201e-01  3.85877498e-01
3.93173775e-01  5.66129901e-01  8.99645766e-01
9.41021720e-01  6.98906532e-01  4.05455435e-01
3.52302744e-01  2.55727262e-01  3.22850542e-01
7.33619735e-01  5.15970510e-01  9.37186030e-01
5.24179903e-01  3.47329569e-01  7.89724715e-01
3.61598904e-01  6.93436640e-01  9.26372471e-01
5.03775846e-01  4.47529848e-01  3.72562081e-01
3.83477903e-01  4.31312610e-01  3.76839650e-01
9.17331237e-01  4.71378622e-01  6.85946841e-01
9.09575990e-01  9.44446407e-01  9.66408381e-01
4.85481733e-01  8.48101178e-01  7.17643253e-01
7.47439736e-01  8.18161736e-01  5.70124490e-01
3.07257393e-01  3.78493982e-01  6.72422162e-01
9.74671141e-01  4.26141035e-01  5.27131249e-01
6.94641978e-01  3.20230804e-01  3.07365647e-01
7.86971691e-01  4.08273025e-01  9.66639581e-01
8.27747757e-01  7.74265405e-01  3.14484017e-01
5.27987013e-01  4.33813638e-01  8.18077994e-01
4.12450883e-01  8.24331337e-01  7.37201126e-01
8.34775774e-01  7.11729439e-01  8.89914414e-01
9.91554920e-01  2.66113737e-01  8.25717791e-01
8.85283065e-01  3.31270827e-01  7.85819526e-01
4.07587109e-01  9.76821283e-01  2.99960502e-01
8.45523411e-01  5.47517679e-01  7.17400021e-01
6.91707533e-01  4.50171732e-01  3.12774441e-01
9.66424071e-01  4.90273381e-01  7.83053436e-01
8.31053427e-01  3.84511679e-01  8.36717817e-01
2.80061759e-01  6.84450592e-01  4.92041374e-01
6.24600617e-01  6.40520133e-01  7.40276847e-01
3.48491302e-01  8.13865298e-01  8.76682060e-01
7.18618703e-01  7.82040678e-01  9.46151831e-01
9.90572000e-01  9.30192327e-01  9.17135112e-01
3.92963302e-01  4.69710167e-01  8.84607399e-01
3.71140701e-01  9.59088410e-01  8.53913633e-01
4.00163412e-01  8.95446682e-01  7.73786960e-01
3.72232698e-01  4.33476468e-01  9.59433449e-01
8.82995418e-01  5.10234124e-01  8.49774137e-01
8.70007089e-01  4.43407839e-01  8.11368383e-01
6.89523847e-01  6.81702632e-01  5.43775417e-01
9.23329354e-01  5.29136095e-01  3.59939369e-01
8.95617711e-01  4.10502430e-01  4.36283641e-01
6.59391841e-01  9.09218161e-01  2.85471646e-01
5.32059346e-01  3.40890548e-01  6.44719001e-01
7.51691873e-01  4.12264344e-01  9.98275972e-01
6.51593522e-01  9.18988537e-01  8.40548180e-01
8.67394135e-01  6.37602079e-01  8.07882093e-01
9.83089149e-01  7.42331529e-01  9.00235553e-01
2.75026178e-01  3.01409332e-01  6.61334556e-01
6.30869257e-01  9.17188367e-01  3.91167970e-01
9.89408110e-01  4.65029722e-01  7.09436265e-01
3.47636265e-01  9.03374481e-01  9.10220756e-01
9.22074443e-01  3.72674747e-01  4.51048393e-01
8.85451902e-01  5.96096955e-01  6.80010803e-01
6.13274378e-01  5.11549490e-01  4.90666098e-01
8.09440117e-01  3.74561596e-01  6.59378261e-01
4.34252432e-01  9.66693545e-01  6.21588380e-01
2.80181838e-01  6.73297898e-01  9.14460116e-01
3.40773088e-01  7.45206167e-01  4.47126595e-01
4.28933879e-01  9.39458660e-01  9.01076728e-01
8.19230289e-01  4.42964344e-01  4.37237096e-01
4.60597637e-01  8.11228891e-01  8.81393098e-01
4.14628710e-01  6.23876546e-01  7.57372234e-01
4.31433055e-01  2.73523729e-01  5.67459624e-01
3.83302316e-01  7.91502903e-01  3.90716709e-01
8.98153174e-01  9.89095295e-01  7.79772316e-01
4.30058968e-01  4.83988409e-01  4.83617737e-01
5.87812100e-01  8.81231081e-01  2.95785176e-01
9.48702947e-01  6.34338164e-01  7.89400681e-01
7.23558543e-01  5.89336090e-01  7.78197094e-01
8.73598516e-01  4.04056935e-01  7.42128849e-01
9.20536009e-01  9.56520006e-01  4.96605000e-01
3.25601044e-01  7.20735670e-01  2.52260779e-01
8.62877120e-01  3.89930576e-01  3.29744434e-01
8.41525578e-01  5.07434817e-01  5.40972628e-01
7.80411758e-01  2.55082443e-01  5.24691871e-01
2.75812607e-01  4.34293003e-01  6.47597377e-01
6.51448812e-01  5.18733439e-01  8.14950410e-01
4.70376288e-01  6.97108668e-01  4.14811895e-01
4.86508499e-01  4.06678477e-01  6.32035350e-01
5.32138693e-01  8.73130508e-01  3.11068606e-01
8.11600342e-01  3.00402936e-01  7.06992307e-01
7.10060730e-01  7.55502516e-01  8.56767069e-01
6.95423818e-01  8.12158991e-01  6.95467694e-01
4.21622148e-01  3.88957453e-01  7.75643699e-01
8.55212516e-01  2.93199034e-01  4.07398272e-01
7.26572447e-01  2.69876806e-01  5.88468754e-01
8.38085570e-01  8.06412128e-01  3.12462300e-01
5.73287095e-01  4.51212936e-01  5.10813500e-01
8.13879042e-01  9.01443580e-01  3.03139344e-01
6.89693619e-01  4.59040648e-01  3.27249416e-01
4.43088382e-01  7.03941770e-01  9.10772901e-01
3.74273241e-01  8.17471824e-01  6.35463745e-01
4.81634113e-01  4.16797577e-01  4.36246984e-01
4.22156272e-01  8.51561677e-01  9.41689768e-01
5.51107639e-01  5.02930598e-01  8.80871711e-01
6.50596159e-01  5.95442433e-01  3.10151081e-01
5.56029753e-01  9.15112565e-01  5.04639227e-01
8.40708899e-01  8.92042277e-01  3.36609670e-01
5.04345311e-01  3.12423577e-01  2.54195461e-01
4.62516830e-01  5.41969296e-01  8.78029363e-01
9.70563270e-01  6.51700259e-01  4.85277533e-01
9.92996832e-01  9.52345136e-01  6.40752044e-01
9.74812325e-01  5.30299149e-01  2.57759355e-01
8.38509426e-01  8.29848812e-01  4.23711814e-01
6.30226212e-01  9.75900705e-01  5.93259201e-01
4.03035885e-01  5.40069170e-01  4.94240955e-01
3.64060320e-01  3.07602351e-01  4.48387861e-01
2.73432481e-01  4.90259415e-01  3.01650384e-01
4.62942031e-01  4.52178614e-01  2.71649707e-01
8.09638434e-01  3.67478579e-01  6.32610811e-01
8.62289535e-01  6.86451144e-01  4.49090089e-01
6.96166855e-01  8.16105336e-01  2.64594126e-01
3.18309646e-01  9.63566891e-01  8.67751982e-01
9.27151762e-01  7.70671914e-01  6.99675095e-01
4.62598338e-01  4.04271445e-01  9.59569841e-01
5.03286547e-01  7.62738237e-01  8.96320526e-01
7.67820379e-01  6.63035135e-01  6.42047861e-01
6.88318865e-01  5.98344757e-01  8.60080675e-01
7.26076741e-01  3.72846026e-01  3.04357987e-01
3.62235808e-01  8.60581736e-01  7.74753993e-01
3.18453123e-01  6.82211626e-01  3.15064936e-01
7.38782279e-01  3.75714608e-01  9.22572887e-01
8.03614837e-01  4.03034383e-01  9.37895955e-01
6.88843078e-01  6.06008422e-01  5.81317726e-01
7.50945696e-01  5.09163855e-01  4.17726349e-01
5.69545100e-01  3.38713401e-01  2.99797601e-01
4.96957525e-01  5.40717385e-01  3.08198045e-01
8.20399013e-01  9.67762101e-01  5.23939398e-01
2.67669125e-01  9.95775210e-01  3.93394711e-01
8.34276065e-01  7.73507871e-01  4.53556548e-01
9.55629800e-01  8.03697649e-01  3.24813758e-01
5.83114690e-01  6.84452277e-01  9.81232251e-01
3.05784331e-01  4.81782154e-01  6.88427505e-01
3.85570268e-01  4.25738664e-01  5.53512805e-01
6.92282163e-01  4.38740175e-01  4.53003063e-01
4.83514782e-01  8.11873961e-01  9.48730520e-01
4.90492807e-01  9.28994486e-01  2.84337672e-01
4.07980155e-01  6.35921096e-01  7.01587529e-01
3.58864752e-01  3.33438975e-01  3.96221919e-01
7.41485307e-01  5.49240859e-01  5.38761500e-01
5.56372786e-01  2.62739134e-01  5.71450977e-01
5.78858090e-01  2.95477061e-01  7.79658062e-01
3.91873833e-01  7.88603172e-01  2.53220605e-01
9.80004949e-01  6.25040841e-01  4.52963400e-01
8.71506064e-01  3.52567905e-01  6.52585242e-01
9.17389191e-01  7.03016924e-01  3.30804940e-01
9.14368225e-01  6.05806319e-01  4.53401310e-01
4.49648537e-01  4.58167128e-01  3.82092496e-01
9.21117259e-01  3.80770839e-01  9.31733992e-01
2.77588673e-01  8.87868826e-01  3.64809141e-01
9.40086766e-01  5.86402706e-01  3.35183190e-01
8.40742020e-01  2.64991954e-01  5.40368234e-01
3.43145273e-01  7.78294285e-01  8.91814043e-01
6.14236843e-01  7.26193521e-01  9.72493505e-01
5.48850387e-01  8.15999304e-01  6.94701089e-01
4.31017699e-01  9.41685951e-01  4.47666246e-01
4.57246990e-01  7.61559079e-01  3.61513903e-01
3.64440490e-01  7.02478390e-01  7.97452155e-01
6.42449833e-01  2.70296578e-01  8.87362662e-01
9.47447133e-01  9.26898632e-01  5.40445730e-01
5.24124842e-01  3.73629672e-01  6.40840938e-01
5.82274429e-01  4.63115256e-01  5.48086928e-01
7.63385281e-01  6.56412739e-01  9.71252982e-01
9.36737764e-01  2.75401950e-01  4.07365631e-01
4.10846228e-01  8.54366127e-01  4.65372880e-01
5.10399523e-01  7.30155820e-01  7.39820880e-01
3.40142243e-01  4.00518436e-01  7.46131745e-01
2.57960228e-01  4.23109032e-01  9.81248155e-01
6.87059807e-01  2.66270514e-01  3.52602429e-01
3.38450419e-01  7.46800481e-01  4.95241631e-01
5.76393214e-01  6.98310643e-01  3.76102578e-01
8.35029707e-01  4.85641875e-01  5.77730187e-01
6.80145420e-01  3.14839968e-01  5.89531514e-01
5.60447127e-01  4.55146788e-01  3.51439288e-01
3.91775857e-01  9.22280833e-01  3.84479699e-01
5.25421123e-01  5.56482529e-01  7.42634108e-01
6.60948277e-01  8.58065963e-01  9.49876520e-01
4.44579039e-01  8.64892835e-01  5.39321837e-01
7.18696532e-01  8.11986393e-01  4.19500948e-01
6.88429809e-01  9.22523560e-01  3.99240711e-01
8.76151477e-01  9.27081535e-01  6.30694880e-01
8.34716099e-01  8.40216156e-01  3.90508485e-01
9.29116650e-01  7.64725494e-01  7.34543349e-01
8.36989407e-01  9.59019538e-01  7.06501695e-01
6.04455648e-01  3.66551181e-01  6.87564742e-01
4.58354349e-01  3.93324515e-01  5.49253765e-01
5.77027126e-01  4.58500994e-01  6.74019362e-01
7.18283086e-01  6.33629537e-01  7.77695271e-01
3.51699866e-01  2.78056578e-01  8.45602508e-01
4.61249368e-01  3.61210650e-01  5.90990462e-01
7.60717971e-01  8.69946512e-01  6.73269392e-01
9.08848387e-01  9.28218619e-01  4.70073369e-01
5.17572972e-01  5.31830071e-01  9.07509784e-01
2.92430246e-01  3.32070352e-01  4.42900684e-01
9.30350911e-01  9.50887100e-01  7.65023983e-01
3.89882510e-01  5.86406151e-01  4.43498612e-01
9.79405986e-01  9.86090357e-01  6.13451170e-01
7.69078842e-01  8.02205570e-01  5.51848479e-01
3.79813438e-01  9.22480120e-01  8.93274017e-01
4.93512559e-01  9.41858795e-01  8.24441678e-01
9.67631760e-01  3.82686249e-01  2.76225587e-01
7.71759462e-01  3.30225938e-01  8.12243107e-01
7.27892320e-01  2.82033166e-01  3.67484123e-01
3.04427893e-01  9.29599182e-01  5.08660123e-01
3.72124853e-01  5.03701699e-01  5.77641223e-01
5.71078595e-01  2.84943551e-01  8.65225307e-01
5.84888143e-01  3.22637426e-01  7.40261289e-01
8.92201349e-01  6.01930619e-01  4.25929814e-01
5.34092946e-01  3.89787088e-01  5.74554691e-01
6.19124250e-01  9.72666502e-01  8.98148091e-01
6.82990846e-01  2.77115397e-01  3.04910858e-01
8.74659077e-01  3.43608058e-01  3.02510757e-01
4.79214927e-01  6.00876146e-01  6.92958512e-01
8.03203983e-01  6.56535393e-01  8.23493464e-01
4.75233252e-01  9.38211270e-01  4.71075990e-01
5.63735777e-01  7.15797898e-01  5.16003323e-01
4.38049971e-01  7.75680217e-01  7.02465445e-01
6.07523626e-01  9.29557451e-01  8.26795236e-01
9.89992909e-01  9.09880789e-01  6.41055387e-01
9.36908052e-01  2.56110526e-01  7.48669186e-01
7.91488222e-01  9.65690489e-01  4.91109033e-01
9.30011305e-01  5.27075489e-01  7.97158359e-01
9.63354154e-01  5.62480399e-01  9.07764736e-01
3.24580584e-01  3.94088986e-01  8.84624409e-01
7.70210914e-01  5.54727372e-01  7.68668988e-01
5.72810501e-01  3.76794860e-01  3.55164339e-01
3.39399475e-01  5.41586385e-01  1.00015466e+00
6.11691101e-01  6.23040892e-01  9.23737243e-01
4.61792027e-01  6.01818117e-01  9.06500237e-01
8.72906483e-01  6.41214148e-01  6.80570893e-01
5.33043103e-01  3.80714843e-01  3.39178764e-01
5.47547190e-01  4.74209654e-01  6.20189762e-01
3.39245480e-01  3.19551438e-01  9.18064831e-01
7.22624683e-01  8.07585204e-01  3.49307006e-01
4.63083279e-01  4.13482207e-01  2.95954440e-01
5.16539039e-01  8.63071480e-01  7.46049553e-01
9.47516001e-01  4.66580037e-01  7.67890897e-01
5.36402958e-01  3.28485366e-01  4.59455317e-01
8.25877289e-01  6.74012638e-01  5.19972865e-01
9.05641817e-01  9.38299230e-01  3.87194880e-01
5.15765447e-01  6.16214206e-01  7.18391509e-01
5.82899737e-01  5.23959030e-01  3.51024908e-01
4.43584863e-01  7.14139971e-01  7.49822941e-01
4.34202850e-01  7.31841235e-01  8.42384106e-01
4.44546678e-01  5.68531790e-01  5.96766162e-01
4.14121478e-01  6.13505963e-01  6.64786348e-01
6.22356038e-01  7.99575119e-01  9.25829836e-01
9.93907844e-01  5.10671471e-01  3.88977081e-01
7.05162637e-01  3.88248376e-01  6.51730654e-01
7.40076922e-01  7.10364147e-01  8.25164030e-01
7.20371035e-01  3.58995666e-01  6.03415377e-01
7.61571703e-01  7.58448582e-01  5.89097769e-01
5.68070595e-01  7.75196667e-01  3.20861386e-01
6.74929879e-01  9.84902563e-01  8.81378012e-01
5.80318901e-01  9.30224146e-01  5.78475268e-01
3.93422880e-01  9.66054137e-01  6.38082610e-01
7.72246036e-01  9.38014779e-01  3.87558677e-01
9.36373373e-01  9.01660425e-01  5.55852513e-01
6.40388383e-01  8.43583390e-01  4.56048600e-01
4.71501922e-01  6.13726049e-01  6.39052505e-01
7.39136916e-01  8.52530971e-01  6.22752687e-01
4.56418395e-01  9.06307886e-01  4.23776314e-01
8.71000528e-01  8.73888963e-01  5.21349662e-01
3.92305339e-01  7.40703288e-01  9.03351360e-01
4.68206354e-01  7.51758248e-01  9.04408622e-01
6.94595701e-01  6.33276964e-01  8.79283470e-01
5.20861391e-01  6.90186215e-01  7.81775221e-01
9.73795028e-01  3.74827931e-01  8.43817022e-01
7.71603388e-01  8.29249136e-01  5.44578713e-01
8.13791372e-01  2.74521593e-01  8.60563387e-01
6.51525471e-01  3.19818436e-01  5.46447953e-01
5.88584635e-01  4.54385300e-01  6.08703029e-01
9.83906673e-01  9.86768550e-01  9.73262216e-01
8.79138889e-01  2.58901484e-01  3.58737226e-01
4.97896541e-01  4.91428444e-01  4.02503020e-01
3.02322164e-01  5.09858102e-01  8.96937432e-01
4.26316202e-01  7.80252387e-01  7.14947563e-01
2.86860372e-01  2.65143528e-01  6.37313640e-01
7.15650834e-01  6.24775163e-01  8.47668179e-01
3.77011321e-01  7.68908806e-01  9.76383159e-01
8.07861663e-01  8.91427478e-01  6.82217336e-01
4.45520147e-01  2.51868685e-01  8.95811688e-01
6.85109223e-01  4.41795733e-01  6.89242067e-01
2.51127869e-01  8.74151554e-01  9.68697038e-01
6.17840928e-01  3.69573733e-01  5.40459843e-01
6.25641595e-01  5.29467123e-01  6.33884370e-01
9.60356434e-01  2.78742200e-01  8.51535708e-01
2.67009451e-01  4.54948961e-01  7.97146655e-01
2.55566244e-01  6.08166161e-01  5.35791031e-01
4.24871345e-01  9.92703969e-01  7.50893147e-01
7.07300879e-01  3.82916690e-01  8.91126549e-01
4.01690344e-01  5.68033091e-01  4.78144204e-01
6.94556212e-01  4.05701478e-01  4.54996110e-01
2.59211391e-01  2.55086851e-01  8.55203056e-01
5.29833465e-01  6.61729479e-01  9.52932420e-01
9.17747035e-01  7.80501221e-01  5.99537640e-01
5.76463082e-01  4.64591067e-01  4.37925237e-01
3.28260608e-01  2.98816494e-01  7.64543051e-01
2.50320127e-01  6.68835051e-01  6.06283315e-01
4.73930201e-01  2.95212158e-01  5.24680788e-01
8.88408147e-01  6.81519589e-01  4.75743806e-01
4.32093630e-01  4.71538789e-01  8.97725944e-01
5.91457113e-01  7.58140618e-01  7.78500373e-01
8.19045416e-01  9.58269594e-01  7.65501828e-01
4.41760202e-01  8.74890391e-01  3.30052242e-01
2.93113892e-01  8.49718567e-01  4.86436618e-01
3.22170545e-01  7.89864928e-01  5.12022025e-01
7.12447497e-01  9.34591349e-01  8.80246781e-01
4.88916117e-01  8.51742958e-01  6.53858530e-01
9.52778777e-01  8.92799997e-01  6.52798704e-01
2.80783678e-01  4.56924366e-01  7.93980633e-01
7.38196733e-01  7.88172544e-01  6.08885205e-01
5.79123002e-01  3.63294008e-01  9.09288723e-01
2.86344759e-01  7.10798410e-01  3.34279498e-01
7.01268567e-01  3.74497119e-01  6.89736330e-01
7.23471047e-01  2.68665558e-01  4.46519689e-01
4.23857415e-01  7.54324451e-01  4.29794648e-01
6.33408294e-01  7.27611310e-01  6.22204221e-01
5.48617838e-01  8.85436298e-01  6.32054290e-01
3.87819207e-01  6.42706500e-01  7.51120763e-01
8.19968644e-01  7.78406114e-01  9.22394842e-01
8.61305199e-01  5.00799088e-01  8.78394954e-01
6.75072427e-01  8.54077334e-01  5.33949974e-01
2.98338629e-01  6.76314933e-01  6.48268492e-01
9.66348000e-01  5.90599925e-01  4.51617441e-01
4.94592208e-01  5.24196938e-01  5.25032928e-01
7.70936149e-01  2.87529841e-01  4.53973775e-01
7.43697660e-01  7.74062856e-01  8.84782731e-01
8.75585461e-01  7.81982388e-01  3.33813004e-01
9.22733792e-01  8.97223163e-01  8.07190745e-01
9.76665415e-01  4.84154783e-01  3.58150838e-01
6.47445617e-01  9.21999414e-01  3.54741211e-01
3.22920783e-01  4.40127192e-01  5.29891348e-01
6.45571280e-01  4.32807957e-01  8.76655035e-01
7.73310208e-01  3.89477449e-01  5.70841797e-01
7.81802606e-01  3.13777384e-01  6.37379618e-01
6.51133380e-01  7.05413379e-01  2.93378043e-01
6.24494657e-01  9.79020850e-01  3.46497517e-01
3.92811697e-01  8.38814014e-01  9.79150182e-01
6.61893120e-01  4.65503373e-01  7.52893240e-01
6.02142726e-01  5.42392932e-01  7.71514269e-01
4.98203900e-01  3.77369922e-01  5.67201426e-01
9.30873266e-01  3.58670704e-01  7.61749188e-01
8.13813021e-01  7.73554833e-01  3.86148313e-01
8.54745678e-01  8.24856556e-01  6.40778922e-01
9.19693750e-01  7.65539513e-01  9.29734073e-01
6.70308906e-01  6.93416689e-01  9.37412949e-01
6.12133273e-01  5.89935729e-01  4.41162802e-01
5.21486462e-01  7.30576307e-01  8.16900637e-01
9.22216331e-01  9.68883546e-01  3.85989083e-01
3.36285261e-01  3.74219194e-01  4.18999996e-01
5.48663951e-01  7.36799521e-01  8.97405915e-01
4.75716904e-01  6.38907271e-01  6.63324459e-01
3.14853525e-01  6.91547947e-01  4.55283060e-01
5.34789579e-01  5.92043535e-01  2.83399033e-01
8.15562279e-01  8.15651457e-01  3.82346207e-01
5.40396824e-01  3.14233984e-01  6.77362037e-01
7.53444282e-01  8.97781756e-01  3.43589637e-01
4.10942171e-01  9.66978664e-01  8.06414535e-01
8.28689841e-01  2.75651923e-01  5.92164395e-01
4.50988623e-01  7.78856163e-01  6.24481147e-01
6.40412502e-01  3.61055637e-01  5.61874742e-01
2.76611296e-01  9.50805767e-01  6.95238871e-01
9.56101618e-01  6.36268049e-01  3.00871156e-01
8.68474416e-01  2.60602428e-01  5.16104861e-01
5.32799702e-01  3.58240940e-01  7.66991791e-01
4.62400346e-01  4.17859703e-01  8.69161025e-01
4.20088147e-01  3.35340051e-01  9.28351396e-01
5.11687210e-01  5.78926118e-01  9.64220724e-01
9.50770779e-01  9.98464984e-01  5.58424648e-01
6.03848392e-01  2.58180258e-01  7.16586611e-01
5.94497845e-01  6.05110831e-01  3.26448990e-01
6.05855018e-01  7.74686663e-01  3.61743805e-01
4.87255578e-01  4.76272165e-01  4.61623584e-01
4.86524868e-01  5.10575177e-01  6.61255406e-01
3.45953993e-01  6.78073995e-01  3.14971451e-01
7.49202500e-01  2.58929193e-01  5.69871476e-01
9.89119857e-01  4.96996938e-01  7.42256753e-01
6.91805751e-01  9.54203929e-01  5.84580649e-01
3.19085337e-01  5.36002041e-01  6.18819573e-01
3.78921154e-01  6.43016039e-01  7.97269056e-01
5.68199800e-01  7.73623765e-01  6.44706554e-01
6.68030935e-01  9.68220689e-01  3.80010679e-01
7.04577282e-01  9.11620297e-01  6.15594358e-01
8.68288982e-01  7.08826167e-01  3.05853050e-01
6.64504572e-01  9.56033187e-01  4.11683748e-01
8.46427533e-01  4.50208849e-01  9.44319084e-01
7.51394571e-01  2.81097886e-01  8.02164658e-01
4.97199948e-01  4.01228735e-01  9.99476623e-01
3.73320272e-01  3.32418143e-01  4.27398271e-01
6.15140406e-01  8.45641541e-01  7.81066681e-01
6.94164042e-01  4.50611527e-01  6.57539252e-01
9.39413844e-01  3.64500339e-01  5.71556584e-01
6.30877744e-01  9.62398940e-01  6.82557349e-01
2.54786542e-01  9.21442076e-01  2.54177459e-01
3.67451157e-01  2.87064090e-01  8.58435300e-01
8.86496943e-01  3.93205585e-01  7.96650311e-01
5.52248635e-01  8.35872951e-01  6.07066456e-01
8.76250213e-01  7.13812466e-01  8.73582595e-01
5.59005915e-01  3.83137890e-01  9.83563325e-01
2.53676331e-01  9.49790093e-01  3.45916123e-01
9.21921999e-01  8.45391519e-01  4.56434440e-01
9.19861716e-01  9.49769336e-01  8.73359269e-01
2.81656130e-01  9.15793086e-01  6.88024853e-01
7.80324721e-01  2.92201062e-01  9.07773886e-01
9.25141636e-01  4.14424173e-01  2.73147207e-01
5.15140561e-01  7.57348922e-01  5.83296965e-01
5.38596812e-01  5.92352579e-01  7.12145020e-01
9.51860440e-01  9.43756129e-01  3.31666138e-01
9.54808661e-01  7.37321837e-01  9.22535679e-01
2.79215345e-01  6.50378669e-01  2.96449686e-01
2.73206730e-01  5.36813097e-01  2.82569649e-01
8.93468703e-01  9.37324553e-01  6.33985582e-01
8.54904694e-01  6.66482664e-01  4.78326526e-01
6.36518540e-01  4.07405344e-01  9.59894485e-01
4.57333498e-01  7.67052320e-01  5.30768791e-01
9.81385600e-01  2.97845289e-01  5.55102836e-01
8.42420007e-01  8.75524218e-01  2.89634564e-01
6.38359892e-01  2.67004821e-01  5.50552918e-01
5.60087929e-01  9.07215122e-01  7.61142911e-01
6.67531535e-01  6.52270861e-01  7.19157858e-01
9.00838772e-01  4.95583066e-01  9.28207920e-01
4.79344895e-01  3.62788444e-01  3.55054985e-01
9.49763136e-01  8.37006804e-01  7.23388256e-01
6.40862409e-01  8.72164068e-01  3.71744488e-01
8.64364565e-01  6.62885428e-01  3.92424008e-01
8.59784554e-01  5.26478911e-01  4.31267645e-01
4.18594172e-01  7.96662220e-01  3.67793551e-01
4.87920535e-01  5.68595321e-01  9.84952509e-01
4.92753708e-01  9.90481326e-01  7.84936625e-01
6.96124385e-01  3.84570419e-01  6.80904142e-01
7.27760532e-01  7.09984772e-01  8.43606879e-01
8.64974456e-01  7.30721991e-01  5.88137347e-01
4.57087034e-01  4.67322609e-01  3.66233439e-01
3.46883452e-01  3.94777959e-01  5.32209697e-01
3.49122691e-01  8.54123899e-01  8.18332458e-01
4.44314044e-01  9.11922269e-01  7.58320365e-01
3.42795172e-01  9.78939311e-01  4.71154071e-01
5.35251451e-01  6.69993214e-01  9.19588270e-01
9.19358813e-01  9.28995353e-01  9.62374832e-01
7.46924473e-01  7.79015597e-01  5.45418156e-01
8.74234838e-01  6.63634063e-01  4.74981061e-01
2.72624075e-01  5.06484824e-01  6.42796300e-01
5.97811952e-01  5.03997774e-01  5.76684046e-01
7.22054957e-01  2.74544855e-01  3.62176355e-01
6.52818890e-01  6.76298773e-01  7.24571200e-01
7.01766737e-01  8.94183415e-01  3.34946108e-01
2.61649794e-01  9.80267726e-01  3.83762140e-01
5.91828779e-01  5.10653088e-01  3.72795492e-01
5.95739131e-01  5.59456723e-01  6.01139167e-01
5.19451041e-01  6.38882411e-01  4.27017065e-01
8.00380970e-01  8.62663874e-01  8.83002526e-01
6.69093007e-01  8.99988851e-01  8.43917173e-01
3.18568961e-01  3.74658996e-01  8.51728816e-01
8.24312324e-01  8.35289161e-01  4.45604801e-01
3.22925223e-01  9.87669564e-01  6.49431083e-01
2.88083691e-01  7.69606773e-01  8.97457135e-01
2.73753150e-01  7.42837352e-01  6.62594652e-01
9.07203907e-01  5.08466768e-01  8.30647243e-01
2.60098726e-01  8.18653995e-01  3.93716366e-01
5.44279980e-01  7.27589688e-01  2.69523357e-01
4.54767600e-01  6.09291754e-01  3.65581253e-01
8.15288755e-01  4.59630887e-01  2.91550905e-01
6.03246602e-01  6.70500123e-01  5.93513776e-01
9.28245274e-01  3.98220601e-01  9.21465517e-01
7.45235382e-01  3.16088882e-01  9.89135912e-01
2.61456061e-01  3.07156300e-01  7.12556569e-01
3.70806953e-01  9.30437691e-01  9.19192140e-01
6.99175215e-01  5.64104212e-01  3.50674435e-01
6.42575446e-01  2.84851572e-01  9.09159644e-01
5.29054024e-01  8.02168014e-01  4.08764254e-01
2.99228772e-01  9.80788575e-01  8.32496855e-01
8.65250109e-01  3.88719333e-01  9.43518098e-01
8.48440274e-01  3.54577394e-01  4.03328927e-01
5.16204740e-01  5.09644349e-01  7.78127253e-01
5.82667575e-01  7.82871864e-01  5.09539876e-01
8.50699727e-01  9.72773254e-01  3.18946376e-01
3.84403804e-01  4.92159901e-01  3.33118105e-01
7.98827877e-01  8.38905204e-01  9.16621293e-01
7.15953926e-01  3.87317888e-01  9.78004418e-01
7.58970539e-01  8.05311459e-01  6.82620971e-01
7.76258418e-01  8.37247371e-01  3.12044369e-01
2.64042619e-01  6.39064893e-01  8.13330165e-01
3.08901512e-01  3.74082968e-01  2.83793819e-01
3.29597372e-01  8.59166104e-01  6.90774673e-01
7.44975118e-01  3.01068409e-01  8.79158821e-01
5.99637413e-01  7.02577220e-01  2.58098018e-01
6.85231488e-01  8.72564659e-01  3.86675434e-01
8.89304707e-01  7.11962716e-01  4.00783391e-01
8.74481589e-01  5.42603272e-01  3.44205542e-01
7.66607530e-01  9.55929664e-01  7.09268335e-01
6.73422381e-01  5.16759160e-01  5.40144690e-01
3.80666527e-01  9.31371104e-01  3.51691092e-01
6.48271328e-01  8.03926044e-01  4.37414696e-01
5.77286990e-01  2.70701959e-01  3.62210619e-01
5.73573297e-01  4.84571687e-01  5.34609358e-01
2.89722337e-01  2.54474049e-01  4.76671283e-01
5.00654279e-01  4.76092457e-01  7.88635995e-01
2.62001231e-01  9.60787294e-01  5.19956376e-01
7.68869949e-01  7.46183083e-01  5.80453704e-01
3.38345989e-01  6.20847485e-01  8.69333892e-01
8.88170159e-01  8.95310394e-01  9.83512127e-01
2.61074696e-01  8.81067437e-01  9.21515758e-01
9.78748519e-01  2.73124713e-01  5.50781954e-01
5.39045168e-01  6.45008880e-01  3.36325867e-01
7.75048830e-01  7.26708369e-01  9.84323927e-01
5.13038900e-01  6.70304370e-01  4.78030630e-01
4.40030915e-01  3.54571612e-01  6.05630106e-01
9.38484707e-01  5.10555247e-01  6.69856249e-01
9.35642999e-01  5.59805613e-01  4.94420090e-01
5.48045917e-01  2.86426174e-01  2.50840169e-01
3.89251822e-01  7.54777682e-01  5.22436942e-01
7.83139033e-01  7.22461369e-01  4.39661180e-01
9.72544906e-01  4.14646252e-01  5.16695647e-01
8.90081817e-01  6.27523204e-01  8.79398110e-01
4.85342580e-01  4.72498292e-01  6.11794765e-01
6.04878728e-01  5.48009962e-01  4.37684543e-01
3.52622675e-01  9.32445497e-01  8.63022755e-01
3.29178776e-01  3.98119277e-01  9.56959869e-01
4.27020090e-01  4.93699247e-01  5.55499985e-01
6.89485430e-01  3.63396377e-01  7.69322385e-01
6.01334539e-01  9.36513712e-01  7.68099082e-01
8.53425775e-01  7.70356324e-01  9.54546586e-01
6.26991133e-01  7.78814440e-01  5.66136417e-01
6.71800665e-01  3.05181367e-01  6.04233492e-01
9.63038176e-01  8.55871984e-01  7.21519543e-01
6.31504052e-01  5.91891475e-01  4.76154307e-01
4.16280979e-01  7.98219805e-01  6.89377793e-01
9.44371832e-01  7.50333738e-01  2.66217235e-01
6.99710979e-01  8.19517196e-01  6.34063144e-01
6.66133788e-01  7.00406675e-01  7.21502612e-01
4.98631993e-01  6.03418877e-01  7.77246569e-01
7.55417478e-01  4.88084696e-01  4.85123064e-01
4.85243025e-01  8.63875860e-01  6.08852214e-01
6.80302834e-01  7.77232168e-01  9.09722623e-01
8.31324432e-01  8.71652437e-01  3.81328876e-01
3.71436848e-01  7.76082895e-01  7.55986966e-01
4.58953525e-01  6.39226073e-01  9.52787243e-01
6.93320887e-01  6.22429222e-01  6.41184389e-01
8.23582779e-01  6.59278670e-01  9.20975978e-01
5.69803049e-01  3.39445925e-01  8.13658622e-01
4.85898406e-01  4.66614727e-01  4.24143040e-01
7.77818879e-01  3.49310367e-01  3.87572421e-01
3.04015219e-01  4.88995777e-01  8.34311616e-01
9.30941771e-01  4.88519368e-01  7.96959332e-01
8.15510868e-01  4.21796678e-01  6.67533219e-01
8.06342814e-01  3.03632718e-01  4.29780866e-01
6.56391284e-01  6.30676785e-01  3.80587801e-01
9.13885133e-01  4.28419596e-01  2.96442997e-01
4.01482450e-01  6.25349961e-01  7.09240555e-01
4.94732363e-01  9.70064665e-01  7.71548778e-01
6.30620866e-01  5.88586679e-01  2.72109383e-01
2.76736019e-01  2.91154028e-01  9.29183304e-01
6.11915901e-01  9.86484637e-01  5.64432045e-01
2.69215748e-01  2.61002037e-01  6.37611707e-01
4.93418934e-01  2.58387341e-01  6.22307448e-01
9.73802143e-01  3.81643530e-01  6.77993728e-01
9.55210984e-01  3.79975695e-01  2.53505761e-01
5.60202281e-01  9.61500798e-01  5.96052646e-01
8.49338173e-01  3.44036087e-01  7.05383314e-01
5.78582479e-01  8.08821054e-01  7.73700901e-01
6.68008949e-01  7.10518936e-01  4.63728770e-01
3.03687254e-01  6.85113325e-01  9.86849872e-01
9.23619678e-01  7.06165377e-01  6.35898669e-01
9.25891091e-01  9.40741453e-01  4.58507109e-01
2.75940124e-01  7.35346056e-01  8.05554229e-01
7.59493950e-01  8.67382335e-01  4.78753927e-01
2.95133452e-01  9.86068327e-01  5.91726385e-01
7.99987321e-01  8.73059857e-01  7.42725503e-01
4.39842875e-01  8.40836569e-01  7.75640355e-01
5.88185689e-01  7.13597399e-01  7.03231175e-01
2.84466281e-01  3.42727059e-01  5.91756994e-01
2.81975081e-01  9.63400395e-01  9.01768882e-01
6.56240776e-01  5.22998561e-01  5.48835335e-01
3.36055798e-01  2.52695441e-01  7.13284339e-01
5.06861841e-01  2.78435058e-01  5.93411673e-01
9.89212024e-01  4.41556306e-01  6.84505115e-01
5.61413100e-01  3.05319865e-01  3.93314805e-01
5.24434672e-01  2.66711591e-01  8.57286013e-01
3.59165895e-01  8.97833502e-01  4.73196264e-01
6.66593189e-01  6.65162684e-01  9.86038226e-01
8.60486796e-01  7.85458838e-01  4.25847762e-01
9.67714529e-01  4.09089429e-01  6.61822032e-01
6.47631465e-01  5.58717445e-01  8.28478685e-01
5.41774086e-01  4.93685667e-01  5.50835211e-01
9.75816394e-01  2.85411507e-01  4.87361970e-01
9.68288605e-01  6.20969421e-01  6.95277722e-01
6.45975630e-01  8.72932142e-01  7.99975501e-01
3.19007786e-01  4.89667630e-01  5.99929336e-01
5.59117099e-01  5.47953740e-01  6.71595403e-01
7.34122909e-01  5.69532041e-01  7.84261095e-01
7.47247700e-01  4.51268386e-01  8.70683986e-01
5.65257767e-01  9.99399312e-01  3.43566180e-01
9.97285357e-01  5.90575426e-01  3.04091605e-01
8.33358728e-01  5.96598257e-01  6.84115231e-01
3.77975130e-01  7.50518551e-01  8.25695159e-01
6.19127910e-01  9.99568998e-01  5.39380143e-01
2.63876307e-01  8.42262583e-01  3.53524140e-01
8.57619453e-01  6.42779326e-01  6.20347205e-01
5.20755600e-01  5.31858318e-01  9.23138940e-01
3.69876693e-01  2.69213301e-01  6.80220700e-01
9.12089257e-01  5.86326991e-01  8.57848187e-01
8.02751313e-01  8.40064192e-01  8.59630893e-01
9.79119445e-01  8.94450877e-01  4.52993245e-01
3.61314444e-01  3.24444598e-01  4.37481280e-01
6.34529478e-01  2.87274515e-01  5.66091678e-01
8.70967146e-01  9.02579594e-01  9.11886972e-01
9.42369517e-01  9.00235147e-01  9.98280763e-01
9.35034289e-01  8.54412508e-01  7.18051527e-01
2.92095360e-01  5.29956144e-01  4.71753626e-01
6.23047655e-01  3.39159063e-01  4.05617914e-01
4.89902110e-01  7.88291900e-01  7.67393066e-01
7.54839858e-01  9.06785741e-01  8.78126561e-01
8.63732749e-01  4.19000689e-01  8.02403910e-01
6.13209356e-01  2.56510883e-01  7.17808720e-01
9.62831258e-01  4.20141143e-01  8.22248378e-01
2.53145215e-01  9.80859654e-01  6.59555327e-01
8.72269860e-01  9.23919120e-01  3.55824846e-01
4.76645069e-01  3.94211418e-01  3.59657363e-01
3.95608755e-01  5.41695999e-01  8.80809029e-01
3.22544205e-01  2.65793624e-01  5.44664392e-01
9.10869682e-01  5.34698150e-01  7.30333081e-01
8.62052926e-01  5.70082681e-01  4.46577362e-01
6.35204024e-01  9.56176667e-01  4.70590020e-01
2.91264944e-01  7.54435593e-01  8.46846266e-01
8.68973596e-01  9.08377039e-01  4.17581796e-01
8.78364408e-01  6.43046790e-01  3.86672583e-01
8.45313784e-01  9.71519075e-01  5.75010132e-01
3.97297673e-01  8.25175070e-01  8.06990627e-01
6.74956638e-01  5.16708293e-01  8.27490478e-01
8.30983151e-01  6.11731777e-01  3.59860514e-01
8.85646377e-01  3.42846300e-01  9.75860178e-01
5.46371944e-01  8.21403484e-01  5.94382339e-01
3.54001402e-01  8.63623341e-01  6.73674966e-01
7.40011243e-01  5.34055592e-01  7.24839689e-01
3.01312267e-01  7.67588034e-01  7.15300506e-01
4.76736997e-01  3.36501385e-01  9.42547260e-01
3.91217572e-01  7.66594929e-01  4.39930809e-01
5.71690559e-01  6.46019689e-01  8.49265525e-01
6.61998175e-01  2.99227108e-01  7.31051271e-01
5.48941142e-01  9.53064540e-01  3.71933298e-01
6.50956616e-01  4.17346884e-01  2.90717853e-01
9.05718394e-01  4.58560901e-01  2.61454527e-01
5.16724253e-01  5.82609818e-01  6.58097626e-01
6.22992899e-01  9.25301483e-01  4.97731128e-01
2.58371313e-01  3.93365023e-01  4.11003900e-01
4.51070551e-01  6.89568529e-01  8.39387264e-01
5.67633653e-01  2.56108812e-01  8.64350647e-01
6.55283586e-01  8.57979927e-01  4.86028957e-01
4.69949664e-01  3.77044279e-01  8.74963088e-01
7.15948499e-01  3.57434998e-01  2.51316169e-01
6.55980619e-01  6.54346371e-01  6.56536309e-01
5.86255774e-01  6.70257472e-01  8.71570441e-01
4.05184628e-01  7.44936007e-01  8.81958921e-01
5.87516412e-01  5.62186669e-01  9.04020247e-01
7.03322145e-01  5.77726288e-01  5.39146916e-01
9.97392158e-01  3.96498925e-01  2.90892961e-01
2.62564557e-01  9.83499971e-01  8.29249695e-01
8.42364338e-01  7.54521525e-01  8.33241115e-01
7.50898341e-01  5.62649650e-01  6.53941810e-01
9.65816497e-01  2.60490396e-01  9.33999448e-01
6.82809712e-01  5.34106629e-01  6.39789535e-01
4.96157904e-01  7.31368848e-01  7.68210634e-01
5.01176072e-01  2.69028918e-01  4.97235424e-01
9.44569541e-01  2.60938166e-01  2.57576752e-01
3.38773919e-01  6.32519452e-01  7.57185471e-01
8.32304180e-01  5.98504422e-01  7.12096676e-01
9.26601560e-01  6.04487079e-01  4.92216832e-01
8.06723034e-01  3.81738756e-01  2.98080900e-01
7.08267808e-01  4.10521563e-01  7.97859621e-01
7.40501065e-01  6.67378795e-01  5.33371398e-01
7.94657412e-01  7.75945516e-01  8.20894359e-01
8.11025501e-01  5.58215002e-01  3.59933312e-01
4.25929325e-01  6.69876604e-01  9.83691626e-01
5.30336484e-01  9.37526626e-01  3.69861400e-01
3.29577146e-01  7.15613884e-01  4.96060067e-01
9.05408164e-01  3.52303971e-01  8.13352805e-01
5.81146197e-01  6.63930263e-01  9.72377167e-01
3.08212452e-01  5.61302744e-01  3.78425958e-01
8.02396362e-01  7.06244915e-01  7.58166507e-01
9.08502977e-01  3.38212922e-01  3.31679135e-01
7.57327148e-01  9.27163446e-01  2.83585629e-01
3.84757646e-01  7.58606838e-01  4.14454395e-01
7.31495015e-01  6.73198201e-01  3.50457035e-01
9.00935853e-01  2.51336699e-01  8.66523410e-01
6.15121269e-01  2.68543468e-01  4.41112294e-01
3.89383030e-01  6.97322992e-01  7.48486506e-01
3.71382778e-01  6.21766093e-01  2.64993639e-01
7.19655114e-01  4.27681141e-01  6.69045391e-01
5.33242304e-01  5.72815454e-01  4.82632333e-01
7.21408066e-01  4.80550391e-01  7.74695809e-01
5.48828681e-01  5.00336845e-01  6.90310891e-01
9.94863451e-01  7.63099691e-01  2.98518920e-01
4.35196103e-01  3.23555464e-01  7.82639530e-01
2.50425571e-01  7.07939566e-01  4.12290851e-01
6.36458344e-01  8.08010292e-01  3.24464545e-01
5.06131174e-01  7.14255652e-01  6.98433331e-01
2.70334837e-01  4.72143403e-01  3.68516503e-01
5.78313686e-01  7.84647641e-01  3.97421272e-01
6.14921607e-01  7.76432878e-01  5.07837485e-01
7.19548308e-01  8.76880956e-01  7.04796775e-01
5.84627656e-01  4.67389494e-01  6.05151696e-01
7.37680276e-01  9.74668934e-01  8.32957369e-01
4.68075047e-01  4.33973412e-01  6.47711252e-01
3.53843202e-01  7.88920445e-01  9.92474760e-01
6.58060740e-01  5.16403442e-01  5.10500945e-01
5.90691087e-01  7.46003453e-01  7.78042889e-01
9.33268487e-01  6.29918852e-01  4.92379426e-01
7.54178119e-01  9.83716119e-01  7.71929156e-01
6.84746660e-01  6.19711306e-01  8.97048289e-01
3.24957075e-01  9.73910253e-01  4.92024949e-01
7.74635157e-01  3.97455051e-01  5.17470350e-01
7.99690117e-01  6.44191634e-01  6.82986082e-01
4.47167335e-01  6.65749187e-01  9.89621734e-01
9.45085673e-01  7.46894464e-01  6.20262385e-01
6.87422353e-01  3.88707885e-01  3.66053145e-01
6.20931464e-01  9.78015921e-01  6.07927043e-01
5.82329706e-01  8.17751798e-01  3.83744668e-01
8.58816665e-01  8.75870162e-01  8.15322794e-01
7.56771480e-01  9.91443415e-01  2.51586785e-01
9.43679566e-01  9.43900664e-01  9.75694313e-01
7.86402083e-01  7.98496932e-01  9.70412530e-01
7.86505117e-01  2.76840228e-01  4.17278620e-01
8.53360793e-01  9.07146420e-01  5.97272980e-01
3.46254692e-01  8.18543783e-01  8.26773029e-01
4.99833246e-01  3.03182678e-01  5.63180371e-01
8.17343844e-01  4.87220111e-01  6.19893340e-01
4.03182585e-01  4.23782398e-01  3.90711857e-01
5.79076994e-01  8.62211171e-01  8.77599345e-01
3.10607865e-01  7.45532037e-01  4.59119265e-01
6.72960533e-01  7.72924645e-01  2.53078463e-01
9.88065257e-01  3.45784160e-01  5.40521961e-01
3.53509425e-01  7.62648586e-01  4.80540212e-01
8.55666906e-01  3.91755094e-01  8.86574326e-01
6.00893383e-01  5.76316534e-01  2.92090949e-01
4.58875637e-01  7.09103496e-01  5.06262978e-01
3.63475648e-01  6.77367817e-01  5.50984253e-01
3.98720832e-01  5.06931885e-01  5.21563781e-01
5.22736693e-01  7.00728131e-01  6.05846592e-01
5.85059130e-01  9.51236309e-01  6.39080096e-01
3.53253033e-01  5.67331679e-01  8.39551377e-01
4.93648461e-01  9.25079379e-01  4.35634473e-01
6.98532807e-01  9.47625591e-01  3.71915803e-01
6.30461300e-01  8.81140920e-01  2.74411111e-01
5.87061434e-01  8.73744446e-01  8.71956630e-01
3.55576663e-01  2.60123268e-01  8.83996980e-01
9.06743216e-01  7.24605662e-01  6.74034142e-01
6.93220887e-01  2.85195188e-01  3.06664960e-01
7.36528794e-01  8.10689540e-01  9.26440266e-01
9.69156001e-01  7.45553580e-01  8.07876602e-01
8.02957911e-01  3.29748972e-01  8.47634213e-01
3.30752453e-01  8.13302575e-01  9.46416405e-01
4.85735435e-01  2.97157519e-01  7.80206262e-01
8.66001992e-01  6.77163214e-01  2.67174676e-01
2.66298174e-01  6.47438498e-01  9.11556453e-01
5.46752919e-01  3.80663948e-01  9.92943137e-01
9.93329594e-01  3.08290693e-01  3.37989277e-01
4.75452663e-01  4.87762274e-01  9.29231433e-01
7.57265380e-01  5.20336903e-01  3.97267825e-01
6.95359711e-01  3.27029444e-01  8.85166804e-01
9.55143406e-01  5.69272637e-01  9.00341496e-01
3.53429696e-01  7.72789929e-01  9.84832916e-01
4.84851026e-01  8.40085819e-01  5.96745491e-01
5.01545269e-01  8.28822011e-01  7.62589994e-01
9.59677551e-01  4.36469743e-01  9.07762636e-01
5.62362997e-01  6.90640233e-01  7.86421423e-01
4.20828613e-01  6.27539703e-01  5.62474012e-01
9.15746435e-01  6.62245519e-01  5.06579387e-01
6.90400700e-01  7.05221559e-01  4.82697499e-01
3.46790653e-01  9.30909542e-01  9.57437724e-01
2.59757817e-01  7.56519868e-01  6.29524919e-01
3.20110194e-01  3.10106171e-01  7.52133158e-01
3.35791669e-01  7.97253387e-01  7.12685602e-01
7.40479151e-01  5.94665811e-01  8.26887297e-01
2.81103385e-01  9.98530088e-01  6.97105894e-01
6.66809554e-01  7.86962924e-01  4.21574712e-01
3.28365508e-01  4.76694499e-01  2.75310648e-01
8.79406191e-01  6.74885788e-01  3.35525195e-01
7.85625801e-01  9.16106107e-01  5.45024164e-01
3.73697354e-01  3.58004016e-01  7.44309538e-01
3.04343845e-01  3.30401892e-01  8.55995389e-01
3.54434468e-01  4.12659745e-01  7.40308074e-01
3.42239905e-01  3.79225448e-01  6.67424619e-01
8.19123520e-01  3.47565426e-01  4.11165042e-01
6.17300392e-01  6.52683728e-01  4.75430503e-01
9.69474730e-01  5.99281298e-01  2.85807004e-01
8.61036603e-01  3.23984760e-01  7.25048156e-01
8.90582668e-01  6.28773160e-01  9.02251282e-01
4.54394730e-01  3.46356395e-01  9.21099112e-01
6.50350969e-01  3.35170612e-01  8.35689995e-01
4.23953607e-01  4.45813295e-01  4.94237340e-01
2.87759864e-01  9.39323263e-01  6.11118317e-01
8.35489908e-01  4.77260841e-01  9.89217648e-01
8.93579634e-01  7.97024045e-01  4.55637135e-01
2.57481409e-01  9.43490743e-01  2.74524981e-01
8.12300051e-01  8.25732469e-01  5.06382954e-01
4.68504164e-01  9.17866510e-01  8.69744485e-01
9.17997470e-01  5.74997588e-01  3.63837245e-01
8.43323602e-01  5.45276011e-01  9.86766513e-01
3.46840966e-01  9.20615887e-01  5.77742885e-01
9.86503132e-01  6.63109201e-01  5.05306252e-01
5.02728027e-01  9.73311098e-01  8.64668663e-01
9.87202209e-01  5.87100211e-01  2.84380597e-01
4.67807925e-01  4.86535366e-01  8.40873737e-01
8.87165395e-01  8.76191337e-01  4.58061776e-01
6.66953891e-01  7.62392440e-01  3.39503677e-01
8.17982812e-01  5.29985331e-01  9.95418898e-01
2.79364700e-01  3.35727077e-01  3.05523509e-01
7.04047388e-01  5.76579463e-01  7.51999060e-01
3.59125200e-01  9.98599924e-01  9.95680097e-01
2.55482676e-01  3.31347227e-01  2.82085112e-01
9.97405056e-01  5.83884380e-01  2.66581697e-01
7.47010306e-01  5.71323057e-01  2.68513212e-01
7.12354213e-01  3.33003772e-01  3.56578810e-01
3.32742402e-01  4.75818725e-01  3.90171319e-01
3.82300151e-01  2.90268879e-01  5.97962018e-01
8.05902853e-01  6.68816317e-01  9.36848473e-01
8.89803851e-01  9.01022739e-01  2.97550612e-01
9.39123310e-01  5.31841130e-01  7.38968761e-01
9.33222937e-01  5.26907590e-01  7.58779806e-01
2.54525993e-01  5.19305470e-01  3.16775100e-01
8.00037124e-01  4.74321307e-01  9.95541461e-01
4.24567201e-01  7.97560958e-01  2.59633473e-01
5.19155033e-01  9.95858295e-01  5.59828529e-01
6.16460701e-01  7.52042914e-01  7.48821515e-01
5.17803642e-01  2.90028872e-01  8.93531683e-01
8.64235631e-01  8.31894613e-01  7.80837346e-01
6.39192033e-01  6.30155065e-01  3.73192732e-01
3.02900246e-01  5.06900681e-01  7.01121157e-01
8.22851705e-01  9.75642839e-01  9.90388730e-01
6.48124578e-01  5.07687896e-01  5.06505828e-01
2.76647823e-01  7.17374546e-01  9.67458590e-01
6.44967338e-01  9.82237341e-01  6.74538802e-01
3.70297821e-01  5.67301382e-01  9.77601389e-01
3.09188495e-01  4.08326070e-01  9.77681080e-01
3.70689483e-01  3.00886425e-01  2.50421757e-01
5.50901913e-01  8.80664842e-01  5.44773168e-01
7.91273995e-01  5.19090033e-01  8.87406046e-01
5.13500301e-01  7.63191827e-01  6.73620641e-01
9.38856043e-01  5.60100780e-01  5.31707211e-01
9.92342764e-01  7.66698292e-01  3.66831957e-01
6.26673326e-01  5.66092778e-01  4.77748565e-01
9.85653234e-01  4.31742702e-01  3.63691691e-01
8.47540927e-01  3.87096343e-01  7.41387701e-01
8.16149326e-01  7.93986485e-01  7.50529175e-01
9.17604457e-01  8.85044432e-01  3.53522234e-01
6.74573489e-01  6.39406538e-01  2.56187959e-01
2.80212653e-01  8.67667639e-01  4.02412611e-01
7.62350947e-01  3.55721177e-01  8.79030012e-01
9.38833764e-01  8.02011756e-01  4.47302242e-01
9.48241676e-01  2.99363847e-01  6.60041290e-01
7.63047017e-01  5.58261881e-01  6.94933654e-01
6.09241648e-01  9.32002111e-01  8.27893051e-01
7.13499573e-01  4.28045914e-01  6.97633764e-01
2.95745651e-01  6.91941860e-01  2.90606141e-01
7.86356664e-01  8.74917171e-01  4.08179454e-01
8.56466025e-01  4.89037633e-01  2.67781325e-01
2.51048248e-01  7.12236433e-01  4.08999926e-01
5.20090237e-01  5.86309647e-01  7.87877558e-01
8.10558522e-01  2.97855339e-01  3.58616640e-01
2.62369868e-01  8.08898153e-01  7.67842983e-01
7.25961971e-01  3.46296503e-01  9.39452519e-01
5.88855543e-01  7.06752606e-01  8.38992288e-01
5.80231316e-01  3.26942450e-01  8.71043136e-01
3.85925926e-01  4.75317977e-01  5.40231074e-01
9.65900531e-01  9.35471844e-01  6.15483655e-01
7.69696396e-01  7.43234892e-01  6.74815866e-01
8.18966624e-01  5.28152233e-01  6.34755992e-01
3.35679873e-01  5.15268755e-01  6.83470644e-01
8.83725506e-01  8.34773018e-01  6.38868099e-01
6.77448391e-01  7.58406294e-01  8.55448693e-01
6.73450020e-01  5.65005387e-01  7.78361204e-01
6.83584922e-01  3.29991927e-01  8.90730746e-01
3.95792677e-01  9.48231997e-01  7.60149148e-01
5.66640508e-01  3.69507344e-01  4.15469280e-01
5.19033322e-01  4.27816556e-01  6.44522125e-01
4.13025948e-01  3.47030303e-01  6.39968184e-01
9.38816495e-01  8.71318835e-01  4.58669967e-01
4.15325920e-01  7.04813859e-01  8.45323318e-01
6.83031938e-01  6.98830018e-01  5.30316615e-01
6.59653554e-01  8.93714234e-01  6.75282459e-01
7.99099392e-01  4.69548774e-01  6.04122209e-01
7.03859659e-01  9.67547215e-01  4.08335688e-01
6.65371321e-01  4.09974959e-01  8.87807588e-01
8.18220279e-01  9.09677486e-01  6.56726268e-01
5.36903446e-01  7.40672484e-01  5.29447281e-01
3.72794249e-01  4.97761481e-01  4.91243420e-01
4.26547974e-01  9.54420640e-01  4.03049458e-01
7.85711490e-01  8.93553485e-01  6.54906365e-01
4.21962414e-01  5.33940103e-01  8.55225634e-01
7.23039255e-01  5.85851263e-01  5.76041212e-01
7.31305193e-01  4.31527554e-01  2.85594108e-01
6.61517044e-01  3.87281107e-01  6.94432117e-01
3.77113195e-01  4.81366071e-01  3.65790896e-01
3.54360266e-01  4.07189588e-01  3.73502774e-01
9.99744044e-01  7.67876308e-01  7.47732295e-01
9.45246452e-01  5.48175260e-01  6.15024166e-01
9.48221263e-01  3.42516598e-01  9.83683271e-01
4.59260363e-01  4.20305591e-01  3.12409449e-01
3.28459258e-01  6.45389897e-01  6.37918831e-01
8.23583139e-01  9.61055672e-01  3.07862884e-01
6.69470069e-01  3.89517439e-01  8.97532493e-01
7.54293263e-01  4.59590744e-01  8.04101217e-01
5.97628179e-01  8.59918390e-01  5.35055235e-01
6.71390953e-01  8.05669111e-01  5.56514568e-01
7.52988690e-01  4.93144539e-01  5.34284052e-01
7.01130175e-01  4.01592649e-01  5.92796117e-01
5.65775073e-01  9.26530775e-01  5.31541324e-01
5.68837661e-01  8.36293552e-01  4.39632803e-01
7.11145536e-01  4.51157355e-01  4.89227029e-01
7.89657141e-01  8.86536630e-01  3.62497617e-01
3.66424114e-01  6.62361811e-01  3.59078591e-01
3.24033496e-01  6.40804044e-01  7.57687532e-01
5.09446495e-01  5.33391742e-01  3.83207777e-01
5.28701317e-01  2.71323080e-01  2.96423854e-01
6.61441784e-01  8.66641457e-01  6.86060914e-01
3.27974037e-01  3.16794349e-01  4.17026959e-01
7.88217135e-01  3.11685204e-01  9.85942010e-01
8.81379452e-01  3.96886309e-01  6.83704426e-01
6.22944248e-01  5.35742590e-01  9.18160749e-01
6.39561181e-01  4.63407995e-01  4.78667490e-01
7.91190095e-01  6.38398810e-01  6.83629864e-01
8.17841790e-01  4.03293559e-01  3.08612698e-01
9.22028235e-01  4.86644167e-01  8.41249407e-01
4.52087970e-01  9.58264744e-01  9.45812141e-01
4.79960680e-01  8.65085109e-01  7.60713765e-01
6.46346554e-01  4.70568706e-01  5.81178500e-01
3.95258968e-01  5.06975272e-01  8.14051404e-01
5.27061352e-01  4.04757173e-01  4.39461158e-01
5.12489912e-01  4.01240532e-01  4.75513739e-01
7.88547911e-01  9.84576957e-01  9.92936186e-01
3.59568830e-01  7.77338910e-01  7.34610690e-01
4.35885983e-01  7.56298342e-01  3.53665378e-01
5.62057291e-01  9.19470202e-01  9.08953121e-01
7.92534622e-01  4.54399301e-01  2.84958976e-01
8.24188557e-01  3.94974778e-01  3.50149267e-01
7.77999975e-01  2.62039460e-01  3.33704584e-01
7.03383996e-01  4.83721455e-01  7.49045208e-01
3.90776634e-01  8.96693519e-01  4.04561890e-01
6.86462054e-01  8.67702730e-01  6.90629942e-01
6.14393032e-01  4.04543152e-01  5.41279638e-01
4.49104022e-01  3.00823670e-01  7.01019494e-01
9.07416702e-01  4.42314381e-01  6.78723880e-01
7.80994380e-01  9.76579896e-01  3.94506093e-01
4.54477920e-01  9.85075257e-01  5.26652704e-01
9.94063437e-01  7.13295043e-01  7.07899786e-01
5.67163694e-01  7.06432991e-01  4.49010774e-01
8.29207242e-01  2.92282156e-01  7.81247506e-01
3.14027570e-01  4.43633938e-01  4.69564457e-01
7.00714074e-01  8.83508341e-01  8.27811524e-01
9.27092929e-01  3.87025850e-01  9.74732289e-01
8.04374562e-01  7.77274065e-01  3.60094607e-01
6.46917458e-01  8.01079855e-01  4.51961407e-01
6.51435568e-01  7.29263835e-01  5.88747236e-01
3.69826827e-01  2.94830307e-01  4.09943525e-01
2.52963519e-01  9.40829331e-01  4.94365725e-01
5.82877972e-01  8.96410762e-01  4.63208491e-01
3.71860442e-01  7.19321669e-01  8.58256255e-01
4.97200805e-01  9.53736945e-01  8.44695244e-01
9.68874335e-01  4.08810268e-01  4.85079242e-01
2.90658483e-01  7.68069199e-01  9.04393999e-01
8.18677388e-01  5.27926753e-01  2.63953250e-01
4.07375057e-01  2.94125355e-01  7.95266081e-01
7.01248315e-01  9.89194647e-01  7.16715109e-01
8.05779985e-01  9.22590831e-01  4.62406722e-01
3.19488550e-01  9.24340846e-01  8.98007231e-01
6.98373302e-01  8.38933545e-01  9.03571633e-01
8.13861916e-01  9.78263893e-01  8.32222154e-01
5.93996870e-01  8.12439739e-01  7.21372372e-01
4.06386386e-01  3.82066897e-01  8.46474987e-01
9.81793061e-01  8.24090419e-01  8.66693138e-01
5.55413130e-01  7.89188693e-01  3.63297934e-01
5.31420989e-01  6.27566661e-01  8.04993565e-01
8.25028565e-01  9.24199228e-01  9.99227681e-01
4.74343136e-01  9.47179182e-01  4.56105857e-01
9.93561923e-01  2.83604892e-01  8.05435981e-01
9.29700846e-01  9.87132850e-01  2.83319374e-01
3.69111658e-01  3.85198216e-01  5.75341089e-01
