8.28496817e-01  6.92787352e-01  7.19248527e-01
2.65565992e-01  8.30637249e-01  9.21913326e-01
7.25241721e-01  6.69291957e-01  2.50779692e-01
8.11609117e-01  3.89172388e-01  3.84375290e-01
6.23885029e-01  5.25929882e-01  7.57993248e-01
4.18600685e-01  7.68014793e-01  2.93444540e-01
3.98550196e-01  8.30408305e-01  4.85518725e-01
8.20404307e-01  5.12179806e-01  2.51841341e-01
3.76836009e-01  3.78433133e-01  7.56380002e-01
3.16257279e-01  3.53341329e-01  4.95675931e-01
7.64025705e-01  7.48562072e-01  8.89441482e-01
9.65052388e-01  8.28842092e-01  3.89639127e-01
2.52963134e-01  9.97810094e-01  7.85549457e-01
6.34149046e-01  7.92759787e-01  6.52138996e-01
8.59472292e-01  8.19829702e-01  3.46821680e-01
7.09399974e-01  2.63123094e-01  9.62123446e-01
7.91322538e-01  6.19837654e-01  6.90966097e-01
4.68910636e-01  7.61248708e-01  6.30626985e-01
9.38337766e-01  2.80759135e-01  8.19156136e-01
7.85937846e-01  4.75707525e-01  2.57202221e-01
6.56913298e-01  6.19055473e-01  5.39402128e-01
3.56630262e-01  7.76005568e-01  4.58459126e-01
5.30009622e-01  2.52180969e-01  9.82456894e-01
7.55605988e-01  3.00629109e-01  9.32607658e-01
5.81379326e-01  4.42910324e-01  4.52965068e-01
5.75514895e-01  4.61096520e-01  9.68861495e-01
7.13330688e-01  2.85556591e-01  2.60370752e-01
6.34858536e-01  3.29077072e-01  2.99324653e-01
7.37803527e-01  4.32213272e-01  2.98227854e-01
7.00784573e-01  9.79745219e-01  9.95277044e-01
8.53923926e-01  9.96677866e-01  4.38231608e-01
6.41240267e-01  7.32466083e-01  5.39018818e-01
9.31493782e-01  9.58926687e-01  7.56906581e-01
4.89430809e-01  9.81121526e-01  6.00620632e-01
3.17846942e-01  9.06443902e-01  4.17310546e-01
4.75528678e-01  9.74361949e-01  3.94869021e-01
3.35490836e-01  5.38858681e-01  4.04503617e-01
8.71517658e-01  5.08352449e-01  6.33876331e-01
2.85174420e-01  2.60623548e-01  7.61541373e-01
7.19720864e-01  4.32494274e-01  5.71682442e-01
6.60694668e-01  6.97179286e-01  4.54523611e-01
8.64471856e-01  4.19605727e-01  8.41576344e-01
3.99213707e-01  7.44610368e-01  4.29936931e-01
8.92644552e-01  5.96751106e-01  7.72474623e-01
5.13743407e-01  5.41680940e-01  9.81205233e-01
8.15992007e-01  3.78084732e-01  4.09926362e-01
4.71974889e-01  7.16754120e-01  8.45573296e-01
9.12959340e-01  8.90475812e-01  2.50932081e-01
4.94137506e-01  4.90203617e-01  9.35601988e-01
3.73764781e-01  8.32095873e-01  8.89933039e-01
9.17239548e-01  8.99339574e-01  9.35213251e-01
2.74970659e-01  9.96677866e-01  3.77202795e-01
3.42724624e-01  2.52638333e-01  7.87413606e-01
9.37078051e-01  8.29187107e-01  2.86814241e-01
3.20632735e-01  3.19082259e-01  3.81292020e-01
9.67641892e-01  9.54880246e-01  8.10562207e-01
2.77963191e-01  8.92456942e-01  8.72360831e-01
3.39518658e-01  5.30268160e-01  2.57292423e-01
4.38652067e-01  8.28663933e-01  9.40414047e-01
9.39981832e-01  8.88551694e-01  8.16221711e-01
7.24795148e-01  8.72908130e-01  9.49782181e-01
7.96462895e-01  2.93994576e-01  8.56718019e-01
3.00521004e-01  7.85950764e-01  3.74033502e-01
9.61280758e-01  6.34666270e-01  2.77671847e-01
9.40995230e-01  3.86129370e-01  7.88900645e-01
3.45993275e-01  8.79346057e-01  4.49126624e-01
8.68196883e-01  6.18580705e-01  2.70995955e-01
2.82404211e-01  3.99295972e-01  5.43607673e-01
6.17514004e-01  9.87529406e-01  4.60919043e-01
4.97614864e-01  6.90246827e-01  9.90236793e-01
4.13171008e-01  3.01799757e-01  7.95465252e-01
3.82201412e-01  2.83087064e-01  6.24013323e-01
8.93459696e-01  3.11986935e-01  7.79793776e-01
9.98649211e-01  7.51444664e-01  5.57919305e-01
4.83548592e-01  8.50267958e-01  3.05416855e-01
7.95712658e-01  2.58743609e-01  4.79888001e-01
4.37944663e-01  3.54477724e-01  8.55946435e-01
6.25576968e-01  9.76794687e-01  2.82939226e-01
6.46910116e-01  9.57984114e-01  9.77107314e-01
2.57057075e-01  4.09231017e-01  3.61163251e-01
5.77759798e-01  9.70581985e-01  9.97095797e-01
2.60069724e-01  3.06442922e-01  7.45844090e-01
9.82692924e-01  7.81195355e-01  2.83199856e-01
3.01587063e-01  3.00629109e-01  2.57844716e-01
2.64869779e-01  3.10615555e-01  6.48768650e-01
6.30598408e-01  9.85201374e-01  4.01245781e-01
8.77588123e-01  2.76235729e-01  4.95498794e-01
9.41301951e-01  6.32616633e-01  9.54076402e-01
2.92976514e-01  3.81276985e-01  7.88526339e-01
8.71295684e-01  8.90475812e-01  8.51858146e-01
3.20948134e-01  3.23202269e-01  2.86782578e-01
8.90072795e-01  8.83382789e-01  2.89156925e-01
2.65229108e-01  6.09590400e-01  2.83142115e-01
6.43010199e-01  9.93626242e-01  3.01042135e-01
8.83171189e-01  8.52276454e-01  9.73467498e-01
3.38273063e-01  8.67206844e-01  9.68769103e-01
8.76881712e-01  8.75428108e-01  9.20210945e-01
9.00367538e-01  3.31353921e-01  7.21339017e-01
3.31917851e-01  6.19055473e-01  9.18602504e-01
3.26686491e-01  3.08401806e-01  7.28412982e-01
2.90103853e-01  4.97734294e-01  8.01055307e-01
3.80286640e-01  6.58761807e-01  2.77173140e-01
9.48796186e-01  5.73210745e-01  8.58753475e-01
7.71650016e-01  8.37554979e-01  9.32796740e-01
3.60216753e-01  2.88390626e-01  7.99210167e-01
8.64565369e-01  7.76005568e-01  9.34935378e-01
5.32991495e-01  8.69312310e-01  2.73881051e-01
4.84096025e-01  9.41090487e-01  3.19267634e-01
9.68300755e-01  2.80759135e-01  5.63105446e-01
9.49571105e-01  4.07399611e-01  3.70615040e-01
7.10546449e-01  9.58926687e-01  2.86546212e-01
9.16806088e-01  3.92709292e-01  9.36877867e-01
2.58278919e-01  7.85924943e-01  3.06146232e-01
9.53569795e-01  3.28269023e-01  9.79611186e-01
5.55388701e-01  9.87593482e-01  2.70285513e-01
9.23224722e-01  4.43376269e-01  9.88628985e-01
9.72489022e-01  4.96273581e-01  2.52141580e-01
2.58170156e-01  6.59400955e-01  9.15998736e-01
7.60133287e-01  9.30360699e-01  8.95146878e-01
8.89548433e-01  2.85556591e-01  4.58687885e-01
8.15252468e-01  3.93135759e-01  9.56656273e-01
7.40491236e-01  2.64343747e-01  2.96147764e-01
2.73777248e-01  7.28096231e-01  3.63747860e-01
8.32786573e-01  8.25353944e-01  9.72892381e-01
8.16939410e-01  8.42680496e-01  8.87821873e-01
3.61413017e-01  2.65847006e-01  6.03306597e-01
6.46368852e-01  2.52925902e-01  8.24082359e-01
8.33649567e-01  9.16024649e-01  8.28589275e-01
7.43106440e-01  4.17193314e-01  2.53553088e-01
7.85957466e-01  3.02042917e-01  3.58933384e-01
9.94150771e-01  4.61096520e-01  2.95622092e-01
2.62733224e-01  4.15855651e-01  9.50758736e-01
9.42531507e-01  9.20585898e-01  3.83116038e-01
2.60982378e-01  6.62763116e-01  2.81458789e-01
2.84351829e-01  2.93036967e-01  2.52508588e-01
8.06757368e-01  9.42267855e-01  9.71787608e-01
3.18093510e-01  3.95790922e-01  9.41895499e-01
4.20906218e-01  7.87588548e-01  9.09788302e-01
2.54709444e-01  6.60605969e-01  7.86800449e-01
8.45984658e-01  4.75707525e-01  9.31421689e-01
2.94100823e-01  8.22169073e-01  7.53213829e-01
4.82563971e-01  2.76187550e-01  7.75650001e-01
8.81243262e-01  9.00527711e-01  7.79252373e-01
7.53320366e-01  4.32156871e-01  9.71956110e-01
9.19304372e-01  2.52047670e-01  6.13436650e-01
2.76229163e-01  3.29077072e-01  7.60686987e-01
9.06569514e-01  2.53896629e-01  6.51893694e-01
4.26350299e-01  9.51432792e-01  3.41254136e-01
4.21899321e-01  4.32213272e-01  9.62839730e-01
9.97466780e-01  6.17509381e-01  3.82488167e-01
3.89661598e-01  9.99898766e-01  3.24515653e-01
3.19344021e-01  3.78035567e-01  9.33782168e-01
2.91679590e-01  8.96718928e-01  9.37963492e-01
8.91696804e-01  3.31574016e-01  9.97164002e-01
2.87069574e-01  4.33068545e-01  9.53294613e-01
3.89197681e-01  3.46920775e-01  2.66703416e-01
8.27968962e-01  2.63123094e-01  9.14001289e-01
6.90203077e-01  6.10700443e-01  6.83299708e-01
4.88010591e-01  5.08352449e-01  5.19951350e-01
5.34852610e-01  4.78336021e-01  5.08901703e-01
8.07807536e-01  7.29550588e-01  6.88979536e-01
4.63718133e-01  5.02538336e-01  4.84351384e-01
4.78204226e-01  5.06981155e-01  7.89697459e-01
4.68139620e-01  7.44610368e-01  7.67404108e-01
5.63528582e-01  4.59252724e-01  9.73350004e-01
3.75196304e-01  3.16926055e-01  4.24225389e-01
3.48054852e-01  2.96710317e-01  5.54384750e-01
2.96524659e-01  3.69609496e-01  6.88033049e-01
2.71270193e-01  5.41680940e-01  3.85924835e-01
8.18951311e-01  5.26653934e-01  2.74805938e-01
