7.41807133e-01  7.44955728e-01  9.65004416e-01  9.05068974e-01  4.84122364e-01  9.64840783e-01
8.42393948e-01  6.30916034e-01  6.97463261e-01  9.43605850e-01  5.38817463e-01  7.04860314e-01
8.65040319e-01  2.84468568e-01  8.45496061e-01  9.30865822e-01  2.01942175e-01  8.65865993e-01
8.84530968e-01  6.69431481e-01  5.29671647e-01  9.66368176e-01  6.67873336e-01  5.29040708e-01
9.52014951e-01  4.35182602e-01  4.52306932e-01  9.87092841e-01  3.36635259e-01  4.73626489e-01
7.75666941e-01  5.58369723e-01  9.71166023e-01  9.06581371e-01  3.97105249e-01  9.75631312e-01
9.18529069e-01  3.72705807e-01  6.06572295e-01  9.62422791e-01  3.12728425e-01  6.37437393e-01
8.71670549e-01  2.20481558e-01  8.64526052e-01  9.29524131e-01  1.55186384e-01  8.85477691e-01
7.83388754e-01  5.46825808e-01  9.52735376e-01  9.09974475e-01  3.82203803e-01  9.57898706e-01
9.54026035e-01  2.92265683e-01  5.38262389e-01  9.74546118e-01  2.32472563e-01  5.78598809e-01
9.13862882e-01  5.59027687e-01  5.01451691e-01  9.73224601e-01  5.48675199e-01  5.12625712e-01
8.42628017e-01  9.08361494e-01  5.16838064e-01  9.64890312e-01  9.11269160e-01  4.81211884e-01
8.44829539e-01  2.24591451e-01  9.53011764e-01  9.17859133e-01  1.37400512e-01  9.64463580e-01
7.69776271e-01  6.34608373e-01  9.41965728e-01  9.08822658e-01  4.65814465e-01  9.45598178e-01
8.06974926e-01  8.62118960e-01  6.67630122e-01  9.47077688e-01  6.75314720e-01  6.50461678e-01
9.72934374e-01  3.91928140e-01  4.09355549e-01  9.93251857e-01  3.31954352e-01  4.35237753e-01
8.10358760e-01  3.88990354e-01  9.63331288e-01  9.13689299e-01  2.25548989e-01  9.70446811e-01
9.87552447e-01  3.27972372e-01  4.01240408e-01  9.94893808e-01  2.83119242e-01  4.36207404e-01
8.42372272e-01  6.45033838e-01  6.88370896e-01  9.44555548e-01  5.56467598e-01  6.94615254e-01
7.64307209e-01  6.11757490e-01  9.75080321e-01  9.07384080e-01  3.68086466e-01  9.77316657e-01
8.11453031e-01  3.96528731e-01  9.55017793e-01  9.14890364e-01  2.28890214e-01  9.62474816e-01
8.48047215e-01  9.35531815e-01  4.80499444e-01  9.71461751e-01  9.33754606e-01  4.33266612e-01
8.42281712e-01  4.77503368e-01  7.97450346e-01  9.36424404e-01  2.85349580e-01  8.10585688e-01
7.69907994e-01  5.60523616e-01  9.89326498e-01  9.05850726e-01  3.46124015e-01  9.92320041e-01
8.30288678e-01  2.57823779e-01  9.80816685e-01  9.13795771e-01  1.44877423e-01  9.88758394e-01
8.55423552e-01  5.64215790e-01  6.96820757e-01  9.45461146e-01  4.71442386e-01  7.09343357e-01
9.23135129e-01  3.23160553e-01  6.23098650e-01  9.63255225e-01  2.10672647e-01  6.56128025e-01
8.39982939e-01  8.93144975e-01  5.35401243e-01  9.62849970e-01  8.67477861e-01  5.04088247e-01
8.16951246e-01  3.65515583e-01  9.56184328e-01  9.13668555e-01  2.49525398e-01  9.64934547e-01
7.91763216e-01  5.56653605e-01  9.17616121e-01  9.14525068e-01  4.00333666e-01  9.23934442e-01
8.43056493e-01  7.29525892e-01  6.31489284e-01  9.51652536e-01  6.47478907e-01  6.28197889e-01
7.86785187e-01  5.67737174e-01  9.27324989e-01  9.12606283e-01  4.13635293e-01  9.33106198e-01
7.61960152e-01  7.39437702e-01  9.00445620e-01  9.16554589e-01  4.52973813e-01  8.99042851e-01
8.40387136e-01  4.06666295e-01  8.50173842e-01  9.28828685e-01  2.64814088e-01  8.64641509e-01
8.29562974e-01  2.59543433e-01  9.82164331e-01  9.12758654e-01  1.66610226e-01  9.90291621e-01
8.49883991e-01  9.05353957e-01  4.93854809e-01  9.70675323e-01  8.70712720e-01  4.53151477e-01
8.15701057e-01  6.88555356e-01  7.50981571e-01  9.35221021e-01  5.61428941e-01  7.53816454e-01
8.25358176e-01  7.21304244e-01  6.96925833e-01  9.42692284e-01  6.02492079e-01  6.96242544e-01
8.03001324e-01  7.36785721e-01  7.62793826e-01  9.33501559e-01  5.74607547e-01  7.61738874e-01
8.70420189e-01  3.73233364e-01  7.69891962e-01  9.40060537e-01  2.68884234e-01  7.91663450e-01
7.41881433e-01  7.11933538e-01  9.86491677e-01  9.03100018e-01  4.46141638e-01  9.86925084e-01
8.10028354e-01  4.34832782e-01  9.34983782e-01  9.15243742e-01  2.99454961e-01  9.43594328e-01
7.63371564e-01  7.28375795e-01  9.02536759e-01  9.15406531e-01  4.69121075e-01  9.02086324e-01
8.37467267e-01  7.40160202e-01  6.43564111e-01  9.48400061e-01  6.83515130e-01  6.40568199e-01
8.21801036e-01  4.38659699e-01  8.92518196e-01  9.20900536e-01  3.14674208e-01  9.03738513e-01
9.32349599e-01  3.16476559e-01  5.96446263e-01  9.65646583e-01  2.48708697e-01  6.32355663e-01
7.84656724e-01  5.83901002e-01  9.24059553e-01  9.15777898e-01  3.48655090e-01  9.28068765e-01
7.66717318e-01  5.83658990e-01  9.85139105e-01  9.03827476e-01  4.16244498e-01  9.88783611e-01
7.98859194e-01  4.16317850e-01  9.84641362e-01  9.10507365e-01  2.30432104e-01  9.89700428e-01
9.01850007e-01  1.98529037e-01  7.76292988e-01  9.42137337e-01  1.44194408e-01  8.07188371e-01
9.56197121e-01  3.61471412e-01  4.85960469e-01  9.80282140e-01  3.25688821e-01  5.19873159e-01
8.08756633e-01  4.63040308e-01  9.20690636e-01  9.18811886e-01  2.64620911e-01  9.28400127e-01
7.99830071e-01  5.22068609e-01  9.12676909e-01  9.15902087e-01  3.78282074e-01  9.20296792e-01
7.96436412e-01  4.43850028e-01  9.75289446e-01  9.11016832e-01  2.57556843e-01  9.80563221e-01
9.25697071e-01  5.88875858e-01  4.41889850e-01  9.80665385e-01  6.30051151e-01  4.45757341e-01
9.09338895e-01  5.82096207e-01  5.01836608e-01  9.72196858e-01  5.85516459e-01  5.10541633e-01
7.70095273e-01  6.57293797e-01  9.26153728e-01  9.13044449e-01  4.24417721e-01  9.28274049e-01
9.53655155e-01  4.66491982e-01  4.26708301e-01  9.87595116e-01  4.47668910e-01  4.44780651e-01
8.49940029e-01  2.90968289e-01  8.92556403e-01  9.24739204e-01  1.88934779e-01  9.08213382e-01
8.50707159e-01  6.57203539e-01  6.52465671e-01  9.54367310e-01  4.63881941e-01  6.54017176e-01
9.81179783e-01  3.19195625e-01  4.28577026e-01  9.91687773e-01  2.47901612e-01  4.65055636e-01
7.71044585e-01  6.29853516e-01  9.40746555e-01  9.10704883e-01  4.22157977e-01  9.43807898e-01
8.21665659e-01  3.94638805e-01  9.21561296e-01  9.18604674e-01  2.57882247e-01  9.31831660e-01
8.18503821e-01  3.62281647e-01  9.53011608e-01  9.14574992e-01  2.37738077e-01  9.61897606e-01
8.01578434e-01  7.45590704e-01  7.61611252e-01  9.33077822e-01  5.90789516e-01  7.60129731e-01
9.42277664e-01  5.06336767e-01  4.39473357e-01  9.87184887e-01  4.32883407e-01  4.50892040e-01
8.31431715e-01  9.07384180e-01  5.55491276e-01  9.60434672e-01  8.50507773e-01  5.24086457e-01
8.81864583e-01  2.46021510e-01  8.13325623e-01  9.37045723e-01  1.52767745e-01  8.37817718e-01
9.00301688e-01  4.23151965e-01  6.36012440e-01  9.57273826e-01  3.53226752e-01  6.61433585e-01
8.24213550e-01  5.51206155e-01  8.10954613e-01  9.33274875e-01  3.33523740e-01  8.19438306e-01
7.52352919e-01  6.53937261e-01  9.88289318e-01  9.02615090e-01  4.42554463e-01  9.90362985e-01
8.07927527e-01  4.21776463e-01  9.50298303e-01  9.12811770e-01  3.00222124e-01  9.58491831e-01
8.49167382e-01  9.35989418e-01  4.76398544e-01  9.69992563e-01  9.86529978e-01  4.30261563e-01
8.22980044e-01  4.12268813e-01  9.05353236e-01  9.21607743e-01  2.42435038e-01  9.15696232e-01
8.55460186e-01  2.15025163e-01  9.23120224e-01  9.22173719e-01  1.32813657e-01  9.37877489e-01
8.01152787e-01  5.90189041e-01  8.63954471e-01  9.20733707e-01  4.55525941e-01  8.71128647e-01
8.79654185e-01  7.43563513e-01  4.98102828e-01  9.69080532e-01  7.78928059e-01  4.85502852e-01
8.13605729e-01  6.65058166e-01  7.73354489e-01  9.36857526e-01  4.25450193e-01  7.75338577e-01
9.15346923e-01  6.01014263e-01  4.69452011e-01  9.82288172e-01  4.90037806e-01  4.68832825e-01
7.62587909e-01  8.01705078e-01  8.57586300e-01  9.20680486e-01  5.33477535e-01  8.53116308e-01
7.73979539e-01  6.36346449e-01  9.26266877e-01  9.14744152e-01  3.75198839e-01  9.28447602e-01
7.56340999e-01  6.87478078e-01  9.52967361e-01  9.08212397e-01  4.44005253e-01  9.54130068e-01
9.04488809e-01  5.57871754e-01  5.34330232e-01  9.68390268e-01  5.36455031e-01  5.47016260e-01
8.60085890e-01  1.97233896e-01  9.18962784e-01  9.22558409e-01  1.35199642e-01  9.34849005e-01
8.65994387e-01  7.00381024e-01  5.72521853e-01  9.61580754e-01  6.28309906e-01  5.69051980e-01
9.84908651e-01  2.63522332e-01  4.52059259e-01  9.86981811e-01  2.37860013e-01  4.97593890e-01
9.65816511e-01  3.95759135e-01  4.31037373e-01  9.89935722e-01  3.27654141e-01  4.57512795e-01
8.67252971e-01  6.66622448e-01  5.90164987e-01  9.57673656e-01  6.33859011e-01  5.92797520e-01
8.25019813e-01  7.84740474e-01  6.56890099e-01  9.51397539e-01  5.78454929e-01  6.46083976e-01
7.48206531e-01  6.95669595e-01  9.75571429e-01  9.04867260e-01  4.42717293e-01  9.76399353e-01
9.23419819e-01  4.01899979e-01  5.71011420e-01  9.66865337e-01  3.50153589e-01  6.00140599e-01
8.89092563e-01  7.03717744e-01  4.91625153e-01  9.70120301e-01  7.52729549e-01  4.84487919e-01
8.30871798e-01  3.94568626e-01  8.90341976e-01  9.21990241e-01  2.87047745e-01  9.03255776e-01
7.40832532e-01  7.21391737e-01  9.83614980e-01  9.03519752e-01  4.45857395e-01  9.83784345e-01
8.65493925e-01  3.99107048e-01  7.69821990e-01  9.39820559e-01  2.82623111e-01  7.89967446e-01
9.22013032e-01  6.39078480e-01  4.22104286e-01  9.81350374e-01  7.32559750e-01  4.17747155e-01
8.98011534e-01  6.41354706e-01  5.01827700e-01  9.71510922e-01  6.38311011e-01  5.02509904e-01
8.71656070e-01  2.98674782e-01  8.13805758e-01  9.34929859e-01  2.16613348e-01  8.36352604e-01
8.40623707e-01  2.79902106e-01  9.31380839e-01  9.19931227e-01  1.69359662e-01  9.43652023e-01
7.59575842e-01  6.27812826e-01  9.81020645e-01  9.05227386e-01  4.03863970e-01  9.83238247e-01
7.76032249e-01  5.31781435e-01  9.87191235e-01  9.07771060e-01  3.02424705e-01  9.90295471e-01
8.17883887e-01  7.52411015e-01  7.02110446e-01  9.40663989e-01  6.44781092e-01  6.99291322e-01
8.11893713e-01  5.80232689e-01  8.34242513e-01  9.28501457e-01  3.74049569e-01  8.41020479e-01
7.86362052e-01  6.07524771e-01  9.02929401e-01  9.18570326e-01  3.63841299e-01  9.06587602e-01
7.73638492e-01  5.46085671e-01  9.86031884e-01  9.06060004e-01  3.51932482e-01  9.89610484e-01
8.52379116e-01  8.41984930e-01  5.26523658e-01  9.69689342e-01  7.08891171e-01  4.97572355e-01
8.31913621e-01  7.13975826e-01  6.79125332e-01  9.44412057e-01  6.25500468e-01  6.79282036e-01
8.98524308e-01  5.27278413e-01  5.74445469e-01  9.63676451e-01  4.78218067e-01  5.90952165e-01
7.75983689e-01  7.87818089e-01  8.21111861e-01  9.26471285e-01  5.31517423e-01  8.16446601e-01
8.24063634e-01  4.73360778e-01  8.62303848e-01  9.25680323e-01  3.13638546e-01  8.73333602e-01
9.69752629e-01  3.28774951e-01  4.61159319e-01  9.86303623e-01  2.57316670e-01  4.97361500e-01
7.75847044e-01  6.38317689e-01  9.18644571e-01  9.15304499e-01  3.91072035e-01  9.21117206e-01
8.69594212e-01  5.62153092e-01  6.50040924e-01  9.54338889e-01  4.31592716e-01  6.61801661e-01
8.83272739e-01  7.64886315e-01  4.71675249e-01  9.76809926e-01  7.20106958e-01  4.49275488e-01
8.36411789e-01  3.02514894e-01  9.31002061e-01  9.19506638e-01  1.84680280e-01  9.42767324e-01
8.27932518e-01  2.88634401e-01  9.68812274e-01  9.15216557e-01  1.55206396e-01  9.77215970e-01
9.17555972e-01  2.75997112e-01  6.72663271e-01  9.54976375e-01  2.16631889e-01  7.07808876e-01
8.57538159e-01  2.33031375e-01  9.04371579e-01  9.24361985e-01  1.46630444e-01  9.20592728e-01
8.94569384e-01  2.66963398e-01  7.56585021e-01  9.43763888e-01  1.91962542e-01  7.85511996e-01
9.66073747e-01  4.22243660e-01  4.12969742e-01  9.92075004e-01  3.65478451e-01  4.34890743e-01
8.64094323e-01  4.69377041e-01  7.28952111e-01  9.46003867e-01  3.02388526e-01  7.45666080e-01
8.42872754e-01  8.06631262e-01  5.81756011e-01  9.57782915e-01  7.40296704e-01  5.66521069e-01
9.58083164e-01  4.75473511e-01  4.05544324e-01  9.90793515e-01  4.61315597e-01  4.20543839e-01
7.73339674e-01  6.93557680e-01  8.91291586e-01  9.16312482e-01  4.83469313e-01  8.92898946e-01
8.70191901e-01  3.15559004e-01  8.07815380e-01  9.35274337e-01  2.33613716e-01  8.30141087e-01
7.68297160e-01  6.01906291e-01  9.67926394e-01  9.08231810e-01  3.73120693e-01  9.70695487e-01
7.91768831e-01  5.74640585e-01  9.06215571e-01  9.15576267e-01  4.22720534e-01  9.12439184e-01
8.33834169e-01  2.81322673e-01  9.53516813e-01  9.17200806e-01  1.59150879e-01  9.63563756e-01
8.76394361e-01  5.09302228e-01  6.60965593e-01  9.55636929e-01  3.33627414e-01  6.76027618e-01
8.10793152e-01  4.26234092e-01  9.37672980e-01  9.16807168e-01  2.46403850e-01  9.45544015e-01
8.69992328e-01  8.46006410e-01  4.64104818e-01  9.74830620e-01  8.58485660e-01  4.29387027e-01
8.74595921e-01  7.98664424e-01  4.79208118e-01  9.69460845e-01  8.84873753e-01  4.57604535e-01
8.55048994e-01  6.28155869e-01  6.56282213e-01  9.49528703e-01  5.52041413e-01  6.63769580e-01
8.02372203e-01  9.13001916e-01  6.50224618e-01  9.50648350e-01  6.86694209e-01  6.24887547e-01
8.62299317e-01  6.86098341e-01  5.94043933e-01  9.56968032e-01  6.43739733e-01  5.94479412e-01
8.75978719e-01  7.18415750e-01  5.26612223e-01  9.65483853e-01  7.29151614e-01  5.19767417e-01
8.76093944e-01  2.21727400e-01  8.48695827e-01  9.32501482e-01  1.36371316e-01  8.70816454e-01
8.67468865e-01  7.53683470e-01  5.32612383e-01  9.69774718e-01  6.24265359e-01  5.16949104e-01
8.67673079e-01  8.23199428e-01  4.86786979e-01  9.72990222e-01  7.87218813e-01  4.57966260e-01
8.85767967e-01  6.14484680e-01  5.61145228e-01  9.68893354e-01  4.50293956e-01  5.64076203e-01
9.55326052e-01  4.86438066e-01  4.07787970e-01  9.92369775e-01  4.23063745e-01  4.19442984e-01
8.29588630e-01  7.08456299e-01  6.90604005e-01  9.43123737e-01  6.09379829e-01  6.91338209e-01
8.44876954e-01  3.58231900e-01  8.66076301e-01  9.26329563e-01  2.57143543e-01  8.81956051e-01
9.62974948e-01  3.24267425e-01  4.87099426e-01  9.80384787e-01  2.98318888e-01  5.25658944e-01
7.94876960e-01  4.45113575e-01  9.79466490e-01  9.08013393e-01  3.16250749e-01  9.85486216e-01
8.66325566e-01  2.54557212e-01  8.60552594e-01  9.29677728e-01  1.72012321e-01  8.80531153e-01
9.62093497e-01  3.23536363e-01  4.90567327e-01  9.82107589e-01  2.43698449e-01  5.27472283e-01
9.31989857e-01  5.38050190e-01  4.53817107e-01  9.82954616e-01  4.96057227e-01  4.63142484e-01
8.85026758e-01  4.45781742e-01  6.73189492e-01  9.52565385e-01  3.39649923e-01  6.94820591e-01
8.68004224e-01  5.90310389e-01  6.37159085e-01  9.55245295e-01  4.71616716e-01  6.46566498e-01
8.50024787e-01  2.57183661e-01  9.14205359e-01  9.22871688e-01  1.53090802e-01  9.28627706e-01
8.21701392e-01  2.91195424e-01  9.88311395e-01  9.12088118e-01  1.64492907e-01  9.95089796e-01
1.00162629e+00  3.00537122e-01  3.71263593e-01  9.97400427e-01  3.22520950e-01  4.10858700e-01
8.82333688e-01  6.81392953e-01  5.29070233e-01  9.72040130e-01  5.40169221e-01  5.22223019e-01
8.28939728e-01  4.46678521e-01  8.62772380e-01  9.27519407e-01  2.57744907e-01  8.74184981e-01
8.60670973e-01  2.65260623e-01  8.72805847e-01  9.27786782e-01  1.78075891e-01  8.91228528e-01
8.61458721e-01  7.84198751e-01  5.33208311e-01  9.62519794e-01  8.13724853e-01  5.18860837e-01
8.67730957e-01  4.40522859e-01  7.35336299e-01  9.44858350e-01  2.97352639e-01  7.54196857e-01
8.74491160e-01  7.86648365e-01  4.87365413e-01  9.73728162e-01  7.41573717e-01  4.63981255e-01
9.58322695e-01  4.59640316e-01  4.15307742e-01  9.90045699e-01  4.30856786e-01  4.33026053e-01
7.75261951e-01  6.28662345e-01  9.26899059e-01  9.10619263e-01  4.75711556e-01  9.31231481e-01
8.72149730e-01  2.88002189e-01  8.19058795e-01  9.34447190e-01  2.07365079e-01  8.41625012e-01
9.08317614e-01  5.11371118e-01  5.51518724e-01  9.68159666e-01  4.50025201e-01  5.68843852e-01
8.72132992e-01  5.03292841e-01  6.79634507e-01  9.51037298e-01  3.75602053e-01  6.96153996e-01
9.25618371e-01  5.45855387e-01  4.70384642e-01  9.80804359e-01  4.85724698e-01  4.79362329e-01
8.41848004e-01  2.71094866e-01  9.32941429e-01  9.19321329e-01  1.77989737e-01  9.45530865e-01
8.60993933e-01  8.15244950e-01  5.14630602e-01  9.65443157e-01  8.41876384e-01  4.93488622e-01
7.75811526e-01  5.31587826e-01  9.88065936e-01  9.06331852e-01  3.35689383e-01  9.91691802e-01
9.29400372e-01  3.82285909e-01  5.63438224e-01  9.70883579e-01  2.71657829e-01  5.92856954e-01
8.90402685e-01  6.10404218e-01  5.48056107e-01  9.68029469e-01  5.20594921e-01  5.53063746e-01
8.46836714e-01  4.39008352e-01  8.07272949e-01  9.34826622e-01  2.80469531e-01  8.22496017e-01
8.35922752e-01  2.33415090e-01  9.77531466e-01  9.14191777e-01  1.44168444e-01  9.86386041e-01
7.89028567e-01  6.48072146e-01  8.67546918e-01  9.22948858e-01  3.99323360e-01  8.70157558e-01
8.55147919e-01  5.62638437e-01  6.98780799e-01  9.45102616e-01  4.72192057e-01  7.11465747e-01
8.35132786e-01  3.02051369e-01  9.35943940e-01  9.18120445e-01  2.04086380e-01  9.47602926e-01
8.92995246e-01  6.44448914e-01  5.16852102e-01  9.68968934e-01  6.40293871e-01  5.18342006e-01
8.00854770e-01  8.76403598e-01  6.79138443e-01  9.45332029e-01  6.77291439e-01  6.61189381e-01
8.33868521e-01  6.47680867e-01  7.15826764e-01  9.41382512e-01  5.31058298e-01  7.21459411e-01
9.13070365e-01  5.48336791e-01  5.11083483e-01  9.71694099e-01  5.40958772e-01  5.24255874e-01
7.58973915e-01  6.11153738e-01  9.93584609e-01  9.04112912e-01  3.79122747e-01  9.95693723e-01
8.53536157e-01  2.83205660e-01  8.85384622e-01  9.26859447e-01  1.59775999e-01  9.01483433e-01
8.21239507e-01  6.32914837e-01  7.68299602e-01  9.34984237e-01  4.80996179e-01  7.74272199e-01
8.39368546e-01  8.74739540e-01  5.49437014e-01  9.62042792e-01  8.14890550e-01  5.21644849e-01
8.12160347e-01  8.92382724e-01  6.30373326e-01  9.52778162e-01  7.07266203e-01  6.06387840e-01
9.20437732e-01  3.61472770e-01  6.07384640e-01  9.65283005e-01  2.35075874e-01  6.37380427e-01
8.03992795e-01  4.87583715e-01  9.20932521e-01  9.17951868e-01  2.89485762e-01  9.28060290e-01
9.67661552e-01  3.83315097e-01  4.32851261e-01  9.89067870e-01  3.33218949e-01  4.61767187e-01
8.06097954e-01  8.61796005e-01  6.70817953e-01  9.47221986e-01  6.58497259e-01  6.53495973e-01
8.39727724e-01  6.29793780e-01  7.07543808e-01  9.43917425e-01  4.93785814e-01  7.13981078e-01
8.77448328e-01  4.43170386e-01  7.00619840e-01  9.50702491e-01  2.82540558e-01  7.20211476e-01
8.67680506e-01  6.70221860e-01  5.86377309e-01  9.63319157e-01  5.14524745e-01  5.84695027e-01
8.91554886e-01  2.72296879e-01  7.63358785e-01  9.42537083e-01  1.99905089e-01  7.91508310e-01
8.99728443e-01  3.71189308e-01  6.71398327e-01  9.55831657e-01  2.35256618e-01  6.97939723e-01
9.09501201e-01  6.91465921e-01  4.30280377e-01  9.78808346e-01  7.94282314e-01  4.18998298e-01
9.20601516e-01  6.22236323e-01  4.37533888e-01  9.81032808e-01  6.62356775e-01  4.35795528e-01
8.05647826e-01  3.81385797e-01  9.84565386e-01  9.09558543e-01  2.53544651e-01  9.90858846e-01
8.16404104e-01  3.18795467e-01  9.88380091e-01  9.11179350e-01  1.89978714e-01  9.94916352e-01
8.15295447e-01  4.32722593e-01  9.18168662e-01  9.17079752e-01  3.12895583e-01  9.28140646e-01
8.06254770e-01  5.48378738e-01  8.74073603e-01  9.21940016e-01  3.79576058e-01  8.81792101e-01
9.11145115e-01  3.55112655e-01  6.43068445e-01  9.60268663e-01  2.23843085e-01  6.72176915e-01
8.40537473e-01  4.74669129e-01  8.05510031e-01  9.32371658e-01  3.57856404e-01  8.20017010e-01
8.33686787e-01  9.22811711e-01  5.37520549e-01  9.65327885e-01  8.19648708e-01  4.99460942e-01
8.74326391e-01  7.89787964e-01  4.86183717e-01  9.68694243e-01  8.69200086e-01  4.66726244e-01
8.53658716e-01  3.48479689e-01  8.42586877e-01  9.32045778e-01  1.96681231e-01  8.59538618e-01
9.82308512e-01  3.17835655e-01  4.25627155e-01  9.90364628e-01  2.89622417e-01  4.63716821e-01
8.05444707e-01  8.86126448e-01  6.57240037e-01  9.50050364e-01  6.57987290e-01  6.35480593e-01
7.75721104e-01  8.69261138e-01  7.69125130e-01  9.32857938e-01  6.10832829e-01  7.56820509e-01
9.30546632e-01  2.73954521e-01  6.29877401e-01  9.61130238e-01  2.18177681e-01  6.67986407e-01
8.60397778e-01  2.83232101e-01  8.62362316e-01  9.28548230e-01  2.01816653e-01  8.81272484e-01
7.56398515e-01  7.33731424e-01  9.22740064e-01  9.12659748e-01  4.59097100e-01  9.22059329e-01
9.90241715e-01  2.68833715e-01  4.30502442e-01  9.90092613e-01  2.47874626e-01  4.75289969e-01
7.91645054e-01  4.96259142e-01  9.57233500e-01  9.12722073e-01  2.86362857e-01  9.62330145e-01
7.37019911e-01  8.11924087e-01  9.38077556e-01  9.09210703e-01  5.00766190e-01  9.34880492e-01
8.33101742e-01  4.59827060e-01  8.40397630e-01  9.27808840e-01  3.38655007e-01  8.53795205e-01
8.07729606e-01  3.74035051e-01  9.81971045e-01  9.10706952e-01  2.30936609e-01  9.88301844e-01
8.37771131e-01  7.34889878e-01  6.45955260e-01  9.53488197e-01  5.47578888e-01  6.39948267e-01
9.31726676e-01  5.13106194e-01  4.70904822e-01  9.80294694e-01  4.75125567e-01  4.85125684e-01
9.46905357e-01  3.96817364e-01  4.94564235e-01  9.80544801e-01  3.06581861e-01  5.22687510e-01
7.75843740e-01  6.82919059e-01  8.89694827e-01  9.15548131e-01  5.06713446e-01  8.92327293e-01
8.52563365e-01  4.49477939e-01  7.81028776e-01  9.39028430e-01  2.75685057e-01  7.96680151e-01
9.07707130e-01  6.40102906e-01  4.69718145e-01  9.74977295e-01  6.85404342e-01  4.69196390e-01
7.98738391e-01  8.78564099e-01  6.84922636e-01  9.45002580e-01  6.62455540e-01  6.66794788e-01
8.39523253e-01  2.45847049e-01  9.57230629e-01  9.16246374e-01  1.65835338e-01  9.68109942e-01
7.54460714e-01  7.15863279e-01  9.40921954e-01  9.08876675e-01  4.79318159e-01  9.41556111e-01
7.69637646e-01  7.14303301e-01  8.90691929e-01  9.17384325e-01  4.65463088e-01  8.90781870e-01
7.68685140e-01  6.65698476e-01  9.25187113e-01  9.11534040e-01  4.65651484e-01  9.27734379e-01
8.40167933e-01  7.50061194e-01  6.27667719e-01  9.50235449e-01  7.05395939e-01  6.23131947e-01
9.38131759e-01  3.42891449e-01  5.59662877e-01  9.69593455e-01  2.99948436e-01  5.94984608e-01
8.26609905e-01  9.04113367e-01  5.73691026e-01  9.61303696e-01  7.48171062e-01  5.42092193e-01
9.03509664e-01  2.18284474e-01  7.57830688e-01  9.44243018e-01  1.61888997e-01  7.89520466e-01
8.31919851e-01  7.92051562e-01  6.28711875e-01  9.51453622e-01  6.95083873e-01  6.18265147e-01
9.00136186e-01  2.69088782e-01  7.36301850e-01  9.47592118e-01  1.69655128e-01  7.66217332e-01
8.90263768e-01  2.90342325e-01  7.56027697e-01  9.44922625e-01  1.71832158e-01  7.82821693e-01
8.20052804e-01  3.56281168e-01  9.51647231e-01  9.14719144e-01  2.38311984e-01  9.60838144e-01
8.45772215e-01  3.71220149e-01  8.54602880e-01  9.27585390e-01  2.70007908e-01  8.70874612e-01
7.89164169e-01  7.39112826e-01  8.08273321e-01  9.30112194e-01  4.79402029e-01  8.05887365e-01
9.24523951e-01  4.57114910e-01  5.31713162e-01  9.73523263e-01  3.68118679e-01  5.53736962e-01
9.14744404e-01  4.71806324e-01  5.55382599e-01  9.69779789e-01  3.75513650e-01  5.75998738e-01
9.45883933e-01  4.99403670e-01  4.31431356e-01  9.85093561e-01  5.07645447e-01  4.46183371e-01
8.29327937e-01  7.35685669e-01  6.73810511e-01  9.44419434e-01  6.55995418e-01  6.72054935e-01
7.60197023e-01  6.40751280e-01  9.70212081e-01  9.06150396e-01  4.22046805e-01  9.72522270e-01
8.83582022e-01  2.56297390e-01  8.00821802e-01  9.39059949e-01  1.49200233e-01  8.25742248e-01
7.91928572e-01  7.08694091e-01  8.18336361e-01  9.25006227e-01  5.55843971e-01  8.20113115e-01
8.70733604e-01  4.02614981e-01  7.49751604e-01  9.42897316e-01  2.80734187e-01  7.70683828e-01
8.88471742e-01  7.61467166e-01  4.56241008e-01  9.73754303e-01  8.54480013e-01  4.37231307e-01
9.42032024e-01  4.35902862e-01  4.85736527e-01  9.77944705e-01  4.24785539e-01  5.11529334e-01
9.30745782e-01  2.41428714e-01  6.50318215e-01  9.59645929e-01  1.68865294e-01  6.89114006e-01
7.74053077e-01  6.26491837e-01  9.32413924e-01  9.10217229e-01  4.64129466e-01  9.36536412e-01
8.11974414e-01  7.56622515e-01  7.19145960e-01  9.38777285e-01  6.22980005e-01  7.16005579e-01
8.98876453e-01  6.17663155e-01  5.14569998e-01  9.74351928e-01  5.06907657e-01  5.15747280e-01
9.88039641e-01  3.15643528e-01  4.07590045e-01  9.91947326e-01  3.19998664e-01  4.46417057e-01
8.35002778e-01  2.60356452e-01  9.63459423e-01  9.15732863e-01  1.60421490e-01  9.73193611e-01
8.11862660e-01  3.72655464e-01  9.68829794e-01  9.11606167e-01  2.56321818e-01  9.76558847e-01
7.53245591e-01  6.40953605e-01  9.93985434e-01  9.00921814e-01  4.64094634e-01  9.96665264e-01
8.54032380e-01  2.10940896e-01  9.30621005e-01  9.20767646e-01  1.41319040e-01  9.44890924e-01
7.60657487e-01  6.16625018e-01  9.84314615e-01  9.05940726e-01  3.69364127e-01  9.86270982e-01
8.46958408e-01  7.17200247e-01  6.26241624e-01  9.51332975e-01  6.70045654e-01  6.24933771e-01
9.98474701e-01  3.11817293e-01  3.74939354e-01  9.99426280e-01  2.70429032e-01  4.10649774e-01
8.31604610e-01  2.42971407e-01  9.85991306e-01  9.12199463e-01  1.65542744e-01  9.94128649e-01
8.62300733e-01  2.02120717e-01  9.08565736e-01  9.24422152e-01  1.27585475e-01  9.25207286e-01
8.97444823e-01  2.82737059e-01  7.36877107e-01  9.46209328e-01  2.08194070e-01  7.66526261e-01
9.07971523e-01  5.84822051e-01  5.05007790e-01  9.74084820e-01  5.31597102e-01  5.11647107e-01
8.94888658e-01  2.75828552e-01  7.49745506e-01  9.45649547e-01  1.71981748e-01  7.78125408e-01
9.15711160e-01  4.45872440e-01  5.68937100e-01  9.69484432e-01  3.18007275e-01  5.91431854e-01
9.53764892e-01  3.05013279e-01  5.31170893e-01  9.76648973e-01  2.16122255e-01  5.69481174e-01
8.05037529e-01  8.83867437e-01  6.60089200e-01  9.49049870e-01  6.69319919e-01  6.39227549e-01
8.15722394e-01  7.36863476e-01  7.19247017e-01  9.38284644e-01  6.26783128e-01  7.18268985e-01
8.19886585e-01  4.57990867e-01  8.86171597e-01  9.23812327e-01  2.66343128e-01  8.95930905e-01
8.25508453e-01  2.95058790e-01  9.72872935e-01  9.13789302e-01  1.77511787e-01  9.81116038e-01
9.50772565e-01  3.60576736e-01  5.04960955e-01  9.79200990e-01  2.79377171e-01  5.37708947e-01
8.14044899e-01  3.61255575e-01  9.69119192e-01  9.13440459e-01  2.09524975e-01  9.76331536e-01
8.11885976e-01  7.71238419e-01  7.10254877e-01  9.41267173e-01  6.05333217e-01  7.04711410e-01
8.25142518e-01  3.43887227e-01  9.42409968e-01  9.17135742e-01  2.09115806e-01  9.52216643e-01
8.63550995e-01  7.92966584e-01  5.20411723e-01  9.66769550e-01  7.71528472e-01  5.01546524e-01
8.76378362e-01  2.89081375e-01  8.03998857e-01  9.38078412e-01  1.70558893e-01  8.27007125e-01
7.98712962e-01  5.93315047e-01  8.70210601e-01  9.20399853e-01  4.40669179e-01  8.76767358e-01
8.00293549e-01  4.21804268e-01  9.76206670e-01  9.09793464e-01  2.80602930e-01  9.82465307e-01
7.63711460e-01  7.97782340e-01  8.56615852e-01  9.21948340e-01  5.06757025e-01  8.51794160e-01
8.60416181e-01  4.91918865e-01  7.26806394e-01  9.44510558e-01  3.55109402e-01  7.42828401e-01
7.67777605e-01  6.55618004e-01  9.34814660e-01  9.10839260e-01  4.43837445e-01  9.37325577e-01
8.21281342e-01  7.55896282e-01  6.88013266e-01  9.43123246e-01  6.40098045e-01  6.84108969e-01
8.53078539e-01  2.22414967e-01  9.26707839e-01  9.21591752e-01  1.38061808e-01  9.40889717e-01
8.24345614e-01  3.15055918e-01  9.63837069e-01  9.14151737e-01  2.03279916e-01  9.72724854e-01
7.98578308e-01  6.59333444e-01  8.27803186e-01  9.24725678e-01  5.12052729e-01  8.32222533e-01
8.10227663e-01  7.82473581e-01  7.08293783e-01  9.40320237e-01  6.39083061e-01  7.02320802e-01
7.78218769e-01  5.23218234e-01  9.85325481e-01  9.07529682e-01  3.14792435e-01  9.88931238e-01
7.72200130e-01  6.75570211e-01  9.06840103e-01  9.13283536e-01  4.95135844e-01  9.09574197e-01
1.00153403e+00  2.58298310e-01  3.98998827e-01  9.94753524e-01  2.50487691e-01  4.44789589e-01
9.17374082e-01  3.78589609e-01  6.06674233e-01  9.62112647e-01  3.22497177e-01  6.37126052e-01
8.50285377e-01  6.61173819e-01  6.51319577e-01  9.52004377e-01  5.27869703e-01  6.54102847e-01
8.69872539e-01  5.66117000e-01  6.46522656e-01  9.56166521e-01  4.02174981e-01  6.57009101e-01
8.31856141e-01  6.95640601e-01  6.91224509e-01  9.42625850e-01  6.13742417e-01  6.93503520e-01
8.70423076e-01  7.88532946e-01  4.99954938e-01  9.66246437e-01  8.66386697e-01  4.82567443e-01
9.69906580e-01  2.45463388e-01  5.14723735e-01  9.78246973e-01  2.06206050e-01  5.61053409e-01
8.65908924e-01  5.92356572e-01  6.42945553e-01  9.54098505e-01  4.78157903e-01  6.52379609e-01
9.52095565e-01  2.90565268e-01  5.45921420e-01  9.73491074e-01  2.29061066e-01  5.86166880e-01
7.91144249e-01  7.82774098e-01  7.73200431e-01  9.32342409e-01  5.78045600e-01  7.68361908e-01
7.87761450e-01  5.65896569e-01  9.25204546e-01  9.12675567e-01  4.19685974e-01  9.31237304e-01
7.57720003e-01  6.25664554e-01  9.88420605e-01  9.04130713e-01  4.00374783e-01  9.90575727e-01
8.39430076e-01  9.33750617e-01  5.10916631e-01  9.69859376e-01  8.36060982e-01  4.66541525e-01
