9.23048675e-01  4.15367986e-01  5.63528216e-01  9.69550774e-01  3.19744894e-01  5.90081175e-01
8.71801312e-01  4.43968442e-01  7.18979641e-01  9.47040026e-01  3.03040598e-01  7.38352471e-01
9.31954082e-01  4.75823182e-01  4.94040029e-01  9.78191826e-01  4.10068524e-01  5.13409762e-01
8.42332172e-01  6.14997657e-01  7.08008944e-01  9.45381836e-01  4.48093121e-01  7.14833092e-01
8.35728184e-01  6.64731192e-01  6.98442818e-01  9.46673848e-01  4.75327309e-01  7.00652798e-01
8.99516117e-01  3.88160719e-01  6.61100266e-01  9.55258871e-01  2.93668130e-01  6.87859858e-01
8.55210722e-01  5.69828361e-01  6.93602501e-01  9.47701297e-01  4.28725379e-01  7.04520711e-01
8.71758707e-01  5.41230285e-01  6.55977326e-01  9.53899711e-01  4.08563966e-01  6.69523401e-01
9.17695306e-01  3.55466883e-01  6.20595760e-01  9.61838452e-01  2.67977825e-01  6.51720297e-01
8.99209803e-01  5.11554091e-01  5.82029128e-01  9.64200986e-01  4.26539817e-01  5.99239822e-01
8.88413933e-01  5.29223941e-01  6.07216257e-01  9.60269238e-01  4.34058855e-01  6.22679674e-01
9.18458626e-01  4.08559977e-01  5.83534155e-01  9.66359093e-01  3.18801734e-01  6.10768094e-01
8.97490132e-01  3.65374992e-01  6.82773372e-01  9.52716439e-01  2.68183396e-01  7.10162137e-01
8.71742219e-01  5.48024245e-01  6.51622363e-01  9.54278518e-01  4.18831939e-01  6.64676981e-01
8.33485167e-01  6.37918987e-01  7.23169847e-01  9.43346413e-01  4.48340967e-01  7.27825895e-01
8.45361541e-01  5.26115603e-01  7.55429135e-01  9.40584057e-01  3.54156582e-01  7.67713406e-01
8.90015956e-01  4.25972059e-01  6.68811723e-01  9.54865495e-01  2.89600780e-01  6.91339800e-01
8.71085948e-01  5.46038750e-01  6.55140168e-01  9.54672121e-01  3.94906242e-01  6.67786321e-01
8.55976883e-01  6.44104592e-01  6.42777672e-01  9.54715330e-01  4.85341268e-01  6.46217073e-01
9.08800355e-01  5.00385230e-01  5.56714366e-01  9.68134660e-01  4.22880808e-01  5.74878859e-01
8.71337919e-01  4.79635318e-01  6.97396471e-01  9.49337386e-01  3.39570726e-01  7.15020964e-01
8.55552889e-01  5.48455355e-01  7.06317082e-01  9.46555090e-01  4.00262630e-01  7.18571559e-01
8.67208757e-01  6.53649926e-01  5.98440364e-01  9.60111287e-01  5.33435114e-01  6.00295214e-01
8.74202641e-01  5.54417623e-01  6.39116755e-01  9.56247949e-01  4.21385270e-01  6.51447886e-01
8.60564258e-01  5.31895118e-01  7.00051624e-01  9.48337931e-01  3.73849479e-01  7.13358768e-01
8.83653106e-01  3.36622121e-01  7.48428289e-01  9.44156507e-01  2.31937460e-01  7.73582577e-01
8.61899343e-01  4.45160165e-01  7.51830663e-01  9.41865453e-01  3.09910364e-01  7.69914594e-01
8.81121869e-01  4.96645933e-01  6.53129065e-01  9.56033237e-01  3.48294124e-01  6.70033337e-01
8.75667484e-01  6.28461670e-01  5.86070238e-01  9.60961065e-01  5.48633081e-01  5.91268294e-01
8.67789694e-01  6.01832604e-01  6.30109338e-01  9.56133500e-01  4.80549171e-01  6.38252092e-01
8.70184618e-01  4.37008643e-01  7.28988137e-01  9.45507857e-01  3.01502942e-01  7.48538822e-01
8.40463993e-01  5.69340297e-01  7.43996310e-01  9.41542860e-01  3.88176603e-01  7.53555683e-01
8.69189663e-01  4.66372814e-01  7.13302056e-01  9.47246301e-01  3.26908766e-01  7.31410213e-01
8.88103853e-01  5.94768404e-01  5.65715964e-01  9.67029992e-01  4.64423904e-01  5.72180989e-01
8.90370462e-01  5.64356438e-01  5.77763640e-01  9.65071160e-01  4.48620206e-01  5.88461703e-01
8.94752372e-01  4.04768956e-01  6.66494038e-01  9.55105863e-01  2.84016568e-01  6.91113327e-01
8.51143533e-01  5.16199584e-01  7.42232123e-01  9.41175219e-01  3.85954487e-01  7.56436210e-01
8.87437364e-01  3.45363437e-01  7.29902498e-01  9.46714696e-01  2.38225129e-01  7.55698945e-01
8.78211954e-01  4.39364760e-01  7.00199294e-01  9.48800209e-01  3.27576602e-01  7.21289297e-01
8.67252971e-01  6.66622448e-01  5.90164987e-01  9.57673656e-01  6.33859011e-01  5.92797520e-01
8.69371846e-01  6.40571523e-01  5.99586425e-01  9.61256042e-01  4.94501282e-01  6.02121715e-01
9.19629582e-01  5.04296776e-01  5.17403382e-01  9.75583747e-01  3.97954083e-01  5.32984700e-01
9.13438607e-01  5.51220308e-01  5.07961454e-01  9.75644750e-01  4.60655186e-01  5.17831275e-01
8.74148201e-01  6.21316308e-01  5.95868306e-01  9.60238563e-01  5.23944605e-01  6.01713588e-01
8.80215507e-01  6.18350922e-01  5.77191031e-01  9.62668705e-01  5.37023067e-01  5.83052493e-01
8.75339550e-01  4.27332776e-01  7.17765393e-01  9.47645457e-01  2.86823630e-01  7.38288621e-01
9.03279611e-01  5.58790769e-01  5.37542544e-01  9.71959568e-01  4.36805057e-01  5.47075541e-01
8.85779478e-01  4.53986933e-01  6.65008733e-01  9.53524608e-01  3.47739878e-01  6.86249134e-01
8.65258165e-01  5.52586627e-01  6.70678080e-01  9.50877660e-01  4.31301097e-01  6.83547460e-01
8.72228202e-01  4.64307641e-01  7.04324568e-01  9.48046909e-01  3.39873551e-01  7.23224226e-01
7.66179497e-01  6.34827124e-01  9.54040254e-01  9.10547322e-01  3.75090311e-01  9.55900334e-01
8.74810959e-01  5.22904821e-01  6.57510460e-01  9.54120913e-01  3.89561664e-01  6.72578999e-01
8.48937769e-01  4.74358988e-01  7.76887927e-01  9.37134056e-01  3.43425921e-01  7.92361519e-01
8.50115445e-01  6.56421168e-01  6.54684982e-01  9.52781561e-01  4.91477723e-01  6.57171550e-01
8.64029791e-01  5.12667785e-01  7.00766383e-01  9.47095202e-01  3.94516978e-01  7.16461138e-01
9.16558139e-01  4.80140996e-01  5.43515125e-01  9.70935233e-01  3.95434717e-01  5.63383715e-01
8.94907128e-01  5.86958152e-01  5.47684971e-01  9.68311388e-01  5.00220091e-01  5.55536954e-01
9.52620624e-01  3.77164389e-01  4.87916547e-01  9.80086402e-01  3.31769191e-01  5.19696650e-01
8.93087384e-01  4.68168469e-01  6.30986454e-01  9.59282988e-01  3.40139976e-01  6.51115856e-01
8.51494808e-01  5.51661389e-01  7.18015910e-01  9.45003355e-01  3.95262379e-01  7.29698587e-01
9.19951256e-01  3.86966731e-01  5.92484606e-01  9.64967752e-01  3.09266327e-01  6.21934333e-01
9.21368843e-01  3.70830908e-01  5.98147047e-01  9.65330000e-01  2.72184754e-01  6.28342136e-01
8.76771920e-01  4.40237626e-01  7.04522891e-01  9.49127616e-01  3.03776842e-01  7.24793457e-01
8.90645132e-01  3.97369390e-01  6.85245132e-01  9.52491735e-01  2.76422978e-01  7.09662976e-01
8.42674196e-01  6.16939548e-01  7.05586550e-01  9.45123108e-01  4.64573199e-01  7.12611940e-01
8.70254675e-01  6.14784164e-01  6.13330432e-01  9.58400260e-01  4.96926873e-01  6.19861747e-01
8.98369682e-01  6.09520531e-01  5.21279379e-01  9.71711911e-01  5.36228785e-01  5.25255268e-01
8.30831014e-01  5.86937880e-01  7.65282361e-01  9.37221322e-01  4.19935469e-01  7.73788126e-01
8.97039231e-01  3.88842959e-01  6.69068444e-01  9.55319815e-01  2.63123176e-01  6.94660667e-01
8.33464254e-01  5.67102822e-01  7.69218743e-01  9.37681751e-01  3.87114788e-01  7.78563300e-01
8.81912510e-01  6.11747646e-01  5.75715846e-01  9.63994870e-01  5.07338444e-01  5.81538161e-01
8.39050472e-01  5.18913024e-01  7.81536295e-01  9.35719689e-01  3.74475525e-01  7.94120035e-01
8.88179582e-01  4.58853353e-01  6.53699442e-01  9.55827726e-01  3.35484200e-01  6.74367074e-01
9.39708029e-01  4.32225218e-01  4.96015755e-01  9.79586320e-01  3.43977399e-01  5.20028826e-01
8.74337456e-01  3.47802040e-01  7.72803809e-01  9.40598239e-01  2.35543100e-01  7.95549485e-01
9.32047819e-01  4.39120765e-01  5.17549793e-01  9.75678019e-01  3.58818370e-01  5.41594326e-01
8.30819015e-01  5.68403525e-01  7.77357023e-01  9.36434424e-01  3.87542230e-01  7.86460598e-01
8.78664550e-01  6.28241002e-01  5.76036649e-01  9.63116890e-01  5.36009556e-01  5.80417378e-01
9.02575508e-01  4.41745520e-01  6.15922716e-01  9.62187365e-01  3.14219980e-01  6.38595744e-01
8.69276789e-01  4.90670960e-01  6.97230450e-01  9.48458652e-01  3.65971281e-01  7.14439580e-01
8.50969148e-01  4.67863389e-01  7.74207108e-01  9.37770875e-01  3.35621463e-01  7.90115714e-01
9.03955032e-01  4.19830598e-01  6.25465924e-01  9.59905872e-01  3.24644129e-01  6.50770322e-01
8.67526643e-01  6.03072751e-01  6.30197787e-01  9.57571278e-01  4.45771420e-01  6.37221230e-01
8.77587150e-01  3.89466307e-01  7.34717570e-01  9.44919187e-01  2.79376990e-01  7.57522838e-01
8.51030993e-01  5.31031250e-01  7.32984815e-01  9.42404283e-01  3.95438148e-01  7.46322530e-01
8.94067627e-01  4.75873694e-01  6.22655336e-01  9.60253516e-01  3.51251978e-01  6.42276638e-01
8.46933947e-01  2.79888261e-01  9.10257013e-01  9.22301998e-01  1.87339952e-01  9.24732914e-01
8.30870530e-01  5.62039325e-01  7.81313861e-01  9.35312486e-01  3.98448150e-01  7.91086790e-01
8.80264968e-01  6.12340393e-01  5.80925768e-01  9.64708097e-01  4.69947434e-01  5.85768343e-01
9.24736263e-01  4.73133472e-01  5.20295022e-01  9.74892027e-01  3.85861910e-01  5.40266917e-01
9.07870660e-01  3.83347162e-01  6.35856050e-01  9.58959971e-01  2.93907905e-01  6.64072011e-01
8.78749253e-01  6.49926282e-01  5.61670258e-01  9.64739558e-01  5.65667050e-01  5.63030409e-01
8.41143887e-01  6.06713785e-01  7.17422491e-01  9.44409745e-01  4.32588207e-01  7.24716684e-01
8.93341828e-01  5.83427208e-01  5.55292498e-01  9.67079745e-01  4.98008833e-01  5.63954756e-01
8.90943492e-01  3.83781946e-01  6.93350623e-01  9.49940689e-01  3.06696023e-01  7.19408935e-01
8.69889908e-01  5.46071996e-01  6.59477151e-01  9.52556803e-01  4.32206808e-01  6.73083780e-01
9.16691130e-01  4.01167445e-01  5.94335488e-01  9.65467542e-01  2.96719340e-01  6.21683775e-01
8.71812413e-01  5.40313145e-01  6.56390628e-01  9.54659476e-01  3.87998097e-01  6.69493868e-01
8.79496433e-01  3.35759353e-01  7.63103562e-01  9.41817154e-01  2.36833349e-01  7.87429938e-01
9.31269083e-01  4.74769598e-01  4.97050172e-01  9.79109792e-01  3.75862761e-01  5.15577219e-01
8.79364184e-01  4.04770521e-01  7.18747103e-01  9.47495826e-01  2.79192485e-01  7.41044775e-01
8.92301169e-01  4.48217797e-01  6.46608827e-01  9.57057104e-01  3.27488657e-01  6.68366819e-01
9.27663660e-01  4.62851039e-01  5.17030285e-01  9.74872861e-01  3.93188126e-01  5.38664932e-01
8.43148468e-01  5.01282060e-01  7.79067653e-01  9.37250456e-01  3.40378824e-01  7.92332570e-01
9.11071547e-01  5.40280216e-01  5.23101641e-01  9.73832054e-01  4.38094128e-01  5.34765847e-01
9.07116135e-01  5.48332305e-01  5.31304897e-01  9.71586478e-01  4.64323806e-01  5.42988777e-01
8.37551916e-01  5.29093604e-01  7.80015655e-01  9.36708108e-01  3.58647450e-01  7.91508865e-01
8.61048258e-01  6.08706625e-01  6.48538620e-01  9.54541208e-01  4.50988977e-01  6.55421496e-01
8.49740865e-01  5.86438444e-01  7.01392421e-01  9.45395229e-01  4.62143585e-01  7.11439142e-01
9.44419923e-01  3.63086532e-01  5.24902300e-01  9.75290859e-01  2.99739351e-01  5.57986298e-01
8.77615995e-01  5.68639212e-01  6.18292638e-01  9.57871287e-01  4.68415993e-01  6.29966130e-01
8.91347221e-01  3.91477901e-01  6.86686099e-01  9.52548507e-01  2.67555501e-01  7.11386746e-01
8.38164918e-01  6.61774383e-01  6.91790305e-01  9.47434436e-01  4.79382258e-01  6.94305000e-01
8.47171020e-01  6.25331122e-01  6.84868496e-01  9.48825415e-01  4.57119581e-01  6.90627644e-01
8.53272765e-01  4.78429856e-01  7.59524205e-01  9.40089257e-01  3.35881188e-01  7.75188948e-01
9.11624487e-01  4.88987906e-01  5.54524251e-01  9.69239983e-01  3.98703646e-01  5.73483882e-01
8.74954221e-01  4.57401236e-01  6.99551696e-01  9.48925106e-01  3.33473715e-01  7.19100012e-01
9.10753933e-01  5.25553717e-01  5.33740923e-01  9.72323900e-01  4.24421194e-01  5.47655137e-01
8.60258190e-01  4.95036144e-01  7.25021777e-01  9.45688863e-01  3.31647671e-01  7.40280793e-01
8.67618326e-01  5.25037672e-01  6.80549575e-01  9.49795352e-01  4.09201844e-01  6.95690319e-01
8.56920076e-01  5.10919245e-01  7.26045137e-01  9.45317476e-01  3.42538332e-01  7.40097991e-01
8.88293675e-01  4.35736971e-01  6.68320314e-01  9.54809980e-01  2.96613969e-01  6.90044557e-01
9.65363441e-01  4.14843235e-01  4.20483515e-01  9.88999106e-01  4.05214200e-01  4.45773898e-01
8.90632130e-01  3.94027779e-01  6.87459002e-01  9.52831245e-01  2.58680936e-01  7.11663281e-01
8.79606993e-01  5.77707520e-01  6.05644720e-01  9.60988279e-01  4.45939065e-01  6.15272120e-01
8.47265402e-01  5.55633519e-01  7.29799328e-01  9.43826552e-01  3.80957590e-01  7.40612250e-01
9.18903487e-01  4.93228767e-01  5.27054381e-01  9.73336692e-01  4.08183328e-01  5.44984243e-01
8.63685510e-01  6.51372734e-01  6.11882820e-01  9.59261484e-01  4.99765397e-01  6.13671312e-01
8.45308152e-01  5.21605721e-01  7.58538140e-01  9.39259398e-01  3.73863060e-01  7.71567405e-01
9.02685869e-01  5.43131985e-01  5.49724438e-01  9.68321033e-01  4.68045170e-01  5.63050365e-01
9.07363443e-01  5.81278097e-01  5.09075849e-01  9.73794431e-01  5.18252088e-01  5.16134788e-01
9.17544215e-01  4.38229798e-01  5.67376614e-01  9.67904073e-01  3.56352069e-01  5.92020911e-01
8.66394786e-01  5.50072395e-01  6.68450936e-01  9.51782286e-01  4.16574148e-01  6.81214356e-01
8.70475477e-01  5.49268967e-01  6.55115481e-01  9.52851489e-01  4.40937210e-01  6.68622553e-01
8.73804250e-01  6.18684705e-01  5.98745220e-01  9.62034188e-01  4.67849991e-01  6.03407086e-01
8.77441133e-01  4.70072111e-01  6.82880302e-01  9.51094421e-01  3.47006445e-01  7.02004161e-01
8.75684577e-01  6.32313589e-01  5.83511928e-01  9.64054032e-01  4.86039610e-01  5.86173414e-01
7.91168005e-01  5.53464801e-01  9.22005874e-01  9.14630956e-01  3.82556771e-01  9.27957254e-01
8.92067727e-01  5.49986659e-01  5.81329443e-01  9.63694485e-01  4.60743407e-01  5.94434565e-01
8.67642498e-01  5.27064274e-01  6.79152236e-01  9.51630098e-01  3.70226349e-01  6.93102425e-01
8.62515471e-01  4.05512751e-01  7.75479670e-01  9.38708317e-01  2.89333130e-01  7.95003169e-01
8.94795211e-01  3.90616109e-01  6.75536968e-01  9.53354777e-01  2.88350132e-01  7.01320986e-01
8.80170293e-01  3.98289786e-01  7.20217431e-01  9.47574284e-01  2.69656013e-01  7.42787008e-01
8.97446247e-01  3.45539759e-01  6.95800405e-01  9.51585184e-01  2.41529276e-01  7.23691295e-01
7.89398062e-01  4.58690914e-01  9.89555193e-01  9.06299038e-01  3.25661891e-01  9.94779457e-01
8.42422017e-01  5.78821738e-01  7.31191136e-01  9.42577535e-01  4.14780831e-01  7.40657499e-01
9.04318985e-01  3.85892062e-01  6.46264329e-01  9.58139939e-01  2.76684568e-01  6.73385137e-01
8.26455166e-01  5.91251970e-01  7.77341023e-01  9.35370176e-01  4.21184403e-01  7.85363725e-01
8.57350199e-01  4.72960267e-01  7.49229519e-01  9.42464104e-01  3.13573821e-01  7.65213463e-01
8.71748613e-01  5.88704664e-01  6.25189321e-01  9.57339540e-01  4.64127650e-01  6.34385314e-01
8.75510435e-01  4.48246066e-01  7.03606934e-01  9.48598228e-01  3.23126133e-01  7.23632233e-01
8.51332244e-01  6.75141681e-01  6.38399023e-01  9.55200684e-01  5.05311298e-01  6.38403220e-01
8.58985007e-01  4.91413931e-01  7.31696525e-01  9.43614948e-01  3.56691901e-01  7.47682290e-01
9.06115279e-01  5.00027898e-01  5.66063873e-01  9.66910136e-01  4.16383954e-01  5.84260034e-01
8.81923285e-01  5.25641211e-01  6.31582648e-01  9.57949742e-01  3.95807890e-01  6.46558030e-01
8.63082410e-01  5.49094088e-01  6.80334080e-01  9.50329488e-01  4.06517677e-01  6.92897402e-01
8.75172564e-01  4.91080167e-01  6.76944421e-01  9.51718924e-01  3.62095141e-01  6.94447320e-01
8.78051920e-01  4.78229231e-01  6.75510580e-01  9.52988686e-01  3.31212349e-01  6.93576741e-01
8.37241916e-01  5.52516704e-01  7.65860718e-01  9.38577825e-01  3.72979221e-01  7.76145774e-01
9.25144255e-01  4.99977355e-01  5.01481945e-01  9.76906524e-01  4.25870847e-01  5.17930503e-01
8.86661656e-01  5.70109844e-01  5.86621966e-01  9.62833189e-01  4.71261840e-01  5.97480666e-01
8.59212592e-01  5.67225030e-01  6.81703386e-01  9.49401425e-01  4.31400341e-01  6.92989695e-01
8.92196611e-01  4.33372177e-01  6.56602313e-01  9.56172084e-01  3.05829523e-01  6.79141029e-01
8.64583225e-01  5.61548370e-01  6.67151683e-01  9.51400033e-01  4.35687325e-01  6.79165299e-01
8.77553925e-01  8.25904248e-01  4.51777153e-01  9.76805183e-01  8.52482404e-01  4.18656001e-01
8.77371405e-01  6.07663469e-01  5.93787710e-01  9.62816616e-01  4.62761686e-01  5.99588202e-01
8.35303703e-01  5.60197125e-01  7.67455702e-01  9.37588466e-01  3.93945008e-01  7.77553310e-01
9.21512225e-01  4.85801788e-01  5.23018008e-01  9.74537738e-01  3.90870665e-01  5.41359324e-01
8.66626079e-01  5.35229703e-01  6.77302203e-01  9.51258741e-01  3.89649644e-01  6.90910495e-01
8.76197748e-01  6.68006490e-01  5.58596246e-01  9.66299600e-01  5.50603819e-01  5.56574029e-01
8.88626793e-01  4.80626361e-01  6.38045166e-01  9.58422563e-01  3.39968255e-01  6.56673298e-01
8.75847231e-01  5.04149357e-01  6.66168360e-01  9.53012267e-01  3.76188439e-01  6.82836247e-01
8.70284533e-01  6.10003282e-01  6.16332742e-01  9.57004207e-01  5.16803604e-01  6.24133375e-01
9.07101730e-01  7.05669637e-01  4.29504329e-01  9.81287639e-01  7.52274721e-01  4.13507762e-01
9.17824332e-01  4.06507246e-01  5.87020843e-01  9.66689780e-01  2.96779578e-01  6.13832664e-01
8.27657259e-01  5.74162675e-01  7.84354913e-01  9.35935108e-01  3.75061266e-01  7.92600829e-01
8.94691696e-01  5.37574403e-01  5.80477893e-01  9.64477164e-01  4.38829161e-01  5.94575574e-01
8.82531121e-01  6.37875595e-01  5.56652214e-01  9.66405136e-01  5.38888745e-01  5.58655539e-01
9.07939711e-01  5.00439156e-01  5.59601927e-01  9.68633449e-01  3.99790300e-01  5.77117086e-01
9.36533977e-01  4.51808746e-01  4.94079291e-01  9.78244790e-01  3.94702876e-01  5.16687836e-01
8.77069724e-01  3.73532933e-01  7.46819719e-01  9.44213221e-01  2.47656721e-01  7.69517898e-01
8.62573479e-01  6.34948173e-01  6.26322259e-01  9.56912539e-01  4.92004222e-01  6.30559928e-01
8.72654808e-01  4.45428038e-01  7.15133608e-01  9.47219937e-01  3.13369634e-01  7.34766969e-01
9.04611865e-01  3.61855041e-01  6.60875479e-01  9.56223897e-01  2.60580613e-01  6.89462332e-01
8.95430824e-01  4.93671132e-01  6.06471394e-01  9.61052301e-01  4.01168402e-01  6.25402477e-01
8.41857359e-01  5.99655332e-01  7.19582182e-01  9.43528395e-01  4.43381848e-01  7.27826623e-01
8.86526458e-01  3.56723310e-01  7.25620466e-01  9.47539608e-01  2.36994031e-01  7.50699434e-01
8.24232587e-01  6.49776398e-01  7.46891267e-01  9.39742144e-01  4.49631118e-01  7.50632803e-01
8.94006816e-01  3.82951768e-01  6.83190489e-01  9.53484181e-01  2.54197179e-01  7.08532322e-01
8.32772771e-01  5.43546951e-01  7.86861147e-01  9.36145260e-01  3.51104217e-01  7.96893908e-01
8.51195307e-01  5.20036395e-01  7.39565639e-01  9.42591891e-01  3.62192456e-01  7.52947084e-01
8.72732076e-01  5.37791082e-01  6.54905215e-01  9.55143876e-01  3.80733273e-01  6.68098357e-01
8.61531742e-01  5.30020543e-01  6.97983173e-01  9.48117136e-01  3.86412846e-01  7.11816550e-01
8.97333824e-01  4.41849488e-01  6.33654201e-01  9.59480929e-01  3.13932173e-01  6.56017075e-01
8.84716709e-01  5.76711133e-01  5.88940566e-01  9.62467124e-01  4.74451420e-01  5.99076894e-01
8.38693362e-01  5.78668315e-01  7.43952330e-01  9.40297775e-01  4.22383638e-01  7.53485361e-01
8.52719388e-01  5.81298319e-01  6.94615636e-01  9.47482235e-01  4.34750675e-01  7.04506719e-01
9.13751886e-01  3.91322228e-01  6.10707740e-01  9.62427958e-01  3.05490457e-01  6.39108374e-01
8.85557294e-01  3.87639720e-01  7.08838995e-01  9.49226562e-01  2.66887534e-01  7.32844376e-01
8.75045687e-01  6.32014301e-01  5.85875282e-01  9.61620569e-01  5.35324580e-01  5.90172953e-01
8.98290114e-01  3.89136274e-01  6.64630150e-01  9.55158255e-01  2.83536040e-01  6.90890529e-01
8.56187694e-01  5.41750932e-01  7.08514604e-01  9.47292427e-01  3.71220457e-01  7.20681533e-01
9.37637231e-01  4.29940500e-01  5.04530641e-01  9.78685550e-01  3.31533906e-01  5.28734155e-01
8.40035616e-01  5.35393754e-01  7.67490520e-01  9.37254405e-01  3.94277532e-01  7.79617043e-01
9.42395910e-01  4.09116748e-01  5.01891360e-01  9.79111331e-01  3.19803664e-01  5.28765847e-01
8.60745757e-01  6.56376449e-01  6.18616686e-01  9.58195281e-01  5.01545207e-01  6.20088704e-01
8.60747355e-01  6.72824986e-01  6.07932271e-01  9.59588830e-01  5.18288418e-01  6.07211316e-01
8.91309542e-01  4.56513470e-01  6.44590341e-01  9.57662731e-01  3.23682279e-01  6.65379730e-01
8.93203173e-01  6.37835384e-01  5.20440178e-01  9.72223286e-01  5.44307096e-01  5.20074436e-01
8.86745985e-01  3.68904506e-01  7.16966467e-01  9.48839217e-01  2.40362583e-01  7.41573186e-01
8.19274875e-01  6.52478990e-01  7.61972161e-01  9.37687270e-01  4.42863698e-01  7.65402091e-01
9.28273815e-01  4.01929211e-01  5.54510302e-01  9.70062345e-01  3.34595211e-01  5.83304663e-01
8.38408558e-01  6.14211349e-01  7.21843162e-01  9.43400866e-01  4.43249209e-01  7.28675567e-01
8.84993829e-01  4.73505410e-01  6.55004396e-01  9.54667634e-01  3.65056842e-01  6.74842913e-01
8.48053347e-01  5.23446137e-01  7.48021578e-01  9.42021515e-01  3.45576455e-01  7.60516504e-01
8.66138812e-01  5.02766849e-01  7.00033473e-01  9.49301307e-01  3.39195111e-01  7.15340733e-01
8.48342822e-01  5.17997094e-01  7.50576281e-01  9.41423242e-01  3.48985568e-01  7.63550001e-01
8.95623233e-01  4.24162359e-01  6.50945760e-01  9.56526807e-01  3.14427235e-01  6.74842287e-01
9.09071662e-01  5.05210725e-01  5.52660562e-01  9.70385391e-01  3.86759816e-01  5.68951667e-01
9.44896449e-01  3.54287464e-01  5.28996731e-01  9.74611255e-01  2.96250848e-01  5.63165199e-01
9.07628167e-01  4.86938116e-01  5.69424901e-01  9.66464266e-01  4.07671103e-01  5.89170278e-01
8.66925418e-01  4.15360452e-01  7.54110717e-01  9.41884596e-01  2.91725838e-01  7.74073307e-01
8.30847918e-01  5.56718983e-01  7.84844847e-01  9.34630874e-01  4.00396891e-01  7.94998514e-01
9.28153168e-01  4.30348731e-01  5.36469582e-01  9.73882816e-01  3.25120307e-01  5.61038859e-01
8.71131992e-01  4.97373127e-01  6.86579492e-01  9.50440142e-01  3.59751026e-01  7.03198772e-01
8.59929500e-01  5.33101498e-01  7.01423892e-01  9.48211645e-01  3.72216124e-01  7.14553077e-01
8.90863706e-01  3.82255259e-01  6.94315870e-01  9.52019407e-01  2.49251316e-01  7.19088940e-01
9.13349602e-01  4.49411799e-01  5.74360382e-01  9.67329858e-01  3.49356601e-01  5.97349751e-01
8.89299269e-01  4.59949926e-01  6.49185316e-01  9.56188929e-01  3.43989268e-01  6.70048600e-01
8.51464073e-01  6.07312360e-01  6.81989168e-01  9.49993825e-01  4.32145012e-01  6.89015888e-01
9.50526038e-01  3.81655817e-01  4.92113003e-01  9.80059473e-01  3.19005960e-01  5.22874273e-01
8.70263991e-01  4.04566952e-01  7.49781755e-01  9.43727089e-01  2.58518361e-01  7.70077677e-01
8.77463447e-01  5.44218931e-01  6.34665657e-01  9.57844869e-01  3.94909442e-01  6.47442002e-01
8.55135357e-01  5.41716311e-01  7.12110585e-01  9.46822112e-01  3.69153782e-01  7.24183785e-01
8.81454184e-01  6.88079899e-01  5.27715084e-01  9.70355858e-01  5.89925539e-01  5.21307830e-01
8.96454475e-01  5.49021937e-01  5.67060086e-01  9.66386817e-01  4.50464406e-01  5.79591608e-01
8.54736382e-01  4.42034371e-01  7.78183981e-01  9.37552243e-01  3.18728373e-01  7.95495004e-01
8.03238269e-01  4.03109456e-01  9.78643098e-01  9.10820507e-01  2.45598176e-01  9.84637814e-01
8.74387501e-01  6.87062118e-01  5.52371666e-01  9.66784008e-01  5.74914686e-01  5.47744315e-01
9.01194106e-01  4.58681875e-01  6.09617751e-01  9.62482688e-01  3.38351861e-01  6.31020497e-01
9.11528676e-01  5.06337764e-01  5.43585568e-01  9.70376768e-01  4.22571807e-01  5.60575394e-01
8.28412135e-01  5.71341291e-01  7.83622487e-01  9.34148111e-01  4.21476027e-01  7.93131030e-01
9.19969367e-01  3.57093859e-01  6.11817529e-01  9.62924120e-01  2.74399994e-01  6.43246985e-01
8.90349519e-01  5.11167992e-01  6.12366302e-01  9.60315024e-01  4.04821270e-01  6.29269824e-01
9.11673815e-01  4.70947768e-01  5.66069097e-01  9.68907902e-01  3.53354365e-01  5.86290195e-01
8.82095754e-01  5.99920246e-01  5.82772301e-01  9.62964202e-01  4.98352600e-01  5.90262361e-01
8.42838559e-01  6.11230175e-01  7.08735331e-01  9.45087884e-01  4.51074704e-01  7.16015922e-01
8.35730431e-01  5.87031972e-01  7.48583797e-01  9.39753568e-01  4.21026164e-01  7.57294446e-01
8.50499415e-01  6.25857737e-01  6.73224370e-01  9.50946763e-01  4.50532864e-01  6.78576380e-01
8.79801969e-01  7.65705925e-01  4.83226048e-01  9.75317293e-01  7.08953412e-01  4.61988201e-01
9.02219033e-01  5.87825472e-01  5.22293600e-01  9.72693541e-01  4.95975899e-01  5.28438251e-01
8.90597003e-01  3.89518458e-01  6.90505736e-01  9.51882179e-01  2.69236765e-01  7.15263402e-01
8.58269975e-01  4.76095784e-01  7.44069854e-01  9.41720012e-01  3.52290313e-01  7.60869028e-01
9.45896174e-01  3.87273554e-01  5.04186878e-01  9.78128414e-01  3.22539245e-01  5.34424161e-01
8.76238749e-01  5.39776903e-01  6.41708304e-01  9.56938304e-01  3.88114507e-01  6.54854679e-01
8.72631981e-01  6.48316529e-01  5.83487440e-01  9.61670109e-01  5.52137907e-01  5.85896769e-01
8.78557148e-01  4.18184511e-01  7.12778696e-01  9.48455913e-01  2.82037485e-01  7.34218831e-01
8.79499687e-01  3.59676038e-01  7.47564613e-01  9.44037090e-01  2.45054327e-01  7.71259979e-01
9.04982369e-01  3.75188098e-01  6.50961110e-01  9.57683283e-01  2.66312973e-01  6.78755120e-01
9.28096067e-01  3.60027889e-01  5.82317417e-01  9.67311482e-01  2.77615767e-01  6.14358291e-01
9.26979500e-01  3.52677876e-01  5.91178147e-01  9.65555890e-01  2.86285739e-01  6.24089995e-01
8.70821099e-01  6.33442938e-01  5.99293061e-01  9.59911755e-01  5.24571050e-01  6.03661567e-01
9.22751761e-01  4.48012222e-01  5.43343046e-01  9.72672316e-01  3.37362523e-01  5.65918181e-01
8.57525406e-01  4.58677311e-01  7.57907819e-01  9.41339186e-01  3.04673744e-01  7.74521976e-01
8.73501078e-01  4.30147832e-01  7.22180366e-01  9.45936734e-01  3.13743377e-01  7.42906910e-01
8.62799253e-01  5.32044708e-01  6.92365093e-01  9.49652022e-01  3.70697002e-01  7.05675033e-01
8.80113861e-01  3.23728341e-01  7.68818145e-01  9.41240486e-01  2.27136626e-01  7.93410630e-01
8.74975395e-01  4.53341378e-01  7.02115603e-01  9.48495946e-01  3.33038053e-01  7.21954367e-01
8.94708274e-01  5.58803950e-01  5.66638691e-01  9.65850286e-01  4.70163569e-01  5.78393839e-01
8.89312760e-01  3.45756912e-01  7.23278509e-01  9.47295298e-01  2.47978730e-01  7.49679677e-01
8.17508414e-01  6.51633513e-01  7.68519736e-01  9.36820502e-01  4.38637901e-01  7.71954796e-01
8.57861890e-01  4.34048397e-01  7.72755389e-01  9.38751109e-01  3.06593314e-01  7.90664943e-01
8.73094050e-01  4.84498945e-01  6.88275242e-01  9.49989143e-01  3.59533560e-01  7.06141781e-01
8.80651522e-01  3.90844426e-01  7.23417161e-01  9.47161119e-01  2.65653062e-01  7.46378707e-01
8.66340120e-01  6.00122124e-01  6.36142267e-01  9.55770525e-01  4.65195282e-01  6.44194407e-01
8.81030102e-01  4.27580669e-01  6.98280796e-01  9.50540383e-01  2.87479907e-01  7.19571782e-01
7.69893106e-01  7.03323653e-01  8.96953442e-01  9.16800278e-01  4.53115995e-01  8.97433985e-01
8.80349944e-01  3.83687841e-01  7.29087627e-01  9.46354845e-01  2.62507297e-01  7.52289220e-01
8.60885911e-01  4.53854169e-01  7.49627197e-01  9.41389258e-01  3.32653700e-01  7.67613179e-01
8.66070056e-01  4.59031460e-01  7.28661908e-01  9.45215543e-01  3.17376667e-01  7.46675771e-01
8.70524363e-01  6.20730817e-01  6.08554080e-01  9.59923893e-01  4.81554909e-01  6.13711479e-01
8.57572426e-01  5.22750696e-01  7.16148228e-01  9.46321552e-01  3.59277273e-01  7.29718753e-01
8.83328001e-01  5.31378198e-01  6.23088181e-01  9.59726257e-01  3.87541009e-01  6.37113448e-01
9.08770236e-01  4.24491575e-01  6.06089106e-01  9.62677451e-01  3.31355906e-01  6.31418832e-01
8.83187770e-01  5.81221779e-01  5.91501737e-01  9.63555590e-01  4.42438626e-01  6.00151019e-01
8.99539517e-01  3.63657432e-01  6.76929452e-01  9.53861943e-01  2.60678049e-01  7.04584236e-01
8.95164465e-01  5.37450028e-01  5.78953453e-01  9.65555684e-01  4.18563886e-01  5.92431433e-01
8.75909621e-01  4.45750131e-01  7.03872199e-01  9.49539539e-01  2.98007407e-01  7.23510571e-01
8.62623481e-01  4.40305502e-01  7.52523422e-01  9.41488224e-01  3.15187988e-01  7.71090820e-01
9.03977481e-01  5.63661707e-01  5.32010226e-01  9.70811463e-01  4.88780805e-01  5.42199959e-01
8.45321682e-01  6.37581427e-01  6.83194810e-01  9.48581774e-01  4.74693984e-01  6.88052106e-01
9.20687768e-01  4.16990658e-01  5.70491403e-01  9.68161739e-01  3.27990603e-01  5.97046206e-01
9.17502968e-01  4.28376608e-01  5.73913713e-01  9.67546080e-01  3.35560521e-01  5.99211504e-01
8.58298920e-01  6.67404017e-01  6.19765743e-01  9.57365063e-01  5.22603972e-01  6.20453925e-01
9.36779991e-01  4.39567951e-01  5.01190959e-01  9.77807745e-01  3.70765756e-01  5.25125852e-01
8.73056806e-01  4.59578964e-01  7.04581354e-01  9.49358974e-01  3.04822204e-01  7.23063852e-01
8.33284454e-01  5.54465462e-01  7.78034309e-01  9.36687398e-01  3.74376675e-01  7.87938281e-01
7.54176511e-01  8.00359214e-01  8.87322935e-01  9.17212276e-01  5.02376389e-01  8.83193864e-01
8.55597433e-01  5.54677464e-01  7.02125909e-01  9.46380665e-01  4.22858118e-01  7.14370017e-01
8.95033855e-01  4.74991207e-01  6.19947340e-01  9.60880159e-01  3.45802074e-01  6.39541754e-01
9.20439125e-01  3.41613080e-01  6.20273006e-01  9.61967879e-01  2.60163781e-01  6.52730171e-01
9.18166518e-01  4.62492324e-01  5.49511874e-01  9.71502473e-01  3.49564382e-01  5.70546314e-01
8.92603531e-01  5.24864083e-01  5.95820714e-01  9.63496375e-01  3.97283664e-01  6.10645821e-01
8.66151514e-01  5.64347239e-01  6.60009553e-01  9.54059944e-01  3.99072108e-01  6.70730766e-01
9.30742749e-01  4.63266357e-01  5.06305433e-01  9.77110601e-01  3.81167985e-01  5.27146771e-01
8.78210656e-01  3.50543440e-01  7.57871288e-01  9.42712336e-01  2.37819998e-01  7.81457671e-01
8.81566393e-01  6.45079307e-01  5.55251370e-01  9.67481897e-01  5.22647790e-01  5.55575200e-01
9.43560753e-01  4.17869685e-01  4.92253421e-01  9.80079205e-01  3.38461146e-01  5.18167239e-01
8.51546875e-01  5.17594381e-01  7.39956850e-01  9.41394946e-01  3.89541906e-01  7.54182676e-01
8.68424585e-01  6.17569169e-01  6.17736478e-01  9.56702429e-01  5.22317365e-01  6.24770196e-01
8.73627253e-01  5.19310372e-01  6.63863933e-01  9.54238194e-01  3.61072158e-01  6.78534627e-01
8.63456344e-01  5.68606349e-01  6.66396167e-01  9.52303409e-01  4.19403764e-01  6.77206704e-01
8.40956475e-01  5.19107363e-01  7.74937627e-01  9.36626651e-01  3.76784123e-01  7.87760986e-01
8.59306819e-01  4.67706652e-01  7.45996237e-01  9.43181420e-01  3.06130706e-01  7.62366441e-01
9.42224490e-01  4.26016024e-01  4.91502075e-01  9.80450586e-01  3.37138149e-01  5.16097468e-01
8.88991535e-01  5.24911723e-01  6.08054991e-01  9.62175411e-01  3.82481719e-01  6.22600753e-01
8.84160197e-01  4.84393145e-01  6.50766831e-01  9.56618225e-01  3.37742767e-01  6.68766646e-01
8.95567840e-01  4.43668727e-01  6.38469658e-01  9.58232424e-01  3.27232525e-01  6.60890997e-01
8.92443743e-01  6.24821914e-01  5.31467655e-01  9.71198545e-01  5.16871483e-01  5.33104377e-01
8.79938255e-01  4.01914427e-01  7.18652221e-01  9.48120916e-01  2.63104216e-01  7.40824562e-01
8.81617781e-01  4.31413916e-01  6.93796505e-01  9.51216685e-01  2.88812341e-01  7.14921611e-01
8.97090042e-01  4.40783288e-01  6.35174276e-01  9.59485756e-01  3.07674898e-01  6.57459352e-01
9.01672963e-01  5.44576638e-01  5.52226299e-01  9.69949952e-01  4.19900923e-01  5.63940929e-01
8.67585719e-01  5.10355807e-01  6.90192775e-01  9.49795372e-01  3.67009698e-01  7.05624033e-01
9.16776947e-01  4.35285212e-01  5.71893868e-01  9.68337087e-01  3.27377066e-01  5.96066332e-01
8.86659005e-01  5.74503718e-01  5.83778202e-01  9.62487330e-01  4.92899359e-01  5.94603949e-01
9.01647443e-01  5.80501103e-01  5.28989688e-01  9.71980256e-01  4.82289868e-01  5.36233990e-01
8.81083409e-01  5.56287738e-01  6.14537470e-01  9.58654336e-01  4.58013241e-01  6.27394497e-01
8.36352829e-01  5.25000241e-01  7.86744990e-01  9.35194413e-01  3.69750509e-01  7.98600625e-01
8.58004990e-01  4.53127605e-01  7.59882509e-01  9.41327584e-01  2.95905350e-01  7.76660843e-01
8.67486079e-01  6.35411461e-01  6.09340035e-01  9.60199129e-01  4.79083726e-01  6.12528495e-01
8.83236530e-01  5.93159511e-01  5.83288234e-01  9.64644843e-01  4.52225440e-01  5.90346394e-01
8.44534493e-01  6.28424966e-01  6.91812965e-01  9.48260185e-01  4.45319348e-01  6.97030170e-01
9.09656920e-01  4.04581809e-01  6.16004549e-01  9.62628063e-01  2.86764369e-01  6.42234195e-01
9.03023355e-01  4.03737460e-01  6.39078079e-01  9.59211643e-01  2.84283502e-01  6.64724280e-01
8.75999592e-01  6.08472582e-01  5.97920206e-01  9.60193989e-01  5.10497294e-01  6.05165433e-01
8.92804637e-01  6.30569739e-01  5.26510363e-01  9.70448453e-01  5.57995093e-01  5.28231798e-01
8.69997517e-01  6.68845594e-01  5.79105397e-01  9.64022727e-01  5.23816169e-01  5.77480023e-01
9.20170333e-01  4.07050577e-01  5.78701794e-01  9.67135466e-01  3.17320175e-01  6.06138856e-01
8.38092618e-01  5.25437128e-01  7.80553333e-01  9.36204577e-01  3.68055349e-01  7.92522498e-01
8.49836928e-01  7.93699035e-01  5.66801515e-01  9.58922984e-01  7.68922780e-01  5.52987548e-01
8.53462246e-01  4.81083765e-01  7.57157437e-01  9.39704689e-01  3.55097232e-01  7.73130499e-01
7.85506020e-01  6.95125354e-01  8.49255082e-01  9.22807851e-01  4.87925468e-01  8.50716743e-01
9.36779709e-01  3.74363427e-01  5.43821673e-01  9.72257787e-01  3.09819955e-01  5.75576935e-01
9.03017100e-01  3.90488991e-01  6.47700395e-01  9.57024673e-01  3.00588171e-01  6.74908285e-01
8.80379303e-01  5.76001379e-01  6.04129751e-01  9.60542073e-01  4.61807312e-01  6.14397140e-01
8.72577414e-01  3.68876981e-01  7.65097397e-01  9.41128244e-01  2.56380402e-01  7.87245003e-01
8.76342167e-01  3.56109355e-01  7.60602405e-01  9.41728737e-01  2.54028208e-01  7.83948419e-01
8.86090377e-01  3.86179854e-01  7.07976564e-01  9.49285050e-01  2.68096660e-01  7.32184672e-01
8.63340355e-01  4.86909857e-01  7.19830893e-01  9.44970697e-01  3.66010294e-01  7.36795227e-01
8.29232405e-01  6.47395669e-01  7.31458592e-01  9.42085575e-01  4.50810033e-01  7.35329087e-01
8.69281432e-01  7.09756279e-01  5.54976272e-01  9.66053919e-01  5.95062259e-01  5.47682041e-01
9.39141272e-01  4.44215092e-01  4.90156075e-01  9.79698806e-01  3.70760910e-01  5.13001702e-01
8.87988606e-01  6.39476397e-01  5.37081545e-01  9.70480633e-01  5.20164386e-01  5.36932273e-01
8.81073793e-01  6.02348419e-01  5.84666116e-01  9.62891035e-01  4.93964163e-01  5.91764717e-01
8.84431173e-01  4.98423133e-01  6.40737390e-01  9.56035964e-01  3.95817737e-01  6.58826803e-01
8.62612068e-01  6.73308424e-01  6.01286308e-01  9.59917452e-01  5.36981129e-01  6.00703191e-01
8.70985562e-01  6.26974990e-01  6.02933898e-01  9.59881582e-01  5.07731953e-01  6.07819637e-01
9.16154448e-01  3.90760139e-01  6.02914397e-01  9.63438840e-01  3.09493079e-01  6.31684258e-01
8.76209984e-01  6.74016957e-01  5.54652352e-01  9.65743280e-01  5.83189218e-01  5.52469218e-01
8.60470478e-01  4.81651541e-01  7.32990947e-01  9.44920442e-01  3.16204075e-01  7.48844038e-01
7.66847771e-01  6.03519260e-01  9.72099506e-01  9.08740300e-01  3.46415455e-01  9.74238936e-01
8.47602228e-01  8.08825895e-01  5.64569636e-01  9.63599645e-01  6.75183318e-01  5.45071166e-01
8.82849493e-01  4.60171088e-01  6.70943223e-01  9.53015569e-01  3.40536852e-01  6.91208987e-01
8.68827925e-01  5.74085071e-01  6.44598579e-01  9.54405496e-01  4.54071227e-01  6.55565996e-01
9.36525014e-01  3.82419523e-01  5.39158797e-01  9.73232280e-01  3.05843011e-01  5.69748691e-01
8.75995645e-01  7.02954477e-01  5.36593196e-01  9.68704209e-01  6.02276919e-01  5.28990036e-01
8.85938052e-01  3.82003579e-01  7.11205036e-01  9.48242269e-01  2.80619787e-01  7.35922515e-01
9.01948535e-01  3.76758488e-01  6.60243602e-01  9.56645615e-01  2.58310030e-01  6.87292867e-01
8.82622100e-01  5.63258699e-01  6.04786927e-01  9.60515133e-01  4.53722244e-01  6.16473438e-01
8.65013346e-01  4.65556415e-01  7.28013827e-01  9.44949637e-01  3.28589197e-01  7.45740844e-01
8.40201274e-01  6.22149253e-01  7.10601801e-01  9.44900500e-01  4.52696302e-01  7.16835633e-01
8.96012747e-01  4.30253616e-01  6.45668545e-01  9.57650745e-01  3.09008201e-01  6.68911486e-01
8.73435541e-01  3.65164703e-01  7.64593625e-01  9.41355553e-01  2.51470528e-01  7.86943491e-01
9.26353501e-01  3.43726134e-01  5.99115959e-01  9.66446691e-01  2.31402010e-01  6.31300104e-01
8.99853777e-01  3.77962617e-01  6.66574796e-01  9.55042089e-01  2.74943468e-01  6.93658449e-01
7.90783027e-01  4.64269238e-01  9.81230702e-01  9.10280493e-01  2.56214789e-01  9.85600798e-01
8.56518668e-01  5.67804792e-01  6.90475051e-01  9.48834959e-01  4.12004284e-01  7.01188532e-01
9.19969071e-01  3.96418766e-01  5.86287569e-01  9.65663544e-01  3.19744337e-01  6.15005995e-01
8.86637407e-01  6.04758518e-01  5.64209478e-01  9.66447303e-01  4.89766920e-01  5.69950388e-01
8.75513147e-01  5.87999993e-01  6.12863608e-01  9.58797573e-01  4.76115292e-01  6.22214098e-01
8.86328259e-01  4.94269787e-01  6.36992332e-01  9.57966054e-01  3.61014613e-01  6.54645233e-01
9.10005132e-01  4.42464609e-01  5.90227239e-01  9.64895663e-01  3.45182834e-01  6.13940334e-01
8.82358429e-01  4.53068677e-01  6.77222045e-01  9.52646370e-01  3.23401281e-01  6.97610736e-01
8.86727974e-01  5.68849129e-01  5.87215416e-01  9.63505837e-01  4.52045418e-01  5.97692012e-01
8.99531513e-01  4.09701675e-01  6.47062804e-01  9.56991725e-01  3.11540118e-01  6.72540992e-01
8.84176175e-01  4.65194984e-01  6.63176322e-01  9.53484737e-01  3.60056634e-01  6.83604899e-01
8.97517710e-01  3.55376816e-01  6.89171154e-01  9.52564150e-01  2.44978461e-01  7.16602057e-01
8.92718924e-01  5.79164947e-01  5.60175154e-01  9.68327084e-01  4.46539377e-01  5.68074868e-01
8.73944878e-01  6.62012574e-01  5.70137597e-01  9.64544430e-01  5.43306573e-01  5.69546092e-01
8.70863521e-01  5.52334251e-01  6.51808138e-01  9.54952699e-01  4.03493965e-01  6.63965351e-01
9.54495028e-01  3.74999526e-01  4.82957390e-01  9.81091766e-01  3.25367716e-01  5.14757519e-01
8.69149711e-01  5.51297348e-01  6.58300592e-01  9.52779250e-01  4.31408955e-01  6.71329101e-01
8.85283772e-01  6.14652275e-01  5.62382422e-01  9.65489951e-01  5.25383767e-01  5.67703239e-01
8.60763424e-01  6.62003441e-01  6.14903500e-01  9.58919263e-01  5.01436093e-01  6.15472261e-01
8.85783734e-01  5.27841921e-01  6.17044771e-01  9.58841492e-01  4.30558873e-01  6.32658354e-01
8.35647541e-01  5.42718151e-01  7.77636826e-01  9.37142612e-01  3.60959667e-01  7.88178392e-01
8.41580219e-01  5.82452815e-01  7.31691987e-01  9.41805517e-01  4.33248185e-01  7.41259671e-01
8.44911226e-01  5.33441418e-01  7.52201965e-01  9.40907732e-01  3.60708514e-01  7.64095366e-01
8.49306185e-01  5.21958145e-01  7.44732717e-01  9.41040065e-01  3.81814784e-01  7.58277490e-01
8.95694966e-01  3.39838899e-01  7.05448510e-01  9.50217537e-01  2.38329353e-01  7.33214080e-01
8.56628891e-01  4.95293191e-01  7.37178843e-01  9.42997965e-01  3.52747582e-01  7.52567071e-01
9.13489018e-01  5.28872467e-01  5.22299000e-01  9.73616496e-01  4.39903086e-01  5.35722090e-01
8.46689228e-01  5.48846188e-01  7.36162512e-01  9.42794074e-01  3.79937189e-01  7.47472779e-01
8.82832513e-01  3.95913000e-01  7.12720079e-01  9.48018371e-01  2.85377739e-01  7.36237925e-01
8.90831919e-01  3.84128909e-01  6.93207240e-01  9.51819125e-01  2.58930980e-01  7.18094134e-01
9.32559310e-01  3.59579221e-01  5.67453154e-01  9.69000474e-01  2.91436369e-01  6.00274647e-01
8.58678093e-01  5.37162281e-01  7.03036721e-01  9.47365935e-01  3.88476070e-01  7.16147483e-01
8.94045123e-01  3.39048624e-01  7.11564080e-01  9.49500154e-01  2.33635038e-01  7.38919205e-01
8.72804454e-01  6.39364157e-01  5.88714252e-01  9.62589067e-01  5.04565288e-01  5.91204976e-01
8.79637351e-01  6.02755062e-01  5.89279640e-01  9.61554941e-01  5.08428226e-01  5.96926239e-01
9.21271166e-01  4.61472752e-01  5.39631647e-01  9.73036447e-01  3.49851771e-01  5.60642936e-01
8.42273707e-01  5.68436222e-01  7.38437283e-01  9.40783792e-01  4.27843962e-01  7.49083403e-01
8.87662585e-01  5.16252049e-01  6.18189515e-01  9.59521649e-01  4.04292570e-01  6.34481388e-01
8.07598032e-01  6.43451493e-01  8.07783091e-01  9.29401554e-01  4.70564591e-01  8.12524820e-01
8.89273695e-01  5.53662466e-01  5.88430928e-01  9.64614509e-01  4.12859318e-01  5.99809266e-01
8.83857734e-01  5.78603008e-01  5.90629199e-01  9.62796409e-01  4.60871608e-01  6.00162774e-01
8.70527282e-01  6.43454489e-01  5.93791201e-01  9.61938520e-01  5.02354014e-01  5.95896863e-01
8.73632001e-01  6.11101417e-01  6.04252927e-01  9.58814245e-01  5.20510239e-01  6.11654819e-01
8.70338408e-01  7.19255858e-01  5.45219771e-01  9.67467057e-01  6.06507705e-01  5.35926433e-01
8.83753901e-01  3.95303144e-01  7.09987412e-01  9.48966006e-01  2.71767436e-01  7.33366123e-01
9.14825599e-01  4.65773482e-01  5.58725802e-01  9.68203301e-01  3.95717248e-01  5.80834136e-01
8.80162015e-01  3.62242865e-01  7.43648814e-01  9.44144324e-01  2.57417990e-01  7.67661434e-01
8.78960203e-01  6.37895123e-01  5.68765337e-01  9.66134791e-01  4.97273829e-01  5.70186761e-01
8.46641994e-01  5.39970313e-01  7.42085440e-01  9.41603705e-01  3.83911081e-01  7.54169841e-01
8.93534053e-01  5.45482918e-01  5.79274352e-01  9.64383129e-01  4.49750171e-01  5.92607273e-01
8.94885395e-01  3.23916590e-01  7.18535041e-01  9.48411236e-01  2.30365741e-01  7.46671125e-01
8.75908341e-01  5.55729881e-01  6.32473018e-01  9.58197285e-01  3.99921773e-01  6.44002208e-01
8.74187149e-01  6.86030417e-01  5.53721815e-01  9.66687554e-01  5.71186284e-01  5.49240581e-01
8.97779161e-01  5.92323128e-01  5.34449788e-01  9.71636461e-01  4.75713722e-01  5.39986646e-01
8.57441447e-01  6.03792258e-01  6.63976453e-01  9.50633019e-01  4.84600713e-01  6.72567101e-01
8.58333527e-01  5.59340115e-01  6.89807678e-01  9.48267942e-01  4.25148998e-01  7.01729416e-01
8.91954383e-01  5.65535863e-01  5.71619312e-01  9.64906255e-01  4.77097990e-01  5.82814249e-01
8.51602461e-01  6.53713745e-01  6.51393146e-01  9.52828197e-01  5.02020604e-01  6.54390292e-01
9.34329087e-01  4.40690007e-01  5.08784742e-01  9.76741381e-01  3.67766773e-01  5.32669344e-01
8.89942988e-01  3.90644143e-01  6.91995841e-01  9.51922044e-01  2.63189752e-01  7.16431518e-01
9.01729197e-01  4.37212815e-01  6.21738973e-01  9.60119356e-01  3.40881689e-01  6.45578467e-01
8.69708043e-01  5.22724190e-01  6.74955471e-01  9.50563187e-01  4.10594850e-01  6.90438994e-01
8.86125198e-01  4.27593709e-01  6.80970456e-01  9.52054966e-01  3.14265603e-01  7.03553750e-01
8.58676250e-01  5.96277393e-01  6.64662568e-01  9.51335174e-01  4.61536649e-01  6.73495151e-01
8.65837708e-01  7.26903317e-01  5.55537619e-01  9.66291458e-01  5.97125646e-01  5.45673161e-01
8.68933405e-01  4.94871334e-01  6.95669623e-01  9.49270956e-01  3.53396033e-01  7.12191835e-01
9.26207786e-01  3.88811308e-01  5.70042330e-01  9.68690979e-01  3.03257499e-01  5.99475930e-01
8.38275382e-01  3.68303789e-01  8.82253476e-01  9.24646034e-01  2.44761775e-01  8.96182585e-01
8.68703627e-01  6.35051012e-01  6.05439160e-01  9.58444899e-01  5.36762808e-01  6.10196522e-01
9.04517268e-01  4.04279281e-01  6.33653354e-01  9.59551392e-01  2.96293535e-01  6.59718153e-01
8.94104728e-01  4.74631777e-01  6.23335625e-01  9.60075720e-01  3.52467918e-01  6.43130375e-01
9.09603902e-01  4.11147047e-01  6.11922126e-01  9.62764812e-01  3.01507312e-01  6.37886267e-01
9.35585052e-01  3.89817868e-01  5.37547392e-01  9.73621465e-01  3.06296470e-01  5.67146508e-01
8.49302782e-01  4.78917313e-01  7.72689310e-01  9.38780459e-01  3.19455886e-01  7.87448300e-01
8.19787199e-01  6.41206873e-01  7.67550841e-01  9.36794673e-01  4.39580947e-01  7.71898377e-01
8.70016377e-01  4.72453653e-01  7.06546882e-01  9.48468899e-01  3.24119172e-01  7.24227684e-01
8.63246115e-01  6.47586121e-01  6.15833109e-01  9.58005683e-01  5.12784054e-01  6.18658319e-01
8.81485436e-01  4.23115360e-01  6.99633467e-01  9.49768433e-01  2.99909106e-01  7.21595162e-01
9.20821968e-01  3.61795596e-01  6.05869865e-01  9.63596001e-01  2.81935127e-01  6.37164828e-01
9.09295074e-01  4.25459676e-01  6.03678497e-01  9.63355295e-01  3.24302891e-01  6.28733096e-01
8.76867850e-01  5.11271493e-01  6.58078599e-01  9.53871448e-01  3.88646731e-01  6.74393985e-01
9.07673283e-01  5.37266742e-01  5.36596989e-01  9.70285882e-01  4.68691862e-01  5.50299666e-01
8.97609926e-01  5.37826056e-01  5.70405294e-01  9.66059999e-01  4.39591269e-01  5.84247117e-01
8.73125857e-01  7.13277875e-01  5.39635638e-01  9.67891107e-01  6.15539833e-01  5.31080956e-01
8.47995442e-01  5.59756532e-01  7.24642904e-01  9.43131903e-01  4.19216719e-01  7.36058482e-01
8.48448923e-01  6.30965677e-01  6.76870939e-01  9.50167684e-01  4.57618811e-01  6.81903490e-01
9.03659534e-01  5.23730940e-01  5.59013947e-01  9.67390069e-01  4.44171611e-01  5.74640414e-01
8.83866346e-01  4.29619896e-01  6.87325436e-01  9.51226889e-01  3.11876390e-01  7.09425909e-01
8.73837621e-01  7.23112110e-01  5.30834203e-01  9.69868764e-01  6.10320880e-01  5.19629165e-01
9.27732986e-01  4.79320111e-01  5.06102980e-01  9.77647984e-01  3.78252488e-01  5.24387547e-01
9.30703311e-01  3.80717923e-01  5.60031687e-01  9.70157425e-01  3.01186205e-01  5.90560838e-01
9.12621424e-01  5.29125274e-01  5.25080681e-01  9.71807660e-01  4.72510966e-01  5.39643006e-01
8.97383538e-01  3.62199355e-01  6.85197077e-01  9.52377718e-01  2.66527461e-01  7.12723896e-01
9.15272470e-01  3.98264215e-01  6.01037677e-01  9.64825350e-01  2.86069885e-01  6.28308796e-01
8.74919132e-01  6.64010059e-01  5.65532401e-01  9.64341892e-01  5.67660240e-01  5.65110930e-01
8.95159027e-01  4.17602455e-01  6.56781166e-01  9.56371620e-01  2.93933542e-01  6.80662426e-01
8.71002263e-01  5.02301184e-01  6.83820704e-01  9.51393712e-01  3.48599437e-01  6.99710040e-01
8.91847420e-01  5.83476208e-01  5.60335221e-01  9.66860591e-01  4.83543497e-01  5.68765667e-01
8.26312234e-01  6.35104211e-01  7.49355169e-01  9.39502778e-01  4.40845483e-01  7.54236161e-01
9.21651171e-01  4.06973079e-01  5.73723908e-01  9.68706894e-01  2.97820055e-01  6.00654072e-01
8.62007570e-01  4.56365160e-01  7.44188150e-01  9.42532568e-01  3.25276059e-01  7.62019243e-01
8.51626366e-01  5.84633962e-01  6.96161358e-01  9.46405242e-01  4.56631737e-01  7.06260659e-01
8.84143866e-01  4.14344482e-01  6.96300411e-01  9.49814320e-01  3.07914800e-01  7.19416050e-01
8.70252303e-01  6.09299014e-01  6.16899905e-01  9.59116023e-01  4.62948325e-01  6.23272250e-01
8.86445092e-01  5.26530194e-01  6.15650891e-01  9.60188697e-01  4.02490842e-01  6.30628503e-01
9.28035363e-01  3.50584240e-01  5.88654548e-01  9.66181350e-01  2.77392980e-01  6.21657095e-01
8.66683915e-01  5.15778335e-01  6.89734632e-01  9.50157146e-01  3.61929970e-01  7.04500316e-01
8.90365820e-01  6.14373635e-01  5.45306827e-01  9.69484601e-01  4.96813716e-01  5.48816402e-01
8.95843253e-01  5.35914333e-01  5.77645500e-01  9.65498475e-01  4.24217702e-01  5.91467121e-01
9.11874815e-01  5.00852059e-01  5.45971638e-01  9.69850389e-01  4.23104444e-01  5.63825091e-01
8.39991465e-01  6.10757046e-01  7.18710725e-01  9.44049972e-01  4.38018595e-01  7.25745002e-01
9.04567983e-01  5.33220125e-01  5.49768520e-01  9.68275825e-01  4.63627845e-01  5.64380250e-01
8.80630730e-01  8.07358727e-01  4.53369838e-01  9.77622090e-01  8.12427194e-01  4.22848589e-01
8.63918531e-01  4.56326135e-01  7.37724457e-01  9.43972350e-01  3.13573417e-01  7.55542623e-01
9.08410499e-01  5.43196856e-01  5.30243885e-01  9.72308301e-01  4.48284986e-01  5.42136680e-01
9.30203114e-01  4.09417892e-01  5.43097550e-01  9.72926759e-01  3.12189499e-01  5.70213447e-01
9.06099465e-01  3.48709338e-01  6.64358766e-01  9.56019547e-01  2.47849671e-01  6.93770034e-01
8.63602558e-01  6.67664890e-01  6.01586910e-01  9.59935629e-01  5.32436127e-01  6.01656720e-01
8.88660382e-01  1.90313059e-01  8.26715133e-01  9.35422430e-01  1.35762628e-01  8.52746487e-01
8.87803881e-01  6.61084221e-01  5.23680123e-01  9.70044138e-01  5.97285386e-01  5.21573762e-01
8.84465372e-01  5.09033847e-01  6.33732825e-01  9.58585328e-01  3.64725221e-01  6.49800829e-01
8.53070408e-01  5.86120605e-01  6.90292580e-01  9.47288372e-01  4.58009904e-01  7.00273551e-01
8.28241097e-01  5.83117449e-01  7.76558089e-01  9.36496864e-01  3.93616935e-01  7.84629963e-01
7.93753795e-01  4.62738125e-01  9.72135277e-01  9.10764726e-01  2.77951222e-01  9.77377889e-01
8.42378725e-01  5.85233769e-01  7.27174839e-01  9.42266779e-01  4.40125062e-01  7.36682929e-01
8.49106457e-01  5.83537208e-01  7.05430491e-01  9.45359134e-01  4.46443163e-01  7.15367142e-01
8.95949900e-01  5.57736216e-01  5.63115960e-01  9.67349437e-01  4.47158712e-01  5.74197656e-01
8.73998050e-01  2.86273379e-01  8.14202992e-01  9.37046951e-01  1.61305373e-01  8.36315882e-01
9.38102977e-01  4.24650389e-01  5.06383565e-01  9.78110026e-01  3.35259699e-01  5.31547160e-01
9.06156778e-01  4.65642871e-01  5.88246877e-01  9.65056779e-01  3.59756315e-01  6.09476076e-01
9.21353437e-01  3.86026708e-01  5.88333881e-01  9.66875298e-01  2.77882020e-01  6.17092392e-01
8.77972540e-01  4.67388824e-01  6.82818061e-01  9.51678725e-01  3.31831480e-01  7.01830437e-01
8.94362359e-01  4.01487001e-01  6.69949132e-01  9.54495572e-01  2.84999544e-01  6.94795079e-01
9.49541410e-01  3.99809606e-01  4.83670510e-01  9.80337530e-01  3.54810359e-01  5.12661659e-01
8.96513462e-01  5.83902438e-01  5.44214543e-01  9.70210781e-01  4.66575717e-01  5.51279421e-01
9.25201761e-01  4.79538236e-01  5.14556144e-01  9.74760824e-01  4.14718779e-01  5.34314145e-01
8.55269902e-01  5.96921871e-01  6.75811454e-01  9.50715043e-01  4.33994231e-01  6.83956067e-01
9.22349282e-01  4.86959336e-01  5.19424131e-01  9.74610428e-01  4.03665846e-01  5.37880756e-01
8.51835513e-01  4.94726493e-01  7.53824242e-01  9.40956378e-01  3.40819688e-01  7.68466174e-01
9.14754796e-01  3.83282870e-01  6.12521807e-01  9.63104156e-01  2.78764417e-01  6.41065032e-01
9.04346679e-01  5.57636956e-01  5.34667942e-01  9.70132132e-01  4.91251874e-01  5.45973982e-01
8.81648570e-01  3.93161023e-01  7.18824686e-01  9.47018224e-01  2.88883652e-01  7.42341653e-01
8.65765254e-01  5.33157637e-01  6.81570727e-01  9.51061699e-01  3.77442562e-01  6.95047996e-01
8.80032498e-01  4.43447701e-01  6.91366460e-01  9.50249937e-01  3.26105451e-01  7.12339997e-01
8.92226412e-01  6.24080457e-01  5.32686884e-01  9.70223060e-01  5.34904099e-01  5.35113509e-01
9.09734739e-01  3.76153293e-01  6.34196927e-01  9.59947020e-01  2.72885687e-01  6.62692587e-01
8.73132212e-01  6.29432605e-01  5.94049083e-01  9.61387186e-01  5.07444190e-01  5.98233549e-01
8.59435317e-01  5.86762772e-01  6.68262171e-01  9.50526130e-01  4.63439848e-01  6.78234636e-01
8.78432865e-01  4.80665491e-01  6.72634835e-01  9.51877302e-01  3.70270015e-01  6.91507086e-01
8.66541011e-01  6.12584425e-01  6.27368796e-01  9.55535253e-01  5.10800515e-01  6.34965612e-01
8.66915863e-01  4.01058796e-01  7.63428977e-01  9.41672760e-01  2.58424020e-01  7.83272367e-01
9.33816247e-01  4.57247514e-01  4.99776585e-01  9.77313075e-01  3.98092311e-01  5.21863889e-01
9.17403659e-01  4.12581663e-01  5.84505645e-01  9.67143342e-01  2.98022017e-01  6.10631922e-01
9.18683223e-01  3.59196247e-01  6.14819880e-01  9.62449920e-01  2.75842862e-01  6.45947827e-01
8.44252764e-01  5.39754914e-01  7.50338843e-01  9.40953512e-01  3.68706681e-01  7.61918697e-01
8.28869051e-01  6.66383829e-01  7.20364393e-01  9.43618035e-01  4.63397319e-01  7.22539324e-01
9.21963465e-01  4.82875290e-01  5.23385589e-01  9.73521099e-01  4.12205278e-01  5.42854921e-01
8.71962193e-01  4.39171058e-01  7.21547845e-01  9.46234952e-01  3.11784526e-01  7.41455927e-01
8.81628522e-01  5.35002871e-01  6.26505476e-01  9.57890542e-01  4.20857586e-01  6.41039881e-01
8.41794374e-01  8.06849768e-01  5.85574181e-01  9.60783003e-01  6.54590671e-01  5.67979536e-01
9.03964704e-01  3.31241764e-01  6.82948313e-01  9.53271869e-01  2.41468664e-01  7.12890522e-01
8.58803326e-01  4.60976381e-01  7.52075579e-01  9.42188329e-01  3.05987491e-01  7.68767911e-01
9.04709630e-01  4.82244971e-01  5.82382315e-01  9.65814149e-01  3.71691502e-01  6.01809837e-01
8.82826899e-01  6.17976950e-01  5.68566461e-01  9.63786340e-01  5.43823451e-01  5.74285220e-01
8.14158651e-01  6.41276763e-01  7.86916291e-01  9.32956963e-01  4.62094865e-01  7.91721420e-01
8.41722369e-01  6.10022289e-01  7.13309697e-01  9.43913095e-01  4.61929486e-01  7.20992999e-01
8.12340913e-01  4.03376440e-01  9.47555871e-01  9.15433413e-01  2.43598153e-01  9.55529659e-01
8.66705518e-01  5.71923754e-01  6.53208870e-01  9.53275769e-01  4.47631639e-01  6.64325928e-01
8.97436037e-01  3.93503014e-01  6.64695194e-01  9.54793887e-01  2.93942199e-01  6.90776806e-01
8.51422238e-01  6.19411762e-01  6.74275457e-01  9.49984409e-01  4.67298843e-01  6.80799559e-01
8.92199798e-01  4.20127952e-01  6.65189966e-01  9.54447462e-01  3.11011415e-01  6.88979253e-01
8.56454327e-01  4.45311153e-01  7.70222755e-01  9.38903810e-01  3.15488915e-01  7.87591380e-01
8.42994373e-01  5.84169212e-01  7.25775646e-01  9.43199298e-01  4.22056921e-01  7.34957623e-01
8.46956164e-01  6.38310325e-01  6.77171264e-01  9.49311560e-01  4.80549429e-01  6.81994104e-01
8.80184113e-01  8.05716040e-01  4.55953033e-01  9.79837313e-01  7.48360341e-01  4.23728609e-01
9.17460572e-01  3.71739140e-01  6.10828298e-01  9.62668123e-01  2.90628878e-01  6.41067479e-01
9.10865195e-01  5.20529153e-01  5.36624957e-01  9.70335905e-01  4.58170433e-01  5.52456087e-01
8.69405290e-01  5.98990481e-01  6.26468402e-01  9.56280639e-01  4.89765114e-01  6.35138829e-01
8.35244570e-01  6.28506594e-01  7.23306139e-01  9.42956816e-01  4.53895492e-01  7.29016225e-01
8.05197137e-01  7.40078688e-01  7.53199876e-01  9.36585482e-01  5.37461410e-01  7.50710483e-01
8.98873874e-01  6.12337146e-01  5.17738651e-01  9.71589203e-01  5.54945824e-01  5.21635347e-01
8.59645769e-01  5.80698909e-01  6.71484824e-01  9.51454669e-01  4.25742520e-01  6.81156396e-01
8.65445405e-01  6.60187886e-01  6.00183639e-01  9.60693940e-01  5.15800167e-01  6.00711256e-01
8.67871723e-01  4.35837156e-01  7.37602737e-01  9.44112142e-01  3.03827669e-01  7.56940858e-01
8.52430207e-01  5.67758715e-01  7.04388230e-01  9.46433479e-01  4.17924844e-01  7.15192878e-01
9.05276640e-01  3.45737125e-01  6.69082377e-01  9.54953561e-01  2.55738844e-01  6.98747690e-01
8.75696180e-01  3.69923735e-01  7.53827041e-01  9.42653701e-01  2.59771840e-01  7.76665186e-01
8.90803096e-01  6.03020619e-01  5.51192352e-01  9.66549808e-01  5.37626593e-01  5.58025086e-01
8.51250851e-01  5.94487947e-01  6.91039103e-01  9.47856919e-01  4.44514235e-01  6.99805483e-01
8.92103417e-01  3.39743844e-01  7.17706254e-01  9.48623048e-01  2.33317375e-01  7.44618029e-01
8.30070346e-01  5.55406672e-01  7.88337274e-01  9.33828057e-01  4.06749662e-01  7.98650503e-01
9.07422137e-01  5.03740426e-01  5.59216099e-01  9.68416812e-01  4.08209961e-01  5.76523827e-01
9.30527866e-01  4.33389071e-01  5.26432053e-01  9.74312561e-01  3.54588991e-01  5.51345281e-01
9.06948199e-01  3.64495795e-01  6.51227431e-01  9.57155366e-01  2.74051508e-01  6.80318141e-01
8.57702597e-01  6.01960218e-01  6.64279619e-01  9.52479014e-01  4.37451153e-01  6.71831602e-01
8.75441148e-01  5.74496380e-01  6.21875170e-01  9.57918466e-01  4.56196856e-01  6.32540506e-01
8.44071891e-01  5.51835810e-01  7.43109171e-01  9.41069592e-01  3.97294675e-01  7.54443497e-01
9.44182335e-01  4.03855735e-01  4.99240865e-01  9.78706548e-01  3.36660358e-01  5.27392557e-01
9.37834923e-01  4.20333375e-01  5.10096461e-01  9.77611085e-01  3.30632716e-01  5.35835696e-01
8.93182785e-01  4.90700754e-01  6.16033560e-01  9.60304102e-01  3.81744687e-01  6.34773037e-01
8.63929855e-01  6.46291928e-01  6.14351784e-01  9.59115403e-01  4.91047043e-01  6.16660632e-01
8.51308017e-01  4.91438750e-01  7.57750288e-01  9.40889005e-01  3.26740817e-01  7.72212970e-01
8.78222917e-01  3.95170746e-01  7.28854989e-01  9.45532344e-01  2.87502543e-01  7.51678137e-01
8.95724107e-01  3.23658139e-01  7.15854739e-01  9.48658030e-01  2.33844432e-01  7.44269632e-01
8.63066792e-01  4.39593959e-01  7.51479926e-01  9.41451108e-01  3.19744905e-01  7.70255908e-01
8.76496839e-01  6.60412013e-01  5.62511008e-01  9.64612287e-01  5.71215186e-01  5.62540207e-01
8.84904865e-01  6.08982068e-01  5.67350602e-01  9.66474817e-01  4.79008578e-01  5.72306915e-01
8.70520717e-01  4.97654341e-01  6.88472819e-01  9.50713133e-01  3.46015070e-01  7.04682385e-01
8.44147608e-01  5.01428095e-01  7.75579637e-01  9.37052652e-01  3.58421321e-01  7.89352879e-01
8.80970410e-01  3.29238089e-01  7.62332354e-01  9.42416983e-01  2.22797852e-01  7.86888388e-01
8.86956755e-01  4.50825056e-01  6.63063971e-01  9.54217454e-01  3.36726280e-01  6.84399684e-01
8.71368333e-01  6.86949800e-01  5.62696580e-01  9.65217919e-01  5.70839134e-01  5.58745482e-01
8.96418614e-01  4.86165160e-01  6.07990470e-01  9.61623156e-01  3.78037359e-01  6.27188180e-01
8.60995354e-01  3.53427119e-01  8.14757483e-01  9.35574589e-01  2.12508565e-01  8.33701177e-01
8.72354609e-01  4.60063896e-01  7.06650995e-01  9.49044579e-01  3.05041749e-01  7.25028069e-01
9.49085968e-01  3.51116624e-01  5.17127174e-01  9.77377929e-01  2.74403771e-01  5.51085382e-01
8.85188437e-01  4.75329988e-01  6.53159338e-01  9.56200786e-01  3.35177282e-01  6.72047282e-01
8.49767605e-01  5.79661257e-01  7.05701987e-01  9.45818283e-01  4.32607761e-01  7.15680522e-01
8.15826722e-01  6.32389513e-01  7.86724928e-01  9.34441356e-01  4.21019378e-01  7.91358221e-01
9.42574538e-01  4.19617439e-01  4.94467541e-01  9.80001727e-01  3.32818495e-01  5.19992519e-01
8.48699752e-01  6.38528560e-01  6.71108891e-01  9.50450225e-01  4.76360787e-01  6.75679188e-01
8.81318521e-01  5.27354972e-01  6.32523753e-01  9.58399074e-01  3.82021578e-01  6.46922797e-01
8.77351952e-01  5.36212987e-01  6.40241566e-01  9.55351994e-01  4.30890579e-01  6.54954782e-01
8.69695339e-01  4.96373140e-01  6.92106972e-01  9.48855258e-01  3.77591672e-01  7.09160596e-01
8.74775236e-01  6.69342423e-01  5.62559182e-01  9.65275794e-01  5.60075126e-01  5.60908663e-01
9.09550350e-01  5.47080392e-01  5.23852181e-01  9.73649367e-01  4.43406428e-01  5.34686495e-01
8.53648313e-01  5.57098589e-01  7.07172641e-01  9.45346212e-01  4.30061639e-01  7.19306922e-01
9.33714761e-01  4.17867309e-01  5.25687798e-01  9.74997969e-01  3.32650685e-01  5.52115649e-01
8.97131210e-01  5.53570161e-01  5.61809177e-01  9.66318420e-01  4.74885403e-01  5.74280491e-01
8.66368368e-01  4.65453325e-01  7.23479348e-01  9.45417332e-01  3.33870557e-01  7.41498503e-01
8.60409921e-01  6.88736523e-01  5.98747733e-01  9.60698623e-01  5.36233376e-01  5.95870421e-01
8.68038958e-01  5.05722125e-01  6.91661804e-01  9.48728416e-01  3.85955615e-01  7.08004674e-01
8.57387014e-01  6.39576400e-01  6.40929167e-01  9.55037242e-01  4.82635178e-01  6.44790108e-01
8.25298622e-01  6.03989503e-01  7.72998444e-01  9.35764401e-01  4.32053761e-01  7.80276790e-01
8.68096078e-01  5.39189340e-01  6.69739616e-01  9.51912474e-01  4.03976727e-01  6.83345559e-01
9.20993588e-01  5.21210932e-01  5.01790578e-01  9.76589479e-01  4.44675567e-01  5.15535996e-01
8.75107267e-01  4.04452820e-01  7.33409014e-01  9.45789538e-01  2.67455191e-01  7.54749028e-01
8.28553576e-01  6.24809484e-01  7.48428031e-01  9.40068867e-01  4.26826988e-01  7.53906950e-01
8.74185876e-01  5.90223136e-01  6.15927413e-01  9.59091976e-01  4.58140610e-01  6.24558374e-01
8.80657696e-01  6.90027460e-01  5.29155172e-01  9.69618731e-01  6.02844366e-01  5.22992623e-01
8.37954788e-01  5.80597175e-01  7.45208460e-01  9.41154101e-01  3.97039478e-01  7.53961701e-01
9.23423679e-01  4.07866345e-01  5.67125146e-01  9.69331759e-01  3.07859574e-01  5.94283772e-01
9.45204807e-01  3.84253054e-01  5.08495428e-01  9.77492424e-01  3.19828688e-01  5.39140241e-01
8.80057225e-01  4.60311611e-01  6.80333843e-01  9.52013457e-01  3.30154610e-01  7.00078945e-01
8.63933762e-01  5.67421717e-01  6.65544092e-01  9.52407010e-01  4.19633581e-01  6.76488307e-01
8.86930576e-01  6.40476788e-01  5.40024552e-01  9.68852806e-01  5.47939845e-01  5.40830317e-01
9.49142772e-01  3.92470825e-01  4.89788626e-01  9.79907005e-01  3.37571280e-01  5.19480888e-01
8.83951644e-01  4.99754643e-01  6.41501701e-01  9.57618880e-01  3.54808473e-01  6.58332481e-01
8.51558832e-01  5.31311916e-01  7.31010070e-01  9.42401493e-01  4.03063641e-01  7.44545044e-01
8.78098596e-01  4.25335079e-01  7.09693208e-01  9.48431054e-01  2.96544050e-01  7.30962744e-01
9.32220162e-01  3.67178816e-01  5.63671009e-01  9.69946608e-01  2.86181790e-01  5.95445227e-01
9.04066704e-01  4.47814146e-01  6.06918937e-01  9.62379661e-01  3.46065079e-01  6.29865098e-01
8.88198504e-01  4.11268847e-01  6.84529077e-01  9.52397582e-01  2.86538305e-01  7.07885099e-01
9.11332494e-01  4.57055944e-01  5.76246776e-01  9.66116422e-01  3.75342297e-01  5.99012142e-01
8.83413334e-01  3.25571353e-01  7.56417236e-01  9.43102252e-01  2.26012602e-01  7.81737505e-01
8.88899833e-01  4.41067468e-01  6.62800925e-01  9.54581918e-01  3.24863118e-01  6.84855835e-01
8.37677357e-01  6.08377244e-01  7.28113887e-01  9.42343491e-01  4.43041796e-01  7.35504313e-01
8.53608374e-01  5.04863527e-01  7.41222331e-01  9.42343886e-01  3.56995579e-01  7.55760885e-01
8.86514117e-01  4.48277257e-01  6.66221461e-01  9.54779943e-01  3.10122300e-01  6.87056712e-01
8.50334547e-01  5.09360933e-01  7.49419872e-01  9.41753628e-01  3.42312442e-01  7.63002707e-01
8.51619230e-01  4.69516167e-01  7.70926914e-01  9.39347078e-01  3.09096143e-01  7.86254255e-01
8.72845070e-01  5.56508260e-01  6.42369333e-01  9.55778396e-01  4.21306292e-01  6.54477236e-01
8.85636020e-01  3.91175982e-01  7.06275516e-01  9.48824707e-01  2.87442832e-01  7.30581467e-01
8.85079325e-01  4.75875153e-01  6.53176015e-01  9.56554024e-01  3.26686962e-01  6.71781302e-01
9.01325339e-01  5.75445442e-01  5.33365478e-01  9.69903963e-01  5.11875453e-01  5.42581379e-01
8.94025243e-01  5.79797957e-01  5.55328059e-01  9.66934440e-01  4.99390438e-01  5.64561158e-01
8.64251755e-01  5.65551195e-01  6.65678410e-01  9.51376256e-01  4.43586349e-01  6.77457993e-01
8.97201448e-01  3.79980803e-01  6.74271095e-01  9.54135150e-01  2.69785869e-01  7.00688056e-01
8.62609927e-01  5.10509617e-01  7.06989223e-01  9.46726122e-01  3.79371646e-01  7.22393552e-01
8.56060280e-01  4.80298394e-01  7.48845000e-01  9.41087769e-01  3.51528017e-01  7.65102473e-01
8.53074345e-01  6.69351088e-01  6.36242700e-01  9.54988641e-01  5.16233476e-01  6.37191306e-01
9.50233143e-01  3.93884040e-01  4.85168734e-01  9.80748853e-01  3.35884615e-01  5.14480149e-01
8.42328609e-01  5.66168331e-01  7.39723541e-01  9.41346956e-01  4.08219315e-01  7.50092886e-01
8.36726956e-01  5.71461340e-01  7.55309258e-01  9.39336527e-01  4.00442209e-01  7.64814912e-01
8.95105586e-01  4.56739952e-01  6.31553205e-01  9.59764912e-01  3.21273377e-01  6.52467761e-01
9.23431102e-01  3.80972014e-01  5.84560377e-01  9.66676365e-01  2.94403589e-01  6.14478091e-01
9.24874502e-01  4.41408201e-01  5.40422518e-01  9.72976623e-01  3.37702161e-01  5.63887025e-01
8.59396016e-01  5.37689392e-01  7.00256740e-01  9.48160944e-01  3.79634044e-01  7.13131671e-01
8.47372599e-01  5.04552235e-01  7.62599804e-01  9.38998854e-01  3.59656077e-01  7.76582990e-01
8.96746221e-01  3.48611120e-01  6.96183489e-01  9.51633354e-01  2.40025167e-01  7.23736558e-01
8.96670869e-01  4.76371254e-01  6.13492323e-01  9.60523321e-01  3.79496166e-01  6.33896808e-01
8.65563860e-01  3.93413017e-01  7.72983853e-01  9.39505873e-01  2.75122322e-01  7.93235052e-01
8.71696690e-01  5.88188033e-01  6.25701342e-01  9.58478498e-01  4.34177821e-01  6.34133787e-01
8.37598129e-01  5.23463554e-01  7.83514165e-01  9.36418914e-01  3.50970075e-01  7.95170802e-01
8.48685341e-01  5.14495619e-01  7.51685962e-01  9.39868095e-01  3.82243868e-01  7.65691194e-01
9.06134085e-01  3.98546430e-01  6.31884995e-01  9.59298417e-01  3.06620918e-01  6.58908726e-01
8.69863173e-01  6.90025801e-01  5.65810494e-01  9.64528207e-01  5.76621842e-01  5.61806375e-01
8.96318955e-01  4.47233704e-01  6.33604834e-01  9.59754981e-01  3.09724573e-01  6.55250505e-01
9.15458306e-01  4.01752709e-01  5.98141569e-01  9.64120264e-01  3.15584926e-01  6.25880724e-01
9.23184269e-01  3.75393958e-01  5.89020011e-01  9.66344342e-01  2.83360053e-01  6.19207101e-01
8.78929822e-01  5.71739167e-01  6.11819052e-01  9.60273091e-01  4.36504244e-01  6.22079213e-01
9.06214676e-01  5.29503512e-01  5.46589984e-01  9.69261851e-01  4.50230686e-01  5.61212154e-01
8.54809357e-01  6.17647138e-01  6.63919273e-01  9.51034968e-01  4.80969902e-01  6.70844652e-01
8.99289963e-01  5.79111261e-01  5.37897020e-01  9.70222806e-01  4.88476780e-01  5.46045948e-01
9.46011196e-01  3.78618476e-01  5.09415305e-01  9.77044110e-01  3.24056117e-01  5.41019485e-01
8.62421517e-01  6.37920570e-01  6.24908397e-01  9.56732470e-01  5.03350558e-01  6.29043131e-01
9.03141052e-01  5.57479536e-01  5.38864315e-01  9.71738229e-01  4.36200212e-01  5.48637156e-01
8.85670023e-01  4.03226767e-01  6.98336408e-01  9.50605477e-01  2.76890492e-01  7.21647608e-01
8.71253969e-01  5.92466965e-01  6.24426495e-01  9.58008059e-01  4.52581429e-01  6.32817259e-01
8.87063954e-01  6.55591650e-01  5.29758805e-01  9.71089284e-01  5.44538528e-01  5.27291042e-01
8.52886332e-01  6.53706191e-01  6.47038662e-01  9.54470358e-01  4.79035162e-01  6.49272540e-01
8.73944881e-01  6.16109469e-01  5.99939324e-01  9.60506421e-01  4.98872401e-01  6.05899105e-01
8.81363924e-01  5.43530457e-01  6.21867760e-01  9.59310431e-01  4.07934148e-01  6.34978319e-01
8.97680614e-01  5.22326980e-01  5.80227855e-01  9.65558856e-01  4.05957582e-01  5.95379133e-01
8.42752987e-01  6.28587689e-01  6.97756456e-01  9.46093306e-01  4.75594076e-01  7.03796231e-01
9.28816357e-01  4.89151494e-01  4.96041333e-01  9.77171222e-01  4.34424392e-01  5.14219451e-01
9.41271364e-01  4.08949032e-01  5.05818682e-01  9.78198104e-01  3.26599758e-01  5.33021303e-01
8.85948126e-01  6.53202407e-01  5.35098701e-01  9.69001308e-01  5.71547961e-01  5.34319865e-01
8.40094254e-01  5.11604123e-01  7.82737654e-01  9.36821990e-01  3.40336604e-01  7.95089857e-01
8.34236106e-01  5.77607173e-01  7.59777565e-01  9.38775100e-01  3.99353363e-01  7.68671173e-01
8.62845986e-01  6.08698197e-01  6.42439472e-01  9.55163051e-01  4.59490704e-01  6.49432603e-01
8.96106133e-01  5.55199997e-01  5.64232122e-01  9.67672541e-01  4.33685189e-01  5.75298138e-01
8.75120456e-01  5.10355693e-01  6.64606911e-01  9.53298833e-01  3.77600643e-01  6.80666297e-01
9.20171872e-01  3.92653927e-01  5.88043468e-01  9.66869760e-01  2.82156525e-01  6.16121507e-01
8.78895733e-01  5.67621070e-01  6.14608464e-01  9.60107392e-01  4.27780862e-01  6.25195507e-01
9.37871929e-01  4.10613091e-01  5.16578677e-01  9.74341830e-01  3.81054321e-01  5.45442838e-01
8.29276827e-01  5.84581107e-01  7.72090621e-01  9.37125513e-01  3.95528163e-01  7.80149035e-01
8.62184011e-01  6.51057108e-01  6.17186233e-01  9.57982804e-01  5.09722035e-01  6.19525939e-01
8.90910117e-01  5.85110513e-01  5.62456958e-01  9.66775107e-01  4.78166750e-01  5.70579684e-01
8.89753021e-01  4.72678422e-01  6.39380926e-01  9.58263555e-01  3.35404603e-01  6.58767334e-01
9.10112007e-01  4.12156324e-01  6.09541404e-01  9.62575635e-01  3.15432534e-01  6.35820689e-01
9.06102497e-01  5.59996944e-01  5.27173714e-01  9.71157186e-01  4.97401608e-01  5.37953544e-01
9.19226941e-01  4.47236851e-01  5.55815179e-01  9.69869473e-01  3.57124890e-01  5.79236948e-01
8.68109402e-01  4.41761235e-01  7.32949552e-01  9.45073890e-01  2.99169059e-01  7.51870933e-01
8.68700104e-01  6.78719021e-01  5.77100511e-01  9.62588198e-01  5.71761443e-01  5.75389882e-01
8.82069700e-01  5.66686609e-01  6.04437034e-01  9.59834548e-01  4.73253140e-01  6.16238943e-01
8.66161660e-01  4.45165675e-01  7.37353128e-01  9.43891872e-01  3.13269981e-01  7.56130094e-01
8.56617245e-01  5.79008647e-01  6.82866235e-01  9.49712408e-01  4.24084495e-01  6.92718130e-01
8.70763837e-01  4.47868692e-01  7.19970607e-01  9.47337326e-01  2.93357392e-01  7.38726026e-01
8.62650348e-01  5.09544291e-01  7.07478716e-01  9.46723323e-01  3.77241848e-01  7.22912947e-01
9.24752202e-01  4.79933894e-01  5.15825739e-01  9.74163014e-01  4.24351733e-01  5.35879274e-01
9.13696635e-01  4.35390157e-01  5.82285347e-01  9.66920683e-01  3.22581543e-01  6.06277285e-01
8.74172972e-01  4.27466190e-01  7.21639982e-01  9.46501663e-01  3.00847921e-01  7.42320728e-01
8.91435936e-01  4.72593219e-01  6.33721441e-01  9.58474425e-01  3.51518857e-01  6.53621273e-01
9.30420712e-01  3.75823265e-01  5.64169032e-01  9.69693789e-01  2.94613654e-01  5.95081088e-01
8.24265604e-01  5.25676422e-01  8.27650575e-01  9.30004117e-01  3.47499721e-01  8.37636351e-01
8.80793275e-01  6.39453273e-01  5.61528907e-01  9.64952064e-01  5.55314293e-01  5.64105292e-01
8.65404983e-01  7.16878300e-01  5.63515504e-01  9.64927117e-01  5.91585891e-01  5.55725470e-01
8.80872741e-01  3.70803765e-01  7.35677613e-01  9.46342604e-01  2.34580431e-01  7.58942936e-01
8.56158579e-01  4.45746900e-01  7.70944523e-01  9.39717486e-01  2.92694933e-01  7.87740773e-01
8.60745628e-01  4.58120620e-01  7.47334008e-01  9.42853134e-01  3.06202018e-01  7.64454637e-01
8.38083388e-01  5.47318297e-01  7.66378138e-01  9.38071620e-01  3.81941053e-01  7.77281572e-01
8.87782468e-01  5.44138319e-01  5.99677982e-01  9.62979158e-01  4.04358292e-01  6.12296527e-01
8.45625740e-01  5.21887100e-01  7.57277002e-01  9.39480643e-01  3.73211233e-01  7.70302235e-01
8.88267871e-01  3.51419052e-01  7.23150678e-01  9.47556512e-01  2.43819683e-01  7.48983985e-01
8.86892532e-01  7.88529659e-01  4.44331343e-01  9.74238137e-01  9.15810366e-01  4.20205798e-01
7.99516351e-01  6.43974082e-01  8.34887633e-01  9.23777666e-01  5.06343367e-01  8.40161757e-01
9.11426269e-01  4.89496543e-01  5.54867163e-01  9.69556013e-01  3.90034009e-01  5.73498700e-01
9.40896325e-01  4.21617410e-01  4.98867410e-01  9.77648956e-01  3.73333663e-01  5.25539408e-01
8.93787309e-01  7.06197471e-01  4.74372028e-01  9.79001282e-01  6.18074543e-01  4.59763255e-01
9.24270766e-01  4.18778474e-01  5.57164337e-01  9.70708084e-01  3.17420415e-01  5.83207861e-01
8.71400487e-01  3.80720135e-01  7.61405168e-01  9.42485526e-01  2.39553164e-01  7.82503914e-01
8.60491223e-01  6.49079149e-01  6.24218540e-01  9.56842497e-01  5.08770578e-01  6.27061541e-01
8.54835088e-01  5.21507717e-01  7.26250260e-01  9.43905867e-01  3.80390233e-01  7.40237267e-01
8.76239032e-01  3.52568383e-01  7.63251788e-01  9.41809062e-01  2.41379516e-01  7.86411445e-01
9.27945179e-01  4.62700775e-01  5.16172038e-01  9.75885993e-01  3.72131319e-01  5.37126420e-01
8.84042969e-01  4.58808800e-01  6.67774938e-01  9.53346300e-01  3.43709872e-01  6.88341276e-01
9.10164306e-01  3.99409751e-01  6.17639361e-01  9.61855598e-01  2.97288566e-01  6.44709386e-01
8.45749760e-01  6.27827047e-01  6.88074066e-01  9.47684866e-01  4.73714052e-01  6.94033793e-01
8.54447759e-01  5.77091151e-01  6.91478387e-01  9.49157490e-01  4.03913471e-01  7.01025383e-01
8.70223269e-01  6.78073207e-01  5.72347770e-01  9.63904915e-01  5.58715541e-01  5.70018722e-01
8.88754144e-01  3.88566359e-01  6.97381865e-01  9.51305063e-01  2.57891043e-01  7.21635156e-01
9.13125510e-01  4.29747591e-01  5.87887859e-01  9.65523424e-01  3.32745791e-01  6.12843360e-01
9.17779585e-01  4.19420228e-01  5.78789148e-01  9.66910595e-01  3.28336134e-01  6.04987113e-01
8.80127498e-01  5.45562692e-01  6.24746766e-01  9.58465075e-01  4.18416497e-01  6.37930733e-01
9.29478369e-01  4.22950992e-01  5.36772440e-01  9.73428011e-01  3.31042993e-01  5.62560596e-01
8.91155813e-01  3.64380015e-01  7.04929273e-01  9.50498195e-01  2.41708535e-01  7.30618881e-01
9.11985087e-01  5.11575591e-01  5.38635264e-01  9.71147640e-01  4.26001267e-01  5.54825202e-01
8.73907159e-01  7.37290261e-01  5.21690272e-01  9.66700385e-01  7.34093412e-01  5.11319853e-01
9.17314834e-01  4.32273540e-01  5.72022665e-01  9.68361389e-01  3.24832124e-01  5.96509691e-01
8.81120539e-01  5.88527368e-01  5.93777937e-01  9.61269298e-01  4.92608096e-01  6.02998661e-01
8.69440593e-01  5.95994728e-01  6.28293814e-01  9.57488040e-01  4.51887647e-01  6.36314941e-01
8.70252741e-01  4.51670323e-01  7.19237774e-01  9.46884815e-01  3.08588027e-01  7.38041581e-01
8.94202709e-01  4.87828640e-01  6.14435082e-01  9.61279822e-01  3.62730924e-01  6.32993383e-01
9.23283419e-01  3.94556645e-01  5.76242427e-01  9.68143422e-01  2.96133080e-01  6.04664206e-01
8.90033775e-01  6.54907038e-01  5.20118705e-01  9.70924671e-01  5.86902697e-01  5.18372367e-01
9.09334238e-01  3.56797146e-01  6.48123547e-01  9.58079060e-01  2.59703286e-01  6.77773608e-01
8.95159787e-01  4.56034810e-01  6.31826574e-01  9.58219684e-01  3.57692175e-01  6.53801210e-01
8.44749564e-01  6.56127801e-01  6.73096582e-01  9.50334622e-01  4.79029043e-01  6.75792205e-01
9.05807509e-01  4.10574698e-01  6.25184719e-01  9.59829152e-01  3.23584734e-01  6.51511673e-01
8.40884606e-01  6.29449790e-01  7.03541394e-01  9.45513347e-01  4.67786665e-01  7.09353135e-01
8.40508813e-01  6.54880576e-01  6.88306805e-01  9.48029309e-01  4.75534889e-01  6.91396514e-01
8.89090319e-01  3.44191610e-01  7.25050124e-01  9.47033576e-01  2.47532744e-01  7.51462852e-01
8.79004228e-01  5.35922140e-01  6.34819933e-01  9.56734784e-01  4.17693579e-01  6.49195497e-01
8.86182971e-01  4.82996154e-01  6.44804694e-01  9.56023983e-01  3.74159890e-01  6.64002795e-01
9.37014179e-01  3.72114470e-01  5.44187980e-01  9.72072610e-01  3.09787426e-01  5.76255740e-01
9.08515163e-01  5.42848751e-01  5.30114261e-01  9.70726667e-01  4.86501487e-01  5.43280311e-01
9.36046209e-01  3.89398159e-01  5.36253953e-01  9.73681743e-01  3.09491192e-01  5.66007844e-01
8.94682100e-01  5.20110056e-01  5.91848957e-01  9.63527795e-01  4.09440159e-01  6.07582227e-01
8.55284342e-01  4.63085187e-01  7.62655931e-01  9.39903313e-01  3.24078121e-01  7.79160215e-01
8.80248481e-01  5.15372371e-01  6.43936452e-01  9.55456962e-01  4.05178479e-01  6.60335435e-01
9.20520723e-01  4.03434517e-01  5.79859647e-01  9.67024709e-01  3.13965292e-01  6.07638901e-01
8.65749029e-01  5.69452654e-01  6.58061001e-01  9.51988315e-01  4.59439282e-01  6.69801040e-01
9.33746945e-01  4.41146211e-01  5.10465268e-01  9.76434149e-01  3.68935628e-01  5.34364093e-01
9.06166501e-01  4.23818529e-01  6.15367564e-01  9.61864332e-01  3.16220949e-01  6.40195908e-01
8.53192475e-01  5.09535973e-01  7.39601212e-01  9.42988243e-01  3.48692122e-01  7.53584240e-01
8.23500852e-01  6.48656724e-01  7.50103093e-01  9.39378273e-01  4.45765206e-01  7.53876167e-01
9.09779371e-01  4.24333672e-01  6.02764867e-01  9.62739593e-01  3.42192689e-01  6.28468955e-01
8.63843049e-01  5.33758230e-01  6.87707589e-01  9.48525100e-01  4.16751029e-01  7.02057770e-01
8.56334686e-01  1.99963677e-01  9.30227529e-01  9.21274645e-01  1.30532210e-01  9.44695924e-01
8.95811271e-01  6.08528809e-01  5.30610711e-01  9.71259619e-01  5.09317145e-01  5.34491366e-01
8.69989426e-01  5.36897634e-01  6.64798145e-01  9.52406854e-01  4.09709596e-01  6.78825842e-01
8.85072337e-01  5.80976854e-01  5.84963554e-01  9.63053036e-01  4.77912597e-01  5.94505166e-01
8.58802870e-01  6.23261762e-01  6.46713267e-01  9.53675638e-01  4.85780297e-01  6.52780181e-01
9.60264253e-01  2.87709594e-01  5.20335417e-01  9.76564795e-01  2.49405942e-01  5.62184616e-01
8.93431702e-01  5.41523913e-01  5.82192309e-01  9.64557092e-01  4.32271733e-01  5.95606960e-01
8.63396884e-01  5.88505146e-01  6.53679063e-01  9.54295562e-01  4.28128384e-01  6.62378917e-01
8.80200316e-01  5.09941716e-01  6.47626187e-01  9.56476902e-01  3.63903583e-01  6.63513445e-01
8.52422020e-01  5.82254914e-01  6.95004643e-01  9.48312278e-01  4.13217805e-01  7.04254243e-01
9.29674375e-01  4.71143634e-01  5.04819191e-01  9.78032622e-01  3.69357140e-01  5.24015595e-01
8.35424285e-01  6.04439628e-01  7.38321419e-01  9.41078746e-01  4.33625813e-01  7.45830835e-01
9.40253952e-01  4.22469173e-01  5.00495653e-01  9.77404999e-01  3.73421948e-01  5.27082852e-01
9.17507723e-01  4.16170872e-01  5.81821954e-01  9.66963438e-01  3.14137174e-01  6.07991293e-01
9.51753562e-01  3.90691844e-01  4.82078461e-01  9.80989041e-01  3.40118351e-01  5.11943307e-01
9.45205981e-01  3.82946987e-01  5.09339330e-01  9.77083351e-01  3.25741101e-01  5.40371161e-01
8.40943912e-01  6.33592476e-01  7.00650607e-01  9.46606323e-01  4.53751301e-01  7.05649489e-01
8.52161613e-01  5.05457044e-01  7.46047133e-01  9.40735945e-01  3.81035910e-01  7.60927110e-01
9.13078569e-01  4.13189809e-01  5.98797062e-01  9.64197130e-01  3.16474385e-01  6.25178442e-01
8.76826813e-01  4.97485292e-01  6.67168690e-01  9.53388641e-01  3.60469370e-01  6.84123877e-01
8.76865879e-01  4.28065862e-01  7.12106373e-01  9.48385258e-01  2.89711380e-01  7.32865097e-01
8.79106353e-01  4.20054822e-01  7.09699223e-01  9.48253360e-01  2.99059870e-01  7.31509787e-01
8.77667833e-01  6.59326721e-01  5.59239682e-01  9.67130842e-01  5.23165878e-01  5.57704152e-01
8.91444905e-01  5.96090280e-01  5.53512800e-01  9.68916865e-01  4.67771922e-01  5.59294261e-01
8.67584280e-01  3.81578997e-01  7.73806536e-01  9.40342883e-01  2.47862931e-01  7.94286190e-01
8.78852404e-01  5.34533357e-01  6.36237024e-01  9.56124454e-01  4.26561926e-01  6.51020937e-01
9.06568709e-01  5.24160234e-01  5.48856871e-01  9.69330987e-01  4.36912755e-01  5.63904424e-01
9.25790604e-01  3.96132373e-01  5.66705779e-01  9.68445183e-01  3.25196626e-01  5.95886600e-01
9.05171482e-01  4.15527938e-01  6.24128992e-01  9.61322321e-01  2.93171118e-01  6.49098153e-01
9.18435737e-01  4.82308773e-01  5.35732274e-01  9.72706794e-01  3.83884321e-01  5.54744036e-01
8.90375651e-01  5.80768511e-01  5.67090768e-01  9.66179479e-01  4.72058252e-01  5.75836988e-01
8.46126576e-01  5.93644121e-01  7.08987539e-01  9.44680489e-01  4.53392644e-01  7.18082406e-01
8.60268641e-01  6.05829965e-01  6.53053571e-01  9.53742033e-01  4.51715994e-01  6.60374612e-01
9.20632665e-01  4.76868959e-01  5.31804049e-01  9.73395852e-01  3.79498596e-01  5.51358427e-01
8.99866331e-01  3.53210829e-01  6.82601993e-01  9.53025192e-01  2.56759905e-01  7.10871996e-01
8.69971189e-01  4.62976689e-01  7.12853164e-01  9.47509018e-01  3.20886743e-01  7.31143513e-01
8.82990730e-01  4.66682630e-01  6.66236180e-01  9.54000026e-01  3.36554999e-01  6.85834150e-01
8.54421697e-01  5.14553536e-01  7.32169012e-01  9.43017113e-01  3.77652939e-01  7.46580466e-01
8.71577756e-01  4.81198873e-01  6.95566861e-01  9.49409729e-01  3.45224971e-01  7.13225846e-01
9.17291292e-01  3.97088987e-01  5.94945355e-01  9.65183068e-01  2.99502451e-01  6.22852549e-01
8.56151774e-01  4.83308937e-01  7.46579624e-01  9.41170552e-01  3.58907181e-01  7.62834281e-01
8.90610112e-01  5.10892185e-01  6.11660568e-01  9.60807749e-01  3.95394764e-01  6.28329882e-01
9.10540626e-01  5.53528374e-01  5.16303282e-01  9.73724243e-01  4.74995536e-01  5.26769095e-01
9.39523038e-01  3.29105661e-01  5.63888859e-01  9.70067981e-01  2.66321896e-01  5.99859024e-01
8.81547000e-01  3.51794423e-01  7.45729632e-01  9.44646166e-01  2.34169437e-01  7.69917349e-01
8.63835087e-01  5.17073468e-01  6.98567187e-01  9.47390746e-01  3.97184985e-01  7.13937943e-01
8.59647924e-01  5.20801460e-01  7.10365545e-01  9.46239059e-01  3.82442634e-01  7.24793563e-01
9.08369944e-01  4.10203870e-01  6.16724603e-01  9.62246833e-01  2.95847077e-01  6.42540181e-01
8.98630034e-01  5.19595945e-01  5.78776835e-01  9.64724245e-01  4.30356490e-01  5.94986121e-01
8.97020848e-01  5.81811677e-01  5.43849056e-01  9.70440825e-01  4.61325931e-01  5.51040404e-01
8.85716837e-01  6.71468460e-01  5.24025175e-01  9.69725475e-01  6.09792393e-01  5.20672359e-01
9.09842480e-01  4.15976939e-01  6.07976262e-01  9.63189675e-01  3.08009828e-01  6.33631105e-01
9.02382009e-01  3.44319231e-01  6.79832208e-01  9.53351100e-01  2.55566239e-01  7.09063314e-01
8.35779257e-01  5.40592020e-01  7.78569649e-01  9.36308457e-01  3.77537700e-01  7.89623834e-01
9.48266509e-01  4.00949919e-01  4.87259284e-01  9.80519028e-01  3.37420970e-01  5.15592046e-01
8.75840818e-01  4.38922496e-01  7.08538623e-01  9.48859324e-01  2.95036298e-01  7.28571652e-01
8.96697468e-01  5.25748600e-01  5.81344833e-01  9.65291210e-01  4.09851843e-01  5.96178393e-01
8.41199788e-01  5.41310804e-01  7.59695549e-01  9.38410167e-01  3.96912065e-01  7.71585942e-01
8.40283296e-01  5.39897156e-01  7.63726181e-01  9.39287155e-01  3.59429075e-01  7.74787828e-01
8.39967240e-01  5.60428384e-01  7.51468754e-01  9.39141667e-01  4.16221086e-01  7.62349319e-01
8.64309804e-01  6.16804847e-01  6.32205289e-01  9.55103734e-01  5.04466924e-01  6.39223677e-01
8.88502385e-01  4.66674934e-01  6.47525470e-01  9.57454014e-01  3.22043855e-01  6.67103769e-01
8.42133718e-01  6.80313327e-01  6.66277046e-01  9.51281913e-01  4.93267677e-01  6.66365817e-01
8.62404357e-01  6.82107142e-01  5.96279329e-01  9.61219897e-01  5.30006964e-01  5.93993999e-01
8.87647414e-01  5.96873003e-01  5.65899301e-01  9.65871539e-01  4.92741560e-01  5.72941799e-01
8.93939464e-01  5.00306657e-01  6.07227732e-01  9.61746040e-01  3.84520753e-01  6.24873793e-01
8.94017540e-01  3.91640089e-01  6.77512872e-01  9.52951057e-01  2.91410511e-01  7.03189091e-01
8.91262637e-01  5.24411586e-01  6.00667546e-01  9.62074867e-01  4.12982006e-01  6.16064427e-01
8.62013140e-01  5.80812816e-01  6.63669343e-01  9.51974507e-01  4.45159898e-01  6.73767740e-01
8.85222799e-01  6.64275493e-01  5.30372717e-01  9.69769790e-01  5.78769948e-01  5.27692098e-01
8.74660625e-01  6.16160857e-01  5.97475449e-01  9.60431612e-01  5.10359517e-01  6.03674245e-01
9.00615221e-01  4.97021027e-01  5.86692201e-01  9.64062699e-01  4.04927183e-01  6.05214998e-01
8.59070047e-01  5.71927470e-01  6.79134516e-01  9.50099965e-01  4.25994346e-01  6.89783457e-01
8.75717965e-01  4.41351879e-01  7.07378096e-01  9.47706560e-01  3.28672565e-01  7.28043756e-01
9.27548048e-01  4.72699285e-01  5.11029304e-01  9.76739869e-01  3.77127811e-01  5.30475084e-01
