8.61555814e-01  5.39990774e-01  6.91413994e-01  9.49262400e-01  3.86952392e-01  7.04339943e-01
8.96622242e-01  4.73519413e-01  6.15500368e-01  9.60811685e-01  3.63577470e-01  6.35791479e-01
8.85583571e-01  4.74067549e-01  6.52626074e-01  9.55478727e-01  3.54320492e-01  6.72164769e-01
8.88151655e-01  4.48612414e-01  6.60431842e-01  9.55456508e-01  3.15228127e-01  6.81510936e-01
8.35728184e-01  6.64731192e-01  6.98442818e-01  9.46673848e-01  4.75327309e-01  7.00652798e-01
8.72501368e-01  4.52265189e-01  7.11200636e-01  9.47696472e-01  3.18573168e-01  7.30479211e-01
9.05929452e-01  4.91994228e-01  5.71903968e-01  9.66931546e-01  3.89433037e-01  5.90464838e-01
8.72872604e-01  5.18662137e-01  6.66834776e-01  9.53278677e-01  3.73040729e-01  6.81863660e-01
8.76855773e-01  4.82181237e-01  6.76993657e-01  9.51922074e-01  3.53385586e-01  6.95189432e-01
8.75804274e-01  4.56472049e-01  6.97254573e-01  9.49523059e-01  3.26909275e-01  7.16804889e-01
8.97207100e-01  4.28162272e-01  6.42960649e-01  9.57520077e-01  3.21394708e-01  6.66827913e-01
9.06036962e-01  4.95376287e-01  5.69343266e-01  9.66764211e-01  4.04975763e-01  5.87878462e-01
8.91784566e-01  4.63684263e-01  6.38311631e-01  9.57799278e-01  3.46904167e-01  6.59031913e-01
8.94491048e-01  4.96328517e-01  6.07928967e-01  9.62076329e-01  3.71947275e-01  6.25712288e-01
8.75282674e-01  5.30876944e-01  6.50721504e-01  9.54750664e-01  4.03316940e-01  6.65297491e-01
8.84248533e-01  4.94010733e-01  6.44211917e-01  9.56138768e-01  3.78257180e-01  6.62297187e-01
8.68533914e-01  5.83004685e-01  6.39795094e-01  9.55899361e-01  4.40094465e-01  6.49273565e-01
8.75289124e-01  5.07545570e-01  6.65846487e-01  9.53407271e-01  3.69074841e-01  6.81972844e-01
8.77973782e-01  5.73479964e-01  6.13925746e-01  9.60056646e-01  4.34426276e-01  6.23952363e-01
8.46205139e-01  5.73989168e-01  7.21464884e-01  9.44521014e-01  4.02152987e-01  7.31162020e-01
9.01794762e-01  4.67996018e-01  6.01523013e-01  9.62779130e-01  3.65949193e-01  6.22618224e-01
8.93896307e-01  4.46585194e-01  6.42242091e-01  9.58178395e-01  3.15657589e-01  6.63957622e-01
9.05027154e-01  5.05547552e-01  5.66168795e-01  9.67790689e-01  3.97524073e-01  5.83051276e-01
9.05307070e-01  4.33489802e-01  6.11998714e-01  9.62204305e-01  3.24803306e-01  6.35991064e-01
8.83742745e-01  5.78894562e-01  5.90822169e-01  9.63325508e-01  4.47443398e-01  5.99928387e-01
8.86395219e-01  4.14368620e-01  6.88627082e-01  9.51411703e-01  2.96818505e-01  7.11779692e-01
8.85391541e-01  5.08672387e-01  6.30812417e-01  9.58829323e-01  3.69685347e-01  6.47063985e-01
8.59308567e-01  5.29446864e-01  7.05889645e-01  9.47722435e-01  3.65944517e-01  7.19159878e-01
8.61712973e-01  5.28179290e-01  6.98548456e-01  9.47719617e-01  3.93330840e-01  7.12730252e-01
8.97595344e-01  5.33176511e-01  5.73466439e-01  9.65820407e-01  4.31155124e-01  5.87766414e-01
8.93776527e-01  4.87358166e-01  6.16178717e-01  9.61201134e-01  3.57804312e-01  6.34653614e-01
8.51950122e-01  5.47859106e-01  7.18921731e-01  9.45028498e-01  3.89777425e-01  7.30821775e-01
8.86489699e-01  5.17589131e-01  6.21294838e-01  9.59261126e-01  3.99395696e-01  6.37300499e-01
8.88699253e-01  4.10080967e-01  6.83587356e-01  9.52328076e-01  2.91252428e-01  7.07214533e-01
8.63063596e-01  5.15245865e-01  7.02358912e-01  9.47923818e-01  3.69020143e-01  7.17144542e-01
8.85038980e-01  5.86475608e-01  5.81499164e-01  9.64414501e-01  4.61319438e-01  5.89679071e-01
8.50346220e-01  5.55829935e-01  7.19193032e-01  9.45019057e-01  3.91883079e-01  7.30386561e-01
8.98833886e-01  5.39581549e-01  5.65102803e-01  9.66929137e-01  4.40024774e-01  5.78569228e-01
8.93091079e-01  5.62042969e-01  5.70020274e-01  9.66561511e-01  4.41536229e-01  5.80570524e-01
8.67252971e-01  6.66622448e-01  5.90164987e-01  9.57673656e-01  6.33859011e-01  5.92797520e-01
8.99606928e-01  4.16287128e-01  6.42521509e-01  9.57892365e-01  3.08989550e-01  6.67361479e-01
8.96816179e-01  5.29620855e-01  5.78420430e-01  9.65119312e-01  4.27198968e-01  5.93193115e-01
8.76034291e-01  5.39997205e-01  6.42248473e-01  9.56422428e-01  3.98725694e-01  6.55659414e-01
9.04592950e-01  4.93013711e-01  5.75780178e-01  9.66863120e-01  3.76780613e-01  5.93882397e-01
8.92749130e-01  5.08854924e-01  6.05711384e-01  9.62042925e-01  3.87069316e-01  6.22366214e-01
8.61109094e-01  5.52323402e-01  6.84924398e-01  9.49406865e-01  4.12956479e-01  6.97291392e-01
8.75616467e-01  4.73364127e-01  6.86925820e-01  9.50957225e-01  3.36477434e-01  7.05356624e-01
9.04039374e-01  4.59535012e-01  5.99394424e-01  9.63702006e-01  3.47613157e-01  6.21017869e-01
8.75415764e-01  6.15610506e-01  5.95260013e-01  9.62177934e-01  4.76472387e-01  6.00451970e-01
8.74103444e-01  5.67489736e-01  6.30956286e-01  9.56673253e-01  4.48246350e-01  6.42392286e-01
7.66179497e-01  6.34827124e-01  9.54040254e-01  9.10547322e-01  3.75090311e-01  9.55900334e-01
8.90996163e-01  4.64537330e-01  6.40434819e-01  9.57708990e-01  3.41504638e-01  6.60882059e-01
8.68082840e-01  5.48905601e-01  6.63464056e-01  9.52840975e-01  4.09144206e-01  6.76170099e-01
9.02108824e-01  4.47897551e-01  6.13504681e-01  9.61615850e-01  3.39952502e-01  6.36197470e-01
8.74520825e-01  4.89017581e-01  6.80483722e-01  9.51361034e-01  3.56748349e-01  6.97994996e-01
8.79229404e-01  5.63315958e-01  6.16260849e-01  9.58803943e-01  4.51037440e-01  6.28073603e-01
9.00156260e-01  4.38041656e-01  6.26533081e-01  9.60419517e-01  3.15969786e-01  6.49514490e-01
8.73509527e-01  5.76728561e-01  6.26975015e-01  9.57596465e-01  4.45361371e-01  6.37152056e-01
8.94342620e-01  4.36484915e-01  6.47283811e-01  9.56808362e-01  3.26174708e-01  6.70265907e-01
8.98627034e-01  5.21769466e-01  5.77368886e-01  9.66319974e-01  3.98248136e-01  5.92310738e-01
8.76282554e-01  5.60718294e-01  6.27953232e-01  9.57933134e-01  4.25998247e-01  6.39552157e-01
9.12995505e-01  4.40089616e-01  5.81608162e-01  9.66027425e-01  3.49027798e-01  6.05774685e-01
8.96481825e-01  4.52208286e-01  6.29812472e-01  9.59364309e-01  3.35604627e-01  6.51657548e-01
8.66771278e-01  5.48932940e-01  6.67899687e-01  9.52767101e-01  3.94031384e-01  6.80201851e-01
8.98825932e-01  5.07979199e-01  5.85646266e-01  9.65340941e-01  3.83299970e-01  6.02107421e-01
8.71638181e-01  4.80796412e-01  6.95608911e-01  9.49938981e-01  3.31842652e-01  7.12976588e-01
8.87093808e-01  4.71570060e-01  6.49119483e-01  9.56079665e-01  3.51732006e-01  6.68921091e-01
9.06210002e-01  4.28544074e-01  6.12143629e-01  9.62126585e-01  3.23946510e-01  6.36691106e-01
8.78245040e-01  4.31469746e-01  7.05198668e-01  9.48613967e-01  3.10784242e-01  7.26430201e-01
8.66752551e-01  5.08831163e-01  6.93997613e-01  9.49118729e-01  3.68699536e-01  7.09558490e-01
8.97364153e-01  4.63654329e-01  6.19385703e-01  9.60263236e-01  3.57867126e-01  6.40652439e-01
9.07736800e-01  4.78450856e-01  5.74559606e-01  9.66754919e-01  3.76811306e-01  5.94568933e-01
9.03692546e-01  4.51527837e-01  6.05770383e-01  9.62417937e-01  3.51126385e-01  6.28423931e-01
9.02744773e-01  4.60858416e-01  6.02931053e-01  9.62713283e-01  3.58924555e-01  6.24694268e-01
9.02982480e-01  4.96530685e-01  5.78965252e-01  9.65441245e-01  4.00769084e-01  5.97351459e-01
8.71564196e-01  5.84076991e-01  6.28809693e-01  9.57154094e-01  4.52452660e-01  6.38318919e-01
8.88303113e-01  4.47587984e-01  6.60582637e-01  9.55071426e-01  3.23701515e-01  6.81985076e-01
8.79944495e-01  5.50951294e-01  6.21859995e-01  9.58990567e-01  4.19165545e-01  6.34380759e-01
8.76173042e-01  4.40056073e-01  7.06659792e-01  9.49088707e-01  2.96709732e-01  7.26699893e-01
8.94228428e-01  4.99263802e-01  6.06915080e-01  9.62265920e-01  3.72562869e-01  6.24351738e-01
8.77467166e-01  6.01949007e-01  5.97163657e-01  9.61743635e-01  4.72624909e-01  6.04142436e-01
8.51301086e-01  5.51753975e-01  7.18596946e-01  9.45467416e-01  3.81592712e-01  7.29934484e-01
8.72064529e-01  5.00994577e-01  6.81048474e-01  9.51517101e-01  3.55476185e-01  6.97293837e-01
8.60544623e-01  5.61330475e-01  6.80993596e-01  9.49974314e-01  4.17631380e-01  6.92552389e-01
9.00203608e-01  5.08339618e-01  5.80734410e-01  9.65999938e-01  3.86338639e-01  5.97166654e-01
8.68966878e-01  5.93082325e-01  6.31782504e-01  9.57210445e-01  4.43740576e-01  6.40008735e-01
8.46933947e-01  2.79888261e-01  9.10257013e-01  9.22301998e-01  1.87339952e-01  9.24732914e-01
8.67600834e-01  5.14316068e-01  6.87556450e-01  9.50004552e-01  3.73317922e-01  7.02791436e-01
8.77130456e-01  5.09345840e-01  6.58425538e-01  9.53954676e-01  3.84466124e-01  6.74839349e-01
8.67623410e-01  5.07473696e-01  6.91921909e-01  9.49179423e-01  3.74511970e-01  7.07800881e-01
8.78492707e-01  4.56154010e-01  6.88332532e-01  9.50939044e-01  3.25143293e-01  7.08141646e-01
8.74600414e-01  4.46201265e-01  7.08010113e-01  9.48664549e-01  3.04363069e-01  7.27617643e-01
8.75980134e-01  5.69180340e-01  6.23486477e-01  9.58141219e-01  4.42052667e-01  6.34438186e-01
8.92865478e-01  4.96182817e-01  6.13543144e-01  9.60562133e-01  3.87395000e-01  6.31784084e-01
8.90943492e-01  3.83781946e-01  6.93350623e-01  9.49940689e-01  3.06696023e-01  7.19408935e-01
8.69889908e-01  5.46071996e-01  6.59477151e-01  9.52556803e-01  4.32206808e-01  6.73083780e-01
8.62526498e-01  5.02275374e-01  7.12603142e-01  9.46800097e-01  3.53376782e-01  7.28032611e-01
8.86103816e-01  4.45632385e-01  6.69319891e-01  9.53395034e-01  3.31516021e-01  6.90893960e-01
8.79500156e-01  4.19891916e-01  7.08453352e-01  9.48986169e-01  2.85460367e-01  7.30005834e-01
9.04193530e-01  4.75442770e-01  5.88543572e-01  9.65104851e-01  3.62150407e-01  6.08600526e-01
8.67821145e-01  4.92086287e-01  7.01240111e-01  9.48511024e-01  3.50125908e-01  7.17827855e-01
8.92558781e-01  4.44743457e-01  6.47979299e-01  9.56463458e-01  3.35442665e-01  6.70295364e-01
9.06875763e-01  4.71396769e-01  5.82062800e-01  9.65811351e-01  3.67666462e-01  6.02771919e-01
8.86827631e-01  4.76434999e-01  6.46864931e-01  9.56737896e-01  3.46135682e-01  6.66018213e-01
8.79782783e-01  5.13328609e-01  6.46833982e-01  9.56094921e-01  3.77680372e-01  6.62714125e-01
8.90994290e-01  5.31939914e-01  5.96682977e-01  9.63127026e-01  4.06350830e-01  6.10875631e-01
8.91786471e-01  4.50042008e-01  6.47161806e-01  9.56791033e-01  3.32671336e-01  6.68847485e-01
8.91176002e-01  4.84419953e-01  6.26916250e-01  9.59278871e-01  3.62711887e-01  6.45823367e-01
8.87504300e-01  4.97314512e-01  6.31012199e-01  9.58969638e-01  3.60465443e-01  6.48335002e-01
8.70496493e-01  4.61126655e-01  7.12255225e-01  9.47532688e-01  3.21837978e-01  7.30760713e-01
8.90018295e-01  4.27619438e-01  6.67722489e-01  9.54289510e-01  3.08411557e-01  6.90598352e-01
8.72236785e-01  5.80321710e-01  6.28963886e-01  9.57199223e-01  4.49017893e-01  6.38838221e-01
8.74250220e-01  5.48761564e-01  6.42616364e-01  9.55328099e-01  4.27910267e-01  6.55804967e-01
8.58488104e-01  5.40507594e-01  7.01494809e-01  9.47633643e-01  3.88963794e-01  7.14309658e-01
8.72117122e-01  5.68618061e-01  6.36968284e-01  9.55934180e-01  4.43643740e-01  6.48214690e-01
9.10958230e-01  4.67709498e-01  5.70594673e-01  9.67645028e-01  3.65024990e-01  5.91636642e-01
8.54555558e-01  5.36149619e-01  7.17676910e-01  9.45027594e-01  3.90267835e-01  7.30712113e-01
8.83887715e-01  4.55315403e-01  6.70558331e-01  9.53344117e-01  3.31960662e-01  6.91115748e-01
8.73072933e-01  6.11311514e-01  6.06005977e-01  9.60453013e-01  4.74012551e-01  6.12090949e-01
9.03787186e-01  4.92636221e-01  5.78761201e-01  9.66228913e-01  3.80551591e-01  5.97060988e-01
8.59509349e-01  5.28980278e-01  7.05510807e-01  9.47710436e-01  3.67500828e-01  7.18870406e-01
8.69797761e-01  5.20448062e-01  6.76115903e-01  9.51036100e-01  3.93646870e-01  6.91391212e-01
9.65363441e-01  4.14843235e-01  4.20483515e-01  9.88999106e-01  4.05214200e-01  4.45773898e-01
9.11717341e-01  4.70591679e-01  5.66145998e-01  9.68310617e-01  3.67303302e-01  5.86832618e-01
8.76526405e-01  5.00749586e-01  6.66057325e-01  9.53566688e-01  3.61593879e-01  6.82711974e-01
8.60642837e-01  5.86921763e-01  6.64046078e-01  9.52712926e-01  4.26149254e-01  6.72987542e-01
8.87460885e-01  5.17758622e-01  6.17887163e-01  9.59609904e-01  4.03968261e-01  6.33987664e-01
8.81120217e-01  5.17156598e-01  6.39807598e-01  9.56986011e-01  3.84244106e-01  6.55455300e-01
8.81982206e-01  5.16852905e-01  6.37077893e-01  9.56958692e-01  3.95154855e-01  6.53061694e-01
8.90391243e-01  5.57291936e-01  5.82271908e-01  9.64731353e-01  4.35707868e-01  5.93677336e-01
8.74463550e-01  4.77670069e-01  6.88045078e-01  9.50126515e-01  3.54378046e-01  7.06468539e-01
9.03097706e-01  4.60669814e-01  6.01855117e-01  9.63444465e-01  3.45115251e-01  6.23257264e-01
8.72573562e-01  5.55586714e-01  6.43878489e-01  9.55865800e-01  4.12953291e-01  6.55878726e-01
9.03743501e-01  5.17965927e-01  5.62465321e-01  9.67777517e-01  4.18495900e-01  5.78198235e-01
8.73199167e-01  5.95539341e-01  6.15816750e-01  9.59086832e-01  4.61227417e-01  6.23860697e-01
9.15721737e-01  4.50552444e-01  5.65558765e-01  9.68514402e-01  3.54567286e-01  5.88524493e-01
8.51689117e-01  5.60459466e-01  7.11627733e-01  9.45747024e-01  4.04439483e-01  7.22762766e-01
7.91168005e-01  5.53464801e-01  9.22005874e-01  9.14630956e-01  3.82556771e-01  9.27957254e-01
9.04853726e-01  4.98398984e-01  5.71398564e-01  9.67360309e-01  3.84226125e-01  5.88941584e-01
8.85083040e-01  4.57330987e-01  6.65191101e-01  9.54341361e-01  3.28317175e-01  6.85579417e-01
9.04705141e-01  5.14669366e-01  5.61340241e-01  9.67540401e-01  4.26838418e-01  5.77754452e-01
9.16657015e-01  4.39047083e-01  5.69852407e-01  9.67832706e-01  3.49119988e-01  5.94177878e-01
8.58775555e-01  5.22417893e-01  7.12262731e-01  9.46724995e-01  3.63842580e-01  7.26050136e-01
8.78119766e-01  4.51362034e-01  6.92709826e-01  9.50064398e-01  3.28593605e-01  7.12937377e-01
7.89398062e-01  4.58690914e-01  9.89555193e-01  9.06299038e-01  3.25661891e-01  9.94779457e-01
8.74927464e-01  5.02537501e-01  6.70325767e-01  9.52898030e-01  3.62614759e-01  6.86758925e-01
8.59888795e-01  5.27424551e-01  7.05232395e-01  9.46935273e-01  3.87085985e-01  7.19229567e-01
8.65814092e-01  5.36286358e-01  6.79360036e-01  9.50582767e-01  3.98828359e-01  6.93077993e-01
8.92412618e-01  4.53026883e-01  6.43097935e-01  9.57774585e-01  3.25045393e-01  6.64336557e-01
9.00552617e-01  4.60461970e-01  6.10631845e-01  9.62068495e-01  3.45406405e-01  6.32011164e-01
8.92211011e-01  4.11111326e-01  6.70994345e-01  9.53885499e-01  2.99816613e-01  6.95212342e-01
9.01662461e-01  4.97506578e-01  5.82813789e-01  9.65792894e-01  3.78032798e-01  6.00449667e-01
8.68964923e-01  5.69224310e-01  6.47277924e-01  9.54808091e-01  4.31759071e-01  6.58233013e-01
8.88901328e-01  5.58586857e-01  5.86490212e-01  9.63515637e-01  4.49429791e-01  5.98241651e-01
8.87360031e-01  4.06033320e-01  6.90762416e-01  9.51296963e-01  2.88708907e-01  7.14424660e-01
8.77012803e-01  6.24987255e-01  5.83749855e-01  9.63657634e-01  4.90807895e-01  5.87589347e-01
8.84566989e-01  5.31451789e-01  6.18823627e-01  9.59272288e-01  4.14923167e-01  6.33573222e-01
8.75571566e-01  4.87908749e-01  6.77635813e-01  9.52446861e-01  3.40326407e-01  6.94899189e-01
8.77225959e-01  5.12896336e-01  6.55796254e-01  9.55190113e-01  3.65646573e-01  6.71348751e-01
8.74952312e-01  4.82257291e-01  6.83407441e-01  9.51545997e-01  3.38591833e-01  7.01083728e-01
9.05038507e-01  4.54979939e-01  5.98959075e-01  9.63410673e-01  3.54216284e-01  6.21331229e-01
8.71458786e-01  5.78899425e-01  6.32528921e-01  9.56485182e-01  4.51992809e-01  6.42716116e-01
8.82397011e-01  5.95940832e-01  5.84325027e-01  9.63809423e-01  4.69780241e-01  5.91566745e-01
8.57304064e-01  5.54809385e-01  6.96230377e-01  9.48636727e-01  3.89778704e-01  7.07686218e-01
8.77553925e-01  8.25904248e-01  4.51777153e-01  9.76805183e-01  8.52482404e-01  4.18656001e-01
8.97297119e-01  5.22312963e-01  5.81531741e-01  9.65461872e-01  4.03268065e-01  5.96630851e-01
9.10682883e-01  4.67360270e-01  5.71756329e-01  9.67024010e-01  3.75459551e-01  5.93161823e-01
8.68012249e-01  5.54675508e-01  6.59957887e-01  9.53428315e-01  4.10592227e-01  6.72063280e-01
8.82636990e-01  5.48659515e-01  6.14205528e-01  9.59628258e-01  4.31992923e-01  6.27272002e-01
8.82045442e-01  4.32940486e-01  6.91339672e-01  9.51210618e-01  2.98601927e-01  7.12649127e-01
8.81744310e-01  4.83858542e-01  6.59305820e-01  9.54736906e-01  3.51431498e-01  6.77601348e-01
8.90900021e-01  4.49672230e-01  6.50411788e-01  9.56792533e-01  3.20332845e-01  6.71742775e-01
8.79986552e-01  4.98796556e-01  6.55576392e-01  9.54809431e-01  3.69897763e-01  6.72788728e-01
9.07101730e-01  7.05669637e-01  4.29504329e-01  9.81287639e-01  7.52274721e-01  4.13507762e-01
8.83888158e-01  4.19381146e-01  6.93885584e-01  9.50578442e-01  2.99779890e-01  7.16425184e-01
8.89969473e-01  4.17813413e-01  6.74254399e-01  9.53692709e-01  2.95079132e-01  6.97563840e-01
8.75818459e-01  5.74236570e-01  6.20752904e-01  9.58746177e-01  4.40250300e-01  6.30983657e-01
8.85783009e-01  5.03459231e-01  6.32867614e-01  9.58581915e-01  3.65608727e-01  6.49610099e-01
8.77077171e-01  4.59210049e-01  6.91154953e-01  9.50219625e-01  3.33489885e-01  7.10789342e-01
8.87040258e-01  4.61179996e-01  6.56046612e-01  9.55977254e-01  3.23959048e-01  6.76116449e-01
8.90026024e-01  5.62611057e-01  5.80058792e-01  9.64499489e-01  4.52610465e-01  5.91184540e-01
9.03023361e-01  4.79960624e-01  5.89583831e-01  9.64623126e-01  3.72057776e-01  6.09356713e-01
8.80302457e-01  4.71843749e-01  6.72001683e-01  9.53263912e-01  3.35059704e-01  6.90900382e-01
8.62075812e-01  5.34404930e-01  6.93274719e-01  9.49188883e-01  3.79526746e-01  7.06559577e-01
8.84502373e-01  5.69627670e-01  5.94258996e-01  9.62352557e-01  4.53014235e-01  6.04855184e-01
9.13672061e-01  4.46575987e-01  5.75099937e-01  9.66908323e-01  3.55368158e-01  5.98633799e-01
8.69784339e-01  5.88771972e-01  6.31805144e-01  9.57222108e-01  4.41375514e-01  6.40490770e-01
8.83737398e-01  5.75243743e-01  5.93210458e-01  9.62514060e-01  4.55973131e-01  6.03123032e-01
8.65677679e-01  5.25577143e-01  6.86775718e-01  9.50518663e-01  3.68019364e-01  7.00742523e-01
9.01281343e-01  4.35566389e-01  6.24319846e-01  9.60522545e-01  3.20653487e-01  6.47751187e-01
8.79140949e-01  4.28356451e-01  7.04177799e-01  9.49649547e-01  2.87882489e-01  7.25182135e-01
8.83813399e-01  5.03106297e-01  6.39784508e-01  9.57127766e-01  3.74745463e-01  6.56782705e-01
8.82013854e-01  4.89907006e-01  6.54463889e-01  9.55340718e-01  3.57373912e-01  6.72330774e-01
8.78933227e-01  5.22750181e-01  6.43602081e-01  9.55991639e-01  3.96552751e-01  6.58933130e-01
8.78806797e-01  5.28932681e-01  6.40017652e-01  9.56724763e-01  3.94989573e-01  6.54600513e-01
8.74498530e-01  5.02821452e-01  6.71597860e-01  9.53098115e-01  3.53014593e-01  6.87736234e-01
8.61884638e-01  5.39733248e-01  6.90464667e-01  9.49045687e-01  3.95790534e-01  7.03648654e-01
8.80664485e-01  4.14125468e-01  7.08243516e-01  9.48764799e-01  2.89678642e-01  7.30432090e-01
8.83688965e-01  4.36700687e-01  6.83317980e-01  9.52409481e-01  3.00248459e-01  7.04574603e-01
8.52089680e-01  5.90856141e-01  6.90533909e-01  9.48782734e-01  4.22214926e-01  6.99113438e-01
8.80179726e-01  6.07088030e-01  5.84616933e-01  9.63660582e-01  4.77996674e-01  5.90586650e-01
8.69133837e-01  5.64080854e-01  6.50043546e-01  9.54059000e-01  4.37190047e-01  6.61757401e-01
8.96748663e-01  4.41245456e-01  6.36023573e-01  9.58469632e-01  3.29519995e-01  6.58826577e-01
8.86115448e-01  4.18848302e-01  6.86668796e-01  9.51526363e-01  3.02886267e-01  7.09615951e-01
9.03307855e-01  4.66761311e-01  5.97186920e-01  9.64131962e-01  3.48886869e-01  6.17961200e-01
8.51465284e-01  5.71342778e-01  7.05322234e-01  9.47032066e-01  4.00942269e-01  7.15346698e-01
8.64771706e-01  5.55817484e-01  6.70219699e-01  9.51175728e-01  4.27049091e-01  6.82631905e-01
8.73318173e-01  5.11291542e-01  6.70106895e-01  9.52876214e-01  3.67518018e-01  6.85744407e-01
8.48628678e-01  5.64755424e-01  7.19230420e-01  9.44669526e-01  4.03634813e-01  7.29860922e-01
8.55059243e-01  5.52560105e-01  7.05312863e-01  9.46619681e-01  4.04004312e-01  7.17269920e-01
8.82890934e-01  5.74282751e-01  5.96708492e-01  9.61881295e-01  4.57245099e-01  6.06880729e-01
9.07718633e-01  4.39229271e-01  6.00084204e-01  9.63743386e-01  3.34605268e-01  6.23815054e-01
8.80283641e-01  5.60160922e-01  6.14729479e-01  9.60053446e-01  4.25067014e-01  6.26176377e-01
9.17346121e-01  4.55855166e-01  5.56600643e-01  9.69707901e-01  3.62414200e-01  5.79024573e-01
8.89442392e-01  3.98716273e-01  6.88442081e-01  9.51532480e-01  2.88766094e-01  7.12901107e-01
9.05818477e-01  4.81866016e-01  5.78856084e-01  9.66092168e-01  3.78180925e-01  5.98495907e-01
8.68915777e-01  4.84024378e-01  7.02757156e-01  9.48453314e-01  3.42879251e-01  7.19903995e-01
8.71007058e-01  5.52753909e-01  6.51036594e-01  9.54162968e-01  4.25918033e-01  6.63744598e-01
8.60976303e-01  5.29230891e-01  7.00367097e-01  9.47644459e-01  3.88697296e-01  7.14303049e-01
8.62013645e-01  5.53942335e-01  6.80801994e-01  9.50260575e-01  4.08349911e-01  6.92902118e-01
8.81058729e-01  5.23407198e-01  6.35958446e-01  9.57347901e-01  3.92802747e-01  6.51119933e-01
9.01059171e-01  4.73449558e-01  6.00480225e-01  9.63710085e-01  3.49809992e-01  6.20448855e-01
8.67536001e-01  5.02589961e-01  6.95389255e-01  9.49267903e-01  3.57410309e-01  7.11259891e-01
8.95247596e-01  4.92651324e-01  6.07747382e-01  9.61510438e-01  3.84690251e-01  6.26340531e-01
8.86534292e-01  3.98821631e-01  6.98248070e-01  9.50223589e-01  2.85031013e-01  7.22172827e-01
8.74693848e-01  5.23188349e-01  6.57712337e-01  9.53640171e-01  4.00663310e-01  6.73042511e-01
8.67832811e-01  4.73780346e-01  7.13084837e-01  9.47443159e-01  3.25455766e-01  7.30483000e-01
8.91355442e-01  4.60916412e-01  6.41565618e-01  9.58096371e-01  3.26246620e-01  6.61990519e-01
8.86961214e-01  5.17427183e-01  6.19798957e-01  9.59655402e-01  3.95419533e-01  6.35708606e-01
8.91096500e-01  4.44580777e-01  6.53050054e-01  9.55884621e-01  3.30638935e-01  6.75137720e-01
8.72580882e-01  6.04371856e-01  6.12181996e-01  9.59915056e-01  4.59537199e-01  6.18948228e-01
8.86533544e-01  4.65572736e-01  6.54915351e-01  9.55897083e-01  3.31967302e-01  6.74745073e-01
8.79659715e-01  4.30377348e-01  7.01104360e-01  9.49181329e-01  3.11540042e-01  7.22614448e-01
8.86403819e-01  4.66440180e-01  6.54792678e-01  9.55848801e-01  3.33967702e-01  6.74583683e-01
8.80614463e-01  4.69470900e-01  6.72482744e-01  9.53184905e-01  3.34260172e-01  6.91595198e-01
9.05356351e-01  4.88620343e-01  5.76040272e-01  9.66081733e-01  3.92507431e-01  5.95189851e-01
8.62964614e-01  4.99497877e-01  7.12918700e-01  9.46507860e-01  3.58402430e-01  7.28723162e-01
8.03238269e-01  4.03109456e-01  9.78643098e-01  9.10820507e-01  2.45598176e-01  9.84637814e-01
8.60523048e-01  5.76921398e-01  6.70945123e-01  9.51923103e-01  4.14724799e-01  6.80741446e-01
8.82956062e-01  5.13760031e-01  6.35779099e-01  9.57129935e-01  3.94547395e-01  6.52106736e-01
8.63683885e-01  5.31105883e-01  6.89956304e-01  9.49594179e-01  3.80861628e-01  7.03646621e-01
8.78276582e-01  4.84710279e-01  6.70527462e-01  9.52954767e-01  3.53303182e-01  6.88587407e-01
8.66516459e-01  5.56136203e-01  6.64088516e-01  9.53017824e-01  4.05463028e-01  6.75902857e-01
8.62050273e-01  5.57573793e-01  6.78320058e-01  9.51181966e-01  3.96670597e-01  6.89744063e-01
8.94291309e-01  4.52297555e-01  6.37192367e-01  9.58025312e-01  3.40715472e-01  6.59039666e-01
8.73268304e-01  4.75725543e-01  6.93365909e-01  9.50252121e-01  3.30626654e-01  7.11255084e-01
8.89853041e-01  4.41558080e-01  6.59234547e-01  9.55740209e-01  3.09893401e-01  6.80947883e-01
8.51932391e-01  5.45899931e-01  7.20253846e-01  9.44855918e-01  3.88269962e-01  7.32283229e-01
8.94952266e-01  5.45807822e-01  5.74240619e-01  9.65665138e-01  4.38384789e-01  5.87059853e-01
8.79801969e-01  7.65705925e-01  4.83226048e-01  9.75317293e-01  7.08953412e-01  4.61988201e-01
9.08951316e-01  4.41684894e-01  5.94304450e-01  9.64399147e-01  3.41521377e-01  6.17982158e-01
9.11921646e-01  4.82181151e-01  5.57928323e-01  9.68806008e-01  3.92600985e-01  5.77700315e-01
8.83076390e-01  4.69144009e-01  6.64335546e-01  9.53863876e-01  3.47976801e-01  6.84012397e-01
8.99552377e-01  4.87552613e-01  5.96440711e-01  9.63152293e-01  3.85334709e-01  6.15661551e-01
9.01761423e-01  4.74345492e-01  5.97514097e-01  9.63114871e-01  3.75925159e-01  6.18116830e-01
8.61101081e-01  5.18576800e-01  7.06860121e-01  9.47039600e-01  3.75072302e-01  7.21389080e-01
8.63143442e-01  5.28181785e-01  6.93689712e-01  9.48842536e-01  3.84076801e-01  7.07709041e-01
8.73549679e-01  4.58394200e-01  7.03662128e-01  9.48712932e-01  3.23727832e-01  7.22748281e-01
9.11480763e-01  4.49119191e-01  5.80889375e-01  9.66227954e-01  3.51219494e-01  6.03972933e-01
9.15415693e-01  4.47744561e-01  5.68420825e-01  9.67952039e-01  3.55933296e-01  5.91808644e-01
9.26979500e-01  3.52677876e-01  5.91178147e-01  9.65555890e-01  2.86285739e-01  6.24089995e-01
8.67699817e-01  5.14880378e-01  6.86854002e-01  9.49910146e-01  3.78513547e-01  7.02173523e-01
8.66382045e-01  5.18753010e-01  6.88814329e-01  9.50088681e-01  3.68216527e-01  7.03453065e-01
8.70152639e-01  4.70409029e-01  7.07396596e-01  9.48109511e-01  3.29041046e-01  7.25366382e-01
8.79340664e-01  4.49015505e-01  6.90087679e-01  9.51313568e-01  3.06698619e-01  7.10082789e-01
8.61559897e-01  5.22626325e-01  7.02673246e-01  9.48191027e-01  3.64011515e-01  7.16610452e-01
8.96111338e-01  4.88705097e-01  6.07376483e-01  9.62558212e-01  3.58780293e-01  6.25722516e-01
8.96473670e-01  5.37101216e-01  5.74727113e-01  9.66223324e-01  4.18556408e-01  5.88149167e-01
8.87645498e-01  4.52664495e-01  6.59519852e-01  9.54925294e-01  3.33300447e-01  6.80662124e-01
8.79595186e-01  5.29859900e-01  6.36738737e-01  9.56863029e-01  4.04523643e-01  6.51469329e-01
8.96839451e-01  5.16204622e-01  5.87051319e-01  9.63873898e-01  4.17507088e-01  6.03460266e-01
8.75244568e-01  4.87454813e-01  6.79040826e-01  9.51346301e-01  3.61920343e-01  6.96871798e-01
8.79737224e-01  4.91876535e-01  6.60915505e-01  9.54812326e-01  3.46812578e-01  6.78205224e-01
8.74920458e-01  6.01144082e-01  6.06333510e-01  9.60267539e-01  4.72210684e-01  6.13704394e-01
8.77332194e-01  5.38978065e-01  6.38503105e-01  9.57010638e-01  3.98225222e-01  6.52005755e-01
8.68693191e-01  5.56698929e-01  6.56332144e-01  9.54112322e-01  4.08588221e-01  6.68149373e-01
7.69893106e-01  7.03323653e-01  8.96953442e-01  9.16800278e-01  4.53115995e-01  8.97433985e-01
9.06752799e-01  4.56199473e-01  5.92346506e-01  9.64990802e-01  3.41345888e-01  6.14229895e-01
9.04297945e-01  4.33487319e-01  6.15426788e-01  9.61715828e-01  3.23881514e-01  6.39340106e-01
8.95283049e-01  4.39068412e-01  6.42413385e-01  9.58248275e-01  3.10155237e-01  6.64805012e-01
9.19832024e-01  4.35721545e-01  5.61230694e-01  9.69047106e-01  3.50665469e-01  5.86027526e-01
8.84268538e-01  5.14267574e-01  6.30993116e-01  9.57977283e-01  3.92279925e-01  6.47207551e-01
8.65985282e-01  5.23460365e-01  6.87105485e-01  9.49791272e-01  3.83832685e-01  7.01683407e-01
8.78492022e-01  5.77912134e-01  6.09288678e-01  9.60371113e-01  4.46874334e-01  6.19005360e-01
8.83187770e-01  5.81221779e-01  5.91501737e-01  9.63555590e-01  4.42438626e-01  6.00151019e-01
8.89911976e-01  5.70819934e-01  5.75116784e-01  9.65526729e-01  4.51241789e-01  5.84920319e-01
8.68463797e-01  5.05247160e-01  6.90513873e-01  9.49813702e-01  3.63351633e-01  7.06361541e-01
8.74051572e-01  4.87171809e-01  6.83275346e-01  9.51409150e-01  3.44357287e-01  7.00603775e-01
8.69544776e-01  6.02140980e-01  6.23939328e-01  9.58070851e-01  4.57492268e-01  6.31254354e-01
8.97827235e-01  4.63247206e-01  6.18077623e-01  9.61157863e-01  3.40800235e-01  6.38934409e-01
9.13139734e-01  4.68326048e-01  5.62787156e-01  9.68696880e-01  3.69619396e-01  5.83810687e-01
8.90233589e-01  4.46193442e-01  6.54933097e-01  9.56318221e-01  3.13640717e-01  6.76359531e-01
8.92630823e-01  5.50868785e-01  5.78837416e-01  9.64703096e-01  4.46428492e-01  5.91334508e-01
8.83009594e-01  5.18689462e-01  6.32397114e-01  9.57528546e-01  3.99857894e-01  6.48300646e-01
8.92391382e-01  5.29915480e-01  5.93253459e-01  9.63857693e-01  4.00824177e-01  6.07491910e-01
8.65687663e-01  5.51544109e-01  6.69883891e-01  9.51448082e-01  4.19883956e-01  6.82572544e-01
9.07828484e-01  4.44201653e-01  5.96483103e-01  9.64176696e-01  3.39906071e-01  6.19788767e-01
7.54176511e-01  8.00359214e-01  8.87322935e-01  9.17212276e-01  5.02376389e-01  8.83193864e-01
8.59311109e-01  5.15420120e-01  7.14987270e-01  9.46517359e-01  3.56135382e-01  7.29195999e-01
8.49680279e-01  5.73713870e-01  7.09843852e-01  9.46177550e-01  4.05610105e-01  7.19726718e-01
8.53623366e-01  5.77974062e-01  6.93689443e-01  9.48415464e-01  4.14003250e-01  7.03401615e-01
8.64291270e-01  5.59034349e-01  6.69762598e-01  9.51360448e-01  4.25599715e-01  6.81788748e-01
9.02145563e-01  4.89904464e-01  5.86108768e-01  9.64608109e-01  3.90448817e-01  6.05123110e-01
8.71196566e-01  5.26965621e-01  6.67135051e-01  9.52523273e-01  3.93840270e-01  6.81810223e-01
8.51734004e-01  5.77513602e-01  7.00403663e-01  9.47660921e-01  4.06657827e-01  7.09968961e-01
8.72541306e-01  5.67677726e-01  6.36138448e-01  9.56462491e-01  4.33524754e-01  6.47209623e-01
8.61479360e-01  5.29516275e-01  6.98473705e-01  9.47910242e-01  3.89426801e-01  7.12427152e-01
8.99614443e-01  4.26801332e-01  6.35670102e-01  9.58531263e-01  3.23212848e-01  6.59916334e-01
8.97025995e-01  4.80080325e-01  6.09870045e-01  9.61395662e-01  3.73628700e-01  6.29680728e-01
8.93837329e-01  5.49176888e-01  5.75839145e-01  9.65167904e-01  4.45937845e-01  5.88469763e-01
8.73705008e-01  4.54691109e-01  7.05538783e-01  9.48828510e-01  3.12548290e-01  7.24639277e-01
8.95850688e-01  5.49531593e-01  5.68772553e-01  9.66236854e-01  4.47692455e-01  5.81202773e-01
8.72853517e-01  5.08177077e-01  6.73706556e-01  9.52223611e-01  3.68674750e-01  6.89656435e-01
8.82217949e-01  4.87109098e-01  6.55587309e-01  9.55292932e-01  3.53146833e-01  6.73632369e-01
8.68722948e-01  5.24718494e-01  6.76993016e-01  9.51289603e-01  3.85810921e-01  6.91610660e-01
8.87531074e-01  4.13471586e-01  6.85352669e-01  9.51808449e-01  2.98799092e-01  7.08769532e-01
8.48861099e-01  5.84576542e-01  7.05573240e-01  9.46672332e-01  4.13911790e-01  7.14599764e-01
8.69026182e-01  5.66587011e-01  6.48782074e-01  9.54971773e-01  4.20818724e-01  6.59759259e-01
8.78318974e-01  4.99536599e-01  6.60758176e-01  9.54523717e-01  3.57635730e-01  6.77507579e-01
8.97712244e-01  4.57385121e-01  6.22273778e-01  9.60675296e-01  3.34170450e-01  6.43589417e-01
8.72526411e-01  5.61144891e-01  6.40430185e-01  9.56084748e-01  4.23307355e-01  6.52037171e-01
8.89079894e-01  5.68581856e-01  5.79395073e-01  9.63938992e-01  4.71794044e-01  5.90261854e-01
8.57130074e-01  5.61645117e-01  6.92383352e-01  9.48319594e-01  4.14927158e-01  7.03798791e-01
8.70960784e-01  4.98243923e-01  6.86581960e-01  9.50466151e-01  3.59407757e-01  7.03106696e-01
8.97078985e-01  5.11958872e-01  5.88994355e-01  9.64182973e-01  4.00493726e-01  6.05484077e-01
8.87808597e-01  4.85633593e-01  6.37562295e-01  9.57795608e-01  3.59253986e-01  6.56147869e-01
8.85622867e-01  5.13139896e-01  6.27126619e-01  9.59079934e-01  3.79587393e-01  6.43125835e-01
8.92571504e-01  5.56378534e-01  5.75461869e-01  9.65019496e-01  4.54684235e-01  5.87362122e-01
8.91726274e-01  5.53656746e-01  5.80098830e-01  9.65163653e-01  4.31828736e-01  5.91818798e-01
8.71904226e-01  4.55383349e-01  7.11203892e-01  9.47825581e-01  3.16477872e-01  7.30144698e-01
8.90710831e-01  4.17698865e-01  6.71811498e-01  9.53648410e-01  3.05163471e-01  6.95473672e-01
8.96818653e-01  4.40527269e-01  6.36252174e-01  9.59010333e-01  3.15138867e-01  6.58745528e-01
9.01955762e-01  5.03492290e-01  5.77931926e-01  9.66072042e-01  3.92916569e-01  5.95155664e-01
8.70591668e-01  4.74608135e-01  7.03179794e-01  9.48398745e-01  3.39187122e-01  7.21123137e-01
9.13537732e-01  4.75032112e-01  5.57082144e-01  9.69621355e-01  3.72484612e-01  5.77208568e-01
9.03071436e-01  4.68367157e-01  5.96947149e-01  9.64055543e-01  3.52405707e-01  6.17622723e-01
9.02977691e-01  5.08236690e-01  5.71381894e-01  9.67320054e-01  3.90241685e-01  5.87783421e-01
9.13665302e-01  4.33143695e-01  5.83843219e-01  9.66019550e-01  3.37490759e-01  6.08541402e-01
8.87101554e-01  4.98260814e-01  6.31765368e-01  9.57778864e-01  3.87095708e-01  6.49700314e-01
9.04378975e-01  4.98310073e-01  5.73068292e-01  9.67188077e-01  3.81949720e-01  5.90581848e-01
8.49836928e-01  7.93699035e-01  5.66801515e-01  9.58922984e-01  7.68922780e-01  5.52987548e-01
8.96387656e-01  5.26374900e-01  5.81982767e-01  9.65395345e-01  4.05174601e-01  5.96608547e-01
7.85506020e-01  6.95125354e-01  8.49255082e-01  9.22807851e-01  4.87925468e-01  8.50716743e-01
9.36779709e-01  3.74363427e-01  5.43821673e-01  9.72257787e-01  3.09819955e-01  5.75576935e-01
8.74237243e-01  5.32024690e-01  6.53526117e-01  9.54070451e-01  4.09776995e-01  6.68137962e-01
8.90483626e-01  4.32502609e-01  6.62972281e-01  9.54577396e-01  3.20903013e-01  6.85811562e-01
8.88143194e-01  4.80060746e-01  6.40044107e-01  9.57943466e-01  3.43875317e-01  6.58820504e-01
9.01253605e-01  4.88215167e-01  5.90234094e-01  9.64593815e-01  3.74270157e-01  6.09023777e-01
8.87964770e-01  4.31569088e-01  6.72131046e-01  9.53993723e-01  3.00855613e-01  6.94273810e-01
8.93809542e-01  5.59178772e-01  5.69440205e-01  9.66504872e-01  4.43662880e-01  5.80432997e-01
8.90037063e-01  4.09730407e-01  6.79272438e-01  9.52946025e-01  2.91831186e-01  7.03116112e-01
8.96631058e-01  5.41547797e-01  5.71305956e-01  9.66338326e-01  4.31291518e-01  5.84413506e-01
8.77895894e-01  4.50558475e-01  6.93991654e-01  9.50700694e-01  3.07842366e-01  7.13743142e-01
8.53181473e-01  5.39817249e-01  7.19961536e-01  9.44887837e-01  3.86390739e-01  7.32521006e-01
8.84284329e-01  4.94997112e-01  6.43450010e-01  9.56161584e-01  3.80999162e-01  6.61505333e-01
9.09136954e-01  4.33308040e-01  5.99112429e-01  9.63976942e-01  3.29846294e-01  6.23437970e-01
8.53454203e-01  5.74040580e-01  6.96817473e-01  9.47930410e-01  4.12407771e-01  7.06887318e-01
8.91930062e-01  5.32395546e-01  5.93209784e-01  9.62808856e-01  4.27633902e-01  6.07904900e-01
8.69964739e-01  5.40882695e-01  6.62282635e-01  9.52914505e-01  4.08483554e-01  6.75854180e-01
9.01363198e-01  4.32843862e-01  6.25809394e-01  9.60339217e-01  3.18381389e-01  6.49461583e-01
8.96908914e-01  5.43821821e-01  5.68886191e-01  9.66377536e-01  4.40889665e-01  5.81902362e-01
7.66847771e-01  6.03519260e-01  9.72099506e-01  9.08740300e-01  3.46415455e-01  9.74238936e-01
8.47602228e-01  8.08825895e-01  5.64569636e-01  9.63599645e-01  6.75183318e-01  5.45071166e-01
8.64504788e-01  5.01040918e-01  7.06687320e-01  9.47283207e-01  3.63247715e-01  7.22611041e-01
8.92913138e-01  4.28587319e-01  6.57264758e-01  9.55702129e-01  3.12942346e-01  6.80474211e-01
8.77523951e-01  5.49222268e-01  6.31201392e-01  9.57992880e-01  4.06815507e-01  6.43685358e-01
8.81086351e-01  5.23507331e-01  6.35799649e-01  9.57152225e-01  3.98228934e-01  6.51097053e-01
8.89749784e-01  5.61139797e-01  5.81951912e-01  9.64279040e-01  4.49843403e-01  5.93249480e-01
8.70208950e-01  4.83444084e-01  6.98742949e-01  9.48767277e-01  3.49964645e-01  7.16222779e-01
8.96058179e-01  4.60191376e-01  6.26068280e-01  9.59643613e-01  3.46320193e-01  6.47343892e-01
8.70655079e-01  4.92071646e-01  6.91627056e-01  9.50053598e-01  3.48220072e-01  7.08385873e-01
8.71522400e-01  5.44868928e-01  6.54405741e-01  9.54263016e-01  4.07197772e-01  6.67510513e-01
8.78110391e-01  4.80282837e-01  6.73966082e-01  9.52094042e-01  3.59772272e-01  6.92583156e-01
8.92796533e-01  4.69344433e-01  6.31200900e-01  9.58420058e-01  3.60897362e-01  6.51757112e-01
9.26353501e-01  3.43726134e-01  5.99115959e-01  9.66446691e-01  2.31402010e-01  6.31300104e-01
8.90079037e-01  5.76574426e-01  5.70813676e-01  9.65735255e-01  4.65995736e-01  5.80109697e-01
7.90783027e-01  4.64269238e-01  9.81230702e-01  9.10280493e-01  2.56214789e-01  9.85600798e-01
8.64912399e-01  4.94150035e-01  7.09776894e-01  9.47350679e-01  3.47458624e-01  7.25895725e-01
8.92929150e-01  4.02730299e-01  6.73996939e-01  9.53551439e-01  2.93741216e-01  6.98784630e-01
8.65162738e-01  5.04265325e-01  7.02359959e-01  9.47996584e-01  3.63125177e-01  7.18065858e-01
8.83571989e-01  5.54622156e-01  6.07159772e-01  9.60432294e-01  4.42399142e-01  6.19666695e-01
9.05561343e-01  4.44451943e-01  6.04018642e-01  9.62724673e-01  3.47009222e-01  6.27426520e-01
8.83578071e-01  4.48813700e-01  6.75830669e-01  9.53257923e-01  3.11872440e-01  6.96397871e-01
9.19675104e-01  4.29602536e-01  5.65736012e-01  9.68501790e-01  3.43809223e-01  5.91138178e-01
8.77174735e-01  4.76087532e-01  6.79866702e-01  9.51953087e-01  3.39465735e-01  6.98267803e-01
8.96714430e-01  4.99718791e-01  5.98178535e-01  9.62631635e-01  3.97153358e-01  6.16217387e-01
8.76259337e-01  5.13014366e-01  6.59001771e-01  9.54250922e-01  3.76554562e-01  6.74802538e-01
8.68407359e-01  5.46160313e-01  6.64144418e-01  9.52263771e-01  4.19541781e-01  6.77423071e-01
8.90469555e-01  4.83642813e-01  6.29819499e-01  9.58667461e-01  3.66322593e-01  6.48893520e-01
8.88419631e-01  5.85959117e-01  5.70355550e-01  9.65832627e-01  4.70384131e-01  5.78452189e-01
8.51225742e-01  5.83505780e-01  6.98239292e-01  9.47846520e-01  4.12724209e-01  7.07350704e-01
8.78986499e-01  4.60121530e-01  6.84080132e-01  9.51946651e-01  3.17707157e-01  7.03431793e-01
8.76784582e-01  6.09802160e-01  5.94383037e-01  9.62154405e-01  4.77527799e-01  6.00354351e-01
9.06238502e-01  4.69801895e-01  5.85262008e-01  9.65262008e-01  3.68071626e-01  6.06198810e-01
8.92109906e-01  4.63219063e-01  6.37508957e-01  9.58024134e-01  3.44221173e-01  6.58221851e-01
8.83188262e-01  5.04283004e-01  6.41143218e-01  9.56793182e-01  3.78285125e-01  6.58094631e-01
8.69834741e-01  5.26252766e-01  6.72221888e-01  9.51544605e-01  3.98258923e-01  6.87044943e-01
8.77355455e-01  5.40028984e-01  6.37741859e-01  9.56364160e-01  4.17384152e-01  6.51640162e-01
8.72228090e-01  4.98789049e-01  6.81924949e-01  9.51145693e-01  3.60440908e-01  6.98506362e-01
8.72336985e-01  4.58207999e-01  7.07900687e-01  9.47813562e-01  3.30076519e-01  7.27020168e-01
8.79319390e-01  5.10835236e-01  6.50026134e-01  9.56025117e-01  3.66212437e-01  6.65861645e-01
8.95049090e-01  4.47939471e-01  6.37448635e-01  9.58197274e-01  3.33697199e-01  6.59589424e-01
8.89475656e-01  5.05112856e-01  6.19255766e-01  9.60470586e-01  3.72005029e-01  6.35994401e-01
8.92542612e-01  5.43054334e-01  5.84210129e-01  9.64632549e-01  4.23408933e-01  5.97206446e-01
8.74714006e-01  4.53551606e-01  7.02852524e-01  9.49123748e-01  3.14848416e-01  7.22204734e-01
8.76941888e-01  5.25357008e-01  6.48671261e-01  9.55645633e-01  3.86856492e-01  6.63434491e-01
8.68570587e-01  5.42729488e-01  6.65817495e-01  9.52426277e-01  4.07750511e-01  6.79157186e-01
8.59555010e-01  5.11638709e-01  7.16614025e-01  9.45852223e-01  3.65065514e-01  7.31358255e-01
8.75294523e-01  5.64288966e-01  6.28989965e-01  9.57229802e-01  4.40785371e-01  6.40580377e-01
8.54111857e-01  5.48785618e-01  7.10980113e-01  9.46442733e-01  3.85395026e-01  7.22785750e-01
8.78390799e-01  5.67023040e-01  6.16701650e-01  9.59734023e-01  4.28470572e-01  6.27423140e-01
8.73193885e-01  5.29777819e-01  6.58527501e-01  9.53405460e-01  4.06085159e-01  6.73270944e-01
9.03883152e-01  4.71789879e-01  5.91968934e-01  9.64709298e-01  3.57005819e-01  6.12347950e-01
8.95554786e-01  5.41407614e-01  5.75051422e-01  9.66045572e-01  4.23800113e-01  5.88054325e-01
8.07598032e-01  6.43451493e-01  8.07783091e-01  9.29401554e-01  4.70564591e-01  8.12524820e-01
8.96708991e-01  5.15349501e-01  5.88049443e-01  9.63689790e-01  4.17724642e-01  6.04589513e-01
8.82039122e-01  5.60336839e-01  6.08654578e-01  9.60159914e-01  4.45993119e-01  6.20566997e-01
8.83035668e-01  4.83338337e-01  6.55258763e-01  9.55523517e-01  3.47169950e-01  6.73561067e-01
8.81559496e-01  5.09241722e-01  6.43454425e-01  9.56028046e-01  3.90373907e-01  6.60154412e-01
8.87322348e-01  5.05481524e-01  6.26327934e-01  9.59001992e-01  3.81085848e-01  6.43272790e-01
8.90607882e-01  5.59925227e-01  5.79826766e-01  9.64375273e-01  4.55140528e-01  5.91385325e-01
8.56866377e-01  5.62669176e-01  6.92613903e-01  9.48666559e-01  4.05914117e-01  7.03696104e-01
8.64667556e-01  5.04834001e-01  7.03672152e-01  9.47516858e-01  3.70226178e-01  7.19469943e-01
9.04519815e-01  4.72407756e-01  5.89406029e-01  9.65250821e-01  3.53879015e-01  6.09611972e-01
8.76095308e-01  5.87376217e-01  6.11282522e-01  9.59663337e-01  4.60903362e-01  6.20240554e-01
8.80742185e-01  5.45720273e-01  6.22547469e-01  9.58982098e-01  4.14312273e-01  6.35577689e-01
8.78819657e-01  5.18301629e-01  6.46875736e-01  9.55587967e-01  3.92057642e-01  6.62579703e-01
8.90452668e-01  4.41118128e-01  6.57484144e-01  9.55731998e-01  3.16441398e-01  6.79458898e-01
8.89629342e-01  4.46939834e-01  6.56500239e-01  9.55242671e-01  3.34468335e-01  6.78352200e-01
9.00726721e-01  5.05212205e-01  5.80988530e-01  9.65677077e-01  3.91627710e-01  5.97991546e-01
8.84821531e-01  5.99246091e-01  5.73946827e-01  9.64441861e-01  4.96879850e-01  5.81131487e-01
8.79663339e-01  5.48479390e-01  6.24419431e-01  9.58276355e-01  4.25588908e-01  6.37447866e-01
8.59289794e-01  5.76378910e-01  6.75484796e-01  9.51066415e-01  4.18074696e-01  6.85445678e-01
8.83859612e-01  4.70151334e-01  6.61022170e-01  9.54797857e-01  3.37889958e-01  6.80398691e-01
8.93647121e-01  4.36466526e-01  6.49657304e-01  9.56984374e-01  3.13011202e-01  6.72236501e-01
8.83718639e-01  4.75476407e-01  6.58043767e-01  9.54743009e-01  3.52585717e-01  6.77290473e-01
8.92242168e-01  4.83530610e-01  6.23873475e-01  9.60146869e-01  3.52645329e-01  6.42627955e-01
8.76765328e-01  5.08536674e-01  6.60190637e-01  9.53607244e-01  3.85966509e-01  6.76713770e-01
8.86675924e-01  4.91237206e-01  6.37770357e-01  9.57052519e-01  3.79053863e-01  6.56250825e-01
8.76444819e-01  5.43614152e-01  6.38506387e-01  9.56687823e-01  4.08152287e-01  6.51738405e-01
8.73486264e-01  5.44995155e-01  6.47655539e-01  9.55529616e-01  4.02063656e-01  6.60598073e-01
8.72068243e-01  4.98606375e-01  6.82586301e-01  9.50641850e-01  3.70268338e-01  6.99423188e-01
8.87902452e-01  5.30960634e-01  6.07816997e-01  9.61364438e-01  4.05947218e-01  6.22272024e-01
8.38275382e-01  3.68303789e-01  8.82253476e-01  9.24646034e-01  2.44761775e-01  8.96182585e-01
8.86247457e-01  4.33108808e-01  6.76962549e-01  9.53141073e-01  3.04477133e-01  6.98888205e-01
8.97908062e-01  5.44529291e-01  5.65034311e-01  9.66452680e-01  4.54367687e-01  5.78247356e-01
8.67548053e-01  4.98211280e-01  6.98191004e-01  9.49339491e-01  3.43449599e-01  7.14087718e-01
8.70860668e-01  5.06476985e-01  6.81576942e-01  9.50510550e-01  3.80381691e-01  6.97884022e-01
8.96867529e-01  4.48636389e-01  6.30821724e-01  9.59833116e-01  3.18824032e-01  6.52602389e-01
8.66886992e-01  5.50267557e-01  6.66640342e-01  9.51909277e-01  4.20423595e-01  6.79488405e-01
8.63670080e-01  5.71719930e-01  6.63636273e-01  9.52235807e-01  4.32936913e-01  6.74448685e-01
9.01373659e-01  4.65710145e-01  6.04436863e-01  9.62846367e-01  3.52247926e-01  6.25412872e-01
8.70354260e-01  5.54420562e-01  6.52171153e-01  9.54903088e-01  4.04195450e-01  6.64113348e-01
8.83010233e-01  4.38340107e-01  6.84558275e-01  9.52267973e-01  2.99744485e-01  7.05600578e-01
9.16837946e-01  4.38746451e-01  5.69433232e-01  9.67895096e-01  3.49044768e-01  5.93795550e-01
8.77926780e-01  6.24266247e-01  5.81114550e-01  9.63959618e-01  4.93528067e-01  5.85012660e-01
8.87475207e-01  5.62234370e-01  5.88964583e-01  9.63157542e-01  4.50345990e-01  6.00321981e-01
8.60539894e-01  5.94183249e-01  6.59681414e-01  9.52955864e-01  4.40167915e-01  6.68129391e-01
8.88147087e-01  4.84836762e-01  6.36930267e-01  9.57327328e-01  3.72736898e-01  6.55976040e-01
8.81886699e-01  5.25660479e-01  6.31684248e-01  9.58326377e-01  3.86218462e-01  6.46396308e-01
8.81272309e-01  5.17211765e-01  6.39255356e-01  9.56953194e-01  3.87169357e-01  6.54977012e-01
8.76208414e-01  5.12958327e-01  6.59211061e-01  9.54429354e-01  3.71366116e-01  6.74880003e-01
8.82903835e-01  4.20306666e-01  6.96626978e-01  9.49969863e-01  3.04999469e-01  7.19098402e-01
8.58781399e-01  5.20779491e-01  7.13306549e-01  9.46663750e-01  3.60812292e-01  7.27156260e-01
8.63252415e-01  5.33501475e-01  6.89866119e-01  9.48873680e-01  3.99862660e-01  7.03792813e-01
8.62972856e-01  5.49124641e-01  6.80672693e-01  9.50467318e-01  4.01824954e-01  6.93112726e-01
8.92145928e-01  4.55371847e-01  6.42481109e-01  9.57976467e-01  3.23403136e-01  6.63428777e-01
8.60793089e-01  5.46724019e-01  6.89632543e-01  9.49747830e-01  3.84422119e-01  7.01823178e-01
8.92146389e-01  4.57219213e-01  6.41280224e-01  9.57677938e-01  3.35987885e-01  6.62379995e-01
8.99091585e-01  4.70320917e-01  6.09192251e-01  9.61839503e-01  3.60910546e-01  6.29829204e-01
8.73222008e-01  4.70904872e-01  6.96652717e-01  9.49766337e-01  3.28499081e-01  7.14870741e-01
8.97534703e-01  4.50313804e-01  6.27467359e-01  9.59938081e-01  3.29561861e-01  6.49401313e-01
9.01031879e-01  4.91189628e-01  5.89055922e-01  9.64337550e-01  3.86407718e-01  6.07809296e-01
9.05075280e-01  4.29093821e-01  6.15639653e-01  9.61674362e-01  3.22149459e-01  6.40013765e-01
8.58420529e-01  5.23978225e-01  7.12455235e-01  9.45773430e-01  3.87171619e-01  7.26658913e-01
8.62609069e-01  5.59029121e-01  6.75477868e-01  9.50694514e-01  4.20090394e-01  6.87355667e-01
8.94915094e-01  4.97984188e-01  6.05414256e-01  9.61764531e-01  3.89864169e-01  6.23493213e-01
8.79444145e-01  5.81154018e-01  6.03951115e-01  9.61207902e-01  4.48848972e-01  6.13175135e-01
8.99257162e-01  5.31925538e-01  5.68635911e-01  9.66222436e-01  4.39447167e-01  5.83236448e-01
8.85688884e-01  5.03492158e-01  6.33165835e-01  9.58422061e-01  3.68394232e-01  6.49979244e-01
8.80405822e-01  5.38787506e-01  6.28190380e-01  9.57711754e-01  4.20470767e-01  6.42272961e-01
8.60163765e-01  5.14707766e-01  7.12554560e-01  9.45966247e-01  3.78656289e-01  7.27427416e-01
8.77389123e-01  4.91198493e-01  6.69328618e-01  9.52657476e-01  3.67711315e-01  6.87101403e-01
8.60471201e-01  5.09242898e-01  7.15058496e-01  9.45863021e-01  3.69793837e-01  7.30175811e-01
8.78507681e-01  5.25838192e-01  6.43042256e-01  9.55801764e-01  4.04666431e-01  6.58240334e-01
8.84182402e-01  5.14769530e-01  6.30959716e-01  9.57723423e-01  3.98824476e-01  6.47294432e-01
9.07349421e-01  4.99880229e-01  5.61962854e-01  9.68898424e-01  3.84025331e-01  5.79126770e-01
8.58829946e-01  5.49967138e-01  6.94192894e-01  9.48699336e-01  3.94120727e-01  7.06262519e-01
8.80630730e-01  8.07358727e-01  4.53369838e-01  9.77622090e-01  8.12427194e-01  4.22848589e-01
9.00418089e-01  4.70388099e-01  6.04644522e-01  9.62268399e-01  3.67684259e-01  6.25484438e-01
9.03409009e-01  5.14051617e-01  5.66142274e-01  9.67994915e-01  3.97060354e-01  5.81850993e-01
9.10965368e-01  4.50816309e-01  5.81537608e-01  9.66056213e-01  3.53752817e-01  6.04477668e-01
9.02824581e-01  5.11537661e-01  5.69758766e-01  9.66581680e-01  4.15996364e-01  5.86454180e-01
8.86001407e-01  5.23145076e-01  6.19345866e-01  9.59983496e-01  3.91782025e-01  6.34461331e-01
8.88660382e-01  1.90313059e-01  8.26715133e-01  9.35422430e-01  1.35762628e-01  8.52746487e-01
8.86188139e-01  5.08530784e-01  6.28199516e-01  9.58218618e-01  3.94448493e-01  6.45149597e-01
8.66108302e-01  5.53866219e-01  6.66948090e-01  9.51822780e-01  4.22868795e-01  6.79467321e-01
8.88658475e-01  5.32749428e-01  6.04088642e-01  9.61888587e-01  4.08363809e-01  6.18342336e-01
8.70458778e-01  5.12120982e-01  6.79277433e-01  9.50722033e-01  3.86088932e-01  6.95184349e-01
7.93753795e-01  4.62738125e-01  9.72135277e-01  9.10764726e-01  2.77951222e-01  9.77377889e-01
8.88585448e-01  5.22031892e-01  6.11294498e-01  9.61276588e-01  3.90564827e-01  6.26456853e-01
8.87738106e-01  5.39504899e-01  6.02828039e-01  9.62228489e-01  4.08193037e-01  6.16203153e-01
9.11775839e-01  4.62642816e-01  5.71107824e-01  9.68115667e-01  3.49170791e-01  5.92351628e-01
8.73998050e-01  2.86273379e-01  8.14202992e-01  9.37046951e-01  1.61305373e-01  8.36315882e-01
8.97476333e-01  5.33978791e-01  5.73349690e-01  9.66721560e-01  4.10242572e-01  5.86911938e-01
9.00404692e-01  5.16509865e-01  5.74747457e-01  9.66718880e-01  3.96030643e-01  5.90275104e-01
8.56541636e-01  5.46501236e-01  7.04212887e-01  9.46630609e-01  4.05627245e-01  7.16817757e-01
8.92091748e-01  4.80478993e-01  6.26365350e-01  9.59225254e-01  3.64354654e-01  6.45780386e-01
8.81146631e-01  5.79693184e-01  5.99118743e-01  9.61073214e-01  4.70157009e-01  6.09022071e-01
8.85857990e-01  4.14567406e-01  6.90322175e-01  9.51269216e-01  2.94145675e-01  7.13322565e-01
8.96698627e-01  4.21371001e-01  6.49096094e-01  9.56772838e-01  3.14101746e-01  6.73336074e-01
9.04032584e-01  5.07622628e-01  5.68198681e-01  9.66728252e-01  4.16450200e-01  5.85407543e-01
8.97890348e-01  5.43149526e-01  5.65990211e-01  9.66783275e-01  4.41968207e-01  5.79046914e-01
8.64515152e-01  5.61447046e-01  6.67436072e-01  9.51699189e-01  4.27198111e-01  6.79240486e-01
8.69834287e-01  5.77219643e-01  6.39135394e-01  9.55959196e-01  4.38567908e-01  6.49249318e-01
9.08641052e-01  4.26766439e-01  6.05043105e-01  9.63153327e-01  3.24688474e-01  6.29933159e-01
8.70339190e-01  5.97242812e-01  6.24421835e-01  9.57887866e-01  4.57754004e-01  6.32365996e-01
8.81648570e-01  3.93161023e-01  7.18824686e-01  9.47018224e-01  2.88883652e-01  7.42341653e-01
9.03704865e-01  4.34839082e-01  6.16563006e-01  9.61436226e-01  3.27047860e-01  6.40387390e-01
8.65069741e-01  5.84912746e-01  6.50318892e-01  9.54732218e-01  4.28820596e-01  6.59411315e-01
8.91648456e-01  4.10644804e-01  6.73207356e-01  9.53770542e-01  2.94288530e-01  6.97250926e-01
8.75773562e-01  6.23901299e-01  5.88662681e-01  9.62858921e-01  4.90186170e-01  5.92856914e-01
8.63447688e-01  5.81440150e-01  6.58080969e-01  9.53599834e-01  4.25067003e-01  6.67555666e-01
8.53038804e-01  5.74205817e-01  6.98120678e-01  9.47718154e-01  4.12706849e-01  7.08177844e-01
8.69199033e-01  4.96296454e-01  6.93828254e-01  9.49419525e-01  3.57165259e-01  7.10345416e-01
8.86500035e-01  4.98297259e-01  6.33784154e-01  9.57980604e-01  3.74541711e-01  6.51362445e-01
8.89908370e-01  5.16014289e-01  6.10709213e-01  9.61492231e-01  3.84742088e-01  6.26445065e-01
8.75716873e-01  4.74044056e-01  6.86143478e-01  9.50949561e-01  3.39854404e-01  7.04610704e-01
9.02943019e-01  4.99988255e-01  5.76854560e-01  9.66592214e-01  3.82706035e-01  5.94224343e-01
8.86516093e-01  4.78226561e-01  6.46759658e-01  9.56519214e-01  3.52639687e-01  6.65889088e-01
8.65729611e-01  5.11106737e-01  6.95993668e-01  9.48915188e-01  3.67049691e-01  7.11251986e-01
8.77340908e-01  5.23181611e-01  6.48728678e-01  9.55510868e-01  3.88999722e-01  6.63793986e-01
8.53572792e-01  5.43943371e-01  7.15954116e-01  9.44996155e-01  4.00413200e-01  7.28525116e-01
8.78239137e-01  5.77159523e-01  6.10635946e-01  9.59971078e-01  4.51006324e-01  6.20597491e-01
8.61928783e-01  5.83466573e-01  6.61922808e-01  9.52953507e-01  4.26960542e-01  6.71253981e-01
8.41794374e-01  8.06849768e-01  5.85574181e-01  9.60783003e-01  6.54590671e-01  5.67979536e-01
8.49036024e-01  5.76418776e-01  7.10275362e-01  9.46198701e-01  4.04459257e-01  7.19862049e-01
8.82494126e-01  5.67277700e-01  6.02603568e-01  9.61498545e-01  4.40234948e-01  6.13339628e-01
8.89103739e-01  4.19243092e-01  6.76265821e-01  9.52905872e-01  3.07538741e-01  6.99675456e-01
8.82240794e-01  5.87944112e-01  5.90046982e-01  9.62708149e-01  4.69979557e-01  5.98580975e-01
8.14158651e-01  6.41276763e-01  7.86916291e-01  9.32956963e-01  4.62094865e-01  7.91721420e-01
8.79859837e-01  5.17773844e-01  6.43686468e-01  9.55930619e-01  3.95564624e-01  6.59557022e-01
8.12340913e-01  4.03376440e-01  9.47555871e-01  9.15433413e-01  2.43598153e-01  9.55529659e-01
8.92427301e-01  4.79096697e-01  6.26123384e-01  9.59078000e-01  3.68248489e-01  6.45807803e-01
8.73295204e-01  4.91037430e-01  6.83333990e-01  9.51547379e-01  3.42237075e-01  7.00216648e-01
8.78625483e-01  5.99861916e-01  5.94585571e-01  9.62076320e-01  4.73590472e-01  6.01782001e-01
9.11043170e-01  4.46068993e-01  5.84355419e-01  9.65601620e-01  3.51863014e-01  6.07837353e-01
8.70834818e-01  5.09920285e-01  6.79429303e-01  9.51735789e-01  3.59731022e-01  6.94889919e-01
8.85553971e-01  4.48621934e-01  6.69246043e-01  9.54106141e-01  3.15498788e-01  6.90105495e-01
9.00027564e-01  4.69550994e-01  6.06513993e-01  9.62717995e-01  3.49296747e-01  6.26930775e-01
8.80184113e-01  8.05716040e-01  4.55953033e-01  9.79837313e-01  7.48360341e-01  4.23728609e-01
8.96092015e-01  4.93989389e-01  6.04011495e-01  9.62840303e-01  3.67175565e-01  6.21937263e-01
8.91335362e-01  4.70054763e-01  6.35701122e-01  9.58734090e-01  3.36601272e-01  6.55463742e-01
8.73726628e-01  5.58107924e-01  6.38326493e-01  9.56201267e-01  4.27182990e-01  6.50377617e-01
8.84074874e-01  4.31121923e-01  6.85629406e-01  9.51706764e-01  3.06872815e-01  7.07520683e-01
8.05197137e-01  7.40078688e-01  7.53199876e-01  9.36585482e-01  5.37461410e-01  7.50710483e-01
8.95730783e-01  4.82651572e-01  6.12598636e-01  9.61215842e-01  3.68858169e-01  6.31956847e-01
8.58090870e-01  5.58085276e-01  6.91432061e-01  9.48500988e-01  4.12696670e-01  7.03160868e-01
8.65978962e-01  5.48892370e-01  6.70616319e-01  9.52140336e-01  3.99015759e-01  6.83047049e-01
8.92133450e-01  4.33989611e-01  6.56404967e-01  9.55833239e-01  3.15098098e-01  6.79126025e-01
9.01819730e-01  4.25308163e-01  6.29151472e-01  9.59587730e-01  3.21025527e-01  6.53657447e-01
8.58742473e-01  5.46526263e-01  6.96723747e-01  9.47702373e-01  4.07699166e-01  7.09458013e-01
8.91474020e-01  4.86190576e-01  6.24754838e-01  9.59888728e-01  3.56794505e-01  6.43306245e-01
8.68177141e-01  5.93194734e-01  6.34391061e-01  9.56375512e-01  4.54029604e-01  6.42939760e-01
8.88427715e-01  5.76747449e-01  5.76308377e-01  9.65593057e-01  4.48073830e-01  5.85240882e-01
8.49492352e-01  5.66813775e-01  7.14961539e-01  9.45612992e-01  3.97395305e-01  7.25280601e-01
8.91117216e-01  4.30176307e-01  6.62331190e-01  9.54910281e-01  3.14188838e-01  6.85257917e-01
8.81642722e-01  5.50182066e-01  6.16593090e-01  9.59963751e-01  4.15369462e-01  6.29034624e-01
8.55365269e-01  5.60087121e-01  6.99387169e-01  9.47927709e-01  3.97234821e-01  7.10476874e-01
8.59103511e-01  5.56184496e-01  6.89227660e-01  9.48892452e-01  4.10728175e-01  7.01114329e-01
8.83692833e-01  5.85910344e-01  5.86436949e-01  9.63264455e-01  4.69561654e-01  5.95112439e-01
8.94044793e-01  4.96646139e-01  6.09238013e-01  9.61974447e-01  3.69595955e-01  6.26919121e-01
8.84923260e-01  4.49911790e-01  6.70550224e-01  9.53448157e-01  3.27308813e-01  6.91543868e-01
8.70878295e-01  4.93880529e-01  6.89694793e-01  9.49875603e-01  3.60554689e-01  7.06623146e-01
9.05761185e-01  4.69604218e-01  5.87011061e-01  9.65305110e-01  3.60299195e-01  6.07752345e-01
8.90356957e-01  4.70383154e-01  6.38810081e-01  9.57864301e-01  3.46307492e-01  6.58755479e-01
8.70247874e-01  5.24792405e-01  6.71767179e-01  9.52019733e-01  3.87729450e-01  6.86477519e-01
8.85705972e-01  5.32825225e-01  6.14064593e-01  9.59975224e-01  4.16667041e-01  6.28655567e-01
8.77764235e-01  5.58382696e-01  6.24438502e-01  9.57783374e-01  4.42088625e-01  6.36724152e-01
8.91361539e-01  4.00052575e-01  6.81058121e-01  9.52558795e-01  2.91148423e-01  7.05759698e-01
9.15688523e-01  4.62607352e-01  5.57845415e-01  9.69794435e-01  3.59031577e-01  5.79266125e-01
8.58881018e-01  5.49847544e-01  6.94097123e-01  9.47922437e-01  4.13557747e-01  7.06667694e-01
8.85731259e-01  5.24291025e-01  6.19519191e-01  9.59502136e-01  4.03368722e-01  6.34819800e-01
8.75947129e-01  5.51566785e-01  6.35033381e-01  9.57535177e-01  4.04335582e-01  6.47203925e-01
8.87774247e-01  4.36220986e-01  6.69757922e-01  9.53800976e-01  3.16221984e-01  6.91891889e-01
8.53983993e-01  5.52849249e-01  7.08776134e-01  9.46175801e-01  4.01878016e-01  7.20616590e-01
8.69578396e-01  5.68514631e-01  6.45655618e-01  9.55685070e-01  4.16258133e-01  6.56259458e-01
8.86994481e-01  4.46564976e-01  6.65690211e-01  9.54470650e-01  3.18990891e-01  6.86946175e-01
9.18094731e-01  4.48773940e-01  5.58655934e-01  9.69401697e-01  3.58406919e-01  5.81931350e-01
8.60995354e-01  3.53427119e-01  8.14757483e-01  9.35574589e-01  2.12508565e-01  8.33701177e-01
8.98808475e-01  4.90890620e-01  5.96799557e-01  9.63274552e-01  3.82589272e-01  6.15524023e-01
9.49085968e-01  3.51116624e-01  5.17127174e-01  9.77377929e-01  2.74403771e-01  5.51085382e-01
8.63867661e-01  5.09360924e-01  7.03449270e-01  9.48403910e-01  3.50874372e-01  7.18338429e-01
8.78330573e-01  5.68962169e-01  6.15647253e-01  9.59058548e-01  4.49884713e-01  6.26712516e-01
8.79098484e-01  4.52502247e-01  6.88646377e-01  9.50705631e-01  3.28347802e-01  7.08883789e-01
8.87062576e-01  5.29572784e-01  6.11569778e-01  9.61313169e-01  3.92157278e-01  6.25847381e-01
8.84115594e-01  5.00330832e-01  6.40560258e-01  9.57437720e-01  3.63028124e-01  6.57554010e-01
8.73910501e-01  5.15877127e-01  6.65118668e-01  9.52767498e-01  3.90935320e-01  6.80928223e-01
8.66240834e-01  5.31617896e-01  6.80941841e-01  9.50745332e-01  3.86961458e-01  6.94829542e-01
8.90225764e-01  5.23205441e-01  6.04962965e-01  9.61184763e-01  4.17564450e-01  6.20688962e-01
8.71921593e-01  6.17373458e-01  6.05979873e-01  9.60576494e-01  4.74128693e-01  6.11271870e-01
8.61362852e-01  5.88057958e-01  6.60863659e-01  9.52990481e-01  4.32111106e-01  6.69804289e-01
8.80298990e-01  4.22513840e-01  7.04038758e-01  9.49586308e-01  2.87874002e-01  7.25589609e-01
8.89814417e-01  5.29834849e-01  6.02055830e-01  9.62493004e-01  4.00090870e-01  6.16414670e-01
8.84284757e-01  4.98031651e-01  6.41478516e-01  9.57499591e-01  3.57044814e-01  6.58565990e-01
8.56828684e-01  5.39542178e-01  7.07756090e-01  9.47252341e-01  3.74230152e-01  7.20223300e-01
8.89992585e-01  5.32504412e-01  5.99717766e-01  9.61724677e-01  4.28997313e-01  6.14535444e-01
9.02894439e-01  4.95028774e-01  5.80239243e-01  9.65302395e-01  3.98522436e-01  5.98770674e-01
8.97815863e-01  5.40175112e-01  5.68174132e-01  9.66990555e-01  4.26958995e-01  5.81251572e-01
8.79608862e-01  4.83108940e-01  6.67043335e-01  9.53045651e-01  3.63521413e-01  6.85598954e-01
8.90721824e-01  4.88937037e-01  6.25525879e-01  9.59367382e-01  3.67817966e-01  6.44053702e-01
8.74048393e-01  5.14862990e-01  6.65308844e-01  9.53055285e-01  3.82741157e-01  6.81012183e-01
8.86419365e-01  5.21174663e-01  6.19205904e-01  9.59390759e-01  4.05844692e-01  6.34951000e-01
8.96441592e-01  5.22314043e-01  5.84435961e-01  9.64321894e-01  4.19706208e-01  6.00070056e-01
8.80729991e-01  5.07740295e-01  6.47245728e-01  9.56038362e-01  3.75107899e-01  6.63682421e-01
8.79643600e-01  5.31634516e-01  6.35422256e-01  9.57825637e-01  3.86837441e-01  6.49461221e-01
8.60091539e-01  5.46660086e-01  6.92056145e-01  9.48929296e-01  3.95307498e-01  7.04508659e-01
8.75685170e-01  5.07698274e-01  6.64402586e-01  9.53605787e-01  3.69728108e-01  6.80546197e-01
8.73455459e-01  5.58953583e-01  6.38698233e-01  9.56548528e-01  4.17658997e-01  6.50393324e-01
8.92864881e-01  5.36426459e-01  5.87418732e-01  9.64155247e-01  4.19277632e-01  6.01239465e-01
9.02368940e-01  4.63547258e-01  6.02461570e-01  9.62827630e-01  3.59159676e-01  6.23905741e-01
8.95401004e-01  5.01577625e-01  6.01431474e-01  9.62149637e-01  3.97353444e-01  6.19260753e-01
8.70483224e-01  5.11334524e-01  6.79704998e-01  9.51132135e-01  3.74084491e-01  6.95381122e-01
8.88894318e-01  5.23271663e-01  6.09440871e-01  9.60687043e-01  4.12569047e-01  6.25056340e-01
8.84549756e-01  4.76109647e-01  6.54810627e-01  9.55290085e-01  3.51581933e-01  6.74019052e-01
9.00178553e-01  5.16693381e-01  5.75396168e-01  9.65828539e-01  4.15157274e-01  5.91480721e-01
8.88093239e-01  4.07305191e-01  6.87447116e-01  9.51815940e-01  2.88602793e-01  7.11122070e-01
8.91909115e-01  4.82195445e-01  6.25871147e-01  9.59434413e-01  3.61879070e-01  6.45022138e-01
9.12185422e-01  4.80801744e-01  5.57928200e-01  9.69619324e-01  3.72267369e-01  5.77272734e-01
8.74338324e-01  5.57804023e-01  6.36446788e-01  9.56861019e-01  4.18164089e-01  6.48270777e-01
8.70860161e-01  5.16291204e-01  6.75207207e-01  9.51311959e-01  3.88643940e-01  6.90800324e-01
8.86496622e-01  4.72628321e-01  6.50460186e-01  9.55768762e-01  3.54752133e-01  6.70203497e-01
8.96571312e-01  4.30941521e-01  6.43315147e-01  9.57857248e-01  3.12975248e-01  6.66648270e-01
8.87467906e-01  4.46046940e-01  6.64419021e-01  9.54844931e-01  3.14334894e-01  6.85642543e-01
8.75513386e-01  5.19526221e-01  6.57307091e-01  9.54067435e-01  3.90198465e-01  6.72766769e-01
8.92375239e-01  5.45624319e-01  5.83109987e-01  9.63884780e-01  4.47043658e-01  5.96436556e-01
8.91350257e-01  5.12592901e-01  6.08034508e-01  9.61384593e-01  3.95967176e-01  6.24492444e-01
8.77206803e-01  5.71266000e-01  6.17967327e-01  9.59553497e-01  4.29977146e-01  6.28225940e-01
8.83349819e-01  5.26633299e-01  6.26084698e-01  9.58681135e-01  3.99374088e-01  6.41024377e-01
8.88746999e-01  5.72473156e-01  5.77999155e-01  9.64546365e-01  4.64551288e-01  5.88072700e-01
8.80995706e-01  5.95512389e-01  5.89361273e-01  9.62887640e-01  4.72160186e-01  5.96916713e-01
8.91097994e-01  4.41919328e-01  6.54772812e-01  9.55717598e-01  3.27224549e-01  6.77012501e-01
8.77170184e-01  5.88307138e-01  6.07028446e-01  9.60616505e-01  4.54742375e-01  6.15579542e-01
8.97249248e-01  4.20535353e-01  6.47768983e-01  9.56906726e-01  3.15405224e-01  6.72170730e-01
8.93869894e-01  4.74247438e-01  6.24373264e-01  9.60329032e-01  3.42181692e-01  6.43923464e-01
8.81970971e-01  5.58462996e-01  6.10102495e-01  9.59892963e-01  4.45998544e-01  6.22277351e-01
8.63517378e-01  5.58027456e-01  6.73044012e-01  9.51699291e-01  4.04327739e-01  6.84624318e-01
8.95904720e-01  4.39487651e-01  6.40030340e-01  9.58081646e-01  3.23304727e-01  6.62777555e-01
8.65204926e-01  5.31015375e-01  6.84850404e-01  9.50061019e-01  3.88710840e-01  6.98805355e-01
8.89502555e-01  5.51980163e-01  5.88737866e-01  9.63003908e-01  4.49813508e-01  6.01432416e-01
8.99749259e-01  5.03743555e-01  5.85260937e-01  9.64808161e-01  3.95600552e-01  6.02627519e-01
8.76939119e-01  6.22081338e-01  5.85886587e-01  9.63212031e-01  4.91635781e-01  5.90251554e-01
8.56770365e-01  5.38975206e-01  7.08322193e-01  9.46595665e-01  3.88065082e-01  7.21176552e-01
8.65203871e-01  5.93292480e-01  6.44423276e-01  9.55343812e-01  4.40398339e-01  6.52764095e-01
8.72910745e-01  5.54897688e-01  6.43180910e-01  9.55830317e-01  4.16190310e-01  6.55344135e-01
9.05719036e-01  4.37593173e-01  6.07935957e-01  9.62865398e-01  3.25764263e-01  6.31526023e-01
8.99103062e-01  4.65188471e-01  6.12485298e-01  9.61334468e-01  3.58442971e-01  6.33648336e-01
8.60513833e-01  5.78746336e-01  6.69791650e-01  9.51985232e-01  4.18399249e-01  6.79477997e-01
8.85353603e-01  4.53708125e-01  6.66624397e-01  9.54308217e-01  3.22332195e-01  6.87201004e-01
8.83936358e-01  5.71566286e-01  5.94922325e-01  9.62852827e-01  4.39285127e-01  6.04879863e-01
8.93433447e-01  4.50269428e-01  6.41421892e-01  9.57663295e-01  3.32880707e-01  6.63205420e-01
9.04396794e-01  4.92043598e-01  5.77076024e-01  9.65893893e-01  3.94801134e-01  5.95854232e-01
8.67903705e-01  4.97553924e-01  6.97410154e-01  9.48712164e-01  3.61598619e-01  7.13837107e-01
8.80542046e-01  5.52967714e-01  6.18521949e-01  9.59000130e-01  4.32701216e-01  6.31132678e-01
9.12093523e-01  4.46595034e-01  5.80447462e-01  9.66845227e-01  3.36707574e-01  6.03431712e-01
8.62969464e-01  5.66577817e-01  6.69353493e-01  9.51690115e-01  4.22222741e-01  6.80470044e-01
9.05066050e-01  5.07181432e-01  5.64975999e-01  9.67164087e-01  4.18072442e-01  5.82231118e-01
8.74731560e-01  5.26249665e-01  6.55596859e-01  9.54752211e-01  3.82758731e-01  6.70127695e-01
8.73996318e-01  5.28343445e-01  6.56734063e-01  9.54726933e-01  3.79937540e-01  6.70953977e-01
8.94284164e-01  4.19313103e-01  6.58630353e-01  9.55675170e-01  3.04824980e-01  6.82558177e-01
8.63152001e-01  5.36693286e-01  6.88134925e-01  9.50129872e-01  3.76782597e-01  7.01172207e-01
8.97045226e-01  5.34978518e-01  5.74164475e-01  9.66063348e-01  4.23511070e-01  5.88008401e-01
8.65091099e-01  5.81678732e-01  6.52345913e-01  9.54311145e-01  4.29872124e-01  6.61863590e-01
8.80903290e-01  4.25747111e-01  6.99887810e-01  9.49919806e-01  2.96148780e-01  7.21503116e-01
9.02629902e-01  4.85013263e-01  5.87639608e-01  9.65264355e-01  3.66336486e-01  6.06592271e-01
8.76448882e-01  5.00870205e-01  6.66242244e-01  9.53432335e-01  3.64241064e-01  6.82950177e-01
8.89110605e-01  4.44887377e-01  6.59594067e-01  9.55323195e-01  3.20124615e-01  6.81212908e-01
8.76190531e-01  4.94538933e-01  6.71229774e-01  9.52831149e-01  3.57630594e-01  6.88361200e-01
8.78115495e-01  5.54999780e-01  6.25442019e-01  9.57990327e-01  4.31630575e-01  6.37859396e-01
8.80699672e-01  5.63035920e-01  6.11450388e-01  9.59887678e-01  4.43111918e-01  6.22990850e-01
8.92760935e-01  4.99519836e-01  6.11731702e-01  9.61501297e-01  3.72957464e-01  6.29161445e-01
8.64016040e-01  5.70453627e-01  6.63283664e-01  9.52289310e-01  4.32442245e-01  6.74222098e-01
8.88750479e-01  4.91818330e-01  6.30348985e-01  9.58280390e-01  3.77372083e-01  6.48773909e-01
9.07663973e-01  4.52498055e-01  5.91655618e-01  9.64469678e-01  3.54858999e-01  6.14389787e-01
8.57900547e-01  5.46280515e-01  6.99742028e-01  9.47462865e-01  4.02029063e-01  7.12328629e-01
8.90504688e-01  4.89257722e-01  6.26054970e-01  9.59616368e-01  3.59885145e-01  6.44324919e-01
9.06543054e-01  4.72585433e-01  5.82420816e-01  9.65522826e-01  3.73877485e-01  6.03159592e-01
8.80666501e-01  5.71444233e-01  6.06104288e-01  9.60812306e-01  4.45365275e-01  6.16531803e-01
8.66030084e-01  5.79351604e-01  6.50668397e-01  9.54464998e-01  4.31554101e-01  6.60481118e-01
8.91864329e-01  4.35657707e-01  6.56235823e-01  9.56030076e-01  3.11573501e-01  6.78693756e-01
8.68032520e-01  4.95846328e-01  6.98081350e-01  9.48904744e-01  3.53689097e-01  7.14464501e-01
9.37871929e-01  4.10613091e-01  5.16578677e-01  9.74341830e-01  3.81054321e-01  5.45442838e-01
8.73598891e-01  4.91872973e-01  6.81760386e-01  9.51403586e-01  3.52017129e-01  6.98836057e-01
8.88520323e-01  5.56241937e-01  5.89306242e-01  9.62882575e-01  4.52682032e-01  6.01535028e-01
8.89009049e-01  4.29800118e-01  6.69733649e-01  9.53931345e-01  3.10601007e-01  6.92379361e-01
8.88685055e-01  4.79779960e-01  6.38386520e-01  9.57424274e-01  3.62694230e-01  6.57718835e-01
8.81701266e-01  4.23145501e-01  6.98867284e-01  9.50156645e-01  2.93139767e-01  7.20692980e-01
8.95245643e-01  4.23463298e-01  6.52671339e-01  9.56201902e-01  3.15676528e-01  6.76626044e-01
8.67210815e-01  5.24780183e-01  6.82087380e-01  9.50752185e-01  3.79731802e-01  6.96487712e-01
8.59016612e-01  5.33830691e-01  7.04034963e-01  9.46965258e-01  3.93279472e-01  7.17579147e-01
9.14095925e-01  4.42972023e-01  5.76000434e-01  9.66951273e-01  3.49173015e-01  5.99816965e-01
8.58126971e-01  5.19816320e-01  7.16153943e-01  9.45323835e-01  3.82796470e-01  7.30571691e-01
8.92656697e-01  4.01937176e-01  6.75436946e-01  9.53332406e-01  2.93520939e-01  7.00240884e-01
9.06715540e-01  4.99933337e-01  5.64080705e-01  9.68104774e-01  3.95079454e-01  5.81612973e-01
8.65242008e-01  5.45696138e-01  6.75193644e-01  9.51207086e-01  4.03151727e-01  6.88057114e-01
9.17423875e-01  4.59529985e-01  5.53950913e-01  9.70040202e-01  3.66357538e-01  5.75965528e-01
8.60580226e-01  5.13535608e-01  7.11901450e-01  9.46560748e-01  3.66016818e-01  7.26591363e-01
8.85524325e-01  4.36142169e-01  6.77448648e-01  9.52708458e-01  3.14477721e-01  6.99307562e-01
9.14924065e-01  4.39939049e-01  5.75157528e-01  9.67273888e-01  3.43064611e-01  5.99186551e-01
9.10903702e-01  4.66706039e-01  5.71431273e-01  9.67453138e-01  3.65987955e-01  5.92640283e-01
8.93722527e-01  4.63722865e-01  6.31706268e-01  9.59161818e-01  3.38435984e-01  6.52289281e-01
8.24265604e-01  5.25676422e-01  8.27650575e-01  9.30004117e-01  3.47499721e-01  8.37636351e-01
8.85484573e-01  4.59943214e-01  6.62131831e-01  9.54998331e-01  3.24682777e-01  6.82222718e-01
8.76312246e-01  5.34577612e-01  6.44823117e-01  9.55433618e-01  4.10687402e-01  6.59183266e-01
9.03055862e-01  4.48402932e-01  6.09960939e-01  9.62186373e-01  3.39590454e-01  6.32624630e-01
8.74075479e-01  5.30198181e-01  6.55261167e-01  9.54808682e-01  3.84326605e-01  6.69396481e-01
8.70429041e-01  4.90558810e-01  6.93376707e-01  9.49473064e-01  3.55370578e-01  7.10424667e-01
8.71072792e-01  5.01967786e-01  6.83784081e-01  9.50818682e-01  3.62719613e-01  7.00066609e-01
8.70881047e-01  5.77011600e-01  6.35716207e-01  9.56732709e-01  4.32794935e-01  6.45648867e-01
8.92307591e-01  4.35231778e-01  6.55007255e-01  9.56428769e-01  3.06197615e-01  6.77403087e-01
8.94664503e-01  5.24506538e-01  5.89046646e-01  9.64494661e-01  3.98896654e-01  6.03861600e-01
8.86892532e-01  7.88529659e-01  4.44331343e-01  9.74238137e-01  9.15810366e-01  4.20205798e-01
7.99516351e-01  6.43974082e-01  8.34887633e-01  9.23777666e-01  5.06343367e-01  8.40161757e-01
8.68195251e-01  5.64994969e-01  6.52637045e-01  9.54008940e-01  4.28861921e-01  6.64039100e-01
9.06518427e-01  4.79789249e-01  5.77827671e-01  9.66039025e-01  3.82359571e-01  5.97852849e-01
8.93787309e-01  7.06197471e-01  4.74372028e-01  9.79001282e-01  6.18074543e-01  4.59763255e-01
9.02455737e-01  4.79214871e-01  5.91995337e-01  9.64230673e-01  3.72065407e-01  6.11871247e-01
9.04821177e-01  5.07133983e-01  5.65838265e-01  9.67844936e-01  3.98297182e-01  5.82521437e-01
9.05497531e-01  4.59126702e-01  5.94708362e-01  9.64667010e-01  3.41668366e-01  6.16230064e-01
8.79541081e-01  4.92470139e-01  6.61196132e-01  9.54366837e-01  3.56921457e-01  6.78681632e-01
8.58540998e-01  5.29153276e-01  7.08686510e-01  9.47259719e-01  3.66655849e-01  7.21959246e-01
8.96197285e-01  4.82407034e-01  6.11173396e-01  9.62132239e-01  3.51835189e-01  6.30088893e-01
9.01381155e-01  5.27549153e-01  5.64265119e-01  9.66852417e-01  4.38849236e-01  5.79337906e-01
8.88710883e-01  5.15459605e-01  6.15135359e-01  9.60607327e-01  3.89121470e-01  6.31087836e-01
8.87825980e-01  4.41276842e-01  6.66299966e-01  9.54023095e-01  3.25614651e-01  6.88256344e-01
8.89345374e-01  4.69122614e-01  6.43063241e-01  9.56778878e-01  3.56332987e-01  6.63354645e-01
8.61472071e-01  5.80650267e-01  6.65301930e-01  9.52566457e-01  4.22228130e-01  6.74849843e-01
8.66230825e-01  5.74249170e-01  6.53299320e-01  9.54377344e-01  4.21334087e-01  6.63449287e-01
8.67086948e-01  5.64931282e-01  6.56441607e-01  9.54053929e-01  4.13134988e-01  6.67453307e-01
8.79270792e-01  4.48022969e-01  6.90969286e-01  9.50989799e-01  3.11023535e-01  7.11140495e-01
8.96067039e-01  5.16753186e-01  5.89317894e-01  9.64700506e-01  3.89057722e-01  6.04858191e-01
8.78036292e-01  5.39449796e-01  6.35806105e-01  9.56890588e-01  4.11675429e-01  6.49608844e-01
8.92492867e-01  4.10592284e-01  6.70374273e-01  9.54142134e-01  2.95598070e-01  6.94560041e-01
9.04078636e-01  4.47992807e-01  6.06754387e-01  9.62393663e-01  3.46404662e-01  6.29691229e-01
8.73907159e-01  7.37290261e-01  5.21690272e-01  9.66700385e-01  7.34093412e-01  5.11319853e-01
8.83647450e-01  4.74364350e-01  6.59007444e-01  9.54517513e-01  3.54041121e-01  6.78393656e-01
8.81120539e-01  5.88527368e-01  5.93777937e-01  9.61269298e-01  4.92608096e-01  6.02998661e-01
8.88964762e-01  4.75022763e-01  6.40525184e-01  9.57194854e-01  3.58209922e-01  6.60245595e-01
9.06787170e-01  4.92986893e-01  5.68347164e-01  9.67817203e-01  3.82131797e-01  5.86505150e-01
8.90756580e-01  5.35562506e-01  5.95138305e-01  9.62388989e-01  4.31950865e-01  6.09580639e-01
8.82412658e-01  4.60008798e-01  6.72519871e-01  9.52949342e-01  3.36181827e-01  6.92653157e-01
8.85313794e-01  5.52730169e-01  6.02473803e-01  9.61462121e-01  4.34545890e-01  6.14912578e-01
8.87603156e-01  5.38536990e-01  6.03914630e-01  9.62053172e-01  4.07807157e-01  6.17418101e-01
9.09878620e-01  4.70354562e-01  5.72543273e-01  9.67447838e-01  3.63700209e-01  5.93212882e-01
8.92674145e-01  4.60766667e-01  6.37185207e-01  9.57913989e-01  3.47079543e-01  6.58255117e-01
8.68279843e-01  4.80338598e-01  7.07309289e-01  9.48021117e-01  3.35145831e-01  7.24495870e-01
8.78117419e-01  5.81377645e-01  6.08310803e-01  9.60032772e-01  4.60558656e-01  6.17952969e-01
8.67787530e-01  4.90890875e-01  7.02130320e-01  9.48267496e-01  3.52346344e-01  7.18866535e-01
8.89500653e-01  4.28047802e-01  6.69202034e-01  9.54151850e-01  3.06471581e-01  6.91937741e-01
8.90227082e-01  4.23509991e-01  6.69681436e-01  9.53914092e-01  3.08769615e-01  6.92921157e-01
8.81988669e-01  6.01177775e-01  5.82311684e-01  9.63617579e-01  4.85007499e-01  5.89211785e-01
8.62337204e-01  5.45897630e-01  6.84926031e-01  9.49526735e-01  4.07447896e-01  6.97819721e-01
8.93992782e-01  5.56824436e-01  5.70346469e-01  9.66687577e-01  4.34501225e-01  5.81418501e-01
8.69939245e-01  5.88476600e-01  6.31470923e-01  9.57400765e-01  4.38180348e-01  6.40097511e-01
9.04848823e-01  4.69547445e-01  5.90145822e-01  9.64612175e-01  3.65201833e-01  6.11041060e-01
9.10444046e-01  4.77849559e-01  5.65757578e-01  9.68429979e-01  3.69560986e-01  5.85535760e-01
9.05435486e-01  4.45452260e-01  6.03796575e-01  9.62859670e-01  3.45016570e-01  6.27030088e-01
8.84640891e-01  5.87941446e-01  5.81899235e-01  9.63951030e-01  4.71713277e-01  5.90203685e-01
8.83590086e-01  5.61532531e-01  6.02612063e-01  9.60922837e-01  4.51371758e-01  6.14408961e-01
8.76895190e-01  4.98811731e-01  6.66063191e-01  9.53003615e-01  3.74596754e-01  6.83260957e-01
8.75726723e-01  4.91405970e-01  6.74838565e-01  9.52402807e-01  3.53313605e-01  6.92124014e-01
8.89838130e-01  4.31426023e-01  6.65862974e-01  9.54198696e-01  3.19039460e-01  6.88678453e-01
8.49892826e-01  5.66697435e-01  7.13677267e-01  9.45718123e-01  3.99660881e-01  7.24073122e-01
9.15356130e-01  4.37056220e-01  5.75562014e-01  9.67280292e-01  3.39983904e-01  5.99870795e-01
9.15145000e-01  4.54063678e-01  5.65237548e-01  9.68527752e-01  3.57216194e-01  5.87815250e-01
8.56334686e-01  1.99963677e-01  9.30227529e-01  9.21274645e-01  1.30532210e-01  9.44695924e-01
8.62698003e-01  5.62596957e-01  6.72859631e-01  9.51300891e-01  4.16690946e-01  6.84268048e-01
9.00649320e-01  4.90725403e-01  5.90656270e-01  9.63895489e-01  3.90812065e-01  6.09606767e-01
8.67383016e-01  5.23835938e-01  6.82115686e-01  9.50988385e-01  3.73445058e-01  6.96453362e-01
8.80155069e-01  4.56949815e-01  6.82171376e-01  9.51963192e-01  3.23211212e-01  7.02029892e-01
9.60264253e-01  2.87709594e-01  5.20335417e-01  9.76564795e-01  2.49405942e-01  5.62184616e-01
8.52629121e-01  5.50668829e-01  7.14792118e-01  9.45768923e-01  3.88222174e-01  7.26440473e-01
8.90099276e-01  4.43393690e-01  6.57206771e-01  9.56077665e-01  3.09917486e-01  6.78778509e-01
9.00188905e-01  4.44773968e-01  6.22051573e-01  9.61052122e-01  3.20248721e-01  6.44450944e-01
8.98095590e-01  4.87192404e-01  6.01621049e-01  9.62865153e-01  3.72464154e-01  6.20532814e-01
8.68634504e-01  4.91767640e-01  6.98685238e-01  9.49310515e-01  3.39892800e-01  7.15110901e-01
8.72041435e-01  4.85347307e-01  6.91285200e-01  9.49870592e-01  3.51455208e-01  7.08797609e-01
8.59724228e-01  5.10978375e-01  7.16468145e-01  9.46270994e-01  3.55034174e-01  7.31034903e-01
8.93443260e-01  4.27714836e-01  6.56031162e-01  9.56120953e-01  3.06900790e-01  6.79211187e-01
8.70806779e-01  5.13091449e-01  6.77465768e-01  9.51899275e-01  3.64396369e-01  6.92743295e-01
8.82347324e-01  4.42994394e-01  6.83787576e-01  9.52064569e-01  3.09377790e-01  7.04636749e-01
8.62365356e-01  5.50238164e-01  6.82012538e-01  9.49953991e-01  4.09776017e-01  6.94532123e-01
8.52161613e-01  5.05457044e-01  7.46047133e-01  9.40735945e-01  3.81035910e-01  7.60927110e-01
8.60950785e-01  5.16362089e-01  7.08808255e-01  9.46707267e-01  3.75101121e-01  7.23513154e-01
8.91630154e-01  5.02391446e-01  6.13706975e-01  9.60419923e-01  3.93090313e-01  6.31355033e-01
8.64042129e-01  5.24956955e-01  6.92731822e-01  9.49127234e-01  3.79453532e-01  7.06972094e-01
8.81338714e-01  4.57139154e-01  6.78029416e-01  9.51963291e-01  3.38733978e-01  6.98374655e-01
8.85926377e-01  5.85085186e-01  5.79388699e-01  9.64573631e-01  4.64998190e-01  5.87792655e-01
8.88150752e-01  5.57779248e-01  5.89563078e-01  9.63872528e-01  4.28485367e-01  6.00884381e-01
8.77751535e-01  5.37851078e-01  6.37810888e-01  9.56854268e-01  4.04188566e-01  6.51604391e-01
8.95279081e-01  4.29053904e-01  6.48928341e-01  9.56921316e-01  3.14228755e-01  6.72354163e-01
8.77203078e-01  4.46717048e-01  6.98837978e-01  9.49554263e-01  3.16670207e-01  7.19015448e-01
8.85316746e-01  4.23611300e-01  6.86288602e-01  9.51661558e-01  3.02735551e-01  7.08784591e-01
8.72491937e-01  5.16300161e-01  6.69660734e-01  9.52482890e-01  3.80892993e-01  6.85117391e-01
8.89947798e-01  4.87917126e-01  6.28816201e-01  9.58912355e-01  3.66021770e-01  6.47394132e-01
8.79281117e-01  5.87900722e-01  6.00124667e-01  9.61178347e-01  4.67763617e-01  6.08911470e-01
8.65924028e-01  5.02827526e-01  7.00708447e-01  9.48592616e-01  3.54112221e-01  7.16366184e-01
8.70026596e-01  5.81532419e-01  6.35682530e-01  9.56161160e-01  4.48920917e-01  6.45516909e-01
8.75250694e-01  5.19566159e-01  6.58173129e-01  9.53920789e-01  3.90521901e-01  6.73630887e-01
8.99120656e-01  5.15748800e-01  5.79601460e-01  9.65276134e-01  4.11896608e-01  5.95790308e-01
8.91340325e-01  5.19328434e-01  6.03695479e-01  9.61818821e-01  4.05167485e-01  6.19542183e-01
8.85211693e-01  5.90187275e-01  5.78503082e-01  9.64275069e-01  4.78319452e-01  5.86570687e-01
9.12165936e-01  4.70174832e-01  5.64893423e-01  9.68678875e-01  3.62965172e-01  5.85492770e-01
8.88653413e-01  5.36626415e-01  6.01588864e-01  9.62048488e-01  4.15940380e-01  6.15533293e-01
9.01830606e-01  4.39792686e-01  6.19711096e-01  9.61145329e-01  3.24549587e-01  6.42840741e-01
8.87896620e-01  5.59279482e-01  5.89452018e-01  9.63896097e-01  4.29095513e-01  6.00589615e-01
8.96853979e-01  5.42052541e-01  5.70221349e-01  9.66430224e-01  4.33531402e-01  5.83296931e-01
9.04054560e-01  4.43815371e-01  6.09548155e-01  9.62065337e-01  3.42013481e-01  6.32830223e-01
9.39523038e-01  3.29105661e-01  5.63888859e-01  9.70067981e-01  2.66321896e-01  5.99859024e-01
8.79932511e-01  5.10723468e-01  6.48016857e-01  9.55886959e-01  3.77164392e-01  6.64169016e-01
9.02291114e-01  4.23231257e-01  6.28899241e-01  9.59546696e-01  3.22078062e-01  6.53672743e-01
9.04752862e-01  4.83356654e-01  5.81506624e-01  9.65694729e-01  3.78446333e-01  6.00981722e-01
8.86197057e-01  5.87192616e-01  5.77101454e-01  9.64019870e-01  4.88399557e-01  5.85833767e-01
8.83695309e-01  4.54979416e-01  6.71429767e-01  9.53359838e-01  3.28189479e-01  6.91902812e-01
8.84975550e-01  4.34493406e-01  6.80382391e-01  9.52891328e-01  2.98452914e-01  7.01907829e-01
8.83148933e-01  5.84158846e-01  5.89420837e-01  9.63272635e-01  4.56841296e-01  5.98054804e-01
8.87809242e-01  5.09126852e-01  6.22308125e-01  9.59212688e-01  3.92869851e-01  6.39147487e-01
8.66295223e-01  5.68237474e-01  6.56983490e-01  9.53093028e-01  4.35991888e-01  6.68233106e-01
8.99384451e-01  4.95835341e-01  5.91633700e-01  9.64118599e-01  3.84141255e-01  6.09746770e-01
8.81882122e-01  5.29710019e-01  6.29070801e-01  9.57638057e-01  4.14797856e-01  6.44081091e-01
8.67910438e-01  5.04040530e-01  6.93176146e-01  9.49460694e-01  3.61548925e-01  7.09049378e-01
8.57853121e-01  5.56992205e-01  6.92948963e-01  9.48981805e-01  3.94652848e-01  7.04326106e-01
8.72767877e-01  5.83300139e-01  6.25226957e-01  9.58112826e-01  4.42608938e-01  6.34489272e-01
8.77422437e-01  4.36238218e-01  7.04896075e-01  9.49378348e-01  2.94735400e-01  7.25307599e-01
8.87358094e-01  4.43667170e-01  6.66336847e-01  9.54241781e-01  3.21052474e-01  6.87928271e-01
8.76126404e-01  5.12417122e-01  6.59840875e-01  9.53645427e-01  3.87965098e-01  6.75998415e-01
9.10223441e-01  4.59395454e-01  5.78487166e-01  9.66795497e-01  3.51537017e-01  6.00259203e-01
8.81618054e-01  6.02227089e-01  5.82888877e-01  9.63787044e-01  4.79196249e-01  5.89493379e-01
8.65153034e-01  5.47496484e-01  6.74326956e-01  9.50995299e-01  4.12385999e-01  6.87240979e-01
9.09975468e-01  4.60979501e-01  5.78300780e-01  9.66879175e-01  3.50989165e-01  5.99851661e-01
8.92615700e-01  4.95513434e-01  6.14825827e-01  9.61307260e-01  3.64077279e-01  6.32496276e-01
8.77989389e-01  4.51043738e-01  6.93359158e-01  9.50576043e-01  3.13449356e-01  7.13222294e-01
8.91469608e-01  4.74708510e-01  6.32224048e-01  9.58427573e-01  3.59199214e-01  6.52108727e-01
8.62013140e-01  5.80812816e-01  6.63669343e-01  9.51974507e-01  4.45159898e-01  6.73767740e-01
9.14106380e-01  4.54979801e-01  5.68169404e-01  9.68198400e-01  3.54516321e-01  5.90562634e-01
9.08955057e-01  4.84570874e-01  5.66449886e-01  9.68539905e-01  3.67662574e-01  5.85277882e-01
8.92322832e-01  4.53716240e-01  6.42955269e-01  9.57985771e-01  3.20701452e-01  6.64005190e-01
8.89962656e-01  5.36727143e-01  5.97077964e-01  9.62371190e-01  4.25494500e-01  6.11214817e-01
8.91608110e-01  5.55645590e-01  5.79208883e-01  9.64240285e-01  4.58613474e-01  5.91433190e-01
8.72675289e-01  6.00658842e-01  6.14271953e-01  9.59404874e-01  4.61979791e-01  6.21644344e-01
