7.88768962e-01  5.67068099e-01  9.21024059e-01  9.16884719e-01  3.29458608e-01  9.25491432e-01
8.51742689e-01  4.87558182e-01  7.59091366e-01  9.40952071e-01  3.21034587e-01  7.73668297e-01
7.91144249e-01  7.82774098e-01  7.73200431e-01  9.32342409e-01  5.78045600e-01  7.68361908e-01
8.08619914e-01  5.95230233e-01  8.35621675e-01  9.26235084e-01  4.29361685e-01  8.42529635e-01
8.86405704e-01  4.08426990e-01  6.92461952e-01  9.51185576e-01  2.86097987e-01  7.15760161e-01
8.66552791e-01  7.26245072e-01  5.53536368e-01  9.63747536e-01  6.65808094e-01  5.45814019e-01
9.27661038e-01  2.88472810e-01  6.30250489e-01  9.62228441e-01  1.95720398e-01  6.66232133e-01
8.65863544e-01  4.18991183e-01  7.55359206e-01  9.41254698e-01  3.03903921e-01  7.75244979e-01
8.74326058e-01  7.38313482e-01  5.19603443e-01  9.65946885e-01  7.61214864e-01  5.09765784e-01
8.13378118e-01  7.25046039e-01  7.34881934e-01  9.41226467e-01  4.87720846e-01  7.32147265e-01
9.76998762e-01  4.00853384e-01  3.89760320e-01  9.94453601e-01  3.87168265e-01  4.14532930e-01
7.54337322e-01  6.43406934e-01  9.88388686e-01  9.05081083e-01  3.78265690e-01  9.89687336e-01
8.25426484e-01  7.92315862e-01  6.50292492e-01  9.49178535e-01  6.60858441e-01  6.40394756e-01
8.74514285e-01  5.12279217e-01  6.65416610e-01  9.53664875e-01  3.66349084e-01  6.80968330e-01
7.91237853e-01  6.56120711e-01  8.55115554e-01  9.23601450e-01  4.35377612e-01  8.58000364e-01
8.07691061e-01  3.88851185e-01  9.72480739e-01  9.10467568e-01  2.73635480e-01  9.79783290e-01
9.94517061e-01  3.44387072e-01  3.66935230e-01  9.98329536e-01  3.47911758e-01  3.98923447e-01
8.38468338e-01  5.51996173e-01  7.62331802e-01  9.39740754e-01  3.59433727e-01  7.72394431e-01
8.90649372e-01  6.14597633e-01  5.44198761e-01  9.70827098e-01  4.69141720e-01  5.46723508e-01
8.67855295e-01  3.29687302e-01  8.06875157e-01  9.36286500e-01  2.17317946e-01  8.28003983e-01
8.74770454e-01  7.12385895e-01  5.34630457e-01  9.69712276e-01  5.91933317e-01  5.24961700e-01
8.43818843e-01  9.09788021e-01  5.11868556e-01  9.67693547e-01  8.67655067e-01  4.73506300e-01
8.37538528e-01  4.31539062e-01  8.43400477e-01  9.29245018e-01  2.82777626e-01  8.57226239e-01
8.27780641e-01  8.51508392e-01  6.04166423e-01  9.57952763e-01  6.71075336e-01  5.82245650e-01
8.02015492e-01  6.07712467e-01  8.49648414e-01  9.25390988e-01  3.97657010e-01  8.54890644e-01
8.16611949e-01  7.58291006e-01  7.02612210e-01  9.41018247e-01  6.36562853e-01  6.98954741e-01
7.66847771e-01  6.03519260e-01  9.72099506e-01  9.08740300e-01  3.46415455e-01  9.74238936e-01
9.11930795e-01  2.60868835e-01  7.01884456e-01  9.51943821e-01  1.83955422e-01  7.35463334e-01
7.60167573e-01  7.21405604e-01  9.18241159e-01  9.13895233e-01  4.45691780e-01  9.17809667e-01
9.39349259e-01  4.75587466e-01  4.69082000e-01  9.79299250e-01  4.80754864e-01  4.89666817e-01
8.81774085e-01  5.38543523e-01  6.23713081e-01  9.60664882e-01  3.65567028e-01  6.36268603e-01
7.73417954e-01  7.08452469e-01  8.81652972e-01  9.18826173e-01  4.63603522e-01  8.81974351e-01
8.39783753e-01  6.85230322e-01  6.71064329e-01  9.49696371e-01  5.15358733e-01  6.71331112e-01
9.22109639e-01  5.33555133e-01  4.89986493e-01  9.75058017e-01  5.34867155e-01  5.04120997e-01
8.67680506e-01  6.70221860e-01  5.86377309e-01  9.63319157e-01  5.14524745e-01  5.84695027e-01
8.72953768e-01  7.85656842e-01  4.93229234e-01  9.70194218e-01  7.99445981e-01  4.73015143e-01
8.61496752e-01  4.04866988e-01  7.79656774e-01  9.40156347e-01  2.39844167e-01  7.97886457e-01
9.70549508e-01  3.02065855e-01  4.75793446e-01  9.84256699e-01  2.35829296e-01  5.15545118e-01
8.40850796e-01  3.56579651e-01  8.80821852e-01  9.24263115e-01  2.55255559e-01  8.95650967e-01
8.55963906e-01  7.48901869e-01  5.74782609e-01  9.58285143e-01  7.23679668e-01  5.67213149e-01
9.07863317e-01  5.88197374e-01  5.02886490e-01  9.75965218e-01  4.95350171e-01  5.07607929e-01
8.84006644e-01  2.42355161e-01  8.08729508e-01  9.37831140e-01  1.50635711e-01  8.33799730e-01
7.97819033e-01  4.27860878e-01  9.80677772e-01  9.08952247e-01  2.85993708e-01  9.86590133e-01
9.35253728e-01  5.47255307e-01  4.36460557e-01  9.82585388e-01  5.78587077e-01  4.45563116e-01
8.72398941e-01  4.33728680e-01  7.23597844e-01  9.44922223e-01  3.34827852e-01  7.44447779e-01
7.90533436e-01  8.45624551e-01  7.34469189e-01  9.39426473e-01  5.83323268e-01  7.21696058e-01
8.26531118e-01  3.92915794e-01  9.05858916e-01  9.20453729e-01  2.66412038e-01  9.17450616e-01
8.21429724e-01  4.39031216e-01  8.93537827e-01  9.20469533e-01  3.21837204e-01  9.04815654e-01
9.54688135e-01  2.86220861e-01  5.39938527e-01  9.73924894e-01  2.38392344e-01  5.81188306e-01
8.11886699e-01  3.59844614e-01  9.77364532e-01  9.11219536e-01  2.35574803e-01  9.84439172e-01
8.01576036e-01  4.68249577e-01  9.41693331e-01  9.14271468e-01  3.01729928e-01  9.48776888e-01
8.52229657e-01  3.08733276e-01  8.73246137e-01  9.27263925e-01  1.97927493e-01  8.89907120e-01
8.09664999e-01  7.83329012e-01  7.09649216e-01  9.40578933e-01  6.27647943e-01  7.03354362e-01
7.44575031e-01  7.86363063e-01  9.28719528e-01  9.11359867e-01  4.77606254e-01  9.26036421e-01
8.22028819e-01  7.23478151e-01  7.06523108e-01  9.43102514e-01  5.53254622e-01  7.04688547e-01
9.48368428e-01  5.14553141e-01  4.13457704e-01  9.91420549e-01  4.43890102e-01  4.21142179e-01
8.78337008e-01  7.70838545e-01  4.84570310e-01  9.71272745e-01  8.00152482e-01  4.65933432e-01
8.52072325e-01  4.35578098e-01  7.91422794e-01  9.36432182e-01  2.95899872e-01  8.08051800e-01
8.98367706e-01  3.37740863e-01  6.97734853e-01  9.51680480e-01  2.29428610e-01  7.25929277e-01
8.57198165e-01  8.09585531e-01  5.31194083e-01  9.65427985e-01  7.69133169e-01  5.10712426e-01
7.98178786e-01  4.59241304e-01  9.59079600e-01  9.11037648e-01  3.17384636e-01  9.65826967e-01
9.77993144e-01  2.40054617e-01  4.90776745e-01  9.81335424e-01  2.16788271e-01  5.38759058e-01
8.72302806e-01  4.16622989e-01  7.35030161e-01  9.43505002e-01  3.22094033e-01  7.56533157e-01
8.65683249e-01  3.62985954e-01  7.92631136e-01  9.37141185e-01  2.56142658e-01  8.13382520e-01
9.72760792e-01  3.57636419e-01  4.32207532e-01  9.88831304e-01  3.25247388e-01  4.65160830e-01
8.62428808e-01  4.14222425e-01  7.70119350e-01  9.39922582e-01  2.81309601e-01  7.89106313e-01
9.66674679e-01  2.80932729e-01  5.02670516e-01  9.79507962e-01  2.38256150e-01  5.45422187e-01
8.46218714e-01  7.74660557e-01  5.91151331e-01  9.60068907e-01  6.28609460e-01  5.78159078e-01
7.77323402e-01  5.43093219e-01  9.75460101e-01  9.06798244e-01  3.73319865e-01  9.79840990e-01
8.40409038e-01  5.13884323e-01  7.80188120e-01  9.36851860e-01  3.49856371e-01  7.92656944e-01
9.14017284e-01  4.20334533e-01  5.91268404e-01  9.64566544e-01  3.40940190e-01  6.17565729e-01
8.96610716e-01  6.44623657e-01  5.04461993e-01  9.70774302e-01  6.47240059e-01  5.05130786e-01
8.11278245e-01  3.79076027e-01  9.66645575e-01  9.11989512e-01  2.55354872e-01  9.74328412e-01
8.31443423e-01  2.61569614e-01  9.74759910e-01  9.13996273e-01  1.64127022e-01  9.83456581e-01
9.06087942e-01  3.82730075e-01  6.42310502e-01  9.59138539e-01  2.65498082e-01  6.69615904e-01
8.41840186e-01  7.50928578e-01  6.21723735e-01  9.51172577e-01  7.09009807e-01  6.16788480e-01
8.23202509e-01  7.49714155e-01  6.85802076e-01  9.47959936e-01  5.29819684e-01  6.79576569e-01
9.22431683e-01  5.43887110e-01  4.82185236e-01  9.75932337e-01  5.51168094e-01  4.94677092e-01
8.67252971e-01  6.66622448e-01  5.90164987e-01  9.57673656e-01  6.33859011e-01  5.92797520e-01
8.55511261e-01  3.99727185e-01  8.03319400e-01  9.36151441e-01  2.51584106e-01  8.20802132e-01
9.08121352e-01  6.22388956e-01  4.80109500e-01  9.74269698e-01  6.50377069e-01  4.82496353e-01
8.35306533e-01  2.39099287e-01  9.76231229e-01  9.15006278e-01  1.30847595e-01  9.84815888e-01
7.69796891e-01  7.56823600e-01  8.62246034e-01  9.21408288e-01  4.85065871e-01  8.59847972e-01
9.68996844e-01  3.06477944e-01  4.78201155e-01  9.83496320e-01  2.47429773e-01  5.17689387e-01
9.01595392e-01  3.87920034e-01  6.54196335e-01  9.57575842e-01  2.62104838e-01  6.80434799e-01
9.34045421e-01  3.70565278e-01  5.55572074e-01  9.70658518e-01  3.02739276e-01  5.87498408e-01
8.70470719e-01  5.48726121e-01  6.55483935e-01  9.52248098e-01  4.54064347e-01  6.69400808e-01
8.47133784e-01  2.75189679e-01  9.12331473e-01  9.21819265e-01  1.89210574e-01  9.26871641e-01
7.93943265e-01  6.77571637e-01  8.31703598e-01  9.27935315e-01  4.21564135e-01  8.32947246e-01
8.89243633e-01  2.80377760e-01  7.65961209e-01  9.43135084e-01  1.77983642e-01  7.92835193e-01
9.60264253e-01  2.87709594e-01  5.20335417e-01  9.76564795e-01  2.49405942e-01  5.62184616e-01
9.85498797e-01  2.97191276e-01  4.28494665e-01  9.90575393e-01  2.63035598e-01  4.69141165e-01
7.60994503e-01  7.18209333e-01  9.17508051e-01  9.13736257e-01  4.52014174e-01  9.17340448e-01
8.63954433e-01  7.90342696e-01  5.21043416e-01  9.71031806e-01  6.68004257e-01  4.99107176e-01
7.67834160e-01  6.19603057e-01  9.58305695e-01  9.09517791e-01  3.82421920e-01  9.60775692e-01
8.90784414e-01  7.21262069e-01  4.74490245e-01  9.73100889e-01  7.64920363e-01  4.62506589e-01
8.91898347e-01  7.65723503e-01  4.42140410e-01  9.81464336e-01  7.39619351e-01  4.15354335e-01
8.65419504e-01  4.17354023e-01  7.58227590e-01  9.40874459e-01  3.04404602e-01  7.78081417e-01
7.96600692e-01  5.42310281e-01  9.10502047e-01  9.17961395e-01  3.38092242e-01  9.16554798e-01
8.01914282e-01  7.24328288e-01  7.74275623e-01  9.31541648e-01  5.71439814e-01  7.74535538e-01
9.04476763e-01  2.62798283e-01  7.25943912e-01  9.49040505e-01  1.70777309e-01  7.57182202e-01
8.74886364e-01  4.77013553e-01  6.87347029e-01  9.52031659e-01  3.11946931e-01  7.04765300e-01
7.48551444e-01  7.32217423e-01  9.50371799e-01  9.08206936e-01  4.61253732e-01  9.50103902e-01
8.47470874e-01  7.02778396e-01  6.33568035e-01  9.54812505e-01  5.47224592e-01  6.31024091e-01
7.89153754e-01  5.18323818e-01  9.51663637e-01  9.10603604e-01  3.66380363e-01  9.57590248e-01
8.95249637e-01  3.74701954e-01  6.84624014e-01  9.53687844e-01  2.42960503e-01  7.10388233e-01
8.25142518e-01  3.43887227e-01  9.42409968e-01  9.17135742e-01  2.09115806e-01  9.52216643e-01
8.18092607e-01  7.01447859e-01  7.34191924e-01  9.36454599e-01  5.99296249e-01  7.36474879e-01
8.31855773e-01  3.17649351e-01  9.36944976e-01  9.17663242e-01  2.14209657e-01  9.48151071e-01
8.14943607e-01  4.18627906e-01  9.28516138e-01  9.17593969e-01  2.59314577e-01  9.37459043e-01
8.92168125e-01  3.56861392e-01  7.06670641e-01  9.50111611e-01  2.44411270e-01  7.32977526e-01
8.75134762e-01  4.48369273e-01  7.04802335e-01  9.47493356e-01  3.46000504e-01  7.25331072e-01
7.61623014e-01  6.66675078e-01  9.48536207e-01  9.07864976e-01  4.67128512e-01  9.50913424e-01
8.36295773e-01  3.21738348e-01  9.18913997e-01  9.20818461e-01  1.98027511e-01  9.31213028e-01
8.37606728e-01  5.05122867e-01  7.95391997e-01  9.32671361e-01  3.94429272e-01  8.08968131e-01
9.24523951e-01  4.57114910e-01  5.31713162e-01  9.73523263e-01  3.68118679e-01  5.53736962e-01
8.21531667e-01  5.15327536e-01  8.43653419e-01  9.26361844e-01  3.75941565e-01  8.54294484e-01
9.18056528e-01  6.38363599e-01  4.36002970e-01  9.80650667e-01  6.90929506e-01  4.32034869e-01
8.13546161e-01  5.23266687e-01  8.65616849e-01  9.22758217e-01  3.85553495e-01  8.75138310e-01
8.72477602e-01  2.99231326e-01  8.10654773e-01  9.35823527e-01  2.05660039e-01  8.33201231e-01
8.17831147e-01  5.33945827e-01  8.43835285e-01  9.28628281e-01  3.20740360e-01  8.52242573e-01
8.91488922e-01  7.50695520e-01  4.52989461e-01  9.78985164e-01  7.38048589e-01  4.31104046e-01
8.77103482e-01  5.29139366e-01  6.45678545e-01  9.57580392e-01  3.52604607e-01  6.59098141e-01
8.49803364e-01  4.74833845e-01  7.73937658e-01  9.37229837e-01  3.54280866e-01  7.89707819e-01
8.89331162e-01  7.35542809e-01  4.70451423e-01  9.77450030e-01  6.91381127e-01  4.52450558e-01
9.33726525e-01  3.11437127e-01  5.94744911e-01  9.66005480e-01  2.41934614e-01  6.31133128e-01
8.22327623e-01  6.43084141e-01  7.57705344e-01  9.38664041e-01  4.32018302e-01  7.61692485e-01
9.20836603e-01  6.09473542e-01  4.45319014e-01  9.79726071e-01  6.54214279e-01  4.46607384e-01
8.81309000e-01  2.54281767e-01  8.10146443e-01  9.36659667e-01  1.77807006e-01  8.34913939e-01
9.42149115e-01  3.40096981e-01  5.47836238e-01  9.73983454e-01  2.36169743e-01  5.81852297e-01
8.67572938e-01  4.48322078e-01  7.30510936e-01  9.43340950e-01  3.53317217e-01  7.50233737e-01
9.04473359e-01  4.00607743e-01  6.36185946e-01  9.58456910e-01  3.12160092e-01  6.63000295e-01
9.44581383e-01  4.54640971e-01  4.65212885e-01  9.84836658e-01  3.53628695e-01  4.84608146e-01
8.28936841e-01  3.97051370e-01  8.95003478e-01  9.21245990e-01  2.87004375e-01  9.07522040e-01
9.30341960e-01  5.07879365e-01  4.78702632e-01  9.80523673e-01  4.33755369e-01  4.92881420e-01
8.47736360e-01  5.28365605e-01  7.46201486e-01  9.41970477e-01  3.57449711e-01  7.58564470e-01
8.38111451e-01  4.10896065e-01  8.54858554e-01  9.29114886e-01  2.39170620e-01  8.68327841e-01
7.97408846e-01  6.18608526e-01  8.58515451e-01  9.24267243e-01  3.96461294e-01  8.62893979e-01
8.73879360e-01  3.51578702e-01  7.71907395e-01  9.40687149e-01  2.37645841e-01  7.94484308e-01
8.86590883e-01  7.06896490e-01  4.98354270e-01  9.74816296e-01  6.17971566e-01  4.86621095e-01
8.28541113e-01  4.34527098e-01  8.72014572e-01  9.23754724e-01  3.15680521e-01  8.84683848e-01
8.53740145e-01  4.81178594e-01  7.56152839e-01  9.41548062e-01  3.13096125e-01  7.71199639e-01
8.35743526e-01  2.37219861e-01  9.75669534e-01  9.14331072e-01  1.47662756e-01  9.84670098e-01
8.84151245e-01  3.92678376e-01  7.10640058e-01  9.49557016e-01  2.55937026e-01  7.33819931e-01
8.10031234e-01  5.35675689e-01  8.69199626e-01  9.23753444e-01  3.47546690e-01  8.77189189e-01
7.99543561e-01  4.22156716e-01  9.78525545e-01  9.10846735e-01  2.45206221e-01  9.84045696e-01
8.62213288e-01  5.31287107e-01  6.94845891e-01  9.46487009e-01  4.38909757e-01  7.09908899e-01
8.90466677e-01  6.77227334e-01  5.04157735e-01  9.71978262e-01  6.40375514e-01  4.99027299e-01
7.86693304e-01  5.96344699e-01  9.09359587e-01  9.14435539e-01  4.43472153e-01  9.14867774e-01
7.51938688e-01  6.75902714e-01  9.75433610e-01  9.04346484e-01  4.51791026e-01  9.77086060e-01
9.45333874e-01  3.00864998e-01  5.62492169e-01  9.71104251e-01  2.33075647e-01  6.01042037e-01
7.78553608e-01  5.98249196e-01  9.35766360e-01  9.11986580e-01  4.04013106e-01  9.39861614e-01
8.10976296e-01  7.94338363e-01  6.98048463e-01  9.41931127e-01  6.45838078e-01  6.90401361e-01
8.04122825e-01  5.92862262e-01  8.52430369e-01  9.22538208e-01  4.57091496e-01  8.59705546e-01
8.57610484e-01  7.93765721e-01  5.40065105e-01  9.67395238e-01  6.75204751e-01  5.20212972e-01
8.28603552e-01  9.86374888e-01  5.13513912e-01  9.65908763e-01  9.56159072e-01  4.63596731e-01
8.74142581e-01  3.92663232e-01  7.44636271e-01  9.42726245e-01  3.00612843e-01  7.67100423e-01
7.91483328e-01  5.53324242e-01  9.20729511e-01  9.16462489e-01  3.38915609e-01  9.25972205e-01
8.28008258e-01  3.64400788e-01  9.19357975e-01  9.20199350e-01  2.18698060e-01  9.30316001e-01
9.74483065e-01  3.66983637e-01  4.20588725e-01  9.90461325e-01  3.39487590e-01  4.51872856e-01
9.15016134e-01  6.17383642e-01  4.59947384e-01  9.77639090e-01  6.49151080e-01  4.61180890e-01
9.27754647e-01  4.86856020e-01  5.01136895e-01  9.77882985e-01  3.96275533e-01  5.18637420e-01
7.93059588e-01  5.33457067e-01  9.28573174e-01  9.14238475e-01  3.64194378e-01  9.34797352e-01
8.33939259e-01  5.03671220e-01  8.09086384e-01  9.30927872e-01  3.88387041e-01  8.22086365e-01
9.09769608e-01  2.87309607e-01  6.91759459e-01  9.53759141e-01  1.82172753e-01  7.23726968e-01
8.24213550e-01  5.51206155e-01  8.10954613e-01  9.33274875e-01  3.33523740e-01  8.19438306e-01
8.81648570e-01  3.93161023e-01  7.18824686e-01  9.47018224e-01  2.88883652e-01  7.42341653e-01
8.36835628e-01  3.55294358e-01  8.95291925e-01  9.22203610e-01  2.54330314e-01  9.09074710e-01
8.26386268e-01  6.45939047e-01  7.42068035e-01  9.37175731e-01  5.30468094e-01  7.48056147e-01
9.93968498e-01  3.43564214e-01  3.69629632e-01  9.96982685e-01  3.70003638e-01  4.02874208e-01
8.60993933e-01  8.15244950e-01  5.14630602e-01  9.65443157e-01  8.41876384e-01  4.93488622e-01
8.51787651e-01  6.37643624e-01  6.61495104e-01  9.50966205e-01  5.02874898e-01  6.66644398e-01
8.39288953e-01  2.31717563e-01  9.67201665e-01  9.16280514e-01  1.27747758e-01  9.76858813e-01
8.33148658e-01  3.32032498e-01  9.22917502e-01  9.19560369e-01  2.16924419e-01  9.34830882e-01
8.32984884e-01  7.32989075e-01  6.63144494e-01  9.50741033e-01  5.42822053e-01  6.58166745e-01
9.01990910e-01  4.95397194e-01  5.83075506e-01  9.66595716e-01  3.56563336e-01  6.00360251e-01
9.43762337e-01  2.66475652e-01  5.90154835e-01  9.67184197e-01  2.12327398e-01  6.31062216e-01
7.48257847e-01  7.51444452e-01  9.38884846e-01  9.09818365e-01  4.69530716e-01  9.37822243e-01
8.46836714e-01  4.39008352e-01  8.07272949e-01  9.34826622e-01  2.80469531e-01  8.22496017e-01
8.31900879e-01  7.45418499e-01  6.59052177e-01  9.46692181e-01  6.65787615e-01  6.55692847e-01
8.02325055e-01  6.45328764e-01  8.24172719e-01  9.26082781e-01  4.88383571e-01  8.29093481e-01
9.03774072e-01  4.88046700e-01  5.82090208e-01  9.66561183e-01  3.59569356e-01  6.00390135e-01
8.46034637e-01  4.60765997e-01  7.95571870e-01  9.34477464e-01  3.36294325e-01  8.11074896e-01
9.41332055e-01  4.34641379e-01  4.88932427e-01  9.78794783e-01  3.91495533e-01  5.13916472e-01
7.53209399e-01  6.48764047e-01  9.89038066e-01  9.04318289e-01  3.97929461e-01  9.90464904e-01
7.86900507e-01  6.75886291e-01  8.57011291e-01  9.22538517e-01  4.59488615e-01  8.59139138e-01
8.68974159e-01  4.88781634e-01  6.99485506e-01  9.50404311e-01  3.08841340e-01  7.15414853e-01
8.21988935e-01  6.14494978e-01  7.77416141e-01  9.33253361e-01  4.80832586e-01  7.84892995e-01
8.49496106e-01  4.70169724e-01  7.78010020e-01  9.38530310e-01  3.05355300e-01  7.92888403e-01
9.97976554e-01  3.26886781e-01  3.66847452e-01  9.98696684e-01  3.29457378e-01  4.01430389e-01
7.77696524e-01  6.13906917e-01  9.28510199e-01  9.12275596e-01  4.27291562e-01  9.32527459e-01
8.76023102e-01  7.40898644e-01  5.12162638e-01  9.67319985e-01  7.60845486e-01  5.01048585e-01
8.43817968e-01  5.20748640e-01  7.64155417e-01  9.39511164e-01  3.46173129e-01  7.76472519e-01
8.08022300e-01  6.45255002e-01  8.04873199e-01  9.28309944e-01  5.07439468e-01  8.10326063e-01
9.38440495e-01  2.42838113e-01  6.23572122e-01  9.63291168e-01  1.77520036e-01  6.64219291e-01
8.71275775e-01  5.44401748e-01  6.55558367e-01  9.54587099e-01  3.94689762e-01  6.68382451e-01
9.81728326e-01  3.42869547e-01  4.11642486e-01  9.93009219e-01  2.98707498e-01  4.45137264e-01
9.09338895e-01  5.82096207e-01  5.01836608e-01  9.72196858e-01  5.85516459e-01  5.10541633e-01
8.29113515e-01  7.51944596e-01  6.63983039e-01  9.47334830e-01  6.31388595e-01  6.59154957e-01
9.24700759e-01  2.40342682e-01  6.71550022e-01  9.55805892e-01  1.87421870e-01  7.09367313e-01
8.04956208e-01  5.90685744e-01  8.50716803e-01  9.25000060e-01  3.99227396e-01  8.57027585e-01
7.98934829e-01  5.95009152e-01  8.68655199e-01  9.21562480e-01  4.19948210e-01  8.74707350e-01
7.75469626e-01  5.50687020e-01  9.77122822e-01  9.07085391e-01  3.62744722e-01  9.81005882e-01
8.38388447e-01  7.52525945e-01  6.32110648e-01  9.52220213e-01  6.40624458e-01  6.25655584e-01
7.91168005e-01  5.53464801e-01  9.22005874e-01  9.14630956e-01  3.82556771e-01  9.27957254e-01
8.78772940e-01  2.92746803e-01  7.93486857e-01  9.38340419e-01  2.02559125e-01  8.17792773e-01
8.18254718e-01  8.10492172e-01  6.62845956e-01  9.50584986e-01  5.84400501e-01  6.49377997e-01
7.84773859e-01  6.81333305e-01  8.60398369e-01  9.20485183e-01  4.96926281e-01  8.62974558e-01
8.62016496e-01  5.12592932e-01  7.07651507e-01  9.45739860e-01  4.01973032e-01  7.23396132e-01
9.62675105e-01  4.27014892e-01  4.21412196e-01  9.87698585e-01  4.38183389e-01  4.45834289e-01
7.69517411e-01  6.89400285e-01  9.06971483e-01  9.14409065e-01  4.68936246e-01  9.08525777e-01
8.79484736e-01  6.59256957e-01  5.53114988e-01  9.65235448e-01  5.93113869e-01  5.53388744e-01
8.42440607e-01  6.25032856e-01  7.01124910e-01  9.44746786e-01  4.94256363e-01  7.08036221e-01
8.66327618e-01  3.31758382e-01  8.10717815e-01  9.34620847e-01  2.45653890e-01  8.32012720e-01
8.32369185e-01  3.90521476e-01  8.87885395e-01  9.24063678e-01  2.43008666e-01  9.00329506e-01
7.65788869e-01  7.27037435e-01  8.95494246e-01  9.16606199e-01  4.68753986e-01  8.94996496e-01
8.28930032e-01  3.83357245e-01  9.04216515e-01  9.21770983e-01  2.39694826e-01  9.15810911e-01
9.73777377e-01  3.74456546e-01  4.18133291e-01  9.89096190e-01  3.85946073e-01  4.49687852e-01
8.35048220e-01  8.42496712e-01  5.85041032e-01  9.60301687e-01  6.87076191e-01  5.62901112e-01
8.39485726e-01  2.21328354e-01  9.73279470e-01  9.15521671e-01  1.24275748e-01  9.82542203e-01
8.25152019e-01  5.93090604e-01  7.80573424e-01  9.36924493e-01  3.70718600e-01  7.87279281e-01
9.07912503e-01  3.75574698e-01  6.40759997e-01  9.57882599e-01  2.99059436e-01  6.69767213e-01
7.65090454e-01  6.24775966e-01  9.63966031e-01  9.06231920e-01  4.42265935e-01  9.67238896e-01
8.18775054e-01  7.12543365e-01  7.24671121e-01  9.39092684e-01  5.75889289e-01  7.25070440e-01
8.32448817e-01  8.04981011e-01  6.18522096e-01  9.56184952e-01  6.28880038e-01  6.03515201e-01
8.38839366e-01  5.79353710e-01  7.43010824e-01  9.38339463e-01  4.74699015e-01  7.53724776e-01
7.74824767e-01  5.39586939e-01  9.86222426e-01  9.04988121e-01  3.77782436e-01  9.90397246e-01
8.80630730e-01  8.07358727e-01  4.53369838e-01  9.77622090e-01  8.12427194e-01  4.22848589e-01
9.38996134e-01  5.09539419e-01  4.48536528e-01  9.83094534e-01  4.95240119e-01  4.62437734e-01
8.41663058e-01  5.45429062e-01  7.55448682e-01  9.39289189e-01  3.92508557e-01  7.66986389e-01
8.71076935e-01  7.01541066e-01  5.54212466e-01  9.62951296e-01  6.67730666e-01  5.50466792e-01
7.43142911e-01  7.10415787e-01  9.82895893e-01  9.04464460e-01  4.23401413e-01  9.83013950e-01
8.49471121e-01  3.95314709e-01  8.26397849e-01  9.31822951e-01  2.72127042e-01  8.43203884e-01
8.30864000e-01  3.16017170e-01  9.41373545e-01  9.18304189e-01  1.81676612e-01  9.51701112e-01
9.09361753e-01  4.32127395e-01  5.99123327e-01  9.64534788e-01  3.15713644e-01  6.23192499e-01
9.06423363e-01  6.50213661e-01  4.67811131e-01  9.79795050e-01  5.88340982e-01  4.61674127e-01
8.22980044e-01  4.12268813e-01  9.05353236e-01  9.21607743e-01  2.42435038e-01  9.15696232e-01
9.05354264e-01  4.02117204e-01  6.32512675e-01  9.60567433e-01  2.76807831e-01  6.58307276e-01
9.04331248e-01  3.25365736e-01  6.85518491e-01  9.52657042e-01  2.45219226e-01  7.15949758e-01
8.55356151e-01  9.06561472e-01  4.74489464e-01  9.72223877e-01  9.20166282e-01  4.31579173e-01
9.65782732e-01  4.05635582e-01  4.24740125e-01  9.90750587e-01  3.39385139e-01  4.49526068e-01
9.11099060e-01  6.43336702e-01  4.56101199e-01  9.77091009e-01  6.93369157e-01  4.53768324e-01
9.11360821e-01  2.19226182e-01  7.30856146e-01  9.48150473e-01  1.62115627e-01  7.64928482e-01
8.26613472e-01  3.53125445e-01  9.31415909e-01  9.18516815e-01  2.15530894e-01  9.41850472e-01
9.74597901e-01  2.85863552e-01  4.72863209e-01  9.84078215e-01  2.44018059e-01  5.15277785e-01
7.79196947e-01  5.64388791e-01  9.55270493e-01  9.11060909e-01  3.45171781e-01  9.59135255e-01
8.17300408e-01  5.22396582e-01  8.53433648e-01  9.26891977e-01  3.27459570e-01  8.62310164e-01
8.23831629e-01  6.62077619e-01  7.40562778e-01  9.37719917e-01  5.30750620e-01  7.45016485e-01
8.94894075e-01  6.56271514e-01  5.02729061e-01  9.72026174e-01  6.31788787e-01  5.00741747e-01
8.18474174e-01  7.36064493e-01  7.10422401e-01  9.43023610e-01  5.44882006e-01  7.07165753e-01
