8.53658716e-01  3.48479689e-01  8.42586877e-01  9.32045778e-01  1.96681231e-01  8.59538618e-01
8.74428627e-01  7.55939411e-01  5.07515136e-01  9.74152582e-01  6.25996563e-01  4.88471156e-01
9.01735369e-01  4.00663778e-01  6.45446657e-01  9.56189693e-01  3.33484415e-01  6.72516999e-01
8.40737308e-01  6.51783633e-01  6.89540583e-01  9.44485663e-01  5.56422363e-01  6.95074005e-01
7.90890416e-01  6.42039625e-01  8.65437940e-01  9.22131658e-01  4.28799299e-01  8.68973715e-01
9.60725570e-01  2.74530941e-01  5.27027249e-01  9.75794607e-01  2.34811417e-01  5.70042938e-01
8.97839505e-01  3.10472794e-01  7.17231743e-01  9.48090480e-01  2.38619648e-01  7.46784495e-01
8.53278083e-01  2.36712145e-01  9.16448980e-01  9.22262969e-01  1.57403515e-01  9.31515507e-01
9.62411108e-01  4.75193463e-01  3.91030501e-01  9.93511556e-01  4.56196336e-01  4.04321420e-01
8.01152787e-01  5.90189041e-01  8.63954471e-01  9.20733707e-01  4.55525941e-01  8.71128647e-01
8.69581155e-01  8.42763014e-01  4.67606428e-01  9.71146658e-01  9.26969492e-01  4.36884430e-01
9.46960941e-01  2.23913626e-01  6.06628383e-01  9.65262621e-01  1.80131052e-01  6.50447450e-01
9.30250807e-01  2.97431483e-01  6.15640416e-01  9.64688948e-01  1.92065638e-01  6.51315911e-01
9.58711403e-01  2.73881968e-01  5.34287799e-01  9.74477356e-01  2.39718470e-01  5.77333738e-01
8.66010195e-01  2.87812578e-01  8.40031196e-01  9.31499809e-01  2.06275962e-01  8.60780405e-01
9.31405842e-01  3.64689806e-01  5.68051880e-01  9.68381886e-01  3.06636978e-01  6.00662157e-01
7.75721104e-01  8.69261138e-01  7.69125130e-01  9.32857938e-01  6.10832829e-01  7.56820509e-01
9.60593769e-01  2.41309540e-01  5.49042804e-01  9.73052846e-01  2.04985155e-01  5.94645223e-01
9.17555972e-01  2.75997112e-01  6.72663271e-01  9.54976375e-01  2.16631889e-01  7.07808876e-01
9.72934374e-01  3.91928140e-01  4.09355549e-01  9.93251857e-01  3.31954352e-01  4.35237753e-01
8.50885719e-01  5.97786179e-01  6.90137191e-01  9.46448412e-01  4.83921787e-01  6.99558605e-01
8.08756633e-01  4.63040308e-01  9.20690636e-01  9.18811886e-01  2.64620911e-01  9.28400127e-01
8.21701392e-01  2.91195424e-01  9.88311395e-01  9.12088118e-01  1.64492907e-01  9.95089796e-01
7.69242451e-01  5.76265276e-01  9.81365531e-01  9.07192150e-01  3.44422322e-01  9.84119139e-01
9.54490996e-01  2.20820680e-01  5.83067231e-01  9.68685201e-01  1.79503772e-01  6.28649682e-01
9.02047219e-01  2.23413544e-01  7.59466828e-01  9.44087442e-01  1.61424922e-01  7.90627297e-01
8.97865581e-01  2.45761109e-01  7.59157510e-01  9.43718150e-01  1.77959569e-01  7.89102207e-01
9.52014951e-01  4.35182602e-01  4.52306932e-01  9.87092841e-01  3.36635259e-01  4.73626489e-01
8.49955071e-01  2.62894183e-01  9.10733933e-01  9.22639621e-01  1.72251455e-01  9.25604382e-01
9.23185983e-01  2.25649434e-01  6.86233259e-01  9.54285794e-01  1.67745589e-01  7.23746855e-01
8.94459921e-01  6.02460946e-01  5.39138339e-01  9.66843943e-01  5.77782245e-01  5.46684901e-01
8.79388773e-01  4.75568359e-01  6.72697786e-01  9.50724719e-01  3.96327564e-01  6.92762392e-01
8.44355718e-01  6.47769354e-01  6.79861110e-01  9.50859646e-01  4.36116119e-01  6.82529277e-01
8.07794489e-01  5.29996877e-01  8.80483430e-01  9.23576554e-01  3.08059507e-01  8.87620633e-01
7.89958036e-01  6.39738955e-01  8.69799377e-01  9.19124542e-01  4.84739767e-01  8.74568481e-01
8.55523930e-01  3.63033657e-01  8.26802101e-01  9.31633424e-01  2.67693661e-01  8.45462990e-01
9.14505662e-01  6.22842651e-01  4.57839511e-01  9.83391360e-01  5.24070162e-01  4.53230634e-01
8.28430472e-01  3.34077449e-01  9.37612898e-01  9.16980565e-01  2.29183936e-01  9.48486622e-01
9.40433294e-01  3.89422812e-01  5.21341382e-01  9.76992158e-01  2.86056749e-01  5.50299135e-01
8.00854770e-01  8.76403598e-01  6.79138443e-01  9.45332029e-01  6.77291439e-01  6.61189381e-01
9.42979783e-01  3.32019767e-01  5.49961950e-01  9.73674230e-01  2.29808345e-01  5.84816550e-01
8.94482040e-01  7.32871955e-01  4.54397575e-01  9.79399474e-01  7.09390159e-01  4.35194806e-01
7.47696568e-01  7.83705356e-01  9.19844330e-01  9.12601926e-01  4.81570535e-01  9.17138716e-01
7.64194769e-01  6.32233133e-01  9.62165406e-01  9.05404191e-01  4.71281803e-01  9.65714660e-01
8.67256474e-01  7.57782926e-01  5.30671258e-01  9.63406417e-01  7.86483862e-01  5.19589491e-01
8.88717394e-01  7.42493899e-01  4.67724758e-01  9.73063123e-01  8.08801497e-01  4.52417476e-01
7.57043091e-01  7.98467236e-01  8.78518375e-01  9.17370812e-01  5.31308519e-01  8.74849069e-01
8.07187422e-01  3.66407266e-01  9.88765921e-01  9.10914764e-01  1.99827292e-01  9.94294066e-01
8.82975872e-01  5.32417329e-01  6.23608533e-01  9.56474189e-01  4.65250578e-01  6.39669544e-01
8.18664003e-01  3.23192505e-01  9.77849625e-01  9.12214699e-01  2.02446648e-01  9.85341819e-01
7.55319582e-01  6.45009638e-01  9.84011283e-01  9.03872986e-01  4.26363332e-01  9.86109267e-01
7.63035787e-01  8.16447058e-01  8.46493648e-01  9.22023008e-01  5.48609713e-01  8.40945065e-01
7.61029808e-01  7.00160181e-01  9.28809526e-01  9.11757525e-01  4.51782753e-01  9.29566736e-01
8.43545625e-01  2.55322556e-01  9.37417948e-01  9.20160291e-01  1.38526453e-01  9.49442919e-01
8.09507878e-01  8.18337382e-01  6.87453499e-01  9.43105206e-01  6.70598611e-01  6.77043505e-01
8.26386268e-01  6.45939047e-01  7.42068035e-01  9.37175731e-01  5.30468094e-01  7.48056147e-01
8.30983654e-01  6.82509855e-01  7.03011648e-01  9.46678207e-01  4.64539395e-01  7.03164778e-01
9.28563509e-01  3.38901863e-01  5.94445521e-01  9.64675464e-01  2.87526204e-01  6.28926996e-01
7.66912109e-01  7.53878591e-01  8.73954480e-01  9.19165087e-01  4.93940163e-01  8.72142247e-01
8.77662988e-01  7.67109257e-01  4.89279972e-01  9.68641797e-01  8.39864786e-01  4.73452962e-01
7.57777853e-01  6.24298185e-01  9.89110406e-01  9.01826154e-01  4.56163156e-01  9.92217661e-01
8.74806080e-01  8.15609489e-01  4.67493547e-01  9.72915157e-01  8.65959547e-01  4.39909072e-01
9.07015311e-01  4.44177743e-01  5.99267015e-01  9.61749048e-01  3.88466183e-01  6.23925607e-01
8.22362946e-01  6.58140054e-01  7.47810596e-01  9.40843790e-01  4.21749678e-01  7.50133534e-01
9.04815293e-01  5.46969859e-01  5.40299958e-01  9.71534581e-01  4.31632230e-01  5.51534606e-01
9.39287701e-01  3.45797270e-01  5.53553636e-01  9.70294961e-01  3.04943267e-01  5.88794413e-01
8.33246160e-01  8.99164815e-01  5.54369356e-01  9.64670238e-01  7.47119007e-01  5.20753970e-01
7.69796891e-01  7.56823600e-01  8.62246034e-01  9.21408288e-01  4.85065871e-01  8.59847972e-01
9.35316578e-01  3.11371491e-01  5.89388174e-01  9.66128196e-01  2.58455611e-01  6.26456564e-01
8.70423076e-01  7.88532946e-01  4.99954938e-01  9.66246437e-01  8.66386697e-01  4.82567443e-01
9.07707130e-01  6.40102906e-01  4.69718145e-01  9.74977295e-01  6.85404342e-01  4.69196390e-01
7.61623014e-01  6.66675078e-01  9.48536207e-01  9.07864976e-01  4.67128512e-01  9.50913424e-01
9.38544079e-01  5.39160543e-01  4.30543612e-01  9.88425455e-01  4.59885977e-01  4.36064072e-01
7.99543561e-01  4.22156716e-01  9.78525545e-01  9.10846735e-01  2.45206221e-01  9.84045696e-01
9.77908847e-01  4.01006069e-01  3.86571053e-01  9.96289494e-01  3.57071902e-01  4.09847253e-01
8.64326359e-01  2.59005978e-01  8.64453663e-01  9.29820432e-01  1.55405394e-01  8.83526184e-01
9.07088763e-01  5.59168179e-01  5.24362575e-01  9.69716304e-01  5.42436268e-01  5.36589429e-01
7.74824767e-01  5.39586939e-01  9.86222426e-01  9.04988121e-01  3.77782436e-01  9.90397246e-01
8.63481069e-01  4.95821963e-01  7.13567692e-01  9.48030937e-01  3.17061960e-01  7.28697471e-01
8.69966389e-01  2.63560412e-01  8.42343452e-01  9.33231268e-01  1.49289689e-01  8.63095351e-01
7.98738391e-01  8.78564099e-01  6.84922636e-01  9.45002580e-01  6.62455540e-01  6.66794788e-01
8.41651960e-01  2.08039338e-01  9.74551388e-01  9.15178206e-01  1.27141103e-01  9.84069936e-01
7.72314770e-01  6.02034906e-01  9.54197479e-01  9.07572490e-01  4.43029885e-01  9.58462982e-01
8.94618184e-01  3.90836555e-01  6.75994959e-01  9.53219407e-01  2.90081576e-01  7.01781325e-01
9.44289435e-01  4.78622800e-01  4.50336884e-01  9.83364375e-01  4.59914106e-01  4.68508438e-01
8.67410189e-01  2.51289794e-01  8.58991315e-01  9.31152020e-01  1.39798425e-01  8.78662484e-01
9.90095458e-01  2.99458111e-01  4.11117268e-01  9.92007671e-01  2.94846225e-01  4.51951960e-01
9.13915070e-01  5.30635651e-01  5.19707227e-01  9.71034926e-01  5.12798196e-01  5.35112517e-01
7.65090454e-01  6.24775966e-01  9.63966031e-01  9.06231920e-01  4.42265935e-01  9.67238896e-01
9.49674575e-01  5.13445867e-01  4.09443670e-01  9.88105451e-01  5.34933319e-01  4.20446972e-01
9.58982302e-01  2.79675413e-01  5.29606982e-01  9.76803894e-01  2.03545832e-01  5.70932627e-01
8.46062832e-01  2.89493785e-01  9.06681320e-01  9.23607523e-01  1.66528163e-01  9.20745552e-01
7.89553986e-01  6.10877875e-01  8.89910833e-01  9.17068923e-01  4.52554873e-01  8.95327321e-01
8.56896713e-01  2.22914718e-01  9.13118734e-01  9.23168385e-01  1.44225917e-01  9.28812468e-01
8.86365840e-01  7.29015547e-01  4.84460728e-01  9.77697436e-01  6.20408824e-01  4.67057567e-01
8.39230573e-01  3.05814691e-01  9.19286152e-01  9.20105059e-01  2.12305061e-01  9.32425861e-01
8.08173190e-01  8.74038174e-01  6.55822448e-01  9.48057097e-01  7.06192201e-01  6.36911913e-01
7.67583089e-01  5.99418826e-01  9.71965469e-01  9.05144344e-01  4.35569862e-01  9.75789310e-01
8.29562974e-01  2.59543433e-01  9.82164331e-01  9.12758654e-01  1.66610226e-01  9.90291621e-01
1.00278560e+00  2.97660954e-01  3.69194399e-01  9.97800616e-01  3.19272577e-01  4.09057535e-01
7.68148819e-01  6.33902430e-01  9.47951727e-01  9.09489573e-01  4.25513059e-01  9.50810769e-01
9.08121352e-01  6.22388956e-01  4.80109500e-01  9.74269698e-01  6.50377069e-01  4.82496353e-01
8.29679615e-01  3.03794042e-01  9.53035002e-01  9.16760894e-01  1.74822814e-01  9.62694587e-01
9.79309061e-01  3.27541629e-01  4.29510549e-01  9.88476625e-01  3.25391232e-01  4.67401127e-01
7.41807133e-01  7.44955728e-01  9.65004416e-01  9.05068974e-01  4.84122364e-01  9.64840783e-01
8.83270431e-01  6.89492530e-01  5.20927767e-01  9.67131914e-01  6.97131126e-01  5.17255285e-01
8.60567061e-01  3.01848077e-01  8.49402693e-01  9.29858624e-01  2.16946543e-01  8.68791533e-01
8.94406529e-01  6.99072203e-01  4.76597195e-01  9.72917811e-01  7.45366203e-01  4.68284246e-01
8.28320180e-01  8.67216333e-01  5.91838518e-01  9.59555061e-01  6.91085292e-01  5.66744508e-01
8.75035124e-01  3.96127701e-01  7.39059362e-01  9.45766723e-01  2.44584535e-01  7.60280093e-01
8.42590836e-01  2.05449453e-01  9.73044312e-01  9.15058963e-01  1.35269565e-01  9.82920689e-01
7.78426858e-01  6.18282991e-01  9.22892208e-01  9.15483676e-01  3.66500665e-01  9.25753623e-01
8.69837692e-01  2.90276113e-01  8.25731621e-01  9.33975480e-01  1.97984567e-01  8.47374490e-01
7.65464299e-01  6.35610440e-01  9.55661043e-01  9.06310576e-01  4.74100982e-01  9.59238923e-01
7.65357763e-01  6.03600949e-01  9.76807341e-01  9.04213365e-01  4.40970316e-01  9.80487431e-01
8.00180949e-01  4.37735783e-01  9.66243916e-01  9.10100907e-01  3.11741830e-01  9.73162190e-01
7.76020301e-01  6.62220444e-01  9.02534515e-01  9.13684670e-01  4.99230297e-01  9.06038026e-01
9.40379319e-01  4.49861858e-01  4.82286415e-01  9.82520837e-01  3.37288870e-01  5.02787754e-01
8.17002246e-01  3.47046842e-01  9.68003409e-01  9.12290887e-01  2.39044099e-01  9.76236331e-01
8.83282519e-01  3.63750889e-01  7.32073641e-01  9.46965359e-01  2.30014351e-01  7.56024866e-01
9.47926366e-01  2.53433906e-01  5.84184930e-01  9.68562778e-01  1.92596079e-01  6.26352182e-01
9.25736941e-01  5.44831960e-01  4.70348964e-01  9.81626922e-01  4.63789005e-01  4.78736454e-01
9.50772565e-01  3.60576736e-01  5.04960955e-01  9.79200990e-01  2.79377171e-01  5.37708947e-01
8.48047215e-01  9.35531815e-01  4.80499444e-01  9.71461751e-01  9.33754606e-01  4.33266612e-01
8.31537347e-01  2.64835121e-01  9.72023164e-01  9.14892977e-01  1.49297422e-01  9.80682133e-01
8.71285250e-01  7.62235389e-01  5.14100629e-01  9.67312870e-01  7.64855200e-01  4.99633971e-01
8.90263768e-01  2.90342325e-01  7.56027697e-01  9.44922625e-01  1.71832158e-01  7.82821693e-01
7.66717318e-01  5.83658990e-01  9.85139105e-01  9.03827476e-01  4.16244498e-01  9.88783611e-01
8.28287947e-01  9.17586905e-01  5.59245484e-01  9.63559916e-01  7.64628134e-01  5.23750910e-01
8.45523226e-01  3.32972680e-01  8.80283173e-01  9.26898081e-01  1.86325603e-01  8.94984619e-01
7.51195987e-01  6.88962612e-01  9.69477036e-01  9.07272599e-01  4.02724425e-01  9.69875908e-01
8.15927126e-01  8.76180617e-01  6.28101486e-01  9.53214064e-01  6.97409624e-01  6.05913507e-01
7.83234626e-01  6.27317571e-01  9.00697452e-01  9.15830144e-01  4.45416797e-01  9.04951232e-01
8.22866286e-01  4.00775109e-01  9.13201456e-01  9.18566979e-01  2.88416079e-01  9.24367961e-01
8.16361756e-01  4.50880398e-01  9.02758652e-01  9.21351220e-01  2.65309937e-01  9.11955209e-01
7.69495703e-01  5.72118640e-01  9.83196775e-01  9.04341129e-01  4.09400115e-01  9.87101460e-01
8.09848306e-01  4.92485375e-01  8.97863118e-01  9.18566038e-01  3.61483091e-01  9.07170370e-01
8.74383444e-01  2.82249386e-01  8.15209282e-01  9.36862409e-01  1.59239713e-01  8.37469330e-01
9.43267516e-01  2.74978183e-01  5.86017571e-01  9.68366512e-01  2.00174368e-01  6.25826385e-01
9.09430854e-01  6.58554319e-01  4.51886107e-01  9.77137650e-01  7.20075011e-01  4.47181711e-01
7.43884391e-01  7.05124925e-01  9.83813072e-01  9.04170017e-01  4.26598946e-01  9.84149133e-01
9.28757127e-01  2.99577221e-01  6.19319338e-01  9.64092115e-01  1.94197610e-01  6.54640827e-01
8.77741483e-01  1.94679866e-01  8.60662137e-01  9.30608295e-01  1.36538332e-01  8.82916527e-01
9.23312357e-01  3.12862908e-01  6.29182484e-01  9.62770750e-01  1.96151304e-01  6.62653401e-01
7.92908726e-01  4.47203637e-01  9.84794413e-01  9.08603286e-01  2.81500570e-01  9.89885681e-01
8.37323125e-01  7.26895993e-01  6.52666654e-01  9.53003466e-01  5.28708271e-01  6.47499273e-01
8.43288521e-01  2.44532780e-01  9.45296928e-01  9.18771934e-01  1.44179335e-01  9.57014401e-01
7.82407959e-01  5.47615020e-01  9.55256186e-01  9.09531115e-01  3.81733256e-01  9.60336211e-01
7.88768962e-01  5.67068099e-01  9.21024059e-01  9.16884719e-01  3.29458608e-01  9.25491432e-01
1.01598159e+00  2.53722092e-01  3.52912926e-01  1.00140764e+00  2.68452337e-01  3.97894777e-01
8.42858783e-01  7.22059762e-01  6.36710120e-01  9.49789342e-01  6.66228801e-01  6.35213913e-01
8.91039832e-01  3.03662693e-01  7.44743953e-01  9.46124476e-01  1.86356617e-01  7.71695638e-01
8.05037529e-01  8.83867437e-01  6.60089200e-01  9.49049870e-01  6.69319919e-01  6.39227549e-01
9.43527409e-01  2.53429356e-01  5.99124973e-01  9.65995769e-01  2.01371856e-01  6.40745558e-01
7.63642651e-01  7.95306963e-01  8.58158728e-01  9.20897408e-01  5.24069641e-01  8.53940448e-01
7.57472576e-01  6.94840833e-01  9.44344199e-01  9.10167491e-01  4.29696675e-01  9.44962541e-01
8.08852389e-01  3.60430215e-01  9.86991652e-01  9.09428118e-01  2.43651507e-01  9.93508319e-01
9.48525705e-01  3.50681443e-01  5.19014680e-01  9.77955649e-01  2.51224949e-01  5.52322102e-01
8.83582022e-01  2.56297390e-01  8.00821802e-01  9.39059949e-01  1.49200233e-01  8.25742248e-01
8.20441522e-01  3.70427932e-01  9.41142015e-01  9.17440709e-01  2.09643629e-01  9.50136849e-01
8.67468865e-01  7.53683470e-01  5.32612383e-01  9.69774718e-01  6.24265359e-01  5.16949104e-01
8.77103482e-01  5.29139366e-01  6.45678545e-01  9.57580392e-01  3.52604607e-01  6.59098141e-01
7.97317830e-01  5.49694952e-01  9.03569085e-01  9.18287667e-01  3.59758895e-01  9.09877491e-01
9.54242134e-01  3.52487344e-01  4.98431338e-01  9.78296615e-01  3.21226524e-01  5.33654748e-01
8.27611500e-01  6.07130048e-01  7.63104727e-01  9.35689971e-01  4.72884138e-01  7.71140736e-01
8.53877560e-01  8.24489158e-01  5.32793849e-01  9.65782855e-01  7.63638245e-01  5.09730746e-01
8.88471742e-01  7.61467166e-01  4.56241008e-01  9.73754303e-01  8.54480013e-01  4.37231307e-01
9.07129513e-01  2.75750123e-01  7.08228948e-01  9.50204512e-01  2.07189405e-01  7.40629321e-01
7.62813457e-01  6.43569960e-01  9.59495718e-01  9.06563720e-01  4.53838633e-01  9.62386498e-01
7.61944997e-01  6.22069295e-01  9.76405578e-01  9.03858792e-01  4.53755708e-01  9.79750696e-01
8.17962585e-01  3.45466834e-01  9.65767944e-01  9.12799955e-01  2.34098204e-01  9.74136582e-01
8.78544149e-01  2.42722656e-01  8.26743295e-01  9.35160633e-01  1.51715352e-01  8.50152911e-01
8.74059941e-01  5.83041119e-01  6.21017252e-01  9.55588122e-01  5.20214197e-01  6.32410260e-01
8.28603552e-01  9.86374888e-01  5.13513912e-01  9.65908763e-01  9.56159072e-01  4.63596731e-01
8.63550995e-01  7.92966584e-01  5.20411723e-01  9.66769550e-01  7.71528472e-01  5.01546524e-01
8.14529587e-01  3.37930677e-01  9.82320868e-01  9.11265713e-01  2.11773596e-01  9.89230911e-01
7.76580027e-01  5.80113147e-01  9.53946694e-01  9.08718263e-01  4.11862151e-01  9.58454508e-01
7.84644076e-01  5.33241114e-01  9.56996105e-01  9.11230364e-01  3.30034985e-01  9.61612658e-01
7.98513088e-01  6.57473531e-01  8.29232214e-01  9.24441434e-01  5.13107813e-01  8.33796724e-01
7.97977196e-01  6.31231200e-01  8.48092044e-01  9.25398774e-01  4.09264981e-01  8.52107649e-01
8.53492108e-01  8.30231667e-01  5.30374197e-01  9.63626336e-01  8.28759724e-01  5.08226015e-01
7.99172385e-01  7.07891692e-01  7.94258401e-01  9.28919045e-01  5.52634434e-01  7.95779478e-01
9.73244495e-01  3.73844171e-01  4.20042690e-01  9.88767899e-01  3.83944687e-01  4.51747822e-01
7.79354985e-01  5.40533557e-01  9.70222502e-01  9.07329808e-01  3.79528986e-01  9.74970519e-01
8.62402258e-01  7.88142064e-01  5.27444467e-01  9.64654251e-01  7.89354231e-01  5.10912716e-01
8.08758741e-01  4.29128440e-01  9.42702796e-01  9.16230118e-01  2.42743523e-01  9.50106009e-01
7.58018321e-01  6.55609377e-01  9.67963311e-01  9.05653791e-01  4.45395680e-01  9.70209087e-01
8.15295447e-01  4.32722593e-01  9.18168662e-01  9.17079752e-01  3.12895583e-01  9.28140646e-01
8.44093999e-01  2.12648482e-01  9.63264736e-01  9.16553504e-01  1.32752357e-01  9.73929998e-01
8.14198155e-01  6.99913487e-01  7.48414924e-01  9.40013473e-01  4.54899186e-01  7.47652684e-01
7.52396594e-01  6.44254881e-01  9.94427858e-01  9.01571268e-01  4.43951313e-01  9.96727361e-01
8.19926139e-01  5.33356602e-01  8.37399451e-01  9.26150096e-01  4.09177584e-01  8.47826897e-01
9.91923418e-01  3.00292383e-01  4.04368831e-01  9.94011611e-01  2.74006338e-01  4.44009454e-01
9.06902602e-01  6.49366583e-01  4.66436119e-01  9.79130154e-01  6.07133765e-01  4.60996634e-01
8.82031739e-01  4.17026990e-01  7.02029109e-01  9.50458889e-01  2.73910801e-01  7.23805286e-01
8.15722394e-01  7.36863476e-01  7.19247017e-01  9.38284644e-01  6.26783128e-01  7.18268985e-01
8.61007294e-01  2.28991787e-01  8.95213164e-01  9.25734823e-01  1.43758167e-01  9.12466118e-01
8.69020200e-01  4.22289242e-01  7.42498757e-01  9.43537977e-01  2.95607372e-01  7.62557859e-01
9.49337465e-01  4.09951426e-01  4.77778691e-01  9.80360363e-01  3.82681790e-01  5.05953246e-01
8.68149814e-01  2.30201384e-01  8.70171412e-01  9.28585278e-01  1.60728950e-01  8.90192771e-01
1.01033799e+00  2.51241236e-01  3.73686394e-01  9.98317508e-01  2.58890216e-01  4.19959548e-01
9.39567506e-01  3.74827191e-01  5.33757045e-01  9.75309900e-01  2.72150819e-01  5.64359642e-01
7.72574876e-01  5.39265498e-01  9.94072056e-01  9.03605026e-01  3.82902333e-01  9.98060534e-01
9.32082603e-01  5.75234487e-01  4.29063696e-01  9.82997417e-01  6.18068333e-01  4.33625881e-01
8.45071206e-01  9.05644583e-01  5.10008614e-01  9.69364564e-01  8.31435735e-01  4.70803160e-01
9.26479125e-01  2.45230184e-01  6.62338110e-01  9.57031252e-01  1.91764241e-01  7.00487918e-01
8.56699367e-01  2.70052476e-01  8.83181938e-01  9.25896247e-01  1.89603953e-01  9.00636676e-01
8.76479460e-01  7.70041124e-01  4.91396034e-01  9.75760397e-01  6.65139342e-01  4.68946357e-01
7.98401946e-01  4.96232437e-01  9.34303971e-01  9.16350867e-01  2.80995354e-01  9.40325299e-01
8.25911765e-01  7.02701895e-01  7.06825683e-01  9.40550666e-01  6.06319076e-01  7.08557366e-01
7.64552732e-01  5.90906249e-01  9.87784564e-01  9.03442316e-01  4.16596035e-01  9.91170585e-01
9.46824348e-01  4.99244004e-01  4.28341995e-01  9.88476171e-01  4.40417038e-01  4.40322610e-01
9.19414345e-01  6.53870744e-01  4.21027250e-01  9.80649195e-01  7.62293595e-01  4.14726380e-01
9.29082041e-01  2.50844573e-01  6.49854396e-01  9.58687913e-01  1.97598829e-01  6.88491701e-01
9.32973068e-01  4.15207133e-01  5.29933542e-01  9.75703542e-01  2.98157784e-01  5.55712563e-01
8.71113739e-01  7.13435979e-01  5.46364790e-01  9.62459617e-01  7.18145188e-01  5.41749849e-01
7.51922745e-01  7.52621960e-01  9.25673572e-01  9.10500178e-01  5.05397503e-01  9.25005476e-01
8.39686873e-01  2.78518182e-01  9.35461323e-01  9.19953675e-01  1.53926735e-01  9.47141775e-01
9.36092519e-01  2.94690863e-01  5.97582915e-01  9.65348092e-01  2.40350719e-01  6.35721195e-01
9.22431683e-01  5.43887110e-01  4.82185236e-01  9.75932337e-01  5.51168094e-01  4.94677092e-01
7.52930338e-01  7.13524079e-01  9.47638914e-01  9.09672128e-01  4.32117495e-01  9.47568929e-01
8.22722324e-01  8.87903453e-01  5.97416297e-01  9.58837172e-01  6.97018802e-01  5.69950565e-01
8.71903914e-01  1.94056281e-01  8.80891432e-01  9.27995297e-01  1.31246278e-01  9.00917491e-01
9.39217638e-01  2.87321691e-01  5.91755876e-01  9.68192224e-01  1.88995217e-01  6.29575937e-01
7.82130912e-01  6.61312953e-01  8.82374170e-01  9.20767913e-01  3.99339143e-01  8.84138373e-01
8.39248255e-01  3.38302437e-01  8.98131552e-01  9.22368604e-01  2.36879458e-01  9.12125532e-01
8.30748800e-01  2.61451458e-01  9.76898034e-01  9.13483214e-01  1.67290507e-01  9.85485378e-01
8.20927445e-01  9.72503577e-01  5.48585246e-01  9.63226953e-01  8.55305102e-01  5.04536984e-01
1.00424586e+00  2.79715746e-01  3.75886314e-01  9.97496516e-01  2.88436263e-01  4.18267386e-01
8.90012049e-01  2.02252793e-01  8.14075225e-01  9.36838185e-01  1.45125160e-01  8.40947906e-01
8.49081078e-01  2.57544950e-01  9.17175351e-01  9.21752336e-01  1.70872525e-01  9.31618503e-01
8.50494934e-01  2.45997129e-01  9.19872080e-01  9.21925176e-01  1.55151644e-01  9.34211705e-01
8.10742349e-01  7.15744925e-01  7.49869629e-01  9.34463935e-01  5.92166241e-01  7.50917787e-01
8.38303348e-01  2.35401868e-01  9.68156684e-01  9.16207908e-01  1.26578557e-01  9.77599673e-01
8.28207060e-01  9.78779092e-01  5.19791720e-01  9.65487254e-01  9.32731117e-01  4.71815214e-01
8.47133784e-01  2.75189679e-01  9.12331473e-01  9.21819265e-01  1.89210574e-01  9.26871641e-01
8.28730937e-01  2.92437532e-01  9.63630771e-01  9.15000087e-01  1.79873862e-01  9.72796027e-01
9.62093497e-01  3.23536363e-01  4.90567327e-01  9.82107589e-01  2.43698449e-01  5.27472283e-01
7.42406732e-01  7.48354780e-01  9.60761734e-01  9.06865270e-01  4.56077884e-01  9.59925620e-01
7.48321064e-01  7.46060289e-01  9.42165801e-01  9.08845057e-01  4.80118267e-01  9.41570457e-01
9.45408944e-01  5.08727638e-01  4.26991227e-01  9.89795601e-01  4.21291876e-01  4.36365382e-01
8.53717520e-01  3.57455261e-01  8.36558421e-01  9.30328156e-01  2.63704431e-01  8.54771780e-01
8.29427003e-01  4.42517310e-01  8.63819310e-01  9.27209041e-01  2.60777339e-01  8.75461116e-01
7.73979539e-01  6.36346449e-01  9.26266877e-01  9.14744152e-01  3.75198839e-01  9.28447602e-01
9.25378774e-01  5.17633941e-01  4.89222772e-01  9.80067227e-01  4.09097072e-01  5.01613606e-01
7.96956383e-01  4.65368089e-01  9.59252629e-01  9.10541629e-01  3.30109712e-01  9.66011420e-01
8.98538894e-01  3.40042013e-01  6.95659871e-01  9.52882512e-01  2.08076424e-01  7.23249063e-01
8.12407389e-01  6.55764815e-01  7.83158247e-01  9.30870355e-01  5.30970516e-01  7.88368235e-01
8.30374680e-01  2.99056319e-01  9.53750966e-01  9.17108543e-01  1.62817338e-01  9.63292089e-01
8.96464494e-01  6.45760426e-01  5.04221085e-01  9.76062774e-01  5.23245258e-01  5.00414827e-01
9.66073747e-01  4.22243660e-01  4.12969742e-01  9.92075004e-01  3.65478451e-01  4.34890743e-01
9.44309201e-01  2.93022319e-01  5.70765448e-01  9.68971208e-01  2.48980050e-01  6.10458250e-01
8.69813696e-01  1.95067802e-01  8.87333007e-01  9.26931380e-01  1.35635270e-01  9.06706124e-01
7.55525081e-01  6.27363564e-01  9.94770755e-01  9.01063434e-01  4.53788443e-01  9.97667563e-01
7.65043644e-01  8.37469155e-01  8.26026197e-01  9.25166767e-01  5.59108500e-01  8.18315054e-01
8.61168750e-01  8.25317900e-01  5.07497390e-01  9.66536749e-01  8.52840788e-01  4.83895204e-01
8.98961794e-01  3.75347661e-01  6.71301773e-01  9.55483629e-01  2.45747252e-01  6.97701332e-01
7.87819619e-01  5.68053601e-01  9.23608171e-01  9.16479243e-01  3.29974112e-01  9.27970047e-01
8.90658545e-01  7.29726132e-01  4.69422552e-01  9.73167495e-01  7.90299507e-01  4.56104322e-01
8.61042680e-01  8.34935482e-01  5.01682008e-01  9.72215203e-01  7.50136804e-01  4.71666070e-01
8.51781364e-01  3.74058522e-01  8.32353289e-01  9.30572545e-01  2.76688677e-01  8.50147615e-01
9.67868798e-01  3.83524095e-01  4.32011939e-01  9.90099371e-01  3.12251253e-01  4.60089918e-01
9.17837683e-01  3.15156138e-01  6.46581032e-01  9.59029075e-01  2.27679307e-01  6.79738139e-01
7.79819018e-01  6.00749154e-01  9.29547320e-01  9.11024781e-01  4.50544356e-01  9.34556853e-01
7.92422147e-01  6.67703070e-01  8.43275809e-01  9.24718426e-01  4.54260731e-01  8.45875983e-01
7.93824267e-01  6.71410171e-01  8.36106197e-01  9.22952639e-01  5.27359059e-01  8.39987620e-01
9.63322067e-01  3.90808696e-01  4.42721262e-01  9.88190763e-01  3.20373755e-01  4.70415332e-01
7.61949207e-01  6.23475067e-01  9.75479799e-01  9.06887004e-01  3.80587819e-01  9.77560556e-01
7.63579742e-01  6.42530390e-01  9.57569439e-01  9.09148542e-01  3.95664138e-01  9.59509282e-01
8.42872754e-01  8.06631262e-01  5.81756011e-01  9.57782915e-01  7.40296704e-01  5.66521069e-01
8.29020049e-01  2.60081643e-01  9.83658828e-01  9.12715593e-01  1.62382062e-01  9.91563274e-01
9.90780305e-01  2.63728246e-01  4.31988182e-01  9.89900428e-01  2.43807273e-01  4.77479843e-01
8.45750166e-01  9.09216460e-01  5.05384015e-01  9.68671296e-01  8.70416305e-01  4.66070811e-01
8.91507496e-01  2.84903291e-01  7.55335532e-01  9.45009082e-01  1.70582986e-01  7.82561442e-01
9.74725115e-01  2.28472562e-01  5.09392815e-01  9.79021696e-01  1.98459713e-01  5.57909746e-01
7.60197023e-01  6.40751280e-01  9.70212081e-01  9.06150396e-01  4.22046805e-01  9.72522270e-01
8.88953643e-01  7.43732873e-01  4.66118146e-01  9.72646279e-01  8.26182172e-01  4.50998164e-01
8.94761009e-01  4.90069452e-01  6.11084522e-01  9.61935163e-01  3.60513977e-01  6.29313326e-01
8.67083886e-01  4.24717652e-01  7.47497639e-01  9.43358803e-01  2.82394133e-01  7.66817716e-01
9.63590412e-01  4.63514374e-01  3.94608390e-01  9.93555045e-01  4.32442731e-01  4.09635051e-01
7.80023966e-01  5.86153671e-01  9.38328479e-01  9.10548851e-01  4.26444775e-01  9.43282876e-01
8.36635175e-01  2.45788629e-01  9.67077393e-01  9.15689910e-01  1.44739167e-01  9.76645253e-01
8.28608727e-01  3.10877093e-01  9.52072463e-01  9.16302505e-01  1.90831290e-01  9.61864668e-01
7.46470766e-01  8.07183259e-01  9.08763069e-01  9.13737731e-01  5.02407992e-01  9.04949552e-01
8.34547622e-01  5.81404623e-01  7.56254177e-01  9.39205196e-01  4.03395833e-01  7.64961596e-01
8.40696789e-01  7.56063961e-01  6.21974723e-01  9.51245280e-01  7.06837768e-01  6.16317497e-01
9.50662978e-01  3.86271103e-01  4.88651730e-01  9.80886931e-01  3.14988564e-01  5.18514545e-01
8.65722043e-01  7.28049443e-01  5.55185517e-01  9.61206334e-01  7.21027412e-01  5.49107187e-01
8.57898879e-01  8.53422364e-01  5.00354682e-01  9.69657180e-01  8.29086619e-01  4.69480026e-01
9.65558728e-01  3.08609936e-01  4.88788905e-01  9.81788084e-01  2.51845225e-01  5.28119050e-01
8.89972693e-01  2.64326858e-01  7.73906879e-01  9.42793250e-01  1.53748755e-01  8.00733058e-01
8.31773922e-01  2.45118732e-01  9.84021907e-01  9.12414285e-01  1.67331763e-01  9.92329926e-01
7.65676292e-01  6.58327829e-01  9.40190869e-01  9.09025286e-01  4.69150267e-01  9.42997241e-01
7.72862555e-01  8.14461691e-01  8.14412445e-01  9.28064527e-01  5.26899723e-01  8.07317807e-01
7.95537886e-01  8.90219771e-01  6.88223519e-01  9.44855199e-01  6.57891583e-01  6.68814334e-01
9.79119938e-01  3.79483561e-01  3.96431441e-01  9.94722622e-01  3.39978387e-01  4.23918254e-01
8.37675287e-01  3.33436337e-01  9.06633835e-01  9.23033475e-01  1.88399447e-01  9.19276859e-01
8.28320804e-01  7.62275152e-01  6.59967444e-01  9.46214171e-01  6.79633812e-01  6.54981661e-01
8.97090288e-01  6.84155816e-01  4.77168866e-01  9.79018814e-01  5.89065707e-01  4.65964420e-01
8.32061674e-01  9.01300405e-01  5.57004851e-01  9.63508972e-01  7.64899516e-01  5.24013664e-01
9.03878317e-01  2.18667706e-01  7.56330036e-01  9.44537939e-01  1.59935210e-01  7.88089427e-01
9.13732253e-01  5.93910227e-01  4.79248681e-01  9.74861151e-01  6.19620325e-01  4.85429146e-01
8.17303320e-01  9.74876882e-01  5.59350640e-01  9.61049311e-01  8.61673112e-01  5.17000500e-01
7.70313230e-01  5.76369633e-01  9.77659874e-01  9.04605915e-01  4.24487225e-01  9.81851291e-01
8.50355792e-01  7.63159070e-01  5.84569534e-01  9.56465052e-01  7.35760788e-01  5.76039044e-01
7.92661121e-01  8.53046681e-01  7.22127379e-01  9.40794289e-01  6.01120303e-01  7.08219221e-01
9.02622805e-01  2.83031714e-01  7.18805499e-01  9.49978882e-01  1.77311905e-01  7.49110549e-01
9.41805214e-01  4.29526698e-01  4.90943931e-01  9.78749801e-01  3.83866349e-01  5.16517295e-01
9.33238150e-01  3.35151909e-01  5.81007363e-01  9.69466574e-01  2.18672054e-01  6.14417715e-01
8.76378362e-01  2.89081375e-01  8.03998857e-01  9.38078412e-01  1.70558893e-01  8.27007125e-01
8.60147058e-01  7.78725378e-01  5.41216671e-01  9.68724040e-01  6.29305544e-01  5.22499285e-01
8.32260803e-01  8.68794852e-01  5.77431871e-01  9.57560799e-01  8.00287546e-01  5.53821043e-01
7.83698273e-01  5.56029318e-01  9.45410303e-01  9.10036397e-01  4.07730977e-01  9.50975033e-01
9.07147307e-01  2.54963380e-01  7.21664202e-01  9.48539076e-01  1.93904551e-01  7.54436003e-01
8.81358078e-01  7.12162725e-01  5.12406368e-01  9.73570493e-01  5.91056019e-01  5.00429785e-01
9.04801618e-01  2.11149916e-01  7.58075639e-01  9.44354017e-01  1.56278971e-01  7.90129592e-01
9.03467906e-01  3.37120762e-01  6.80818949e-01  9.55127356e-01  2.05581703e-01  7.09442461e-01
9.62675105e-01  4.27014892e-01  4.21412196e-01  9.87698585e-01  4.38183389e-01  4.45834289e-01
7.58832415e-01  6.60715552e-01  9.61882704e-01  9.05647043e-01  4.70115673e-01  9.64431988e-01
9.42484135e-01  2.76549750e-01  5.87657088e-01  9.66915856e-01  2.30249703e-01  6.28046959e-01
8.30253451e-01  5.56107958e-01  7.87259628e-01  9.32578510e-01  4.42162681e-01  7.98324853e-01
9.26296642e-01  3.74530755e-01  5.79012235e-01  9.69031118e-01  2.54840206e-01  6.08694370e-01
8.36366988e-01  3.56551391e-01  8.96068267e-01  9.24216110e-01  2.00908842e-01  9.08748252e-01
9.56417758e-01  4.47689284e-01  4.29237263e-01  9.88368611e-01  4.05143550e-01  4.49316979e-01
8.43552302e-01  2.65724743e-01  9.30640243e-01  9.19474959e-01  1.81595641e-01  9.43696746e-01
9.84895429e-01  3.68305948e-01  3.84077256e-01  9.96235668e-01  3.45664080e-01  4.12878200e-01
8.68974159e-01  4.88781634e-01  6.99485506e-01  9.50404311e-01  3.08841340e-01  7.15414853e-01
8.59981088e-01  3.22307828e-01  8.38109177e-01  9.32623403e-01  1.92559779e-01  8.56805204e-01
9.19125677e-01  3.30114524e-01  6.32198710e-01  9.62093917e-01  2.08757363e-01  6.64025239e-01
8.54336278e-01  3.18613855e-01  8.59973954e-01  9.28111152e-01  2.28504111e-01  8.77791567e-01
7.74053077e-01  6.26491837e-01  9.32413924e-01  9.10217229e-01  4.64129466e-01  9.36536412e-01
8.02550287e-01  5.54420777e-01  8.82432641e-01  9.19070257e-01  4.19160951e-01  8.90357022e-01
8.85974304e-01  7.51243660e-01  4.71358534e-01  9.71596784e-01  8.34194875e-01  4.55840897e-01
8.65032749e-01  7.32295984e-01  5.54769079e-01  9.60859517e-01  7.33508021e-01  5.48392522e-01
9.41321930e-01  2.62198550e-01  6.00920718e-01  9.65440770e-01  2.12155295e-01  6.41765320e-01
7.91001617e-01  5.91009760e-01  8.97894777e-01  9.15949439e-01  4.46109904e-01  9.04023113e-01
8.48063926e-01  9.31187922e-01  4.83262644e-01  9.68536797e-01  9.86567702e-01  4.39586842e-01
8.64066615e-01  4.40613685e-01  7.47423068e-01  9.43064822e-01  2.95013928e-01  7.65731470e-01
9.01460011e-01  5.89063958e-01  5.24067082e-01  9.73798297e-01  4.63257896e-01  5.29057751e-01
8.23739524e-01  9.05836205e-01  5.82318913e-01  9.57322714e-01  8.07876965e-01  5.53560769e-01
8.47031431e-01  9.10890216e-01  4.99946874e-01  9.71281489e-01  8.33948010e-01  4.57920610e-01
7.63471093e-01  6.46763767e-01  9.55189851e-01  9.09826608e-01  3.88385265e-01  9.56875186e-01
8.44666876e-01  2.87608804e-01  9.12645396e-01  9.21520748e-01  1.97576972e-01  9.26815919e-01
8.20865043e-01  6.02673114e-01  7.88908692e-01  9.33034839e-01  4.38501924e-01  7.96260730e-01
8.35782289e-01  8.45048482e-01  5.80891175e-01  9.58098431e-01  7.58758137e-01  5.60151454e-01
8.56547259e-01  3.04878812e-01  8.61086100e-01  9.28533021e-01  2.08954423e-01  8.79173215e-01
8.47491188e-01  8.03635806e-01  5.68018911e-01  9.64399297e-01  6.36597396e-01  5.48512309e-01
9.20646318e-01  2.30432786e-01  6.91751613e-01  9.53248782e-01  1.75446757e-01  7.28583003e-01
8.28947738e-01  2.79128766e-01  9.71536201e-01  9.13840403e-01  1.79349051e-01  9.80355780e-01
7.73902113e-01  6.19141881e-01  9.37698899e-01  9.09404012e-01  4.63034798e-01  9.42008675e-01
7.56398515e-01  7.33731424e-01  9.22740064e-01  9.12659748e-01  4.59097100e-01  9.22059329e-01
9.28760124e-01  4.21999598e-01  5.39829201e-01  9.74277186e-01  2.98505067e-01  5.64776473e-01
8.11931166e-01  8.84659382e-01  6.36166144e-01  9.53015740e-01  6.73130721e-01  6.12901378e-01
9.86965958e-01  3.14538768e-01  4.11953112e-01  9.93372970e-01  2.68960430e-01  4.49292331e-01
7.91179285e-01  8.82185764e-01  7.08240624e-01  9.42327353e-01  6.33237485e-01  6.90827457e-01
8.48691143e-01  8.03829328e-01  5.64116118e-01  9.64457409e-01  6.53521989e-01  5.44671186e-01
9.11145115e-01  3.55112655e-01  6.43068445e-01  9.60268663e-01  2.23843085e-01  6.72176915e-01
7.42470320e-01  7.82459380e-01  9.38401576e-01  9.09537088e-01  4.83878583e-01  9.36247628e-01
8.02209794e-01  6.55363678e-01  8.18050335e-01  9.30369283e-01  4.07849734e-01  8.20569417e-01
8.66989509e-01  3.51138316e-01  7.95590097e-01  9.37240684e-01  2.37660325e-01  8.16579913e-01
9.51623034e-01  2.68262529e-01  5.62005374e-01  9.71387491e-01  2.10854714e-01  6.03941437e-01
7.56127691e-01  7.58885872e-01  9.07327266e-01  9.14736860e-01  4.73116155e-01  9.05439721e-01
7.94769014e-01  6.01831834e-01  8.78074058e-01  9.18599753e-01  4.57637251e-01  8.84314762e-01
8.18092607e-01  7.01447859e-01  7.34191924e-01  9.36454599e-01  5.99296249e-01  7.36474879e-01
8.40714201e-01  3.97494322e-01  8.54720131e-01  9.26873328e-01  2.93116137e-01  8.69999662e-01
8.38272285e-01  7.63245872e-01  6.25546079e-01  9.56424874e-01  5.70558025e-01  6.15192008e-01
9.41113416e-01  3.67935988e-01  5.32981321e-01  9.73103311e-01  3.24683324e-01  5.66139883e-01
7.64307209e-01  6.11757490e-01  9.75080321e-01  9.07384080e-01  3.68086466e-01  9.77316657e-01
7.85058374e-01  9.08975913e-01  7.11632259e-01  9.41163597e-01  6.59688798e-01  6.92061677e-01
7.91380104e-01  5.64757298e-01  9.13655485e-01  9.15043737e-01  4.03763848e-01  9.19800998e-01
8.94616105e-01  6.93713302e-01  4.79364620e-01  9.71925079e-01  7.53775723e-01  4.72669603e-01
8.29428917e-01  7.66834959e-01  6.53244179e-01  9.47095079e-01  6.87309380e-01  6.47526164e-01
8.57401413e-01  8.59220453e-01  4.98279310e-01  9.66762988e-01  9.10214875e-01  4.68936567e-01
8.41522382e-01  2.27708409e-01  9.62219734e-01  9.16946079e-01  1.28160297e-01  9.72493920e-01
7.63373258e-01  6.07800047e-01  9.80820395e-01  9.03533987e-01  4.43158333e-01  9.84328608e-01
8.26556219e-01  5.83566573e-01  7.81987279e-01  9.33732068e-01  4.41792947e-01  7.91015202e-01
8.05288407e-01  6.77482012e-01  7.93233001e-01  9.28957294e-01  5.46210096e-01  7.97046812e-01
8.51016279e-01  8.98580283e-01  4.94407397e-01  9.68004721e-01  9.26016520e-01  4.57254439e-01
8.99696010e-01  2.52691686e-01  7.48442039e-01  9.45077323e-01  1.84104521e-01  7.78940306e-01
7.62587909e-01  8.01705078e-01  8.57586300e-01  9.20680486e-01  5.33477535e-01  8.53116308e-01
9.68748164e-01  3.70138207e-01  4.37716105e-01  9.86389499e-01  3.69518873e-01  4.70394196e-01
7.97131048e-01  6.88169687e-01  8.13995398e-01  9.26371328e-01  5.32845027e-01  8.16774986e-01
9.81609071e-01  3.96269616e-01  3.77081712e-01  9.95372603e-01  4.12894228e-01  4.02583586e-01
8.76719604e-01  8.10932562e-01  4.64032682e-01  9.77187052e-01  7.77422935e-01  4.33363094e-01
8.60670973e-01  2.65260623e-01  8.72805847e-01  9.27786782e-01  1.78075891e-01  8.91228528e-01
8.32799243e-01  2.49295682e-01  9.77827641e-01  9.13822507e-01  1.54091627e-01  9.86417457e-01
8.97662638e-01  2.40849919e-01  7.63035301e-01  9.43294813e-01  1.73405508e-01  7.92888911e-01
8.12146888e-01  8.33360950e-01  6.69036503e-01  9.48726029e-01  6.17475844e-01  6.54026449e-01
8.11401304e-01  3.73965974e-01  9.69546056e-01  9.12328133e-01  2.35477798e-01  9.76837186e-01
9.42473746e-01  5.56427064e-01  4.05990296e-01  9.87873004e-01  5.85017001e-01  4.10145836e-01
8.42380321e-01  7.64838845e-01  6.10561206e-01  9.53833956e-01  6.94799600e-01  6.02553334e-01
8.05444707e-01  8.86126448e-01  6.57240037e-01  9.50050364e-01  6.57987290e-01  6.35480593e-01
9.35661467e-01  3.47388392e-01  5.64833947e-01  9.69038678e-01  2.94414079e-01  5.99328612e-01
8.61063353e-01  7.27344890e-01  5.71462111e-01  9.58671697e-01  7.15619992e-01  5.66632171e-01
8.70381424e-01  4.01377975e-01  7.51452590e-01  9.41273568e-01  3.12349121e-01  7.73135610e-01
7.71605010e-01  5.77976118e-01  9.72230092e-01  9.06321500e-01  4.02008856e-01  9.76143102e-01
7.43519585e-01  6.93517079e-01  9.92588615e-01  9.01917250e-01  4.47649572e-01  9.93638052e-01
8.77553925e-01  8.25904248e-01  4.51777153e-01  9.76805183e-01  8.52482404e-01  4.18656001e-01
7.90276898e-01  4.87814333e-01  9.67362038e-01  9.08620521e-01  3.51188274e-01  9.73367036e-01
7.59883019e-01  6.31384386e-01  9.77361522e-01  9.07252254e-01  3.64909857e-01  9.78909888e-01
7.58995996e-01  6.17062671e-01  9.89672252e-01  9.03367469e-01  4.13976279e-01  9.92267347e-01
9.74345120e-01  4.13775821e-01  3.90381305e-01  9.92103196e-01  4.48508954e-01  4.15161523e-01
7.79196947e-01  5.64388791e-01  9.55270493e-01  9.11060909e-01  3.45171781e-01  9.59135255e-01
9.22917887e-01  3.05776393e-01  6.35122226e-01  9.60005481e-01  2.39489374e-01  6.70180651e-01
7.80451764e-01  8.32897354e-01  7.76670327e-01  9.32552745e-01  5.74400993e-01  7.67355107e-01
7.97755327e-01  4.98127798e-01  9.35267762e-01  9.13059379e-01  3.61006372e-01  9.42592378e-01
7.34431746e-01  7.45290332e-01  9.89834962e-01  9.02316166e-01  4.54296585e-01  9.89515020e-01
9.36313832e-01  2.81488372e-01  6.05403289e-01  9.66312698e-01  1.82824107e-01  6.43080319e-01
8.30760745e-01  7.33824834e-01  6.70154841e-01  9.50903530e-01  5.11216785e-01  6.64566018e-01
8.83931851e-01  6.80362115e-01  5.24311931e-01  9.66498136e-01  6.90979293e-01  5.22251187e-01
8.12335404e-01  5.74391892e-01  8.36235958e-01  9.25293110e-01  4.43156727e-01  8.44805474e-01
8.52491577e-01  7.09404434e-01  6.12216679e-01  9.54373841e-01  6.46231705e-01  6.10526478e-01
8.18288752e-01  3.75322507e-01  9.45275052e-01  9.17001178e-01  2.06273088e-01  9.53748815e-01
8.33310718e-01  8.53421641e-01  5.83848247e-01  9.60804349e-01  6.86438679e-01  5.59828185e-01
7.60657487e-01  6.16625018e-01  9.84314615e-01  9.05940726e-01  3.69364127e-01  9.86270982e-01
9.09225311e-01  6.37850712e-01  4.66025235e-01  9.75618936e-01  6.83799009e-01  4.65460229e-01
9.80717855e-01  3.55474189e-01  4.06592953e-01  9.94590588e-01  2.87357990e-01  4.37153645e-01
8.35421700e-01  3.06967080e-01  9.31473956e-01  9.20015180e-01  1.70717839e-01  9.42793908e-01
8.59823097e-01  2.03955840e-01  9.15490597e-01  9.22906781e-01  1.39614861e-01  9.31575604e-01
7.48130365e-01  8.41921639e-01  8.80571847e-01  9.17236211e-01  5.36785285e-01  8.74422647e-01
8.67109660e-01  2.18402351e-01  8.81364852e-01  9.27304675e-01  1.51301245e-01  9.00623946e-01
8.32293102e-01  7.77179372e-01  6.36802261e-01  9.49502041e-01  7.00063563e-01  6.29089969e-01
7.66692864e-01  7.95318157e-01  8.47792951e-01  9.22064555e-01  5.36558154e-01  8.43516176e-01
9.22365128e-01  4.89089745e-01  5.17987474e-01  9.76573929e-01  3.63392161e-01  5.34772978e-01
9.74913190e-01  3.41627695e-01  4.35292181e-01  9.89772974e-01  2.81246011e-01  4.69482548e-01
8.07190469e-01  8.84912082e-01  6.52099773e-01  9.48866864e-01  7.07507449e-01  6.31410066e-01
7.69756555e-01  7.00866262e-01  8.98715127e-01  9.16531637e-01  4.50249927e-01  8.99315155e-01
8.09651681e-01  6.41602291e-01  8.01711527e-01  9.28564075e-01  5.12249787e-01  8.07563986e-01
9.92439658e-01  3.37891741e-01  3.78206044e-01  9.99048604e-01  2.82275561e-01  4.09766074e-01
7.62356480e-01  5.91598940e-01  9.94794598e-01  9.04728723e-01  3.56736971e-01  9.97015772e-01
9.08953660e-01  5.38563512e-01  5.31407253e-01  9.69582685e-01  5.06482473e-01  5.45911113e-01
9.72651594e-01  3.41020412e-01  4.43365745e-01  9.88170622e-01  2.87917678e-01  4.78185872e-01
9.58083164e-01  4.75473511e-01  4.05544324e-01  9.90793515e-01  4.61315597e-01  4.20543839e-01
8.53300185e-01  2.14006327e-01  9.31117436e-01  9.21201144e-01  1.28986841e-01  9.45014867e-01
8.69772017e-01  4.23655039e-01  7.39357181e-01  9.45534457e-01  2.60206590e-01  7.58607464e-01
9.19817295e-01  6.53071257e-01  4.20178472e-01  9.87919395e-01  5.95985945e-01  4.07265878e-01
7.58973915e-01  6.11153738e-01  9.93584609e-01  9.04112912e-01  3.79122747e-01  9.95693723e-01
9.04062676e-01  2.25868879e-01  7.51028613e-01  9.45201797e-01  1.64130420e-01  7.82844983e-01
9.73552745e-01  3.56091071e-01  4.30521608e-01  9.87936285e-01  3.51922232e-01  4.64619313e-01
8.35743526e-01  2.37219861e-01  9.75669534e-01  9.14331072e-01  1.47662756e-01  9.84670098e-01
8.11870264e-01  8.98034063e-01  6.27689084e-01  9.52295744e-01  7.33260021e-01  6.03361082e-01
9.92782200e-01  3.13088628e-01  3.93145288e-01  9.94689863e-01  3.09531385e-01  4.31296669e-01
8.55262014e-01  6.71777997e-01  6.27237564e-01  9.52474774e-01  6.14033099e-01  6.30284063e-01
9.44366606e-01  3.21020440e-01  5.52393588e-01  9.71877004e-01  2.58980282e-01  5.89471995e-01
8.36123840e-01  9.17824179e-01  5.32483242e-01  9.66068094e-01  8.20474549e-01  4.94520378e-01
8.85156193e-01  4.81254005e-01  6.49720042e-01  9.55683408e-01  3.65310534e-01  6.68786265e-01
9.82308512e-01  3.17835655e-01  4.25627155e-01  9.90364628e-01  2.89622417e-01  4.63716821e-01
8.15181857e-01  3.54770089e-01  9.69170775e-01  9.11891211e-01  2.45801937e-01  9.77208007e-01
7.60325847e-01  6.35253003e-01  9.73343904e-01  9.03960723e-01  4.64720588e-01  9.76515378e-01
8.16643196e-01  9.16154974e-01  5.99717104e-01  9.57901409e-01  7.26433774e-01  5.69025149e-01
9.46899358e-01  2.79972364e-01  5.70442686e-01  9.69441560e-01  2.32788719e-01  6.11254481e-01
8.58024100e-01  8.25747125e-01  5.17897184e-01  9.69049122e-01  7.49763677e-01  4.92054433e-01
8.53944708e-01  2.57546184e-01  9.00657792e-01  9.24987900e-01  1.47995593e-01  9.16257819e-01
8.16422409e-01  5.73514290e-01  8.22927069e-01  9.28162887e-01  4.21792761e-01  8.31434235e-01
8.98735484e-01  2.96423053e-01  7.23311078e-01  9.47743327e-01  2.20862381e-01  7.53191299e-01
7.44576297e-01  8.40235234e-01  8.93736372e-01  9.15419802e-01  5.28330820e-01  8.88060321e-01
8.46832382e-01  4.76068695e-01  7.82927490e-01  9.36400941e-01  3.39690509e-01  7.97941788e-01
8.95900948e-01  5.55797129e-01  5.64541171e-01  9.67583353e-01  4.34947830e-01  5.75572728e-01
9.00593726e-01  2.85835263e-01  7.23874984e-01  9.47620688e-01  2.18523053e-01  7.54528449e-01
8.53561062e-01  2.40328038e-01  9.13140086e-01  9.22584161e-01  1.61587659e-01  9.28470804e-01
9.19224536e-01  2.67428292e-01  6.72560873e-01  9.56247552e-01  1.82593054e-01  7.07672294e-01
8.42281712e-01  4.77503368e-01  7.97450346e-01  9.36424404e-01  2.85349580e-01  8.10585688e-01
8.65963143e-01  2.12189676e-01  8.89292546e-01  9.26796815e-01  1.35045330e-01  9.07707873e-01
9.30309697e-01  4.25305810e-01  5.32420985e-01  9.75272127e-01  3.04423734e-01  5.57003509e-01
7.97982270e-01  6.42961745e-01  8.40456934e-01  9.22961089e-01  5.02834103e-01  8.45707776e-01
8.97221203e-01  2.67026449e-01  7.47539010e-01  9.44864035e-01  1.96806897e-01  7.77317203e-01
9.02916940e-01  4.12090178e-01  6.34313860e-01  9.58762283e-01  3.18474710e-01  6.60071718e-01
9.57142564e-01  3.40581999e-01  4.96312257e-01  9.81490292e-01  2.46209527e-01  5.30839121e-01
8.11798099e-01  4.60331420e-01  9.12119182e-01  9.17208890e-01  3.36714221e-01  9.21704482e-01
8.55963906e-01  7.48901869e-01  5.74782609e-01  9.58285143e-01  7.23679668e-01  5.67213149e-01
8.06297708e-01  9.32974596e-01  6.23927322e-01  9.53762815e-01  7.33146942e-01  5.93980934e-01
8.40167933e-01  7.50061194e-01  6.27667719e-01  9.50235449e-01  7.05395939e-01  6.23131947e-01
8.42609854e-01  7.14016069e-01  6.42777671e-01  9.48943484e-01  6.58815932e-01  6.42382811e-01
8.36937867e-01  3.40494664e-01  9.04555175e-01  9.23253635e-01  1.91561143e-01  9.17120733e-01
1.00218684e+00  3.04932032e-01  3.66507053e-01  9.98321392e-01  3.22532962e-01  4.04950777e-01
8.45772215e-01  3.71220149e-01  8.54602880e-01  9.27585390e-01  2.70007908e-01  8.70874612e-01
8.97804741e-01  2.84686405e-01  7.34092308e-01  9.48116820e-01  1.69288676e-01  7.62939195e-01
9.52202325e-01  4.34214909e-01  4.52596365e-01  9.85552045e-01  3.73330847e-01  4.75382546e-01
9.36963410e-01  3.23490096e-01  5.75928878e-01  9.70005881e-01  2.18909044e-01  6.10903913e-01
7.75308305e-01  5.73608762e-01  9.62488956e-01  9.07518169e-01  4.08570136e-01  9.66924905e-01
8.14761792e-01  7.28446608e-01  7.27973964e-01  9.38049860e-01  5.94729141e-01  7.27321316e-01
8.61458721e-01  7.84198751e-01  5.33208311e-01  9.62519794e-01  8.13724853e-01  5.18860837e-01
8.89256260e-01  7.40158777e-01  4.67411367e-01  9.77608232e-01  7.01763035e-01  4.48475703e-01
8.31088408e-01  2.83247577e-01  9.61591831e-01  9.15711956e-01  1.68089454e-01  9.71006012e-01
7.57603687e-01  6.94829745e-01  9.43905324e-01  9.08597559e-01  4.71179085e-01  9.45262221e-01
8.41953529e-01  9.22900863e-01  5.09391795e-01  9.69236372e-01  8.49539737e-01  4.67362747e-01
9.03509664e-01  2.18284474e-01  7.57830688e-01  9.44243018e-01  1.61888997e-01  7.89520466e-01
1.00153403e+00  2.58298310e-01  3.98998827e-01  9.94753524e-01  2.50487691e-01  4.44789589e-01
9.46618023e-01  4.82739795e-01  4.39757437e-01  9.87518541e-01  4.06419437e-01  4.54467118e-01
9.65782732e-01  4.05635582e-01  4.24740125e-01  9.90750587e-01  3.39385139e-01  4.49526068e-01
9.04689757e-01  2.54055822e-01  7.30599209e-01  9.48793256e-01  1.55550312e-01  7.61836483e-01
8.35922752e-01  2.33415090e-01  9.77531466e-01  9.14191777e-01  1.44168444e-01  9.86386041e-01
9.42053058e-01  5.04329604e-01  4.41241197e-01  9.82577507e-01  5.31065329e-01  4.56802056e-01
9.85725995e-01  2.55898651e-01  4.54233346e-01  9.86783845e-01  2.30138612e-01  5.00681140e-01
7.67173446e-01  7.05591778e-01  9.04418245e-01  9.13848633e-01  4.96328318e-01  9.05669918e-01
8.90765125e-01  6.48638709e-01  5.21705305e-01  9.73835897e-01  5.07280293e-01  5.18452082e-01
9.32548719e-01  3.41866438e-01  5.78988686e-01  9.67439870e-01  2.78423195e-01  6.13344980e-01
9.55326052e-01  4.86438066e-01  4.07787970e-01  9.92369775e-01  4.23063745e-01  4.19442984e-01
8.57222962e-01  8.62762291e-01  4.96586362e-01  9.72575975e-01  7.83211689e-01  4.61565771e-01
7.96534981e-01  5.76331909e-01  8.88931878e-01  9.18799902e-01  4.07847086e-01  8.95270620e-01
8.49167382e-01  9.35989418e-01  4.76398544e-01  9.69992563e-01  9.86529978e-01  4.30261563e-01
9.16272783e-01  3.63544311e-01  6.20182434e-01  9.63351822e-01  2.35941549e-01  6.49559292e-01
8.85064798e-01  2.74782931e-01  7.83784375e-01  9.40896841e-01  1.68675655e-01  8.09378509e-01
9.54026035e-01  2.92265683e-01  5.38262389e-01  9.74546118e-01  2.32472563e-01  5.78598809e-01
9.94517061e-01  3.44387072e-01  3.66935230e-01  9.98329536e-01  3.47911758e-01  3.98923447e-01
8.40948400e-01  2.62477336e-01  9.41592116e-01  9.18202660e-01  1.74190940e-01  9.53598448e-01
8.02745763e-01  9.17684660e-01  6.45915608e-01  9.50318364e-01  7.15271951e-01  6.20275031e-01
8.67121347e-01  3.05500396e-01  8.24773543e-01  9.33400606e-01  2.17221369e-01  8.46015185e-01
9.87000024e-01  3.16251979e-01  4.10725192e-01  9.93390948e-01  2.74342103e-01  4.47910011e-01
9.82488445e-01  3.73723719e-01  3.88732867e-01  9.94198368e-01  3.78637950e-01  4.18177808e-01
8.12655572e-01  9.43411773e-01  5.95561469e-01  9.57243033e-01  7.76295789e-01  5.61507107e-01
8.41517049e-01  9.44011033e-01  4.97168272e-01  9.67635377e-01  9.56218047e-01  4.52512048e-01
7.33737122e-01  7.93906973e-01  9.60626989e-01  9.06260074e-01  4.78680681e-01  9.58484408e-01
8.02560018e-01  3.89262807e-01  9.89639485e-01  9.07984950e-01  2.73422699e-01  9.95752587e-01
8.40991662e-01  2.26132174e-01  9.65045762e-01  9.16761147e-01  1.22609987e-01  9.74986579e-01
7.54337322e-01  6.43406934e-01  9.88388686e-01  9.05081083e-01  3.78265690e-01  9.89687336e-01
7.71069229e-01  6.74940628e-01  9.11089417e-01  9.12629112e-01  4.94883807e-01  9.13829824e-01
8.89557788e-01  4.66631181e-01  6.43969274e-01  9.54922750e-01  3.97316294e-01  6.65611891e-01
8.74595921e-01  7.98664424e-01  4.79208118e-01  9.69460845e-01  8.84873753e-01  4.57604535e-01
8.94888658e-01  2.75828552e-01  7.49745506e-01  9.45649547e-01  1.71981748e-01  7.78125408e-01
8.58640702e-01  1.85368394e-01  9.31575339e-01  9.21122992e-01  1.25476415e-01  9.46342537e-01
8.95140258e-01  4.09861201e-01  6.61870251e-01  9.53662543e-01  3.38530580e-01  6.87532969e-01
8.34973871e-01  3.40933208e-01  9.10940229e-01  9.22288091e-01  1.92823322e-01  9.23014800e-01
8.45176958e-01  3.76259003e-01  8.53353650e-01  9.29740116e-01  2.21478126e-01  8.68484448e-01
7.68641544e-01  5.90275472e-01  9.74307806e-01  9.04975864e-01  4.29672124e-01  9.78258285e-01
9.12340373e-01  2.88228743e-01  6.82433050e-01  9.54815573e-01  1.89912125e-01  7.15130927e-01
7.56558537e-01  7.38666804e-01  9.18992389e-01  9.13662637e-01  4.49634788e-01  9.17856515e-01
7.66266108e-01  6.60816156e-01  9.36572363e-01  9.09999575e-01  4.59057090e-01  9.39126336e-01
8.72302254e-01  4.39588589e-01  7.20121470e-01  9.44815845e-01  3.52310772e-01  7.41013626e-01
9.12360395e-01  6.40079088e-01  4.53933482e-01  9.81684591e-01  5.92074129e-01  4.48163531e-01
8.07965885e-01  5.38765764e-01  8.74206068e-01  9.20620042e-01  4.08070077e-01  8.83030896e-01
8.53584475e-01  8.71868279e-01  5.03028955e-01  9.67245223e-01  8.87474871e-01  4.71198389e-01
7.93112020e-01  6.29838364e-01  8.65516902e-01  9.19943712e-01  4.78452002e-01  8.70796294e-01
8.93896976e-01  6.91396541e-01  4.83311210e-01  9.78204833e-01  5.87744422e-01  4.71494643e-01
8.82426078e-01  7.76992138e-01  4.66690778e-01  9.77361358e-01  7.37033009e-01  4.41754759e-01
7.68309201e-01  8.90796147e-01  7.80313218e-01  9.31422220e-01  6.08311802e-01  7.66619949e-01
7.69135867e-01  6.45371498e-01  9.36854328e-01  9.09165729e-01  4.76545604e-01  9.40355458e-01
7.73458665e-01  5.53853522e-01  9.81895570e-01  9.04755686e-01  4.04038374e-01  9.86221874e-01
8.95101402e-01  7.24331241e-01  4.57839136e-01  9.76929178e-01  7.46620969e-01  4.42268486e-01
9.09501201e-01  6.91465921e-01  4.30280377e-01  9.78808346e-01  7.94282314e-01  4.18998298e-01
7.91545249e-01  5.32210892e-01  9.34524830e-01  9.12761307e-01  3.78780186e-01  9.40835027e-01
9.98185499e-01  2.43553859e-01  4.19941101e-01  9.91579353e-01  2.37259179e-01  4.68256459e-01
8.24094615e-01  8.38624013e-01  6.24749827e-01  9.51742900e-01  7.26681185e-01  6.08454818e-01
8.49701057e-01  1.83344190e-01  9.63250345e-01  9.16943866e-01  1.19670467e-01  9.74507062e-01
8.67596795e-01  2.09101656e-01  8.85749746e-01  9.27500918e-01  1.29239145e-01  9.04560104e-01
9.36115576e-01  2.40822506e-01  6.32477573e-01  9.61340205e-01  1.90676441e-01  6.73115062e-01
9.69638808e-01  3.92501740e-01  4.20173262e-01  9.90187781e-01  3.62001015e-01  4.47810082e-01
8.31897738e-01  6.13699939e-01  7.44283658e-01  9.37484973e-01  5.02889559e-01  7.52566487e-01
9.36973661e-01  5.13490217e-01  4.52541664e-01  9.85113843e-01  4.32266733e-01  4.63800299e-01
8.79674044e-01  7.83637688e-01  4.71721287e-01  9.78537273e-01  6.92842091e-01  4.44619135e-01
9.57737719e-01  4.80963938e-01  4.03152963e-01  9.93289216e-01  4.16460815e-01  4.15102235e-01
9.57184968e-01  3.57339727e-01  4.85288565e-01  9.80666735e-01  3.16725280e-01  5.19517535e-01
7.84104645e-01  5.18604516e-01  9.68629305e-01  9.09408005e-01  3.32332685e-01  9.73273283e-01
8.37507627e-01  7.18068835e-01  6.57472113e-01  9.46787592e-01  6.54982643e-01  6.57108823e-01
9.31574421e-01  2.94667448e-01  6.12940299e-01  9.64771870e-01  1.98683109e-01  6.49226190e-01
7.58789058e-01  7.74994157e-01  8.87829909e-01  9.16475033e-01  5.10937129e-01  8.85389355e-01
8.69722532e-01  5.32741582e-01  6.68403082e-01  9.53171270e-01  3.75532943e-01  6.81971047e-01
8.12012897e-01  3.70022706e-01  9.70029939e-01  9.13319666e-01  2.08037897e-01  9.76940006e-01
8.80562535e-01  6.18389490e-01  5.75987284e-01  9.60851854e-01  5.85595487e-01  5.83266125e-01
7.63006533e-01  7.90392562e-01  8.63510063e-01  9.20747891e-01  5.05019572e-01  8.59384461e-01
8.21877518e-01  5.33163310e-01  8.30898586e-01  9.27927521e-01  3.89138245e-01  8.41148052e-01
8.53641630e-01  8.88590893e-01  4.91978559e-01  9.73076167e-01  8.10196133e-01  4.52005463e-01
8.90437349e-01  2.60540918e-01  7.74786875e-01  9.42329909e-01  1.61153985e-01  8.01960509e-01
8.11278245e-01  3.79076027e-01  9.66645575e-01  9.11989512e-01  2.55354872e-01  9.74328412e-01
8.95070996e-01  7.31413905e-01  4.53343978e-01  9.74641648e-01  8.24117911e-01  4.38690147e-01
9.60472642e-01  4.33061902e-01  4.24964980e-01  9.87951384e-01  4.22231249e-01  4.47969099e-01
9.41269536e-01  5.42783459e-01  4.18936800e-01  9.84830522e-01  5.93625670e-01  4.27626988e-01
9.27570507e-01  6.04931921e-01  4.25104870e-01  9.86584059e-01  5.71399963e-01  4.21616305e-01
8.87322506e-01  7.58060883e-01  4.62355250e-01  9.79404394e-01  6.93855126e-01  4.38820776e-01
7.55814593e-01  8.05578510e-01  8.78073438e-01  9.18044180e-01  5.17891459e-01  8.73690358e-01
9.92212127e-01  2.37832300e-01  4.43938369e-01  9.88278108e-01  2.22589395e-01  4.92877478e-01
8.08841893e-01  4.13543251e-01  9.52540092e-01  9.14988274e-01  2.35584433e-01  9.59754610e-01
7.71039414e-01  7.48604087e-01  8.63362215e-01  9.19206309e-01  5.33799058e-01  8.62493233e-01
8.39523253e-01  2.45847049e-01  9.57230629e-01  9.16246374e-01  1.65835338e-01  9.68109942e-01
8.56421414e-01  8.62552425e-01  4.99443783e-01  9.66382164e-01  9.16560505e-01  4.69884359e-01
9.82137805e-01  3.20032484e-01  4.24780621e-01  9.90963094e-01  2.80073477e-01  4.62127711e-01
9.53639541e-01  4.49838403e-01  4.37275710e-01  9.88750557e-01  3.65813500e-01  4.56127760e-01
9.44282466e-01  3.73221586e-01  5.18788995e-01  9.74833625e-01  3.38962231e-01  5.51683433e-01
9.90241715e-01  2.68833715e-01  4.30502442e-01  9.90092613e-01  2.47874626e-01  4.75289969e-01
7.27324999e-01  7.90711513e-01  9.84477650e-01  9.02640130e-01  4.73150704e-01  9.82998418e-01
7.90785764e-01  6.98776250e-01  8.28656565e-01  9.23587674e-01  5.47988631e-01  8.31058535e-01
8.16247682e-01  3.47290700e-01  9.70407660e-01  9.11850975e-01  2.41460892e-01  9.78488122e-01
7.89739527e-01  9.02307166e-01  7.00065568e-01  9.42473425e-01  6.72629825e-01  6.80616216e-01
8.38502938e-01  8.13072916e-01  5.92413170e-01  9.60719380e-01  6.29403010e-01  5.73801451e-01
1.00561150e+00  2.79213558e-01  3.71575332e-01  9.99310472e-01  2.62341647e-01  4.12780203e-01
8.24979745e-01  6.40477167e-01  7.50391601e-01  9.39226771e-01  4.45538526e-01  7.54900976e-01
8.51018237e-01  3.33695486e-01  8.61151997e-01  9.27658317e-01  2.36572914e-01  8.78279214e-01
8.74372292e-01  7.57084404e-01  5.06962193e-01  9.66190834e-01  8.17625001e-01  4.94404315e-01
8.51812103e-01  6.98665614e-01  6.21495973e-01  9.53122225e-01  6.34231241e-01  6.21377171e-01
8.51070978e-01  7.61940280e-01  5.82932200e-01  9.56140161e-01  7.49539890e-01  5.74878072e-01
8.16169729e-01  3.90653928e-01  9.42516127e-01  9.16334209e-01  2.35439890e-01  9.51158213e-01
8.85184331e-01  3.36279356e-01  7.43451495e-01  9.45825592e-01  2.08363056e-01  7.68430787e-01
9.35623023e-01  4.05981699e-01  5.26924739e-01  9.76283639e-01  2.90738233e-01  5.53739891e-01
8.29045221e-01  3.51882054e-01  9.23964332e-01  9.18546296e-01  2.41792488e-01  9.35478129e-01
8.59785262e-01  7.73225350e-01  5.46015167e-01  9.62336024e-01  7.58479893e-01  5.33045942e-01
7.47695075e-01  7.16897192e-01  9.63227729e-01  9.06827713e-01  4.42664534e-01  9.63324651e-01
8.86943573e-01  2.91342271e-01  7.66652999e-01  9.42913158e-01  1.84111695e-01  7.92815372e-01
9.88813064e-01  2.88156405e-01  4.22808995e-01  9.92026540e-01  2.42858517e-01  4.64070845e-01
9.09769608e-01  2.87309607e-01  6.91759459e-01  9.53759141e-01  1.82172753e-01  7.23726968e-01
7.45791877e-01  7.82388460e-01  9.27167765e-01  9.11602118e-01  4.77022073e-01  9.24620611e-01
9.64550030e-01  3.47841522e-01  4.66446436e-01  9.82923377e-01  3.28789129e-01  5.02207901e-01
8.50648135e-01  7.73618937e-01  5.76785924e-01  9.57246758e-01  7.54561368e-01  5.66600406e-01
8.72132992e-01  5.03292841e-01  6.79634507e-01  9.51037298e-01  3.75602053e-01  6.96153996e-01
8.66476726e-01  2.48184412e-01  8.64177308e-01  9.29852315e-01  1.53483995e-01  8.83774142e-01
8.57524029e-01  2.31608092e-01  9.05343638e-01  9.24093445e-01  1.49745364e-01  9.21581250e-01
8.82660573e-01  6.32471714e-01  5.59720506e-01  9.62764619e-01  6.11205567e-01  5.64971997e-01
9.66633975e-01  4.34899097e-01  4.02851318e-01  9.92584815e-01  4.02220310e-01  4.22971505e-01
8.98040661e-01  6.97824059e-01  4.65067948e-01  9.79419233e-01  6.39258887e-01  4.51579630e-01
8.48912198e-01  2.44424226e-01  9.26268469e-01  9.20958081e-01  1.56622161e-01  9.40066678e-01
9.40238987e-01  2.34839275e-01  6.22360448e-01  9.62938373e-01  1.85265182e-01  6.64141674e-01
7.66500877e-01  7.01480376e-01  9.09373171e-01  9.15909038e-01  4.23998088e-01  9.09488349e-01
7.93904508e-01  4.76697213e-01  9.62260878e-01  9.09762505e-01  3.40026282e-01  9.68672469e-01
7.76522254e-01  5.70782120e-01  9.60201703e-01  9.08035179e-01  4.03866562e-01  9.64717175e-01
7.69592066e-01  6.08218947e-01  9.59429180e-01  9.07926274e-01  4.14663298e-01  9.62873380e-01
8.57308081e-01  6.79211043e-01  6.15465226e-01  9.59825258e-01  4.85851453e-01  6.13332325e-01
9.48934089e-01  3.51436433e-01  5.17137466e-01  9.75756814e-01  3.11505877e-01  5.52228339e-01
8.63056026e-01  2.68196052e-01  8.62800292e-01  9.29090082e-01  1.81490858e-01  8.82067515e-01
7.73083311e-01  6.81864667e-01  8.99755410e-01  9.17369792e-01  4.21153374e-01  9.00791526e-01
8.63732277e-01  3.30709298e-01  8.19915710e-01  9.35271562e-01  1.93763892e-01  8.39541391e-01
8.89417673e-01  6.21072678e-01  5.44177417e-01  9.71068236e-01  4.67130063e-01  5.45650977e-01
7.47513461e-01  6.94257514e-01  9.78544717e-01  9.04984582e-01  4.25539951e-01  9.79175277e-01
8.07949727e-01  4.00107506e-01  9.64294319e-01  9.13861724e-01  2.18931485e-01  9.70899278e-01
9.66674679e-01  2.80932729e-01  5.02670516e-01  9.79507962e-01  2.38256150e-01  5.45422187e-01
7.95486242e-01  4.57598881e-01  9.69291125e-01  9.11346636e-01  2.71040043e-01  9.74757568e-01
7.42030220e-01  7.53237305e-01  9.58869788e-01  9.06378348e-01  4.76738555e-01  9.58183292e-01
8.98011534e-01  6.41354706e-01  5.01827700e-01  9.71510922e-01  6.38311011e-01  5.02509904e-01
8.34594878e-01  8.59241497e-01  5.75708598e-01  9.58506828e-01  7.79082809e-01  5.52747620e-01
8.72149730e-01  2.88002189e-01  8.19058795e-01  9.34447190e-01  2.07365079e-01  8.41625012e-01
8.59813450e-01  2.11263189e-01  9.11076322e-01  9.23661688e-01  1.39365328e-01  9.27309961e-01
8.63550288e-01  2.95732344e-01  8.43243424e-01  9.32463845e-01  1.72264008e-01  8.62606909e-01
9.65312072e-01  4.47546059e-01  3.99129382e-01  9.94445502e-01  3.82298603e-01  4.15731354e-01
9.71386336e-01  2.49489237e-01  5.07085520e-01  9.79646089e-01  2.02486382e-01  5.52958148e-01
8.17265363e-01  3.96300015e-01  9.35129197e-01  9.17390013e-01  2.36715931e-01  9.44087721e-01
7.77096417e-01  5.35760388e-01  9.80993418e-01  9.08397976e-01  3.10629584e-01  9.84343660e-01
7.63998441e-01  6.26605106e-01  9.66488370e-01  9.08865218e-01  3.65832556e-01  9.68349919e-01
9.21586549e-01  4.17396226e-01  5.67473553e-01  9.67442962e-01  3.58933494e-01  5.94885951e-01
7.34628702e-01  7.78489979e-01  9.67609263e-01  9.05111399e-01  4.77265138e-01  9.66183278e-01
8.03413949e-01  6.10912053e-01  8.42821937e-01  9.26347523e-01  4.00740756e-01  8.48031169e-01
8.75012741e-01  3.53582979e-01  7.66757880e-01  9.42658865e-01  2.07788035e-01  7.88871412e-01
8.68163036e-01  6.59291738e-01  5.91537623e-01  9.63569309e-01  4.80126253e-01  5.90673656e-01
8.96610716e-01  6.44623657e-01  5.04461993e-01  9.70774302e-01  6.47240059e-01  5.05130786e-01
7.97252351e-01  5.04873167e-01  9.32596082e-01  9.13357113e-01  3.64575488e-01  9.39842889e-01
7.72953519e-01  5.98672521e-01  9.54211477e-01  9.07640044e-01  4.40788630e-01  9.58557513e-01
9.37637365e-01  4.09770787e-01  5.17624866e-01  9.77411173e-01  3.00982456e-01  5.44098349e-01
9.00699399e-01  2.01834856e-01  7.78053973e-01  9.41997508e-01  1.42367881e-01  8.08515013e-01
8.97777506e-01  7.33568957e-01  4.42755199e-01  9.82679867e-01  6.82575370e-01  4.20474595e-01
9.39530523e-01  3.68256268e-01  5.38148563e-01  9.74415243e-01  2.73900557e-01  5.69684151e-01
7.94479232e-01  9.33707529e-01  6.63583976e-01  9.47897432e-01  7.08115411e-01  6.37482863e-01
8.75978719e-01  7.18415750e-01  5.26612223e-01  9.65483853e-01  7.29151614e-01  5.19767417e-01
7.76142016e-01  6.77101013e-01  8.92757082e-01  9.15234595e-01  5.03566729e-01  8.95594841e-01
7.62128909e-01  7.31738691e-01  9.04573024e-01  9.14488770e-01  4.84847586e-01  9.04268368e-01
9.45135795e-01  3.09763616e-01  5.57089854e-01  9.70945585e-01  2.58889326e-01  5.95465616e-01
8.49883991e-01  9.05353957e-01  4.93854809e-01  9.70675323e-01  8.70712720e-01  4.53151477e-01
8.33633999e-01  3.04608107e-01  9.39076142e-01  9.17345846e-01  2.10582742e-01  9.50524032e-01
8.07253683e-01  4.13460619e-01  9.57986705e-01  9.12499009e-01  2.78565586e-01  9.65596388e-01
7.95027936e-01  5.30332913e-01  9.23620556e-01  9.17119886e-01  3.07421923e-01  9.29172042e-01
8.73479623e-01  3.76589987e-01  7.57026584e-01  9.43715093e-01  2.23722444e-01  7.78347123e-01
9.28551973e-01  5.48269202e-01  4.58558910e-01  9.84418784e-01  4.47217044e-01  4.64737053e-01
9.32197163e-01  4.63740710e-01  5.01058610e-01  9.75457686e-01  4.41181233e-01  5.23615651e-01
8.44829539e-01  2.24591451e-01  9.53011764e-01  9.17859133e-01  1.37400512e-01  9.64463580e-01
9.02810319e-01  4.91440112e-01  5.82862282e-01  9.67293589e-01  3.38525474e-01  6.00132379e-01
8.57686776e-01  2.23017608e-01  9.10368916e-01  9.23772342e-01  1.38702885e-01  9.26240180e-01
7.54551909e-01  6.65548684e-01  9.73282193e-01  9.05489734e-01  4.29931906e-01  9.74902026e-01
9.91541879e-01  3.06507016e-01  4.01629812e-01  9.95510826e-01  2.53240650e-01  4.39285711e-01
7.70200541e-01  7.15980050e-01  8.87394119e-01  9.17917171e-01  4.63286311e-01  8.87361482e-01
9.60711658e-01  2.93070423e-01  5.15038538e-01  9.78957351e-01  2.12074839e-01  5.55116769e-01
7.72200130e-01  6.75570211e-01  9.06840103e-01  9.13283536e-01  4.95135844e-01  9.09574197e-01
9.88499914e-01  3.51250760e-01  3.82910546e-01  9.95657022e-01  3.52141382e-01  4.15063405e-01
9.03904955e-01  4.89257439e-01  5.80859655e-01  9.66362048e-01  3.69682913e-01  5.99285841e-01
9.65816050e-01  4.64582171e-01  3.86358011e-01  9.95974407e-01  4.10176104e-01  3.99364848e-01
9.62974948e-01  3.24267425e-01  4.87099426e-01  9.80384787e-01  2.98318888e-01  5.25658944e-01
8.19603899e-01  3.51484323e-01  9.56286342e-01  9.13799224e-01  2.44095896e-01  9.65375057e-01
8.20637762e-01  1.04614997e+00  5.01755099e-01  9.67810220e-01  1.01011077e+00  4.38702621e-01
8.07950307e-01  4.36167038e-01  9.41175302e-01  9.15665450e-01  2.65928246e-01  9.48784135e-01
7.84656724e-01  5.83901002e-01  9.24059553e-01  9.15777898e-01  3.48655090e-01  9.28068765e-01
8.00413130e-01  5.04166928e-01  9.22618675e-01  9.16220071e-01  3.31843261e-01  9.29708049e-01
9.46905357e-01  3.96817364e-01  4.94564235e-01  9.80544801e-01  3.06581861e-01  5.22687510e-01
8.58777375e-01  8.00641031e-01  5.31638535e-01  9.64081532e-01  7.93538400e-01  5.13599805e-01
7.81851580e-01  7.57250194e-01  8.21032238e-01  9.27495081e-01  4.97229842e-01  8.17954816e-01
8.36402889e-01  8.48287538e-01  5.76680964e-01  9.58958728e-01  7.57611793e-01  5.54905200e-01
7.68182834e-01  5.99452225e-01  9.69907639e-01  9.06958536e-01  3.97464866e-01  9.73128149e-01
8.52270567e-01  2.62316074e-01  9.03246262e-01  9.24777571e-01  1.44847123e-01  9.18347788e-01
8.48009337e-01  2.53135244e-01  9.23678302e-01  9.20785798e-01  1.71478316e-01  9.37673506e-01
7.60862399e-01  6.22663914e-01  9.79695981e-01  9.03043908e-01  4.61719482e-01  9.83100850e-01
7.87765367e-01  5.91704776e-01  9.08433882e-01  9.14496503e-01  4.42454748e-01  9.14200198e-01
8.69372631e-01  6.73269002e-01  5.78355264e-01  9.62980238e-01  5.54335357e-01  5.76978948e-01
8.79914961e-01  3.10153253e-01  7.78605317e-01  9.41064195e-01  1.94648877e-01  8.02706330e-01
7.72055669e-01  8.37315274e-01  8.02314016e-01  9.28750185e-01  5.66163035e-01  7.93676931e-01
8.18381425e-01  7.09137940e-01  7.28218392e-01  9.37360004e-01  6.03330326e-01  7.29719603e-01
7.77462949e-01  6.57530480e-01  9.00680900e-01  9.15057309e-01  4.70928497e-01  9.03900062e-01
7.66185721e-01  6.01000007e-01  9.75686053e-01  9.08141997e-01  3.45167038e-01  9.77853129e-01
8.36102749e-01  4.86561413e-01  8.12551413e-01  9.32340987e-01  3.33413124e-01  8.25452544e-01
7.94477564e-01  6.87037460e-01  8.24039673e-01  9.26441613e-01  4.93632641e-01  8.26072930e-01
7.48257847e-01  7.51444452e-01  9.38884846e-01  9.09818365e-01  4.69530716e-01  9.37822243e-01
8.11951513e-01  6.82148483e-01  7.67576639e-01  9.33348291e-01  5.38671545e-01  7.70666385e-01
8.56346912e-01  9.11061919e-01  4.68203273e-01  9.70924225e-01  9.81587583e-01  4.25451513e-01
8.17486006e-01  3.21935325e-01  9.82667107e-01  9.12456329e-01  1.78597911e-01  9.89407665e-01
9.50930561e-01  2.92914166e-01  5.48352406e-01  9.73475138e-01  2.21664557e-01  5.88010499e-01
8.59856385e-01  8.00788242e-01  5.27879785e-01  9.70305079e-01  6.61425459e-01  5.04799572e-01
8.78186047e-01  8.21762140e-01  4.52022160e-01  9.74817134e-01  8.92640531e-01  4.21432184e-01
8.68898355e-01  7.74615111e-01  5.14168155e-01  9.65245379e-01  8.21661286e-01  4.99516162e-01
1.01302291e+00  2.63727244e-01  3.56463702e-01  1.00118772e+00  2.66640180e-01  3.99731521e-01
9.63703225e-01  2.66237859e-01  5.22300521e-01  9.77181310e-01  2.14562986e-01  5.65918793e-01
8.40932489e-01  2.83581345e-01  9.27943269e-01  9.20509721e-01  1.67580981e-01  9.40361388e-01
8.82042797e-01  7.66368131e-01  4.74889658e-01  9.77006365e-01  7.02946860e-01  4.52056075e-01
8.21331350e-01  3.46706419e-01  9.53522265e-01  9.14710035e-01  2.30474895e-01  9.62741807e-01
8.82008557e-01  7.68024296e-01  4.73930491e-01  9.74758785e-01  7.60973783e-01  4.52805548e-01
9.29593232e-01  3.71443917e-01  5.69822306e-01  9.70352377e-01  2.55514035e-01  6.00063889e-01
9.70721126e-01  4.36386942e-01  3.88007216e-01  9.91871115e-01  4.79102172e-01  4.09446818e-01
7.47329997e-01  7.08242049e-01  9.70087395e-01  9.05900531e-01  4.37690229e-01  9.70441175e-01
8.27061875e-01  2.75513927e-01  9.80288804e-01  9.13846013e-01  1.47241899e-01  9.87879503e-01
8.18576764e-01  9.58282215e-01  5.65800364e-01  9.60690613e-01  8.31244094e-01  5.26464600e-01
9.46806792e-01  2.49675673e-01  5.90426377e-01  9.67039781e-01  2.05596491e-01  6.33056744e-01
7.90205590e-01  6.67498223e-01  8.50934776e-01  9.20611848e-01  5.27255290e-01  8.55021481e-01
8.87471901e-01  2.29270045e-01  8.05159719e-01  9.37565486e-01  1.64650633e-01  8.31687159e-01
9.55726484e-01  3.88223693e-01  4.70190709e-01  9.84352241e-01  3.04026376e-01  4.98876276e-01
8.15480577e-01  3.38201224e-01  9.78915875e-01  9.12702988e-01  1.87672940e-01  9.85689282e-01
7.99282091e-01  4.42834330e-01  9.65985962e-01  9.10072310e-01  3.14041686e-01  9.72804053e-01
8.76828721e-01  2.24816239e-01  8.44194869e-01  9.32712383e-01  1.47599344e-01  8.66820512e-01
8.19178199e-01  6.39941470e-01  7.70440562e-01  9.36589474e-01  4.33061190e-01  7.74749172e-01
8.31156766e-01  9.83081054e-01  5.06982786e-01  9.68641413e-01  9.18520581e-01  4.54936864e-01
8.18254718e-01  8.10492172e-01  6.62845956e-01  9.50584986e-01  5.84400501e-01  6.49377997e-01
9.64918236e-01  3.41849850e-01  4.69086269e-01  9.84649128e-01  2.74228160e-01  5.03988322e-01
7.83610120e-01  5.17450161e-01  9.70760067e-01  9.07608726e-01  3.67604536e-01  9.75989668e-01
8.36200133e-01  2.82004985e-01  9.45038610e-01  9.18391289e-01  1.59557920e-01  9.55834270e-01
9.40341426e-01  3.35601344e-01  5.56595392e-01  9.72041414e-01  2.46507522e-01  5.91354400e-01
9.46039246e-01  2.93595938e-01  5.64518845e-01  9.71740244e-01  2.04836310e-01  6.03096573e-01
8.42169443e-01  2.29144122e-01  9.59089843e-01  9.17168341e-01  1.33833282e-01  9.69733004e-01
7.86362052e-01  6.07524771e-01  9.02929401e-01  9.18570326e-01  3.63841299e-01  9.06587602e-01
8.45857398e-01  2.77466131e-01  9.15187996e-01  9.21261223e-01  1.93446246e-01  9.29452627e-01
7.76513910e-01  6.19321047e-01  9.28712761e-01  9.10687935e-01  4.65373750e-01  9.33225185e-01
8.15308895e-01  3.92020450e-01  9.44552437e-01  9.16273758e-01  2.29650133e-01  9.52909040e-01
9.17212108e-01  3.56401846e-01  6.21629901e-01  9.63124331e-01  2.33149524e-01  6.51675316e-01
8.66036540e-01  3.20556669e-01  8.18682556e-01  9.35711021e-01  1.84770742e-01  8.38840947e-01
9.63253574e-01  3.12019591e-01  4.94105148e-01  9.81984896e-01  2.27141727e-01  5.32157078e-01
7.56217917e-01  6.82425682e-01  9.56666441e-01  9.08790872e-01  4.13986966e-01  9.57488599e-01
8.28046552e-01  2.78570582e-01  9.74959071e-01  9.12898317e-01  1.90914194e-01  9.83673636e-01
8.51737459e-01  9.22894550e-01  4.76470914e-01  9.72803591e-01  9.12411169e-01  4.30204160e-01
8.74692111e-01  8.22634433e-01  4.63319614e-01  9.70944699e-01  9.35094866e-01  4.36266355e-01
8.39727724e-01  6.29793780e-01  7.07543808e-01  9.43917425e-01  4.93785814e-01  7.13981078e-01
8.08966608e-01  4.10211644e-01  9.54278738e-01  9.12444445e-01  2.93278138e-01  9.62482177e-01
8.57132876e-01  1.87682863e-01  9.35193347e-01  9.20728834e-01  1.23034295e-01  9.49444957e-01
8.54581556e-01  9.00238016e-01  4.81224798e-01  9.68710195e-01  9.68010939e-01  4.42843997e-01
7.70434436e-01  6.76487633e-01  9.12240709e-01  9.12414627e-01  4.96079516e-01  9.14923611e-01
8.41959262e-01  7.87227649e-01  5.97455293e-01  9.55009247e-01  7.31755792e-01  5.86316482e-01
8.86158527e-01  7.26234559e-01  4.86969500e-01  9.70486760e-01  7.78220322e-01  4.76136735e-01
8.89792344e-01  6.75434109e-01  5.07611437e-01  9.68971270e-01  6.96618595e-01  5.05066024e-01
7.49476944e-01  7.72077191e-01  9.21348240e-01  9.12538086e-01  4.74904999e-01  9.19117470e-01
8.82745533e-01  7.93542377e-01  4.54860919e-01  9.74274693e-01  8.71827423e-01  4.29810413e-01
8.71206214e-01  8.45190627e-01  4.60512222e-01  9.70155586e-01  9.82486092e-01  4.30168383e-01
8.02155855e-01  5.96471395e-01  8.56469273e-01  9.22178990e-01  4.49349520e-01  8.63315516e-01
7.62914748e-01  6.39721938e-01  9.61651641e-01  9.09125278e-01  3.79892098e-01  9.63372007e-01
9.07167322e-01  6.77234203e-01  4.47444878e-01  9.79656715e-01  6.92529815e-01  4.37514976e-01
8.41329091e-01  2.18324735e-01  9.68969190e-01  9.15791921e-01  1.32444575e-01  9.78885927e-01
9.02995117e-01  3.09001046e-01  7.00680860e-01  9.52484888e-01  1.88999273e-01  7.30290238e-01
8.39200555e-01  3.21056251e-01  9.09491507e-01  9.20960101e-01  2.28446199e-01  9.23142732e-01
8.45273379e-01  1.83795328e-01  9.77994848e-01  9.14953091e-01  1.18267583e-01  9.87602727e-01
8.74838827e-01  7.93735942e-01  4.81582929e-01  9.68407024e-01  8.96131697e-01  4.61710957e-01
9.95737975e-01  3.11800709e-01  3.83945100e-01  9.97278317e-01  2.83656384e-01  4.20791802e-01
8.94849573e-01  3.42484976e-01  7.06600938e-01  9.48916095e-01  2.67230571e-01  7.34754348e-01
8.27619260e-01  2.82949631e-01  9.73566877e-01  9.13307379e-01  1.85986001e-01  9.82210982e-01
8.80432785e-01  2.83453782e-01  7.93884292e-01  9.39322874e-01  1.74191553e-01  8.18172221e-01
8.69057943e-01  8.06094102e-01  4.93189675e-01  9.71565554e-01  7.81440931e-01  4.68461375e-01
8.29877877e-01  2.57695242e-01  9.82295440e-01  9.13835422e-01  1.38535096e-01  9.89997460e-01
8.53823692e-01  3.65769301e-01  8.30800819e-01  9.33358798e-01  2.10528063e-01  8.47859168e-01
9.78886476e-01  3.43514990e-01  4.20575529e-01  9.92449572e-01  2.75827481e-01  4.53596269e-01
8.11865267e-01  9.38055387e-01  6.01722792e-01  9.56892938e-01  7.55156809e-01  5.68728836e-01
8.88865373e-01  7.53961119e-01  4.59777435e-01  9.72675106e-01  8.59398360e-01  4.42993004e-01
7.55840227e-01  7.57789571e-01  9.09014487e-01  9.12896896e-01  5.12529463e-01  9.07958054e-01
8.74647244e-01  2.24951213e-01  8.51515184e-01  9.31184496e-01  1.60203089e-01  8.73650010e-01
9.20826647e-01  5.54800461e-01  4.80550128e-01  9.76548486e-01  5.49798655e-01  4.91048834e-01
8.41848004e-01  2.71094866e-01  9.32941429e-01  9.19321329e-01  1.77989737e-01  9.45530865e-01
8.42393948e-01  6.30916034e-01  6.97463261e-01  9.43605850e-01  5.38817463e-01  7.04860314e-01
7.70539931e-01  5.92133977e-01  9.66654276e-01  9.06953942e-01  4.09241488e-01  9.70384787e-01
8.63727761e-01  2.82565284e-01  8.51189252e-01  9.30213805e-01  1.97579553e-01  8.71073987e-01
8.92663458e-01  2.53344173e-01  7.71899871e-01  9.42613297e-01  1.62397141e-01  7.99850708e-01
7.85534778e-01  6.35431085e-01  8.87617490e-01  9.16179397e-01  4.88890931e-01  8.92475817e-01
9.11179571e-01  4.45042393e-01  5.84565429e-01  9.64235910e-01  3.83723991e-01  6.09096483e-01
8.89620509e-01  3.39741533e-01  7.26139501e-01  9.48458006e-01  2.06838156e-01  7.51910662e-01
7.80275202e-01  6.26160569e-01  9.11498807e-01  9.14029055e-01  4.48810069e-01  9.15701189e-01
8.69819303e-01  8.52586782e-01  4.60419867e-01  9.70437244e-01  9.81925095e-01  4.28494516e-01
8.51479410e-01  8.55323965e-01  5.20918543e-01  9.69752445e-01  7.40243243e-01  4.89786273e-01
8.08514532e-01  8.37862895e-01  6.78150863e-01  9.48011570e-01  5.97640692e-01  6.62761359e-01
9.29910837e-01  3.62837973e-01  5.74330608e-01  9.67574530e-01  3.02080206e-01  6.06911719e-01
9.05536524e-01  6.36056920e-01  4.79715829e-01  9.79016622e-01  5.46641669e-01  4.75966704e-01
7.38306344e-01  7.32783404e-01  9.84797104e-01  9.02617437e-01  4.65420115e-01  9.84964132e-01
7.78070101e-01  5.45335033e-01  9.71469592e-01  9.09569799e-01  3.18425372e-01  9.74994102e-01
8.49666525e-01  9.03720527e-01  4.95653719e-01  9.70542280e-01  8.64787853e-01  4.55399470e-01
8.83768968e-01  6.45335153e-01  5.47605867e-01  9.66845563e-01  5.68558455e-01  5.48846145e-01
8.65348195e-01  6.17667609e-01  6.28118694e-01  9.53773267e-01  5.53153345e-01  6.36291790e-01
8.05691802e-01  8.86637149e-01  6.56068936e-01  9.48530144e-01  7.00071925e-01  6.35319721e-01
8.63126873e-01  8.10632847e-01  5.10382907e-01  9.71847387e-01  7.05125045e-01  4.84621929e-01
7.44575031e-01  7.86363063e-01  9.28719528e-01  9.11359867e-01  4.77606254e-01  9.26036421e-01
8.04610016e-01  4.30078541e-01  9.56175344e-01  9.14124944e-01  2.46123784e-01  9.62808975e-01
7.43142911e-01  7.10415787e-01  9.82895893e-01  9.04464460e-01  4.23401413e-01  9.83013950e-01
8.22166885e-01  8.05637125e-01  6.52713181e-01  9.51467546e-01  6.01865803e-01  6.39607004e-01
9.84863366e-01  2.57199323e-01  4.56318048e-01  9.86786830e-01  2.23041930e-01  5.02332834e-01
8.02290980e-01  4.01109524e-01  9.82861164e-01  9.09952646e-01  2.49618565e-01  9.88739938e-01
7.52041121e-01  6.85727776e-01  9.68706275e-01  9.05358703e-01  4.53934816e-01  9.70090697e-01
7.81171720e-01  4.97031014e-01  9.92301100e-01  9.07304280e-01  2.91275798e-01  9.95913639e-01
7.93943265e-01  6.77571637e-01  8.31703598e-01  9.27935315e-01  4.21564135e-01  8.32947246e-01
9.88039641e-01  3.15643528e-01  4.07590045e-01  9.91947326e-01  3.19998664e-01  4.46417057e-01
8.95427336e-01  4.13384152e-01  6.58608782e-01  9.56259614e-01  2.88227076e-01  6.82724151e-01
8.07927527e-01  4.21776463e-01  9.50298303e-01  9.12811770e-01  3.00222124e-01  9.58491831e-01
8.31604610e-01  2.42971407e-01  9.85991306e-01  9.12199463e-01  1.65542744e-01  9.94128649e-01
8.86940928e-01  7.87611743e-01  4.44465790e-01  9.80744697e-01  7.61118746e-01  4.14390610e-01
7.40832532e-01  7.21391737e-01  9.83614980e-01  9.03519752e-01  4.45857395e-01  9.83784345e-01
8.58599706e-01  2.57396330e-01  8.84946552e-01  9.27139693e-01  1.49666430e-01  9.02066746e-01
8.70376494e-01  3.13338367e-01  8.08631189e-01  9.37200742e-01  1.81911891e-01  8.29961806e-01
8.29217232e-01  8.93228282e-01  5.71903971e-01  9.59214631e-01  7.98940068e-01  5.43534076e-01
7.57720003e-01  6.25664554e-01  9.88420605e-01  9.04130713e-01  4.00374783e-01  9.90575727e-01
9.32561478e-01  5.90047818e-01  4.17820735e-01  9.86790583e-01  5.85920441e-01  4.16873452e-01
7.84018509e-01  4.84028109e-01  9.91075607e-01  9.06578093e-01  3.13128071e-01  9.95424975e-01
8.22611258e-01  2.96788406e-01  9.81589476e-01  9.12867055e-01  1.69568837e-01  9.88899903e-01
7.70746834e-01  7.41632786e-01  8.68882636e-01  9.19537672e-01  5.01842128e-01  8.67892684e-01
9.84919517e-01  3.85319305e-01  3.72950265e-01  9.99380680e-01  3.28324469e-01  3.96795236e-01
7.76951924e-01  5.85087519e-01  9.49453518e-01  9.08690881e-01  4.30553374e-01  9.54229217e-01
7.56902352e-01  6.99847634e-01  9.43028853e-01  9.08423398e-01  4.79851833e-01  9.44336971e-01
8.34042464e-01  4.56197000e-01  8.39263544e-01  9.30617800e-01  2.69412714e-01  8.51570516e-01
7.56769298e-01  6.84481633e-01  9.53458369e-01  9.08033957e-01  4.46143748e-01  9.54770756e-01
9.85210551e-01  2.95204682e-01  4.30465528e-01  9.89854008e-01  2.69482723e-01  4.71732505e-01
8.28313466e-01  5.49257248e-01  7.98295957e-01  9.32383356e-01  4.03228669e-01  8.08743047e-01
9.07101433e-01  6.10082491e-01  4.91264808e-01  9.73526233e-01  6.13333907e-01  4.95468534e-01
8.18959482e-01  8.25902980e-01  6.50446269e-01  9.48053437e-01  7.04205799e-01  6.37403080e-01
9.58935994e-01  3.96832554e-01  4.53703662e-01  9.87117004e-01  3.06995365e-01  4.80449921e-01
8.23360029e-01  2.92446144e-01  9.81865622e-01  9.11835305e-01  1.94412121e-01  9.89666351e-01
8.27932518e-01  2.88634401e-01  9.68812274e-01  9.15216557e-01  1.55206396e-01  9.77215970e-01
8.69690752e-01  2.66170196e-01  8.41584319e-01  9.31777718e-01  1.89079755e-01  8.63047227e-01
8.67492674e-01  5.77866581e-01  6.46677573e-01  9.54009918e-01  4.57410379e-01  6.57316258e-01
9.30546632e-01  2.73954521e-01  6.29877401e-01  9.61130238e-01  2.18177681e-01  6.67986407e-01
9.81556258e-01  3.75275040e-01  3.90891049e-01  9.94967271e-01  3.53216190e-01  4.19232934e-01
9.76074984e-01  3.47338078e-01  4.27639834e-01  9.88530271e-01  3.43521142e-01  4.62788685e-01
7.94520630e-01  8.50315611e-01  7.17585749e-01  9.40764348e-01  6.19284087e-01  7.04134670e-01
8.52382608e-01  2.25621202e-01  9.26691684e-01  9.21192471e-01  1.46516274e-01  9.40943162e-01
7.78218769e-01  5.23218234e-01  9.85325481e-01  9.07529682e-01  3.14792435e-01  9.88931238e-01
8.54032380e-01  2.10940896e-01  9.30621005e-01  9.20767646e-01  1.41319040e-01  9.44890924e-01
8.55356151e-01  9.06561472e-01  4.74489464e-01  9.72223877e-01  9.20166282e-01  4.31579173e-01
9.58950578e-01  2.73665559e-01  5.33616177e-01  9.74719151e-01  2.36228696e-01  5.76605000e-01
8.45123502e-01  7.67734140e-01  5.99366333e-01  9.54317063e-01  7.30011699e-01  5.91165350e-01
7.84107457e-01  5.03899590e-01  9.77870787e-01  9.09068409e-01  3.01911811e-01  9.82097300e-01
8.26679515e-01  8.70080398e-01  5.95550196e-01  9.58722764e-01  6.97197131e-01  5.70642158e-01
7.75666941e-01  5.58369723e-01  9.71166023e-01  9.06581371e-01  3.97105249e-01  9.75631312e-01
8.43414716e-01  1.97630068e-01  9.75323680e-01  9.14836018e-01  1.32068280e-01  9.85104023e-01
8.46970938e-01  7.83281525e-01  5.82999102e-01  9.55972179e-01  7.65345604e-01  5.72233864e-01
8.63061203e-01  5.17955536e-01  7.00623308e-01  9.49737243e-01  3.31929857e-01  7.14256058e-01
8.42651768e-01  6.28717072e-01  6.98016222e-01  9.46223160e-01  4.71446150e-01  7.03940208e-01
7.67777605e-01  6.55618004e-01  9.34814660e-01  9.10839260e-01  4.43837445e-01  9.37325577e-01
8.35833948e-01  7.40865741e-01  6.48354718e-01  9.47624252e-01  6.81568399e-01  6.45484798e-01
8.87948102e-01  7.79353648e-01  4.46406710e-01  9.73397835e-01  9.17704706e-01  4.24631501e-01
8.17270563e-01  5.40205499e-01  8.41674821e-01  9.29048259e-01  3.19910881e-01  8.49744923e-01
8.63495235e-01  7.57745766e-01  5.43467326e-01  9.63302437e-01  7.36419948e-01  5.32043174e-01
8.41876896e-01  2.45622194e-01  9.49383360e-01  9.17576711e-01  1.60062625e-01  9.60938703e-01
8.31991622e-01  8.32037173e-01  6.02210660e-01  9.56204326e-01  7.08342333e-01  5.84166169e-01
7.80951069e-01  5.47182816e-01  9.60485867e-01  9.11469829e-01  3.12475336e-01  9.64211595e-01
8.96630488e-01  3.43163804e-01  7.00113504e-01  9.52214503e-01  2.09482803e-01  7.27201225e-01
8.34656746e-01  2.56266071e-01  9.66993377e-01  9.15997976e-01  1.38346000e-01  9.76175138e-01
8.05158604e-01  4.23200501e-01  9.58777287e-01  9.11612103e-01  2.99373855e-01  9.66384097e-01
8.43065828e-01  1.92812231e-01  9.79637104e-01  9.14481221e-01  1.25338022e-01  9.88963723e-01
1.00162629e+00  3.00537122e-01  3.71263593e-01  9.97400427e-01  3.22520950e-01  4.10858700e-01
7.99459528e-01  5.17842310e-01  9.16679304e-01  9.15107782e-01  3.82495391e-01  9.24397999e-01
8.50024787e-01  2.57183661e-01  9.14205359e-01  9.22871688e-01  1.53090802e-01  9.28627706e-01
8.67920291e-01  8.32346586e-01  4.80009172e-01  9.75830452e-01  7.56200355e-01  4.47057997e-01
7.40222127e-01  7.96935829e-01  9.36637125e-01  9.09861094e-01  4.85340845e-01  9.33825745e-01
9.51186887e-01  5.02198115e-01  4.11610990e-01  9.91528856e-01  4.38277154e-01  4.21253033e-01
9.89366377e-01  2.84769134e-01  4.23129252e-01  9.91806107e-01  2.44786952e-01  4.65030209e-01
7.99735167e-01  8.65837790e-01  6.89800621e-01  9.45202426e-01  6.31480156e-01  6.72806286e-01
8.31184827e-01  5.42575699e-01  7.92884241e-01  9.35430458e-01  3.45817072e-01  8.02722108e-01
8.56506538e-01  8.70951828e-01  4.93702151e-01  9.72527244e-01  8.02725520e-01  4.57283945e-01
9.10158401e-01  6.67446528e-01  4.43643025e-01  9.82962317e-01  6.23972273e-01  4.32460916e-01
9.69752629e-01  3.28774951e-01  4.61159319e-01  9.86303623e-01  2.57316670e-01  4.97361500e-01
9.09967505e-01  2.97004637e-01  6.84793111e-01  9.54812754e-01  1.84593014e-01  7.16401348e-01
8.25128210e-01  8.31684412e-01  6.26043663e-01  9.54215790e-01  6.59840047e-01  6.08852103e-01
9.70549508e-01  3.02065855e-01  4.75793446e-01  9.84256699e-01  2.35829296e-01  5.15545118e-01
7.62292282e-01  8.27755567e-01  8.41676735e-01  9.23683350e-01  5.29757323e-01  8.34737507e-01
7.76032249e-01  5.31781435e-01  9.87191235e-01  9.07771060e-01  3.02424705e-01  9.90295471e-01
8.38582090e-01  9.52903906e-01  5.01360900e-01  9.68279855e-01  9.29286946e-01  4.54720325e-01
7.83347782e-01  7.59038460e-01  8.14790475e-01  9.28930416e-01  4.86842614e-01  8.11196959e-01
8.49798618e-01  7.08454227e-01  6.21977935e-01  9.52596093e-01  6.49967420e-01  6.21045760e-01
8.12053318e-01  8.96726442e-01  6.27916525e-01  9.52603407e-01  7.24152326e-01  6.03532680e-01
7.63432023e-01  7.21228744e-01  9.06971884e-01  9.14716618e-01  4.67468822e-01  9.06899189e-01
8.91554886e-01  2.72296879e-01  7.63358785e-01  9.42537083e-01  1.99905089e-01  7.91508310e-01
9.94047136e-01  2.61853627e-01  4.22112601e-01  9.91494194e-01  2.42113653e-01  4.67659553e-01
8.22290362e-01  5.13079020e-01  8.42239674e-01  9.27493216e-01  3.50203214e-01  8.52583803e-01
7.93723479e-01  4.76676893e-01  9.62889050e-01  9.10097518e-01  3.29153051e-01  9.69084407e-01
7.46288847e-01  6.80148235e-01  9.91865159e-01  9.03541758e-01  4.07732229e-01  9.92619915e-01
8.46788418e-01  2.55107053e-01  9.26544253e-01  9.20143023e-01  1.77813674e-01  9.40303452e-01
8.43506674e-01  2.66059142e-01  9.30578593e-01  9.20598270e-01  1.53389013e-01  9.43135102e-01
9.77993144e-01  2.40054617e-01  4.90776745e-01  9.81335424e-01  2.16788271e-01  5.38759058e-01
7.60189948e-01  6.11072972e-01  9.89507665e-01  9.05604370e-01  3.57052258e-01  9.91326645e-01
7.72823510e-01  6.61164053e-01  9.14076808e-01  9.12135604e-01  4.93069309e-01  9.17421519e-01
7.98436657e-01  7.10648575e-01  7.94968643e-01  9.32929422e-01  4.50916105e-01  7.94013780e-01
7.90998887e-01  4.61935717e-01  9.81714936e-01  9.09628967e-01  2.68513373e-01  9.86366606e-01
9.38772043e-01  4.00191322e-01  5.19991091e-01  9.76690640e-01  3.04149712e-01  5.47972646e-01
8.24754906e-01  9.23073213e-01  5.67680252e-01  9.60044335e-01  8.15850308e-01  5.34232765e-01
7.75261951e-01  6.28662345e-01  9.26899059e-01  9.10619263e-01  4.75711556e-01  9.31231481e-01
8.18062894e-01  5.71528422e-01  8.18645203e-01  9.28011776e-01  4.41334411e-01  8.27802155e-01
7.75892519e-01  5.31080378e-01  9.88119578e-01  9.04459644e-01  3.83081230e-01  9.92538376e-01
7.70384584e-01  6.17209661e-01  9.50899691e-01  9.08467581e-01  4.35285740e-01  9.54546815e-01
8.46340949e-01  4.81208618e-01  7.81259727e-01  9.37926267e-01  3.09410903e-01  7.95290485e-01
8.15244692e-01  6.25098453e-01  7.93731561e-01  9.30402839e-01  4.94409852e-01  8.00490234e-01
9.38532357e-01  2.12622856e-01  6.42579145e-01  9.60391736e-01  1.67250439e-01  6.84712112e-01
9.39742728e-01  4.54481301e-01  4.81448916e-01  9.82151330e-01  3.52080266e-01  5.01674526e-01
7.35443699e-01  7.69790943e-01  9.70489780e-01  9.04733438e-01  4.73998964e-01  9.69375883e-01
7.71367003e-01  7.66486110e-01  8.50639804e-01  9.21864124e-01  5.22456999e-01  8.48121448e-01
8.25651503e-01  8.48988585e-01  6.12734469e-01  9.55568257e-01  6.89536140e-01  5.92672322e-01
8.35091291e-01  2.42263553e-01  9.74609667e-01  9.14571604e-01  1.45846504e-01  9.83555389e-01
9.23419819e-01  4.01899979e-01  5.71011420e-01  9.66865337e-01  3.50153589e-01  6.00140599e-01
7.99233891e-01  6.24681115e-01  8.48075838e-01  9.22406287e-01  4.82709189e-01  8.54003596e-01
8.64862738e-01  1.82152439e-01  9.12532795e-01  9.23770228e-01  1.24926097e-01  9.29497488e-01
7.55671809e-01  6.57237927e-01  9.74875528e-01  9.06059891e-01  4.08132716e-01  9.76378701e-01
7.74124166e-01  5.39856613e-01  9.88426677e-01  9.04668599e-01  3.77504723e-01  9.92511495e-01
8.00128899e-01  4.33663335e-01  9.69065234e-01  9.10230464e-01  2.97445633e-01  9.75697506e-01
7.43910669e-01  6.97313135e-01  9.88795391e-01  9.01955870e-01  4.62167122e-01  9.89972214e-01
8.20787355e-01  6.18267587e-01  7.79046966e-01  9.32592794e-01  4.92176529e-01  7.86457711e-01
7.90875595e-01  7.33639965e-01  8.05717295e-01  9.30551180e-01  4.74793977e-01  8.03641295e-01
8.59576246e-01  5.93815383e-01  6.63501923e-01  9.49476376e-01  5.12517851e-01  6.73926810e-01
7.69749721e-01  7.35991560e-01  8.76228964e-01  9.18225199e-01  5.06460200e-01  8.75737343e-01
8.30288678e-01  2.57823779e-01  9.80816685e-01  9.13795771e-01  1.44877423e-01  9.88758394e-01
8.16404104e-01  3.18795467e-01  9.88380091e-01  9.11179350e-01  1.89978714e-01  9.94916352e-01
8.62272123e-01  3.07860381e-01  8.39709463e-01  9.32717953e-01  1.81219974e-01  8.58868872e-01
8.42602649e-01  3.86482010e-01  8.55458170e-01  9.29130956e-01  2.31291962e-01  8.70079816e-01
7.95289589e-01  6.53860801e-01  8.42822441e-01  9.23190917e-01  4.92861995e-01  8.47098202e-01
8.82311445e-01  7.36451410e-01  4.93400189e-01  9.75459054e-01  6.40978391e-01  4.76566934e-01
8.07159587e-01  4.95811479e-01  9.04835189e-01  9.19169308e-01  3.20679516e-01  9.12909270e-01
9.06797082e-01  2.28911327e-01  7.39768011e-01  9.47136778e-01  1.56640634e-01  7.72201197e-01
8.52019837e-01  2.05289086e-01  9.41125709e-01  9.19372302e-01  1.38783078e-01  9.54435270e-01
9.07704298e-01  6.96529368e-01  4.33094539e-01  9.77664807e-01  8.12889195e-01  4.21949754e-01
7.91220941e-01  4.51644388e-01  9.87643317e-01  9.08998127e-01  2.61207026e-01  9.92132015e-01
8.96939974e-01  6.88375803e-01  4.74939560e-01  9.79341082e-01  5.93562942e-01  4.62839262e-01
9.02961105e-01  2.87490812e-01  7.14761829e-01  9.50922769e-01  1.69855115e-01  7.44813971e-01
8.42867575e-01  5.11744394e-01  7.73227892e-01  9.35759609e-01  4.02534520e-01  7.87257705e-01
7.88624850e-01  8.29841072e-01  7.50899520e-01  9.34863253e-01  6.20676523e-01  7.41644734e-01
8.81046573e-01  4.62863333e-01  6.75318094e-01  9.54204914e-01  2.96007448e-01  6.94067028e-01
8.12327366e-01  6.79942379e-01  7.67734269e-01  9.37457893e-01  4.35368408e-01  7.68637587e-01
9.65224822e-01  3.33413560e-01  4.73522020e-01  9.82125340e-01  3.12825815e-01  5.11083208e-01
7.95491072e-01  9.11700339e-01  6.74436267e-01  9.46858478e-01  6.76782602e-01  6.51521636e-01
8.17153429e-01  7.03666053e-01  7.35941110e-01  9.36521138e-01  5.91622787e-01  7.37854897e-01
8.49940029e-01  2.90968289e-01  8.92556403e-01  9.24739204e-01  1.88934779e-01  9.08213382e-01
8.84568145e-01  3.82715557e-01  7.15395174e-01  9.49125367e-01  2.43685678e-01  7.38955975e-01
9.42032024e-01  4.35902862e-01  4.85736527e-01  9.77944705e-01  4.24785539e-01  5.11529334e-01
8.47037577e-01  8.62918330e-01  5.31070408e-01  9.64469472e-01  8.27335093e-01  5.03155331e-01
8.01424533e-01  5.24109217e-01  9.05937211e-01  9.17079561e-01  3.74394371e-01  9.13661963e-01
9.52803752e-01  3.73278012e-01  4.89817735e-01  9.78920869e-01  3.50234895e-01  5.22822387e-01
8.49523701e-01  2.57561097e-01  9.15661620e-01  9.21818414e-01  1.74608066e-01  9.30315264e-01
8.92040430e-01  2.74112255e-01  7.60829086e-01  9.43355113e-01  1.91160127e-01  7.88838216e-01
7.85009165e-01  5.84553934e-01  9.22437029e-01  9.12498318e-01  4.37909883e-01  9.28083030e-01
9.00237691e-01  2.75644586e-01  7.31997982e-01  9.47039211e-01  2.02838290e-01  7.62466005e-01
8.50490015e-01  7.92817883e-01  5.64859148e-01  9.64249598e-01  6.46817726e-01  5.47065899e-01
7.79699576e-01  5.09508914e-01  9.89197283e-01  9.04859948e-01  3.66560539e-01  9.93861365e-01
9.28963551e-01  4.75107355e-01  5.04659106e-01  9.74598819e-01  4.54301876e-01  5.26033509e-01
7.82004322e-01  6.13698135e-01  9.13718167e-01  9.13131766e-01  4.60594685e-01  9.18680096e-01
8.22779093e-01  9.35876339e-01  5.66077163e-01  9.59823308e-01  8.36191565e-01  5.30860843e-01
7.68108878e-01  6.76503150e-01  9.20129607e-01  9.14035762e-01  4.24206179e-01  9.21451148e-01
7.78845118e-01  5.65026043e-01  9.56050408e-01  9.08440437e-01  4.08740247e-01  9.60971052e-01
7.71955515e-01  6.16315464e-01  9.46145083e-01  9.08672789e-01  4.48390308e-01  9.50145489e-01
8.40492211e-01  9.76163951e-01  4.79773769e-01  9.70639985e-01  9.87906518e-01  4.25786296e-01
9.01979404e-01  2.51588129e-01  7.41405007e-01  9.47090867e-01  1.58692464e-01  7.72012484e-01
7.68986425e-01  6.32013639e-01  9.46036555e-01  9.10967009e-01  3.93060442e-01  9.48461906e-01
8.35841597e-01  7.46257858e-01  6.44829516e-01  9.54446065e-01  5.32244927e-01  6.36900502e-01
8.95590902e-01  2.36809660e-01  7.72693769e-01  9.42210914e-01  1.65161575e-01  8.01779949e-01
9.09338895e-01  5.82096207e-01  5.01836608e-01  9.72196858e-01  5.85516459e-01  5.10541633e-01
8.39982939e-01  8.93144975e-01  5.35401243e-01  9.62849970e-01  8.67477861e-01  5.04088247e-01
8.53041926e-01  8.96948724e-01  4.88588784e-01  9.73409016e-01  8.23368836e-01  4.46769937e-01
7.74971188e-01  5.34706026e-01  9.88894714e-01  9.05234537e-01  3.60773516e-01  9.92821955e-01
7.51014414e-01  6.61423181e-01  9.87975161e-01  9.04450402e-01  3.97937601e-01  9.89099627e-01
8.94136412e-01  7.11460256e-01  4.69471772e-01  9.73215460e-01  7.76278660e-01  4.59097813e-01
9.74906491e-01  3.95650090e-01  4.00242787e-01  9.94042280e-01  3.51783980e-01  4.25501039e-01
8.14731342e-01  3.32143021e-01  9.85394202e-01  9.11751492e-01  1.87587866e-01  9.91810553e-01
8.41310547e-01  2.08017033e-01  9.75725327e-01  9.14871919e-01  1.30762882e-01  9.85181170e-01
9.87552447e-01  3.27972372e-01  4.01240408e-01  9.94893808e-01  2.83119242e-01  4.36207404e-01
9.46402009e-01  4.08060167e-01  4.88974285e-01  9.80796521e-01  3.28297531e-01  5.15960797e-01
9.21365728e-01  5.18433725e-01  5.02330166e-01  9.78083589e-01  4.05284837e-01  5.15230020e-01
7.87294051e-01  5.03492890e-01  9.67313176e-01  9.11453285e-01  2.81315304e-01  9.71654369e-01
8.46145459e-01  9.32173575e-01  4.89137318e-01  9.70293513e-01  9.20376088e-01  4.43906989e-01
8.37916384e-01  8.45812709e-01  5.73148688e-01  9.61285850e-01  7.15129845e-01  5.49985822e-01
8.03122923e-01  4.47145858e-01  9.50142534e-01  9.12555767e-01  3.10690252e-01  9.57668640e-01
8.78357626e-01  7.64117949e-01  4.88864020e-01  9.76328246e-01  6.58332326e-01  4.66908013e-01
8.33256665e-01  9.34091854e-01  5.31657380e-01  9.63895800e-01  8.86677751e-01  4.92862120e-01
7.90619207e-01  6.78098577e-01  8.42647822e-01  9.22228942e-01  5.21734529e-01  8.45952325e-01
8.58898008e-01  1.79283981e-01  9.34652239e-01  9.20801865e-01  1.21983378e-01  9.49224111e-01
8.06020484e-01  6.84757688e-01  7.86023120e-01  9.29854365e-01  5.54292763e-01  7.89391706e-01
9.81179783e-01  3.19195625e-01  4.28577026e-01  9.91687773e-01  2.47901612e-01  4.65055636e-01
9.42692597e-01  5.37087036e-01  4.17803042e-01  9.86763041e-01  5.49038761e-01  4.25733364e-01
9.31900837e-01  5.70942798e-01  4.32765009e-01  9.87004970e-01  5.08037563e-01  4.34351537e-01
9.41656002e-01  2.82002212e-01  5.86929232e-01  9.66962821e-01  2.34131337e-01  6.26831922e-01
8.30192077e-01  5.44212070e-01  7.95191784e-01  9.32043448e-01  4.21997384e-01  8.06503550e-01
9.91030519e-01  3.21789034e-01  3.93444877e-01  9.96763074e-01  2.65434587e-01  4.28385559e-01
8.90649372e-01  6.14597633e-01  5.44198761e-01  9.70827098e-01  4.69141720e-01  5.46723508e-01
8.72688391e-01  2.28343948e-01  8.55964582e-01  9.30683314e-01  1.57773856e-01  8.77435616e-01
8.23920147e-01  2.89475478e-01  9.81892685e-01  9.12725902e-01  1.71343132e-01  9.89387253e-01
8.53078539e-01  2.22414967e-01  9.26707839e-01  9.21591752e-01  1.38061808e-01  9.40889717e-01
9.38634992e-01  3.12379359e-01  5.77465817e-01  9.68027664e-01  2.56256612e-01  6.14794999e-01
9.62003680e-01  4.07423921e-01  4.36411083e-01  9.89519905e-01  3.23911163e-01  4.61060196e-01
8.94569384e-01  2.66963398e-01  7.56585021e-01  9.43763888e-01  1.91962542e-01  7.85511996e-01
8.29368857e-01  9.13609159e-01  5.58157102e-01  9.60775148e-01  8.33061058e-01  5.25494793e-01
8.33686787e-01  9.22811711e-01  5.37520549e-01  9.65327885e-01  8.19648708e-01  4.99460942e-01
8.40403074e-01  3.12029298e-01  9.11269163e-01  9.21372273e-01  2.10148140e-01  9.24808077e-01
8.50088236e-01  2.37697921e-01  9.26641839e-01  9.20619148e-01  1.62927181e-01  9.40755472e-01
9.26249741e-01  6.06579157e-01  4.28520203e-01  9.86338222e-01  5.64225297e-01  4.24881761e-01
9.54608356e-01  2.72425067e-01  5.49165997e-01  9.73055802e-01  2.19084074e-01  5.91306804e-01
8.66073414e-01  8.55551616e-01  4.71214866e-01  9.73721314e-01  8.60769953e-01  4.35961923e-01
8.13644202e-01  7.12929121e-01  7.41843507e-01  9.35116198e-01  6.06577917e-01  7.43342314e-01
8.91488922e-01  7.50695520e-01  4.52989461e-01  9.78985164e-01  7.38048589e-01  4.31104046e-01
8.39485726e-01  2.21328354e-01  9.73279470e-01  9.15521671e-01  1.24275748e-01  9.82542203e-01
8.30651676e-01  4.83399350e-01  8.33115863e-01  9.29707848e-01  3.21687466e-01  8.45097283e-01
8.60776368e-01  6.91507430e-01  5.96002213e-01  9.62031002e-01  5.18488032e-01  5.92021466e-01
7.51222300e-01  6.76422184e-01  9.77529648e-01  9.04921779e-01  4.28960412e-01  9.78772633e-01
9.30335918e-01  3.75251959e-01  5.64828053e-01  9.70577177e-01  2.70490603e-01  5.95096397e-01
7.71176106e-01  6.60728773e-01  9.19954797e-01  9.12915890e-01  4.50326484e-01  9.22481964e-01
9.14210339e-01  6.75024457e-01  4.24964351e-01  9.79859922e-01  7.79871302e-01  4.15648638e-01
8.57723928e-01  1.93323308e-01  9.29523563e-01  9.21347266e-01  1.28096751e-01  9.44287479e-01
9.37641931e-01  3.32089377e-01  5.68041966e-01  9.70862218e-01  2.31148553e-01  6.02531449e-01
9.15346923e-01  6.01014263e-01  4.69452011e-01  9.82288172e-01  4.90037806e-01  4.68832825e-01
8.40576810e-01  3.43593201e-01  8.90185367e-01  9.25294868e-01  1.92784210e-01  9.03744009e-01
7.85060700e-01  5.40388242e-01  9.50939567e-01  9.10040731e-01  3.84279559e-01  9.56468905e-01
9.55805052e-01  2.98577660e-01  5.28123767e-01  9.76227336e-01  2.32318219e-01  5.67855305e-01
9.18233038e-01  6.12283057e-01  4.52038208e-01  9.81560055e-01  5.83701534e-01  4.50933266e-01
8.74256076e-01  3.16837370e-01  7.93184743e-01  9.39068692e-01  1.91689050e-01  8.15682330e-01
8.32651637e-01  3.38126330e-01  9.20649128e-01  9.20791360e-01  1.94931057e-01  9.32115863e-01
8.09261011e-01  7.06349902e-01  7.61000622e-01  9.35367014e-01  5.22696448e-01  7.61483476e-01
8.00879058e-01  4.04321535e-01  9.85570125e-01  9.08267187e-01  2.82797369e-01  9.91735514e-01
7.58936359e-01  6.44383606e-01  9.72134222e-01  9.04296421e-01  4.62068359e-01  9.74987270e-01
8.07691061e-01  3.88851185e-01  9.72480739e-01  9.10467568e-01  2.73635480e-01  9.79783290e-01
8.19945254e-01  4.92955089e-01  8.63270401e-01  9.26388179e-01  2.94339775e-01  8.72822375e-01
8.60993933e-01  8.15244950e-01  5.14630602e-01  9.65443157e-01  8.41876384e-01  4.93488622e-01
7.37185003e-01  7.87405457e-01  9.53138911e-01  9.06744233e-01  4.95783894e-01  9.51352899e-01
9.06691938e-01  2.38539605e-01  7.33873730e-01  9.47366946e-01  1.74639124e-01  7.66487696e-01
8.35852688e-01  7.36849179e-01  6.50898792e-01  9.47275580e-01  6.78001982e-01  6.48560149e-01
8.64973546e-01  8.69044523e-01  4.66189452e-01  9.71706686e-01  9.39833274e-01  4.30265000e-01
8.55739090e-01  3.64055200e-01  8.25408158e-01  9.31763411e-01  2.69743113e-01  8.44146961e-01
9.79423898e-01  2.89491367e-01  4.53823411e-01  9.85688135e-01  2.76925056e-01  4.96691386e-01
1.00561931e+00  2.74887096e-01  3.74357593e-01  9.98144707e-01  2.75964489e-01  4.17047600e-01
9.28900056e-01  3.92418831e-01  5.58558087e-01  9.68861043e-01  3.43771661e-01  5.88846828e-01
8.61505638e-01  2.31948044e-01  8.91600989e-01  9.25572773e-01  1.61154902e-01  9.09409162e-01
8.55089000e-01  6.50107206e-01  6.42193203e-01  9.55143167e-01  4.82036122e-01  6.44768160e-01
8.51922139e-01  9.07078689e-01  4.85814077e-01  9.69167110e-01  9.42436334e-01  4.45935526e-01
7.60912203e-01  6.18439845e-01  9.82269815e-01  9.03214466e-01  4.46869186e-01  9.85503726e-01
8.30691504e-01  1.01223793e+00  4.89633097e-01  9.70349455e-01  9.78911208e-01  4.29766953e-01
9.37392635e-01  2.47972655e-01  6.23499244e-01  9.63361749e-01  1.76052521e-01  6.63596045e-01
7.58490310e-01  8.35217661e-01  8.49742572e-01  9.21526112e-01  5.53032706e-01  8.43089837e-01
8.73707567e-01  7.27290672e-01  5.28563134e-01  9.71248447e-01  5.89361789e-01  5.15717365e-01
9.55115778e-01  4.55058515e-01  4.28874096e-01  9.89939321e-01  3.74452933e-01  4.46471514e-01
9.27571230e-01  3.69331350e-01  5.78059710e-01  9.68799485e-01  2.61570419e-01  6.08595025e-01
7.78824298e-01  5.87587882e-01  9.41471255e-01  9.09753266e-01  4.34722621e-01  9.46435314e-01
9.59839430e-01  3.82855039e-01  4.59710167e-01  9.83556138e-01  3.59952955e-01  4.90813541e-01
8.15344578e-01  8.63269876e-01  6.38461773e-01  9.51437305e-01  6.90490917e-01  6.18934923e-01
7.25055261e-01  7.78749278e-01  9.99952970e-01  9.00373519e-01  4.66463849e-01  9.99106976e-01
8.51542285e-01  3.86578992e-01  8.25036910e-01  9.33574431e-01  2.31109144e-01  8.41630741e-01
8.06765888e-01  5.48190635e-01  8.72163331e-01  9.24085510e-01  3.30661942e-01  8.79035411e-01
7.98859194e-01  4.16317850e-01  9.84641362e-01  9.10507365e-01  2.30432104e-01  9.89700428e-01
