2.84445488e-01  7.18159671e-01  3.67889201e-01
2.56102516e-01  3.08355969e-01  3.17512813e-01
3.89362192e-01  3.01430386e-01  2.64426411e-01
5.80220552e-01  3.27065861e-01  8.70915126e-01
9.39662966e-01  3.65705861e-01  9.21871738e-01
9.36720386e-01  2.75505907e-01  4.07305764e-01
7.99889258e-01  9.89587274e-01  5.32388993e-01
3.11104011e-01  9.02746294e-01  3.03239607e-01
7.17194642e-01  4.53995434e-01  4.03962597e-01
5.52357034e-01  2.52717582e-01  4.12616635e-01
2.83247008e-01  3.34114370e-01  6.00625244e-01
8.53475888e-01  9.25601814e-01  2.71670374e-01
9.87164181e-01  3.86439695e-01  2.99792430e-01
9.83888420e-01  9.87141028e-01  9.73119183e-01
9.82593102e-01  9.36403673e-01  4.62617741e-01
5.11808213e-01  3.53476568e-01  8.68568578e-01
2.68433292e-01  5.05136728e-01  6.68353827e-01
4.42979517e-01  9.55107757e-01  2.63332943e-01
3.69819966e-01  2.94941598e-01  4.09883279e-01
4.92308826e-01  2.71150640e-01  3.88764105e-01
2.76600465e-01  2.90873004e-01  5.07933641e-01
8.40386473e-01  8.52064200e-01  9.45659368e-01
3.83295205e-01  7.91801673e-01  3.90659288e-01
4.49156164e-01  3.00474342e-01  2.82335260e-01
2.87216904e-01  4.04796671e-01  8.78247622e-01
3.50929964e-01  5.77000864e-01  9.08209200e-01
2.90103853e-01  9.18519404e-01  8.19779157e-01
3.47629815e-01  9.03715480e-01  9.10086988e-01
9.89903763e-01  4.16888991e-01  8.06097824e-01
7.40582034e-01  9.78903566e-01  9.60676821e-01
8.46552481e-01  5.99235600e-01  9.99236851e-01
8.89772621e-01  3.99915581e-01  2.83808426e-01
9.36995966e-01  6.24880559e-01  3.66634159e-01
9.81554942e-01  9.25135238e-01  9.62557769e-01
2.65643617e-01  2.90199310e-01  5.41507031e-01
4.86818434e-01  9.75634566e-01  7.17270355e-01
9.20613455e-01  6.78599618e-01  6.07003592e-01
2.88286403e-01  8.13756342e-01  7.13553821e-01
2.65439542e-01  3.41739466e-01  3.86034451e-01
9.75798290e-01  2.85519242e-01  4.87290346e-01
4.26787230e-01  5.54311430e-01  5.95669965e-01
7.43087173e-01  4.14788225e-01  2.71322286e-01
4.26734664e-01  5.12710788e-01  9.85190510e-01
6.11940593e-01  2.68069603e-01  3.25702264e-01
4.91681486e-01  8.84432455e-01  9.64973739e-01
8.92832214e-01  9.60340397e-01  9.16378191e-01
9.28400147e-01  9.63711910e-01  2.54994116e-01
2.54781815e-01  9.21789895e-01  2.54140104e-01
3.40577196e-01  8.79807567e-01  6.75395212e-01
3.16377539e-01  9.92671123e-01  2.63908332e-01
7.84384494e-01  3.34550586e-01  9.33853404e-01
7.51380631e-01  2.81203993e-01  8.02046770e-01
9.62039593e-01  9.31201889e-01  6.85012388e-01
4.39671867e-01  9.61328266e-01  6.49517841e-01
5.09645659e-01  4.01859018e-01  9.80327025e-01
4.14195995e-01  8.76563589e-01  9.90601996e-01
9.74141085e-01  8.16273221e-01  8.58585834e-01
4.76728152e-01  3.36628405e-01  9.42408741e-01
9.94728999e-01  2.93320628e-01  2.91948303e-01
9.65432818e-01  8.88888485e-01  5.19171360e-01
8.82290409e-01  7.80593430e-01  5.43132018e-01
3.62117465e-01  8.02707060e-01  9.21962982e-01
3.92417743e-01  3.85573189e-01  9.94220120e-01
3.25100961e-01  2.82319889e-01  6.13615952e-01
3.52609936e-01  9.29368410e-01  8.73440984e-01
4.03207853e-01  7.93304488e-01  3.69094321e-01
5.49725197e-01  4.74758545e-01  2.79883317e-01
3.87350601e-01  3.27849561e-01  9.99542590e-01
2.55477936e-01  3.31472302e-01  2.82043656e-01
3.45177248e-01  3.60449198e-01  4.03288480e-01
8.22162569e-01  2.74145752e-01  2.79397544e-01
9.47498423e-01  4.66756159e-01  7.67778046e-01
9.00919139e-01  2.51431572e-01  8.66396064e-01
4.57780981e-01  9.07625963e-01  2.92352112e-01
8.53409943e-01  7.70647113e-01  9.54406304e-01
5.84971594e-01  2.81523440e-01  3.36441835e-01
9.05391367e-01  3.52436956e-01  8.13233273e-01
7.83515277e-01  5.83118384e-01  9.65197432e-01
6.05870349e-01  3.01213970e-01  3.26127481e-01
3.89415817e-01  9.01231316e-01  8.98560587e-01
4.33924607e-01  2.89809044e-01  9.40638892e-01
3.85988877e-01  8.35729798e-01  3.69877012e-01
9.37776852e-01  6.86449992e-01  9.85212739e-01
7.81835451e-01  4.10426139e-01  6.08550063e-01
4.13532782e-01  2.63840969e-01  9.33906949e-01
7.75583425e-01  8.93652389e-01  8.53159323e-01
9.93846235e-01  5.24876800e-01  8.55663373e-01
7.38265539e-01  9.69077813e-01  7.44864249e-01
2.95976844e-01  9.51949362e-01  8.54833730e-01
4.71237592e-01  2.95062079e-01  4.67504899e-01
8.87355382e-01  7.91827135e-01  8.69091683e-01
8.54400491e-01  7.72491801e-01  9.78217301e-01
9.75837376e-01  8.95566246e-01  3.26117335e-01
2.63364036e-01  4.17688466e-01  9.65174822e-01
9.83284163e-01  7.44202839e-01  6.87237432e-01
3.18563051e-01  3.74800420e-01  8.51603644e-01
7.80793881e-01  4.62063511e-01  2.67053487e-01
9.79986768e-01  6.25276776e-01  4.52896832e-01
5.76362995e-01  9.66271179e-01  9.95816263e-01
2.90653091e-01  7.68359124e-01  9.04261087e-01
9.34453804e-01  7.41593187e-01  4.54575467e-01
2.54957965e-01  9.79458706e-01  5.61686335e-01
9.71666955e-01  4.52335211e-01  9.75965835e-01
7.89675599e-01  8.16805110e-01  9.39381237e-01
9.91196957e-01  7.42643148e-01  5.20835778e-01
8.79559888e-01  8.80735547e-01  2.69176209e-01
7.28341469e-01  4.90063656e-01  9.90864688e-01
5.47928079e-01  9.98445892e-01  3.33704371e-01
9.93410604e-01  5.61562433e-01  3.32499155e-01
4.34244376e-01  9.67058445e-01  6.21497030e-01
7.52127151e-01  7.73532505e-01  9.71131273e-01
3.08206734e-01  5.61514620e-01  3.78370344e-01
8.82064463e-01  3.58915451e-01  8.03726689e-01
5.96150089e-01  4.28900934e-01  9.50601149e-01
7.71572381e-01  3.16617918e-01  9.44198375e-01
6.48107274e-01  3.25535861e-01  2.59769041e-01
2.51139505e-01  7.85353574e-01  2.55849935e-01
6.87355884e-01  8.47250606e-01  9.54515083e-01
7.01986648e-01  2.76681891e-01  6.69938524e-01
3.56459372e-01  8.43570969e-01  4.06010738e-01
7.16004126e-01  9.59023259e-01  9.41744779e-01
4.68861270e-01  8.01515813e-01  9.46112464e-01
5.61435856e-01  2.73375901e-01  2.93735915e-01
3.03224015e-01  3.82260574e-01  4.62657770e-01
9.96042216e-01  6.31513237e-01  7.55250838e-01
9.60224950e-01  5.52878066e-01  6.55947470e-01
9.22716673e-01  8.97561841e-01  8.07072119e-01
9.27063629e-01  2.55063293e-01  4.73237872e-01
8.86933237e-01  3.27716550e-01  2.98428015e-01
3.41069423e-01  5.88949614e-01  2.70476591e-01
4.21657763e-01  3.79469858e-01  4.07600498e-01
4.28925921e-01  9.39813280e-01  9.00944304e-01
7.45789195e-01  2.69987449e-01  8.23519809e-01
7.54595540e-01  9.11645406e-01  5.07272029e-01
9.70427789e-01  4.70037267e-01  7.43057773e-01
9.32666291e-01  5.86570532e-01  3.85820789e-01
9.20275634e-01  9.47229153e-01  9.34814417e-01
5.69739518e-01  9.74384162e-01  2.99574420e-01
9.27448584e-01  8.32202937e-01  7.65121073e-01
6.30895446e-01  9.76386713e-01  8.91673051e-01
2.84461003e-01  3.42856429e-01  5.91670028e-01
9.11082442e-01  7.19953312e-01  9.86298058e-01
2.63178690e-01  6.29717764e-01  3.62650856e-01
9.01657792e-01  3.42839223e-01  3.26581556e-01
9.45378601e-01  5.28859956e-01  9.90306248e-01
2.83405354e-01  7.44116625e-01  4.64922022e-01
7.38768573e-01  3.75856430e-01  9.22437304e-01
8.78684734e-01  6.87806201e-01  9.88998515e-01
9.89122486e-01  9.88998236e-01  5.01437262e-01
9.52203673e-01  4.66131385e-01  4.32523037e-01
4.42980552e-01  7.08901311e-01  2.92886367e-01
3.45220312e-01  3.82690866e-01  5.52219170e-01
9.97373655e-01  3.96648592e-01  2.90850211e-01
9.73528213e-01  9.36617818e-01  3.51840991e-01
9.87183894e-01  5.87321825e-01  2.84338804e-01
2.91188836e-01  3.01443623e-01  5.92538008e-01
4.77300570e-01  8.85568656e-01  4.11784679e-01
3.29172669e-01  3.98269556e-01  9.56819232e-01
9.81774846e-01  8.24401491e-01  8.66565767e-01
7.75705299e-01  6.02585229e-01  7.16087046e-01
9.79387816e-01  9.86462579e-01  6.13361016e-01
2.92424821e-01  3.32195700e-01  4.42835594e-01
3.57673551e-01  3.49669857e-01  4.89379765e-01
4.84264474e-01  9.73546010e-01  6.88245101e-01
5.01233992e-01  9.92288981e-01  5.41511620e-01
3.19741184e-01  9.22791644e-01  4.72523938e-01
9.61280758e-01  7.28285560e-01  7.87549319e-01
6.13020355e-01  3.73296219e-01  9.60211307e-01
6.05671427e-01  9.94654592e-01  9.18501431e-01
9.63336282e-01  5.62692720e-01  9.07631330e-01
6.23622447e-01  9.71622057e-01  9.38735950e-01
7.09345018e-01  3.08597754e-01  3.30605436e-01
3.75753754e-01  8.12963867e-01  8.57049377e-01
2.60093900e-01  8.18963015e-01  3.93658505e-01
9.68985470e-01  8.00460288e-01  5.45820520e-01
3.66013615e-01  4.13806266e-01  8.32837854e-01
3.26220209e-01  6.64337706e-01  3.87749514e-01
4.85726424e-01  2.97269688e-01  7.80091602e-01
3.83378576e-01  2.84727430e-01  9.70434479e-01
3.73584191e-01  4.85975276e-01  3.90613102e-01
7.78145767e-01  9.38498883e-01  7.04051177e-01
3.27644160e-01  8.21416890e-01  8.24666161e-01
6.12318290e-01  3.92262531e-01  9.98071763e-01
5.33432202e-01  6.53797880e-01  2.61145075e-01
3.51693342e-01  2.78161537e-01  8.45478237e-01
4.11957251e-01  5.18116155e-01  3.36139955e-01
3.39239187e-01  3.19672060e-01  9.17929911e-01
6.78628831e-01  9.27438578e-01  3.93403700e-01
4.05595758e-01  9.66267155e-01  3.18485900e-01
8.64525460e-01  6.75691557e-01  7.22543686e-01
3.81113335e-01  7.60315266e-01  7.53867069e-01
9.19341758e-01  9.29346023e-01  9.62233400e-01
8.44833902e-01  8.94734693e-01  7.91752098e-01
3.29558625e-01  9.58113051e-01  4.90418524e-01
9.83171495e-01  7.53259149e-01  4.25091208e-01
9.38337766e-01  2.80759135e-01  8.19156136e-01
9.87272969e-01  9.75688838e-01  9.45373624e-01
8.71962562e-01  9.71879657e-01  4.81966169e-01
9.24093824e-01  2.91200852e-01  8.09820353e-01
4.16065554e-01  3.27013536e-01  2.69306285e-01
9.66406142e-01  4.90458445e-01  7.82938357e-01
3.83055149e-01  4.45461741e-01  8.73052705e-01
5.43873122e-01  3.44776599e-01  8.67486095e-01
6.11897862e-01  4.22540972e-01  2.73067472e-01
3.26377480e-01  2.97178723e-01  3.30566028e-01
3.70606285e-01  3.07642382e-01  8.78366753e-01
8.99705146e-01  6.76226937e-01  3.19437967e-01
9.97978810e-01  6.86159884e-01  6.62552482e-01
4.45511882e-01  2.51963758e-01  8.95680038e-01
2.80457261e-01  3.04281241e-01  8.81478473e-01
9.72108678e-01  8.72252159e-01  5.97079321e-01
9.14337978e-01  3.65419863e-01  9.20849732e-01
9.08235149e-01  4.57336065e-01  8.60141079e-01
2.55191077e-01  9.76163889e-01  7.21550647e-01
6.03837190e-01  2.58277714e-01  7.16481300e-01
2.73427408e-01  4.90444474e-01  3.01606053e-01
6.05983672e-01  7.98867380e-01  9.83334210e-01
9.01153127e-01  7.74657212e-01  3.95012366e-01
6.35105989e-01  6.46136072e-01  6.59980581e-01
5.77299676e-01  9.50268225e-01  9.73096723e-01
8.51312235e-01  2.51408620e-01  5.21130550e-01
7.40334306e-01  9.71444730e-01  4.87570052e-01
3.05331731e-01  9.99366314e-01  8.14948757e-01
9.67613809e-01  3.82830702e-01  2.76184992e-01
2.77486080e-01  4.92027287e-01  7.50629246e-01
9.72655824e-01  3.16957612e-01  9.45961995e-01
9.33459315e-01  2.83079856e-01  2.83790685e-01
3.72067813e-01  3.43431598e-01  9.90586706e-01
2.62994708e-01  5.07066390e-01  8.80208228e-01
4.46327711e-01  2.53894020e-01  9.60267346e-01
7.50966755e-01  2.67965903e-01  9.69038622e-01
8.70313499e-01  3.43330709e-01  5.29874718e-01
2.50511404e-01  6.24337915e-01  2.67792005e-01
2.79971547e-01  7.18792804e-01  5.18495025e-01
8.97160007e-01  6.19865149e-01  9.78833168e-01
3.59596645e-01  9.46889741e-01  3.76825358e-01
4.00155988e-01  8.95784688e-01  7.73673243e-01
7.76861943e-01  3.23425841e-01  9.41437737e-01
8.02605661e-01  8.59948923e-01  9.49636521e-01
9.15880932e-01  9.51639027e-01  9.35011877e-01
6.29727482e-01  2.92573305e-01  9.88793455e-01
2.56602499e-01  4.77592748e-01  6.60672361e-01
2.53667598e-01  3.26087827e-01  5.11076246e-01
9.21100171e-01  3.80914570e-01  9.31597062e-01
3.46792347e-01  9.77229547e-01  5.07313253e-01
5.91248253e-01  2.75757232e-01  8.92411160e-01
2.86635878e-01  9.41787452e-01  8.15341153e-01
4.93656828e-01  9.68895564e-01  9.39101569e-01
6.57445675e-01  9.81171976e-01  7.88335139e-01
3.61592195e-01  6.93698394e-01  9.26236330e-01
4.49102835e-01  8.68150795e-01  8.37042279e-01
8.96098968e-01  3.52748808e-01  8.78386036e-01
3.05340027e-01  6.02957037e-01  9.82165405e-01
9.53883593e-01  2.95876881e-01  3.35548571e-01
2.66716834e-01  9.41150270e-01  9.80740613e-01
3.00893784e-01  5.28342675e-01  3.30169161e-01
9.85264886e-01  8.37806522e-01  4.77698616e-01
5.67623122e-01  2.56205486e-01  8.64223620e-01
2.88020592e-01  5.84212981e-01  4.46659865e-01
9.73776962e-01  3.74969418e-01  8.43693013e-01
3.32551854e-01  8.88637030e-01  7.87540606e-01
7.30770760e-01  2.60017263e-01  4.92444106e-01
9.35716669e-01  9.49340999e-01  9.69500959e-01
5.44269882e-01  7.27864333e-01  2.69483747e-01
7.75248819e-01  9.16737345e-01  9.64334193e-01
2.54824029e-01  3.66258009e-01  9.85721404e-01
3.08036073e-01  6.27500298e-01  9.76870880e-01
3.69370892e-01  8.30846297e-01  9.55056284e-01
9.91387039e-01  3.52607502e-01  6.84716650e-01
3.70952690e-01  5.66996485e-01  9.17513477e-01
7.91473539e-01  9.66055011e-01  4.91036858e-01
9.49084773e-01  7.53752033e-01  9.95329140e-01
6.64869898e-01  2.74679286e-01  8.44267607e-01
4.07739711e-01  3.51662825e-01  8.05742972e-01
3.02554458e-01  9.64814422e-01  5.65335055e-01
4.93409780e-01  2.58484875e-01  6.22215993e-01
9.93103692e-01  2.63942688e-01  2.64827534e-01
8.35253713e-01  9.27187322e-01  2.93004222e-01
7.94273976e-01  5.21312978e-01  7.85794789e-01
8.13863943e-01  9.01783850e-01  3.03094794e-01
5.37344310e-01  8.84258188e-01  8.81598560e-01
7.68787990e-01  9.78196526e-01  8.84086712e-01
2.60947877e-01  8.02401870e-01  3.20246965e-01
9.60205907e-01  2.61517645e-01  7.53843892e-01
3.40233702e-01  4.53348983e-01  2.76314035e-01
7.75034451e-01  7.26982682e-01  9.84179269e-01
4.18586406e-01  7.96962938e-01  3.67739499e-01
9.74742422e-01  3.97610289e-01  7.95167386e-01
9.07318534e-01  4.30165687e-01  8.77558031e-01
3.18322263e-01  2.89321976e-01  2.71888726e-01
3.47662570e-01  5.92715563e-01  3.83461625e-01
9.27910075e-01  6.56623612e-01  8.73202059e-01
9.53964683e-01  3.05942177e-01  3.98658472e-01
3.11888660e-01  8.19782829e-01  2.83199737e-01
5.19313314e-01  9.53442598e-01  9.69508720e-01
9.89667233e-01  6.84312516e-01  8.88048725e-01
3.15271236e-01  5.95244796e-01  8.83183681e-01
8.28728038e-01  3.92095588e-01  8.78451338e-01
4.66895868e-01  8.51156621e-01  9.77694495e-01
2.61887000e-01  5.25629220e-01  7.18797100e-01
6.16157198e-01  3.06232532e-01  3.11878752e-01
8.08654240e-01  9.08801024e-01  3.84885377e-01
2.61451210e-01  3.07272243e-01  7.12451850e-01
8.67449650e-01  9.89864820e-01  8.02888102e-01
5.15183054e-01  9.30780008e-01  4.10000571e-01
9.77672036e-01  8.58319634e-01  7.07632121e-01
9.97487834e-01  5.28175723e-01  8.81562338e-01
2.51770166e-01  8.57209002e-01  9.29443711e-01
5.25652970e-01  6.06131690e-01  9.87676164e-01
9.82715879e-01  9.09948529e-01  8.53140708e-01
8.89471157e-01  3.90992366e-01  9.72808737e-01
8.36950033e-01  3.39681084e-01  9.34096869e-01
8.49972183e-01  9.22381698e-01  9.39670936e-01
6.58762494e-01  8.90692662e-01  9.32442784e-01
6.96407275e-01  9.24771005e-01  4.06181096e-01
2.82798809e-01  6.41457045e-01  9.52397109e-01
4.61442079e-01  2.81301863e-01  3.10232933e-01
2.51952715e-01  9.82409279e-01  8.98881047e-01
3.55809440e-01  7.82462535e-01  4.46307840e-01
3.89410641e-01  3.32551751e-01  9.84453171e-01
5.30326645e-01  9.37880517e-01  3.69807044e-01
2.59370639e-01  2.91326347e-01  8.22854302e-01
2.95157635e-01  7.17788671e-01  6.24941061e-01
2.67377268e-01  3.30394957e-01  5.33353734e-01
7.88533282e-01  9.84948608e-01  9.92790263e-01
5.02246448e-01  9.93798498e-01  3.57857726e-01
8.38478082e-01  4.87649906e-01  8.88785758e-01
2.69285053e-01  2.78036219e-01  7.02808334e-01
9.90930744e-01  3.61785958e-01  8.51026706e-01
2.88159400e-01  2.98770504e-01  9.92598213e-01
4.48355992e-01  3.72643054e-01  3.09847069e-01
3.61376999e-01  7.80637396e-01  8.50298797e-01
3.11837319e-01  9.84696629e-01  2.62389277e-01
8.22836440e-01  9.76011118e-01  9.90243180e-01
3.32736229e-01  4.75998333e-01  3.90113979e-01
8.78767730e-01  4.64123768e-01  5.88812230e-01
9.74207549e-01  3.31011444e-01  7.24651588e-01
9.27245874e-01  8.15664261e-01  8.45134470e-01
4.91983407e-01  3.90288591e-01  4.21792806e-01
3.01075257e-01  3.92568028e-01  5.34874508e-01
7.18538525e-01  7.27967097e-01  2.68488543e-01
9.13302000e-01  3.35539866e-01  7.27325539e-01
4.52302731e-01  8.86785261e-01  3.60057701e-01
9.17406035e-01  4.44442151e-01  4.47863836e-01
2.64801369e-01  6.34850425e-01  5.27271960e-01
4.28843596e-01  2.86478703e-01  5.96215302e-01
5.19473584e-01  8.83700734e-01  9.50126233e-01
9.44552018e-01  2.61036663e-01  2.57538898e-01
9.60338617e-01  2.78847417e-01  8.51410565e-01
9.77778216e-01  7.52312433e-01  3.31566241e-01
9.91016287e-01  6.62543485e-01  2.70337251e-01
6.29191928e-01  2.88528000e-01  9.43057909e-01
8.98136512e-01  9.89468652e-01  7.79657719e-01
2.90325555e-01  3.02660405e-01  4.49588605e-01
7.51677927e-01  4.12419963e-01  9.98129263e-01
8.50942032e-01  5.89728705e-01  9.45183584e-01
8.78597700e-01  2.97063721e-01  9.50277460e-01
3.67032181e-01  2.87224280e-01  4.18511602e-01
9.65705131e-01  3.32279696e-01  3.59184095e-01
6.69092657e-01  2.95887817e-01  3.56468931e-01
7.06357726e-01  8.36537423e-01  2.73467559e-01
9.31503922e-01  3.54161312e-01  9.02137877e-01
7.64545722e-01  6.86525724e-01  2.59265597e-01
7.15204810e-01  3.79388901e-01  9.01098481e-01
9.69456745e-01  5.99507510e-01  2.85765001e-01
9.78912798e-01  9.48106923e-01  9.87795090e-01
3.88514955e-01  7.39982836e-01  3.68879865e-01
3.09182759e-01  4.08480202e-01  9.77537398e-01
9.51270374e-01  9.08415145e-01  9.77303309e-01
2.63195668e-01  7.02918196e-01  8.65814789e-01
2.76477259e-01  8.53401554e-01  4.49890127e-01
9.89080188e-01  5.07951890e-01  5.45558327e-01
5.59106521e-01  2.77830343e-01  8.24195850e-01
2.66937750e-01  7.12293938e-01  4.91201110e-01
4.51108739e-01  3.41508782e-01  4.00656715e-01
9.48680127e-01  9.19089566e-01  3.63887695e-01
8.83213968e-01  3.12393409e-01  3.58953438e-01
9.59659747e-01  4.36634498e-01  9.07629229e-01
8.14586424e-01  9.57946093e-01  3.41732246e-01
6.53020512e-01  2.64343747e-01  6.53784336e-01
5.76270025e-01  4.11299052e-01  2.51466125e-01
8.61020630e-01  3.24107055e-01  7.24941602e-01
3.17846942e-01  9.06443902e-01  4.17310546e-01
5.83426116e-01  4.72444417e-01  6.49745109e-01
4.79230171e-01  2.87724595e-01  9.89711430e-01
8.17190809e-01  8.86770652e-01  3.77330358e-01
7.62336804e-01  3.55855452e-01  8.78900828e-01
3.34391415e-01  7.49291013e-01  3.00372236e-01
2.50153352e-01  3.79597492e-01  2.92672813e-01
9.50881810e-01  2.76619736e-01  5.05018992e-01
9.99725497e-01  7.68166160e-01  7.47622407e-01
6.37286344e-01  4.69115373e-01  2.69408277e-01
4.93503403e-01  9.42214321e-01  8.24320517e-01
4.45696743e-01  3.14277819e-01  7.40583192e-01
5.49129222e-01  9.90425720e-01  7.62324686e-01
5.63586637e-01  2.81823547e-01  4.71512878e-01
2.75871270e-01  7.52705560e-01  9.85131379e-01
9.27075729e-01  3.87171942e-01  9.74589041e-01
3.09423592e-01  4.12457826e-01  4.16070494e-01
6.74917358e-01  9.85274336e-01  8.81248483e-01
8.93743255e-01  2.75577207e-01  4.59813234e-01
8.91481927e-01  7.99991662e-01  3.68402261e-01
8.86981458e-01  3.20494676e-01  9.21941138e-01
9.81552042e-01  4.19982988e-01  2.64433492e-01
8.33649567e-01  4.36577687e-01  8.80477615e-01
8.81761332e-01  8.53922700e-01  3.25613171e-01
9.12941452e-01  2.90900691e-01  5.77183193e-01
9.93348131e-01  5.57556461e-01  3.77778340e-01
7.89366282e-01  6.58772300e-01  9.71758494e-01
6.64492244e-01  9.56394063e-01  4.11623246e-01
5.58665661e-01  3.92000409e-01  9.97077206e-01
9.81672203e-01  4.75092389e-01  3.22521543e-01
2.70471104e-01  8.32968099e-01  2.71210387e-01
7.68997265e-01  3.71453473e-01  9.80617398e-01
3.18303741e-01  9.63930611e-01  8.67624456e-01
9.43892841e-01  9.69638565e-01  8.95226815e-01
3.36117868e-01  3.16758528e-01  4.68885326e-01
2.91331668e-01  9.64591615e-01  8.42428880e-01
5.25333182e-01  9.65987474e-01  3.66969916e-01
2.64869779e-01  9.78191019e-01  7.23301921e-01
7.44961298e-01  3.01182055e-01  8.79029618e-01
2.91703722e-01  7.56356285e-01  3.23277344e-01
2.86406751e-01  3.06050494e-01  3.84008276e-01
8.39849386e-01  4.49160459e-01  9.01330287e-01
4.57610263e-01  7.81181329e-01  9.70489610e-01
5.48035750e-01  2.86534292e-01  2.50803306e-01
6.94227853e-01  9.21068537e-01  8.77776512e-01
3.56023324e-01  4.25573591e-01  9.48620619e-01
9.53386340e-01  4.06001761e-01  2.83185154e-01
9.73889489e-01  3.69282199e-01  2.67756457e-01
3.49587711e-01  9.22456736e-01  4.73786794e-01
3.28467320e-01  5.97957970e-01  7.62646213e-01
8.07487227e-01  8.37300482e-01  2.51940508e-01
2.86152199e-01  3.12654263e-01  6.87685188e-01
8.34700613e-01  8.40533314e-01  3.90451095e-01
5.32128821e-01  8.73460091e-01  3.11022891e-01
2.75058344e-01  5.79410660e-01  4.90348318e-01
7.24681517e-01  2.55054703e-01  6.32472072e-01
4.39431872e-01  2.60841266e-01  4.56415867e-01
9.00608663e-01  9.39994342e-01  7.77346698e-01
2.87425142e-01  5.39305773e-01  9.14954183e-01
8.60193562e-01  7.47947403e-01  4.05991684e-01
5.26807872e-01  7.78879233e-01  2.65092799e-01
2.93065516e-01  5.18890339e-01  9.40598954e-01
4.35188029e-01  3.23677597e-01  7.82524512e-01
4.81519247e-01  2.53044847e-01  5.55979154e-01
7.07004604e-01  8.41839289e-01  2.99879017e-01
6.72948048e-01  7.73216403e-01  2.53041270e-01
6.15109858e-01  2.68644836e-01  4.41047467e-01
3.34372011e-01  7.99858482e-01  7.89685422e-01
8.43912844e-01  4.31695775e-01  9.63888648e-01
8.45487528e-01  2.55740518e-01  5.05960774e-01
4.43480222e-01  4.39963247e-01  6.84768112e-01
4.73017014e-01  8.16420887e-01  3.28543185e-01
3.45510261e-01  4.11088109e-01  1.00003518e+00
8.76409338e-01  3.01619918e-01  9.74000231e-01
9.44004893e-01  5.08024338e-01  9.22494171e-01
6.96153940e-01  8.16413394e-01  2.64555241e-01
9.60789541e-01  7.42615699e-01  3.40290092e-01
8.17632735e-01  5.81502063e-01  7.37826903e-01
7.31485321e-01  2.52416457e-01  6.20134731e-01
2.59328645e-01  9.77804955e-01  3.20998508e-01
8.79421671e-01  9.48636630e-01  8.66984446e-01
9.50592940e-01  9.13578963e-01  5.69693617e-01
2.78827080e-01  5.20860765e-01  3.00097594e-01
2.63091999e-01  5.86591120e-01  3.35645341e-01
2.92943175e-01  6.04387307e-01  4.24073749e-01
5.78376432e-01  8.51046992e-01  3.23563796e-01
3.82248573e-01  3.26327493e-01  3.04749880e-01
3.71784900e-01  3.08574058e-01  3.04760057e-01
8.75715952e-01  9.23224730e-01  2.83359268e-01
4.20080353e-01  3.35466633e-01  9.28214964e-01
7.42398863e-01  4.70044724e-01  6.57458554e-01
7.78668687e-01  9.16631191e-01  8.03219199e-01
3.56657815e-01  5.64743708e-01  9.12859465e-01
2.76606165e-01  9.51164670e-01  6.95136698e-01
3.10607635e-01  9.15007530e-01  2.58552233e-01
8.75511638e-01  6.66268266e-01  2.52945796e-01
8.49077442e-01  9.64566602e-01  8.93459519e-01
9.51787392e-01  8.03645242e-01  6.01696441e-01
2.61644940e-01  9.80637750e-01  3.83705741e-01
4.90060285e-01  3.28338780e-01  3.88233779e-01
3.92510491e-01  9.40083959e-01  7.80549838e-01
3.07754215e-01  8.39929674e-01  5.99996449e-01
9.08486123e-01  3.38340588e-01  3.31630391e-01
3.05334358e-01  2.73550613e-01  9.88991752e-01
3.55570066e-01  2.60221458e-01  8.83867066e-01
2.73704230e-01  5.48534298e-01  2.74377783e-01
8.93321651e-01  3.06876951e-01  5.15043040e-01
9.87784159e-01  8.71174682e-01  2.85352257e-01
8.93452127e-01  9.37678367e-01  6.33892410e-01
9.55125686e-01  5.69487522e-01  9.00209180e-01
3.64502648e-01  4.66785211e-01  8.44219921e-01
6.83572240e-01  3.30116489e-01  8.90599842e-01
3.99625838e-01  9.80970926e-01  5.86296187e-01
9.81485348e-01  7.79441187e-01  4.72467254e-01
9.51627037e-01  5.42671088e-01  4.38655918e-01
3.53423139e-01  7.73081636e-01  9.84688183e-01
2.79359517e-01  3.35853805e-01  3.05478609e-01
7.70921847e-01  2.87638376e-01  4.53907058e-01
6.01850681e-01  8.82288236e-01  6.66149028e-01
3.19357898e-01  7.33134329e-01  8.22285137e-01
9.67234887e-01  8.58764624e-01  7.19757819e-01
6.75812639e-01  4.77079718e-01  2.51063784e-01
3.56886722e-01  2.55865658e-01  7.93564530e-01
8.32165455e-01  9.66856878e-01  3.59705678e-01
9.74016045e-01  5.29329343e-01  4.65246988e-01
2.75524334e-01  9.72606454e-01  4.54628662e-01
9.42559925e-01  9.22362148e-01  9.00328665e-01
5.32466061e-01  9.90766440e-01  6.70493857e-01
3.93415581e-01  9.66418796e-01  6.37988836e-01
3.10602103e-01  7.45813455e-01  4.59051792e-01
2.61635268e-01  3.42798077e-01  7.47084460e-01
9.67696577e-01  4.09243849e-01  6.61724769e-01
9.33395839e-01  3.81446248e-01  5.07984341e-01
9.17587434e-01  8.85378512e-01  3.53470279e-01
6.12252032e-01  9.99673584e-01  9.45143993e-01
9.14971616e-01  9.96939872e-01  3.64841890e-01
7.81643346e-01  3.28269023e-01  3.84701748e-01
7.99444476e-01  4.22755214e-01  9.44592796e-01
9.15380241e-01  9.79309129e-01  8.97704793e-01
2.86472606e-01  5.60616985e-01  3.70281280e-01
9.86484831e-01  6.63359506e-01  5.05231991e-01
3.35723319e-01  9.22057946e-01  6.79520252e-01
8.12313852e-01  9.67301387e-01  9.19385206e-01
9.31974161e-01  2.73919551e-01  8.70313957e-01
7.49572330e-01  9.22298653e-01  5.19178095e-01
9.23539247e-01  3.14559014e-01  9.36744794e-01
4.10008603e-01  2.53873780e-01  2.83994234e-01
9.09559115e-01  9.44802909e-01  9.66266356e-01
9.73723412e-01  9.78901219e-01  2.91194994e-01
3.18392984e-01  2.52864216e-01  4.92725273e-01
4.28957598e-01  9.52980326e-01  7.41515592e-01
3.40135933e-01  4.00669621e-01  7.46022092e-01
8.13776275e-01  2.74625217e-01  8.60436917e-01
7.37839990e-01  9.22188576e-01  2.90835385e-01
7.77985542e-01  2.62138372e-01  3.33655542e-01
8.50613892e-01  9.24101202e-01  6.82912442e-01
4.49623091e-01  8.33005030e-01  3.72471626e-01
7.26063271e-01  3.72986765e-01  3.04313258e-01
6.42264490e-01  8.74324146e-01  9.37150423e-01
8.59039625e-01  3.69003236e-01  9.14226328e-01
5.78680686e-01  6.93177082e-01  9.11347397e-01
2.69210754e-01  2.61100558e-01  6.37518002e-01
2.57955442e-01  4.23268744e-01  9.81103949e-01
4.37399638e-01  9.48111963e-01  8.43356825e-01
7.50049616e-01  5.57533661e-01  2.51058830e-01
9.25873914e-01  9.41096557e-01  4.58439726e-01
7.42529750e-01  6.15366407e-01  9.86406332e-01
3.93799373e-01  9.40594725e-01  3.66276402e-01
4.90483708e-01  9.29345156e-01  2.84295885e-01
8.45298102e-01  9.71885797e-01  5.74925628e-01
2.50882105e-01  9.82894084e-01  9.29140455e-01
4.02209639e-01  4.17636325e-01  3.73599589e-01
2.82588946e-01  9.57567540e-01  6.16408758e-01
9.92610496e-01  4.86495003e-01  9.43671176e-01
9.94182161e-01  9.50578637e-01  6.96592804e-01
3.30746317e-01  8.13609574e-01  9.46277318e-01
3.55231551e-01  9.71849108e-01  3.17101084e-01
9.59573844e-01  5.48956755e-01  8.54178140e-01
5.29960587e-01  7.24108875e-01  3.45307809e-01
9.85621598e-01  3.40214495e-01  3.48198994e-01
9.93889405e-01  5.10864236e-01  3.88919916e-01
7.90267963e-01  4.24652888e-01  9.20675807e-01
9.56058290e-01  6.73892268e-01  3.73267240e-01
7.34122110e-01  8.05911046e-01  4.52674855e-01
9.63471126e-01  5.73326637e-01  2.74238854e-01
4.18600685e-01  7.68014793e-01  2.93444540e-01
3.84396672e-01  4.92345678e-01  3.33069149e-01
8.70805007e-01  2.78214757e-01  8.72299185e-01
2.78786579e-01  2.61286500e-01  5.33950525e-01
4.76258390e-01  9.15171494e-01  2.58177162e-01
5.79165604e-01  2.66008115e-01  7.32912328e-01
5.92171085e-01  9.98026277e-01  5.31072133e-01
7.19373104e-01  6.10103422e-01  9.96500284e-01
3.90155169e-01  8.94290501e-01  3.04612235e-01
5.42943818e-01  4.54612329e-01  3.05643710e-01
9.85010671e-01  6.42958544e-01  9.79997141e-01
2.93494436e-01  7.94928776e-01  3.99686165e-01
3.24176056e-01  8.77184013e-01  8.96318484e-01
9.81978092e-01  7.84456421e-01  5.86339962e-01
2.86855050e-01  2.65243613e-01  6.37219979e-01
6.14019499e-01  3.82918835e-01  9.21949163e-01
9.20518931e-01  9.56881066e-01  4.96532018e-01
3.85112493e-01  2.95241212e-01  8.65536321e-01
5.78095561e-01  9.93724768e-01  6.26973032e-01
7.12340998e-01  3.33129472e-01  3.56526407e-01
3.28359416e-01  4.76874439e-01  2.75270188e-01
3.04422245e-01  9.29950080e-01  5.08585369e-01
4.69665088e-01  3.19832197e-01  8.29621887e-01
7.12917470e-01  9.50916200e-01  9.53585018e-01
2.86458050e-01  8.96843116e-01  9.81452470e-01
9.87059613e-01  7.31948239e-01  2.75696470e-01
2.95801937e-01  6.89978861e-01  4.37383234e-01
9.97284150e-01  9.04508082e-01  5.89120553e-01
8.87148937e-01  8.76522075e-01  4.57994458e-01
9.95156089e-01  7.22450556e-01  5.33777447e-01
8.90888705e-01  4.77730919e-01  9.67091367e-01
3.75635935e-01  3.25757012e-01  8.87234246e-01
8.38481364e-01  2.73680709e-01  7.16937922e-01
2.71229536e-01  8.17240683e-01  3.27515789e-01
3.24951047e-01  9.74277878e-01  4.91952640e-01
6.27404483e-01  4.34314369e-01  9.75763635e-01
9.75816079e-01  7.34979880e-01  2.55028539e-01
4.20806823e-01  9.61756397e-01  3.72100873e-01
9.69834394e-01  3.35838886e-01  9.51065931e-01
4.67732566e-01  9.50909693e-01  2.57016126e-01
3.42044630e-01  7.64129409e-01  2.66689344e-01
2.76502482e-01  7.55283368e-01  2.64372673e-01
6.30857553e-01  9.17534581e-01  3.91110484e-01
3.04338199e-01  3.30526610e-01  8.55869590e-01
9.27130909e-01  6.31766396e-01  5.45869252e-01
2.52006753e-01  7.64143229e-01  5.04542209e-01
2.81978211e-01  2.66798196e-01  7.63252921e-01
3.72225792e-01  4.33640093e-01  9.59292449e-01
3.14409388e-01  9.92691881e-01  4.34223175e-01
9.48832582e-01  3.11656963e-01  5.26512395e-01
2.98338709e-01  9.72314544e-01  5.80402263e-01
3.95861657e-01  6.30110521e-01  5.37149749e-01
8.87270150e-01  3.96192087e-01  2.86203574e-01
8.44958454e-01  5.51841893e-01  9.74809135e-01
4.43446387e-01  4.66521032e-01  9.96108022e-01
9.61559159e-01  8.61141151e-01  5.09825085e-01
2.59206582e-01  2.55183140e-01  8.55077374e-01
7.40071942e-01  6.81058454e-01  2.67436406e-01
6.11904549e-01  9.86857008e-01  5.64349095e-01
9.26042100e-01  9.75318651e-01  4.06366801e-01
5.34213328e-01  2.74527552e-01  4.85390863e-01
7.45664142e-01  2.86553336e-01  9.52390122e-01
3.93063800e-01  3.74770086e-01  3.70138358e-01
2.88512732e-01  9.05514808e-01  9.21954741e-01
4.75224435e-01  9.38565419e-01  4.71006760e-01
9.00159390e-01  2.55673281e-01  4.08624318e-01
3.55547404e-01  9.46107803e-01  7.98820876e-01
2.57072829e-01  9.58216569e-01  9.24609567e-01
5.33033214e-01  3.80858553e-01  3.39128918e-01
3.80659465e-01  9.31722671e-01  3.51639407e-01
8.62003207e-01  8.52846115e-01  4.16954499e-01
6.42563525e-01  2.84959096e-01  9.09026032e-01
3.40291100e-01  5.56542211e-01  9.19319557e-01
7.45659107e-01  3.56796169e-01  9.70807453e-01
9.19844651e-01  9.50127848e-01  8.73230918e-01
8.72253677e-01  9.24267874e-01  3.55772553e-01
2.75807491e-01  4.34456937e-01  6.47502205e-01
5.80876725e-01  3.25364811e-01  9.45086105e-01
2.51218212e-01  8.83058431e-01  7.23464637e-01
2.50315483e-01  6.69087518e-01  6.06194215e-01
9.25124473e-01  4.14580607e-01  2.73107065e-01
2.98471690e-01  7.45695361e-01  3.05085987e-01
9.47271015e-01  9.65899441e-01  9.08797310e-01
7.34061004e-01  2.69947669e-01  8.90436004e-01
9.94247766e-01  8.84189960e-01  5.09068828e-01
8.27732401e-01  7.74557669e-01  3.14437800e-01
2.83914846e-01  2.99535524e-01  9.70695202e-01
7.31291626e-01  4.31690444e-01  2.85552137e-01
9.36356002e-01  9.02000777e-01  5.55770823e-01
9.62098167e-01  9.10076585e-01  4.16043383e-01
8.40988600e-01  9.60765241e-01  9.24149332e-01
2.61845916e-01  4.84686576e-01  6.09209528e-01
9.81166900e-01  8.91932491e-01  8.70455452e-01
9.21471884e-01  8.17554090e-01  9.48548375e-01
2.50420925e-01  7.08206793e-01  4.12230260e-01
2.61996370e-01  9.61149965e-01  5.19879962e-01
8.57135879e-01  5.70237418e-01  9.56378846e-01
9.77706535e-01  9.19100044e-01  9.96573949e-01
9.54790948e-01  7.37600156e-01  9.22400102e-01
9.85531124e-01  9.48447732e-01  5.30523798e-01
9.26491177e-01  5.41447660e-01  2.50596158e-01
7.13272559e-01  4.63802962e-01  2.85444433e-01
2.81098170e-01  9.98907006e-01  6.97003446e-01
2.54521271e-01  5.19501494e-01  3.16728547e-01
2.74034573e-01  3.31857647e-01  5.24444194e-01
6.74571401e-01  9.81100065e-01  9.80762707e-01
7.13280657e-01  3.42224652e-01  3.89684554e-01
9.97724850e-01  3.64589731e-01  9.22321484e-01
7.73023016e-01  9.48398860e-01  2.51753027e-01
9.00849735e-01  9.67859835e-01  4.93307108e-01
7.62877632e-01  6.76701654e-01  2.77892038e-01
2.58483693e-01  8.66501431e-01  5.05188476e-01
2.54987045e-01  7.16712031e-01  5.52226546e-01
5.04224853e-01  9.38522452e-01  9.68170125e-01
7.84479657e-01  9.25231794e-01  4.14668319e-01
9.76647296e-01  4.84337538e-01  3.58098204e-01
2.87641099e-01  8.77643260e-01  5.07732494e-01
7.68576461e-01  3.09130079e-01  4.22602910e-01
3.64450671e-01  2.74010921e-01  8.60601186e-01
4.58449015e-01  9.97725424e-01  8.86445162e-01
7.59934741e-01  9.04677470e-01  8.66562272e-01
2.63709631e-01  3.60945912e-01  3.02639948e-01
3.96733411e-01  3.25933956e-01  6.55470093e-01
3.17214715e-01  8.34069886e-01  4.32920351e-01
9.40493661e-01  5.43597165e-01  8.80743760e-01
7.01299305e-01  9.87660022e-01  3.24575367e-01
8.85629946e-01  3.42975715e-01  9.75716764e-01
9.86947555e-01  9.79751646e-01  7.77538607e-01
6.95953523e-01  9.69449940e-01  4.43499007e-01
2.50996892e-01  8.43020918e-01  9.89324696e-01
2.85878623e-01  9.52980503e-01  5.46758355e-01
4.17236607e-01  2.81069126e-01  9.97830109e-01
5.61402685e-01  3.05435115e-01  3.93257003e-01
2.60195322e-01  6.39718460e-01  7.67013520e-01
8.19958357e-01  3.72981004e-01  3.39121111e-01
8.19182065e-01  9.93476173e-01  2.56363158e-01
3.23918711e-01  3.94350480e-01  9.50399365e-01
4.83505812e-01  8.12180422e-01  9.48591093e-01
9.19248504e-01  4.14213040e-01  3.36801090e-01
9.96067673e-01  8.67221277e-01  7.27252077e-01
2.76642691e-01  7.17645336e-01  9.67316411e-01
4.23096242e-01  8.90641900e-01  9.66533519e-01
3.02735330e-01  8.98121588e-01  4.26381282e-01
2.91125900e-01  6.12279030e-01  7.67821432e-01
9.66178764e-01  6.67260033e-01  8.52694897e-01
2.71535462e-01  9.98504916e-01  6.97995667e-01
4.97365942e-01  3.10861191e-01  2.84384019e-01
3.37583514e-01  9.12755486e-01  5.83995487e-01
2.69536960e-01  3.18265365e-01  5.20531131e-01
2.67395877e-01  9.88583032e-01  8.64313569e-01
2.67664159e-01  9.96151088e-01  3.93336897e-01
9.27638165e-01  3.74207821e-01  5.79969097e-01
9.56083880e-01  6.36508222e-01  3.00826939e-01
3.89996003e-01  3.23320682e-01  3.50293976e-01
9.21260647e-01  9.52947452e-01  6.84349199e-01
9.55310873e-01  9.55803251e-01  5.77463122e-01
2.78960459e-01  4.58399630e-01  6.65568398e-01
3.99311466e-01  7.46269819e-01  9.92997273e-01
3.27403280e-01  3.15885225e-01  5.19640871e-01
7.54652101e-01  5.89729402e-01  2.67079452e-01
6.54548784e-01  3.38191822e-01  9.64082434e-01
9.85433582e-01  7.53286801e-01  2.97772343e-01
7.87784993e-01  9.33423360e-01  7.91830738e-01
3.24515337e-01  6.77821068e-01  9.86500759e-01
5.14216580e-01  9.80047059e-01  7.77821209e-01
9.76055068e-01  9.52139549e-01  6.04513846e-01
5.04103943e-01  3.04879320e-01  8.44661323e-01
3.10782906e-01  7.04406134e-01  9.83910766e-01
3.58858094e-01  3.33564839e-01  3.96163689e-01
7.09527681e-01  2.68669916e-01  9.67872067e-01
9.12378846e-01  4.76697520e-01  9.51312024e-01
9.58464851e-01  3.29446935e-01  6.90490308e-01
3.61676944e-01  3.05270071e-01  4.08703879e-01
8.56371595e-01  3.37590708e-01  8.00268849e-01
4.14200475e-01  5.47511500e-01  2.96841747e-01
8.84080509e-01  9.87172515e-01  4.93782201e-01
3.40370367e-01  9.77926628e-01  5.88819160e-01
4.92813675e-01  8.21064832e-01  9.44041022e-01
6.57096718e-01  9.79646607e-01  9.61397559e-01
6.45133324e-01  2.71687978e-01  8.90980266e-01
9.02861028e-01  2.56107054e-01  7.10359573e-01
9.96188203e-01  5.99184514e-01  3.65914342e-01
5.11139866e-01  9.71755106e-01  9.71644677e-01
8.38656451e-01  2.73992244e-01  8.70071656e-01
2.58366520e-01  3.93513507e-01  4.10943498e-01
9.18712046e-01  2.94952931e-01  9.24915209e-01
9.86611502e-01  9.66983997e-01  9.35173642e-01
8.22104071e-01  3.34191524e-01  2.90285766e-01
9.80662956e-01  9.01930615e-01  6.32473710e-01
2.80746964e-01  2.93740945e-01  2.89469475e-01
4.48343267e-01  9.69844750e-01  7.46546268e-01
6.34255464e-01  5.77104374e-01  9.44899358e-01
9.36890671e-01  2.56207201e-01  7.48559160e-01
9.89101507e-01  4.97184540e-01  7.42147669e-01
2.58483536e-01  9.56105612e-01  3.29144363e-01
8.30469018e-01  3.58798428e-01  9.84356502e-01
6.50923438e-01  3.21729080e-01  3.74678475e-01
5.07295380e-01  9.33329183e-01  6.62788797e-01
9.55612071e-01  8.04001023e-01  3.24766023e-01
4.04139704e-01  5.45426730e-01  2.66019418e-01
7.55675234e-01  5.96824831e-01  4.03814683e-01
2.56701417e-01  5.48680154e-01  7.69368755e-01
9.05701591e-01  4.58733995e-01  2.61416104e-01
7.67908759e-01  2.67755902e-01  7.21366064e-01
2.81650905e-01  9.16138772e-01  6.87923740e-01
9.42722626e-01  3.43059292e-01  6.54725156e-01
3.05854388e-01  2.64511314e-01  7.29359753e-01
9.96977949e-01  6.42892532e-01  5.36114654e-01
4.10934547e-01  9.67343672e-01  8.06296023e-01
9.29545573e-01  8.62167172e-01  6.68658750e-01
4.93639303e-01  9.25428571e-01  4.35570451e-01
3.32493596e-01  6.86062090e-01  3.19135644e-01
3.60216753e-01  5.89440792e-01  7.00976223e-01
6.33238315e-01  9.99376085e-01  5.98256898e-01
7.10514736e-01  2.81485624e-01  9.51581964e-01
6.43374398e-01  2.71991766e-01  3.06364213e-01
8.76135223e-01  9.27431483e-01  6.30602192e-01
9.05625016e-01  9.38653412e-01  3.87137977e-01
6.23885029e-01  5.25929882e-01  7.57993248e-01
4.77017020e-01  7.92213465e-01  8.79877278e-01
8.44291769e-01  8.06603198e-01  9.63663454e-01
5.26232409e-01  7.78356229e-01  7.34035137e-01
7.10290978e-01  4.34848106e-01  9.38811722e-01
9.48932268e-01  7.62780570e-01  3.14709568e-01
8.68272873e-01  7.09093730e-01  3.05808101e-01
9.34332089e-01  4.56776903e-01  3.09191559e-01
9.29683598e-01  9.87505465e-01  2.83277737e-01
4.10485549e-01  5.38295191e-01  3.32287605e-01
4.86349183e-01  2.90079087e-01  7.33942158e-01
3.73909960e-01  7.89006421e-01  3.69813641e-01
3.96400751e-01  9.11381241e-01  8.92855384e-01
3.62892098e-01  9.98819486e-01  9.13938940e-01
9.65591465e-01  4.40110102e-01  9.44902756e-01
5.07879058e-01  2.97025456e-01  8.40093410e-01
8.89487320e-01  8.56453559e-01  9.87161626e-01
3.28254518e-01  2.98929289e-01  7.64430692e-01
9.97266855e-01  5.90798352e-01  3.04046915e-01
7.22830281e-01  3.78766370e-01  2.52586520e-01
6.91722806e-01  9.09922601e-01  9.78594533e-01
2.66194763e-01  5.69020677e-01  5.16482167e-01
9.33696805e-01  4.21976763e-01  4.66195431e-01
3.42716628e-01  9.71634271e-01  3.12849299e-01
9.67438284e-01  4.10820315e-01  8.57703836e-01
3.29836503e-01  4.18843273e-01  9.10353744e-01
3.42393383e-01  3.81041139e-01  2.99356439e-01
8.21202236e-01  2.55739084e-01  9.53776289e-01
2.59734566e-01  8.58044864e-01  2.97970151e-01
3.50219626e-01  8.21768611e-01  4.75178003e-01
9.59099748e-01  4.34110861e-01  5.93240160e-01
2.93798184e-01  2.60737326e-01  2.51023562e-01
9.20088942e-01  3.03132955e-01  7.84448926e-01
9.37009216e-01  3.19682975e-01  8.01433219e-01
3.02077547e-01  9.35747073e-01  6.18471487e-01
3.22613608e-01  2.74248183e-01  5.02692407e-01
2.70329822e-01  4.72321624e-01  3.68462345e-01
8.38568586e-01  5.58237766e-01  6.27123235e-01
9.44354312e-01  7.50616968e-01  2.66178112e-01
4.19362751e-01  4.97734294e-01  6.96752811e-01
5.18110688e-01  7.28064221e-01  2.73349840e-01
8.78062499e-01  3.35447218e-01  9.94030602e-01
3.58858685e-01  4.03601514e-01  2.84587164e-01
6.14963515e-01  2.65910794e-01  3.08095133e-01
9.06584782e-01  3.35521035e-01  5.46801121e-01
8.70934041e-01  4.39255883e-01  8.18459952e-01
9.93965459e-01  4.33837570e-01  4.94626140e-01
9.28075924e-01  7.52244274e-01  9.33092803e-01
8.92828624e-01  4.60060561e-01  8.90047406e-01
4.85555946e-01  4.93048421e-01  9.91487734e-01
3.65557052e-01  3.23964881e-01  8.81683218e-01
9.13992691e-01  3.17921070e-01  4.16025762e-01
9.78222362e-01  8.23704878e-01  8.64972953e-01
3.08890191e-01  9.21337415e-01  8.76869293e-01
2.96719491e-01  7.53762015e-01  8.86209591e-01
7.49188601e-01  2.59026932e-01  5.69787727e-01
7.18052962e-01  4.01016999e-01  9.67106292e-01
5.65247281e-01  9.99776558e-01  3.43515689e-01
6.68653770e-01  9.71625499e-01  8.10823470e-01
9.85634949e-01  4.31905673e-01  3.63638242e-01
9.42352034e-01  9.00574961e-01  9.98134054e-01
6.73034301e-01  3.44984645e-01  9.08130915e-01
4.97191581e-01  9.54096954e-01  8.44571106e-01
8.93788921e-01  9.78578095e-01  3.79347509e-01
2.57476632e-01  9.43846885e-01  2.74484636e-01
9.57552944e-01  7.37086951e-01  8.97133386e-01
9.63533485e-01  3.25650659e-01  4.66912855e-01
9.62014491e-01  8.75426078e-01  8.35315535e-01
3.47061615e-01  4.14609174e-01  4.68548781e-01
4.75443842e-01  4.87946391e-01  9.29094871e-01
7.54825854e-01  9.07128027e-01  8.77997510e-01
8.39608449e-01  8.72388230e-01  8.11544535e-01
7.53626437e-01  3.33215436e-01  4.38219308e-01
7.01235305e-01  9.89568041e-01  7.16609779e-01
3.53788864e-01  9.79704615e-01  9.49226368e-01
6.98697095e-01  8.96134277e-01  2.99587848e-01
7.26558968e-01  2.69978677e-01  5.88382271e-01
3.17778181e-01  3.16836541e-01  7.60748817e-01
9.94888745e-01  8.78156163e-01  4.99899193e-01
3.00628882e-01  9.04472816e-01  8.20514863e-01
9.10926884e-01  9.03757599e-01  7.79550994e-01
7.03697184e-01  5.12250946e-01  8.88123468e-01
9.66678034e-01  8.79564075e-01  2.70047088e-01
6.19112765e-01  9.73033657e-01  8.98016098e-01
3.61540736e-01  9.31326277e-01  4.28490584e-01
7.38423999e-01  3.46205846e-01  3.80614710e-01
2.59752998e-01  7.56805434e-01  6.29432403e-01
9.79741568e-01  8.25245519e-01  8.32537594e-01
4.06109027e-01  9.78688942e-01  9.81182268e-01
9.97081968e-01  4.05432856e-01  3.78110224e-01
4.73950547e-01  4.54072476e-01  9.18156926e-01
9.15923298e-01  5.43558952e-01  9.29041096e-01
9.60047911e-01  5.42918686e-01  8.09591720e-01
9.63616106e-01  9.82783726e-01  8.91891520e-01
4.33333790e-01  9.49650747e-01  9.28769836e-01
2.66293234e-01  6.47682888e-01  9.11422489e-01
6.53771582e-01  9.88809274e-01  3.67029311e-01
6.25416106e-01  8.63648050e-01  9.65750044e-01
3.68082259e-01  9.88883958e-01  9.84812701e-01
8.66617957e-01  9.42464996e-01  4.39813401e-01
8.72058107e-01  2.86751448e-01  5.94376154e-01
9.39057685e-01  5.80875255e-01  9.52717355e-01
8.64696251e-01  2.53017884e-01  4.10654113e-01
3.22919232e-01  9.88042382e-01  6.49335641e-01
2.85325213e-01  9.31930944e-01  5.21853957e-01
8.66314729e-01  2.53941980e-01  2.98107071e-01
9.80615017e-01  5.15985969e-01  2.50671159e-01
4.68164723e-01  7.49923943e-01  8.05617780e-01
8.93278292e-01  9.36258001e-01  2.87741044e-01
4.63029802e-01  2.90009180e-01  7.22680996e-01
4.52079583e-01  9.58626463e-01  9.45673142e-01
5.81039775e-01  3.80638810e-01  3.17746763e-01
9.01419198e-01  3.69096838e-01  9.42445028e-01
3.16353804e-01  8.48438778e-01  9.01081909e-01
9.29849599e-01  9.50388141e-01  3.04781718e-01
