6.35854721e-01  3.76709584e-01  8.26770743e-01
4.66895868e-01  8.51156621e-01  9.77694495e-01
3.75753754e-01  8.12963867e-01  8.57049377e-01
6.05870349e-01  3.01213970e-01  3.26127481e-01
8.42404379e-01  8.75854705e-01  2.89591999e-01
8.68574314e-01  6.83545034e-01  8.85116530e-01
3.99910860e-01  3.22759702e-01  2.68178056e-01
6.44641771e-01  7.04758085e-01  2.98751992e-01
2.91331668e-01  9.64591615e-01  8.42428880e-01
7.19534959e-01  8.77211954e-01  7.04693197e-01
6.15450566e-01  9.64581692e-01  5.50275328e-01
6.98883346e-01  5.28706225e-01  3.51930928e-01
6.86449318e-01  8.68030264e-01  6.90528445e-01
3.53994834e-01  8.63949335e-01  6.73575961e-01
4.92308826e-01  2.71150640e-01  3.88764105e-01
5.10523085e-01  7.11020926e-01  9.10770081e-01
9.81367393e-01  2.97957717e-01  5.55021257e-01
9.81552042e-01  4.19982988e-01  2.64433492e-01
9.82435854e-01  7.64599561e-01  6.44630104e-01
2.95157635e-01  7.17788671e-01  6.24941061e-01
9.14687107e-01  5.21820904e-01  4.26032795e-01
7.49572330e-01  9.22298653e-01  5.19178095e-01
8.34260587e-01  7.73799849e-01  4.53489892e-01
4.81519247e-01  2.53044847e-01  5.55979154e-01
4.47689838e-01  6.05875691e-01  2.67825128e-01
5.29960587e-01  7.24108875e-01  3.45307809e-01
3.81113335e-01  7.60315266e-01  7.53867069e-01
7.78145767e-01  9.38498883e-01  7.04051177e-01
2.90103853e-01  9.18519404e-01  8.19779157e-01
5.74144945e-01  8.57459970e-01  4.07804054e-01
9.17361534e-01  6.28882465e-01  6.01850928e-01
9.52203673e-01  4.66131385e-01  4.32523037e-01
7.21628173e-01  9.30985034e-01  3.89489166e-01
8.09425101e-01  3.74702982e-01  6.59281357e-01
3.83378576e-01  2.84727430e-01  9.70434479e-01
8.06281193e-01  8.70491377e-01  9.86937988e-01
8.78767730e-01  4.64123768e-01  5.88812230e-01
6.93308025e-01  6.22664172e-01  6.41090160e-01
4.87375665e-01  2.51141022e-01  7.36306188e-01
9.06829177e-01  5.23186119e-01  9.28964957e-01
7.24570707e-01  8.43858309e-01  8.94405156e-01
7.01986648e-01  2.76681891e-01  6.69938524e-01
5.94114314e-01  6.28813168e-01  9.06334863e-01
5.71068000e-01  2.85051109e-01  8.65098152e-01
7.45541949e-01  9.58504893e-01  3.02534429e-01
7.34122110e-01  8.05911046e-01  4.52674855e-01
2.55353626e-01  8.51506231e-01  5.44141582e-01
9.60205907e-01  2.61517645e-01  7.53843892e-01
9.66425360e-01  5.29506580e-01  8.32622032e-01
4.28957598e-01  9.52980326e-01  7.41515592e-01
6.46334563e-01  4.70746333e-01  5.81093089e-01
4.11883645e-01  4.53845810e-01  4.57317211e-01
5.82610529e-01  8.92456970e-01  9.36261381e-01
9.42698445e-01  6.22021644e-01  9.63832466e-01
2.84459189e-01  4.11694848e-01  3.49183976e-01
7.81835451e-01  4.10426139e-01  6.08550063e-01
3.46593695e-01  5.27204284e-01  9.61814356e-01
9.38838625e-01  5.60312202e-01  5.31629070e-01
2.53140519e-01  9.81229902e-01  6.59458397e-01
8.64328957e-01  8.05041340e-01  9.32908036e-01
3.18392984e-01  2.52864216e-01  4.92725273e-01
8.75651030e-01  5.98850528e-01  9.57414554e-01
2.63330792e-01  7.58452837e-01  3.85179772e-01
3.73584191e-01  4.85975276e-01  3.90613102e-01
8.34760287e-01  7.11998097e-01  8.89783630e-01
6.26661700e-01  5.66306462e-01  4.77678354e-01
2.92419136e-01  4.83035895e-01  8.29498510e-01
5.89075827e-01  9.95562197e-01  9.98257194e-01
9.53898948e-01  5.57670440e-01  3.54704853e-01
8.09413070e-01  8.77709803e-01  5.26086283e-01
8.08654240e-01  9.08801024e-01  3.84885377e-01
8.06708068e-01  3.81882852e-01  2.98037094e-01
9.70545265e-01  6.51946258e-01  4.85206216e-01
8.60193562e-01  7.47947403e-01  4.05991684e-01
9.77119443e-01  6.76811331e-01  4.47083997e-01
7.75705299e-01  6.02585229e-01  7.16087046e-01
8.64525460e-01  6.75691557e-01  7.22543686e-01
2.80904055e-01  9.52892682e-01  9.84978284e-01
3.00893784e-01  5.28342675e-01  3.30169161e-01
5.52357034e-01  2.52717582e-01  4.12616635e-01
9.61280758e-01  7.28285560e-01  7.87549319e-01
3.55809440e-01  7.82462535e-01  4.46307840e-01
2.79335483e-01  5.59022140e-01  7.11000421e-01
5.10274432e-01  7.61803066e-01  7.94268646e-01
4.53823323e-01  6.71841484e-01  8.77434354e-01
7.54595540e-01  9.11645406e-01  5.07272029e-01
2.80778468e-01  4.57096843e-01  7.93863948e-01
9.41952790e-01  6.40030092e-01  3.61445009e-01
9.19676688e-01  7.65828484e-01  9.29597437e-01
4.60589092e-01  8.11535107e-01  8.81263567e-01
4.42980552e-01  7.08901311e-01  2.92886367e-01
2.64801369e-01  6.34850425e-01  5.27271960e-01
7.87784993e-01  9.33423360e-01  7.91830738e-01
3.18322263e-01  2.89321976e-01  2.71888726e-01
5.83426116e-01  4.72444417e-01  6.49745109e-01
6.48855172e-01  5.19031962e-01  7.27949402e-01
2.64869779e-01  9.78191019e-01  7.23301921e-01
3.28467320e-01  5.97957970e-01  7.62646213e-01
7.63032861e-01  5.58472610e-01  6.94831525e-01
5.14024777e-01  8.61935000e-01  6.36437598e-01
8.38478082e-01  4.87649906e-01  8.88785758e-01
9.12378846e-01  4.76697520e-01  9.51312024e-01
3.08347771e-01  5.33405934e-01  8.86591135e-01
4.66112594e-01  5.03923886e-01  6.62948053e-01
7.80793881e-01  4.62063511e-01  2.67053487e-01
6.96407275e-01  9.24771005e-01  4.06181096e-01
7.89642492e-01  8.86871274e-01  3.62444344e-01
3.04908896e-01  5.20129443e-01  4.93701340e-01
9.60224950e-01  5.52878066e-01  6.55947470e-01
2.86542747e-01  9.50155825e-01  9.36745753e-01
5.42943818e-01  4.54612329e-01  3.05643710e-01
2.53455405e-01  3.87272812e-01  6.60220047e-01
3.03609035e-01  6.41562266e-01  4.84640687e-01
8.28496556e-01  7.91987646e-01  6.00723399e-01
5.91686697e-01  3.18604181e-01  7.68871470e-01
8.17632735e-01  5.81502063e-01  7.37826903e-01
2.79971547e-01  7.18792804e-01  5.18495025e-01
4.77300570e-01  8.85568656e-01  4.11784679e-01
9.87784159e-01  8.71174682e-01  2.85352257e-01
3.29827346e-01  2.89843556e-01  5.17040484e-01
2.85343150e-01  5.38706985e-01  3.86579263e-01
2.69389258e-01  4.11766373e-01  4.64161545e-01
5.12597262e-01  9.59306175e-01  8.07827425e-01
7.94273976e-01  5.21312978e-01  7.85794789e-01
3.99311466e-01  7.46269819e-01  9.92997273e-01
4.29654938e-01  7.75060119e-01  6.33793752e-01
3.90110622e-01  9.69828214e-01  8.96936614e-01
6.34255464e-01  5.77104374e-01  9.44899358e-01
8.44958454e-01  5.51841893e-01  9.74809135e-01
3.01075257e-01  3.92568028e-01  5.34874508e-01
9.14545128e-01  3.19480933e-01  6.58527343e-01
9.93311166e-01  3.08407065e-01  3.37939606e-01
5.76270025e-01  4.11299052e-01  2.51466125e-01
4.03968568e-01  8.29157227e-01  3.93139341e-01
7.35185829e-01  6.58021518e-01  4.10876375e-01
7.55675234e-01  5.96824831e-01  4.03814683e-01
4.13745792e-01  7.83603677e-01  7.88925196e-01
8.38656451e-01  2.73992244e-01  8.70071656e-01
4.71880516e-01  5.75979817e-01  8.75898057e-01
5.07295380e-01  9.33329183e-01  6.62788797e-01
6.19096019e-01  3.66595136e-01  9.80291851e-01
5.46324574e-01  7.81636579e-01  9.05396417e-01
2.74000572e-01  5.28315079e-01  7.63934610e-01
3.60216753e-01  5.89440792e-01  7.00976223e-01
8.52622821e-01  2.93804271e-01  2.89767731e-01
3.80926390e-01  9.22162993e-01  3.13465516e-01
4.62508250e-01  5.42173875e-01  8.77900326e-01
4.82620305e-01  5.37568388e-01  3.63622974e-01
2.84445488e-01  7.18159671e-01  3.67889201e-01
8.58800732e-01  8.76200779e-01  8.15202972e-01
6.23885029e-01  5.25929882e-01  7.57993248e-01
8.82290409e-01  7.80593430e-01  5.43132018e-01
8.38503523e-01  5.17861196e-01  9.26366969e-01
5.26232409e-01  7.78356229e-01  7.34035137e-01
5.71893610e-01  8.14373493e-01  4.53855639e-01
7.52625538e-01  4.96123798e-01  7.79918753e-01
9.20613455e-01  6.78599618e-01  6.07003592e-01
3.77004327e-01  7.69199048e-01  9.76239668e-01
9.24498749e-01  9.50827439e-01  3.22433103e-01
9.38337766e-01  2.80759135e-01  8.19156136e-01
9.39662966e-01  3.65705861e-01  9.21871738e-01
8.57876565e-01  7.48201196e-01  9.55537012e-01
6.50923438e-01  3.21729080e-01  3.74678475e-01
6.53020512e-01  2.64343747e-01  6.53784336e-01
5.97635168e-01  4.96989083e-01  6.26337778e-01
8.31038009e-01  3.84656821e-01  8.36594852e-01
3.17846942e-01  9.06443902e-01  4.17310546e-01
3.72542440e-01  4.21243093e-01  9.32396828e-01
4.92744566e-01  9.90855206e-01  7.84821269e-01
8.33649567e-01  4.36577687e-01  8.80477615e-01
5.52320094e-01  5.37756222e-01  7.90507134e-01
9.27130909e-01  6.31766396e-01  5.45869252e-01
4.52904746e-01  9.11194432e-01  2.85941659e-01
2.52352984e-01  7.16025262e-01  4.03403724e-01
2.84596444e-01  4.17112896e-01  7.58261700e-01
7.80310244e-01  2.92311359e-01  9.07640478e-01
9.11082442e-01  7.19953312e-01  9.86298058e-01
4.01682892e-01  5.68247508e-01  4.78073935e-01
8.38568586e-01  5.58237766e-01  6.27123235e-01
4.19362751e-01  4.97734294e-01  6.96752811e-01
3.06706544e-01  3.00339172e-01  3.92957766e-01
6.35105989e-01  6.46136072e-01  6.59980581e-01
4.91974105e-01  3.54117469e-01  9.20135510e-01
2.84419199e-01  3.43177458e-01  6.87375758e-01
8.70934041e-01  4.39255883e-01  8.18459952e-01
4.91983407e-01  3.90288591e-01  4.21792806e-01
7.19990265e-01  5.55757846e-01  8.48452108e-01
5.04850903e-01  3.48236092e-01  6.75556433e-01
5.59106521e-01  2.77830343e-01  8.24195850e-01
3.95861657e-01  6.30110521e-01  5.37149749e-01
9.13992691e-01  3.17921070e-01  4.16025762e-01
6.01850681e-01  8.82288236e-01  6.66149028e-01
4.79951776e-01  8.65411655e-01  7.60601969e-01
8.23567500e-01  6.59527529e-01  9.20840630e-01
5.78680686e-01  6.93177082e-01  9.11347397e-01
7.00699587e-01  7.05757837e-01  2.93314658e-01
7.17194642e-01  4.53995434e-01  4.03962597e-01
6.95789509e-01  7.48700906e-01  8.27683136e-01
8.88187332e-01  7.14803561e-01  3.52870230e-01
4.77249562e-01  8.10396973e-01  9.47230067e-01
6.24877469e-01  7.10627445e-01  3.86814008e-01
4.26787230e-01  5.54311430e-01  5.95669965e-01
6.13020355e-01  3.73296219e-01  9.60211307e-01
3.77269099e-01  5.47552255e-01  6.89378591e-01
7.81643346e-01  3.28269023e-01  3.84701748e-01
9.91536525e-01  2.66214187e-01  8.25596442e-01
7.20962363e-01  5.23872340e-01  4.81560141e-01
6.90387891e-01  7.05487761e-01  4.82626560e-01
2.63062495e-01  3.65658548e-01  9.72058375e-01
5.30265317e-01  3.55899058e-01  3.15975539e-01
9.75434614e-01  5.96615844e-01  9.84046313e-01
9.10989206e-01  3.60336317e-01  6.75169490e-01
7.07641447e-01  7.58366863e-01  7.64035289e-01
6.98697095e-01  8.96134277e-01  2.99587848e-01
4.18600685e-01  7.68014793e-01  2.93444540e-01
4.43480222e-01  4.39963247e-01  6.84768112e-01
7.03697184e-01  5.12250946e-01  8.88123468e-01
7.42398863e-01  4.70044724e-01  6.57458554e-01
3.69847741e-01  4.21276594e-01  5.70992810e-01
9.59508415e-01  3.24967407e-01  8.04802081e-01
3.62171229e-01  5.81867832e-01  5.20468175e-01
3.82069643e-01  5.53384208e-01  6.18098224e-01
3.57953543e-01  8.51110839e-01  9.34486542e-01
5.58859809e-01  7.73301237e-01  2.86361407e-01
6.14019499e-01  3.82918835e-01  9.21949163e-01
3.32028819e-01  9.56267892e-01  9.15007227e-01
7.31481445e-01  6.73452315e-01  3.50405532e-01
3.02077547e-01  9.35747073e-01  6.18471487e-01
4.86349183e-01  2.90079087e-01  7.33942158e-01
4.21614326e-01  3.89104273e-01  7.75529709e-01
6.49700376e-01  4.17349088e-01  7.45196247e-01
6.14381634e-01  4.04695856e-01  5.41200090e-01
7.49466557e-01  8.20769689e-01  3.51435282e-01
3.68082259e-01  9.88883958e-01  9.84812701e-01
4.63284410e-01  3.70939820e-01  4.72727751e-01
8.72058107e-01  2.86751448e-01  5.94376154e-01
4.99455616e-01  5.75459263e-01  3.48669305e-01
7.15204810e-01  3.79388901e-01  9.01098481e-01
9.93103692e-01  2.63942688e-01  2.64827534e-01
4.76657896e-01  6.56374703e-01  6.42303061e-01
3.08430457e-01  3.62034678e-01  3.07021548e-01
3.27967952e-01  3.16913931e-01  4.16965672e-01
4.68164723e-01  7.49923943e-01  8.05617780e-01
7.30196233e-01  4.06631131e-01  4.03993058e-01
4.63029802e-01  2.90009180e-01  7.22680996e-01
8.60174309e-01  9.31652359e-01  5.62122145e-01
4.77017020e-01  7.92213465e-01  8.79877278e-01
2.76477259e-01  8.53401554e-01  4.49890127e-01
7.12434280e-01  9.34944132e-01  8.80117419e-01
4.13071209e-01  5.83393172e-01  4.80623447e-01
