6.72531827e-01  9.97925633e-01  6.97218189e-01
4.27625329e-01  9.80600284e-01  9.19419412e-01
9.80662956e-01  9.01930615e-01  6.32473710e-01
3.67444340e-01  2.87172448e-01  8.58309143e-01
4.01169384e-01  5.39428440e-01  9.99090224e-01
2.71229536e-01  8.17240683e-01  3.27515789e-01
7.60344593e-01  3.06888619e-01  3.47674825e-01
8.43912844e-01  4.31695775e-01  9.63888648e-01
4.23571365e-01  7.59777439e-01  6.39335193e-01
7.62922050e-01  9.12418776e-01  3.57409376e-01
4.69010188e-01  4.87620238e-01  2.59838280e-01
8.35474408e-01  4.77440993e-01  9.89072271e-01
8.02943015e-01  3.29873443e-01  8.47509643e-01
8.27732401e-01  7.74557669e-01  3.14437800e-01
5.47928079e-01  9.98445892e-01  3.33704371e-01
7.60198137e-01  2.55244293e-01  6.94452215e-01
7.16004126e-01  9.59023259e-01  9.41744779e-01
3.75753754e-01  8.12963867e-01  8.57049377e-01
7.24904091e-01  2.55804445e-01  9.36390475e-01
9.54822315e-01  8.40059346e-01  6.22033647e-01
5.33432202e-01  6.53797880e-01  2.61145075e-01
8.81243262e-01  9.28381067e-01  8.67961783e-01
5.17794036e-01  2.90138350e-01  8.93400368e-01
9.88747796e-01  6.02202985e-01  3.34650994e-01
9.34332089e-01  4.56776903e-01  3.09191559e-01
5.66701737e-01  3.82965914e-01  7.89134481e-01
6.14963515e-01  2.65910794e-01  3.08095133e-01
8.92630107e-01  3.81276985e-01  8.80600676e-01
5.76270025e-01  4.11299052e-01  2.51466125e-01
4.88013071e-01  9.68871392e-01  7.84465830e-01
2.50095763e-01  6.16844577e-01  8.61292472e-01
3.82874015e-01  9.71946068e-01  9.07586277e-01
2.84596444e-01  4.17112896e-01  7.58261700e-01
3.01622096e-01  4.95068023e-01  8.59193512e-01
9.20613455e-01  6.78599618e-01  6.07003592e-01
3.03224015e-01  3.82260574e-01  4.62657770e-01
8.12854673e-01  7.81636578e-01  4.92222982e-01
6.54548784e-01  3.38191822e-01  9.64082434e-01
2.76502482e-01  7.55283368e-01  2.64372673e-01
8.89772621e-01  3.99915581e-01  2.83808426e-01
9.08235149e-01  4.57336065e-01  8.60141079e-01
8.51312235e-01  2.51408620e-01  5.21130550e-01
6.42437914e-01  2.70398607e-01  8.87232253e-01
7.92519919e-01  4.54570825e-01  2.84917098e-01
8.71943827e-01  7.87637977e-01  9.32375307e-01
7.30350720e-01  5.69029791e-01  8.25298544e-01
3.20059435e-01  4.88043265e-01  4.49572394e-01
2.54626527e-01  7.41180037e-01  3.55388959e-01
9.77325674e-01  9.80512208e-01  3.12891861e-01
9.25863201e-01  4.95781626e-01  4.39864954e-01
4.87911483e-01  5.68809950e-01  9.84807759e-01
8.96846140e-01  3.11111819e-01  6.31234717e-01
5.58995544e-01  3.83282514e-01  9.83418778e-01
8.67982977e-01  4.08000054e-01  3.88290385e-01
8.73515110e-01  8.93074792e-01  6.48683346e-01
2.50996892e-01  8.43020918e-01  9.89324696e-01
2.74955735e-01  4.11824863e-01  6.40316259e-01
9.93410604e-01  5.61562433e-01  3.32499155e-01
9.47903441e-01  5.81424970e-01  3.00038375e-01
9.07318534e-01  4.30165687e-01  8.77558031e-01
7.70921847e-01  2.87638376e-01  4.53907058e-01
2.50882105e-01  9.82894084e-01  9.29140455e-01
8.47761844e-01  3.29533742e-01  4.91024125e-01
8.75651030e-01  5.98850528e-01  9.57414554e-01
8.87572574e-01  6.25687649e-01  3.44971253e-01
2.98471690e-01  7.45695361e-01  3.05085987e-01
9.50142642e-01  7.64876593e-01  4.13028129e-01
9.65655218e-01  8.08379469e-01  4.27637526e-01
8.80384801e-01  3.78168331e-01  9.67838715e-01
8.45298102e-01  9.71885797e-01  5.74925628e-01
3.72067813e-01  3.43431598e-01  9.90586706e-01
2.73427408e-01  4.90444474e-01  3.01606053e-01
9.38799078e-01  8.71647734e-01  4.58602560e-01
9.37009216e-01  3.19682975e-01  8.01433219e-01
8.17190809e-01  8.86770652e-01  3.77330358e-01
2.51770166e-01  8.57209002e-01  9.29443711e-01
9.31923809e-01  8.83382789e-01  6.37195424e-01
8.74465366e-01  5.42808090e-01  3.44154957e-01
9.37652813e-01  6.53034388e-01  2.59455014e-01
7.63714711e-01  5.03685803e-01  2.66577449e-01
3.46152424e-01  5.17677159e-01  3.21785407e-01
6.23622447e-01  9.71622057e-01  9.38735950e-01
4.76728152e-01  3.36628405e-01  9.42408741e-01
7.67908759e-01  2.67755902e-01  7.21366064e-01
9.72504266e-01  9.08812553e-01  4.04989531e-01
5.80376221e-01  9.83401911e-01  9.72823829e-01
7.68206200e-01  7.61446262e-01  9.91307166e-01
3.84149746e-01  9.20021700e-01  5.19526626e-01
4.28925921e-01  9.39813280e-01  9.00944304e-01
4.68495473e-01  9.18212979e-01  8.69616665e-01
6.74892907e-01  4.66383563e-01  8.50475008e-01
9.85753547e-01  3.62166882e-01  2.76835307e-01
5.71537129e-01  4.24467538e-01  7.53264696e-01
3.83328032e-01  3.19449872e-01  5.01232735e-01
5.92149738e-01  7.27855356e-01  2.61567639e-01
4.51564193e-01  9.81979480e-01  4.94666742e-01
5.19222751e-01  2.99630127e-01  5.57599260e-01
9.00608663e-01  9.39994342e-01  7.77346698e-01
7.77288165e-01  9.93809428e-01  4.29207909e-01
4.06650100e-01  9.78274116e-01  8.08909078e-01
2.92424821e-01  3.32195700e-01  4.42835594e-01
4.42111791e-01  3.92456063e-01  2.98236172e-01
5.07879058e-01  2.97025456e-01  8.40093410e-01
9.93889405e-01  5.10864236e-01  3.88919916e-01
6.84530369e-01  3.33089012e-01  2.76532873e-01
9.56342127e-01  7.21004718e-01  4.65242439e-01
2.62365000e-01  8.09203490e-01  7.67730139e-01
7.22830281e-01  3.78766370e-01  2.52586520e-01
4.23096242e-01  8.90641900e-01  9.66533519e-01
8.61817788e-01  3.61743620e-01  7.98506751e-01
5.87140572e-01  4.94955122e-01  8.27916170e-01
8.81540219e-01  3.42391821e-01  7.08731662e-01
2.66991691e-01  6.67481785e-01  9.83467726e-01
7.76919884e-01  9.90154263e-01  7.00560174e-01
9.48468844e-01  6.91570641e-01  8.46200905e-01
5.79445193e-01  5.30919917e-01  3.00028907e-01
4.82563971e-01  5.21977755e-01  4.55184591e-01
9.85010671e-01  6.42958544e-01  9.79997141e-01
8.83296099e-01  2.97257396e-01  4.99078655e-01
7.99889258e-01  9.89587274e-01  5.32388993e-01
9.01515582e-01  4.34309673e-01  8.55348088e-01
9.90930744e-01  3.61785958e-01  8.51026706e-01
8.71154987e-01  3.21754573e-01  7.05028543e-01
3.48200926e-01  5.29046760e-01  3.11350143e-01
8.61543090e-01  9.69542360e-01  5.61532495e-01
8.93743255e-01  2.75577207e-01  4.59813234e-01
8.91564863e-01  5.30968576e-01  9.60942268e-01
4.91681486e-01  8.84432455e-01  9.64973739e-01
3.01587063e-01  8.80635162e-01  9.09711402e-01
9.74207549e-01  3.31011444e-01  7.24651588e-01
9.01419198e-01  3.69096838e-01  9.42445028e-01
9.81978092e-01  7.84456421e-01  5.86339962e-01
7.98276833e-01  3.84681115e-01  7.00367709e-01
6.44125224e-01  2.61909905e-01  4.66576008e-01
8.13776275e-01  2.74625217e-01  8.60436917e-01
6.37441801e-01  3.85002134e-01  4.77803017e-01
9.19844651e-01  9.50127848e-01  8.73230918e-01
4.85518046e-01  4.21415205e-01  3.72649205e-01
2.64037720e-01  6.39306123e-01  8.13210637e-01
3.05130243e-01  8.72858777e-01  3.85143005e-01
6.58762494e-01  8.90692662e-01  9.32442784e-01
2.59206582e-01  2.55183140e-01  8.55077374e-01
7.75583425e-01  8.93652389e-01  8.53159323e-01
9.91647864e-01  3.43296901e-01  7.59712791e-01
2.66937750e-01  7.12293938e-01  4.91201110e-01
2.75058344e-01  5.79410660e-01  4.90348318e-01
8.38481364e-01  2.73680709e-01  7.16937922e-01
4.85797666e-01  3.02455274e-01  9.27287672e-01
3.08036073e-01  6.27500298e-01  9.76870880e-01
9.39989563e-01  7.86689167e-01  9.40648521e-01
9.72655824e-01  3.16957612e-01  9.45961995e-01
8.76881712e-01  4.17436986e-01  8.77707734e-01
3.27967952e-01  3.16913931e-01  4.16965672e-01
8.15252468e-01  4.84287710e-01  9.98262705e-01
3.62300351e-01  5.48965730e-01  3.28843901e-01
2.54521271e-01  5.19501494e-01  3.16728547e-01
6.70669536e-01  9.28426708e-01  9.70521066e-01
9.21075625e-01  8.18954983e-01  3.68685740e-01
3.89996003e-01  3.23320682e-01  3.50293976e-01
9.83070911e-01  7.42611739e-01  9.00103253e-01
6.30130885e-01  6.98237919e-01  3.64204081e-01
2.85343150e-01  5.38706985e-01  3.86579263e-01
5.71564867e-01  6.43087183e-01  5.69236663e-01
8.75621830e-01  9.57899820e-01  7.18677666e-01
6.29191928e-01  2.88528000e-01  9.43057909e-01
2.74034573e-01  3.31857647e-01  5.24444194e-01
2.64512619e-01  9.18125758e-01  8.97398343e-01
7.76266064e-01  5.70303684e-01  2.92277883e-01
9.55612071e-01  8.04001023e-01  3.24766023e-01
5.17469136e-01  7.82166910e-01  3.62269711e-01
9.36356002e-01  9.02000777e-01  5.55770823e-01
9.93311166e-01  3.08407065e-01  3.37939606e-01
3.16837484e-01  8.16530442e-01  7.98368180e-01
3.54681000e-01  7.69599148e-01  3.55486898e-01
9.32474230e-01  5.23535546e-01  9.21249600e-01
3.08347771e-01  5.33405934e-01  8.86591135e-01
3.21942512e-01  4.30277358e-01  7.21650106e-01
9.59659747e-01  4.36634498e-01  9.07629229e-01
9.19248504e-01  4.14213040e-01  3.36801090e-01
6.33270639e-01  7.43189621e-01  2.92292824e-01
3.40370367e-01  9.77926628e-01  5.88819160e-01
2.93551850e-01  2.88887248e-01  7.54034002e-01
3.58858685e-01  4.03601514e-01  2.84587164e-01
8.68272873e-01  7.09093730e-01  3.05808101e-01
7.38046931e-01  9.54616084e-01  9.12453837e-01
3.59118537e-01  9.98976868e-01  9.95533770e-01
9.66330072e-01  5.90822861e-01  4.51551071e-01
2.51158768e-01  6.87883997e-01  4.72304026e-01
3.15179480e-01  3.63756087e-01  7.98681115e-01
8.16048914e-01  3.46585555e-01  9.19247949e-01
2.85525241e-01  6.90204996e-01  7.86503582e-01
3.05854388e-01  2.64511314e-01  7.29359753e-01
7.75248819e-01  9.16737345e-01  9.64334193e-01
4.10485549e-01  5.38295191e-01  3.32287605e-01
5.86407279e-01  3.27057254e-01  9.45780487e-01
3.90155169e-01  8.94290501e-01  3.04612235e-01
4.52079583e-01  9.58626463e-01  9.45673142e-01
5.27607029e-01  8.23928226e-01  2.90216759e-01
3.77106199e-01  4.81547773e-01  3.65737138e-01
3.21305143e-01  2.83940441e-01  6.08576813e-01
4.47185436e-01  6.21210801e-01  9.96583628e-01
9.67094546e-01  9.98581439e-01  5.12439878e-01
8.79421671e-01  9.48636630e-01  8.66984446e-01
2.79493586e-01  9.13523189e-01  6.98494499e-01
3.82248573e-01  3.26327493e-01  3.04749880e-01
4.42650017e-01  7.92777122e-01  3.06925675e-01
3.31965152e-01  2.97438317e-01  3.10988209e-01
8.75569217e-01  7.82277565e-01  3.33763946e-01
3.41069423e-01  5.88949614e-01  2.70476591e-01
3.08206734e-01  5.61514620e-01  3.78370344e-01
2.62994708e-01  5.07066390e-01  8.80208228e-01
9.49745516e-01  8.37322751e-01  7.23281946e-01
4.42979517e-01  9.55107757e-01  2.63332943e-01
6.26335247e-01  9.59872621e-01  9.51047877e-01
8.38985541e-01  3.55648492e-01  4.25492244e-01
6.38425290e-01  3.62923072e-01  9.74878414e-01
4.74801034e-01  3.31353921e-01  7.85916649e-01
4.28215593e-01  3.41489088e-01  9.70093702e-01
9.74141085e-01  8.16273221e-01  8.58585834e-01
2.53140519e-01  9.81229902e-01  6.59458397e-01
8.20357912e-01  3.05188071e-01  5.10637956e-01
4.97190724e-01  4.01380187e-01  9.99329738e-01
3.28254518e-01  2.98929289e-01  7.64430692e-01
4.02209639e-01  4.17636325e-01  3.73599589e-01
5.30886903e-01  6.88890512e-01  4.50052048e-01
9.89122486e-01  9.88998236e-01  5.01437262e-01
6.75693167e-01  8.24446182e-01  2.74813338e-01
7.18103471e-01  8.37530076e-01  4.88831743e-01
2.60947877e-01  8.02401870e-01  3.20246965e-01
3.52684677e-01  8.67134590e-01  4.75812733e-01
9.99693170e-01  5.28755301e-01  6.79924475e-01
9.85621598e-01  3.40214495e-01  3.48198994e-01
8.13846817e-01  9.78633160e-01  8.32099849e-01
4.54386300e-01  3.46487135e-01  9.20963745e-01
2.87641099e-01  8.77643260e-01  5.07732494e-01
8.54400491e-01  7.72491801e-01  9.78217301e-01
9.19676688e-01  7.65828484e-01  9.29597437e-01
3.42716628e-01  9.71634271e-01  3.12849299e-01
8.96098968e-01  3.52748808e-01  8.78386036e-01
9.58464851e-01  3.29446935e-01  6.90490308e-01
4.32776135e-01  8.19070034e-01  3.68672276e-01
4.37417894e-01  6.56477734e-01  2.71542312e-01
8.82600446e-01  8.27202754e-01  9.69437954e-01
5.80876725e-01  3.25364811e-01  9.45086105e-01
9.67601522e-01  4.05331773e-01  9.33447579e-01
5.87801195e-01  8.81563722e-01  2.95741707e-01
2.53315503e-01  3.92639677e-01  7.11135389e-01
4.43446387e-01  4.66521032e-01  9.96108022e-01
9.81554942e-01  9.25135238e-01  9.62557769e-01
8.46552481e-01  5.99235600e-01  9.99236851e-01
