8.50440556e-01  8.28126882e-01  8.33081425e-01
2.93065516e-01  5.18890339e-01  9.40598954e-01
3.21488846e-01  5.10181982e-01  4.57272927e-01
4.37944663e-01  3.73584414e-01  2.97352295e-01
5.23138863e-01  5.15952850e-01  6.35738703e-01
5.85953034e-01  9.46061026e-01  6.08815208e-01
2.80659472e-01  7.97382889e-01  2.77620610e-01
5.42236553e-01  8.74227589e-01  7.22335749e-01
6.98360346e-01  8.39250220e-01  9.03438842e-01
7.38768573e-01  3.75856430e-01  9.22437304e-01
4.22148440e-01  8.51883118e-01  9.41551375e-01
7.06892217e-01  4.08512860e-01  8.64349980e-01
4.35618474e-01  5.82855867e-01  6.86819599e-01
2.64037720e-01  6.39306123e-01  8.13210637e-01
4.83985066e-01  4.17919257e-01  6.60436969e-01
3.11104011e-01  9.02746294e-01  3.03239607e-01
6.23036097e-01  3.39287086e-01  4.05558303e-01
4.16065554e-01  3.27013536e-01  2.69306285e-01
3.89996003e-01  3.23320682e-01  3.50293976e-01
9.56342127e-01  7.21004718e-01  4.65242439e-01
3.96400751e-01  9.11381241e-01  8.92855384e-01
7.04176764e-01  7.67028940e-01  7.32295686e-01
8.91564863e-01  5.30968576e-01  9.60942268e-01
8.11889911e-01  9.42785159e-01  3.67616086e-01
7.79826376e-01  7.95162210e-01  3.59137580e-01
3.87812012e-01  6.42949104e-01  7.51010377e-01
3.55839199e-01  9.95975267e-01  9.98495200e-01
4.49623091e-01  8.33005030e-01  3.72471626e-01
2.83914846e-01  2.99535524e-01  9.70695202e-01
5.79599818e-01  6.06563170e-01  4.92514364e-01
9.15243294e-01  7.02237469e-01  7.46352881e-01
8.37839903e-01  8.52038052e-01  8.06354841e-01
5.82659148e-01  5.44035215e-01  5.64029973e-01
3.38778129e-01  7.99627851e-01  3.04650133e-01
4.30925445e-01  5.91160344e-01  7.64894148e-01
9.42492148e-01  7.07794434e-01  7.53098856e-01
8.32288740e-01  5.98730341e-01  7.11992025e-01
4.13521530e-01  8.66527296e-01  4.58062675e-01
5.63586637e-01  2.81823547e-01  4.71512878e-01
7.05910756e-01  6.90897509e-01  3.25949702e-01
4.81625178e-01  4.16954907e-01  4.36182872e-01
8.28571283e-01  5.76624966e-01  4.13393535e-01
6.57445675e-01  9.81171976e-01  7.88335139e-01
3.78473746e-01  8.81044825e-01  5.54495359e-01
8.76866265e-01  8.37497045e-01  5.27407931e-01
9.05860976e-01  7.20708619e-01  4.23423749e-01
9.07318534e-01  4.30165687e-01  8.77558031e-01
6.30866040e-01  9.62762219e-01  6.82457039e-01
3.18303741e-01  9.63930611e-01  8.67624456e-01
8.50540578e-01  8.28884445e-01  5.19316026e-01
8.59993638e-01  2.74639513e-01  8.43979260e-01
9.92570644e-01  6.25958743e-01  3.89467302e-01
7.91259316e-01  5.19285976e-01  8.87275631e-01
2.93494436e-01  7.94928776e-01  3.99686165e-01
7.06028007e-01  8.98175905e-01  6.29799344e-01
5.39713309e-01  8.18064435e-01  9.90926451e-01
3.61273746e-01  5.28024909e-01  5.08898384e-01
8.08458612e-01  3.30380340e-01  5.01753777e-01
9.13781578e-01  8.30694267e-01  4.41620842e-01
8.55878230e-01  8.68091178e-01  2.85359518e-01
8.12233538e-01  7.49308462e-01  6.66848673e-01
6.72140424e-01  9.76794687e-01  3.91245927e-01
8.41840192e-01  3.95160924e-01  8.00589608e-01
6.82797044e-01  5.34308239e-01  6.39695510e-01
6.94151164e-01  4.50781620e-01  6.57442618e-01
3.57953543e-01  8.51110839e-01  9.34486542e-01
9.75837376e-01  8.95566246e-01  3.26117335e-01
8.59039625e-01  3.69003236e-01  9.14226328e-01
2.80778468e-01  4.57096843e-01  7.93863948e-01
6.19112765e-01  9.73033657e-01  8.98016098e-01
7.15637557e-01  6.25010998e-01  8.47543604e-01
6.54819134e-01  3.21773301e-01  5.14965025e-01
6.10083530e-01  2.68762915e-01  4.98782644e-01
7.89675599e-01  8.16805110e-01  9.39381237e-01
3.96733411e-01  3.25933956e-01  6.55470093e-01
7.43106440e-01  9.64413711e-01  5.82727512e-01
5.43873122e-01  3.44776599e-01  8.67486095e-01
9.03864467e-01  3.48179965e-01  7.96309017e-01
3.04908896e-01  5.20129443e-01  4.93701340e-01
7.55680756e-01  8.85018340e-01  5.25251545e-01
7.13260547e-01  8.43354358e-01  5.12021591e-01
2.86458050e-01  8.96843116e-01  9.81452470e-01
1.00000000e+00  5.57428920e-01  3.55985608e-01
9.55394148e-01  7.27419376e-01  6.47242387e-01
8.03406070e-01  7.86076100e-01  7.43764019e-01
8.54829483e-01  5.67768768e-01  7.66622738e-01
3.35633359e-01  9.58808433e-01  2.97079903e-01
3.18828596e-01  9.94250064e-01  3.47836908e-01
5.38891608e-01  4.87497892e-01  6.31042236e-01
6.65358977e-01  4.10129713e-01  8.87677114e-01
4.91102584e-01  5.94405927e-01  7.98900325e-01
9.09181614e-01  8.28179915e-01  4.78389210e-01
3.05444668e-01  5.07444026e-01  3.24644012e-01
6.01243914e-01  5.04573657e-01  3.64099497e-01
3.40370367e-01  9.77926628e-01  5.88819160e-01
6.71173152e-01  4.30678649e-01  7.61993522e-01
3.24012312e-01  5.65687597e-01  9.30295087e-01
5.62036053e-01  7.28285129e-01  2.53825598e-01
8.69829224e-01  4.84506337e-01  7.94792194e-01
8.11585285e-01  3.00516330e-01  7.06888406e-01
9.67094546e-01  9.98581439e-01  5.12439878e-01
7.15624205e-01  6.22607078e-01  9.45177319e-01
3.51043074e-01  4.87965884e-01  5.18285113e-01
3.51272648e-01  6.99917685e-01  5.71024193e-01
9.19676688e-01  7.65828484e-01  9.29597437e-01
5.52014017e-01  8.53975814e-01  9.26231454e-01
7.95881232e-01  6.47793871e-01  7.55058644e-01
2.76730885e-01  2.91263930e-01  9.29046749e-01
4.65714134e-01  5.36663297e-01  5.73811983e-01
7.88958140e-01  8.22997397e-01  9.35573255e-01
9.53569795e-01  8.98488867e-01  9.14170930e-01
9.29683598e-01  9.87505465e-01  2.83277737e-01
7.45664142e-01  2.86553336e-01  9.52390122e-01
2.80904055e-01  9.52892682e-01  9.84978284e-01
3.62300351e-01  5.48965730e-01  3.28843901e-01
7.29727441e-01  9.63389321e-01  2.55407292e-01
8.90888705e-01  4.77730919e-01  9.67091367e-01
3.17778181e-01  3.16836541e-01  7.60748817e-01
5.14833854e-01  2.89594316e-01  7.01935206e-01
5.79284363e-01  3.95671380e-01  3.59348041e-01
6.39852631e-01  9.51432792e-01  4.41399941e-01
9.19248504e-01  4.14213040e-01  3.36801090e-01
3.66605239e-01  3.86244820e-01  4.72070065e-01
6.15936124e-01  3.29603619e-01  5.20113697e-01
5.14024777e-01  8.61935000e-01  6.36437598e-01
5.96150089e-01  4.28900934e-01  9.50601149e-01
9.19923607e-01  5.48877857e-01  6.03743242e-01
4.02708630e-01  6.83498357e-01  9.58531463e-01
6.73148529e-01  4.55197571e-01  7.55067199e-01
8.12779412e-01  6.17696591e-01  4.04866861e-01
5.18517381e-01  7.38624240e-01  5.68708358e-01
9.94044995e-01  7.13564292e-01  7.07795752e-01
2.86152199e-01  3.12654263e-01  6.87685188e-01
8.45984658e-01  8.66509975e-01  5.96217483e-01
9.31923809e-01  8.83382789e-01  6.37195424e-01
6.53771582e-01  9.88809274e-01  3.67029311e-01
3.96776729e-01  8.54509145e-01  7.75687716e-01
5.42527961e-01  8.48603467e-01  6.05139929e-01
8.81611726e-01  8.19232808e-01  7.41840004e-01
6.62162128e-01  6.75528993e-01  5.19152580e-01
4.73724694e-01  5.89443347e-01  4.61904633e-01
9.72504266e-01  9.08812553e-01  4.04989531e-01
9.77755625e-01  6.00998251e-01  5.57071514e-01
9.42698445e-01  6.22021644e-01  9.63832466e-01
8.68957475e-01  9.08719926e-01  4.17520428e-01
6.26661862e-01  9.75932849e-01  6.19294040e-01
5.09437044e-01  5.33593083e-01  3.83151460e-01
6.33720532e-01  2.73311835e-01  9.47298071e-01
8.76711568e-01  3.57068930e-01  6.67273663e-01
7.94642669e-01  7.76238414e-01  8.20773719e-01
7.07264505e-01  5.26932437e-01  4.23284088e-01
4.59953074e-01  6.59407432e-01  7.27786390e-01
3.54353692e-01  4.07343290e-01  3.73447883e-01
4.71880516e-01  5.75979817e-01  8.75898057e-01
3.28650416e-01  8.07434458e-01  3.72236594e-01
8.04359639e-01  7.77567465e-01  3.60041686e-01
6.10817106e-01  8.18290023e-01  6.03574644e-01
5.77299676e-01  9.50268225e-01  9.73096723e-01
7.17668070e-01  3.68415369e-01  3.86369964e-01
6.91722806e-01  9.09922601e-01  9.78594533e-01
6.56989053e-01  6.12782172e-01  3.01700898e-01
7.88202513e-01  3.11802857e-01  9.85797115e-01
3.65443638e-01  9.29772992e-01  5.12939481e-01
9.43892841e-01  9.69638565e-01  8.95226815e-01
4.93503403e-01  9.42214321e-01  8.24320517e-01
6.05532689e-01  9.76967040e-01  4.97116974e-01
9.77325674e-01  9.80512208e-01  3.12891861e-01
5.52743453e-01  5.22863178e-01  6.93384821e-01
7.24735082e-01  5.18325055e-01  3.48620822e-01
4.26915857e-01  8.59611175e-01  5.77354128e-01
2.86671364e-01  4.42939783e-01  6.81341834e-01
7.70048586e-01  4.75915001e-01  9.57814926e-01
6.72213515e-01  8.59609796e-01  3.74690108e-01
2.81978211e-01  2.66798196e-01  7.63252921e-01
5.74647512e-01  2.55586897e-01  7.76020854e-01
9.14351262e-01  6.06034994e-01  4.53334678e-01
7.63507121e-01  2.77328233e-01  3.89425571e-01
4.35585835e-01  3.18127074e-01  6.02409499e-01
4.05689956e-01  5.51449747e-01  8.57177852e-01
5.47658836e-01  7.15735939e-01  6.76835523e-01
9.35716669e-01  9.49340999e-01  9.69500959e-01
8.66617957e-01  9.42464996e-01  4.39813401e-01
8.79008088e-01  7.32407227e-01  7.29148300e-01
7.68206200e-01  7.61446262e-01  9.91307166e-01
8.76409338e-01  3.01619918e-01  9.74000231e-01
2.86855050e-01  2.65243613e-01  6.37219979e-01
4.59377880e-01  9.40735565e-01  8.49733728e-01
5.15342356e-01  6.92562160e-01  8.98756153e-01
7.15676208e-01  2.90520170e-01  8.86589423e-01
9.97778682e-01  5.81198501e-01  6.37782748e-01
3.81384638e-01  8.20453256e-01  4.73425157e-01
8.87270150e-01  3.96192087e-01  2.86203574e-01
2.53671625e-01  9.50148613e-01  3.45865287e-01
6.74153646e-01  3.53433977e-01  8.14013277e-01
9.17239548e-01  4.72995650e-01  9.62952493e-01
5.71068000e-01  2.85051109e-01  8.65098152e-01
5.25333182e-01  9.65987474e-01  3.66969916e-01
7.10134175e-01  8.19667314e-01  2.95805967e-01
8.37042513e-01  9.06412895e-01  8.64867240e-01
6.87132540e-01  2.55619350e-01  2.82079575e-01
3.58858094e-01  3.33564839e-01  3.96163689e-01
5.82888923e-01  5.24156811e-01  3.50973320e-01
9.63616106e-01  9.82783726e-01  8.91891520e-01
6.50638081e-01  5.48395043e-01  4.64941825e-01
4.44968901e-01  4.29475070e-01  7.22559905e-01
3.93166481e-01  5.66343600e-01  8.99513552e-01
2.70329822e-01  4.72321624e-01  3.68462345e-01
9.93311166e-01  3.08407065e-01  3.37939606e-01
6.85709484e-01  6.18042991e-01  2.50639675e-01
3.82696812e-01  7.09984112e-01  7.58448490e-01
8.17967637e-01  5.30185386e-01  9.95272610e-01
6.78695583e-01  8.43034258e-01  8.29409391e-01
4.86515842e-01  5.10767905e-01  6.61158227e-01
5.52357034e-01  2.52717582e-01  4.12616635e-01
8.38503523e-01  5.17861196e-01  9.26366969e-01
3.42853602e-01  8.08417388e-01  8.40164717e-01
2.63195668e-01  7.02918196e-01  8.65814789e-01
2.75807491e-01  4.34456937e-01  6.47502205e-01
6.46324765e-01  3.05272712e-01  6.96119150e-01
4.36987235e-01  9.16359087e-01  6.45642311e-01
7.07641447e-01  7.58366863e-01  7.64035289e-01
2.51579292e-01  3.25004509e-01  9.69273689e-01
5.60436730e-01  4.55318593e-01  3.51387640e-01
8.62270030e-01  7.95141233e-01  4.94612906e-01
4.42111791e-01  3.92456063e-01  2.98236172e-01
6.63489609e-01  4.54706078e-01  7.67854007e-01
3.91210314e-01  7.66884298e-01  4.39866156e-01
8.81837329e-01  5.17806184e-01  3.01248209e-01
8.82516257e-01  4.34739463e-01  8.31386809e-01
4.85037528e-01  7.31165009e-01  6.93952418e-01
9.47271015e-01  9.65899441e-01  9.08797310e-01
9.70470731e-01  6.43470932e-01  9.11893251e-01
2.94877155e-01  3.10008543e-01  6.18178452e-01
6.72256876e-01  7.64830662e-01  4.44852945e-01
5.97800862e-01  5.04188020e-01  5.76599295e-01
9.23312225e-01  5.29335829e-01  3.59886471e-01
7.19446303e-01  9.34328284e-01  5.24472940e-01
8.99625640e-01  4.98812588e-01  7.84930670e-01
6.42775760e-01  6.42075464e-01  7.79197752e-01
2.88020592e-01  5.84212981e-01  4.46659865e-01
3.52344620e-01  3.43024825e-01  8.33579062e-01
5.68371173e-01  4.46557448e-01  8.79151460e-01
6.68341477e-01  3.95101316e-01  7.80230686e-01
8.38774370e-01  3.20554512e-01  5.63301927e-01
5.51653813e-01  6.80971135e-01  7.20716881e-01
4.40951423e-01  9.82514180e-01  4.65652560e-01
8.67179773e-01  4.45175256e-01  3.36628975e-01
3.28254518e-01  2.98929289e-01  7.64430692e-01
9.76055068e-01  9.52139549e-01  6.04513846e-01
4.57238508e-01  7.61846546e-01  3.61460775e-01
7.74620787e-01  3.97605079e-01  5.17394301e-01
8.67060644e-01  9.20800891e-01  6.15576301e-01
8.85823642e-01  9.03943164e-01  4.70915785e-01
3.25255851e-01  3.72271278e-01  2.86096755e-01
3.53788864e-01  9.79704615e-01  9.49226368e-01
9.92325178e-01  6.59878816e-01  4.87328186e-01
2.83405354e-01  7.44116625e-01  4.64922022e-01
2.68433292e-01  5.05136728e-01  6.68353827e-01
6.83019266e-01  6.99093807e-01  5.30238679e-01
7.33957416e-01  7.32690058e-01  6.30375215e-01
5.85002406e-01  3.13447772e-01  4.36789091e-01
4.41752007e-01  8.75220638e-01  3.30003737e-01
5.60037593e-01  2.70742057e-01  6.15217613e-01
8.00022281e-01  4.74500350e-01  9.95395154e-01
7.62922050e-01  9.12418776e-01  3.57409376e-01
4.65822446e-01  5.72272797e-01  5.70701979e-01
8.57253559e-01  5.02764785e-01  6.74542091e-01
6.79236965e-01  7.28115976e-01  9.04470925e-01
5.32409850e-01  7.74297608e-01  8.29048272e-01
3.59562159e-01  7.77632334e-01  7.34502731e-01
9.60356127e-01  7.29881880e-01  8.42229932e-01
5.30265317e-01  3.55899058e-01  3.15975539e-01
7.89863818e-01  3.42652722e-01  3.06249090e-01
8.69990949e-01  4.43575213e-01  8.11249143e-01
4.11487430e-01  6.34007597e-01  3.65118366e-01
6.89488722e-01  4.85320365e-01  7.24009522e-01
6.52291701e-01  5.57215147e-01  5.44535847e-01
5.64771907e-01  9.46674417e-01  6.95537918e-01
3.09475219e-01  2.61273574e-01  8.80888841e-01
9.05391367e-01  3.52436956e-01  8.13233273e-01
6.65235431e-01  6.44963120e-01  4.71556888e-01
9.86128028e-01  7.12943992e-01  5.68541148e-01
9.05701591e-01  4.58733995e-01  2.61416104e-01
2.55477936e-01  3.31472302e-01  2.82043656e-01
9.83284163e-01  7.44202839e-01  6.87237432e-01
7.44940691e-01  4.60025313e-01  7.82478116e-01
7.25350013e-01  4.96478916e-01  6.28288382e-01
5.25209172e-01  6.87979365e-01  3.29337980e-01
7.09527681e-01  2.68669916e-01  9.67872067e-01
3.13852247e-01  6.63801372e-01  3.26807649e-01
2.79664628e-01  4.19254902e-01  5.17834603e-01
6.82924440e-01  9.09685329e-01  4.37293478e-01
6.32840833e-01  6.64778003e-01  6.50291814e-01
9.46392372e-01  2.79282547e-01  4.36211537e-01
5.51028568e-01  7.12725897e-01  8.20672918e-01
5.76745647e-01  8.06245065e-01  4.17836441e-01
5.71564867e-01  6.43087183e-01  5.69236663e-01
5.25511889e-01  5.38211222e-01  3.23238443e-01
3.44085108e-01  7.05875474e-01  9.94440923e-01
8.60616576e-01  7.52461903e-01  2.98810979e-01
8.96104286e-01  5.21337365e-01  8.35900819e-01
7.37854553e-01  8.63930476e-01  3.41174255e-01
7.03915091e-01  7.04976142e-01  3.40434738e-01
8.09355679e-01  8.61393339e-01  5.68137345e-01
3.53246479e-01  5.67545831e-01  8.39427995e-01
8.00606351e-01  8.17756844e-01  4.19658689e-01
5.78638197e-01  8.10172160e-01  9.50405431e-01
9.17918083e-01  4.01682602e-01  2.62508716e-01
6.49700376e-01  4.17349088e-01  7.45196247e-01
7.47105235e-01  9.84558147e-01  5.85356852e-01
6.70307153e-01  5.55385347e-01  7.69328526e-01
3.38603960e-01  6.68021076e-01  6.10699774e-01
3.40291100e-01  5.56542211e-01  9.19319557e-01
8.01597756e-01  8.02095829e-01  3.24415690e-01
4.39036861e-01  3.82138747e-01  6.97611553e-01
6.41833500e-01  9.18452464e-01  7.32995165e-01
8.56450136e-01  4.89222231e-01  2.67741971e-01
4.46327711e-01  2.53894020e-01  9.60267346e-01
6.03837190e-01  2.58277714e-01  7.16481300e-01
8.20357912e-01  3.05188071e-01  5.10637956e-01
5.69792478e-01  3.39574056e-01  8.13539046e-01
3.09423592e-01  4.12457826e-01  4.16070494e-01
6.34795846e-01  5.42361389e-01  6.03041051e-01
7.66060202e-01  7.82640367e-01  7.43081203e-01
5.04850903e-01  3.48236092e-01  6.75556433e-01
8.60042231e-01  3.50713526e-01  7.02940216e-01
5.35577954e-01  8.42828367e-01  9.64735511e-01
4.52813345e-01  5.54701194e-01  4.04196268e-01
9.48796186e-01  9.20394452e-01  2.97071183e-01
5.75916496e-01  5.53539800e-01  6.87239393e-01
5.06852438e-01  2.78540159e-01  5.93324464e-01
7.78791205e-01  5.42329041e-01  6.20162958e-01
3.35785439e-01  7.97554328e-01  7.12580864e-01
7.20996484e-01  6.97936140e-01  8.20612997e-01
7.55344218e-01  8.18726318e-01  4.85175598e-01
6.40376502e-01  8.43901820e-01  4.55981578e-01
7.25919468e-01  4.41412474e-01  8.00796335e-01
9.03665321e-01  9.98346301e-01  9.72136500e-01
5.85048276e-01  9.51595375e-01  6.38986175e-01
7.91398452e-01  9.83686936e-01  6.39797698e-01
2.66937750e-01  7.12293938e-01  4.91201110e-01
8.74230750e-01  4.11574767e-01  8.26444807e-01
2.87062803e-01  4.30029959e-01  7.62531124e-01
7.99842948e-01  6.16395082e-01  6.55924482e-01
2.54626527e-01  7.41180037e-01  3.55388959e-01
9.87576654e-01  2.83361507e-01  8.96751311e-01
9.00608663e-01  9.39994342e-01  7.77346698e-01
5.98217793e-01  3.95584599e-01  4.88879343e-01
7.85534027e-01  4.68406921e-01  9.24247001e-01
6.55968449e-01  6.54593369e-01  6.56439823e-01
8.21837811e-01  3.05591188e-01  7.09807370e-01
6.93471463e-01  7.78984163e-01  9.30787946e-01
4.67409506e-01  3.27891354e-01  7.03311787e-01
4.23618407e-01  5.40906761e-01  9.31418424e-01
7.23887428e-01  5.20275167e-01  5.50156951e-01
5.78847351e-01  2.95588595e-01  7.79543482e-01
4.79270321e-01  9.16573981e-01  5.67738890e-01
4.75708079e-01  6.39148440e-01  6.63226976e-01
8.03599929e-01  4.03186518e-01  9.37758120e-01
6.68653770e-01  9.71625499e-01  8.10823470e-01
6.00577981e-01  7.16162710e-01  5.82387671e-01
4.95450935e-01  4.77951181e-01  4.89191719e-01
9.02367615e-01  6.99928275e-01  3.53001571e-01
3.59379821e-01  5.04485404e-01  5.55550008e-01
3.64450671e-01  2.74010921e-01  8.60601186e-01
7.17510212e-01  4.13993948e-01  4.77234315e-01
3.36279023e-01  3.74360451e-01  4.18938419e-01
2.50882105e-01  9.82894084e-01  9.29140455e-01
7.09345018e-01  3.08597754e-01  3.30605436e-01
6.65252561e-01  5.14651146e-01  6.56807098e-01
3.61376999e-01  7.80637396e-01  8.50298797e-01
7.84384494e-01  3.34550586e-01  9.33853404e-01
4.69071661e-01  6.53236801e-01  6.68152050e-01
5.24170179e-01  3.47460677e-01  7.89608656e-01
7.63032861e-01  5.58472610e-01  6.94831525e-01
6.70235277e-01  9.16954588e-01  7.14577645e-01
8.16854826e-01  7.46743343e-01  8.03897371e-01
6.04417483e-01  7.23534817e-01  8.81333458e-01
6.68351000e-01  5.42432813e-01  8.82694723e-01
9.98649211e-01  9.11320936e-01  9.94682917e-01
9.72655824e-01  3.16957612e-01  9.45961995e-01
9.45721480e-01  9.90802022e-01  4.73828444e-01
2.80207455e-01  8.67995160e-01  4.02353472e-01
4.67732566e-01  9.50909693e-01  2.57016126e-01
2.53169871e-01  7.05322095e-01  8.92263353e-01
6.22981342e-01  9.25650759e-01  4.97657980e-01
5.62328714e-01  6.47663047e-01  8.72432277e-01
8.09623413e-01  3.67617292e-01  6.32517841e-01
2.81098170e-01  9.98907006e-01  6.97003446e-01
3.61676944e-01  3.05270071e-01  4.08703879e-01
4.02209639e-01  4.17636325e-01  3.73599589e-01
3.01622096e-01  4.95068023e-01  8.59193512e-01
3.18563051e-01  3.74800420e-01  8.51603644e-01
6.94629091e-01  3.20351682e-01  3.07320476e-01
4.09548149e-01  3.49711778e-01  4.47277202e-01
3.42716628e-01  9.71634271e-01  3.12849299e-01
8.44833902e-01  8.94734693e-01  7.91752098e-01
4.92813675e-01  8.21064832e-01  9.44041022e-01
6.99782750e-01  9.29905049e-01  4.37095713e-01
7.61529848e-01  3.15709953e-01  4.65895939e-01
5.03899561e-01  8.47557608e-01  7.35904625e-01
9.02545382e-01  4.33426866e-01  7.53161794e-01
7.49274450e-01  6.55473022e-01  6.75921218e-01
2.53140519e-01  9.81229902e-01  6.59458397e-01
6.38348049e-01  2.67105608e-01  5.50472008e-01
4.54759164e-01  6.09521745e-01  3.65527526e-01
3.70682606e-01  3.01000002e-01  2.50384955e-01
8.98744580e-01  3.15959290e-01  4.33465004e-01
6.06283325e-01  9.65986777e-01  9.91601769e-01
7.10164741e-01  9.15749327e-01  9.32118189e-01
3.26040473e-01  6.34058203e-01  6.52213056e-01
8.91481927e-01  7.99991662e-01  3.68402261e-01
6.22764245e-01  6.45302847e-01  7.94110082e-01
3.84396672e-01  4.92345678e-01  3.33069149e-01
8.44291769e-01  8.06603198e-01  9.63663454e-01
6.94268856e-01  5.26843523e-01  5.77969228e-01
5.73549559e-01  6.44458905e-01  6.29229728e-01
8.34568107e-01  7.46851322e-01  8.11717894e-01
6.79352290e-01  2.96642900e-01  6.79089735e-01
5.17794036e-01  2.90138350e-01  8.93400368e-01
2.77822934e-01  6.60911598e-01  9.15836996e-01
8.51312235e-01  2.51408620e-01  5.21130550e-01
4.48355992e-01  3.72643054e-01  3.09847069e-01
6.19787079e-01  2.90927488e-01  3.64939294e-01
9.72108678e-01  8.72252159e-01  5.97079321e-01
7.91014520e-01  5.11727578e-01  5.12587684e-01
9.51627037e-01  5.42671088e-01  4.38655918e-01
2.91754027e-01  4.45347623e-01  7.23862291e-01
6.74917358e-01  9.85274336e-01  8.81248483e-01
4.02290921e-01  4.49988093e-01  8.34023065e-01
7.04339633e-01  4.74102308e-01  3.74946537e-01
3.69869831e-01  2.69314921e-01  6.80120734e-01
8.10888241e-01  7.11220938e-01  7.16807837e-01
6.58048532e-01  5.16598370e-01  5.10425920e-01
4.04139704e-01  5.45426730e-01  2.66019418e-01
4.13532782e-01  2.63840969e-01  9.33906949e-01
4.23909565e-01  7.50706148e-01  9.63552398e-01
8.85629946e-01  3.42975715e-01  9.75716764e-01
6.94543327e-01  4.05854619e-01  4.54929243e-01
5.19595572e-01  6.39815420e-01  3.80465716e-01
4.39901220e-01  3.48791932e-01  2.92498199e-01
5.20080589e-01  5.86530962e-01  7.87761770e-01
6.88943430e-01  7.09986555e-01  5.12543933e-01
5.82610529e-01  8.92456970e-01  9.36261381e-01
8.82030073e-01  3.73847289e-01  9.17576497e-01
3.07211063e-01  6.58938678e-01  4.51410310e-01
5.25139330e-01  9.07222301e-01  5.36360413e-01
9.48211131e-01  8.96198195e-01  2.87608641e-01
9.63533485e-01  3.25650659e-01  4.66912855e-01
9.89903763e-01  4.16888991e-01  8.06097824e-01
