4.85508915e-01  4.95710275e-01  4.91334824e-01
4.92840179e-01  4.91671409e-01  5.11777214e-01
4.91763626e-01  5.01156329e-01  4.81595565e-01
5.16024919e-01  4.93964302e-01  5.07830931e-01
7.19720864e-01  4.32494274e-01  5.71682442e-01
4.88561108e-01  5.15183388e-01  5.04537614e-01
5.12143522e-01  5.04125786e-01  5.06413303e-01
5.05451703e-01  4.99890035e-01  5.01564499e-01
4.82020799e-01  5.08493146e-01  4.99640002e-01
5.02312423e-01  5.13958413e-01  4.92104992e-01
5.05636935e-01  5.13860748e-01  4.95135744e-01
4.87071917e-01  5.05047174e-01  4.94005079e-01
4.85577337e-01  5.12368741e-01  5.07800595e-01
5.06732046e-01  5.01856850e-01  5.00856026e-01
5.16988265e-01  4.85059686e-01  5.09716985e-01
5.03932687e-01  4.87405193e-01  5.15988751e-01
4.87299049e-01  4.83561882e-01  5.05046043e-01
5.02675584e-01  4.87564479e-01  5.01377264e-01
5.14798862e-01  4.87426199e-01  4.98091090e-01
4.99455525e-01  5.12062590e-01  4.89017845e-01
4.97603574e-01  4.95217627e-01  5.08242894e-01
5.08410845e-01  4.99673304e-01  5.08544520e-01
5.17374979e-01  4.97722862e-01  4.91834447e-01
5.05740134e-01  4.97003895e-01  4.99038724e-01
5.03114179e-01  4.89499793e-01  5.07880074e-01
4.82520567e-01  5.07281937e-01  5.17298707e-01
4.96484815e-01  5.02387097e-01  5.16475722e-01
4.95287992e-01  4.83168317e-01  5.01856518e-01
5.19420325e-01  5.16689300e-01  4.90614556e-01
5.13943731e-01  5.04528353e-01  4.97035341e-01
4.93382245e-01  4.96792308e-01  5.13291786e-01
5.08834805e-01  4.85779427e-01  5.13737655e-01
4.96653439e-01  4.96295881e-01  5.10670975e-01
5.03877046e-01  4.83045555e-01  4.88519676e-01
5.03709586e-01  4.93853467e-01  4.90639128e-01
4.86612188e-01  4.93236270e-01  5.05030037e-01
5.09730243e-01  5.16117181e-01  5.14177658e-01
4.82671988e-01  5.04005203e-01  5.14579988e-01
4.96558233e-01  5.14039806e-01  5.09195432e-01
8.53923926e-01  9.96677866e-01  4.38231608e-01
5.11313619e-01  4.84214019e-01  4.92218939e-01
4.91251828e-01  4.81588683e-01  4.83967367e-01
4.98138232e-01  4.88933477e-01  4.81917237e-01
5.16707587e-01  5.09783902e-01  4.92054183e-01
5.16621349e-01  5.13600283e-01  4.89611657e-01
4.89910744e-01  4.88203402e-01  5.11827115e-01
4.97534177e-01  4.79362053e-01  4.85521122e-01
4.97374455e-01  5.13834038e-01  5.04120134e-01
5.10885400e-01  5.11708916e-01  5.03436264e-01
4.98628584e-01  5.07234738e-01  5.09433566e-01
7.55605988e-01  3.00629109e-01  9.32607658e-01
5.02595706e-01  4.98118323e-01  5.02060237e-01
5.04721077e-01  5.15703990e-01  5.19801305e-01
5.16916160e-01  4.87201958e-01  4.99559422e-01
5.07861205e-01  5.17323258e-01  5.08257780e-01
4.94273352e-01  5.02893112e-01  4.87687870e-01
5.07862449e-01  5.02647342e-01  4.86312554e-01
4.82723255e-01  5.16204422e-01  4.82642703e-01
4.92801869e-01  4.90506672e-01  4.99293502e-01
5.08400137e-01  4.96356534e-01  5.10181247e-01
4.86718670e-01  5.16345382e-01  4.95504186e-01
4.80965088e-01  4.94745802e-01  4.96488783e-01
4.92088789e-01  4.92533009e-01  5.09790768e-01
4.86523322e-01  4.94815838e-01  5.07696706e-01
5.18964686e-01  5.02630864e-01  5.07449639e-01
5.14395109e-01  5.02667464e-01  4.94527104e-01
5.09152870e-01  5.00959636e-01  4.82500711e-01
5.16934090e-01  5.01177335e-01  5.16686216e-01
4.83191276e-01  4.85259247e-01  5.05610374e-01
5.10923996e-01  4.90192954e-01  5.17524364e-01
5.11610541e-01  5.00369261e-01  4.89533717e-01
5.10610258e-01  5.11858733e-01  5.19969822e-01
4.93992021e-01  4.97628563e-01  5.02503987e-01
4.83400882e-01  4.84882395e-01  4.82634356e-01
4.84274155e-01  5.05060126e-01  5.20662482e-01
4.87354679e-01  4.97470174e-01  4.85157478e-01
5.11703298e-01  4.90998974e-01  5.18739882e-01
5.15853988e-01  5.06917145e-01  4.89281289e-01
4.87727618e-01  4.84077897e-01  4.97699879e-01
5.02505042e-01  5.09161088e-01  5.08064655e-01
5.02997352e-01  5.13002394e-01  5.19479149e-01
4.90951635e-01  5.11175044e-01  4.99303655e-01
5.07634655e-01  4.83252664e-01  4.97027044e-01
4.90400905e-01  5.12817432e-01  5.14714673e-01
5.10424183e-01  5.11938818e-01  5.12635395e-01
4.93911653e-01  4.92365155e-01  4.98057480e-01
3.73764781e-01  8.32095873e-01  8.89933039e-01
5.14567330e-01  5.03105966e-01  5.19417744e-01
5.05938910e-01  4.80768338e-01  4.90214632e-01
4.90720807e-01  4.94235516e-01  4.84891738e-01
4.87045559e-01  5.14269366e-01  5.01230152e-01
5.17887444e-01  5.06153285e-01  4.86985004e-01
5.14184719e-01  4.90421669e-01  5.09321630e-01
5.08610055e-01  5.05758392e-01  4.87362967e-01
4.89430809e-01  9.81121526e-01  6.00620632e-01
6.41240267e-01  7.32466083e-01  5.39018818e-01
4.84203971e-01  4.93330520e-01  4.95518006e-01
5.01679942e-01  4.86403431e-01  5.01634977e-01
4.84340856e-01  5.16678139e-01  5.19404313e-01
4.86906158e-01  4.79561362e-01  4.81984545e-01
4.88978618e-01  4.97559617e-01  5.12260000e-01
4.92250808e-01  4.96928613e-01  5.01699782e-01
4.91942475e-01  5.05763537e-01  4.84669951e-01
5.03515166e-01  4.95182169e-01  5.19804876e-01
4.96805507e-01  4.86627521e-01  4.84024813e-01
5.01593323e-01  5.00025017e-01  4.84916694e-01
5.06793069e-01  4.92755987e-01  5.19615874e-01
5.10384073e-01  4.87276849e-01  4.99470344e-01
5.19066078e-01  5.18057265e-01  5.07289110e-01
4.80932239e-01  5.10352069e-01  4.87387270e-01
5.11611618e-01  5.14057596e-01  4.95973395e-01
4.85029710e-01  4.90712523e-01  5.07980723e-01
5.18835492e-01  4.85431190e-01  5.04776558e-01
5.14960408e-01  4.89587734e-01  5.04338123e-01
5.01655805e-01  5.03424748e-01  5.17189834e-01
4.95579008e-01  5.02210492e-01  4.88935039e-01
4.97175067e-01  5.05761369e-01  5.08856631e-01
4.96342876e-01  4.90085643e-01  4.85640340e-01
4.97752381e-01  4.83765056e-01  5.11962291e-01
5.08480945e-01  5.15910073e-01  5.05229629e-01
4.99617015e-01  4.82922360e-01  5.11896898e-01
4.88350948e-01  4.83044453e-01  5.04837620e-01
4.18600685e-01  7.68014793e-01  2.93444540e-01
4.83303216e-01  4.80074122e-01  5.08048260e-01
5.05845351e-01  4.91494695e-01  4.94116324e-01
5.06477371e-01  4.86037601e-01  5.11839953e-01
4.94225662e-01  4.98153798e-01  4.85377880e-01
5.13351118e-01  4.84542876e-01  4.93703134e-01
5.08437951e-01  5.05850792e-01  5.16505135e-01
5.04592868e-01  5.11235595e-01  4.87366343e-01
5.05926138e-01  5.03929761e-01  4.81490181e-01
4.91334693e-01  5.10008337e-01  4.91444024e-01
5.07907997e-01  5.02634375e-01  5.03162175e-01
5.11241214e-01  5.17040688e-01  5.01324114e-01
5.07439609e-01  4.80680395e-01  4.92487053e-01
4.98184178e-01  5.05138705e-01  5.06349819e-01
5.08215140e-01  4.79943009e-01  4.90204499e-01
7.64025705e-01  7.48562072e-01  8.89441482e-01
5.06738058e-01  5.11210199e-01  4.91357044e-01
5.00742587e-01  4.85965740e-01  5.05002240e-01
4.94685756e-01  5.16580590e-01  5.20394244e-01
4.88410962e-01  5.10518845e-01  5.06463985e-01
4.87297239e-01  4.93139536e-01  5.12551905e-01
4.81529804e-01  5.02122880e-01  5.09846802e-01
7.00784573e-01  9.79745219e-01  9.95277044e-01
5.12793774e-01  4.96496195e-01  5.11724164e-01
4.84420777e-01  4.96905541e-01  5.02580540e-01
5.18250172e-01  5.01541511e-01  5.18452745e-01
4.96381672e-01  4.86347151e-01  5.15752412e-01
5.10867726e-01  5.00959766e-01  4.96579150e-01
4.95664955e-01  5.03991736e-01  5.09553373e-01
5.16782560e-01  4.81946570e-01  4.96963279e-01
5.03462002e-01  5.07433790e-01  5.12972053e-01
4.99328806e-01  5.10367596e-01  4.90227378e-01
5.01253083e-01  4.95350624e-01  4.98470484e-01
5.07160359e-01  4.98694557e-01  5.04845023e-01
5.00018506e-01  5.01852767e-01  5.05222964e-01
4.94339862e-01  4.85491083e-01  5.05212212e-01
5.08045335e-01  4.87761211e-01  5.17203389e-01
4.94057327e-01  4.97618935e-01  4.82066174e-01
5.08395323e-01  5.06654035e-01  4.91708567e-01
5.11541165e-01  5.05079232e-01  5.04763799e-01
4.89334315e-01  4.90626346e-01  5.03277739e-01
5.11061583e-01  5.08353591e-01  5.02806707e-01
8.20404307e-01  5.12179806e-01  2.51841341e-01
5.06384330e-01  4.82326987e-01  4.92012182e-01
5.12394316e-01  4.98730987e-01  5.17349276e-01
4.91334519e-01  4.90081831e-01  4.85004839e-01
5.04052422e-01  4.94601355e-01  5.04620428e-01
5.14159830e-01  4.88086680e-01  4.86243850e-01
4.92988136e-01  4.83807856e-01  5.00048838e-01
5.01411147e-01  5.01972631e-01  5.03533814e-01
5.18560593e-01  5.17902956e-01  4.95016604e-01
7.25241721e-01  6.69291957e-01  2.50779692e-01
4.83560401e-01  4.87775697e-01  4.94487225e-01
5.09524867e-01  4.80140899e-01  5.19731594e-01
5.03312809e-01  5.04660741e-01  4.91458524e-01
5.13256727e-01  4.97417130e-01  4.86547105e-01
4.95856879e-01  4.96720256e-01  4.89387634e-01
4.90320758e-01  5.07756123e-01  4.82041405e-01
4.84882419e-01  4.93319296e-01  5.16631639e-01
5.14347956e-01  4.92086076e-01  4.95963891e-01
4.94613577e-01  4.99304020e-01  5.11215293e-01
4.82881717e-01  5.02942839e-01  5.04885022e-01
5.00901587e-01  5.14414256e-01  4.95619119e-01
5.16785839e-01  5.01547357e-01  5.09734849e-01
4.81936645e-01  4.91941355e-01  5.13838141e-01
5.19416521e-01  4.83993537e-01  5.13085666e-01
4.82443130e-01  4.83053664e-01  5.07615909e-01
5.05387616e-01  4.79746910e-01  5.20476350e-01
5.04449732e-01  4.94667611e-01  5.13737292e-01
5.00277332e-01  4.82603076e-01  5.01471177e-01
5.05451919e-01  4.99374472e-01  5.07615806e-01
4.88967164e-01  4.87314009e-01  5.00055826e-01
5.08966033e-01  5.05221026e-01  4.91901775e-01
5.15607235e-01  5.03998458e-01  5.13607341e-01
5.13063665e-01  5.01608616e-01  5.06390014e-01
4.87211121e-01  5.13267793e-01  4.97801223e-01
4.86313768e-01  4.96750506e-01  5.11092552e-01
5.16910740e-01  5.07191747e-01  4.90525713e-01
4.86806304e-01  5.04728466e-01  5.05005245e-01
5.03064639e-01  4.83429345e-01  5.08954492e-01
4.82298124e-01  4.79473524e-01  4.83716834e-01
5.13186089e-01  5.14305355e-01  5.17663461e-01
4.80928848e-01  4.84235943e-01  4.83765983e-01
5.14317768e-01  4.84581581e-01  4.94539890e-01
5.15265604e-01  4.82665388e-01  4.92788923e-01
4.91166464e-01  4.87692964e-01  5.01304080e-01
5.09027291e-01  4.89106109e-01  4.81852781e-01
4.81895857e-01  4.84525298e-01  5.12470701e-01
5.19536707e-01  4.81100728e-01  5.15328944e-01
4.87760460e-01  5.17197527e-01  4.90417291e-01
5.16542955e-01  4.93906443e-01  5.09862207e-01
4.99266996e-01  5.11884070e-01  5.02459959e-01
5.01645646e-01  4.81342272e-01  5.14933056e-01
4.97134433e-01  4.80965739e-01  5.08291966e-01
5.02680099e-01  4.87497636e-01  5.15378457e-01
4.90799214e-01  5.03952168e-01  5.02644839e-01
4.92883117e-01  4.83093539e-01  4.88414023e-01
4.80939648e-01  5.16251214e-01  4.88040440e-01
4.98657446e-01  5.14259067e-01  4.90885484e-01
4.93563125e-01  5.07655909e-01  5.17169308e-01
5.15466010e-01  5.08317804e-01  5.20015382e-01
4.83849799e-01  4.82615494e-01  4.87667009e-01
5.00187753e-01  4.97738222e-01  5.06475907e-01
5.02881194e-01  4.87859425e-01  5.08061834e-01
4.82128965e-01  4.80282056e-01  5.09151006e-01
4.90360376e-01  4.97871767e-01  4.92153588e-01
4.95203326e-01  5.02999041e-01  5.01874161e-01
5.10457463e-01  4.83374854e-01  5.04200141e-01
4.80909651e-01  5.02190574e-01  4.83068485e-01
4.86619377e-01  4.81625086e-01  5.16676078e-01
5.00811339e-01  4.84454703e-01  4.98593404e-01
5.02967988e-01  4.82588524e-01  5.09466775e-01
5.14904485e-01  4.87177779e-01  4.81818588e-01
5.03394833e-01  5.01345455e-01  4.89505914e-01
5.00316151e-01  5.17300463e-01  5.20368920e-01
5.13743407e-01  5.41680940e-01  9.81205233e-01
5.16358091e-01  4.88342262e-01  4.85063899e-01
4.91049439e-01  4.90896645e-01  4.96599226e-01
4.97796036e-01  5.03975683e-01  4.87235145e-01
5.19518483e-01  5.14562072e-01  5.19653268e-01
4.82606974e-01  5.12010966e-01  4.98471591e-01
5.01521268e-01  5.06552285e-01  4.96118964e-01
4.89671757e-01  4.84366256e-01  4.90725150e-01
5.11444379e-01  5.03997622e-01  4.90678751e-01
5.16811307e-01  4.97981767e-01  5.07991344e-01
5.15529183e-01  4.99066775e-01  5.14182771e-01
5.12431733e-01  4.83200358e-01  5.02668896e-01
7.37803527e-01  4.32213272e-01  2.98227854e-01
5.03896789e-01  4.92034432e-01  4.83038991e-01
4.85634647e-01  4.94590448e-01  5.08528030e-01
5.03987206e-01  5.16672091e-01  5.14959520e-01
4.82233634e-01  5.04264536e-01  4.84432979e-01
5.00370083e-01  4.83873663e-01  4.99625393e-01
5.18784535e-01  5.06399476e-01  4.89915074e-01
4.88853500e-01  4.89393968e-01  5.11246180e-01
4.84695282e-01  5.02123497e-01  5.16901078e-01
4.83040000e-01  4.95913021e-01  5.03361818e-01
4.81207962e-01  5.05910960e-01  4.94627338e-01
3.98550196e-01  8.30408305e-01  4.85518725e-01
5.16764127e-01  5.04153260e-01  4.92303903e-01
4.85844476e-01  4.81865714e-01  4.88225162e-01
4.95475714e-01  4.89184212e-01  5.17193948e-01
4.95601584e-01  5.12279605e-01  5.12412393e-01
5.01834457e-01  4.85793987e-01  5.06788549e-01
4.82823066e-01  5.16890844e-01  5.20356944e-01
4.97398756e-01  5.08801840e-01  5.09270517e-01
5.06307492e-01  5.07457956e-01  4.89279143e-01
4.84326306e-01  5.14376783e-01  5.13645944e-01
5.19363194e-01  4.80003663e-01  5.16341239e-01
4.97508705e-01  5.10827578e-01  5.19663328e-01
5.00661062e-01  5.06468513e-01  5.06899472e-01
4.86853388e-01  4.95295026e-01  5.13095775e-01
5.11894384e-01  4.97672110e-01  4.97893076e-01
4.88777727e-01  4.85501204e-01  5.09091011e-01
8.64471856e-01  4.19605727e-01  8.41576344e-01
4.86713383e-01  4.98581201e-01  5.13989305e-01
5.00899221e-01  5.16597970e-01  5.16050564e-01
4.96039186e-01  4.95622299e-01  5.12961265e-01
5.10880650e-01  4.89532419e-01  4.93777003e-01
5.01852799e-01  4.86974636e-01  5.10313725e-01
4.98798448e-01  4.84457235e-01  4.97229902e-01
4.90544393e-01  5.09050871e-01  4.96677838e-01
5.81379326e-01  4.42910324e-01  4.52965068e-01
4.83796743e-01  5.04490672e-01  5.07027059e-01
4.99687745e-01  4.91174834e-01  4.91260692e-01
4.90775261e-01  4.83550654e-01  5.09620406e-01
4.97775103e-01  5.11050685e-01  5.16633817e-01
5.04996694e-01  5.05373185e-01  4.84725835e-01
5.17738541e-01  4.93202947e-01  5.03911920e-01
4.87401437e-01  5.03298841e-01  4.92195337e-01
4.88617301e-01  5.01897775e-01  4.92445485e-01
5.17760313e-01  4.90354165e-01  4.94507981e-01
4.87732464e-01  5.01349137e-01  4.83133932e-01
4.91830059e-01  4.80567723e-01  5.09535890e-01
5.09328983e-01  4.89489531e-01  5.19013001e-01
9.38337766e-01  2.80759135e-01  8.19156136e-01
5.12325085e-01  5.11020112e-01  5.07854879e-01
4.92739067e-01  4.88176399e-01  4.97710193e-01
4.80943129e-01  5.12653806e-01  4.99805636e-01
4.87895906e-01  4.83007574e-01  4.88755168e-01
4.98136719e-01  4.88778428e-01  4.93694583e-01
5.03369216e-01  4.81104574e-01  5.01767988e-01
4.88988853e-01  4.93535933e-01  4.83334184e-01
4.83926702e-01  5.03157380e-01  5.18484274e-01
5.10118651e-01  4.84921087e-01  4.86229833e-01
4.82709235e-01  4.89848078e-01  4.82435794e-01
5.10239919e-01  5.17590528e-01  5.13825916e-01
5.19432692e-01  5.16965198e-01  4.95080143e-01
4.97930035e-01  4.81119701e-01  5.02988436e-01
5.07653451e-01  4.93206355e-01  5.02590164e-01
5.10541495e-01  5.12508011e-01  5.18977513e-01
4.94752574e-01  4.82857771e-01  5.15349808e-01
4.82185012e-01  4.82760595e-01  4.82197337e-01
4.96718918e-01  4.81570393e-01  4.95318966e-01
4.93484589e-01  4.82215393e-01  5.01721295e-01
4.91713355e-01  4.98276116e-01  5.00674944e-01
5.06840672e-01  4.85607524e-01  4.83516811e-01
4.85808691e-01  4.83607004e-01  5.12282956e-01
4.88655221e-01  4.83351180e-01  5.08412659e-01
4.87969904e-01  4.83069610e-01  5.00278442e-01
4.96903798e-01  4.81108589e-01  4.87662691e-01
5.01535700e-01  4.95723806e-01  5.06793419e-01
4.86853546e-01  4.89623055e-01  4.92071957e-01
5.11665357e-01  5.16511936e-01  4.91255933e-01
5.02887345e-01  4.90663925e-01  4.84028817e-01
5.09761985e-01  5.14186371e-01  4.95670180e-01
5.09851318e-01  5.04965900e-01  5.20679708e-01
4.93910399e-01  4.85306934e-01  5.17551234e-01
5.10027945e-01  4.80869291e-01  4.93631984e-01
5.03919414e-01  4.81429227e-01  4.90865825e-01
5.13356632e-01  4.82396297e-01  5.05288723e-01
4.83825013e-01  4.86268828e-01  4.98289956e-01
4.84912359e-01  4.89125972e-01  5.01356962e-01
5.15131073e-01  5.10151555e-01  4.92552735e-01
5.12386036e-01  5.01968692e-01  4.82770255e-01
5.12559591e-01  4.80160838e-01  4.88957044e-01
4.86495551e-01  5.03737963e-01  4.93409058e-01
5.08952502e-01  5.02395314e-01  5.19739318e-01
9.65052388e-01  8.28842092e-01  3.89639127e-01
5.05492105e-01  5.17778869e-01  5.16809609e-01
8.92644552e-01  5.96751106e-01  7.72474623e-01
3.99213707e-01  7.44610368e-01  4.29936931e-01
4.88915190e-01  5.17395499e-01  5.02705525e-01
5.08527799e-01  5.01817570e-01  4.93941963e-01
4.87847627e-01  5.09931023e-01  5.19307819e-01
4.87409031e-01  5.18104773e-01  5.18807174e-01
4.86540107e-01  4.99039887e-01  5.10995183e-01
5.04535221e-01  5.16134340e-01  5.11328062e-01
5.18083748e-01  4.83280216e-01  5.10808019e-01
5.18983479e-01  4.87248307e-01  4.84977232e-01
4.86534450e-01  4.94489965e-01  4.81701645e-01
5.07509856e-01  4.81357098e-01  4.83965265e-01
5.10825843e-01  5.00580380e-01  4.90887535e-01
5.03011415e-01  5.15272257e-01  5.00139524e-01
5.17584477e-01  4.90186524e-01  4.91873220e-01
5.14536498e-01  4.99361631e-01  4.92908528e-01
4.87398373e-01  5.15804551e-01  4.96794585e-01
5.18639649e-01  4.99671978e-01  4.85610785e-01
4.95561574e-01  4.80690796e-01  5.13284887e-01
7.09399974e-01  2.63123094e-01  9.62123446e-01
8.11609117e-01  3.89172388e-01  3.84375290e-01
4.96266995e-01  5.04362041e-01  5.04840702e-01
5.11704214e-01  5.07814474e-01  4.99478573e-01
4.82366006e-01  5.03233093e-01  4.88822477e-01
5.17541468e-01  4.88183988e-01  4.82685950e-01
4.89386857e-01  5.16493156e-01  5.11500670e-01
4.82046766e-01  4.88114815e-01  5.04588141e-01
5.07638505e-01  5.04574171e-01  4.94244647e-01
4.98110212e-01  5.00796846e-01  5.12782460e-01
5.16988230e-01  4.93479037e-01  5.08104537e-01
4.89236010e-01  4.93539357e-01  5.01841115e-01
4.86854709e-01  5.07412850e-01  5.19276569e-01
3.16257279e-01  3.53341329e-01  4.95675931e-01
4.85570813e-01  5.05576371e-01  5.05424165e-01
5.30009622e-01  2.52180969e-01  9.82456894e-01
5.08628806e-01  4.93477006e-01  5.05998774e-01
4.87830845e-01  5.16643547e-01  4.94555456e-01
5.07494905e-01  4.91331118e-01  4.88142372e-01
5.11636475e-01  5.05683527e-01  4.94916365e-01
4.96347187e-01  4.90934693e-01  4.99696540e-01
4.91173125e-01  5.03404453e-01  4.94320597e-01
4.93638803e-01  4.95982835e-01  5.05810363e-01
5.05183706e-01  4.95749763e-01  4.91808566e-01
4.90390778e-01  5.11848700e-01  5.02338602e-01
4.99260554e-01  5.15570779e-01  5.03700191e-01
4.81618601e-01  4.96306757e-01  5.08806744e-01
5.00883031e-01  4.79852687e-01  4.88074673e-01
5.14837099e-01  4.90784142e-01  4.87884651e-01
5.03759094e-01  4.89042505e-01  5.00817601e-01
4.81392276e-01  5.10720102e-01  4.82085659e-01
5.09678935e-01  5.09887336e-01  5.01729358e-01
5.12792730e-01  5.04916332e-01  4.87723882e-01
5.13634947e-01  4.80932857e-01  4.93932657e-01
5.06082106e-01  5.14832046e-01  4.96474026e-01
5.06748895e-01  4.86224708e-01  5.19092797e-01
5.16511882e-01  5.06990774e-01  5.11749509e-01
5.04839107e-01  4.87570404e-01  5.15420926e-01
5.08907830e-01  5.09477763e-01  5.14470006e-01
4.81540015e-01  5.05179125e-01  5.11251757e-01
5.02982340e-01  5.02546207e-01  5.13711946e-01
4.97428708e-01  4.94406811e-01  4.84133036e-01
5.07010992e-01  4.90187802e-01  5.12861222e-01
4.90080073e-01  5.09917869e-01  5.11529822e-01
4.83906398e-01  4.88662434e-01  5.08977783e-01
4.82649041e-01  5.16902075e-01  4.92748016e-01
5.06105229e-01  4.97447703e-01  5.08234098e-01
4.80929543e-01  5.01233227e-01  5.12105739e-01
5.11712393e-01  4.87441509e-01  4.90775391e-01
5.13901278e-01  5.09972471e-01  4.91495409e-01
4.87132051e-01  4.81404216e-01  4.87523207e-01
5.16517229e-01  5.12951928e-01  5.12929595e-01
5.01819265e-01  5.04220657e-01  4.96815408e-01
8.28496817e-01  6.92787352e-01  7.19248527e-01
4.99152732e-01  4.80565257e-01  4.92230208e-01
5.06733477e-01  4.96319804e-01  4.92093926e-01
5.11824454e-01  4.85477092e-01  4.91385820e-01
5.17625369e-01  5.16159488e-01  4.93360246e-01
5.18830035e-01  4.84845884e-01  4.83503510e-01
4.87174969e-01  4.95935656e-01  5.11156758e-01
4.96335085e-01  5.17892564e-01  4.89872098e-01
4.87020364e-01  5.13685680e-01  5.16315025e-01
5.08037249e-01  4.79280705e-01  4.88142854e-01
5.08591252e-01  4.99290478e-01  5.13847513e-01
5.04770936e-01  5.06427641e-01  4.91164166e-01
4.80983482e-01  5.12809111e-01  5.13265321e-01
5.01160626e-01  4.80875509e-01  4.98109576e-01
5.16004591e-01  4.87505666e-01  4.85261651e-01
5.02061215e-01  4.82104141e-01  4.84508433e-01
5.18609566e-01  5.13803352e-01  5.01706350e-01
5.11397319e-01  5.07254786e-01  5.06031795e-01
5.07812905e-01  5.08949580e-01  4.89811907e-01
5.18551780e-01  4.93599285e-01  4.99140150e-01
4.87924073e-01  5.00562688e-01  4.84047023e-01
4.84515470e-01  4.87827777e-01  5.08717845e-01
4.93121491e-01  5.11151769e-01  4.98541022e-01
5.08292518e-01  5.17310583e-01  5.04480198e-01
4.92837031e-01  5.07120048e-01  5.06688167e-01
5.14542975e-01  5.03953830e-01  5.01919842e-01
5.18633503e-01  4.80267513e-01  4.84723731e-01
4.99764379e-01  4.96059768e-01  5.07789005e-01
4.83979055e-01  5.03484315e-01  4.92600975e-01
4.71974889e-01  7.16754120e-01  8.45573296e-01
5.19678981e-01  5.11658188e-01  4.93108128e-01
4.86747380e-01  4.98917188e-01  5.00628232e-01
4.94224240e-01  4.94270183e-01  4.98168030e-01
4.86002767e-01  4.93948204e-01  4.97652249e-01
4.82093934e-01  4.97149077e-01  4.88496565e-01
4.99134481e-01  4.90990690e-01  5.19122072e-01
5.19744005e-01  4.85457730e-01  5.16328664e-01
4.95441642e-01  4.88787515e-01  5.09632020e-01
5.16270060e-01  4.94332018e-01  4.94309002e-01
4.91425388e-01  5.00518720e-01  5.09335756e-01
4.83464662e-01  5.14374406e-01  4.97627836e-01
4.89061719e-01  5.01567287e-01  4.96347581e-01
5.02837620e-01  5.04991971e-01  5.02311814e-01
5.03388655e-01  5.11486909e-01  4.85791714e-01
5.02340421e-01  5.02296969e-01  4.90137207e-01
5.19635043e-01  4.89962633e-01  4.82884402e-01
5.13644061e-01  5.09640286e-01  5.11030102e-01
5.14000129e-01  4.85451195e-01  5.03108315e-01
5.02410545e-01  5.11304800e-01  4.88906079e-01
4.92765443e-01  5.04571552e-01  5.07537137e-01
5.16918041e-01  4.80239577e-01  4.81537804e-01
4.87973958e-01  4.80892007e-01  4.83016971e-01
4.83152004e-01  5.05784647e-01  4.91466217e-01
5.02983729e-01  5.15748756e-01  4.84478935e-01
4.85479157e-01  5.13857262e-01  5.08174098e-01
4.82873229e-01  4.87220915e-01  4.96432683e-01
5.18146600e-01  5.00610102e-01  4.87236511e-01
4.87522359e-01  4.91243219e-01  5.03531679e-01
4.97673973e-01  4.85599301e-01  5.06018948e-01
5.06821175e-01  4.98771231e-01  4.88018660e-01
5.18300983e-01  4.86361230e-01  5.13655075e-01
4.82796611e-01  4.85394443e-01  4.92773389e-01
4.98867687e-01  5.07090531e-01  5.15231120e-01
5.17451834e-01  5.14402593e-01  5.06566048e-01
4.93036733e-01  5.14466316e-01  5.08995267e-01
5.08993627e-01  4.86982131e-01  4.95105888e-01
5.00908848e-01  4.95870519e-01  4.96307926e-01
4.81858696e-01  5.15896891e-01  4.95585942e-01
5.00360942e-01  4.88516057e-01  5.06654848e-01
5.05896545e-01  4.84727626e-01  4.85500566e-01
5.00565314e-01  4.95425369e-01  4.91115633e-01
4.98344493e-01  5.08770881e-01  4.87636273e-01
5.15276643e-01  4.91914175e-01  5.09450157e-01
5.04267955e-01  5.15008462e-01  4.87548502e-01
7.85937846e-01  4.75707525e-01  2.57202221e-01
4.95974745e-01  4.95585952e-01  5.14297282e-01
4.99104362e-01  4.93118973e-01  4.84876151e-01
4.82885372e-01  4.88638937e-01  4.88856473e-01
4.80970283e-01  5.00979085e-01  5.05537053e-01
5.17063505e-01  4.90787357e-01  4.92014134e-01
2.52963134e-01  9.97810094e-01  7.85549457e-01
5.16725775e-01  5.03508550e-01  4.81820888e-01
4.96317754e-01  4.83933216e-01  4.99024010e-01
5.17034584e-01  5.13174078e-01  5.05701852e-01
5.12532898e-01  4.87056879e-01  5.18435418e-01
5.75514895e-01  4.61096520e-01  9.68861495e-01
5.17374368e-01  5.09155297e-01  5.11046409e-01
5.16440382e-01  5.10177993e-01  5.07911181e-01
5.02075589e-01  4.92982353e-01  4.88839326e-01
2.85174420e-01  2.60623548e-01  7.61541373e-01
4.83183962e-01  4.86525012e-01  4.84038598e-01
4.92822258e-01  4.98021832e-01  4.93683726e-01
4.80935150e-01  4.86143480e-01  4.94984406e-01
4.95301434e-01  4.94355336e-01  5.06380174e-01
4.87106577e-01  4.97330331e-01  5.05551253e-01
4.85117749e-01  5.14830444e-01  4.81724576e-01
5.02103138e-01  4.84358933e-01  4.85920090e-01
4.94499763e-01  5.08362749e-01  4.84061700e-01
5.10486656e-01  4.88758180e-01  5.03480795e-01
4.92958480e-01  4.97015339e-01  4.84534634e-01
5.01831571e-01  4.95879022e-01  5.16149110e-01
4.82721599e-01  4.94237497e-01  4.98161854e-01
5.05993418e-01  5.11531870e-01  4.85175177e-01
4.68910636e-01  7.61248708e-01  6.30626985e-01
5.02158854e-01  4.87991490e-01  5.05253283e-01
4.95486981e-01  5.07925193e-01  5.07905781e-01
5.09884585e-01  4.95657122e-01  4.83687598e-01
4.83211459e-01  4.98595436e-01  5.01116622e-01
5.13263079e-01  4.95576660e-01  4.91667313e-01
5.15645190e-01  5.11557446e-01  5.02574502e-01
5.01562414e-01  5.14733410e-01  5.04774458e-01
5.18753963e-01  5.15655691e-01  4.96481255e-01
4.87451159e-01  4.85963288e-01  5.18689743e-01
4.91213240e-01  5.08028607e-01  4.82640116e-01
4.83435587e-01  4.83928207e-01  4.94065221e-01
4.83002713e-01  5.12307419e-01  4.98830247e-01
5.06170483e-01  4.89547050e-01  5.15060025e-01
5.18819058e-01  4.79545843e-01  5.08895273e-01
4.94885140e-01  5.06966917e-01  4.85103454e-01
4.94910232e-01  5.03494014e-01  5.12206964e-01
5.05021091e-01  5.05699987e-01  4.97632900e-01
8.15992007e-01  3.78084732e-01  4.09926362e-01
4.81184800e-01  5.13244412e-01  5.08287837e-01
4.95295526e-01  4.87968422e-01  5.16315560e-01
4.93842958e-01  4.94398132e-01  4.92644265e-01
5.16624170e-01  5.15060872e-01  4.88477234e-01
7.91322538e-01  6.19837654e-01  6.90966097e-01
5.19516791e-01  5.06363088e-01  5.08674207e-01
4.94137506e-01  4.90203617e-01  9.35601988e-01
5.11505236e-01  5.06894404e-01  5.00705566e-01
4.88702127e-01  5.11634867e-01  5.04946658e-01
5.15922551e-01  4.96634343e-01  5.02918487e-01
4.91285240e-01  5.06774047e-01  5.04631797e-01
4.98958181e-01  5.10428368e-01  5.19161388e-01
5.13582249e-01  4.97404901e-01  5.10858831e-01
5.18140474e-01  4.94986793e-01  5.03037228e-01
7.13330688e-01  2.85556591e-01  2.60370752e-01
4.85089081e-01  5.15571658e-01  4.98118614e-01
5.02356569e-01  5.16052057e-01  4.86096961e-01
5.15308816e-01  5.10877457e-01  4.96583474e-01
5.18393892e-01  4.93196515e-01  5.09869714e-01
8.71517658e-01  5.08352449e-01  6.33876331e-01
5.11484492e-01  5.08067799e-01  4.81996057e-01
5.08985612e-01  4.91542180e-01  5.03117574e-01
5.14306628e-01  4.85672643e-01  4.91955396e-01
4.94474655e-01  5.01212740e-01  5.14540755e-01
5.11148195e-01  5.00121288e-01  5.07987994e-01
4.82845793e-01  5.13719029e-01  5.06216483e-01
4.87907378e-01  5.11154411e-01  5.17672373e-01
5.13848038e-01  5.15301695e-01  4.86474085e-01
5.14176927e-01  4.99697642e-01  5.05687679e-01
4.81164574e-01  5.01214126e-01  5.12948527e-01
5.17220137e-01  5.14440042e-01  5.20563556e-01
4.97111472e-01  5.00267575e-01  4.89280879e-01
4.87654792e-01  5.00974654e-01  4.86361048e-01
4.84810121e-01  5.13379121e-01  5.03552260e-01
5.09780393e-01  4.85940246e-01  5.01777349e-01
5.09571832e-01  5.03572936e-01  4.96362086e-01
5.11114488e-01  5.02083662e-01  5.13838168e-01
4.83487453e-01  5.01262999e-01  4.83536737e-01
4.82908842e-01  4.87028094e-01  4.84571196e-01
4.98381149e-01  5.04204667e-01  4.96937952e-01
5.12321001e-01  4.83032467e-01  4.94128149e-01
4.99277846e-01  4.87001973e-01  5.16763522e-01
4.91574715e-01  5.15605365e-01  5.13809276e-01
4.81570807e-01  5.17137070e-01  5.12892129e-01
4.98689998e-01  5.15755874e-01  5.16494214e-01
5.18459756e-01  5.03448089e-01  4.86902744e-01
5.05945335e-01  4.84003361e-01  4.88479466e-01
4.97673559e-01  4.87283433e-01  5.06739765e-01
5.07118961e-01  5.09452868e-01  5.19283551e-01
4.81439932e-01  5.04695520e-01  5.19366953e-01
4.95189064e-01  5.06273417e-01  5.03898920e-01
5.17239616e-01  4.89492617e-01  4.86433249e-01
4.97132709e-01  5.02610450e-01  4.95942155e-01
3.76836009e-01  3.78433133e-01  7.56380002e-01
4.92004671e-01  4.80776368e-01  5.09820549e-01
3.35490836e-01  5.38858681e-01  4.04503617e-01
4.93439260e-01  4.86340050e-01  5.02182307e-01
5.13826462e-01  5.03301209e-01  5.08007050e-01
5.18003389e-01  4.81228414e-01  5.19379491e-01
4.81983125e-01  4.84833240e-01  4.82673343e-01
5.16638705e-01  4.91223084e-01  5.02170792e-01
4.98794547e-01  4.85006220e-01  4.98570503e-01
5.08248232e-01  5.15124662e-01  4.99481164e-01
5.04206756e-01  5.13529075e-01  5.07265379e-01
5.16219728e-01  4.93171729e-01  4.86743228e-01
4.97467567e-01  4.86030234e-01  4.83994413e-01
5.14204129e-01  5.15596247e-01  5.08542712e-01
4.84572528e-01  4.94765816e-01  4.86539816e-01
5.06752739e-01  5.12356774e-01  4.88743121e-01
4.98852079e-01  5.04674868e-01  5.12135723e-01
5.16512306e-01  4.81712149e-01  4.91253116e-01
5.05538656e-01  5.13589786e-01  5.07068855e-01
5.14245551e-01  4.87815400e-01  4.97908237e-01
5.19773618e-01  5.01016437e-01  5.17634077e-01
5.05969547e-01  5.00800108e-01  5.03508967e-01
4.96155208e-01  4.95839860e-01  4.81709605e-01
4.87497781e-01  4.88330363e-01  5.14337635e-01
5.15633662e-01  4.82769033e-01  5.13656035e-01
5.08696067e-01  4.94276948e-01  4.95293895e-01
5.17055661e-01  4.92536997e-01  4.81967385e-01
5.10452599e-01  4.85911793e-01  5.13766454e-01
4.83991966e-01  4.91956518e-01  4.91916677e-01
4.82245049e-01  5.05703570e-01  4.85011315e-01
4.94980482e-01  4.97299342e-01  5.06136980e-01
5.07648668e-01  4.93859218e-01  5.02491894e-01
5.12278695e-01  4.95638781e-01  4.84327786e-01
4.83232884e-01  5.08462523e-01  4.82594655e-01
4.95440133e-01  4.83866488e-01  5.00220952e-01
5.11818454e-01  5.17185207e-01  5.12343352e-01
4.91375034e-01  4.97438287e-01  5.10714268e-01
4.81249269e-01  5.03760353e-01  4.92147009e-01
4.92531200e-01  5.04158952e-01  4.96416759e-01
4.88099890e-01  4.94011581e-01  5.07405453e-01
4.94765750e-01  5.13394896e-01  4.92269670e-01
4.81922822e-01  5.11603860e-01  5.18565567e-01
4.93177831e-01  5.03037041e-01  5.04004626e-01
5.17334347e-01  4.98055245e-01  5.10864401e-01
5.03925822e-01  5.00405893e-01  5.14175213e-01
4.90437174e-01  4.85909446e-01  5.04370288e-01
5.01430691e-01  4.87299545e-01  5.15315919e-01
4.97042595e-01  4.87856660e-01  5.18972855e-01
5.05985877e-01  4.96427523e-01  4.99451434e-01
4.90214462e-01  5.14906872e-01  5.10688858e-01
4.91860934e-01  4.79359454e-01  5.02177929e-01
5.08420837e-01  5.12000460e-01  4.84681633e-01
5.08999875e-01  5.08800372e-01  4.87432723e-01
5.12288862e-01  5.10881891e-01  5.02535835e-01
4.84994252e-01  4.99937552e-01  5.06442210e-01
5.05433658e-01  5.08239162e-01  5.09169157e-01
5.04086520e-01  5.13821786e-01  5.15603235e-01
5.18676892e-01  4.89928717e-01  4.96759422e-01
4.82531179e-01  5.04341505e-01  4.82012175e-01
5.12639366e-01  5.00754395e-01  5.13152556e-01
5.12333960e-01  4.94890957e-01  5.15388322e-01
4.89747358e-01  4.83055122e-01  4.99546338e-01
4.83696292e-01  5.05112962e-01  4.94580995e-01
4.85856862e-01  4.85828538e-01  4.87971581e-01
5.04102207e-01  4.90293193e-01  5.07832145e-01
5.06237848e-01  5.06280375e-01  5.17315777e-01
4.81179074e-01  4.97692087e-01  5.09863010e-01
4.98218799e-01  5.11887498e-01  4.96829733e-01
4.91748081e-01  5.11067907e-01  5.20171515e-01
5.05574860e-01  4.83232018e-01  4.96657325e-01
5.05574978e-01  4.90672274e-01  5.20211630e-01
5.09832276e-01  5.16009923e-01  5.15585939e-01
4.88708763e-01  5.13049936e-01  5.00479905e-01
5.18517292e-01  4.91590802e-01  4.86790492e-01
4.88064035e-01  4.80227594e-01  4.99966715e-01
4.87805542e-01  5.11155749e-01  4.96001700e-01
4.82218963e-01  5.00029143e-01  4.95241652e-01
5.05057921e-01  4.90517872e-01  4.95047366e-01
5.01809146e-01  5.07814382e-01  4.87207450e-01
5.17400754e-01  5.03575894e-01  5.01483880e-01
5.05037840e-01  4.97635547e-01  4.85194831e-01
4.83191450e-01  5.14752285e-01  4.85221972e-01
5.16097436e-01  4.96471894e-01  4.95719090e-01
4.97629860e-01  4.80092965e-01  4.85714212e-01
4.87285385e-01  4.93050849e-01  5.09424214e-01
5.08571861e-01  4.91668931e-01  4.96412644e-01
5.09621379e-01  4.82935927e-01  4.82710559e-01
5.13837110e-01  4.80196620e-01  4.98529263e-01
5.13032689e-01  4.99631110e-01  4.92692450e-01
5.01939512e-01  4.90730935e-01  4.96868034e-01
4.98186179e-01  4.92374297e-01  4.91686617e-01
5.19875561e-01  5.01422490e-01  5.06144734e-01
4.95221836e-01  5.08978298e-01  4.81595108e-01
4.82293506e-01  4.90965588e-01  4.84249022e-01
5.14765389e-01  4.99004065e-01  4.83447637e-01
5.03533647e-01  4.89291647e-01  5.20237212e-01
5.12351043e-01  4.91418344e-01  5.15976030e-01
5.11265548e-01  4.90993736e-01  4.98623186e-01
5.00058323e-01  4.86553737e-01  4.89029091e-01
5.01354985e-01  4.98716536e-01  5.03225730e-01
4.81480811e-01  4.85056277e-01  4.94841208e-01
5.03950805e-01  4.88060141e-01  4.95492267e-01
4.75528678e-01  9.74361949e-01  3.94869021e-01
5.12492539e-01  4.86910053e-01  5.17740822e-01
5.15769856e-01  4.91230008e-01  4.94434893e-01
5.06119428e-01  4.95306083e-01  4.88266162e-01
4.92478248e-01  4.85549951e-01  5.00350806e-01
4.88305239e-01  5.05268369e-01  4.97324018e-01
5.05943848e-01  5.11299533e-01  4.84177355e-01
4.90165167e-01  5.00832118e-01  4.89817742e-01
4.93055722e-01  4.91923871e-01  5.13796386e-01
5.19879129e-01  4.98249972e-01  4.88508187e-01
5.10964376e-01  5.14801418e-01  4.94139998e-01
4.96171827e-01  5.03138583e-01  5.14386910e-01
5.09868779e-01  4.93651329e-01  5.04754943e-01
4.90881386e-01  4.80600809e-01  5.11866356e-01
5.05076642e-01  5.07317286e-01  5.09255608e-01
4.96170671e-01  5.15308143e-01  4.84212425e-01
4.86838883e-01  4.88051241e-01  4.93407574e-01
4.92993438e-01  5.01951943e-01  5.12371395e-01
4.94971022e-01  4.97104863e-01  4.99592203e-01
4.82469794e-01  5.04697021e-01  4.92068736e-01
6.23885029e-01  5.25929882e-01  7.57993248e-01
5.16606956e-01  5.06604222e-01  4.87159420e-01
5.19429832e-01  4.84783268e-01  4.85979394e-01
4.81671329e-01  4.79434260e-01  5.15080856e-01
4.94128949e-01  4.88887219e-01  5.19258023e-01
4.95082662e-01  4.89337458e-01  5.15659218e-01
5.10112036e-01  4.97391603e-01  5.17350781e-01
4.99121642e-01  4.83097109e-01  4.93883531e-01
5.08184448e-01  5.04952406e-01  5.16313422e-01
4.83320940e-01  5.04119911e-01  5.13558808e-01
9.12959340e-01  8.90475812e-01  2.50932081e-01
9.31493782e-01  9.58926687e-01  7.56906581e-01
4.94150235e-01  4.95824704e-01  4.88970257e-01
4.88594860e-01  5.16789683e-01  4.83173565e-01
6.34858536e-01  3.29077072e-01  2.99324653e-01
4.84534129e-01  4.89665406e-01  4.90470342e-01
4.83825501e-01  4.80848859e-01  5.18639730e-01
5.16563850e-01  4.93417870e-01  4.95435084e-01
5.07003726e-01  5.05401286e-01  5.11784295e-01
4.84919944e-01  5.06455251e-01  5.19229864e-01
4.88529241e-01  4.90359553e-01  4.84566046e-01
4.96668609e-01  5.07393108e-01  5.04426568e-01
4.85965444e-01  5.00304070e-01  4.98584080e-01
5.18432357e-01  4.98756052e-01  5.04757713e-01
5.06894559e-01  4.83236520e-01  5.06008886e-01
5.17031034e-01  4.90847874e-01  4.87884180e-01
4.83843221e-01  4.84893876e-01  5.09491557e-01
4.89199163e-01  5.01900225e-01  4.94223633e-01
4.88035138e-01  5.03779614e-01  4.93218210e-01
5.04042068e-01  4.97113807e-01  4.97224314e-01
4.85049972e-01  4.92674510e-01  4.87832453e-01
4.81620590e-01  4.87754927e-01  5.10856127e-01
4.97635804e-01  5.01364211e-01  4.86512540e-01
8.59472292e-01  8.19829702e-01  3.46821680e-01
4.86520889e-01  4.89697538e-01  4.92138197e-01
6.60694668e-01  6.97179286e-01  4.54523611e-01
5.08753205e-01  4.90201604e-01  4.96882701e-01
4.93781005e-01  4.91375962e-01  5.11710577e-01
4.94917829e-01  4.91526159e-01  4.96771512e-01
4.83028187e-01  4.93783831e-01  4.93297408e-01
5.14829468e-01  5.00660780e-01  4.81482199e-01
4.82095143e-01  5.03948854e-01  5.03253773e-01
4.96469375e-01  5.13485807e-01  4.99593824e-01
5.16789253e-01  4.84331739e-01  5.02174973e-01
4.91021499e-01  5.17679676e-01  4.99407707e-01
5.18961003e-01  4.97403901e-01  5.06970621e-01
5.17920140e-01  4.85979791e-01  5.04379878e-01
4.84370623e-01  5.15636511e-01  5.13918533e-01
5.05244579e-01  5.04856586e-01  4.98746647e-01
4.99807714e-01  5.10208164e-01  5.00926860e-01
4.83734443e-01  5.17402957e-01  4.89622119e-01
5.05293854e-01  5.16923613e-01  4.84865932e-01
4.82534199e-01  5.00016162e-01  4.88342847e-01
5.00014099e-01  4.98981585e-01  4.93249950e-01
4.99787573e-01  5.04208830e-01  5.17837744e-01
5.04502747e-01  5.11389526e-01  5.00309019e-01
4.86109232e-01  5.03878203e-01  4.93616101e-01
5.14373949e-01  5.17321188e-01  5.01416780e-01
4.88246892e-01  5.01624682e-01  4.84245646e-01
4.88537808e-01  4.98331231e-01  4.97907286e-01
5.01962809e-01  4.90655057e-01  5.13878320e-01
5.18999358e-01  4.82778442e-01  5.13584815e-01
4.92250376e-01  5.17976708e-01  4.96246063e-01
5.10378412e-01  5.17173783e-01  5.06107319e-01
2.65565992e-01  8.30637249e-01  9.21913326e-01
5.06214789e-01  4.90185881e-01  4.83712972e-01
5.06664130e-01  5.05240597e-01  5.02850604e-01
5.08930619e-01  5.03697296e-01  4.91300271e-01
5.16080098e-01  4.99473835e-01  4.98980692e-01
3.17846942e-01  9.06443902e-01  4.17310546e-01
5.02221818e-01  4.98370123e-01  4.91615963e-01
5.07375584e-01  4.85234366e-01  5.00510036e-01
4.97333241e-01  4.85565298e-01  5.00901037e-01
5.08875758e-01  4.87119121e-01  5.06434986e-01
4.86772020e-01  4.79673328e-01  4.83007989e-01
5.16586638e-01  4.95967549e-01  5.12426049e-01
4.88728694e-01  5.16691187e-01  4.83357110e-01
4.85906459e-01  4.94664184e-01  4.93661228e-01
4.83037245e-01  5.09642313e-01  4.81697591e-01
4.83305160e-01  5.12419816e-01  4.85136908e-01
5.15768940e-01  4.86386856e-01  5.06489710e-01
6.34149046e-01  7.92759787e-01  6.52138996e-01
4.87665052e-01  5.02934645e-01  4.95905295e-01
4.98699702e-01  4.94516561e-01  5.03774634e-01
4.90102696e-01  4.89474148e-01  5.11019106e-01
4.92016991e-01  5.03804292e-01  5.10784134e-01
5.10170580e-01  4.79198630e-01  4.86490720e-01
5.02942992e-01  4.81003165e-01  4.86902017e-01
4.86215480e-01  4.90952334e-01  5.20423926e-01
5.07084124e-01  5.12250048e-01  4.98961497e-01
5.00057140e-01  5.03291008e-01  4.87592795e-01
4.87298612e-01  5.16900258e-01  4.92056757e-01
4.85234682e-01  4.85776919e-01  4.99192385e-01
4.91565259e-01  4.91079272e-01  4.86664848e-01
5.05821717e-01  4.95520266e-01  4.88949242e-01
5.17877733e-01  5.09481440e-01  5.08280994e-01
5.11102933e-01  4.90174973e-01  5.00147280e-01
4.90675336e-01  4.90501355e-01  4.86266919e-01
4.83626365e-01  5.10495892e-01  5.07940845e-01
4.95503528e-01  4.93365952e-01  5.10657630e-01
4.94949775e-01  4.95614686e-01  5.04100876e-01
5.07161959e-01  5.08861131e-01  5.12734454e-01
4.98529449e-01  4.98454588e-01  5.07963764e-01
4.84850024e-01  4.99199048e-01  4.95661439e-01
5.05378627e-01  5.17604683e-01  5.15234078e-01
4.99768949e-01  4.99831395e-01  4.96029201e-01
5.01276250e-01  4.98542222e-01  4.82922458e-01
3.56630262e-01  7.76005568e-01  4.58459126e-01
4.82504315e-01  4.95859572e-01  5.16736689e-01
5.08053134e-01  5.15934397e-01  5.07884079e-01
5.06039975e-01  5.04522700e-01  5.09510790e-01
4.85348632e-01  4.90541057e-01  4.98297654e-01
5.02333869e-01  5.10258272e-01  4.91543607e-01
5.01300589e-01  4.82463812e-01  4.85910776e-01
5.18242789e-01  5.03907052e-01  4.81663726e-01
4.86749247e-01  4.95312905e-01  4.97059067e-01
4.83467466e-01  5.16968823e-01  5.07684525e-01
5.10414680e-01  5.00043155e-01  5.19260440e-01
4.82697501e-01  5.00507379e-01  4.82136605e-01
4.90664895e-01  4.86247113e-01  5.10372914e-01
4.98845810e-01  4.93144061e-01  4.91774047e-01
5.12864290e-01  5.11172448e-01  5.16426163e-01
5.05357739e-01  4.84663544e-01  5.17047060e-01
5.15607684e-01  5.11973600e-01  5.14958802e-01
5.18020027e-01  5.10624671e-01  4.97076393e-01
4.90821139e-01  4.80377426e-01  5.01547453e-01
5.17837692e-01  4.79134365e-01  5.00815151e-01
5.15378752e-01  4.81204844e-01  4.91035700e-01
5.08509264e-01  4.97874282e-01  4.88506183e-01
4.97761387e-01  4.97834062e-01  4.95611776e-01
4.89114231e-01  5.13177630e-01  5.06717081e-01
5.01368313e-01  5.00842173e-01  4.94344194e-01
6.56913298e-01  6.19055473e-01  5.39402128e-01
5.14680497e-01  4.95052875e-01  4.82623504e-01
5.14735444e-01  5.05476717e-01  4.92359717e-01
4.99522619e-01  5.09778753e-01  4.92959625e-01
5.10081734e-01  4.98188013e-01  5.04334072e-01
4.97259887e-01  5.14876081e-01  5.10172885e-01
4.88487867e-01  4.85762776e-01  4.83747573e-01
