5.25149073e-01  9.06879978e-01  5.36439249e-01
8.81366761e-01  6.05461880e-01  7.73981487e-01
4.29499229e-01  5.07725742e-01  7.66874755e-01
5.43548306e-01  3.90127083e-01  7.41764182e-01
6.64352105e-01  3.81599550e-01  7.66473729e-01
6.98152245e-01  4.04698715e-01  5.73941702e-01
3.65093944e-01  4.40142826e-01  5.81413759e-01
7.96901881e-01  7.09836494e-01  4.91921597e-01
3.67038990e-01  2.87115902e-01  4.18573116e-01
8.22935198e-01  8.43293034e-01  2.96779644e-01
8.14349354e-01  7.77640383e-01  3.10312599e-01
4.82286223e-01  6.47958590e-01  3.69577577e-01
2.54786542e-01  9.21442076e-01  2.54177459e-01
4.10208030e-01  4.63237972e-01  8.08076292e-01
7.99475584e-01  4.46397638e-01  9.39491544e-01
6.67531535e-01  6.52270861e-01  7.19157858e-01
3.85485942e-01  8.89243670e-01  7.63512229e-01
4.18302818e-01  9.89486305e-01  5.82963356e-01
8.52468367e-01  3.75929883e-01  6.04432703e-01
5.30573718e-01  4.11600444e-01  5.20415104e-01
8.07593459e-01  3.17302120e-01  2.95200296e-01
9.56445614e-01  4.36703583e-01  5.03870456e-01
9.65673133e-01  8.08074444e-01  4.27700382e-01
6.94281736e-01  5.26644729e-01  5.78054180e-01
6.59062511e-01  5.64394622e-01  2.90079944e-01
6.42750753e-01  5.94868727e-01  2.84549428e-01
9.23619678e-01  7.06165377e-01  6.35898669e-01
4.54394730e-01  3.46356395e-01  9.21099112e-01
5.01545269e-01  8.28822011e-01  7.62589994e-01
7.40262503e-01  4.11126769e-01  8.51096812e-01
8.34775774e-01  7.11729439e-01  8.89914414e-01
8.25292305e-01  5.34624898e-01  9.77393212e-01
5.51245723e-01  4.71226021e-01  4.25825839e-01
4.48585596e-01  8.32011228e-01  3.13898942e-01
7.93784718e-01  2.54839346e-01  8.97287114e-01
6.47686015e-01  4.00414128e-01  6.48275510e-01
3.43015755e-01  4.48827562e-01  4.24751080e-01
9.14354940e-01  3.65281979e-01  9.20985082e-01
8.99721838e-01  6.75971776e-01  3.19484919e-01
7.72726283e-01  7.36192764e-01  6.43518961e-01
6.89207997e-01  4.52299812e-01  4.43121017e-01
6.47445617e-01  9.21999414e-01  3.54741211e-01
2.52205970e-01  9.35806388e-01  4.32601524e-01
8.51091163e-01  7.97318139e-01  5.74784422e-01
3.95608755e-01  5.41695999e-01  8.80809029e-01
4.77258416e-01  8.10091185e-01  9.47369294e-01
7.00236820e-01  6.98003146e-01  9.69988478e-01
3.24534823e-01  3.99226618e-01  7.88530814e-01
9.93983899e-01  4.33673870e-01  4.94698842e-01
7.56352604e-01  2.93636888e-01  2.82160854e-01
5.23593334e-01  8.45724163e-01  6.04548744e-01
8.32131592e-01  9.99513652e-01  3.79249773e-01
9.43910353e-01  9.69272692e-01  8.95358399e-01
2.75876388e-01  7.52421542e-01  9.85276177e-01
5.55805257e-01  3.29753480e-01  4.78292262e-01
2.85348443e-01  5.38503714e-01  3.86636084e-01
7.43010473e-01  3.50832987e-01  7.99768150e-01
9.85972691e-01  4.34813598e-01  6.82814479e-01
3.54824662e-01  8.85801568e-01  7.84742120e-01
9.49463152e-01  4.86428789e-01  2.97377688e-01
4.51070551e-01  6.89568529e-01  8.39387264e-01
6.03848392e-01  2.58180258e-01  7.16586611e-01
3.14637842e-01  6.96257297e-01  5.01399271e-01
4.68869969e-01  8.01213377e-01  9.46251527e-01
4.44579039e-01  8.64892835e-01  5.39321837e-01
6.58774715e-01  8.90356576e-01  9.32579838e-01
7.10883798e-01  7.90184648e-01  3.64281893e-01
3.58910273e-01  5.55618650e-01  5.40654766e-01
6.85858905e-01  7.42593116e-01  4.64424936e-01
7.35078480e-01  8.16119659e-01  9.10345085e-01
2.98338629e-01  6.76314933e-01  6.48268492e-01
6.51826369e-01  9.96859163e-01  7.95267051e-01
7.88794404e-01  7.25568755e-01  8.04738665e-01
6.67760040e-01  3.02062674e-01  5.62919917e-01
8.72663140e-01  6.78345123e-01  5.56718995e-01
7.89216631e-01  7.05324753e-01  7.24644686e-01
7.50985713e-01  8.10521065e-01  7.26258789e-01
9.48486441e-01  6.91309690e-01  8.46325282e-01
2.77305602e-01  3.35019462e-01  2.75115932e-01
8.60722051e-01  4.70465833e-01  5.63127970e-01
9.97405056e-01  5.83884380e-01  2.66581697e-01
8.43343878e-01  5.47337364e-01  7.47195467e-01
6.80828994e-01  9.89061252e-01  3.71148676e-01
6.81169033e-01  2.60186340e-01  5.97639704e-01
9.19693750e-01  7.65539513e-01  9.29734073e-01
9.88065257e-01  3.45784160e-01  5.40521961e-01
6.05151860e-01  7.21791838e-01  2.88043252e-01
8.09978061e-01  8.63988055e-01  6.93050246e-01
8.70329645e-01  3.43201160e-01  5.29952600e-01
8.71506064e-01  3.52567905e-01  6.52585242e-01
9.68630721e-01  4.14852366e-01  4.46918069e-01
2.54962695e-01  9.79089126e-01  5.61768894e-01
3.92520961e-01  2.97998259e-01  5.72177483e-01
7.42960903e-01  3.24787240e-01  5.44070831e-01
7.24748527e-01  5.18129475e-01  3.48672063e-01
9.38833764e-01  8.02011756e-01  4.47302242e-01
8.46517882e-01  4.52934205e-01  8.71351992e-01
6.42208949e-01  6.52654529e-01  3.18677749e-01
9.74208814e-01  9.04200739e-01  8.51001647e-01
8.43928501e-01  4.31532883e-01  9.64030324e-01
5.72383207e-01  5.42801412e-01  3.30759502e-01
7.20003623e-01  5.55548142e-01  8.48576816e-01
3.50506747e-01  9.49666442e-01  3.73199332e-01
8.38184732e-01  8.28540153e-01  5.49295338e-01
7.32216501e-01  6.92709968e-01  4.24656709e-01
8.18169519e-01  3.53694441e-01  6.87273683e-01
8.54201475e-01  4.74583598e-01  7.29417767e-01
4.44546678e-01  5.68531790e-01  5.96766162e-01
5.55301938e-01  4.58125374e-01  8.56415776e-01
8.71786856e-01  4.82067300e-01  9.53705232e-01
8.54745678e-01  8.24856556e-01  6.40778922e-01
8.20586926e-01  5.69840152e-01  7.66807756e-01
6.20615361e-01  8.88464782e-01  7.58966377e-01
3.87577244e-01  4.93043575e-01  6.53700515e-01
8.52638639e-01  2.93693409e-01  2.89810322e-01
3.35725835e-01  8.45799297e-01  9.68119607e-01
4.27681286e-01  5.44853686e-01  3.76968453e-01
5.33442098e-01  6.53551182e-01  2.61183459e-01
8.47777571e-01  3.29409399e-01  4.91096298e-01
5.54765720e-01  7.21346653e-01  4.68937833e-01
5.34789579e-01  5.92043535e-01  2.83399033e-01
3.51977972e-01  3.10409271e-01  5.75946525e-01
5.88837241e-01  7.78715133e-01  6.01212701e-01
7.19386450e-01  6.09873212e-01  9.96646753e-01
7.90282624e-01  4.24492653e-01  9.20811132e-01
8.34716099e-01  8.40216156e-01  3.90508485e-01
3.56066785e-01  8.65452284e-01  5.41743257e-01
3.43575608e-01  6.23540934e-01  5.08456938e-01
6.68300563e-01  9.63558004e-01  4.97978859e-01
5.73107654e-01  7.38403097e-01  3.11540684e-01
4.05603283e-01  9.65902554e-01  3.18532712e-01
7.18176881e-01  4.97807306e-01  3.29194863e-01
3.48352960e-01  9.75430062e-01  8.95354402e-01
4.76279636e-01  4.75489551e-01  9.32984873e-01
8.92845188e-01  4.59886966e-01  8.90178228e-01
5.09385405e-01  3.62064719e-01  5.83657694e-01
2.95741886e-01  3.63917521e-01  5.04932350e-01
3.84403804e-01  4.92159901e-01  3.33118105e-01
8.04374562e-01  7.77274065e-01  3.60094607e-01
6.94252333e-01  4.56340566e-01  7.52095376e-01
8.17343844e-01  4.87220111e-01  6.19893340e-01
8.22851705e-01  9.75642839e-01  9.90388730e-01
8.35793934e-01  6.54284304e-01  8.38880109e-01
6.26443004e-01  4.00097552e-01  6.60570793e-01
3.68939700e-01  5.93925453e-01  7.97696461e-01
8.14516030e-01  3.85805230e-01  4.43282752e-01
5.31466933e-01  5.63350280e-01  9.03217167e-01
9.14954983e-01  5.41642949e-01  9.49002075e-01
9.29562818e-01  8.61841851e-01  6.68757032e-01
3.15935104e-01  8.13242472e-01  5.20297802e-01
8.70821163e-01  2.78109778e-01  8.72427399e-01
9.61891810e-01  8.75052920e-01  8.20030765e-01
5.62057291e-01  9.19470202e-01  9.08953121e-01
9.89098537e-01  5.07760224e-01  5.45638515e-01
3.77427618e-01  4.77456138e-01  6.44134935e-01
9.76522053e-01  9.07816127e-01  4.33205830e-01
6.30869257e-01  9.17188367e-01  3.91167970e-01
4.81380476e-01  5.60700801e-01  6.73671279e-01
6.20651027e-01  4.10513446e-01  5.31305097e-01
9.92589058e-01  6.25722550e-01  3.89524547e-01
8.40179096e-01  7.31025154e-01  8.05692111e-01
2.51957389e-01  9.82038586e-01  8.99013168e-01
7.88547911e-01  9.84576957e-01  9.92936186e-01
6.58583746e-01  4.52832099e-01  8.73608631e-01
7.71166782e-01  6.55831339e-01  4.63490894e-01
6.95491047e-01  2.72476510e-01  4.87889156e-01
5.55095035e-01  4.07907874e-01  8.86081485e-01
6.01229756e-01  7.25790335e-01  6.34710632e-01
8.66001992e-01  6.77163214e-01  2.67174676e-01
8.78167933e-01  9.65079723e-01  8.51784888e-01
8.52140859e-01  7.85263031e-01  7.71687756e-01
9.38815247e-01  6.78918583e-01  7.15381575e-01
5.57883349e-01  2.56525141e-01  6.90029122e-01
8.43783024e-01  8.74268230e-01  3.69231475e-01
3.90003238e-01  3.23198683e-01  3.50345463e-01
9.30873266e-01  3.58670704e-01  7.61749188e-01
3.30792198e-01  6.91797814e-01  2.99763923e-01
4.61885691e-01  9.94161792e-01  4.99642600e-01
6.26862361e-01  7.83425810e-01  5.01859569e-01
6.58089110e-01  3.52852442e-01  5.06443254e-01
8.03146868e-01  2.94818920e-01  3.24711722e-01
6.84543068e-01  3.32963327e-01  2.76573519e-01
5.03917579e-01  4.42728243e-01  7.80279673e-01
8.61054431e-01  8.41478892e-01  4.65907649e-01
4.15739027e-01  5.53128776e-01  7.47909552e-01
5.19451041e-01  6.38882411e-01  4.27017065e-01
3.69854603e-01  4.21117634e-01  5.71076737e-01
9.51860440e-01  9.43756129e-01  3.31666138e-01
5.83310507e-01  4.03194026e-01  8.98051793e-01
4.92545624e-01  3.85041950e-01  9.09479486e-01
9.07548790e-01  9.07106377e-01  8.01837669e-01
7.17497322e-01  8.76673219e-01  6.77031763e-01
4.35655750e-01  3.53900531e-01  6.00712838e-01
3.47234858e-01  7.72670367e-01  3.52825640e-01
3.72474963e-01  3.96268352e-01  6.50416968e-01
7.98212031e-01  7.94115838e-01  3.22250606e-01
3.53429696e-01  7.72789929e-01  9.84832916e-01
2.83683676e-01  6.30769685e-01  4.96348479e-01
7.45672940e-01  3.56661539e-01  9.70950146e-01
9.34674495e-01  7.20266667e-01  5.75409858e-01
7.74814646e-01  6.67672568e-01  8.67244594e-01
5.73148755e-01  9.06551598e-01  7.08934104e-01
5.92846754e-01  9.90384357e-01  2.91510569e-01
9.31030517e-01  8.93835752e-01  7.45646444e-01
4.19744251e-01  9.01345105e-01  9.80172993e-01
3.43969049e-01  6.70990865e-01  9.81860842e-01
9.67595777e-01  3.31628347e-01  8.38519281e-01
9.41733603e-01  7.12624643e-01  6.40073629e-01
5.42829819e-01  5.50450162e-01  8.48923042e-01
5.32459366e-01  4.12863637e-01  2.76200081e-01
8.07861663e-01  8.91427478e-01  6.82217336e-01
6.34260188e-01  3.74409551e-01  6.11239151e-01
4.22527190e-01  7.24822425e-01  4.19544842e-01
7.69344653e-01  9.41965439e-01  4.69931421e-01
5.47037915e-01  2.97501673e-01  5.55852898e-01
5.75652440e-01  5.00534701e-01  5.68812288e-01
3.21454485e-01  7.49305077e-01  6.13575869e-01
8.71069819e-01  8.58681758e-01  5.35531592e-01
4.73959340e-01  4.53901140e-01  9.18291880e-01
5.79460825e-01  8.28743375e-01  8.55714693e-01
6.85722206e-01  6.17809785e-01  2.50676515e-01
6.15344266e-01  4.70350012e-01  6.58436328e-01
6.09241648e-01  9.32002111e-01  8.27893051e-01
6.45661140e-01  7.32314589e-01  4.43416598e-01
6.12071229e-01  4.74646007e-01  7.84372819e-01
9.06846001e-01  5.22988705e-01  9.29101500e-01
2.96830519e-01  3.27751283e-01  9.53636548e-01
5.00654279e-01  4.76092457e-01  7.88635995e-01
4.47193732e-01  6.20976400e-01  9.96730109e-01
8.00584992e-01  3.05514914e-01  3.33496891e-01
8.14887626e-01  4.31182060e-01  6.41635345e-01
4.17578915e-01  5.00107773e-01  2.87604847e-01
2.70421007e-01  2.57740000e-01  6.22331096e-01
9.19861716e-01  9.49769336e-01  8.73359269e-01
4.42119993e-01  3.92307978e-01  2.98280007e-01
4.94997907e-01  4.78856312e-01  6.15774673e-01
9.65855997e-01  4.15618157e-01  7.60897907e-01
6.27382029e-01  6.71031523e-01  9.64665966e-01
8.43712272e-01  3.13421245e-01  5.36887939e-01
3.42399735e-01  3.80897360e-01  2.99400439e-01
4.18431074e-01  7.84016211e-01  8.44362074e-01
8.89731500e-01  6.06648122e-01  6.14241824e-01
4.17714099e-01  5.77322006e-01  5.30981088e-01
4.75233252e-01  9.38211270e-01  4.71075990e-01
4.29861452e-01  2.97192898e-01  9.42307845e-01
5.82274429e-01  4.63115256e-01  5.48086928e-01
3.57771736e-01  8.92478881e-01  6.28904387e-01
5.60417602e-01  4.76456091e-01  4.15822806e-01
6.16617498e-01  9.64156602e-01  6.09029854e-01
5.01657351e-01  4.64006212e-01  3.51818877e-01
4.23631232e-01  5.00289597e-01  8.27703810e-01
6.83037689e-01  4.65454922e-01  4.33113786e-01
8.45208573e-01  3.95894359e-01  4.66187334e-01
4.56819839e-01  6.78292340e-01  2.99366496e-01
6.85553359e-01  6.97600475e-01  7.59572172e-01
5.42538026e-01  8.48283263e-01  6.05228875e-01
7.19414775e-01  4.15319022e-01  5.08990071e-01
6.04645780e-01  8.10431648e-01  4.96789108e-01
9.57076124e-01  9.39562864e-01  4.51255030e-01
8.79406191e-01  6.74885788e-01  3.35525195e-01
5.40347157e-01  2.83759982e-01  6.95584118e-01
3.89417866e-01  3.32426269e-01  9.84597869e-01
6.60525265e-01  7.72077229e-01  7.35328445e-01
7.51394571e-01  2.81097886e-01  8.02164658e-01
7.86505117e-01  2.76840228e-01  4.17278620e-01
8.36965561e-01  3.39552912e-01  9.34234166e-01
3.87168597e-01  9.55724280e-01  7.95186302e-01
4.48820646e-01  5.91491264e-01  5.69460858e-01
2.62487747e-01  4.24324544e-01  7.40907477e-01
4.93665986e-01  9.68529971e-01  9.39239601e-01
9.56193684e-01  6.28742161e-01  3.77741268e-01
6.58935491e-01  6.88073486e-01  4.05093076e-01
9.89922127e-01  4.16731686e-01  8.06216307e-01
3.04514548e-01  4.54249056e-01  7.35939223e-01
9.59117541e-01  4.33947058e-01  5.93327356e-01
8.13631694e-01  7.59363927e-01  4.03095598e-01
6.77381681e-01  7.33548151e-01  8.33272434e-01
4.43971158e-01  3.62857948e-01  3.57427689e-01
6.44532641e-01  4.09353824e-01  7.61666698e-01
6.66133788e-01  7.00406675e-01  7.21502612e-01
6.06451979e-01  5.06623373e-01  4.09828517e-01
6.14872059e-01  5.73374044e-01  3.41394687e-01
8.37855446e-01  8.51716552e-01  8.06473361e-01
3.08212452e-01  5.61302744e-01  3.78425958e-01
8.91581404e-01  5.30768226e-01  9.61083511e-01
5.09834590e-01  2.53902524e-01  4.98584408e-01
4.62593203e-01  5.83249373e-01  5.39683892e-01
2.73206730e-01  5.36813097e-01  2.82569649e-01
9.29591233e-01  9.83620078e-01  5.50498443e-01
7.69696396e-01  7.43234892e-01  6.74815866e-01
3.85925926e-01  4.75317977e-01  5.40231074e-01
3.58334933e-01  8.55600065e-01  7.50066507e-01
8.99464979e-01  8.83796103e-01  3.95552487e-01
7.38782279e-01  3.75714608e-01  9.22572887e-01
6.63031291e-01  6.63677247e-01  8.45165039e-01
9.70565526e-01  6.20762168e-01  3.45429314e-01
3.06276795e-01  5.74981409e-01  8.84703425e-01
5.60087929e-01  9.07215122e-01  7.61142911e-01
8.02783905e-01  4.05196787e-01  6.93349105e-01
3.41877903e-01  5.77447532e-01  9.81535379e-01
6.82980550e-01  5.75418447e-01  7.52650238e-01
4.48702833e-01  8.80628718e-01  8.94235116e-01
9.24110968e-01  2.91090974e-01  8.09939384e-01
5.94792909e-01  4.05727745e-01  7.65935855e-01
5.78172541e-01  3.92172200e-01  6.59754410e-01
3.13858070e-01  6.63550899e-01  3.26855684e-01
5.73573297e-01  4.84571687e-01  5.34609358e-01
5.35163882e-01  6.34828464e-01  7.26362560e-01
9.00625371e-01  9.39639654e-01  7.77460955e-01
7.08127708e-01  4.32098294e-01  9.71447345e-01
4.63720578e-01  9.93590262e-01  8.45738126e-01
7.40584265e-01  5.29473219e-01  6.86960754e-01
9.41021720e-01  6.98906532e-01  4.05455435e-01
8.72792891e-01  9.12792085e-01  9.81007401e-01
7.06326494e-01  5.28958470e-01  5.74540833e-01
7.02959052e-01  4.50198041e-01  5.93317135e-01
3.04736360e-01  4.19300774e-01  5.25760177e-01
8.27747757e-01  7.74265405e-01  3.14484017e-01
9.20367093e-01  7.16586056e-01  2.54990107e-01
8.58816665e-01  8.75870162e-01  8.15322794e-01
6.36463955e-01  3.40793820e-01  8.61112743e-01
9.12958389e-01  2.90790925e-01  5.77268029e-01
8.39331831e-01  6.75229990e-01  5.65503925e-01
8.38344980e-01  7.22622397e-01  4.47841060e-01
2.76468044e-01  8.87906822e-01  5.38735066e-01
9.21290288e-01  8.12041536e-01  7.37169268e-01
2.91444605e-01  4.78201710e-01  5.16446613e-01
8.56303780e-01  7.09931240e-01  9.42616244e-01
8.69780467e-01  7.11124639e-01  8.07336211e-01
9.28297369e-01  6.96340753e-01  4.83667465e-01
8.55026525e-01  7.99333029e-01  6.59417064e-01
2.73709307e-01  5.48327319e-01  2.74418112e-01
3.28656513e-01  8.07129788e-01  3.72291307e-01
8.11015981e-01  4.80969408e-01  7.71838056e-01
7.53101813e-01  3.83714092e-01  6.33084792e-01
9.53916644e-01  5.57460014e-01  3.54756989e-01
4.64383579e-01  9.36764488e-01  7.06916045e-01
7.96543668e-01  6.03667873e-01  5.75754140e-01
9.97807715e-01  5.24025705e-01  4.12023514e-01
3.12695731e-01  7.96468820e-01  3.15503307e-01
6.58688292e-01  3.25258518e-01  6.24799948e-01
5.67633653e-01  2.56108812e-01  8.64350647e-01
4.20828613e-01  6.27539703e-01  5.62474012e-01
4.27318258e-01  3.88863385e-01  8.07889930e-01
3.52679523e-01  8.62594730e-01  5.04179034e-01
3.85622092e-01  5.23242624e-01  6.28163875e-01
7.87245296e-01  5.74089955e-01  2.87509087e-01
8.52836911e-01  8.73265236e-01  9.49130764e-01
4.73930201e-01  2.95212158e-01  5.24680788e-01
5.05731260e-01  5.02217752e-01  3.85785888e-01
3.36428408e-01  4.43164226e-01  5.90195740e-01
2.88028004e-01  6.36169633e-01  4.06929275e-01
9.12892677e-01  9.86252080e-01  5.90561405e-01
9.50770779e-01  9.98464984e-01  5.58424648e-01
9.10582492e-01  2.86874302e-01  8.34071207e-01
7.25961971e-01  3.46296503e-01  9.39452519e-01
3.10613398e-01  9.14662271e-01  2.58590236e-01
5.38778460e-01  3.17652131e-01  3.62350450e-01
3.50647809e-01  6.94512355e-01  8.15804006e-01
9.12678462e-01  6.55909834e-01  8.27318018e-01
2.76385756e-01  6.34583607e-01  9.75262430e-01
3.64803137e-01  5.36867964e-01  3.68889883e-01
4.74718676e-01  6.76401925e-01  4.06101462e-01
7.00438355e-01  6.70873673e-01  2.75387295e-01
4.52118086e-01  9.14596037e-01  3.49890000e-01
6.01785023e-01  6.68740836e-01  5.74866822e-01
7.45555780e-01  9.58143220e-01  3.02578897e-01
2.62230526e-01  3.98071352e-01  6.51607885e-01
8.85840076e-01  9.03602079e-01  4.70985002e-01
9.97317294e-01  4.81945784e-01  6.63058119e-01
5.27987013e-01  4.33813638e-01  8.18077994e-01
7.56098654e-01  7.63543212e-01  5.00490973e-01
9.28356457e-01  8.09710323e-01  5.53351800e-01
4.46164653e-01  7.14316648e-01  5.79066335e-01
4.51028315e-01  8.69289091e-01  5.33688203e-01
5.85524948e-01  5.55179216e-01  4.42803217e-01
2.89722337e-01  2.54474049e-01  4.76671283e-01
4.90492807e-01  9.28994486e-01  2.84337672e-01
6.94076087e-01  7.84291166e-01  5.11446810e-01
9.28658524e-01  5.77523975e-01  5.75021612e-01
4.57246990e-01  7.61559079e-01  3.61513903e-01
4.57505733e-01  7.43739921e-01  7.07506978e-01
8.61305199e-01  5.00799088e-01  8.78394954e-01
8.32208287e-01  3.43988991e-01  6.63690260e-01
7.03001677e-01  4.74363937e-01  2.72585560e-01
2.75026178e-01  3.01409332e-01  6.61334556e-01
7.85438134e-01  6.68580430e-01  6.43078842e-01
8.57825779e-01  7.42150133e-01  3.09270447e-01
8.82445443e-01  4.79583807e-01  8.19251883e-01
6.92861652e-01  7.64756694e-01  2.85700543e-01
2.76579747e-01  4.63251200e-01  7.14003809e-01
7.99099392e-01  4.69548774e-01  6.04122209e-01
9.57983587e-01  8.05222537e-01  5.69659625e-01
9.85549408e-01  9.48089854e-01  5.30601776e-01
2.66662538e-01  8.70481701e-01  9.91431755e-01
6.87842965e-01  8.55126218e-01  3.59893866e-01
2.55566244e-01  6.08166161e-01  5.35791031e-01
5.48617838e-01  8.85436298e-01  6.32054290e-01
2.52011429e-01  7.63854895e-01  5.04616368e-01
5.09446495e-01  5.33391742e-01  3.83207777e-01
8.14476319e-01  4.67275672e-01  9.72282054e-01
5.56029753e-01  9.15112565e-01  5.04639227e-01
3.05860062e-01  2.64411505e-01  7.29466957e-01
3.80933457e-01  9.21815034e-01  3.13511590e-01
6.96835214e-01  3.03115885e-01  8.57917527e-01
6.69973497e-01  3.75174760e-01  9.32214741e-01
9.68288605e-01  6.20969421e-01  6.95277722e-01
9.48047767e-01  8.80198990e-01  4.82706969e-01
5.15914959e-01  9.45377177e-01  6.94876502e-01
2.66252144e-01  3.38832645e-01  4.46236355e-01
2.50157993e-01  3.79454258e-01  2.92715831e-01
8.96402019e-01  8.45338316e-01  7.45190117e-01
5.61753326e-01  4.82393879e-01  8.21572691e-01
5.12606772e-01  9.58944200e-01  8.07946163e-01
8.70247182e-01  6.99997727e-01  4.32237254e-01
8.94928580e-01  7.96282668e-01  9.29059609e-01
9.44371832e-01  7.50333738e-01  2.66217235e-01
8.50689973e-01  4.46851347e-01  4.10741323e-01
5.33473034e-01  8.01530314e-01  6.39849815e-01
9.50160270e-01  7.64587982e-01  4.13088837e-01
9.81503556e-01  7.79147080e-01  4.72536699e-01
6.01164338e-01  5.20600147e-01  8.97981124e-01
3.38551362e-01  7.25223533e-01  6.81906420e-01
6.98280646e-01  8.80701380e-01  4.96826906e-01
4.01738942e-01  4.03110070e-01  6.67466891e-01
2.98344244e-01  9.71947660e-01  5.80487573e-01
9.83722161e-01  4.30588702e-01  8.41713574e-01
9.29700846e-01  9.87132850e-01  2.83319374e-01
5.12411217e-01  5.59150187e-01  5.91689509e-01
5.77898632e-01  5.29310237e-01  6.02960512e-01
5.58602039e-01  6.85185193e-01  8.56764770e-01
5.01885060e-01  5.55551432e-01  5.59581673e-01
6.30226212e-01  9.75900705e-01  5.93259201e-01
5.93782151e-01  2.76419577e-01  2.67736398e-01
3.83477903e-01  4.31312610e-01  3.76839650e-01
8.47625498e-01  7.64238544e-01  3.03802065e-01
3.06611565e-01  5.34265583e-01  5.85771238e-01
3.05256540e-01  5.01477544e-01  9.17868588e-01
5.60047983e-01  2.70639898e-01  6.15308040e-01
8.93516458e-01  4.38760279e-01  5.11292062e-01
9.13798531e-01  8.30380821e-01  4.41685753e-01
5.22736693e-01  7.00728131e-01  6.05846592e-01
9.88427822e-01  8.45646060e-01  6.47855597e-01
9.53183719e-01  9.74029779e-01  4.86086311e-01
3.14027570e-01  4.43633938e-01  4.69564457e-01
5.86982793e-01  7.81396192e-01  3.54357079e-01
7.18696532e-01  8.11986393e-01  4.19500948e-01
7.78719104e-01  7.95002948e-01  7.00394004e-01
6.35204024e-01  9.56176667e-01  4.70590020e-01
9.19265558e-01  4.14056745e-01  3.36850594e-01
8.76882533e-01  8.37181032e-01  5.27485452e-01
8.81866051e-01  3.22199708e-01  8.56548889e-01
5.73383584e-01  4.74935846e-01  9.32542305e-01
3.72124853e-01  5.03701699e-01  5.77641223e-01
6.64757569e-01  7.95307250e-01  4.34637041e-01
7.88077385e-01  8.58026202e-01  8.04982993e-01
9.38264329e-01  3.58966902e-01  6.16853987e-01
5.14843406e-01  2.89485043e-01  7.02038379e-01
3.89423042e-01  9.00891254e-01  8.98692661e-01
9.92804270e-01  9.79276266e-01  4.70633537e-01
7.91488222e-01  9.65690489e-01  4.91109033e-01
8.98901282e-01  6.40130745e-01  4.27482439e-01
6.98997088e-01  6.54128750e-01  6.13713640e-01
7.93958423e-01  5.33128516e-01  3.74034593e-01
5.33372605e-01  8.68447992e-01  4.00992314e-01
4.49344535e-01  3.38346025e-01  4.79130137e-01
5.98110226e-01  4.67636605e-01  3.66905797e-01
9.90286876e-01  3.49895983e-01  6.39755315e-01
7.08158680e-01  5.51859250e-01  8.98574706e-01
3.08375986e-01  4.82372175e-01  3.55372303e-01
5.90849909e-01  8.54746361e-01  5.82497305e-01
9.77608132e-01  8.70081641e-01  4.24260639e-01
4.19667285e-01  5.61984633e-01  5.50230063e-01
4.37636433e-01  4.13210157e-01  4.23440818e-01
3.07230527e-01  3.22682249e-01  9.25191124e-01
7.45235382e-01  3.16088882e-01  9.89135912e-01
4.96233511e-01  9.42325752e-01  7.26476103e-01
5.47938245e-01  9.98069148e-01  3.33753420e-01
2.59757817e-01  7.56519868e-01  6.29524919e-01
5.46752919e-01  3.80663948e-01  9.92943137e-01
6.17603464e-01  2.69954972e-01  6.21841330e-01
3.20831725e-01  9.94039025e-01  7.52898047e-01
8.88965220e-01  5.19046585e-01  3.98082606e-01
6.23198211e-01  6.92582657e-01  7.59776091e-01
4.83399795e-01  4.42100118e-01  3.98799253e-01
9.48014728e-01  3.86442998e-01  5.28148839e-01
6.57457873e-01  9.80801751e-01  7.88451012e-01
8.99052441e-01  7.29049428e-01  8.00074012e-01
8.60058187e-01  3.50581191e-01  7.03043537e-01
3.35007603e-01  2.95050787e-01  9.54722952e-01
5.61462739e-01  9.64276598e-01  4.55854563e-01
3.01312267e-01  7.67588034e-01  7.15300506e-01
6.35866517e-01  3.76567440e-01  8.26892265e-01
4.34533502e-01  4.06821420e-01  3.92079194e-01
2.64462658e-01  6.32882049e-01  6.04312057e-01
4.96595267e-01  2.52341732e-01  4.63435128e-01
3.54360266e-01  4.07189588e-01  3.73502774e-01
4.93751954e-01  5.40227514e-01  9.26860626e-01
5.10399523e-01  7.30155820e-01  7.39820880e-01
2.97446648e-01  8.46231149e-01  4.49815860e-01
7.76934297e-01  9.89780648e-01  7.00663145e-01
7.01425961e-01  4.31544596e-01  9.38681170e-01
5.94497845e-01  6.05110831e-01  3.26448990e-01
5.04113295e-01  3.04764279e-01  8.44785475e-01
9.85050766e-01  8.29176433e-01  4.70329572e-01
3.05676098e-01  7.54455844e-01  5.09337520e-01
7.74285531e-01  5.55991663e-01  7.10971333e-01
6.65264903e-01  5.14456953e-01  6.56903637e-01
4.88749438e-01  5.56230464e-01  6.70142316e-01
8.67465743e-01  9.89491314e-01  8.03006113e-01
8.77692914e-01  4.79604322e-01  6.43833631e-01
7.77782691e-01  3.95192012e-01  4.20260134e-01
6.01152060e-01  4.69022573e-01  2.89135117e-01
7.18210390e-01  7.27626195e-01  7.49902992e-01
8.76409828e-01  6.46451954e-01  4.40958607e-01
5.20861391e-01  6.90186215e-01  7.81775221e-01
3.88996523e-01  3.83730776e-01  5.41985920e-01
6.20243279e-01  7.71855978e-01  7.60323525e-01
8.83725506e-01  8.34773018e-01  6.38868099e-01
2.88025936e-01  5.83992540e-01  4.46725517e-01
4.12195062e-01  6.91445741e-01  2.61245910e-01
5.82601521e-01  5.12650733e-01  6.05295015e-01
3.80666527e-01  9.31371104e-01  3.51691092e-01
9.47516001e-01  4.66580037e-01  7.67890897e-01
7.48112644e-01  5.38498064e-01  6.63022629e-01
4.54743259e-01  4.83833271e-01  9.36747357e-01
7.10577689e-01  4.45982334e-01  3.80819671e-01
6.68943691e-01  2.72966869e-01  6.59172407e-01
4.71391996e-01  8.92081215e-01  5.75408720e-01
5.67547694e-01  3.68145513e-01  5.56685291e-01
8.35949013e-01  9.74681559e-01  4.52639307e-01
7.34122909e-01  5.69532041e-01  7.84261095e-01
8.07276561e-01  3.50541450e-01  9.04612768e-01
5.79410051e-01  8.90298246e-01  6.85135508e-01
4.53704462e-01  5.82491629e-01  4.43197717e-01
5.40396824e-01  3.14233984e-01  6.77362037e-01
2.86344759e-01  7.10798410e-01  3.34279498e-01
9.28996294e-01  4.22408353e-01  4.52740521e-01
8.88602347e-01  6.24722467e-01  3.74725438e-01
5.33522071e-01  4.79105050e-01  5.01666217e-01
8.56019526e-01  7.71982622e-01  8.47961942e-01
3.01072662e-01  9.95744718e-01  8.17792938e-01
7.47388477e-01  6.51008698e-01  7.91719939e-01
5.12886569e-01  5.97107621e-01  3.08783551e-01
9.64815049e-01  3.43736163e-01  6.96874660e-01
9.93642297e-01  2.90029429e-01  8.50610395e-01
3.90994902e-01  8.11397457e-01  4.94991974e-01
9.14562094e-01  3.19360383e-01  6.58624135e-01
5.34161889e-01  3.50743570e-01  2.55668566e-01
7.15695546e-01  3.64431404e-01  8.16343315e-01
3.28459258e-01  6.45389897e-01  6.37918831e-01
7.47639861e-01  9.98167456e-01  5.76251383e-01
7.76476309e-01  5.99035972e-01  5.59497336e-01
5.87009157e-01  3.83710311e-01  6.79089040e-01
8.25489100e-01  4.62462382e-01  5.17446594e-01
2.74005656e-01  5.28115730e-01  7.64046896e-01
6.96117269e-01  6.10620712e-01  4.00348139e-01
2.61649794e-01  9.80267726e-01  3.83762140e-01
3.96408105e-01  9.11037350e-01  8.92986619e-01
4.56442770e-01  8.21982875e-01  8.10332167e-01
7.95895998e-01  6.47549439e-01  7.55169625e-01
5.28917536e-01  3.88169596e-01  6.61364798e-01
4.66121241e-01  5.03733741e-01  6.63045495e-01
8.48194866e-01  5.44932156e-01  6.00008834e-01
7.71144793e-01  6.32605684e-01  2.75978944e-01
9.16113001e-01  5.41154056e-01  7.25772135e-01
6.44627564e-01  5.15816736e-01  5.90794794e-01
9.12884515e-01  8.87311413e-01  4.25552020e-01
3.28648985e-01  5.61248513e-01  2.64964480e-01
7.92901664e-01  8.44561399e-01  7.94361167e-01
3.85119637e-01  2.95129809e-01  8.65663541e-01
8.94319921e-01  5.53702052e-01  9.66917478e-01
7.33619735e-01  5.15970510e-01  9.37186030e-01
8.05174734e-01  5.01386508e-01  9.98890445e-01
4.06657644e-01  9.77904983e-01  8.09027974e-01
6.61689415e-01  3.84327777e-01  7.29324745e-01
3.16735807e-01  8.11637869e-01  7.35664373e-01
9.87951764e-01  8.13369681e-01  7.77643399e-01
5.46450106e-01  2.53849620e-01  8.63426741e-01
9.25199218e-01  6.75153328e-01  9.53291881e-01
8.95450768e-01  3.02784859e-01  7.90285104e-01
7.19441475e-01  7.50549416e-01  4.87524010e-01
9.00739076e-01  9.07129910e-01  7.15212277e-01
8.32304180e-01  5.98504422e-01  7.12096676e-01
9.07393238e-01  2.51277725e-01  4.95684909e-01
5.44829216e-01  9.40036245e-01  4.95900768e-01
6.69105070e-01  2.95776170e-01  3.56521326e-01
5.27110630e-01  6.58528854e-01  4.84756954e-01
4.68504164e-01  9.17866510e-01  8.69744485e-01
7.04539400e-01  6.53237336e-01  3.68860244e-01
4.26547974e-01  9.54420640e-01  4.03049458e-01
3.84836741e-01  7.22810323e-01  9.81484723e-01
3.25601044e-01  7.20735670e-01  2.52260779e-01
8.42811046e-01  6.93467199e-01  6.26675178e-01
2.87450325e-01  7.24087080e-01  5.70779206e-01
7.16017410e-01  9.58661391e-01  9.41883200e-01
4.23104092e-01  8.90305834e-01  9.66675584e-01
4.84227874e-01  5.16648333e-01  4.97884006e-01
8.66391627e-01  9.48213646e-01  7.58988671e-01
7.71759462e-01  3.30225938e-01  8.12243107e-01
4.46947275e-01  5.62491899e-01  5.29659928e-01
4.51194957e-01  4.07963223e-01  7.90471359e-01
2.91577292e-01  7.36574076e-01  6.63418632e-01
5.91259222e-01  2.75653181e-01  8.92542330e-01
8.23918683e-01  4.70148674e-01  4.96560948e-01
3.70607888e-01  9.23537059e-01  3.12024895e-01
7.47439736e-01  8.18161736e-01  5.70124490e-01
6.49249879e-01  5.10676205e-01  5.12139890e-01
8.06333559e-01  5.92847878e-01  8.76479930e-01
5.25742165e-01  4.25466814e-01  8.85251236e-01
2.67885855e-01  4.45666429e-01  7.13636047e-01
3.99633252e-01  9.80600776e-01  5.86382363e-01
3.29811261e-01  2.88129441e-01  9.50002243e-01
7.47704410e-01  5.54574156e-01  5.05867849e-01
3.18834511e-01  9.93874904e-01  3.47888035e-01
3.72794249e-01  4.97761481e-01  4.91243420e-01
5.89131544e-01  6.97072882e-01  7.67694043e-01
6.03806013e-01  8.23134928e-01  4.19205985e-01
6.90656585e-01  5.82630020e-01  6.43627598e-01
5.40024918e-01  5.71149715e-01  3.57682934e-01
2.80909266e-01  9.52533127e-01  9.85123059e-01
3.12034619e-01  3.30613032e-01  3.63785326e-01
5.33242304e-01  5.72815454e-01  4.82632333e-01
9.43539940e-01  9.61993011e-01  3.53620844e-01
9.34349423e-01  4.56604547e-01  3.09237005e-01
7.70062873e-01  4.75735423e-01  9.57955709e-01
2.92095360e-01  5.29956144e-01  4.71753626e-01
6.54560927e-01  3.38064212e-01  9.64224138e-01
7.04577282e-01  9.11620297e-01  6.15594358e-01
7.15650834e-01  6.24775163e-01  8.47668179e-01
5.17803642e-01  2.90028872e-01  8.93531683e-01
5.81050555e-01  3.80495183e-01  3.17793467e-01
8.50699727e-01  9.72773254e-01  3.18946376e-01
5.55872887e-01  4.38902457e-01  2.55239380e-01
3.71181884e-01  7.40772666e-01  6.29619013e-01
6.93484329e-01  7.78690229e-01  9.30924757e-01
6.15929930e-01  7.96762117e-01  8.61467457e-01
2.97518546e-01  2.73529298e-01  5.35272334e-01
7.27892320e-01  2.82033166e-01  3.67484123e-01
7.52988690e-01  4.93144539e-01  5.34284052e-01
4.37978622e-01  4.18402796e-01  2.87086135e-01
9.33476633e-01  2.82973041e-01  2.83832397e-01
9.07329534e-01  7.82615349e-01  5.10989267e-01
5.35251451e-01  6.69993214e-01  9.19588270e-01
6.39755787e-01  9.15518778e-01  5.67761695e-01
3.97765373e-01  7.86834404e-01  7.32402836e-01
3.92184265e-01  7.13361241e-01  7.47053577e-01
6.51525471e-01  3.19818436e-01  5.46447953e-01
6.33815949e-01  2.73964883e-01  3.98374603e-01
9.44630254e-01  4.76318290e-01  7.76919352e-01
6.33917958e-01  9.85427442e-01  7.70152581e-01
6.98522894e-01  9.19426904e-01  4.04509895e-01
6.48503111e-01  3.64352388e-01  5.18696969e-01
2.69578430e-01  4.08595424e-01  3.76328500e-01
7.15953926e-01  3.87317888e-01  9.78004418e-01
7.34637941e-01  8.01440248e-01  3.07554223e-01
8.07265774e-01  8.68399751e-01  9.90467802e-01
6.88963856e-01  7.92066284e-01  6.60476944e-01
6.02699536e-01  2.86500661e-01  3.52942484e-01
7.77818879e-01  3.49310367e-01  3.87572421e-01
4.03388226e-01  3.93922144e-01  8.70798159e-01
7.04189828e-01  7.66739517e-01  7.32403322e-01
7.54399227e-01  7.97087896e-01  4.94118333e-01
6.54655919e-01  8.00961167e-01  6.39752108e-01
3.22544205e-01  2.65793624e-01  5.44664392e-01
9.08508240e-01  9.53411595e-01  7.11268209e-01
7.61026579e-01  9.34030412e-01  6.36662160e-01
8.51608547e-01  5.86732779e-01  6.73386674e-01
3.18309646e-01  9.63566891e-01  8.67751982e-01
6.80588792e-01  5.87230916e-01  2.58755667e-01
8.49093194e-01  9.64202642e-01  8.93590843e-01
5.03775846e-01  4.47529848e-01  3.72562081e-01
5.92549613e-01  3.11304165e-01  6.69095134e-01
3.17220600e-01  8.33755167e-01  4.32983983e-01
6.00753723e-01  4.48632311e-01  4.91505602e-01
5.82667575e-01  7.82871864e-01  5.09539876e-01
8.14354183e-01  5.20361804e-01  8.63307827e-01
8.83144597e-01  8.91240770e-01  5.58542413e-01
3.57680187e-01  3.49537916e-01  4.89451695e-01
6.57001241e-01  6.12550951e-01  3.01745243e-01
6.50350969e-01  3.35170612e-01  8.35689995e-01
8.53667293e-01  7.33988217e-01  4.29024753e-01
4.58590571e-01  9.09678863e-01  6.81028179e-01
3.49122691e-01  8.54123899e-01  8.18332458e-01
6.45174570e-01  6.57598412e-01  9.84103227e-01
3.94273079e-01  5.07898163e-01  8.78679675e-01
7.06370830e-01  8.36221772e-01  2.73507754e-01
6.73046787e-01  3.44854472e-01  9.08264396e-01
4.30642956e-01  9.52412694e-01  4.71592850e-01
8.42135644e-01  7.64365394e-01  7.47389922e-01
6.90488199e-01  4.84940154e-01  7.50523594e-01
5.32138693e-01  8.73130508e-01  3.11068606e-01
4.97375170e-01  3.10743894e-01  2.84425819e-01
5.50665115e-01  3.65936378e-01  6.89172684e-01
2.74100424e-01  9.76740002e-01  9.06901110e-01
8.95617711e-01  4.10502430e-01  4.36283641e-01
6.71898354e-01  5.22768033e-01  3.39144537e-01
3.26413547e-01  9.34758696e-01  3.18913847e-01
3.10607865e-01  7.45532037e-01  4.59119265e-01
4.70376288e-01  6.97108668e-01  4.14811895e-01
9.35642999e-01  5.59805613e-01  4.94420090e-01
8.96862779e-01  3.10994427e-01  6.31327498e-01
5.03286547e-01  7.62738237e-01  8.96320526e-01
3.01995478e-01  3.35989291e-01  7.13072612e-01
8.21019190e-01  3.67796665e-01  9.10039840e-01
8.78811567e-01  9.48662047e-01  7.46332240e-01
6.22536451e-01  8.50995948e-01  8.64468110e-01
6.95802418e-01  7.48418399e-01  8.27804792e-01
8.93338224e-01  3.06761157e-01  5.15118743e-01
3.68816153e-01  9.07889960e-01  6.46644373e-01
8.22119323e-01  3.34065423e-01  2.90328433e-01
7.25553924e-01  3.68934527e-01  4.94100104e-01
7.03928150e-01  7.04710133e-01  3.40484776e-01
5.64370247e-01  5.78983373e-01  5.68886910e-01
4.51606295e-01  8.26020116e-01  8.18942482e-01
9.99372076e-01  9.77844586e-01  6.22172269e-01
5.48045917e-01  2.86426174e-01  2.50840169e-01
3.41075750e-01  5.88727385e-01  2.70516346e-01
9.31353893e-01  6.62270551e-01  4.23990196e-01
4.87384707e-01  2.51046259e-01  7.36414413e-01
9.44022406e-01  5.07832645e-01  9.22629763e-01
3.68192055e-01  3.64230933e-01  9.28999215e-01
4.30370162e-01  3.98200778e-01  5.66011957e-01
9.91666262e-01  3.43167364e-01  7.59824456e-01
5.14323275e-01  5.43691469e-01  2.71822189e-01
2.53672304e-01  3.25964784e-01  5.11151366e-01
4.57182607e-01  8.42950488e-01  8.67380712e-01
4.45698917e-01  6.08096092e-01  8.38737249e-01
3.02322164e-01  5.09858102e-01  8.96937432e-01
2.74326206e-01  3.29399388e-01  7.25992535e-01
4.58457520e-01  9.97348952e-01  8.86575454e-01
4.14628710e-01  6.23876546e-01  7.57372234e-01
6.99880332e-01  2.86794214e-01  6.15488479e-01
5.26817645e-01  7.78585338e-01  2.65131763e-01
3.21546591e-01  9.59600478e-01  9.11282483e-01
2.85883927e-01  9.52620915e-01  5.46838719e-01
8.04997784e-01  7.82612933e-01  5.83503766e-01
2.88164746e-01  2.98657769e-01  9.92744108e-01
3.25942665e-01  8.00303261e-01  6.57323113e-01
6.38787709e-01  5.93273684e-01  2.64636814e-01
5.10283899e-01  7.61515614e-01  7.94385390e-01
2.75123395e-01  6.53241800e-01  8.76084692e-01
9.87202209e-01  5.87100211e-01  2.84380597e-01
9.99548412e-01  8.89860968e-01  2.57820270e-01
8.83904751e-01  4.83445483e-01  3.55916597e-01
2.58371313e-01  3.93365023e-01  4.11003900e-01
4.07868221e-01  8.52585509e-01  9.24546455e-01
6.94240732e-01  9.20720990e-01  8.77905530e-01
9.66424071e-01  4.90273381e-01  7.83053436e-01
7.32275584e-01  3.87244734e-01  9.27699328e-01
6.99782862e-01  6.95018253e-01  7.43424877e-01
6.53047741e-01  6.40600127e-01  6.59963631e-01
3.24957075e-01  9.73910253e-01  4.92024949e-01
9.93429034e-01  5.61350539e-01  3.32548027e-01
7.49202500e-01  2.58929193e-01  5.69871476e-01
4.95830577e-01  7.59470741e-01  3.13514089e-01
9.63551361e-01  3.25527781e-01  4.66981484e-01
5.81803870e-01  4.03379987e-01  8.33278327e-01
3.38450419e-01  7.46800481e-01  4.95241631e-01
5.48627309e-01  7.03725077e-01  6.47317960e-01
8.01728258e-01  8.52216247e-01  7.97290904e-01
3.77011321e-01  7.68908806e-01  9.76383159e-01
3.34397618e-01  7.49008283e-01  3.00416386e-01
5.68193543e-01  7.65607447e-01  9.05079508e-01
4.73108468e-01  4.98725603e-01  3.94101182e-01
5.84678774e-01  8.33041543e-01  4.01144393e-01
5.96676436e-01  7.71969939e-01  5.00460059e-01
6.31337090e-01  2.66062731e-01  4.72039336e-01
4.80385885e-01  3.10543404e-01  9.84146917e-01
7.43588205e-01  8.68661108e-01  8.09904162e-01
5.27061352e-01  4.04757173e-01  4.39461158e-01
6.97676033e-01  4.92482615e-01  7.06712611e-01
3.66242804e-01  3.65232731e-01  5.24972656e-01
7.11876496e-01  7.34642821e-01  4.05157797e-01
5.66040446e-01  9.29493528e-01  5.76844107e-01
6.50956616e-01  4.17346884e-01  2.90717853e-01
8.21531859e-01  5.07958658e-01  5.47693271e-01
7.65272114e-01  6.90082750e-01  3.97679959e-01
6.97380984e-01  3.44414573e-01  5.12971770e-01
8.63822196e-01  3.08167998e-01  9.18338767e-01
9.90949128e-01  3.61649445e-01  8.51151793e-01
5.62362997e-01  6.90640233e-01  7.86421423e-01
9.65573890e-01  3.60760545e-01  6.74619301e-01
4.49164497e-01  3.00360964e-01  2.82376759e-01
9.58589214e-01  8.07444497e-01  6.12577472e-01
6.29203601e-01  2.88419130e-01  9.43196523e-01
2.94263114e-01  7.79061156e-01  5.11250565e-01
6.44244876e-01  3.33464508e-01  9.79232951e-01
3.17270550e-01  7.57955275e-01  6.18002092e-01
4.46335992e-01  2.53798218e-01  9.60408489e-01
9.26601560e-01  6.04487079e-01  4.92216832e-01
3.37365709e-01  3.16249654e-01  3.80981776e-01
9.63733449e-01  5.75632601e-01  4.44993165e-01
5.06786642e-01  4.80434505e-01  4.60456127e-01
3.77975130e-01  7.50518551e-01  8.25695159e-01
7.82438595e-01  3.49723754e-01  5.59685707e-01
3.37996800e-01  4.25605685e-01  5.96342579e-01
9.70488735e-01  6.43228131e-01  9.12027284e-01
3.17784076e-01  3.16716989e-01  7.60860635e-01
9.03308676e-01  3.74041692e-01  6.54960548e-01
