8.62613334e-01  7.31095825e-01  5.31355044e-01  9.64950332e-01  7.58960024e-01  5.19545803e-01
8.74515814e-01  5.29666830e-01  6.26920493e-01  9.61149829e-01  3.66212337e-01  6.38350383e-01
9.27856539e-01  3.84886352e-01  5.42090916e-01  9.72119324e-01  3.47828143e-01  5.71872139e-01
7.57842230e-01  6.62127287e-01  9.35855731e-01  9.10095648e-01  4.80690201e-01  9.37923479e-01
8.13199948e-01  9.38894018e-01  5.59943142e-01  9.61880008e-01  8.49425690e-01  5.17606859e-01
8.85084021e-01  4.70321741e-01  6.30862642e-01  9.60265052e-01  3.45308799e-01  6.49023677e-01
8.03155551e-01  3.76572471e-01  9.73752675e-01  9.11272837e-01  2.68644272e-01  9.81078574e-01
8.13402312e-01  5.00013635e-01  8.55431768e-01  9.28317911e-01  3.00437537e-01  8.64146039e-01
9.60967052e-01  4.47434367e-01  3.86767267e-01  9.96835292e-01  4.04346052e-01  3.99833239e-01
8.35308323e-01  2.36772794e-01  9.58244592e-01  9.17038345e-01  1.63478231e-01  9.69245381e-01
7.68179469e-01  8.06409831e-01  8.03163882e-01  9.29552964e-01  5.58115857e-01  7.94607788e-01
7.86271498e-01  5.54116333e-01  9.11913364e-01  9.15328117e-01  4.24842320e-01  9.18233002e-01
8.43956659e-01  4.88881820e-01  7.58847931e-01  9.39089180e-01  3.92062571e-01  7.73665717e-01
7.92319758e-01  5.05238305e-01  9.24237120e-01  9.17813407e-01  3.08093748e-01  9.30209430e-01
9.56189694e-01  3.63475139e-01  4.60042461e-01  9.85762566e-01  3.22422527e-01  4.90957675e-01
9.25580369e-01  2.86453239e-01  6.16292544e-01  9.65522791e-01  1.89335706e-01  6.52079801e-01
8.77674744e-01  7.49539188e-01  4.67454214e-01  9.74720630e-01  8.06792948e-01  4.45443113e-01
9.69453301e-01  3.98503289e-01  3.90794823e-01  9.92960735e-01  4.42134056e-01  4.15648442e-01
7.38304766e-01  7.25435194e-01  9.59885488e-01  9.07161790e-01  4.69962414e-01  9.59307088e-01
8.05528074e-01  5.09122463e-01  8.76186761e-01  9.21774504e-01  3.87344163e-01  8.85334841e-01
9.05478283e-01  3.53812349e-01  6.39811587e-01  9.61391974e-01  2.34728604e-01  6.68237246e-01
9.31463190e-01  4.26097826e-01  5.01959483e-01  9.79687453e-01  3.41834716e-01  5.24764120e-01
9.21831845e-01  4.18778221e-01  5.40100287e-01  9.71297778e-01  3.94588986e-01  5.66477052e-01
8.16125654e-01  5.63760824e-01  8.03105778e-01  9.34833125e-01  3.52475125e-01  8.09913570e-01
9.57239728e-01  3.14230740e-01  4.89388117e-01  9.82501995e-01  2.58699495e-01  5.26590784e-01
8.36403252e-01  2.69570874e-01  9.32367421e-01  9.20726383e-01  1.66952463e-01  9.44758776e-01
8.66910855e-01  7.34101158e-01  5.14645199e-01  9.68148981e-01  7.53983903e-01  5.00219962e-01
8.67279814e-01  2.87650647e-01  8.14667797e-01  9.35737979e-01  2.13534507e-01  8.37333512e-01
9.00699298e-01  5.61315069e-01  5.16109719e-01  9.72263097e-01  5.44156425e-01  5.24521922e-01
8.38249071e-01  3.81122354e-01  8.51072059e-01  9.28484577e-01  2.87061754e-01  8.66792326e-01
8.14525273e-01  6.17428860e-01  7.72651821e-01  9.35655416e-01  4.66681744e-01  7.77847026e-01
8.03252462e-01  5.10466425e-01  8.83352690e-01  9.20493052e-01  3.94877958e-01  8.92269557e-01
9.35006963e-01  3.62557362e-01  5.32731085e-01  9.76637631e-01  2.63492754e-01  5.63058002e-01
7.99994822e-01  5.36793180e-01  8.76716658e-01  9.23360895e-01  3.54183691e-01  8.83605781e-01
7.86674605e-01  8.88195174e-01  6.85078322e-01  9.46395748e-01  6.64161576e-01  6.61737581e-01
7.88419430e-01  7.41722428e-01  7.77665763e-01  9.31700991e-01  5.84432524e-01  7.74537439e-01
8.41753056e-01  1.82098709e-01  9.73124967e-01  9.16289154e-01  1.24009463e-01  9.83488912e-01
8.46300482e-01  5.23164673e-01  7.27705167e-01  9.45372270e-01  3.66211874e-01  7.39547258e-01
9.77786886e-01  2.85255541e-01  4.39043552e-01  9.89528808e-01  2.65437609e-01  4.80427381e-01
8.36615958e-01  1.97053918e-01  9.80882358e-01  9.14923677e-01  1.34840287e-01  9.90174272e-01
9.41135006e-01  4.80970599e-01  4.31888357e-01  9.85945041e-01  5.00430010e-01  4.46706673e-01
8.70619633e-01  3.40532174e-01  7.67570082e-01  9.43473666e-01  2.04834632e-01  7.89796632e-01
9.34850292e-01  3.60992258e-01  5.34322437e-01  9.76152923e-01  2.68282594e-01  5.65021546e-01
8.85195272e-01  4.52168531e-01  6.42732674e-01  9.57809329e-01  3.52309680e-01  6.63100531e-01
8.80462112e-01  3.66433903e-01  7.16760614e-01  9.49318876e-01  2.54618071e-01  7.40917924e-01
9.40870100e-01  5.14873070e-01  4.09915790e-01  9.91780421e-01  4.77049776e-01  4.14869993e-01
9.26368495e-01  2.87697320e-01  6.12760315e-01  9.65473351e-01  2.03683368e-01  6.48966140e-01
7.71080350e-01  5.14969940e-01  9.89942219e-01  9.06016990e-01  3.55645649e-01  9.93986377e-01
9.02592863e-01  2.45552640e-01  7.22428637e-01  9.49358960e-01  1.91148481e-01  7.55320836e-01
7.60080504e-01  6.21434524e-01  9.55671859e-01  9.08218080e-01  4.44499170e-01  9.58620790e-01
7.90778779e-01  5.79618124e-01  8.79004173e-01  9.19393758e-01  4.51132608e-01  8.85351922e-01
7.63035977e-01  5.66016445e-01  9.82976169e-01  9.05602272e-01  3.98094709e-01  9.86495728e-01
9.87230604e-01  2.29053871e-01  4.44408618e-01  9.89132340e-01  2.19425613e-01  4.93455545e-01
7.81728655e-01  5.92308075e-01  9.01660536e-01  9.17787635e-01  4.09870985e-01  9.06037266e-01
7.64337999e-01  5.61665820e-01  9.81464058e-01  9.06835961e-01  3.72448157e-01  9.84715344e-01
7.91543790e-01  8.57361615e-01  6.88952532e-01  9.45671898e-01  6.48540618e-01  6.69598746e-01
8.43741511e-01  6.26498139e-01  6.66712816e-01  9.48800850e-01  5.55918241e-01  6.72194237e-01
9.19532771e-01  5.86189356e-01  4.34982948e-01  9.82997435e-01  6.31856800e-01  4.34703198e-01
8.36174620e-01  7.74109508e-01  5.92951300e-01  9.56769609e-01  7.30941065e-01  5.79232491e-01
9.11546072e-01  1.94530133e-01  7.26272314e-01  9.49887958e-01  1.48735847e-01  7.62069523e-01
7.77926199e-01  7.29299967e-01  8.21901931e-01  9.28296775e-01  4.90162448e-01  8.18914147e-01
9.78382737e-01  2.90560054e-01  4.33428371e-01  9.89588332e-01  2.88226826e-01  4.74596410e-01
8.68125915e-01  4.36484938e-01  7.11633253e-01  9.47575570e-01  3.40509323e-01  7.31561274e-01
8.43021991e-01  2.19936516e-01  9.43548849e-01  9.19441084e-01  1.55028407e-01  9.56371117e-01
8.61688498e-01  3.08724870e-01  8.19549760e-01  9.36519816e-01  1.82144496e-01  8.39824773e-01
8.21736853e-01  6.18614917e-01  7.47211907e-01  9.37520754e-01  5.18458031e-01  7.53501985e-01
8.77881692e-01  7.09268869e-01  4.93922832e-01  9.76302206e-01  6.31867822e-01  4.77125871e-01
8.66091853e-01  6.24686391e-01  5.91279067e-01  9.59415031e-01  5.89946285e-01  5.95462172e-01
8.30496019e-01  2.46726002e-01  9.68268489e-01  9.16298821e-01  1.49943046e-01  9.77742294e-01
8.06671918e-01  6.89326664e-01  7.50663942e-01  9.35271653e-01  5.83749465e-01  7.51798494e-01
8.83703261e-01  2.04133119e-01  8.14918553e-01  9.37786136e-01  1.41924899e-01  8.41319904e-01
8.00530491e-01  4.06225509e-01  9.63006473e-01  9.12200728e-01  2.90339205e-01  9.70455851e-01
9.05201999e-01  2.76704963e-01  6.92492218e-01  9.54583536e-01  1.79583435e-01  7.24575784e-01
9.30558172e-01  5.27056025e-01  4.36922885e-01  9.83434700e-01  5.70363309e-01  4.46085690e-01
8.33302817e-01  6.91564799e-01  6.58168552e-01  9.47605962e-01  6.45673024e-01  6.57879507e-01
7.59151389e-01  7.17406647e-01  8.94075479e-01  9.16336577e-01  4.99311366e-01  8.93440365e-01
9.15063968e-01  3.86275779e-01  5.84857297e-01  9.65885596e-01  3.39515807e-01  6.13842308e-01
9.57263188e-01  3.11594583e-01  4.91086970e-01  9.82956488e-01  2.40234632e-01  5.28090924e-01
8.79861196e-01  2.24095595e-01  8.14871352e-01  9.37535618e-01  1.55122243e-01  8.40287780e-01
7.95221240e-01  6.01624034e-01  8.48974178e-01  9.23203582e-01  4.75848185e-01  8.55005206e-01
9.24591663e-01  5.65146951e-01  4.31602026e-01  9.83436721e-01  6.18349012e-01  4.34598769e-01
8.93714321e-01  6.32232375e-01  4.92116315e-01  9.73182783e-01  6.61944694e-01  4.90458450e-01
8.64404070e-01  4.94611440e-01  6.85122921e-01  9.51233008e-01  3.71689753e-01  7.00646691e-01
8.49207047e-01  7.99587682e-01  5.30936006e-01  9.64459261e-01  8.16980119e-01  5.08822084e-01
7.72136084e-01  5.12153296e-01  9.88236935e-01  9.08555705e-01  2.98126181e-01  9.91456930e-01
8.81792637e-01  5.86893559e-01  5.63440976e-01  9.66501808e-01  5.11067677e-01  5.69386123e-01
8.04791447e-01  3.47126678e-01  9.88037141e-01  9.10214195e-01  2.40188358e-01  9.94673546e-01
9.74673389e-01  3.49344141e-01  4.06432499e-01  9.92163997e-01  3.68162122e-01  4.38962960e-01
8.84382370e-01  7.18150126e-01  4.66018432e-01  9.73902290e-01  8.10553560e-01  4.50309412e-01
7.44935104e-01  7.04932616e-01  9.51068425e-01  9.09278531e-01  4.48726217e-01  9.50808015e-01
9.61471185e-01  3.26453670e-01  4.66683881e-01  9.84673769e-01  2.98897180e-01  5.03049501e-01
7.96828584e-01  5.21748814e-01  8.97389309e-01  9.18597505e-01  3.89749819e-01  9.05137304e-01
8.84255480e-01  7.15088329e-01  4.68220204e-01  9.73904205e-01  7.97305568e-01  4.52948089e-01
7.93629058e-01  7.95268618e-01  7.23731031e-01  9.39641209e-01  6.25571610e-01  7.13771694e-01
9.43167186e-01  2.44079620e-01  5.84803739e-01  9.69399969e-01  1.89858608e-01  6.27086793e-01
8.59214728e-01  2.84816816e-01  8.44136644e-01  9.33269834e-01  1.69815528e-01  8.63618610e-01
7.92776359e-01  6.73375697e-01  8.09202398e-01  9.28161986e-01  5.28044995e-01  8.11237011e-01
8.25782429e-01  5.56600961e-01  7.75242097e-01  9.38869730e-01  3.58262813e-01  7.83155448e-01
8.77347030e-01  5.18665794e-01  6.24373761e-01  9.61495247e-01  3.60371028e-01  6.37014844e-01
7.61636253e-01  6.98034856e-01  8.98659353e-01  9.16434432e-01  4.74734459e-01  8.98689641e-01
8.81951117e-01  6.28753794e-01  5.34650845e-01  9.66804092e-01  6.40639028e-01  5.36464985e-01
8.29458468e-01  3.27382286e-01  9.17377095e-01  9.22074698e-01  1.97644079e-01  9.29288106e-01
8.51376098e-01  4.92869364e-01  7.30809380e-01  9.46543992e-01  3.15219272e-01  7.44225125e-01
8.27679705e-01  6.69964394e-01  6.91956701e-01  9.43440623e-01  6.05018968e-01  6.94316889e-01
8.20075485e-01  5.30861046e-01  8.11813631e-01  9.34081565e-01  3.28783188e-01  8.20399376e-01
8.68845199e-01  3.90064724e-01  7.40503073e-01  9.46204061e-01  2.52879565e-01  7.61312090e-01
8.75112404e-01  5.95389190e-01  5.80231837e-01  9.61350417e-01  5.71024750e-01  5.87573214e-01
8.04696171e-01  4.45949415e-01  9.21665894e-01  9.19606074e-01  2.60859713e-01  9.29488993e-01
8.28884318e-01  5.97522355e-01  7.37027616e-01  9.42243116e-01  4.34475908e-01  7.43294433e-01
1.00057047e+00  2.64740969e-01  3.74754138e-01  9.99007468e-01  2.72042058e-01  4.17536731e-01
8.72044569e-01  2.07945193e-01  8.52179652e-01  9.32325007e-01  1.48636748e-01  8.74743187e-01
8.92716594e-01  2.57170459e-01  7.48330854e-01  9.45680742e-01  1.94009575e-01  7.78228872e-01
7.43677204e-01  7.73282638e-01  9.09237140e-01  9.14014686e-01  5.09077268e-01  9.05998023e-01
8.14146570e-01  7.80576775e-01  6.63548088e-01  9.51406638e-01  5.76094104e-01  6.50139613e-01
9.36727936e-01  2.66159042e-01  5.92200855e-01  9.68316644e-01  2.01356817e-01  6.31802560e-01
8.90646097e-01  3.94733157e-01  6.62571349e-01  9.54486855e-01  3.33718863e-01  6.88339336e-01
9.24094188e-01  2.88519777e-01  6.19975363e-01  9.64925442e-01  1.91437376e-01  6.55408616e-01
9.11031717e-01  4.80650958e-01  5.34946972e-01  9.74559981e-01  3.68583164e-01  5.51255181e-01
8.60630841e-01  8.36967949e-01  4.66683272e-01  9.72546595e-01  9.26474921e-01  4.30769633e-01
8.71976954e-01  2.98149216e-01  7.91535188e-01  9.40730192e-01  1.75000120e-01  8.14527480e-01
8.24785904e-01  2.68826078e-01  9.72565319e-01  9.14630294e-01  1.76799867e-01  9.81505581e-01
8.60968258e-01  4.25866190e-01  7.43253969e-01  9.44392122e-01  2.98959016e-01  7.61915405e-01
8.26520916e-01  9.74876063e-01  4.90151750e-01  9.71188190e-01  9.64997419e-01  4.30271001e-01
7.68423348e-01  5.82136190e-01  9.53688686e-01  9.09374759e-01  4.17441374e-01  9.57671851e-01
8.52379157e-01  2.14436513e-01  9.15288704e-01  9.23470618e-01  1.52436433e-01  9.31144743e-01
9.16050641e-01  2.27717436e-01  6.88486415e-01  9.54554826e-01  1.77177597e-01  7.25335228e-01
7.54979465e-01  7.46388997e-01  8.88770359e-01  9.17267202e-01  5.03674906e-01  8.86427776e-01
8.87013093e-01  7.22987227e-01  4.53469298e-01  9.79831364e-01  7.27558310e-01  4.31609662e-01
8.33461376e-01  2.35345752e-01  9.65816697e-01  9.16279554e-01  1.57798811e-01  9.75987352e-01
7.81116892e-01  8.75425465e-01  7.12386069e-01  9.41977105e-01  6.50312288e-01  6.92873355e-01
7.73340151e-01  6.74179412e-01  8.74769277e-01  9.18755393e-01  5.04711953e-01  8.76634375e-01
7.78225676e-01  7.44112803e-01  8.10881957e-01  9.29606186e-01  5.05896108e-01  8.06753250e-01
8.79390948e-01  6.72505138e-01  5.13873092e-01  9.70241608e-01  6.69781609e-01  5.07448812e-01
8.14553800e-01  3.11263417e-01  9.78885430e-01  9.13003185e-01  1.99569165e-01  9.86497467e-01
7.79811222e-01  5.65747007e-01  9.26137516e-01  9.13758066e-01  4.12294657e-01  9.31304027e-01
8.82448735e-01  7.57307388e-01  4.45902862e-01  9.81225030e-01  7.53661607e-01  4.16429318e-01
9.19172680e-01  4.08101856e-01  5.56091705e-01  9.69543756e-01  3.69196608e-01  5.83282058e-01
8.45241767e-01  2.31737358e-01  9.27701947e-01  9.22181466e-01  1.41609257e-01  9.41485820e-01
7.93621207e-01  5.74855353e-01  8.72506817e-01  9.20646303e-01  4.43593265e-01  8.79120776e-01
9.38790314e-01  2.44075237e-01  5.99759607e-01  9.66830742e-01  1.98509650e-01  6.41497050e-01
7.94245271e-01  3.94766975e-01  9.91919275e-01  9.10117907e-01  2.33164893e-01  9.96970655e-01
9.34633141e-01  4.58033456e-01  4.69578883e-01  9.80145721e-01  4.73921638e-01  4.90241118e-01
8.20033265e-01  8.08682746e-01  6.24468367e-01  9.53042252e-01  7.09374394e-01  6.07779495e-01
8.08105113e-01  3.29898102e-01  9.88343102e-01  9.11374568e-01  2.08269911e-01  9.94863217e-01
7.33564076e-01  7.67588579e-01  9.47932445e-01  9.09077086e-01  4.78609700e-01  9.45471014e-01
8.15273970e-01  9.85789462e-01  5.21210934e-01  9.66438150e-01  9.45589696e-01  4.65377585e-01
8.95211246e-01  3.57488650e-01  6.72109518e-01  9.56657844e-01  2.31912790e-01  6.98758295e-01
9.29286988e-01  5.59241857e-01  4.19844085e-01  9.84190169e-01  6.45883036e-01  4.23699366e-01
9.60940010e-01  4.29373449e-01  3.99047235e-01  9.93652700e-01  4.15710519e-01  4.17528461e-01
8.41130683e-01  8.46200013e-01  5.27073110e-01  9.67407908e-01  7.95972170e-01  4.94933139e-01
