8.28496817e-01  6.92787352e-01  7.19248527e-01
2.65565992e-01  8.30637249e-01  9.21913326e-01
7.25241721e-01  6.69291957e-01  2.50779692e-01
8.11609117e-01  3.89172388e-01  3.84375290e-01
6.23885029e-01  5.25929882e-01  7.57993248e-01
4.18600685e-01  7.68014793e-01  2.93444540e-01
3.98550196e-01  8.30408305e-01  4.85518725e-01
8.20404307e-01  5.12179806e-01  2.51841341e-01
3.76836009e-01  3.78433133e-01  7.56380002e-01
3.16257279e-01  3.53341329e-01  4.95675931e-01
7.64025705e-01  7.48562072e-01  8.89441482e-01
9.65052388e-01  8.28842092e-01  3.89639127e-01
2.52963134e-01  9.97810094e-01  7.85549457e-01
6.34149046e-01  7.92759787e-01  6.52138996e-01
8.59472292e-01  8.19829702e-01  3.46821680e-01
7.09399974e-01  2.63123094e-01  9.62123446e-01
7.91322538e-01  6.19837654e-01  6.90966097e-01
4.68910636e-01  7.61248708e-01  6.30626985e-01
9.38337766e-01  2.80759135e-01  8.19156136e-01
7.85937846e-01  4.75707525e-01  2.57202221e-01
6.56913298e-01  6.19055473e-01  5.39402128e-01
3.56630262e-01  7.76005568e-01  4.58459126e-01
5.30009622e-01  2.52180969e-01  9.82456894e-01
7.55605988e-01  3.00629109e-01  9.32607658e-01
5.81379326e-01  4.42910324e-01  4.52965068e-01
5.75514895e-01  4.61096520e-01  9.68861495e-01
7.13330688e-01  2.85556591e-01  2.60370752e-01
6.34858536e-01  3.29077072e-01  2.99324653e-01
7.37803527e-01  4.32213272e-01  2.98227854e-01
7.00784573e-01  9.79745219e-01  9.95277044e-01
8.53923926e-01  9.96677866e-01  4.38231608e-01
6.41240267e-01  7.32466083e-01  5.39018818e-01
9.31493782e-01  9.58926687e-01  7.56906581e-01
4.89430809e-01  9.81121526e-01  6.00620632e-01
3.17846942e-01  9.06443902e-01  4.17310546e-01
4.75528678e-01  9.74361949e-01  3.94869021e-01
3.35490836e-01  5.38858681e-01  4.04503617e-01
8.71517658e-01  5.08352449e-01  6.33876331e-01
2.85174420e-01  2.60623548e-01  7.61541373e-01
7.19720864e-01  4.32494274e-01  5.71682442e-01
6.60694668e-01  6.97179286e-01  4.54523611e-01
8.64471856e-01  4.19605727e-01  8.41576344e-01
3.99213707e-01  7.44610368e-01  4.29936931e-01
8.92644552e-01  5.96751106e-01  7.72474623e-01
5.13743407e-01  5.41680940e-01  9.81205233e-01
8.15992007e-01  3.78084732e-01  4.09926362e-01
4.71974889e-01  7.16754120e-01  8.45573296e-01
9.12959340e-01  8.90475812e-01  2.50932081e-01
4.94137506e-01  4.90203617e-01  9.35601988e-01
3.73764781e-01  8.32095873e-01  8.89933039e-01
3.19344021e-01  3.78035567e-01  9.33782168e-01
3.20948134e-01  3.23202269e-01  2.86782578e-01
8.06757368e-01  9.42267855e-01  9.71787608e-01
2.91679590e-01  8.96718928e-01  9.37963492e-01
9.92010425e-01  5.52037884e-01  2.95761906e-01
4.24548936e-01  9.37587044e-01  3.17739704e-01
9.85550764e-01  3.78832871e-01  9.58135602e-01
4.84096025e-01  9.41090487e-01  3.19267634e-01
1.00000000e+00  4.89966958e-01  9.32788640e-01
8.91696804e-01  3.31574016e-01  9.97164002e-01
2.58278919e-01  7.85924943e-01  3.06146232e-01
5.55388701e-01  9.87593482e-01  2.70285513e-01
5.10038540e-01  3.07261178e-01  2.61368456e-01
9.09181614e-01  3.72189317e-01  2.53201425e-01
3.58549466e-01  9.18125758e-01  8.91418489e-01
9.38658180e-01  2.77246540e-01  3.27474028e-01
4.42571730e-01  9.71108364e-01  9.90269144e-01
8.89548433e-01  2.85556591e-01  4.58687885e-01
3.75196304e-01  3.16926055e-01  4.24225389e-01
4.13171008e-01  3.01799757e-01  7.95465252e-01
2.73777248e-01  7.28096231e-01  3.63747860e-01
3.51978149e-01  6.97179286e-01  9.16219128e-01
6.27909912e-01  2.78665595e-01  9.32890864e-01
2.71270193e-01  5.41680940e-01  3.85924835e-01
9.62938927e-01  9.22966878e-01  7.23695789e-01
7.60133287e-01  9.30360699e-01  8.95146878e-01
9.21330725e-01  2.59560169e-01  7.51010755e-01
3.23945091e-01  8.29966266e-01  3.84461663e-01
8.73586535e-01  6.38257309e-01  9.77211640e-01
2.84070439e-01  8.29114267e-01  8.43059207e-01
9.16806088e-01  3.92709292e-01  9.36877867e-01
9.97466780e-01  6.17509381e-01  3.82488167e-01
8.15252468e-01  3.93135759e-01  9.56656273e-01
9.65599430e-01  8.30408305e-01  3.59417798e-01
8.81243262e-01  9.00527711e-01  7.79252373e-01
8.23256935e-01  3.11284361e-01  4.01626831e-01
8.45984658e-01  4.75707525e-01  9.31421689e-01
3.87126742e-01  4.14613663e-01  3.69952405e-01
8.18951311e-01  5.26653934e-01  2.74805938e-01
6.22717589e-01  8.89968399e-01  3.53578955e-01
3.86792480e-01  8.41337598e-01  4.68954701e-01
4.19053678e-01  4.87144971e-01  3.48798737e-01
6.46368852e-01  2.52925902e-01  8.24082359e-01
9.00367538e-01  3.31353921e-01  7.21339017e-01
4.82563971e-01  2.76187550e-01  7.75650001e-01
3.82201412e-01  2.83087064e-01  6.24013323e-01
2.59945073e-01  5.67456800e-01  7.73583907e-01
3.45177183e-01  6.92562160e-01  8.77787101e-01
5.03490476e-01  4.65187385e-01  3.00988534e-01
6.20158146e-01  5.60434145e-01  2.52629073e-01
2.77963191e-01  8.92456942e-01  8.72360831e-01
9.67641892e-01  9.54880246e-01  8.10562207e-01
5.16647091e-01  9.85099800e-01  9.61621498e-01
8.44005459e-01  4.03674986e-01  9.88392536e-01
8.90072795e-01  8.83382789e-01  2.89156925e-01
9.94150771e-01  4.61096520e-01  2.95622092e-01
9.78698282e-01  7.20524834e-01  3.09821867e-01
2.84351829e-01  2.93036967e-01  2.52508588e-01
8.82516257e-01  4.25996394e-01  9.87300313e-01
9.76748551e-01  8.17531250e-01  2.76524050e-01
2.74970659e-01  9.96677866e-01  3.77202795e-01
2.60982378e-01  6.62763116e-01  2.81458789e-01
9.17239548e-01  8.99339574e-01  9.35213251e-01
9.91687860e-01  9.85136438e-01  3.40070763e-01
3.18093510e-01  3.95790922e-01  9.41895499e-01
9.55394148e-01  9.80904031e-01  2.77453614e-01
6.43010199e-01  9.93626242e-01  3.01042135e-01
2.60069724e-01  3.06442922e-01  7.45844090e-01
3.39518658e-01  5.30268160e-01  2.57292423e-01
2.56639386e-01  3.66992769e-01  7.47893469e-01
2.57687251e-01  6.13259915e-01  2.84591170e-01
9.41222762e-01  8.96134277e-01  6.66737779e-01
3.25145875e-01  8.02393075e-01  2.82628515e-01
3.45418220e-01  9.26649747e-01  4.06600577e-01
7.80793881e-01  8.85568656e-01  2.85395402e-01
4.28058584e-01  3.53341329e-01  2.63061068e-01
8.77588123e-01  2.76235729e-01  4.95498794e-01
9.37119809e-01  5.67705809e-01  2.78598261e-01
8.44771814e-01  4.13889472e-01  9.88319823e-01
7.40491236e-01  2.64343747e-01  2.96147764e-01
9.66591768e-01  8.39563255e-01  4.13205149e-01
3.97205714e-01  2.74639513e-01  7.77912195e-01
9.49571105e-01  4.07399611e-01  3.70615040e-01
2.76229163e-01  3.29077072e-01  7.60686987e-01
6.17514004e-01  9.87529406e-01  4.60919043e-01
6.61819941e-01  2.56781843e-01  3.97977451e-01
3.31917851e-01  6.19055473e-01  9.18602504e-01
7.53320366e-01  4.32156871e-01  9.71956110e-01
9.85753547e-01  4.94955122e-01  6.39301775e-01
7.95712658e-01  2.58743609e-01  4.79888001e-01
2.82955762e-01  4.62405395e-01  7.80990509e-01
8.00331478e-01  2.78845609e-01  7.03196769e-01
6.90900017e-01  9.62340388e-01  8.40875161e-01
2.60097471e-01  4.37117227e-01  5.71297685e-01
6.43506667e-01  2.55860271e-01  3.78094108e-01
2.54709444e-01  6.60605969e-01  7.86800449e-01
3.75753754e-01  3.30380340e-01  4.64492821e-01
8.72845738e-01  3.98066715e-01  3.63783553e-01
4.83548592e-01  8.50267958e-01  3.05416855e-01
4.37944663e-01  3.54477724e-01  8.55946435e-01
