8.39782197e-01  4.97046000e-01  7.93248607e-01  9.33514707e-01  3.79131817e-01  8.07162254e-01
8.85156193e-01  4.81254005e-01  6.49720042e-01  9.55683408e-01  3.65310534e-01  6.68786265e-01
8.59962916e-01  8.82736336e-01  4.74314481e-01  9.70888793e-01  9.33977231e-01  4.36887937e-01
8.18244570e-01  8.64357522e-01  6.27908053e-01  9.52924369e-01  6.98833814e-01  6.07435703e-01
8.27364512e-01  4.40466575e-01  8.72154480e-01  9.25039711e-01  2.84030080e-01  8.83896360e-01
8.33192539e-01  5.87439552e-01  7.56938170e-01  9.40499237e-01  3.70689661e-01  7.64364633e-01
8.94136412e-01  7.11460256e-01  4.69471772e-01  9.73215460e-01  7.76278660e-01  4.59097813e-01
8.05368863e-01  5.81278644e-01  8.55423111e-01  9.24059248e-01  4.02585993e-01  8.62269422e-01
8.54336278e-01  3.18613855e-01  8.59973954e-01  9.28111152e-01  2.28504111e-01  8.77791567e-01
8.19554910e-01  3.70532391e-01  9.44085090e-01  9.16752640e-01  2.16304480e-01  9.52980593e-01
9.24373983e-01  4.71450140e-01  5.22618159e-01  9.75407946e-01  3.63608743e-01  5.42198161e-01
8.20285761e-01  3.50525883e-01  9.54593153e-01  9.14464944e-01  2.33262545e-01  9.63657033e-01
9.00694681e-01  6.61209030e-01  4.79827214e-01  9.76872205e-01  6.13435385e-01  4.73990667e-01
8.67673079e-01  8.23199428e-01  4.86786979e-01  9.72990222e-01  7.87218813e-01  4.57966260e-01
8.76376911e-01  3.09575705e-01  7.90697627e-01  9.39917761e-01  1.77523355e-01  8.13573288e-01
8.04610016e-01  4.30078541e-01  9.56175344e-01  9.14124944e-01  2.46123784e-01  9.62808975e-01
8.74175179e-01  6.00002492e-01  6.09615069e-01  9.61738114e-01  4.23179631e-01  6.15822715e-01
7.84104645e-01  5.18604516e-01  9.68629305e-01  9.09408005e-01  3.32332685e-01  9.73273283e-01
7.81439976e-01  6.27196489e-01  9.06871177e-01  9.15919846e-01  4.19218022e-01  9.10544525e-01
9.52202325e-01  4.34214909e-01  4.52596365e-01  9.85552045e-01  3.73330847e-01  4.75382546e-01
7.59898358e-01  7.07564332e-01  9.27843690e-01  9.10211760e-01  4.95968301e-01  9.29074991e-01
8.59813450e-01  2.11263189e-01  9.11076322e-01  9.23661688e-01  1.39365328e-01  9.27309961e-01
8.17506705e-01  5.19176525e-01  8.54526596e-01  9.27516198e-01  3.04769387e-01  8.63133721e-01
9.32492446e-01  4.38250959e-01  5.16604840e-01  9.76667525e-01  3.38229031e-01  5.40097242e-01
9.41350739e-01  5.23959898e-01  4.30881706e-01  9.84752607e-01  5.34357086e-01  4.42080599e-01
9.03904955e-01  4.89257439e-01  5.80859655e-01  9.66362048e-01  3.69682913e-01  5.99285841e-01
7.48130365e-01  8.41921639e-01  8.80571847e-01  9.17236211e-01  5.36785285e-01  8.74422647e-01
9.04815293e-01  5.46969859e-01  5.40299958e-01  9.71534581e-01  4.31632230e-01  5.51534606e-01
9.08121352e-01  6.22388956e-01  4.80109500e-01  9.74269698e-01  6.50377069e-01  4.82496353e-01
8.57401413e-01  8.59220453e-01  4.98279310e-01  9.66762988e-01  9.10214875e-01  4.68936567e-01
7.73638492e-01  5.46085671e-01  9.86031884e-01  9.06060004e-01  3.51932482e-01  9.89610484e-01
9.65558728e-01  3.08609936e-01  4.88788905e-01  9.81788084e-01  2.51845225e-01  5.28119050e-01
7.78155510e-01  7.43060476e-01  8.42796129e-01  9.23087237e-01  5.16830631e-01  8.41603425e-01
8.16290785e-01  7.23349623e-01  7.26091758e-01  9.40512767e-01  5.39480322e-01  7.24537091e-01
8.19926139e-01  5.33356602e-01  8.37399451e-01  9.26150096e-01  4.09177584e-01  8.47826897e-01
8.80876961e-01  4.84331469e-01  6.61954987e-01  9.52155543e-01  4.04987717e-01  6.81548990e-01
7.96534981e-01  5.76331909e-01  8.88931878e-01  9.18799902e-01  4.07847086e-01  8.95270620e-01
8.24754906e-01  9.23073213e-01  5.67680252e-01  9.60044335e-01  8.15850308e-01  5.34232765e-01
8.10227663e-01  7.82473581e-01  7.08293783e-01  9.40320237e-01  6.39083061e-01  7.02320802e-01
8.77298508e-01  5.78984147e-01  6.12655049e-01  9.61261723e-01  4.12721829e-01  6.21339501e-01
8.25999377e-01  2.88665074e-01  9.75357185e-01  9.13200269e-01  1.82838181e-01  9.83638954e-01
9.48190451e-01  4.19543425e-01  4.75446239e-01  9.81499745e-01  3.70139347e-01  5.01600622e-01
8.09260792e-01  4.01083961e-01  9.59207013e-01  9.13132702e-01  2.56409186e-01  9.66749756e-01
8.96239736e-01  4.30980793e-01  6.44425203e-01  9.56065577e-01  3.52752317e-01  6.68776347e-01
7.80953184e-01  6.82975549e-01  8.72307397e-01  9.19760245e-01  4.68909171e-01  8.74219531e-01
8.07950307e-01  4.36167038e-01  9.41175302e-01  9.15665450e-01  2.65928246e-01  9.48784135e-01
8.42086735e-01  4.43382290e-01  8.20266137e-01  9.33412738e-01  2.66742482e-01  8.34277761e-01
7.89239998e-01  7.56240248e-01  7.96597600e-01  9.30852605e-01  5.10606234e-01  7.93276688e-01
9.71386336e-01  2.49489237e-01  5.07085520e-01  9.79646089e-01  2.02486382e-01  5.52958148e-01
9.21586549e-01  4.17396226e-01  5.67473553e-01  9.67442962e-01  3.58933494e-01  5.94885951e-01
8.88469025e-01  3.13445732e-01  7.47121598e-01  9.44107871e-01  2.30876372e-01  7.74144270e-01
9.13070365e-01  5.48336791e-01  5.11083483e-01  9.71694099e-01  5.40958772e-01  5.24255874e-01
8.32876824e-01  5.38268936e-01  7.89934126e-01  9.34612548e-01  3.76107293e-01  8.00834908e-01
8.30932475e-01  6.66586631e-01  7.13224419e-01  9.40356085e-01  5.71704933e-01  7.17954692e-01
8.81367333e-01  2.91176099e-01  7.85696780e-01  9.40118174e-01  1.85616081e-01  8.10382825e-01
8.66864888e-01  3.96701323e-01  7.66431221e-01  9.41342674e-01  2.54337899e-01  7.86350956e-01
8.21896691e-01  5.96535339e-01  7.89391073e-01  9.34634438e-01  3.94965345e-01  7.96254480e-01
9.29257112e-01  5.86806058e-01  4.31145328e-01  9.82587407e-01  6.27264661e-01  4.34089651e-01
8.98360894e-01  5.55371909e-01  5.56464424e-01  9.70133207e-01  4.04768719e-01  5.66328628e-01
9.09716902e-01  4.22604218e-01  6.04099927e-01  9.63133003e-01  3.26844520e-01  6.29560016e-01
7.76634693e-01  7.28628435e-01  8.57332047e-01  9.23017991e-01  4.57159553e-01  8.56096838e-01
8.24508579e-01  4.70198330e-01  8.62547859e-01  9.24066719e-01  3.50456613e-01  8.74495306e-01
9.81273429e-01  3.39797881e-01  4.14883609e-01  9.91330635e-01  3.21814364e-01  4.49943708e-01
8.19276521e-01  4.17867419e-01  9.14295260e-01  9.20017055e-01  2.50529064e-01  9.23990282e-01
8.63115438e-01  4.62755894e-01  7.36276664e-01  9.43024798e-01  3.44566205e-01  7.54321283e-01
8.14449870e-01  6.54915356e-01  7.76773823e-01  9.31787557e-01  5.32649278e-01  7.82091816e-01
9.38544079e-01  5.39160543e-01  4.30543612e-01  9.88425455e-01  4.59885977e-01  4.36064072e-01
8.31919039e-01  4.00046299e-01  8.82931921e-01  9.24238823e-01  2.56421386e-01  8.95532222e-01
8.61063353e-01  7.27344890e-01  5.71462111e-01  9.58671697e-01  7.15619992e-01  5.66632171e-01
7.98758563e-01  6.04704183e-01  8.62661300e-01  9.22086326e-01  4.29843131e-01  8.68502423e-01
9.13862882e-01  5.59027687e-01  5.01451691e-01  9.73224601e-01  5.48675199e-01  5.12625712e-01
8.31856141e-01  6.95640601e-01  6.91224509e-01  9.42625850e-01  6.13742417e-01  6.93503520e-01
8.59893490e-01  5.91397587e-01  6.63697415e-01  9.51803355e-01  4.51705978e-01  6.72807734e-01
8.67654374e-01  6.77759806e-01  5.81274762e-01  9.64890401e-01  4.99060224e-01  5.77745096e-01
9.10362199e-01  5.20255168e-01  5.38511082e-01  9.71880628e-01  4.13607649e-01  5.53043288e-01
8.14400081e-01  3.42882605e-01  9.79545406e-01  9.11991828e-01  2.03952233e-01  9.86416428e-01
9.17837683e-01  3.15156138e-01  6.46581032e-01  9.59029075e-01  2.27679307e-01  6.79738139e-01
8.73740292e-01  2.75429476e-01  8.21820938e-01  9.35181682e-01  1.76149908e-01  8.44264884e-01
7.98308419e-01  5.77730280e-01  8.81703691e-01  9.19631323e-01  4.12660154e-01  8.88289971e-01
8.48934399e-01  7.99468218e-01  5.65823454e-01  9.61546509e-01  7.11542811e-01  5.49159037e-01
9.41805214e-01  4.29526698e-01  4.90943931e-01  9.78749801e-01  3.83866349e-01  5.16517295e-01
7.64688193e-01  6.05713342e-01  9.77711106e-01  9.07247108e-01  3.60605981e-01  9.79956251e-01
7.52930338e-01  7.13524079e-01  9.47638914e-01  9.09672128e-01  4.32117495e-01  9.47568929e-01
7.75811526e-01  5.31587826e-01  9.88065936e-01  9.06331852e-01  3.35689383e-01  9.91691802e-01
8.07691061e-01  3.88851185e-01  9.72480739e-01  9.10467568e-01  2.73635480e-01  9.79783290e-01
8.28440481e-01  3.67888262e-01  9.15625325e-01  9.19954251e-01  2.39105113e-01  9.27082778e-01
7.67910157e-01  7.68451935e-01  8.61102565e-01  9.20072023e-01  5.26065255e-01  8.58763064e-01
7.63055979e-01  7.18520243e-01  9.10007465e-01  9.14161565e-01  4.68897458e-01  9.10121915e-01
8.69690752e-01  2.66170196e-01  8.41584319e-01  9.31777718e-01  1.89079755e-01  8.63047227e-01
9.73244495e-01  3.73844171e-01  4.20042690e-01  9.88767899e-01  3.83944687e-01  4.51747822e-01
7.90890416e-01  6.42039625e-01  8.65437940e-01  9.22131658e-01  4.28799299e-01  8.68973715e-01
8.37323125e-01  7.26895993e-01  6.52666654e-01  9.53003466e-01  5.28708271e-01  6.47499273e-01
8.25128210e-01  8.31684412e-01  6.26043663e-01  9.54215790e-01  6.59840047e-01  6.08852103e-01
8.69772017e-01  4.23655039e-01  7.39357181e-01  9.45534457e-01  2.60206590e-01  7.58607464e-01
7.91545249e-01  5.32210892e-01  9.34524830e-01  9.12761307e-01  3.78780186e-01  9.40835027e-01
8.43014737e-01  3.63831963e-01  8.68764931e-01  9.27268459e-01  2.24846222e-01  8.83540060e-01
8.21877518e-01  5.33163310e-01  8.30898586e-01  9.27927521e-01  3.89138245e-01  8.41148052e-01
7.63688895e-01  6.81222506e-01  9.32075364e-01  9.11493476e-01  4.42316598e-01  9.33488688e-01
9.41656002e-01  2.82002212e-01  5.86929232e-01  9.66962821e-01  2.34131337e-01  6.26831922e-01
8.38512225e-01  5.44354667e-01  7.66845431e-01  9.36411285e-01  4.20485441e-01  7.78852653e-01
1.00394033e+00  2.90409502e-01  3.69981249e-01  9.98798861e-01  2.88003943e-01  4.10018724e-01
7.86030582e-01  5.59217589e-01  9.35421067e-01  9.14847821e-01  3.24555360e-01  9.39706903e-01
8.04123810e-01  6.95287272e-01  7.85628006e-01  9.31215171e-01  5.25377374e-01  7.87474111e-01
8.94593745e-01  3.66573516e-01  6.91830945e-01  9.52595691e-01  2.38507305e-01  7.17923408e-01
7.85844666e-01  6.20183945e-01  8.96465541e-01  9.16498830e-01  4.43516200e-01  9.01110998e-01
9.02916940e-01  4.12090178e-01  6.34313860e-01  9.58762283e-01  3.18474710e-01  6.60071718e-01
7.93591063e-01  4.87365173e-01  9.56399129e-01  9.11946348e-01  3.08034060e-01  9.62201765e-01
8.34186884e-01  6.50979869e-01  7.12306601e-01  9.43061175e-01  5.02572601e-01  7.16886365e-01
8.07462503e-01  6.11759050e-01  8.28522666e-01  9.26663898e-01  4.48029338e-01  8.34868578e-01
9.78244642e-01  2.76403858e-01  4.66324363e-01  9.85409122e-01  2.29394956e-01  5.09670801e-01
8.79914961e-01  3.10153253e-01  7.78605317e-01  9.41064195e-01  1.94648877e-01  8.02706330e-01
8.63126873e-01  8.10632847e-01  5.10382907e-01  9.71847387e-01  7.05125045e-01  4.84621929e-01
8.45741221e-01  6.45888681e-01  6.76377188e-01  9.50994553e-01  4.45624925e-01  6.79425479e-01
8.83632346e-01  6.82259199e-01  5.24097468e-01  9.67998800e-01  6.57235614e-01  5.20573654e-01
8.51366679e-01  7.74746268e-01  5.73614969e-01  9.62984948e-01  6.30402026e-01  5.59039627e-01
8.77553925e-01  8.25904248e-01  4.51777153e-01  9.76805183e-01  8.52482404e-01  4.18656001e-01
7.97317830e-01  5.49694952e-01  9.03569085e-01  9.18287667e-01  3.59758895e-01  9.09877491e-01
7.60325847e-01  6.35253003e-01  9.73343904e-01  9.03960723e-01  4.64720588e-01  9.76515378e-01
8.72132992e-01  5.03292841e-01  6.79634507e-01  9.51037298e-01  3.75602053e-01  6.96153996e-01
8.47447682e-01  8.34875849e-01  5.47884379e-01  9.65945019e-01  7.03013895e-01  5.22964267e-01
8.93632232e-01  4.86232168e-01  6.17408154e-01  9.58334730e-01  4.22483287e-01  6.37809024e-01
8.61205063e-01  6.71556886e-01  6.07200583e-01  9.56001465e-01  6.07433293e-01  6.09224979e-01
7.83676837e-01  5.91279494e-01  9.22596155e-01  9.15356946e-01  3.66189124e-01  9.26639602e-01
9.15172014e-01  4.14261677e-01  5.90992754e-01  9.66064896e-01  3.00717997e-01  6.16912120e-01
8.30974323e-01  3.40309721e-01  9.24927110e-01  9.18869501e-01  2.28359166e-01  9.36568558e-01
8.74647244e-01  2.24951213e-01  8.51515184e-01  9.31184496e-01  1.60203089e-01  8.73650010e-01
8.55340938e-01  2.80342131e-01  8.81114307e-01  9.26384231e-01  1.86549352e-01  8.98226841e-01
8.78337008e-01  7.70838545e-01  4.84570310e-01  9.71272745e-01  8.00152482e-01  4.65933432e-01
8.39727724e-01  6.29793780e-01  7.07543808e-01  9.43917425e-01  4.93785814e-01  7.13981078e-01
8.94727015e-01  7.55868875e-01  4.38635566e-01  9.79854957e-01  7.82719028e-01  4.15009991e-01
9.41332055e-01  4.34641379e-01  4.88932427e-01  9.78794783e-01  3.91495533e-01  5.13916472e-01
8.49167382e-01  9.35989418e-01  4.76398544e-01  9.69992563e-01  9.86529978e-01  4.30261563e-01
7.73458665e-01  5.53853522e-01  9.81895570e-01  9.04755686e-01  4.04038374e-01  9.86221874e-01
9.43590630e-01  3.62789971e-01  5.27910731e-01  9.74593167e-01  3.05118256e-01  5.61193440e-01
8.94744203e-01  4.86408234e-01  6.13518284e-01  9.60369502e-01  3.87719431e-01  6.32946991e-01
7.95289589e-01  6.53860801e-01  8.42822441e-01  9.23190917e-01  4.92861995e-01  8.47098202e-01
8.61634288e-01  6.61044299e-01  6.12568857e-01  9.58495778e-01  5.20460904e-01  6.13708411e-01
8.15244692e-01  6.25098453e-01  7.93731561e-01  9.30402839e-01  4.94409852e-01  8.00490234e-01
8.17741224e-01  4.81360971e-01  8.78281758e-01  9.21478132e-01  3.59231432e-01  8.89027697e-01
7.69749721e-01  7.35991560e-01  8.76228964e-01  9.18225199e-01  5.06460200e-01  8.75737343e-01
8.11862660e-01  3.72655464e-01  9.68829794e-01  9.11606167e-01  2.56321818e-01  9.76558847e-01
9.63993242e-01  3.45571179e-01  4.69811049e-01  9.83195600e-01  3.08254176e-01  5.05297153e-01
9.03661100e-01  4.05574654e-01  6.35719366e-01  9.58230208e-01  3.21504226e-01  6.62253901e-01
9.26315963e-01  4.92385220e-01  5.02432243e-01  9.76441898e-01  4.28846246e-01  5.20209115e-01
8.63815576e-01  6.96902834e-01  5.81880742e-01  9.59325931e-01  6.41150303e-01  5.79970389e-01
8.57273055e-01  8.06379196e-01  5.33021933e-01  9.68962272e-01  6.75385378e-01  5.10122793e-01
8.58658649e-01  5.90904844e-01  6.68210346e-01  9.50621465e-01  4.63054797e-01  6.77714003e-01
9.23421572e-01  2.29474115e-01  6.82950273e-01  9.55144390e-01  1.59477771e-01  7.20188125e-01
9.35038785e-01  4.50087545e-01  5.00273991e-01  9.79149207e-01  3.48213553e-01  5.21834189e-01
8.75506833e-01  2.22739780e-01  8.50032227e-01  9.32135533e-01  1.41064388e-01  8.72057998e-01
8.18288752e-01  3.75322507e-01  9.45275052e-01  9.17001178e-01  2.06273088e-01  9.53748815e-01
8.82031739e-01  4.17026990e-01  7.02029109e-01  9.50458889e-01  2.73910801e-01  7.23805286e-01
9.24700759e-01  2.40342682e-01  6.71550022e-01  9.55805892e-01  1.87421870e-01  7.09367313e-01
9.00237691e-01  2.75644586e-01  7.31997982e-01  9.47039211e-01  2.02838290e-01  7.62466005e-01
8.74696969e-01  4.15617903e-01  7.27553130e-01  9.45882317e-01  2.90379477e-01  7.48756734e-01
8.65040319e-01  2.84468568e-01  8.45496061e-01  9.30865822e-01  2.01942175e-01  8.65865993e-01
8.83270431e-01  6.89492530e-01  5.20927767e-01  9.67131914e-01  6.97131126e-01  5.17255285e-01
7.79780708e-01  5.44647539e-01  9.66106343e-01  9.09904383e-01  3.30379830e-01  9.70033967e-01
8.48107362e-01  4.51589921e-01  7.94491163e-01  9.35402687e-01  3.14673674e-01  8.10232787e-01
7.88863929e-01  5.88954227e-01  9.06490481e-01  9.17815138e-01  3.65654682e-01  9.11003045e-01
7.68148819e-01  6.33902430e-01  9.47951727e-01  9.09489573e-01  4.25513059e-01  9.50810769e-01
7.75178557e-01  5.86054663e-01  9.54848706e-01  9.09373990e-01  3.92588993e-01  9.58787718e-01
8.59576246e-01  5.93815383e-01  6.63501923e-01  9.49476376e-01  5.12517851e-01  6.73926810e-01
8.73539754e-01  3.67501959e-01  7.62721851e-01  9.40500571e-01  2.80241898e-01  7.85651611e-01
8.62521454e-01  5.59772956e-01  6.75306146e-01  9.52215370e-01  3.83757075e-01  6.86163951e-01
9.38143379e-01  2.46261481e-01  6.22060890e-01  9.63420950e-01  1.79070532e-01  6.62505882e-01
8.12146888e-01  8.33360950e-01  6.69036503e-01  9.48726029e-01  6.17475844e-01  6.54026449e-01
8.97198229e-01  5.46731366e-01  5.66021681e-01  9.66581759e-01  4.48592162e-01  5.78782455e-01
7.96583820e-01  6.92592063e-01  8.12982334e-01  9.26275601e-01  5.40481026e-01  8.15590927e-01
8.69837692e-01  2.90276113e-01  8.25731621e-01  9.33975480e-01  1.97984567e-01  8.47374490e-01
7.78824298e-01  5.87587882e-01  9.41471255e-01  9.09753266e-01  4.34722621e-01  9.46435314e-01
8.51318675e-01  7.15719587e-01  6.12100266e-01  9.58271484e-01  5.55555304e-01  6.06883917e-01
8.23925677e-01  6.53848653e-01  7.45288305e-01  9.36447520e-01  5.38818384e-01  7.50759432e-01
8.77191235e-01  7.28051578e-01  5.16239406e-01  9.68966423e-01  6.94793820e-01  5.05526707e-01
8.24055051e-01  8.51119820e-01  6.16771902e-01  9.55123030e-01  6.84708829e-01  5.96663626e-01
8.10211566e-01  7.09891835e-01  7.55472133e-01  9.33434197e-01  5.93526397e-01  7.57200268e-01
8.30983654e-01  6.82509855e-01  7.03011648e-01  9.46678207e-01  4.64539395e-01  7.03164778e-01
9.26296642e-01  3.74530755e-01  5.79012235e-01  9.69031118e-01  2.54840206e-01  6.08694370e-01
8.98405344e-01  2.92017635e-01  7.27292626e-01  9.48002514e-01  1.98766218e-01  7.56731801e-01
8.53078539e-01  2.22414967e-01  9.26707839e-01  9.21591752e-01  1.38061808e-01  9.40889717e-01
8.78501395e-01  3.67363634e-01  7.45963064e-01  9.43233819e-01  2.73197775e-01  7.69784367e-01
8.48691143e-01  8.03829328e-01  5.64116118e-01  9.64457409e-01  6.53521989e-01  5.44671186e-01
8.83746712e-01  4.83490707e-01  6.52755999e-01  9.53291665e-01  4.11342066e-01  6.72768111e-01
8.51085199e-01  6.95158037e-01  6.26242478e-01  9.56659804e-01  5.27751199e-01  6.23764136e-01
8.59417958e-01  2.58464168e-01  8.81474373e-01  9.27518819e-01  1.52669866e-01  8.98928566e-01
7.78032934e-01  7.48972953e-01  8.39373879e-01  9.24188569e-01  5.04476555e-01  8.37450293e-01
8.57686776e-01  2.23017608e-01  9.10368916e-01  9.23772342e-01  1.38702885e-01  9.26240180e-01
8.98157852e-01  4.47960663e-01  6.26887976e-01  9.58269787e-01  3.71462064e-01  6.50237954e-01
8.41310547e-01  2.08017033e-01  9.75725327e-01  9.14871919e-01  1.30762882e-01  9.85181170e-01
8.51737459e-01  9.22894550e-01  4.76470914e-01  9.72803591e-01  9.12411169e-01  4.30204160e-01
8.60776368e-01  6.91507430e-01  5.96002213e-01  9.62031002e-01  5.18488032e-01  5.92021466e-01
8.26871346e-01  7.93098199e-01  6.44878599e-01  9.51510628e-01  6.26502314e-01  6.33530322e-01
8.51494860e-01  2.60728048e-01  9.06911460e-01  9.23767070e-01  1.57047733e-01  9.21954680e-01
8.80566538e-01  4.26381868e-01  7.00632693e-01  9.48491457e-01  3.28903777e-01  7.22956548e-01
7.76142016e-01  6.77101013e-01  8.92757082e-01  9.15234595e-01  5.03566729e-01  8.95594841e-01
9.58935994e-01  3.96832554e-01  4.53703662e-01  9.87117004e-01  3.06995365e-01  4.80449921e-01
9.03395348e-01  5.83217062e-01  5.21290781e-01  9.69565162e-01  5.72006699e-01  5.30596509e-01
9.72557739e-01  2.89196903e-01  4.77329030e-01  9.83315474e-01  2.45461069e-01  5.19312464e-01
7.73800911e-01  7.05626781e-01  8.81889390e-01  9.18480599e-01  4.68560030e-01  8.82507010e-01
8.39987817e-01  8.39532304e-01  5.70191921e-01  9.59772044e-01  7.59941841e-01  5.49141709e-01
7.78845118e-01  5.65026043e-01  9.56050408e-01  9.08440437e-01  4.08740247e-01  9.60971052e-01
8.76444868e-01  2.15914637e-01  8.51277921e-01  9.31519834e-01  1.50779863e-01  8.73718455e-01
8.33343986e-01  5.89057344e-01  7.55372048e-01  9.36873540e-01  4.67137840e-01  7.64904570e-01
9.32527256e-01  5.92397543e-01  4.16411389e-01  9.85748686e-01  6.17724961e-01  4.16065982e-01
9.99221900e-01  3.06533641e-01  3.75534785e-01  9.97895856e-01  2.98384278e-01  4.13364744e-01
8.91430270e-01  4.12854299e-01  6.72525926e-01  9.55168112e-01  2.63313699e-01  6.95588528e-01
9.18529069e-01  3.72705807e-01  6.06572295e-01  9.62422791e-01  3.12728425e-01  6.37437393e-01
9.05627361e-01  4.71560179e-01  5.86202769e-01  9.64658586e-01  3.80001014e-01  6.07262845e-01
7.95491072e-01  9.11700339e-01  6.74436267e-01  9.46858478e-01  6.76782602e-01  6.51521636e-01
8.58328924e-01  4.05637145e-01  7.89616430e-01  9.38300475e-01  2.47655462e-01  8.07431111e-01
9.80717855e-01  3.55474189e-01  4.06592953e-01  9.94590588e-01  2.87357990e-01  4.37153645e-01
8.33692340e-01  4.78378123e-01  8.26049830e-01  9.29942677e-01  3.40930538e-01  8.39060813e-01
8.39686873e-01  2.78518182e-01  9.35461323e-01  9.19953675e-01  1.53926735e-01  9.47141775e-01
9.02476459e-01  2.06546444e-01  7.68960349e-01  9.43166304e-01  1.46372401e-01  8.00077753e-01
8.00413130e-01  5.04166928e-01  9.22618675e-01  9.16220071e-01  3.31843261e-01  9.29708049e-01
9.00652554e-01  5.51103568e-01  5.51453172e-01  9.66220059e-01  5.16162551e-01  5.65192901e-01
8.55089000e-01  6.50107206e-01  6.42193203e-01  9.55143167e-01  4.82036122e-01  6.44768160e-01
8.59261038e-01  5.66895417e-01  6.81752483e-01  9.48002036e-01  4.65444463e-01  6.93947135e-01
7.81187106e-01  6.14658917e-01  9.15870541e-01  9.14820820e-01  4.09801168e-01  9.19808885e-01
9.16180971e-01  5.16690236e-01  5.21067226e-01  9.74072001e-01  4.26899047e-01  5.35863093e-01
8.13498502e-01  4.52547472e-01  9.11399609e-01  9.19455575e-01  2.81292863e-01  9.20347260e-01
8.91507496e-01  2.84903291e-01  7.55335532e-01  9.45009082e-01  1.70582986e-01  7.82561442e-01
8.75375860e-01  5.44057332e-01  6.41858884e-01  9.54877552e-01  4.39760180e-01  6.55908616e-01
8.58898008e-01  1.79283981e-01  9.34652239e-01  9.20801865e-01  1.21983378e-01  9.49224111e-01
7.94477564e-01  6.87037460e-01  8.24039673e-01  9.26441613e-01  4.93632641e-01  8.26072930e-01
8.81774085e-01  5.38543523e-01  6.23713081e-01  9.60664882e-01  3.65567028e-01  6.36268603e-01
8.87906879e-01  3.60656728e-01  7.18378789e-01  9.47566935e-01  2.63954462e-01  7.44176535e-01
9.31900837e-01  5.70942798e-01  4.32765009e-01  9.87004970e-01  5.08037563e-01  4.34351537e-01
8.88415525e-01  3.69472577e-01  7.10927923e-01  9.48597810e-01  2.68558182e-01  7.36482615e-01
8.97090288e-01  6.84155816e-01  4.77168866e-01  9.79018814e-01  5.89065707e-01  4.65964420e-01
9.14557333e-01  3.32677159e-01  6.46047133e-01  9.58619324e-01  2.44490297e-01  6.77891227e-01
9.05327655e-01  6.10274606e-01  4.97163370e-01  9.75355498e-01  5.46357143e-01  4.99508387e-01
8.74718858e-01  3.74229668e-01  7.54350063e-01  9.42212220e-01  2.70143805e-01  7.77053959e-01
8.85751470e-01  6.49675864e-01  5.38055991e-01  9.68569687e-01  5.67945656e-01  5.37935499e-01
9.22773981e-01  3.62585299e-01  5.98729304e-01  9.66608509e-01  2.35216006e-01  6.28848362e-01
7.75428364e-01  6.18189686e-01  9.33135304e-01  9.13031747e-01  3.88766511e-01  9.36233385e-01
8.68392690e-01  4.27654471e-01  7.41146088e-01  9.43196524e-01  3.10789577e-01  7.61172702e-01
8.33486516e-01  3.77131569e-01  8.92486808e-01  9.22452662e-01  2.62178635e-01  9.05629855e-01
8.90012049e-01  2.02252793e-01  8.14075225e-01  9.36838185e-01  1.45125160e-01  8.40947906e-01
8.57143787e-01  2.62147697e-01  8.86805743e-01  9.26626515e-01  1.56828136e-01  9.03671111e-01
8.74770454e-01  7.12385895e-01  5.34630457e-01  9.69712276e-01  5.91933317e-01  5.24961700e-01
8.97662638e-01  2.40849919e-01  7.63035301e-01  9.43294813e-01  1.73405508e-01  7.92888911e-01
9.15346923e-01  6.01014263e-01  4.69452011e-01  9.82288172e-01  4.90037806e-01  4.68832825e-01
8.86158527e-01  7.26234559e-01  4.86969500e-01  9.70486760e-01  7.78220322e-01  4.76136735e-01
7.79013242e-01  6.08776325e-01  9.27072876e-01  9.13793504e-01  3.91416179e-01  9.30724977e-01
8.69593807e-01  5.49088764e-01  6.58226033e-01  9.51050851e-01  4.73067132e-01  6.72603479e-01
8.92040430e-01  2.74112255e-01  7.60829086e-01  9.43355113e-01  1.91160127e-01  7.88838216e-01
9.06738304e-01  4.10090725e-01  6.22338742e-01  9.62154746e-01  2.77156146e-01  6.47531263e-01
8.43344550e-01  7.54444067e-01  6.14036394e-01  9.57015482e-01  5.98303681e-01  6.04872619e-01
7.51597687e-01  7.89506087e-01  9.02829359e-01  9.14246860e-01  5.09871313e-01  8.99927700e-01
