7.48575639e-01  6.29800331e-01  9.89336181e-01  9.03395278e-01  4.36264200e-01  9.91524523e-01
9.89523966e-01  3.31675690e-01  3.67323912e-01  9.99192457e-01  3.42966702e-01  3.99391320e-01
8.35078177e-01  7.13928784e-01  6.37011216e-01  9.50949242e-01  6.59392758e-01  6.33155307e-01
9.25220630e-01  5.07746665e-01  4.68187810e-01  9.80042971e-01  5.13320948e-01  4.81479252e-01
8.75671575e-01  6.56340772e-01  5.37487741e-01  9.66120691e-01  6.62199410e-01  5.35692843e-01
9.36179805e-01  3.20837074e-01  5.56877911e-01  9.73707338e-01  2.23263497e-01  5.91472028e-01
8.45435029e-01  1.76576926e-01  9.64270685e-01  9.17736440e-01  1.17969526e-01  9.75650004e-01
7.56508538e-01  6.11805712e-01  9.74374936e-01  9.04742075e-01  4.58115265e-01  9.77660675e-01
8.67272769e-01  6.77849407e-01  5.51368871e-01  9.64800160e-01  6.49197678e-01  5.46754656e-01
8.45400670e-01  8.70364056e-01  4.96178749e-01  9.71381182e-01  8.52496160e-01  4.55933581e-01
8.81293754e-01  5.44449249e-01  5.93490492e-01  9.65100187e-01  4.04100951e-01  6.03436520e-01
7.90257793e-01  8.07836513e-01  7.26768190e-01  9.40531818e-01  5.97161813e-01  7.14852631e-01
7.65007614e-01  6.26118571e-01  9.35675970e-01  9.11947966e-01  4.29123469e-01  9.38373299e-01
8.32212482e-01  2.91349020e-01  9.31988242e-01  9.20301427e-01  1.82055320e-01  9.43873040e-01
9.64131877e-01  2.95165794e-01  4.78707698e-01  9.84346419e-01  2.43912921e-01  5.18296554e-01
1.00526546e+00  2.41967882e-01  3.74082228e-01  9.99180418e-01  2.55210471e-01  4.20452094e-01
9.60073746e-01  3.29232116e-01  4.69583157e-01  9.85500224e-01  2.70330408e-01  5.04579420e-01
9.61223455e-01  4.06658579e-01  4.13407187e-01  9.92932518e-01  3.60283710e-01  4.35400801e-01
8.06936536e-01  6.01759018e-01  8.08855916e-01  9.28805109e-01  4.90037591e-01  8.15683562e-01
8.35549442e-01  4.53847642e-01  8.10918603e-01  9.35380197e-01  2.78847695e-01  8.24010517e-01
8.11626960e-01  7.09665726e-01  7.20008892e-01  9.39095664e-01  6.17874324e-01  7.19111400e-01
8.25164195e-01  7.08531391e-01  6.74524257e-01  9.45235757e-01  6.46671404e-01  6.72843148e-01
7.65653955e-01  6.63954409e-01  9.07932209e-01  9.15199448e-01  4.62271004e-01  9.09591333e-01
7.89957175e-01  6.52562358e-01  8.32584595e-01  9.28737389e-01  4.15572218e-01  8.33924161e-01
7.56459870e-01  6.86282853e-01  9.24276943e-01  9.12505528e-01  4.70033493e-01  9.25014365e-01
7.80326435e-01  4.99497110e-01  9.68793112e-01  9.11130775e-01  3.05232078e-01  9.73240625e-01
8.80740155e-01  3.23867230e-01  7.44239010e-01  9.46643131e-01  2.05401480e-01  7.69332034e-01
7.85585048e-01  4.42423792e-01  9.89345124e-01  9.08892312e-01  2.78193050e-01  9.94064430e-01
9.65037045e-01  2.36403295e-01  5.15268965e-01  9.79092535e-01  2.03275133e-01  5.61711435e-01
8.18162329e-01  5.92463653e-01  7.76776585e-01  9.37818764e-01  3.87734183e-01  7.82332363e-01
8.48994096e-01  2.27975062e-01  9.17419745e-01  9.23060140e-01  1.55166254e-01  9.32608026e-01
8.07976304e-01  8.63628123e-01  6.28581657e-01  9.53426804e-01  7.13859561e-01  6.04240528e-01
8.31928765e-01  2.33614926e-01  9.71924014e-01  9.15823135e-01  1.45359164e-01  9.81372758e-01
9.83067774e-01  2.94519309e-01  4.14453400e-01  9.92962714e-01  2.81391451e-01  4.54071251e-01
8.46916350e-01  7.35717834e-01  5.81863178e-01  9.59446465e-01  6.87991112e-01  5.71816574e-01
9.34138868e-01  3.02948674e-01  5.75921517e-01  9.69022118e-01  2.57586918e-01  6.13315391e-01
8.37297416e-01  2.19303654e-01  9.63238983e-01  9.17738654e-01  1.26338686e-01  9.73634500e-01
7.60162693e-01  6.03477010e-01  9.67512141e-01  9.09650809e-01  3.60632782e-01  9.69485639e-01
9.37292088e-01  4.87357558e-01  4.40707141e-01  9.87706404e-01  4.29290474e-01  4.52419896e-01
8.97179063e-01  5.90100554e-01  5.08710919e-01  9.71607944e-01  6.06112692e-01  5.13909415e-01
9.18525540e-01  2.63341195e-01  6.55991224e-01  9.59508070e-01  1.84147962e-01  6.91898456e-01
8.36371646e-01  7.38365932e-01  6.16101031e-01  9.53065181e-01  7.04344933e-01  6.08835076e-01
9.56173101e-01  3.75812492e-01  4.51475884e-01  9.87067306e-01  3.30042541e-01  4.80250415e-01
9.76628234e-01  3.61423578e-01  3.91305108e-01  9.95827285e-01  3.48195739e-01  4.19724627e-01
8.85106478e-01  6.68527561e-01  4.96733652e-01  9.77579779e-01  5.62944092e-01  4.85412247e-01
8.44531714e-01  6.62834223e-01  6.39194111e-01  9.51313989e-01  6.16786828e-01  6.41003613e-01
8.13050810e-01  6.77693625e-01  7.36720669e-01  9.37330634e-01  5.83213735e-01  7.38720283e-01
8.65227904e-01  5.28821809e-01  6.58923271e-01  9.51872905e-01  4.66343175e-01  6.73392336e-01
9.97155234e-01  2.93676942e-01  3.66895282e-01  9.99184306e-01  3.17948628e-01  4.05425720e-01
8.27429437e-01  2.34003293e-01  9.87035735e-01  9.12987936e-01  1.63189796e-01  9.95294603e-01
8.68125915e-01  4.36484938e-01  7.11633253e-01  9.47575570e-01  3.40509323e-01  7.31561274e-01
9.72952095e-01  3.60511284e-01  4.04479509e-01  9.95130015e-01  3.12697246e-01  4.32684919e-01
9.95623830e-01  2.76815837e-01  3.83504963e-01  9.97618606e-01  2.78996416e-01  4.24781785e-01
8.73947723e-01  7.35914232e-01  4.89381858e-01  9.77172149e-01  6.48975096e-01  4.67455622e-01
7.91036400e-01  5.10758239e-01  9.24598918e-01  9.17912612e-01  3.03052370e-01  9.30261813e-01
8.43806117e-01  8.96817625e-01  4.83774548e-01  9.69373966e-01  9.72545087e-01  4.40102407e-01
8.84416715e-01  3.70296878e-01  7.00345331e-01  9.52671490e-01  2.31525656e-01  7.24419278e-01
9.67834048e-01  2.75760906e-01  4.79154576e-01  9.84217430e-01  2.34351261e-01  5.21410201e-01
9.53898074e-01  2.63772940e-01  5.34853753e-01  9.75319660e-01  2.36311223e-01  5.78010859e-01
7.43941180e-01  6.90436401e-01  9.64248046e-01  9.07611542e-01  4.36372706e-01  9.64454478e-01
7.95814426e-01  5.02798972e-01  9.13643678e-01  9.16693760e-01  3.72905348e-01  9.21376153e-01
7.61583382e-01  5.93260692e-01  9.69551874e-01  9.07206824e-01  4.12571702e-01  9.72741912e-01
8.90143434e-01  7.13669544e-01  4.49062913e-01  9.82442585e-01  6.78858592e-01  4.26506405e-01
8.32315178e-01  3.01659000e-01  9.24678468e-01  9.19978011e-01  2.17672707e-01  9.37430463e-01
7.81590904e-01  6.11977220e-01  8.88557715e-01  9.16971310e-01  4.81942062e-01  8.93522549e-01
8.70741041e-01  4.31819890e-01  7.05548909e-01  9.48312336e-01  3.41082614e-01  7.26181769e-01
7.45714103e-01  7.43579697e-01  9.22324195e-01  9.13326852e-01  4.68154920e-01  9.20195448e-01
9.43167186e-01  2.44079620e-01  5.84803739e-01  9.69399969e-01  1.89858608e-01  6.27086793e-01
8.35949767e-01  7.22376314e-01  6.28332588e-01  9.51056798e-01  6.95369769e-01  6.23862782e-01
8.92128845e-01  3.30497572e-01  7.00855112e-01  9.53037564e-01  2.06505312e-01  7.28054116e-01
9.54167614e-01  2.69352548e-01  5.30167978e-01  9.77648209e-01  2.00652726e-01  5.71602239e-01
7.73051141e-01  5.63491844e-01  9.50459244e-01  9.09476321e-01  4.24433688e-01  9.55348376e-01
8.21765174e-01  6.76765054e-01  7.07574401e-01  9.41363645e-01  5.97701138e-01  7.09388391e-01
8.31637541e-01  7.13520267e-01  6.49041500e-01  9.48443345e-01  6.71880903e-01  6.46241849e-01
7.62418975e-01  6.36425325e-01  9.37564444e-01  9.10786147e-01  4.52532266e-01  9.40227781e-01
8.26520916e-01  9.74876063e-01  4.90151750e-01  9.71188190e-01  9.64997419e-01  4.30271001e-01
9.59707388e-01  3.35002635e-01  4.66940528e-01  9.83772981e-01  3.24115873e-01  5.02796911e-01
8.01973759e-01  6.59483171e-01  7.86855729e-01  9.30658098e-01  5.46414303e-01  7.90317537e-01
7.56067934e-01  6.08079886e-01  9.78396810e-01  9.08036451e-01  3.59723198e-01  9.80057993e-01
9.54136049e-01  2.63564519e-01  5.34181419e-01  9.75561663e-01  2.32871051e-01  5.77281266e-01
9.68079874e-01  3.55671993e-01  4.24389796e-01  9.89580380e-01  3.61739639e-01  4.56552763e-01
9.75794041e-01  3.42353579e-01  4.07023644e-01  9.95450277e-01  2.83273617e-01  4.37666356e-01
7.59854701e-01  6.56078473e-01  9.33062682e-01  9.12281338e-01  4.36029715e-01  9.34583521e-01
7.55401155e-01  7.63230802e-01  8.75963693e-01  9.19622404e-01  5.00093731e-01  8.72177560e-01
8.36403252e-01  2.69570874e-01  9.32367421e-01  9.20726383e-01  1.66952463e-01  9.44758776e-01
9.52033336e-01  2.86778802e-01  5.25699664e-01  9.76820217e-01  2.45405756e-01  5.66211793e-01
7.60966177e-01  6.41613169e-01  9.39324584e-01  9.09573069e-01  4.79003207e-01  9.42195632e-01
8.41610668e-01  2.67224811e-01  9.16157426e-01  9.22057528e-01  1.90696691e-01  9.30542726e-01
8.39681788e-01  7.52945622e-01  5.94954232e-01  9.60663866e-01  6.16370511e-01  5.81133803e-01
8.05551231e-01  5.29052674e-01  8.62657021e-01  9.23281657e-01  4.04874757e-01  8.71475801e-01
7.58915270e-01  5.74797749e-01  9.91129690e-01  9.04792037e-01  3.88263728e-01  9.94043622e-01
8.53417619e-01  1.86187713e-01  9.30508178e-01  9.22143646e-01  1.26276043e-01  9.45394978e-01
8.65503523e-01  2.40219314e-01  8.52747112e-01  9.31451765e-01  1.74995293e-01  8.74041325e-01
7.59084441e-01  6.16109697e-01  9.62670288e-01  9.09911094e-01  3.74492489e-01  9.64501889e-01
8.54869802e-01  4.24026878e-01  7.65331112e-01  9.41697024e-01  2.83831515e-01  7.82819131e-01
7.96188118e-01  7.67874600e-01  7.33772519e-01  9.38095388e-01  6.13793256e-01  7.27019803e-01
7.76107760e-01  5.64518644e-01  9.39322421e-01  9.11335897e-01  4.20383487e-01  9.44389197e-01
8.14006708e-01  4.22254589e-01  9.05844658e-01  9.20895740e-01  2.82714452e-01  9.15990862e-01
8.22459809e-01  8.70742397e-01  5.74298719e-01  9.62134612e-01  7.37536906e-01  5.42727981e-01
8.57180343e-01  2.23386804e-01  8.92545433e-01  9.26372805e-01  1.58864321e-01  9.10475754e-01
7.71997055e-01  5.11478115e-01  9.89166261e-01  9.05241426e-01  3.77636291e-01  9.93702465e-01
9.34550673e-01  3.75406861e-01  5.25618532e-01  9.75442540e-01  3.25026274e-01  5.56009636e-01
8.79778673e-01  2.20415859e-01  8.17338933e-01  9.37664262e-01  1.40386227e-01  8.42469537e-01
8.70300612e-01  7.92270863e-01  4.63810394e-01  9.71783949e-01  9.21803862e-01  4.36778026e-01
7.61249224e-01  6.01715384e-01  9.64987129e-01  9.07015235e-01  4.35979773e-01  9.68373313e-01
8.46086477e-01  7.34990746e-01  5.85188749e-01  9.57291787e-01  7.25303026e-01  5.76714646e-01
9.07092064e-01  6.61384193e-01  4.26443839e-01  9.83602026e-01  7.06717229e-01  4.12408642e-01
8.29647803e-01  2.70939007e-01  9.54526843e-01  9.17993602e-01  1.56888782e-01  9.64693863e-01
8.69982907e-01  2.46551190e-01  8.33169291e-01  9.34219040e-01  1.76339498e-01  8.55970285e-01
8.28965733e-01  3.19777125e-01  9.23895119e-01  9.20355205e-01  2.13841156e-01  9.35927290e-01
7.66516774e-01  5.94428352e-01  9.51906949e-01  9.09252828e-01  4.29098790e-01  9.55666346e-01
7.83864274e-01  5.47086651e-01  9.24586520e-01  9.17271415e-01  3.25284013e-01  9.29058408e-01
8.36710484e-01  2.73114312e-01  9.28926210e-01  9.21305377e-01  1.65199063e-01  9.41464282e-01
8.14466999e-01  9.22911863e-01  5.66399698e-01  9.61520999e-01  8.19429176e-01  5.27082060e-01
9.65726441e-01  2.39716190e-01  5.10678237e-01  9.80074699e-01  1.98210645e-01  5.56622927e-01
8.40828423e-01  8.72217095e-01  5.10548850e-01  9.70202448e-01  8.19618094e-01  4.71355337e-01
7.75903841e-01  5.78575406e-01  9.30531959e-01  9.11812238e-01  4.44140528e-01  9.35652939e-01
8.53716285e-01  7.95268665e-01  5.18445776e-01  9.69886734e-01  7.39106885e-01  4.92631534e-01
8.46743647e-01  8.65413539e-01  4.94931107e-01  9.68841430e-01  9.12854552e-01  4.57790726e-01
9.23901542e-01  3.26392941e-01  5.95075198e-01  9.65509295e-01  2.83439440e-01  6.29664627e-01
8.57890214e-01  7.12976172e-01  5.59719451e-01  9.66999696e-01  5.84956195e-01  5.48008104e-01
9.02592863e-01  2.45552640e-01  7.22428637e-01  9.49358960e-01  1.91148481e-01  7.55320836e-01
8.80318035e-01  3.50154114e-01  7.28239390e-01  9.48450954e-01  2.28998843e-01  7.52610835e-01
8.94807772e-01  2.93240518e-01  7.16845223e-01  9.51328938e-01  1.78348696e-01  7.45746031e-01
7.68437269e-01  5.79813700e-01  9.55208230e-01  9.08356963e-01  4.36732864e-01  9.59587106e-01
8.64283738e-01  5.46072665e-01  6.50507516e-01  9.52968218e-01  4.79218125e-01  6.63288430e-01
8.38379428e-01  6.87661620e-01  6.43458545e-01  9.49763717e-01  6.49451828e-01  6.43136223e-01
9.35108835e-01  2.71508173e-01  5.93824508e-01  9.67074338e-01  2.25756794e-01  6.33419401e-01
9.04864945e-01  6.34246972e-01  4.52364776e-01  9.77982253e-01  7.09840199e-01  4.47706184e-01
7.60080504e-01  6.21434524e-01  9.55671859e-01  9.08218080e-01  4.44499170e-01  9.58620790e-01
8.04493617e-01  7.88200500e-01  6.91382678e-01  9.47196920e-01  5.69304596e-01  6.78764012e-01
8.33992142e-01  8.95467529e-01  5.18213887e-01  9.66234866e-01  8.95908811e-01  4.78560741e-01
9.41205640e-01  3.50404077e-01  5.19755379e-01  9.77541258e-01  2.83581304e-01  5.52458781e-01
7.88443695e-01  6.43058042e-01  8.44169064e-01  9.25517719e-01  4.47804080e-01  8.46868061e-01
9.86054929e-01  3.09911749e-01  3.93861640e-01  9.97624640e-01  2.61661823e-01  4.28887987e-01
8.22529069e-01  8.37965589e-01  5.96181043e-01  9.59551450e-01  6.87287495e-01  5.71311430e-01
7.88111339e-01  5.71066238e-01  8.93891541e-01  9.21284956e-01  3.46080558e-01  8.98341955e-01
8.16476112e-01  3.39786376e-01  9.53363761e-01  9.15772874e-01  2.27515911e-01  9.62566075e-01
7.65257510e-01  6.46974118e-01  9.20746988e-01  9.14275850e-01  4.32393279e-01  9.22659940e-01
8.11089137e-01  3.41675468e-01  9.70197386e-01  9.12679418e-01  2.42308222e-01  9.78354116e-01
7.63729344e-01  5.77294180e-01  9.72995041e-01  9.05926719e-01  4.29378875e-01  9.76933755e-01
8.63804317e-01  6.34957173e-01  5.92164219e-01  9.64402184e-01  4.73301961e-01  5.91366422e-01
9.74204146e-01  3.65476761e-01  3.96851368e-01  9.95582425e-01  3.35146092e-01  4.24415442e-01
9.21471831e-01  5.62583196e-01  4.43990442e-01  9.82978555e-01  5.77485608e-01  4.47308294e-01
8.02033065e-01  6.83343914e-01  7.70849424e-01  9.35477724e-01  5.00433217e-01  7.70916080e-01
7.72169422e-01  7.95646833e-01  7.96794866e-01  9.29768984e-01  5.74629904e-01  7.89273387e-01
9.34502181e-01  2.76716601e-01  5.92382704e-01  9.69029096e-01  1.86308927e-01  6.30314329e-01
8.08328598e-01  6.31560430e-01  7.83987822e-01  9.31674966e-01  5.23423547e-01  7.89292865e-01
8.68258660e-01  5.55472324e-01  6.30584974e-01  9.58804038e-01  4.18747076e-01  6.40317427e-01
9.96454021e-01  2.53089336e-01  3.96679588e-01  9.95586964e-01  2.60603529e-01  4.42210378e-01
8.07786604e-01  3.58900690e-01  9.69856045e-01  9.12394128e-01  2.52678579e-01  9.77704195e-01
9.58140214e-01  3.12298662e-01  4.87615395e-01  9.81232197e-01  2.94078722e-01  5.26275458e-01
8.57204552e-01  2.57622371e-01  8.69357763e-01  9.29904782e-01  1.58658879e-01  8.87870273e-01
8.56426752e-01  2.77354491e-01  8.58698034e-01  9.30378922e-01  1.88416819e-01  8.77713256e-01
8.45707243e-01  6.93348135e-01  6.14586141e-01  9.54132557e-01  6.61024979e-01  6.12347489e-01
7.87248520e-01  4.34974121e-01  9.88689496e-01  9.09783833e-01  2.57494351e-01  9.93295628e-01
8.34094544e-01  2.26713147e-01  9.69182221e-01  9.16999846e-01  1.24779428e-01  9.78746242e-01
8.13635654e-01  4.63593859e-01  8.79212093e-01  9.22274625e-01  3.54125484e-01  8.90070384e-01
9.11550437e-01  3.88079601e-01  5.95643633e-01  9.64568118e-01  3.32349228e-01  6.24006152e-01
9.46156297e-01  2.82102657e-01  5.48933258e-01  9.74316575e-01  2.18513920e-01  5.88700141e-01
7.42526571e-01  6.70188611e-01  9.82746935e-01  9.05168626e-01  4.22274575e-01  9.83495134e-01
8.05331939e-01  7.62301985e-01  7.05995977e-01  9.44993868e-01  5.52495539e-01  6.96913650e-01
9.31415693e-01  2.31933709e-01  6.33147537e-01  9.62171153e-01  1.87966254e-01  6.73904518e-01
8.24857852e-01  2.50481987e-01  9.84700786e-01  9.13504512e-01  1.60074039e-01  9.92726220e-01
9.02846576e-01  5.05059559e-01  5.46736864e-01  9.72858854e-01  3.79384777e-01  5.60100000e-01
9.70816491e-01  2.40222338e-01  4.92947453e-01  9.82290690e-01  2.10050537e-01  5.39578723e-01
8.27706186e-01  2.73933695e-01  9.59139980e-01  9.17279075e-01  1.58752860e-01  9.68831235e-01
8.53254223e-01  4.28779007e-01  7.67345207e-01  9.39399990e-01  3.32160303e-01  7.85479197e-01
8.55649170e-01  8.06051038e-01  5.04566150e-01  9.71907147e-01  7.57648191e-01  4.75239442e-01
7.43760478e-01  6.68632357e-01  9.79581258e-01  9.05766819e-01  4.19491524e-01  9.80323693e-01
8.18491972e-01  4.16570793e-01  8.94355441e-01  9.22512020e-01  2.83430997e-01  9.05452447e-01
7.74005177e-01  6.13561374e-01  9.13407215e-01  9.13531363e-01  4.72836615e-01  9.17764219e-01
9.83848607e-01  2.77520506e-01  4.23256863e-01  9.92884012e-01  2.39406639e-01  4.64615126e-01
7.46821281e-01  7.70149691e-01  9.00907126e-01  9.15683330e-01  5.02319953e-01  8.97427756e-01
7.69754346e-01  5.25929561e-01  9.87076356e-01  9.06843170e-01  3.46930277e-01  9.90771139e-01
8.37292110e-01  9.09167433e-01  4.97694906e-01  9.68471767e-01  9.42626808e-01  4.53042772e-01
8.78229067e-01  6.09127080e-01  5.60313400e-01  9.63596798e-01  6.02518175e-01  5.65634619e-01
7.85197445e-01  4.40929141e-01  9.91678610e-01  9.09175917e-01  2.62278989e-01  9.96050813e-01
9.35658029e-01  4.33257384e-01  4.82797285e-01  9.83370093e-01  3.32494802e-01  5.03377444e-01
9.24375697e-01  5.14252376e-01  4.66684259e-01  9.80633320e-01  5.09646973e-01  4.78571337e-01
9.09579270e-01  3.09704887e-01  6.55267515e-01  9.57797270e-01  2.46142024e-01  6.88047604e-01
9.42510942e-01  4.94649177e-01  4.17957338e-01  9.88225098e-01  5.12249330e-01  4.29256617e-01
8.34341621e-01  4.99180038e-01  7.84451134e-01  9.36356469e-01  3.65465243e-01  7.97036567e-01
8.45258563e-01  2.48054476e-01  9.16631551e-01  9.22615201e-01  1.72126268e-01  9.31406375e-01
7.80191033e-01  8.83507338e-01  7.10095320e-01  9.42429433e-01  6.52508209e-01  6.89447059e-01
7.85774543e-01  8.69002863e-01  7.00807125e-01  9.43288065e-01  6.63069377e-01  6.81414471e-01
8.15800538e-01  4.45070752e-01  8.84316491e-01  9.22318393e-01  3.30507476e-01  8.95437279e-01
9.35518402e-01  2.26171319e-01  6.23019695e-01  9.63770703e-01  1.82631909e-01  6.64920607e-01
8.17742650e-01  6.64666417e-01  7.29482192e-01  9.38437653e-01  5.79219080e-01  7.32575062e-01
9.90740911e-01  2.93730315e-01  3.88772319e-01  9.96940118e-01  2.86007878e-01  4.27456972e-01
7.69792306e-01  7.81695930e-01  8.14331523e-01  9.27207377e-01  5.63022904e-01  8.08479137e-01
8.71978397e-01  2.78411335e-01  8.04850507e-01  9.38889254e-01  1.68134648e-01  8.27977072e-01
9.04449828e-01  2.98996742e-01  6.80018765e-01  9.56350406e-01  1.88928169e-01  7.11008602e-01
8.19793419e-01  4.34569494e-01  8.77761413e-01  9.24253681e-01  3.04357294e-01  8.89277207e-01
9.25580369e-01  2.86453239e-01  6.16292544e-01  9.65522791e-01  1.89335706e-01  6.52079801e-01
9.90740589e-01  2.34698295e-01  4.28608630e-01  9.91302026e-01  2.30079117e-01  4.76992093e-01
8.55016605e-01  5.15929753e-01  7.02510156e-01  9.46589242e-01  4.25878535e-01  7.16957403e-01
8.62613334e-01  7.31095825e-01  5.31355044e-01  9.64950332e-01  7.58960024e-01  5.19545803e-01
8.68857540e-01  2.40462947e-01  8.41123199e-01  9.33408084e-01  1.67233050e-01  8.63349403e-01
9.69650315e-01  3.41364347e-01  4.28679731e-01  9.90199163e-01  3.21839582e-01  4.62124585e-01
7.77307995e-01  6.37533198e-01  8.85945574e-01  9.20546492e-01  4.08874492e-01  8.88063024e-01
8.97450905e-01  2.42301971e-01  7.42190353e-01  9.47909499e-01  1.56436883e-01  7.72917932e-01
7.34599586e-01  7.05736250e-01  9.85840268e-01  9.03397628e-01  4.58804850e-01  9.86119338e-01
8.21565666e-01  3.63190083e-01  9.19879951e-01  9.19839562e-01  2.47978918e-01  9.31071506e-01
7.81768527e-01  5.33097664e-01  9.41187119e-01  9.12243066e-01  3.85788539e-01  9.46842991e-01
8.19789057e-01  6.29714993e-01  7.46077765e-01  9.37256952e-01  5.31159870e-01  7.51639953e-01
8.45264663e-01  3.14077838e-01  8.72052209e-01  9.28907369e-01  1.85060611e-01  8.87954523e-01
9.82594319e-01  3.15866859e-01  4.01665429e-01  9.95753759e-01  2.79095117e-01  4.36719005e-01
8.36666631e-01  2.77290295e-01  9.26257701e-01  9.21766565e-01  1.63764583e-01  9.38849159e-01
7.74934830e-01  5.44170841e-01  9.57063121e-01  9.09225661e-01  4.02930603e-01  9.62098118e-01
7.79675910e-01  4.98350992e-01  9.71788362e-01  9.08393231e-01  3.62379576e-01  9.77134349e-01
9.48912355e-01  3.16996873e-01  5.15970289e-01  9.77487191e-01  2.80899855e-01  5.53446738e-01
8.84801343e-01  3.93873648e-01  6.83119934e-01  9.52421002e-01  3.08772907e-01  7.07554683e-01
8.90814249e-01  4.92932180e-01  5.95729911e-01  9.65861337e-01  3.51524050e-01  6.11126523e-01
8.29501160e-01  8.88750582e-01  5.38089927e-01  9.66162280e-01  8.07998602e-01  5.00046730e-01
7.59204872e-01  7.86311865e-01  8.47390312e-01  9.22819972e-01  5.40812029e-01  8.41931359e-01
8.23889243e-01  2.68288496e-01  9.75991814e-01  9.13687394e-01  1.88200628e-01  9.84827329e-01
8.80346886e-01  5.45908510e-01  5.95740644e-01  9.64835934e-01  4.02550562e-01  6.05502136e-01
8.12388928e-01  8.52485217e-01  6.21025654e-01  9.54264434e-01  7.18778852e-01  5.97691775e-01
8.09559202e-01  6.86614792e-01  7.42629318e-01  9.35924480e-01  5.97956300e-01  7.44214136e-01
7.94245271e-01  3.94766975e-01  9.91919275e-01  9.10117907e-01  2.33164893e-01  9.96970655e-01
8.15488977e-01  3.38510980e-01  9.57299306e-01  9.14589080e-01  2.40626431e-01  9.66507288e-01
7.44501127e-01  7.23708515e-01  9.39879377e-01  9.10604780e-01  4.62857025e-01  9.38922159e-01
8.37726398e-01  8.88836443e-01  5.09931377e-01  9.70074145e-01  8.37464774e-01  4.67910889e-01
9.38790314e-01  2.44075237e-01  5.99759607e-01  9.66830742e-01  1.98509650e-01  6.41497050e-01
8.03893317e-01  3.85339473e-01  9.65315765e-01  9.14651634e-01  2.15819695e-01  9.72037988e-01
9.46411337e-01  4.83661901e-01  4.12046996e-01  9.92385898e-01  4.32047686e-01  4.21747096e-01
7.99893965e-01  4.96709272e-01  9.03816259e-01  9.21373933e-01  2.91975737e-01  9.10709036e-01
8.76942320e-01  2.80428742e-01  7.86529043e-01  9.40930779e-01  1.82977821e-01  8.11333275e-01
9.94205184e-01  2.95219435e-01  3.75932577e-01  9.98758402e-01  2.94143182e-01  4.13849555e-01
8.23775781e-01  2.77980859e-01  9.69838505e-01  9.16007638e-01  1.53000364e-01  9.78362089e-01
9.23554688e-01  2.80884547e-01  6.26970975e-01  9.64028228e-01  1.84901271e-01  6.62726198e-01
8.97609542e-01  4.94636354e-01  5.71364367e-01  9.68806964e-01  3.74262456e-01  5.86796432e-01
7.98715479e-01  8.83812771e-01  6.46599806e-01  9.51139786e-01  7.05105408e-01  6.21002515e-01
8.85504476e-01  2.54570511e-01  7.74726654e-01  9.43608167e-01  1.51563442e-01  8.01672191e-01
7.44564026e-01  7.18523083e-01  9.43163807e-01  9.09630630e-01  4.73294089e-01  9.42674769e-01
9.13156422e-01  2.52606081e-01  6.81578673e-01  9.55282919e-01  1.92474422e-01  7.17007487e-01
7.78106934e-01  5.39764713e-01  9.49497161e-01  9.12522955e-01  3.50668588e-01  9.53962635e-01
8.94027669e-01  3.27491007e-01  6.96396761e-01  9.53706150e-01  2.05118923e-01  7.24097319e-01
7.47424515e-01  6.63532891e-01  9.70503972e-01  9.08056813e-01  3.97000287e-01  9.71013418e-01
8.54343741e-01  2.51583920e-01  8.83207390e-01  9.27360260e-01  1.72048265e-01  9.00989467e-01
9.22289636e-01  4.41339575e-01  5.23013569e-01  9.73066758e-01  4.27124866e-01  5.46834413e-01
8.75069176e-01  6.34923676e-01  5.53700885e-01  9.66069764e-01  5.84683624e-01  5.54037781e-01
8.08083077e-01  8.06106063e-01  6.67035719e-01  9.50546140e-01  5.95330340e-01  6.51059096e-01
8.75562019e-01  5.24041856e-01  6.26843128e-01  9.56610330e-01  4.70794368e-01  6.41942394e-01
9.42407388e-01  3.96347218e-01  4.84646474e-01  9.80127158e-01  3.79515657e-01  5.12933897e-01
8.38360505e-01  1.97866281e-01  9.74075026e-01  9.15849907e-01  1.33346906e-01  9.84073498e-01
8.42537013e-01  2.45691010e-01  9.27525711e-01  9.20938362e-01  1.75286313e-01  9.41406278e-01
8.60630841e-01  8.36967949e-01  4.66683272e-01  9.72546595e-01  9.26474921e-01  4.30769633e-01
9.17493092e-01  2.74257949e-01  6.52449107e-01  9.58688188e-01  2.22775724e-01  6.88437385e-01
8.34371886e-01  9.17732068e-01  5.01891976e-01  9.69116802e-01  9.16078494e-01  4.55253640e-01
7.95529354e-01  4.06574843e-01  9.79562065e-01  9.11634039e-01  2.41720974e-01  9.85199824e-01
8.24987237e-01  5.84125625e-01  7.59084250e-01  9.36749401e-01  4.78076459e-01  7.67588674e-01
7.83810294e-01  5.69864857e-01  9.09396157e-01  9.15286961e-01  4.36165901e-01  9.15272410e-01
7.70166848e-01  6.03367921e-01  9.33401601e-01  9.11003989e-01  4.57532545e-01  9.37634820e-01
8.47285229e-01  5.36850168e-01  7.14807661e-01  9.48171748e-01  3.49448642e-01  7.25082996e-01
7.94865686e-01  6.00031266e-01  8.51264190e-01  9.23558043e-01  4.58005822e-01  8.56998166e-01
8.60452921e-01  2.89668438e-01  8.36631836e-01  9.34139700e-01  1.75911841e-01  8.56581432e-01
8.51422462e-01  7.34307485e-01  5.67420165e-01  9.61062969e-01  7.06920234e-01  5.56922278e-01
8.84255480e-01  7.15088329e-01  4.68220204e-01  9.73904205e-01  7.97305568e-01  4.52948089e-01
9.27398222e-01  5.58862250e-01  4.26552839e-01  9.83605324e-01  6.32121772e-01  4.30740944e-01
9.60933902e-01  3.90663507e-01  4.25190039e-01  9.91606957e-01  3.34561276e-01  4.50053290e-01
8.55074484e-01  8.42336599e-01  4.82042727e-01  9.69444343e-01  9.36497695e-01  4.48270388e-01
8.78258453e-01  7.26297844e-01  4.81143607e-01  9.71526561e-01  8.07190355e-01  4.65834344e-01
9.30925613e-01  3.90996849e-01  5.27482893e-01  9.77127504e-01  2.86605815e-01  5.54389339e-01
7.99329439e-01  7.86269357e-01  7.10328459e-01  9.41284227e-01  6.35431959e-01  7.00875630e-01
8.56011925e-01  2.19441606e-01  8.99200339e-01  9.25627623e-01  1.53508462e-01  9.16536184e-01
9.49815628e-01  2.62369813e-01  5.49747711e-01  9.73896877e-01  2.15970115e-01  5.92000312e-01
9.42837697e-01  3.05376190e-01  5.44565288e-01  9.74370179e-01  2.44582886e-01  5.82122849e-01
9.10245852e-01  2.64095165e-01  6.83769206e-01  9.54646294e-01  2.04356937e-01  7.18249465e-01
8.61571006e-01  6.69626285e-01  5.76397888e-01  9.63782875e-01  5.69194456e-01  5.72409303e-01
9.63009494e-01  3.69368159e-01  4.32469556e-01  9.90955178e-01  3.07813059e-01  4.60629531e-01
7.75865723e-01  5.24544510e-01  9.67129709e-01  9.10690872e-01  3.25683964e-01  9.71171662e-01
9.37741941e-01  5.35889251e-01  4.06420348e-01  9.88726887e-01  5.76701841e-01  4.10626872e-01
8.36356591e-01  3.30911121e-01  8.91128312e-01  9.26094660e-01  1.90044065e-01  9.04803957e-01
8.41897282e-01  8.97766898e-01  4.89655446e-01  9.71132200e-01  9.07294290e-01  4.44427621e-01
9.39789340e-01  4.18632073e-01  4.78850251e-01  9.80071275e-01  4.17975933e-01  5.04612760e-01
8.59391310e-01  2.72135753e-01  8.52090889e-01  9.31017849e-01  1.94771249e-01  8.72095618e-01
7.72623629e-01  5.49714460e-01  9.61218814e-01  9.08820053e-01  3.98126191e-01  9.65848635e-01
7.74914115e-01  5.65899918e-01  9.42468525e-01  9.10539625e-01  4.28543675e-01  9.47545332e-01
9.60378793e-01  3.21107211e-01  4.74023607e-01  9.82974254e-01  3.08379454e-01  5.11682628e-01
9.49660023e-01  3.87015115e-01  4.66166758e-01  9.83824203e-01  3.57042397e-01  4.94595203e-01
7.81116892e-01  8.75425465e-01  7.12386069e-01  9.41977105e-01  6.50312288e-01  6.92873355e-01
9.47093465e-01  4.40354480e-01  4.38941019e-01  9.89204064e-01  3.69969777e-01  4.56998455e-01
8.88267206e-01  2.48537226e-01  7.69656767e-01  9.43671312e-01  1.68168222e-01  7.97813447e-01
9.42145334e-01  2.69638539e-01  5.71046938e-01  9.70279511e-01  2.29479968e-01  6.11971385e-01
9.80777036e-01  2.46453391e-01  4.54714501e-01  9.87636786e-01  2.26867528e-01  5.01268359e-01
7.79051378e-01  5.21256513e-01  9.58464263e-01  9.12746851e-01  3.06474794e-01  9.62577595e-01
8.41029580e-01  1.77011413e-01  9.79030807e-01  9.15743944e-01  1.16586582e-01  9.88761028e-01
7.38304766e-01  7.25435194e-01  9.59885488e-01  9.07161790e-01  4.69962414e-01  9.59307088e-01
9.25907993e-01  2.99083319e-01  6.06650175e-01  9.66844576e-01  1.97529150e-01  6.41642757e-01
8.89023702e-01  2.31842143e-01  7.78041131e-01  9.42971337e-01  1.49388809e-01  8.06276857e-01
9.83079066e-01  3.03993074e-01  4.08021792e-01  9.92804730e-01  3.15450351e-01  4.46940633e-01
8.68306952e-01  2.19915736e-01  8.56871278e-01  9.31487764e-01  1.55531332e-01  8.78464709e-01
9.68794993e-01  3.69371568e-01  4.12702155e-01  9.91054156e-01  3.81283352e-01  4.42427056e-01
9.40390625e-01  2.98330191e-01  5.57679962e-01  9.71784836e-01  2.55209593e-01  5.96164002e-01
8.36629201e-01  3.43418238e-01  8.81754879e-01  9.25062015e-01  2.51627475e-01  8.96701422e-01
7.65221502e-01  7.13055990e-01  8.76569896e-01  9.19453307e-01  4.91819401e-01  8.75757583e-01
9.54086198e-01  4.35673254e-01  4.18210473e-01  9.88311769e-01  4.68225197e-01  4.39227427e-01
7.30940409e-01  7.49755788e-01  9.68634220e-01  9.05893745e-01  4.70481513e-01  9.67316457e-01
7.38910711e-01  7.12374920e-01  9.66629448e-01  9.06218520e-01  4.64956009e-01  9.66554590e-01
7.43577935e-01  6.82100720e-01  9.71114977e-01  9.06683559e-01  4.31469104e-01  9.71579348e-01
8.93502957e-01  6.17682200e-01  5.02359270e-01  9.72350662e-01  6.29238355e-01  5.03099268e-01
7.68323205e-01  6.50634805e-01  9.07800689e-01  9.14072946e-01  4.88098213e-01  9.10640983e-01
8.26206347e-01  5.91773484e-01  7.49758252e-01  9.38991955e-01  4.61270824e-01  7.57223432e-01
8.62902307e-01  7.29813036e-01  5.31233382e-01  9.64239151e-01  7.75305146e-01  5.20198887e-01
8.89916051e-01  6.73269334e-01  4.77102039e-01  9.73758767e-01  7.34771914e-01  4.68833469e-01
8.60520589e-01  1.75429163e-01  9.13499412e-01  9.24568702e-01  1.23150455e-01  9.30587640e-01
9.78945449e-01  2.75045936e-01  4.41677273e-01  9.89953077e-01  2.37617965e-01  4.83841412e-01
8.02995981e-01  3.66076861e-01  9.81382336e-01  9.11691526e-01  2.29242506e-01  9.87815036e-01
8.84741008e-01  4.59243567e-01  6.39212727e-01  9.59853276e-01  3.17201930e-01  6.57868800e-01
8.50405304e-01  2.24501721e-01  9.14942015e-01  9.23332309e-01  1.56515038e-01  9.30539760e-01
7.65199598e-01  5.79947646e-01  9.66182160e-01  9.10393149e-01  3.44012262e-01  9.68698522e-01
8.52449607e-01  2.54522706e-01  8.87695739e-01  9.26484893e-01  1.78577446e-01  9.05042914e-01
7.66445778e-01  5.55095736e-01  9.78695477e-01  9.05387824e-01  4.18453760e-01  9.83002846e-01
8.29126979e-01  8.21921710e-01  5.84466699e-01  9.61634834e-01  6.76681959e-01  5.60484775e-01
9.10505427e-01  3.44539636e-01  6.28595730e-01  9.60599042e-01  2.88456777e-01  6.59958970e-01
8.90577182e-01  7.04417299e-01  4.53824191e-01  9.75484094e-01  8.12404282e-01  4.39204660e-01
9.74392320e-01  3.15452015e-01  4.29965516e-01  9.89331029e-01  3.20766273e-01  4.67949314e-01
8.29670665e-01  9.52078163e-01  4.94775495e-01  9.69516116e-01  9.64691942e-01  4.41068448e-01
9.24097170e-01  4.06423524e-01  5.40401025e-01  9.75119317e-01  2.94262254e-01  5.65438865e-01
7.65125635e-01  6.08685913e-01  9.47038661e-01  9.11754417e-01  3.87473664e-01  9.49574301e-01
9.18221282e-01  6.14460607e-01  4.20087679e-01  9.84251605e-01  6.82441658e-01  4.14046930e-01
9.89056401e-01  2.52188567e-01  4.22559732e-01  9.92351207e-01  2.38672362e-01  4.68208043e-01
9.57173823e-01  3.92385838e-01  4.36873360e-01  9.90375211e-01  3.19307240e-01  4.61600946e-01
9.18551014e-01  2.17320677e-01  6.86960164e-01  9.55110645e-01  1.65361332e-01  7.24595695e-01
1.01088073e+00  2.44357168e-01  3.53286755e-01  1.00227322e+00  2.64636680e-01  3.98361444e-01
8.11202156e-01  4.16750732e-01  9.19141248e-01  9.17872443e-01  3.08448231e-01  9.29229207e-01
7.48320410e-01  6.87313473e-01  9.51392276e-01  9.08671291e-01  4.59819425e-01  9.52050310e-01
7.49115568e-01  6.14272853e-01  9.97971459e-01  9.03076022e-01  4.09172967e-01  1.00005058e+00
8.34302371e-01  5.24262448e-01  7.67657726e-01  9.37220686e-01  4.14508857e-01  7.79766123e-01
9.00675659e-01  2.63848725e-01  7.16632276e-01  9.51335163e-01  1.69194029e-01  7.47895162e-01
8.24587407e-01  7.14019515e-01  6.72791589e-01  9.46837961e-01  6.17416402e-01  6.69562038e-01
9.44051406e-01  2.25140749e-01  5.94563257e-01  9.68194356e-01  1.75920706e-01  6.38152294e-01
8.22224031e-01  6.36013614e-01  7.33509529e-01  9.43507899e-01  4.29457301e-01  7.35865335e-01
9.09914274e-01  5.99853428e-01  4.58324486e-01  9.84241369e-01  5.16621273e-01  4.53762201e-01
7.85969118e-01  7.48197643e-01  7.81668744e-01  9.33743874e-01  5.21023968e-01  7.76596558e-01
8.32412168e-01  3.23326409e-01  9.09724200e-01  9.23050850e-01  1.97910355e-01  9.22446411e-01
7.76357735e-01  6.03048881e-01  9.12464328e-01  9.14819110e-01  4.42430891e-01  9.16775160e-01
8.73777006e-01  7.91430766e-01  4.52500973e-01  9.75659732e-01  8.79952953e-01  4.21926457e-01
8.38249071e-01  3.81122354e-01  8.51072059e-01  9.28484577e-01  2.87061754e-01  8.66792326e-01
8.63060727e-01  3.51302676e-01  7.86126106e-01  9.38201458e-01  2.71010681e-01  8.07788790e-01
8.48135260e-01  2.22116701e-01  9.24606000e-01  9.22072160e-01  1.55922311e-01  9.39281141e-01
9.41386903e-01  5.01451210e-01  4.17505325e-01  9.90358808e-01  4.71588943e-01  4.25810532e-01
8.54866396e-01  4.31797654e-01  7.59799949e-01  9.40371578e-01  3.36802041e-01  7.78137467e-01
9.97750992e-01  2.86674240e-01  3.69585474e-01  9.98663079e-01  3.14734585e-01  4.09537295e-01
8.32167905e-01  3.43391022e-01  8.97017444e-01  9.25014970e-01  1.98053217e-01  9.09814069e-01
8.26577924e-01  2.51801242e-01  9.77932831e-01  9.14272797e-01  1.64912717e-01  9.86641195e-01
7.44374285e-01  8.10846175e-01  8.81504609e-01  9.18029037e-01  5.29155669e-01  8.75448205e-01
8.16517650e-01  1.00753641e+00  5.02286592e-01  9.68646760e-01  9.95753523e-01  4.39217149e-01
9.98899929e-01  2.79690440e-01  3.70373158e-01  9.99662187e-01  2.83910389e-01  4.10499611e-01
8.69046332e-01  5.53188195e-01  6.29434628e-01  9.55890824e-01  4.91939262e-01  6.41501167e-01
8.42977006e-01  8.82004554e-01  4.96603306e-01  9.68258325e-01  9.31638094e-01  4.57039292e-01
8.97207500e-01  6.99284024e-01  4.34637031e-01  9.78997770e-01  8.07260396e-01  4.17898507e-01
8.39310500e-01  2.45898559e-01  9.38410924e-01  9.20955645e-01  1.36557502e-01  9.50556464e-01
9.73083009e-01  2.31194162e-01  4.91296609e-01  9.82183656e-01  2.13706944e-01  5.39390936e-01
8.43751802e-01  2.43791981e-01  9.24656724e-01  9.21581692e-01  1.69041003e-01  9.38773248e-01
7.86238266e-01  6.42860756e-01  8.51836144e-01  9.21407593e-01  5.19761128e-01  8.56024285e-01
9.85270085e-01  2.58911019e-01  4.30958460e-01  9.90948414e-01  2.44351451e-01  4.75847408e-01
8.03129904e-01  5.74781159e-01  8.40068906e-01  9.26038559e-01  4.32702957e-01  8.47138385e-01
8.47267012e-01  3.72310298e-01  8.25910845e-01  9.34381380e-01  2.27824266e-01  8.42617840e-01
7.64736074e-01  7.06556253e-01  8.82614806e-01  9.18213767e-01  4.97334489e-01  8.82389361e-01
9.34641058e-01  3.44049766e-01  5.46768085e-01  9.73594195e-01  2.76485017e-01  5.79988456e-01
8.42880645e-01  2.65032384e-01  9.13297877e-01  9.22616053e-01  1.86521222e-01  9.27958714e-01
8.41503973e-01  8.75657133e-01  5.05919352e-01  9.69508581e-01  8.58044612e-01  4.66617438e-01
9.49451245e-01  3.39476979e-01  4.98959311e-01  9.79142219e-01  3.16660759e-01  5.34280640e-01
7.74311627e-01  5.03906164e-01  9.86369204e-01  9.08314119e-01  3.10318122e-01  9.90091097e-01
8.72044569e-01  2.07945193e-01  8.52179652e-01  9.32325007e-01  1.48636748e-01  8.74743187e-01
7.96970957e-01  5.08234766e-01  9.06023443e-01  9.17657209e-01  3.78318388e-01  9.13902043e-01
8.71291142e-01  3.94915882e-01  7.28574779e-01  9.47896250e-01  2.54329626e-01  7.49594819e-01
9.57841876e-01  4.11253703e-01  4.21858585e-01  9.88552316e-01  4.31955254e-01  4.46357181e-01
8.33893423e-01  2.15264485e-01  9.77596564e-01  9.15922387e-01  1.20977593e-01  9.86566433e-01
8.88322553e-01  4.68799760e-01  6.20527114e-01  9.59525093e-01  3.98858301e-01  6.40448373e-01
7.40149628e-01  6.79098650e-01  9.84855194e-01  9.04951549e-01  4.20535467e-01  9.85303383e-01
8.01339790e-01  4.71701494e-01  9.16050336e-01  9.17048574e-01  3.51808862e-01  9.24661840e-01
8.79152492e-01  4.81871663e-01  6.43035400e-01  9.59160417e-01  3.29638792e-01  6.59338892e-01
9.68062987e-01  2.60136782e-01  4.89213743e-01  9.83405854e-01  2.10008970e-01  5.32952932e-01
8.81709460e-01  6.99429124e-01  4.87485332e-01  9.71325614e-01  7.67159059e-01  4.76695167e-01
9.43025633e-01  2.89896756e-01  5.54369035e-01  9.73156862e-01  2.30344992e-01  5.93309449e-01
8.20733835e-01  7.54164315e-01  6.58866635e-01  9.51126307e-01  5.88555293e-01  6.48957974e-01
7.48897155e-01  7.42741184e-01  9.12013897e-01  9.13930754e-01  4.93782255e-01  9.10193799e-01
8.10455841e-01  3.72745432e-01  9.51392283e-01  9.16760103e-01  2.12154283e-01  9.59390321e-01
8.13121027e-01  7.85238542e-01  6.63904793e-01  9.47276709e-01  6.76100138e-01  6.52715664e-01
8.17951436e-01  4.36533221e-01  8.82729740e-01  9.23628096e-01  3.02098131e-01  8.93830013e-01
9.25665053e-01  3.61401349e-01  5.65426358e-01  9.71416110e-01  2.66645976e-01  5.95794351e-01
8.77614393e-01  7.38081360e-01  4.75392693e-01  9.77850854e-01  6.92955500e-01  4.52586265e-01
8.39376554e-01  6.56546595e-01  6.61049792e-01  9.49127232e-01  5.81534472e-01  6.63458752e-01
7.67197981e-01  6.50028461e-01  9.12054505e-01  9.13417956e-01  4.87849758e-01  9.14901600e-01
8.11386357e-01  3.25718162e-01  9.79952809e-01  9.13491896e-01  1.85005444e-01  9.86845338e-01
8.66053010e-01  7.59428067e-01  5.00484524e-01  9.67081626e-01  8.54072279e-01  4.83133418e-01
8.13167356e-01  5.20266426e-01  8.42566381e-01  9.29851295e-01  3.15363816e-01  8.50741538e-01
8.43192967e-01  8.04060446e-01  5.48464736e-01  9.66779948e-01  6.93021582e-01  5.23577621e-01
8.14146570e-01  7.80576775e-01  6.63548088e-01  9.51406638e-01  5.76094104e-01  6.50139613e-01
9.16406952e-01  6.13704237e-01  4.26796504e-01  9.85439330e-01  6.27135754e-01  4.19653347e-01
7.80672654e-01  7.05087230e-01  8.28857392e-01  9.24736136e-01  5.43392665e-01  8.29023870e-01
7.52760142e-01  7.11402493e-01  9.19965848e-01  9.14452375e-01  4.43243888e-01  9.18933014e-01
8.39317144e-01  2.55916800e-01  9.31626040e-01  9.20269721e-01  1.79014525e-01  9.44803552e-01
7.68179469e-01  8.06409831e-01  8.03163882e-01  9.29552964e-01  5.58115857e-01  7.94607788e-01
8.47535476e-01  6.72877753e-01  6.22154303e-01  9.53946070e-01  6.25216573e-01  6.22105948e-01
8.70446591e-01  7.64439020e-01  4.82093055e-01  9.69244080e-01  8.83394497e-01  4.62252470e-01
9.31612954e-01  2.71098591e-01  6.06044573e-01  9.67147945e-01  1.80225530e-01  6.43834550e-01
9.44024800e-01  4.21352934e-01  4.62246873e-01  9.84782181e-01  3.70767662e-01  4.85168970e-01
8.30913832e-01  2.60183260e-01  9.57459834e-01  9.16799460e-01  1.75048161e-01  9.68010955e-01
8.69307139e-01  7.91242116e-01  4.67898630e-01  9.71158044e-01  9.18224308e-01  4.41648390e-01
8.90815483e-01  5.56532684e-01  5.52805572e-01  9.66211149e-01  5.40163401e-01  5.63776383e-01
9.24236400e-01  3.77934588e-01  5.59149749e-01  9.69698492e-01  3.38885450e-01  5.89537451e-01
8.16787010e-01  6.18328519e-01  7.64020434e-01  9.39496251e-01  4.03951807e-01  7.67694951e-01
7.84898770e-01  5.27720392e-01  9.34122080e-01  9.16003500e-01  3.17718505e-01  9.39000146e-01
7.50276004e-01  6.82376222e-01  9.48043047e-01  9.10208533e-01  4.33783567e-01  9.48415986e-01
8.79629762e-01  2.91751578e-01  7.69705421e-01  9.41939997e-01  2.20684148e-01  7.95843728e-01
9.13124668e-01  2.77281494e-01  6.65035251e-01  9.56897462e-01  2.20723062e-01  6.99897071e-01
8.98146031e-01  2.44858766e-01  7.38089963e-01  9.48374493e-01  1.60184736e-01  7.69039263e-01
9.32269470e-01  4.94537210e-01  4.53021027e-01  9.85965340e-01  4.26122694e-01  4.64344263e-01
8.65996907e-01  3.08096336e-01  8.05253536e-01  9.38228506e-01  1.90591675e-01  8.26845197e-01
8.72331292e-01  3.92196714e-01  7.27153152e-01  9.45779392e-01  3.12253622e-01  7.49838449e-01
8.33469636e-01  3.21129148e-01  9.07594203e-01  9.23831312e-01  1.85721625e-01  9.20355025e-01
7.84960163e-01  7.86743772e-01  7.59102767e-01  9.36724327e-01  5.51838836e-01  7.50111429e-01
8.21344106e-01  2.62094844e-01  9.88869325e-01  9.13024590e-01  1.58438102e-01  9.96195745e-01
8.25264667e-01  7.38530956e-01  6.53936140e-01  9.47913714e-01  6.77540284e-01  6.48285609e-01
8.40589626e-01  6.76397815e-01  6.43508837e-01  9.50423885e-01  6.27936741e-01  6.44046556e-01
8.69786275e-01  5.77856303e-01  6.10260815e-01  9.62569406e-01  4.17164752e-01  6.16544976e-01
7.30053305e-01  7.64603738e-01  9.61644550e-01  9.07043413e-01  4.71876936e-01  9.59608557e-01
8.38627107e-01  6.95408419e-01  6.37384567e-01  9.50610306e-01  6.56759334e-01  6.35958918e-01
8.28471208e-01  3.25646032e-01  9.21624342e-01  9.21587260e-01  1.92160397e-01  9.33209086e-01
8.15935629e-01  3.43130772e-01  9.52655280e-01  9.15509795e-01  2.34924729e-01  9.61965054e-01
8.03155551e-01  3.76572471e-01  9.73752675e-01  9.11272837e-01  2.68644272e-01  9.81078574e-01
9.96597506e-01  2.89444248e-01  3.71656861e-01  9.98262544e-01  3.17936787e-01  4.11340572e-01
7.31751313e-01  7.41377835e-01  9.71517789e-01  9.05515458e-01  4.67261763e-01  9.70512806e-01
8.57815216e-01  7.39991183e-01  5.41744342e-01  9.62949083e-01  7.69522819e-01  5.29855845e-01
8.23456375e-01  5.84720780e-01  7.63913060e-01  9.36498748e-01  4.66162783e-01  7.72045161e-01
8.48099642e-01  8.10907130e-01  5.27081388e-01  9.70527507e-01  6.98815322e-01  4.98155928e-01
8.40825219e-01  8.07085297e-01  5.54512140e-01  9.62433508e-01  7.72080473e-01  5.32551088e-01
8.58174181e-01  6.83572117e-01  5.78591236e-01  9.60170523e-01  6.54043822e-01  5.75289842e-01
9.11031717e-01  4.80650958e-01  5.34946972e-01  9.74559981e-01  3.68583164e-01  5.51255181e-01
8.07789198e-01  9.03431611e-01  6.02360178e-01  9.57720043e-01  7.44423361e-01  5.69395864e-01
7.95269197e-01  4.26489243e-01  9.67009200e-01  9.10858944e-01  3.09578043e-01  9.73944997e-01
7.84119555e-01  5.19137528e-01  9.42575670e-01  9.11803029e-01  3.89410592e-01  9.48799353e-01
9.42053233e-01  2.40460104e-01  5.91051797e-01  9.67875656e-01  2.02674238e-01  6.33799218e-01
8.25204909e-01  8.79887697e-01  5.58748340e-01  9.61605608e-01  8.21220315e-01  5.26111114e-01
9.28288962e-01  3.99881771e-01  5.30494884e-01  9.76546906e-01  2.93919908e-01  5.56364325e-01
8.10311285e-01  3.30226753e-01  9.80583007e-01  9.12780121e-01  2.01053350e-01  9.87573337e-01
9.30558172e-01  5.27056025e-01  4.36922885e-01  9.83434700e-01  5.70363309e-01  4.46085690e-01
8.29342754e-01  8.55071400e-01  5.61358393e-01  9.60472738e-01  8.20648887e-01  5.33513838e-01
8.82683501e-01  6.94313630e-01  4.87908293e-01  9.78407641e-01  5.99168905e-01  4.71957455e-01
8.73726717e-01  5.73667221e-01  5.99625140e-01  9.62430752e-01  4.59224140e-01  6.07377246e-01
8.19226249e-01  2.81651909e-01  9.82905681e-01  9.12623463e-01  1.91648838e-01  9.90827072e-01
9.44572892e-01  4.57595446e-01  4.35917448e-01  9.87109024e-01  4.41867488e-01  4.53244086e-01
9.70018519e-01  3.29018162e-01  4.35753272e-01  9.90628499e-01  2.77248511e-01  4.70033176e-01
8.30604881e-01  7.85947609e-01  6.03694181e-01  9.59656348e-01  6.23700940e-01  5.85843103e-01
8.55631435e-01  8.66065150e-01  4.64127656e-01  9.73409404e-01  9.40617441e-01  4.21854075e-01
9.46767223e-01  3.68101834e-01  4.88812362e-01  9.80592737e-01  3.36456538e-01  5.20243754e-01
9.01717127e-01  3.21495193e-01  6.74171426e-01  9.54488632e-01  2.63344363e-01  7.05155735e-01
9.75895521e-01  3.24033887e-01  4.19039085e-01  9.91481413e-01  3.17450409e-01  4.54949937e-01
9.71174480e-01  3.34517773e-01  4.28092820e-01  9.89384722e-01  3.38638492e-01  4.63331462e-01
8.61375579e-01  7.01177020e-01  5.55773607e-01  9.62037166e-01  7.10779063e-01  5.49751203e-01
8.61662285e-01  2.77189370e-01  8.40921014e-01  9.32304964e-01  2.03344052e-01  8.61789963e-01
8.78871115e-01  3.61773998e-01  7.25043449e-01  9.49128288e-01  2.25790167e-01  7.48516846e-01
9.77976812e-01  3.05929993e-01  4.24145441e-01  9.90382688e-01  3.12164572e-01  4.63260907e-01
9.50529720e-01  4.68483558e-01  4.08219927e-01  9.93227544e-01  4.17050514e-01  4.19934924e-01
9.60967510e-01  3.81151602e-01  4.31493957e-01  9.90791387e-01  3.22997017e-01  4.58049385e-01
9.05398902e-01  2.86042148e-01  6.85518490e-01  9.55638060e-01  1.81969295e-01  7.17241573e-01
9.57263188e-01  3.11594583e-01  4.91086970e-01  9.82956488e-01  2.40234632e-01  5.28090924e-01
8.58793439e-01  7.80712257e-01  5.10923539e-01  9.72687417e-01  6.95102725e-01  4.85190313e-01
8.39384281e-01  3.92954689e-01  8.38911181e-01  9.32295390e-01  2.37394123e-01  8.53709205e-01
8.46798072e-01  7.33816941e-01  5.83549681e-01  9.56966615e-01  7.38886278e-01  5.75552312e-01
7.68079817e-01  5.93567161e-01  9.47147304e-01  9.09458214e-01  4.42017096e-01  9.51259858e-01
7.58019735e-01  7.03071619e-01  9.07616565e-01  9.14531329e-01  4.88025251e-01  9.07718269e-01
7.76185258e-01  7.97191915e-01  7.82031665e-01  9.32169450e-01  5.75360945e-01  7.73701905e-01
7.40838061e-01  8.09222016e-01  8.94683078e-01  9.16211059e-01  5.20821371e-01  8.89101875e-01
8.71580761e-01  6.91898909e-01  5.27170047e-01  9.66318384e-01  7.18787792e-01  5.20377021e-01
9.39398357e-01  2.73554812e-01  5.77788800e-01  9.69212595e-01  2.32699639e-01  6.18044626e-01
8.21210428e-01  3.02782201e-01  9.61864696e-01  9.16225659e-01  1.78884234e-01  9.70774121e-01
8.40587969e-01  2.16301745e-01  9.54021259e-01  9.18652497e-01  1.35447565e-01  9.65594742e-01
8.57208174e-01  4.09061916e-01  7.67142537e-01  9.39960216e-01  3.13117420e-01  7.86439427e-01
7.90531642e-01  8.18930324e-01  7.18345864e-01  9.41577511e-01  6.10481870e-01  7.04960508e-01
9.21827623e-01  2.36178699e-01  6.63039704e-01  9.57858476e-01  1.89038593e-01  7.01309478e-01
8.88565504e-01  7.17397275e-01  4.51937871e-01  9.78991419e-01  7.49091280e-01  4.31848141e-01
8.31509507e-01  5.06296843e-01  7.89324261e-01  9.35004767e-01  3.82711529e-01  8.01582511e-01
7.75784999e-01  4.90702857e-01  9.90245108e-01  9.05642076e-01  3.61350418e-01  9.95027006e-01
8.11503980e-01  4.91352961e-01  8.67762542e-01  9.26293818e-01  3.02776239e-01  8.76569563e-01
7.76077079e-01  6.26683201e-01  8.97472470e-01  9.16237698e-01  4.69178023e-01  9.01280221e-01
8.37105095e-01  2.10266334e-01  9.69995588e-01  9.16583499e-01  1.30562070e-01  9.80034004e-01
8.54585805e-01  1.72666580e-01  9.35642286e-01  9.21597773e-01  1.20249563e-01  9.50337400e-01
8.25487036e-01  2.43717407e-01  9.87116504e-01  9.13061653e-01  1.61978743e-01  9.95111360e-01
8.29855051e-01  4.39358695e-01  8.40152549e-01  9.31422193e-01  2.65583407e-01  8.52569273e-01
7.83157149e-01  4.60190101e-01  9.85650366e-01  9.09830010e-01  2.70272043e-01  9.89943936e-01
9.62498630e-01  4.32271423e-01  3.91766856e-01  9.92163212e-01  4.80703298e-01  4.11541258e-01
8.41601584e-01  4.69715109e-01  7.79531545e-01  9.37628149e-01  3.43504175e-01  7.94131305e-01
9.19757922e-01  5.65466630e-01  4.48197849e-01  9.83114295e-01  5.61436406e-01  4.50792035e-01
9.68358201e-01  3.60045522e-01  4.20487628e-01  9.89622555e-01  3.78487475e-01  4.52277650e-01
7.94957547e-01  5.75152304e-01  8.67740681e-01  9.21702165e-01  4.35520627e-01  8.74278703e-01
7.60848983e-01  5.83356365e-01  9.78746764e-01  9.08031300e-01  3.55480495e-01  9.81105584e-01
8.07854766e-01  8.52006461e-01  6.36840014e-01  9.53839493e-01  6.63563154e-01  6.13620214e-01
9.49236230e-01  2.81478109e-01  5.38832553e-01  9.75388482e-01  2.29168306e-01  5.79277413e-01
9.45818232e-01  3.08585362e-01  5.32515324e-01  9.77627560e-01  2.14614375e-01  5.68913041e-01
9.29392286e-01  4.68395884e-01  4.80490551e-01  9.78348932e-01  4.80467686e-01  5.00200226e-01
9.24094188e-01  2.88519777e-01  6.19975363e-01  9.64925442e-01  1.91437376e-01  6.55408616e-01
8.12900386e-01  3.34237286e-01  9.69028784e-01  9.13079439e-01  2.35646437e-01  9.77381301e-01
7.94848424e-01  4.00951491e-01  9.85684361e-01  9.11294375e-01  2.27156849e-01  9.90861188e-01
8.56632231e-01  3.99434905e-01  7.75905237e-01  9.39420544e-01  2.93792410e-01  7.95038722e-01
8.71994315e-01  4.90503800e-01  6.61665733e-01  9.56462948e-01  3.28885389e-01  6.76820490e-01
8.55645367e-01  8.50154395e-01  4.74816907e-01  9.71727994e-01  9.20702113e-01  4.37400337e-01
9.21333249e-01  5.59063221e-01  4.46839144e-01  9.81710736e-01  5.93014303e-01  4.51726788e-01
7.94864355e-01  4.92172873e-01  9.24359925e-01  9.16607897e-01  3.35465088e-01  9.31396610e-01
9.39568181e-01  2.82206818e-01  5.71370041e-01  9.69808752e-01  2.45441164e-01  6.11174220e-01
7.73559601e-01  6.33260924e-01  9.01634962e-01  9.15848252e-01  4.64234938e-01  9.04960193e-01
7.99790036e-01  4.74119550e-01  9.19415557e-01  9.16232235e-01  3.57957967e-01  9.27910751e-01
7.75648236e-01  6.35626965e-01  8.92901999e-01  9.17478183e-01  4.57808118e-01  8.96042383e-01
8.61688498e-01  3.08724870e-01  8.19549760e-01  9.36519816e-01  1.82144496e-01  8.39824773e-01
8.73256573e-01  7.38795130e-01  4.89798250e-01  9.69479057e-01  8.27927338e-01  4.74008247e-01
7.33483875e-01  7.58342194e-01  9.54148540e-01  9.07527991e-01  4.88737052e-01  9.52468684e-01
8.43784865e-01  9.13089866e-01  4.72866347e-01  9.71123576e-01  9.92735547e-01  4.24052934e-01
7.93629058e-01  7.95268618e-01  7.23731031e-01  9.39641209e-01  6.25571610e-01  7.13771694e-01
9.34571892e-01  3.33033837e-01  5.54139997e-01  9.71133650e-01  3.00608945e-01  5.89484975e-01
7.51731874e-01  6.04207474e-01  9.95824484e-01  9.01842281e-01  4.47338505e-01  9.98837668e-01
7.51877866e-01  6.32979169e-01  9.75908182e-01  9.06843057e-01  4.02331708e-01  9.77523838e-01
8.08105113e-01  3.29898102e-01  9.88343102e-01  9.11374568e-01  2.08269911e-01  9.94863217e-01
8.58958734e-01  6.15908405e-01  6.21870485e-01  9.56194429e-01  5.45911485e-01  6.27165041e-01
7.65891898e-01  6.74997175e-01  8.99667107e-01  9.17323855e-01  4.43850284e-01  9.00369909e-01
8.78397112e-01  4.48282845e-01  6.68282654e-01  9.54645873e-01  3.30670222e-01  6.88048365e-01
8.13985272e-01  6.75557305e-01  7.34969630e-01  9.37264037e-01  5.90778131e-01  7.37338646e-01
8.36769360e-01  2.17785598e-01  9.66068004e-01  9.17553563e-01  1.20867266e-01  9.76130083e-01
8.82487932e-01  7.58540866e-01  4.44936599e-01  9.81592418e-01  7.50300558e-01  4.14876624e-01
8.04698269e-01  4.13289240e-01  9.43701371e-01  9.17022075e-01  2.39293279e-01  9.51220332e-01
8.91963685e-01  6.21925304e-01  5.04755190e-01  9.76906448e-01  5.15808093e-01  5.01001734e-01
9.35651829e-01  4.05222085e-01  5.01737007e-01  9.79957231e-01  3.24264361e-01  5.27235117e-01
9.51546242e-01  3.54565791e-01  4.81620318e-01  9.84122734e-01  2.72512368e-01  5.12892720e-01
8.55468604e-01  7.44685477e-01  5.46593544e-01  9.63167833e-01  7.47699213e-01  5.33671120e-01
9.73971856e-01  3.30835796e-01  4.21021032e-01  9.93307410e-01  2.71906998e-01  4.54128265e-01
9.34058823e-01  3.85420196e-01  5.20541901e-01  9.77534857e-01  2.99826670e-01  5.48615331e-01
9.55650472e-01  4.17077517e-01  4.25415131e-01  9.88805335e-01  4.16229850e-01  4.48494496e-01
7.61202649e-01  8.06558033e-01  8.26901180e-01  9.25966449e-01  5.51161592e-01  8.19274807e-01
8.41815989e-01  2.82429095e-01  9.05195237e-01  9.25030935e-01  1.57864680e-01  9.19321745e-01
9.37914019e-01  2.88549865e-01  5.72741108e-01  9.70997020e-01  2.15059259e-01  6.10817546e-01
8.81915732e-01  7.02107465e-01  4.84973902e-01  9.78542523e-01  6.11590622e-01  4.67605352e-01
8.60691352e-01  7.00934967e-01  5.58572504e-01  9.62226477e-01  6.96968039e-01  5.52356193e-01
7.58119559e-01  5.99108617e-01  9.77439853e-01  9.04640055e-01  4.47306235e-01  9.80899787e-01
8.40880456e-01  7.39396949e-01  6.00001222e-01  9.55141940e-01  7.19635652e-01  5.91858692e-01
8.66703587e-01  6.75647072e-01  5.54799525e-01  9.63783637e-01  6.58239853e-01  5.51112402e-01
7.66566375e-01  6.51518365e-01  9.13207016e-01  9.13203286e-01  4.89028472e-01  9.15996671e-01
9.63042155e-01  3.29914545e-01  4.59279476e-01  9.86148303e-01  2.95975633e-01  4.94807420e-01
8.48640522e-01  2.79965477e-01  8.83539848e-01  9.27808082e-01  1.65006880e-01  8.99800831e-01
8.28981780e-01  7.52559261e-01  6.32067922e-01  9.51133353e-01  6.96376170e-01  6.23647912e-01
9.32259270e-01  3.11550024e-01  5.76538941e-01  9.70844320e-01  2.15797573e-01  6.11620406e-01
9.58485591e-01  3.76383884e-01  4.43190223e-01  9.89044920e-01  3.15820111e-01  4.70967054e-01
7.71772611e-01  5.37760207e-01  9.72194748e-01  9.07364988e-01  3.91460980e-01  9.76775572e-01
7.57042396e-01  5.99681288e-01  9.80733742e-01  9.03824467e-01  4.55156815e-01  9.84253871e-01
8.31925978e-01  8.83947140e-01  5.33047284e-01  9.66903129e-01  8.08812705e-01  4.95100372e-01
8.90905097e-01  2.87603659e-01  7.33982070e-01  9.47156154e-01  2.17789386e-01  7.63079307e-01
9.07759856e-01  2.77590174e-01  6.83155930e-01  9.55640881e-01  1.87212802e-01  7.15969662e-01
9.24138588e-01  3.15360975e-01  6.02008437e-01  9.67188286e-01  2.15170785e-01  6.35736621e-01
9.76422820e-01  2.28680830e-01  4.81582850e-01  9.83673682e-01  2.12275491e-01  5.30176363e-01
8.08409037e-01  4.58216360e-01  9.00699438e-01  9.19439584e-01  3.44380607e-01  9.10584981e-01
7.38082799e-01  7.17459291e-01  9.66026615e-01  9.05851283e-01  4.77241274e-01  9.65972387e-01
8.81352573e-01  2.15710255e-01  8.15137075e-01  9.37865789e-01  1.41949181e-01  8.40803191e-01
9.21724599e-01  5.20058959e-01  4.72120919e-01  9.81395205e-01  4.76293930e-01  4.82176650e-01
9.55888288e-01  2.82253146e-01  5.15584101e-01  9.79803527e-01  2.09060506e-01  5.55767832e-01
7.37113091e-01  6.94765051e-01  9.84656892e-01  9.04300723e-01  4.39520185e-01  9.84938167e-01
7.72136084e-01  5.12153296e-01  9.88236935e-01  9.08555705e-01  2.98126181e-01  9.91456930e-01
8.37650150e-01  2.36556239e-01  9.50389012e-01  9.18369832e-01  1.57787569e-01  9.62065731e-01
7.44935104e-01  7.04932616e-01  9.51068425e-01  9.09278531e-01  4.48726217e-01  9.50808015e-01
8.05782363e-01  4.74307660e-01  8.98814195e-01  9.19360014e-01  3.56345138e-01  9.08234337e-01
9.09326648e-01  5.11049803e-01  5.20257736e-01  9.71874255e-01  5.05509520e-01  5.35740118e-01
9.18141081e-01  3.49202217e-01  5.99363519e-01  9.67444011e-01  2.31872755e-01  6.29585901e-01
8.34987245e-01  3.09206013e-01  9.10454902e-01  9.21756146e-01  2.25199171e-01  9.24225431e-01
8.20614123e-01  8.89002431e-01  5.68281578e-01  9.60874163e-01  8.04254190e-01  5.34859334e-01
8.10194663e-01  3.95484177e-01  9.36936726e-01  9.15840421e-01  2.90896079e-01  9.46460137e-01
9.08715268e-01  5.73752680e-01  4.80033535e-01  9.77708013e-01  5.64131915e-01  4.84305776e-01
7.70237581e-01  5.19930418e-01  9.89473686e-01  9.05450563e-01  3.72139046e-01  9.93675553e-01
8.31656187e-01  7.09651957e-01  6.51588268e-01  9.48094372e-01  6.68365177e-01  6.49320807e-01
9.22300228e-01  5.63281184e-01  4.40689649e-01  9.87030328e-01  4.97510731e-01  4.40443834e-01
8.12480070e-01  6.70490241e-01  7.43531728e-01  9.36080215e-01  5.84617634e-01  7.46404779e-01
7.52421232e-01  6.57237240e-01  9.57679807e-01  9.09576399e-01  4.08102748e-01  9.58611580e-01
8.01400873e-01  8.53419377e-01  6.57936231e-01  9.50871553e-01  6.48634964e-01  6.36225910e-01
8.49016087e-01  2.06107319e-01  9.32103739e-01  9.21997398e-01  1.27153482e-01  9.46123218e-01
8.77279950e-01  6.75224576e-01  5.18952518e-01  9.73793849e-01  5.65947968e-01  5.08976402e-01
8.24448595e-01  2.99402569e-01  9.53080963e-01  9.17094524e-01  1.88118903e-01  9.62992782e-01
7.54344771e-01  7.60529659e-01  8.81396133e-01  9.19096220e-01  4.90908359e-01  8.77749002e-01
8.76141563e-01  5.95564634e-01  5.76597409e-01  9.61682380e-01  5.77272105e-01  5.83950203e-01
9.47829757e-01  4.04949492e-01  4.60317269e-01  9.85614995e-01  3.48449840e-01  4.85163903e-01
8.76933112e-01  6.85876684e-01  5.12949143e-01  9.74412013e-01  5.82655023e-01  5.01016710e-01
8.20206886e-01  3.03427154e-01  9.64858031e-01  9.14941897e-01  2.00390590e-01  9.73865705e-01
8.24048945e-01  9.42652197e-01  5.20342319e-01  9.66321787e-01  9.19473711e-01  4.72368578e-01
8.27884206e-01  8.68033262e-01  5.57594868e-01  9.64341795e-01  7.54027590e-01  5.24628248e-01
9.04302208e-01  6.18794214e-01  4.64715492e-01  9.82325360e-01  5.48385366e-01  4.58455993e-01
8.15189761e-01  3.93208386e-01  9.21405471e-01  9.18565616e-01  2.79061781e-01  9.31810119e-01
8.11830664e-01  8.43840649e-01  6.28766814e-01  9.54037988e-01  6.87496968e-01  6.06624147e-01
8.71976954e-01  2.98149216e-01  7.91535188e-01  9.40730192e-01  1.75000120e-01  8.14527480e-01
8.08962848e-01  3.22849837e-01  9.90169820e-01  9.12115906e-01  1.82391529e-01  9.96296330e-01
7.78849932e-01  5.19578275e-01  9.60581735e-01  9.09466704e-01  3.82443870e-01  9.65967765e-01
7.70974181e-01  5.34106881e-01  9.77389112e-01  9.07849577e-01  3.59259347e-01  9.81367589e-01
8.45859605e-01  5.57757003e-01  7.05866542e-01  9.46984302e-01  4.22051164e-01  7.15855485e-01
9.85805971e-01  2.53993994e-01  4.32445773e-01  9.90756063e-01  2.40341910e-01  4.78039851e-01
7.72615326e-01  5.96461807e-01  9.29696516e-01  9.11475101e-01  4.58759144e-01  9.34319710e-01
9.68371558e-01  4.07202417e-01  3.88620149e-01  9.93988830e-01  4.33188129e-01  4.11193486e-01
8.10640883e-01  3.19883568e-01  9.86437999e-01  9.12539578e-01  1.84921579e-01  9.92973789e-01
7.61621192e-01  6.12149956e-01  9.56673344e-01  9.07093959e-01  4.67362331e-01  9.60363957e-01
9.83537030e-01  3.38286037e-01  3.83316151e-01  9.96517632e-01  3.47136208e-01  4.15550209e-01
8.84402716e-01  7.26132292e-01  4.60264463e-01  9.73515852e-01  8.47183271e-01  4.43512564e-01
9.52337113e-01  3.28011063e-01  4.96837984e-01  9.82338658e-01  2.42710019e-01  5.31461711e-01
7.87030297e-01  5.69195494e-01  8.98845888e-01  9.16741153e-01  4.39769105e-01  9.05083388e-01
7.95445744e-01  4.98728667e-01  9.17650313e-01  9.15898769e-01  3.77058779e-01  9.25482170e-01
7.47243854e-01  6.37009944e-01  9.89021691e-01  9.05232176e-01  3.92281501e-01  9.90259683e-01
7.65274326e-01  6.21550732e-01  9.37846708e-01  9.09951580e-01  4.69772207e-01  9.41458345e-01
8.46377352e-01  7.45064537e-01  5.77396895e-01  9.58074169e-01  7.43836383e-01  5.67264938e-01
7.57091950e-01  5.95613131e-01  9.83310302e-01  9.03995173e-01  4.40517595e-01  9.86659565e-01
8.31725900e-01  2.24799702e-01  9.78566934e-01  9.14981972e-01  1.42119301e-01  9.87542914e-01
8.99524052e-01  2.61199677e-01  7.22354412e-01  9.50508926e-01  1.68369614e-01  7.53391796e-01
7.79172536e-01  6.43058204e-01  8.75846319e-01  9.22141075e-01  4.09478106e-01  8.77690825e-01
8.55200843e-01  5.30072356e-01  6.92336468e-01  9.47057871e-01  4.58065806e-01  7.06255073e-01
8.13725126e-01  5.14237800e-01  8.44729133e-01  9.29430955e-01  3.16181506e-01  8.53242118e-01
7.75448612e-01  4.92194053e-01  9.90389000e-01  9.07788570e-01  3.07147539e-01  9.94220270e-01
8.03107144e-01  4.77510997e-01  9.05793652e-01  9.19963806e-01  3.16121527e-01  9.13979967e-01
9.52929280e-01  4.63211482e-01  4.03580010e-01  9.94147780e-01  4.10541434e-01  4.15589084e-01
8.45472752e-01  5.92198653e-01  6.83647398e-01  9.48963690e-01  4.70277781e-01  6.91111083e-01
8.08082797e-01  8.59444734e-01  6.31041060e-01  9.53601710e-01  6.97213450e-01  6.07099037e-01
7.89065626e-01  8.04644890e-01  7.32994956e-01  9.39031524e-01  6.07226322e-01  7.22068886e-01
8.28618073e-01  2.40094138e-01  9.78863423e-01  9.14612383e-01  1.51901440e-01  9.87574367e-01
7.48265406e-01  6.60417453e-01  9.69732394e-01  9.06141263e-01  4.47482798e-01  9.71228459e-01
8.36493292e-01  3.82822742e-01  8.55625509e-01  9.27674484e-01  2.88949920e-01  8.71020033e-01
8.66872866e-01  2.60649839e-01  8.34280637e-01  9.34290365e-01  1.73872784e-01  8.56102641e-01
9.07326634e-01  2.87336932e-01  6.78058692e-01  9.56648825e-01  1.84350749e-01  7.10189091e-01
8.51666434e-01  7.21259780e-01  5.75391458e-01  9.59113451e-01  7.13393621e-01  5.67878399e-01
8.45617044e-01  8.71937196e-01  4.94377934e-01  9.71514341e-01  8.58336814e-01  4.53682952e-01
8.77699605e-01  7.56324508e-01  4.62790692e-01  9.78595691e-01  7.42015646e-01  4.36078134e-01
7.97117129e-01  5.90696069e-01  8.49871490e-01  9.23081099e-01  4.72718092e-01  8.56539309e-01
7.80294410e-01  5.47929434e-01  9.36215034e-01  9.15152603e-01  3.34307994e-01  9.40490987e-01
9.09620434e-01  6.50109195e-01  4.25414502e-01  9.80706878e-01  7.68786574e-01  4.16136127e-01
7.71826501e-01  8.37176569e-01  7.69939839e-01  9.33664267e-01  6.02150735e-01  7.57708139e-01
8.41584841e-01  7.12876949e-01  6.15491462e-01  9.54302299e-01  6.63697913e-01  6.10619633e-01
8.13209887e-01  4.20278200e-01  9.09901642e-01  9.21461201e-01  2.53457784e-01  9.19359891e-01
8.14272641e-01  6.82963544e-01  7.28989771e-01  9.38170225e-01  5.94754869e-01  7.30575448e-01
9.79781435e-01  3.10705745e-01  4.14757816e-01  9.94371742e-01  2.57947858e-01  4.50639615e-01
8.37272803e-01  2.76543259e-01  9.24690496e-01  9.21604492e-01  1.73250263e-01  9.37620456e-01
8.83016240e-01  2.20807651e-01  8.06012599e-01  9.38375884e-01  1.62310365e-01  8.32662596e-01
8.90590525e-01  6.65461318e-01  4.80066762e-01  9.73048470e-01  7.33877892e-01  4.73602977e-01
8.37086645e-01  2.00339091e-01  9.76758882e-01  9.15662702e-01  1.28904279e-01  9.86336631e-01
8.55899253e-01  2.42300675e-01  8.84158403e-01  9.28657596e-01  1.34763556e-01  9.01583839e-01
7.82334285e-01  5.80096984e-01  9.07534087e-01  9.16200028e-01  4.22472967e-01  9.12690165e-01
7.68943455e-01  6.36760380e-01  9.15045060e-01  9.12924021e-01  4.86061051e-01  9.18497508e-01
8.40526837e-01  3.19953369e-01  8.84273974e-01  9.25312601e-01  2.31912720e-01  8.99808405e-01
9.87797816e-01  3.01532476e-01  3.93561734e-01  9.95549638e-01  3.05131850e-01  4.31802511e-01
7.76616036e-01  5.06823167e-01  9.76525791e-01  9.08127384e-01  3.52303613e-01  9.81248980e-01
7.73803179e-01  6.11033217e-01  9.15804243e-01  9.14578430e-01  4.37165051e-01  9.19578109e-01
7.43942666e-01  7.54778664e-01  9.20818691e-01  9.13390747e-01  4.74725715e-01  9.18214373e-01
8.14101955e-01  8.51455150e-01  6.15868598e-01  9.56404470e-01  6.88571075e-01  5.91188914e-01
9.04660434e-01  6.14307539e-01  4.66518880e-01  9.76462227e-01  6.74079808e-01  4.66006140e-01
9.50928142e-01  3.73894294e-01  4.70688767e-01  9.85203080e-01  2.99705086e-01  4.99461379e-01
9.82010775e-01  3.02929091e-01  4.12389481e-01  9.94231606e-01  2.65137552e-01  4.49819280e-01
8.22375901e-01  7.73667809e-01  6.40094813e-01  9.53663483e-01  6.12750667e-01  6.26899199e-01
7.64723260e-01  7.62078870e-01  8.44889906e-01  9.23402176e-01  5.29573089e-01  8.40884538e-01
8.32434746e-01  2.36716530e-01  9.68101787e-01  9.16481400e-01  1.42681912e-01  9.77790702e-01
8.50822745e-01  2.16044091e-01  9.19223986e-01  9.23230337e-01  1.42796201e-01  9.34474346e-01
7.83249789e-01  6.79610587e-01  8.37245864e-01  9.24381778e-01  5.12366969e-01  8.38715673e-01
9.65601394e-01  2.51740474e-01  5.02991219e-01  9.80489736e-01  2.22434956e-01  5.48168544e-01
7.87165333e-01  4.48783549e-01  9.79652330e-01  9.08645352e-01  3.20971098e-01  9.85419091e-01
8.51061730e-01  8.73100141e-01  4.74992076e-01  9.73064233e-01  9.07087466e-01  4.32085346e-01
9.09565745e-01  6.45486043e-01  4.28721280e-01  9.83538260e-01  6.86700382e-01  4.17603887e-01
8.38368672e-01  8.80553173e-01  5.13326494e-01  9.66149289e-01  9.07921394e-01  4.76237267e-01
8.30750959e-01  5.33381583e-01  7.73637282e-01  9.36216639e-01  4.19723605e-01  7.84959163e-01
8.72699876e-01  5.09608746e-01  6.46362492e-01  9.58408091e-01  3.47592849e-01  6.59871158e-01
9.21049496e-01  5.67140354e-01  4.42357929e-01  9.81513038e-01  6.21095896e-01  4.46280144e-01
8.65215317e-01  8.11656495e-01  4.68101749e-01  9.71986083e-01  9.13793978e-01  4.37396826e-01
9.48851677e-01  4.33234795e-01  4.37738902e-01  9.89605198e-01  3.60613997e-01  4.56662725e-01
7.99777198e-01  3.71170852e-01  9.88942089e-01  9.09211581e-01  2.64444663e-01  9.95304200e-01
7.58302547e-01  7.04730097e-01  9.05531209e-01  9.15279222e-01  4.77956187e-01  9.05328931e-01
9.55032304e-01  4.23140776e-01  4.23435444e-01  9.89339146e-01  4.15613806e-01  4.45218018e-01
9.72999135e-01  3.86204870e-01  3.86980536e-01  9.97150651e-01  3.51996648e-01  4.10327938e-01
8.79400145e-01  7.36808580e-01  4.70150295e-01  9.71638761e-01  8.57446041e-01  4.53097964e-01
8.51165244e-01  2.07088549e-01  9.24098056e-01  9.22970813e-01  1.30925905e-01  9.38977470e-01
8.62060198e-01  2.47191282e-01  8.59806906e-01  9.30866299e-01  1.66237260e-01  8.79890817e-01
8.59145856e-01  4.77521094e-01  7.14323551e-01  9.48850382e-01  3.12555389e-01  7.29552117e-01
9.42319443e-01  3.27249808e-01  5.31575143e-01  9.76092928e-01  2.62174521e-01  5.66866882e-01
8.18481237e-01  2.85833898e-01  9.82629243e-01  9.13656105e-01  1.67158665e-01  9.90059725e-01
8.40812580e-01  5.91640071e-01  6.99946019e-01  9.47287772e-01  4.48578748e-01  7.07048994e-01
7.67323575e-01  8.04449426e-01  8.07411118e-01  9.28823850e-01  5.58338204e-01  7.99231190e-01
8.39313623e-01  2.74678360e-01  9.18976073e-01  9.22615905e-01  1.67976327e-01  9.32394207e-01
7.64020297e-01  5.99554788e-01  9.56978604e-01  9.11484581e-01  3.54702054e-01  9.59141629e-01
7.70888067e-01  6.82334910e-01  8.77644309e-01  9.20236182e-01  4.58839242e-01  8.78105641e-01
8.27362512e-01  2.55060014e-01  9.73052797e-01  9.15683778e-01  1.47175377e-01  9.81832317e-01
7.69365125e-01  7.01201166e-01  8.70115518e-01  9.21532779e-01  4.60598730e-01  8.69368371e-01
9.41865412e-01  4.64921791e-01  4.40223258e-01  9.88372117e-01  4.00642780e-01  4.55000135e-01
8.50756116e-01  6.04970534e-01  6.56977391e-01  9.50349442e-01  5.44194953e-01  6.64548076e-01
7.52600923e-01  7.06649278e-01  9.23717493e-01  9.13448619e-01  4.52571708e-01  9.23140758e-01
8.47991638e-01  2.52633945e-01  9.04203042e-01  9.25576916e-01  1.42788333e-01  9.19424864e-01
7.97294839e-01  5.10294400e-01  9.03526825e-01  9.18091082e-01  3.77224010e-01  9.11380804e-01
1.00793690e+00  2.53993028e-01  3.56841293e-01  1.00205311e+00  2.62850280e-01  4.00200342e-01
8.60619181e-01  2.05777258e-01  8.92680615e-01  9.27267579e-01  1.33082940e-01  9.10901494e-01
7.98335661e-01  4.04525328e-01  9.71355835e-01  9.11592968e-01  2.72610769e-01  9.78076678e-01
8.30898613e-01  2.33321566e-01  9.75642040e-01  9.15362127e-01  1.43773510e-01  9.84708943e-01
8.05443644e-01  7.88132417e-01  6.88181697e-01  9.43920393e-01  6.61067034e-01  6.77837570e-01
8.42231925e-01  2.06976025e-01  9.54996113e-01  9.18704600e-01  1.31752682e-01  9.66660914e-01
7.93813485e-01  4.12068464e-01  9.81716573e-01  9.09737914e-01  2.81928726e-01  9.87747246e-01
8.07936087e-01  3.56365108e-01  9.71057460e-01  9.14109108e-01  2.05080943e-01  9.78085801e-01
8.29073198e-01  8.99614373e-01  5.32220548e-01  9.64728957e-01  8.74074925e-01  4.93440168e-01
7.61832041e-01  6.36315404e-01  9.39645345e-01  9.13047845e-01  3.88108461e-01  9.41126202e-01
8.29062745e-01  8.65976496e-01  5.54956582e-01  9.65504065e-01  7.36499804e-01  5.21364732e-01
9.42466088e-01  4.03437107e-01  4.79661645e-01  9.81376758e-01  3.73221881e-01  5.06424054e-01
8.32334794e-01  2.51313915e-01  9.58590939e-01  9.17324743e-01  1.56829664e-01  9.68998207e-01
9.42206608e-01  2.15648938e-01  6.07270965e-01  9.66096960e-01  1.77570753e-01  6.51210322e-01
8.16167416e-01  3.37587916e-01  9.55604323e-01  9.15255375e-01  2.29947060e-01  9.64787249e-01
8.98973483e-01  2.10227558e-01  7.58633434e-01  9.45059189e-01  1.59587982e-01  7.90446448e-01
8.90102327e-01  3.53043228e-01  6.92563780e-01  9.53419081e-01  2.35117273e-01  7.18765417e-01
8.26983842e-01  9.46795374e-01  5.07519817e-01  9.69478672e-01  9.05465156e-01  4.55470433e-01
9.63884445e-01  3.56476346e-01  4.38179763e-01  9.87242099e-01  3.64266703e-01  4.70945894e-01
7.56373322e-01  5.88518169e-01  9.90555819e-01  9.06387143e-01  3.51977283e-01  9.92489313e-01
8.27464208e-01  7.19228741e-01  6.59447455e-01  9.47811547e-01  6.48894884e-01  6.55790485e-01
8.12348457e-01  3.82819835e-01  9.38125980e-01  9.18256309e-01  2.24398631e-01  9.46865415e-01
8.70414009e-01  7.85505210e-01  4.67988748e-01  9.73756110e-01  8.53651200e-01  4.40425015e-01
8.49657374e-01  2.48040112e-01  9.01611830e-01  9.25787427e-01  1.45892052e-01  9.17332443e-01
8.22689381e-01  3.72232880e-01  9.09937196e-01  9.20624573e-01  2.65833694e-01  9.21766786e-01
8.45621322e-01  5.06787665e-01  7.41077432e-01  9.43331741e-01  3.60295099e-01  7.54050048e-01
8.51842403e-01  2.56635090e-01  8.88344861e-01  9.26549086e-01  1.75080708e-01  9.05467321e-01
8.73976721e-01  6.72599021e-01  5.32008533e-01  9.65609173e-01  7.04016806e-01  5.28457752e-01
8.99340285e-01  2.10596645e-01  7.57131192e-01  9.45354364e-01  1.57661965e-01  7.89013730e-01
8.67550599e-01  2.71175851e-01  8.24861102e-01  9.34908925e-01  1.94119776e-01  8.47293630e-01
7.46060581e-01  6.98578250e-01  9.51511655e-01  9.09678675e-01  4.35992315e-01  9.51286425e-01
8.45757133e-01  2.47690970e-01  9.15173748e-01  9.23669385e-01  1.50914840e-01  9.29716838e-01
9.15199239e-01  6.28966291e-01  4.20623554e-01  9.88773317e-01  5.87514877e-01  4.07743536e-01
8.82621096e-01  2.18040878e-01  8.09229896e-01  9.38067662e-01  1.58054340e-01  8.35657264e-01
8.55423053e-01  2.18755662e-01  9.01675718e-01  9.26105735e-01  1.32848555e-01  9.18409792e-01
9.78878538e-01  2.95480268e-01  4.28414371e-01  9.90226828e-01  2.95134417e-01  4.68849495e-01
8.86569181e-01  7.18579146e-01  4.58258101e-01  9.75353883e-01  8.09432653e-01  4.41267159e-01
9.15819193e-01  4.72275085e-01  5.24243495e-01  9.76355578e-01  3.62226337e-01  5.41258433e-01
7.79057379e-01  7.43812306e-01  8.08243207e-01  9.30179705e-01  5.02121998e-01  8.03977139e-01
8.15549116e-01  5.55317640e-01  8.11070213e-01  9.30904740e-01  4.18738155e-01  8.19782412e-01
8.68800827e-01  3.29499572e-01  7.81229632e-01  9.41759599e-01  1.94941180e-01  8.03156473e-01
8.35477417e-01  3.20286178e-01  9.01302765e-01  9.24369045e-01  1.94675274e-01  9.14764881e-01
8.01116206e-01  4.07580102e-01  9.59792889e-01  9.12400068e-01  2.95118694e-01  9.67517512e-01
8.49250874e-01  2.72752493e-01  8.86322481e-01  9.27660592e-01  1.57505018e-01  9.02540730e-01
8.50968066e-01  6.46982562e-01  6.27901977e-01  9.53298060e-01  6.05305517e-01  6.31023286e-01
8.53218725e-01  2.23059400e-01  9.06302639e-01  9.24892199e-01  1.47616953e-01  9.22662118e-01
7.58465100e-01  7.97202975e-01  8.42568296e-01  9.24481749e-01  5.22227598e-01  8.35716521e-01
7.53669592e-01  6.69194145e-01  9.45344512e-01  9.10954208e-01  4.23589166e-01  9.46070831e-01
8.82867595e-01  7.30080733e-01  4.62845008e-01  9.80250957e-01  6.83992991e-01  4.39335443e-01
8.30781782e-01  3.28349308e-01  9.11905159e-01  9.23085284e-01  1.90082621e-01  9.24097349e-01
9.08482947e-01  3.47333384e-01  6.33620589e-01  9.61956988e-01  2.38761418e-01  6.63132155e-01
8.12377941e-01  9.12933482e-01  5.80270424e-01  9.58841918e-01  8.16992803e-01  5.44847920e-01
7.55126026e-01  6.20599303e-01  9.73163972e-01  9.05078062e-01  4.55500734e-01  9.76130775e-01
9.15228789e-01  3.59493470e-01  6.02367554e-01  9.63804533e-01  3.12942462e-01  6.33544209e-01
7.89190847e-01  6.41006798e-01  8.42999719e-01  9.23691287e-01  4.96790567e-01  8.46869221e-01
8.14969221e-01  3.94968960e-01  9.20971882e-01  9.20822568e-01  2.24678967e-01  9.30337927e-01
8.03965525e-01  6.21438536e-01  8.05725776e-01  9.29112343e-01  5.00226959e-01  8.11276446e-01
9.24417470e-01  2.41585859e-01  6.50542766e-01  9.59516569e-01  1.94790251e-01  6.89299192e-01
7.51109858e-01  6.59760487e-01  9.60755164e-01  9.08465101e-01  4.26439734e-01  9.61871643e-01
7.52331459e-01  7.30875272e-01  9.08288369e-01  9.15527526e-01  4.66391502e-01  9.06501657e-01
8.01154025e-01  6.05079934e-01  8.26670278e-01  9.28372143e-01  4.36135855e-01  8.31866496e-01
8.68740158e-01  6.81705510e-01  5.43753342e-01  9.64390392e-01  6.91491063e-01  5.39269927e-01
7.60358035e-01  6.08897306e-01  9.63184597e-01  9.06186790e-01  4.64583222e-01  9.66847290e-01
9.24926095e-01  3.57733862e-01  5.70425901e-01  9.71191116e-01  2.51882278e-01  6.00767668e-01
7.77044626e-01  5.87091169e-01  9.20888693e-01  9.16923152e-01  3.55031066e-01  9.24178953e-01
9.65676745e-01  2.90916556e-01  4.76297439e-01  9.85107455e-01  2.32477328e-01  5.16149771e-01
8.83404460e-01  4.14548152e-01  6.73940681e-01  9.54358472e-01  3.03297052e-01  6.96437159e-01
9.36698878e-01  4.96242991e-01  4.36737743e-01  9.88458406e-01  4.33576340e-01  4.46571866e-01
8.96177327e-01  1.94385099e-01  7.78878140e-01  9.42811738e-01  1.40344331e-01  8.09463272e-01
9.35006963e-01  3.62557362e-01  5.32731085e-01  9.76637631e-01  2.63492754e-01  5.63058002e-01
7.71910381e-01  8.17941732e-01  7.82634379e-01  9.32674104e-01  5.68080731e-01  7.72205874e-01
8.98256045e-01  6.70558368e-01  4.50439505e-01  9.79504393e-01  7.08766443e-01  4.38200169e-01
7.72124196e-01  6.37777780e-01  9.03490541e-01  9.14474426e-01  4.92134470e-01  9.07100664e-01
8.56671207e-01  7.85154127e-01  5.15175733e-01  9.66277652e-01  8.29910344e-01  4.94067405e-01
8.84628765e-01  6.77743408e-01  4.92145916e-01  9.70958838e-01  7.42030601e-01  4.85056146e-01
8.36072060e-01  3.29952808e-01  8.92747272e-01  9.25924184e-01  1.88311363e-01  9.06311746e-01
9.48020084e-01  3.59500260e-01  4.90336583e-01  9.79767014e-01  3.45256819e-01  5.23435574e-01
8.18591746e-01  8.55130793e-01  5.98049121e-01  9.59665957e-01  6.87111701e-01  5.70619026e-01
8.12118352e-01  6.99724149e-01  7.25039213e-01  9.38898731e-01  5.99041248e-01  7.24877860e-01
7.96858146e-01  3.89397962e-01  9.86614108e-01  9.09052261e-01  2.78777819e-01  9.92898661e-01
7.48619095e-01  6.20475330e-01  9.95481224e-01  9.02350555e-01  4.37641196e-01  9.97896363e-01
8.49372817e-01  3.35617247e-01  8.43479403e-01  9.32851406e-01  1.93885695e-01  8.60546720e-01
8.66006662e-01  3.01772997e-01  8.09487747e-01  9.38010825e-01  1.79326280e-01  8.30935219e-01
8.69770521e-01  2.74104633e-01  8.15299910e-01  9.36279497e-01  1.94620789e-01  8.38382855e-01
8.98427678e-01  2.76879480e-01  7.15518953e-01  9.51744713e-01  1.67440873e-01  7.45687519e-01
9.44963050e-01  3.48326889e-01  5.08320737e-01  9.80446232e-01  2.56088710e-01  5.40400473e-01
7.57799192e-01  6.42067993e-01  9.49540961e-01  9.08649702e-01  4.60488964e-01  9.52028693e-01
8.49355818e-01  8.55792859e-01  4.92499696e-01  9.73917259e-01  7.98680382e-01  4.52535593e-01
8.23820677e-01  2.99647283e-01  9.55061541e-01  9.17237066e-01  1.77510740e-01  9.64615181e-01
7.51725716e-01  7.35310724e-01  9.07662764e-01  9.16055783e-01  4.58820823e-01  9.05440488e-01
9.25671064e-01  4.89133455e-01  4.79209706e-01  9.81371203e-01  4.27590172e-01  4.93459491e-01
7.22415674e-01  7.70905040e-01  9.83487973e-01  9.03552422e-01  4.72472747e-01  9.81858068e-01
8.52829535e-01  1.80755458e-01  9.36183967e-01  9.21524680e-01  1.21285543e-01  9.50558505e-01
8.58370748e-01  8.13170104e-01  4.90463833e-01  9.70421936e-01  8.56550275e-01  4.61116655e-01
8.93721101e-01  3.19258191e-01  7.03297866e-01  9.52835973e-01  2.00765528e-01  7.31236415e-01
9.74506580e-01  2.78806194e-01  4.54304132e-01  9.86540128e-01  2.72988972e-01  4.97273926e-01
8.48562534e-01  8.11159350e-01  5.25329022e-01  9.64728020e-01  8.41726229e-01  5.01181182e-01
8.15770244e-01  4.41086350e-01  8.87110290e-01  9.24610838e-01  2.62557450e-01  8.96981690e-01
1.00057047e+00  2.64740969e-01  3.74754138e-01  9.99007468e-01  2.72042058e-01  4.17536731e-01
7.39786653e-01  6.67919251e-01  9.93640032e-01  9.02696835e-01  4.41286889e-01  9.94803431e-01
8.37064513e-01  2.55396905e-01  9.39674261e-01  9.19978811e-01  1.57806026e-01  9.51741000e-01
7.82693314e-01  6.01641014e-01  8.91768082e-01  9.19376276e-01  4.07868321e-01  8.95809556e-01
7.39411871e-01  6.84194225e-01  9.83937043e-01  9.05246247e-01  4.17383382e-01  9.84166868e-01
8.14364924e-01  7.08896233e-01  7.11174929e-01  9.43838726e-01  5.37137306e-01  7.07995145e-01
7.62452988e-01  6.24783527e-01  9.45304765e-01  9.08601382e-01  4.75313305e-01  9.48793752e-01
9.42829696e-01  2.82041269e-01  5.60339407e-01  9.72139892e-01  2.29297857e-01  6.00082594e-01
8.37425105e-01  3.35931800e-01  8.84386947e-01  9.27009471e-01  1.94521480e-01  8.98382387e-01
8.34293131e-01  7.83062263e-01  5.93040694e-01  9.61549792e-01  6.20456968e-01  5.74474429e-01
8.31547573e-01  2.28464037e-01  9.76703029e-01  9.15121388e-01  1.45563946e-01  9.85824959e-01
8.54289001e-01  2.47895790e-01  8.85883948e-01  9.27941080e-01  1.47539141e-01  9.03124726e-01
7.53973337e-01  6.01255238e-01  9.90158139e-01  9.02605661e-01  4.49679465e-01  9.93381374e-01
8.06143799e-01  6.83689613e-01  7.56272380e-01  9.34241025e-01  5.85090289e-01  7.58088343e-01
7.91543790e-01  8.57361615e-01  6.88952532e-01  9.45671898e-01  6.48540618e-01  6.69598746e-01
9.25062391e-01  2.75011662e-01  6.25783107e-01  9.63810462e-01  1.91948709e-01  6.62437777e-01
9.06570599e-01  3.42005390e-01  6.43749626e-01  9.61098685e-01  2.20661484e-01  6.72965272e-01
8.26760676e-01  6.41982810e-01  7.13979915e-01  9.41168895e-01  5.63578984e-01  7.18796738e-01
8.19783555e-01  2.78790891e-01  9.82932773e-01  9.13514830e-01  1.68907740e-01  9.90547647e-01
8.12602047e-01  6.04156353e-01  7.87883042e-01  9.36311343e-01  3.86209185e-01  7.92365678e-01
8.24129426e-01  8.83718624e-01  5.59837875e-01  9.64392783e-01  7.53760064e-01  5.24365187e-01
9.40662402e-01  4.89950419e-01  4.27443525e-01  9.90651146e-01  4.15303829e-01  4.36877169e-01
8.61964532e-01  2.95822224e-01  8.27313553e-01  9.34053949e-01  2.12411748e-01  8.48403504e-01
7.86649807e-01  6.53069849e-01  8.43540412e-01  9.23026084e-01  5.14318837e-01  8.46944493e-01
8.53096724e-01  8.27506487e-01  4.98807122e-01  9.67598624e-01  8.97277504e-01  4.69486554e-01
8.78847891e-01  3.50324785e-01  7.32849103e-01  9.47783882e-01  2.26745034e-01  7.56911562e-01
9.82044670e-01  3.04579068e-01  4.11160260e-01  9.94249600e-01  2.70442732e-01  4.48435338e-01
8.15273970e-01  9.85789462e-01  5.21210934e-01  9.66438150e-01  9.45589696e-01  4.65377585e-01
9.80264181e-01  2.84308629e-01  4.30921506e-01  9.90709602e-01  2.65652421e-01  4.72285772e-01
8.32735918e-01  3.27926951e-01  9.05513341e-01  9.24051662e-01  1.88838382e-01  9.18196369e-01
8.52206342e-01  8.38804855e-01  4.94225114e-01  9.73367862e-01  7.91315952e-01  4.57820266e-01
7.23673375e-01  7.61526223e-01  9.85520475e-01  9.03420340e-01  4.66425559e-01  9.84151319e-01
9.86943344e-01  2.89208543e-01  4.04797166e-01  9.94870800e-01  2.70111740e-01  4.44530207e-01
8.38047390e-01  8.76642204e-01  5.17063546e-01  9.67633215e-01  8.54692500e-01  4.79447278e-01
8.41480769e-01  6.08027742e-01  6.86901283e-01  9.46705132e-01  5.21196845e-01  6.93938576e-01
8.97945465e-01  1.98922782e-01  7.69774884e-01  9.43981543e-01  1.44291932e-01  8.01016117e-01
8.65452268e-01  8.21117666e-01  4.60907575e-01  9.71276055e-01  9.67968468e-01  4.28997072e-01
9.03149875e-01  6.16476604e-01  4.70215702e-01  9.75820031e-01  6.75662324e-01  4.69746683e-01
7.82942091e-01  4.88445263e-01  9.67313760e-01  9.09141890e-01  3.59131406e-01  9.73109009e-01
7.77249752e-01  4.78685519e-01  9.93352213e-01  9.08088521e-01  2.87135739e-01  9.97081687e-01
8.49207047e-01  7.99587682e-01  5.30936006e-01  9.64459261e-01  8.16980119e-01  5.08822084e-01
8.29009394e-01  5.65757063e-01  7.57739970e-01  9.41312172e-01  3.65420851e-01  7.65261110e-01
8.93270104e-01  7.06492808e-01  4.43224196e-01  9.83529261e-01  6.72873561e-01  4.20967745e-01
9.76346826e-01  3.27255887e-01  4.15323082e-01  9.92187506e-01  3.17240244e-01  4.50471420e-01
9.22611392e-01  4.13700179e-01  5.40566215e-01  9.73127821e-01  3.44766740e-01  5.66135759e-01
7.96889293e-01  6.71273998e-01  7.96270067e-01  9.28844232e-01  5.58421077e-01  7.99080688e-01
8.89409057e-01  6.65876983e-01  4.83823166e-01  9.79050358e-01  5.79390496e-01  4.72047631e-01
7.69072811e-01  5.76575421e-01  9.55222242e-01  9.08424576e-01  4.34523465e-01  9.59681749e-01
7.66042577e-01  5.39834599e-01  9.90374460e-01  9.06633712e-01  3.41204369e-01  9.93483874e-01
9.20939346e-01  2.83172342e-01  6.34362224e-01  9.63078243e-01  1.82427326e-01  6.69410924e-01
8.04696171e-01  4.45949415e-01  9.21665894e-01  9.19606074e-01  2.60859713e-01  9.29488993e-01
9.43763515e-01  3.37737734e-01  5.19564456e-01  9.78800959e-01  2.47654155e-01  5.52969888e-01
7.55163393e-01  5.88595955e-01  9.94637081e-01  9.04894395e-01  3.73734072e-01  9.96861513e-01
9.70011854e-01  3.81046581e-01  4.00666752e-01  9.94901494e-01  3.46783886e-01  4.26000084e-01
8.80050298e-01  4.85157221e-01  6.37750663e-01  9.59063348e-01  3.53171094e-01  6.54334528e-01
9.22064744e-01  5.73393971e-01  4.34669803e-01  9.86736415e-01  5.35780221e-01  4.33178248e-01
8.35471122e-01  2.68238031e-01  9.36452227e-01  9.20748850e-01  1.51738892e-01  9.48252621e-01
9.45890058e-01  3.72013774e-01  4.89169343e-01  9.81734775e-01  3.10511463e-01  5.19122679e-01
8.40376753e-01  2.29946015e-01  9.45533936e-01  9.19302834e-01  1.50677538e-01  9.57781460e-01
8.15545570e-01  3.54587183e-01  9.46554624e-01  9.17888894e-01  2.01167997e-01  9.55293962e-01
8.69353571e-01  2.65263330e-01  8.22691467e-01  9.35990020e-01  1.73646195e-01  8.45255072e-01
8.56845147e-01  7.94855283e-01  5.08034966e-01  9.67372190e-01  8.40718905e-01  4.84462736e-01
8.45241767e-01  2.31737358e-01  9.27701947e-01  9.22181466e-01  1.41609257e-01  9.41485820e-01
8.69993495e-01  2.71831515e-01  8.16072807e-01  9.37672200e-01  1.56976354e-01  8.38451548e-01
8.63316820e-01  7.92815003e-01  4.87302617e-01  9.73831240e-01  7.76029650e-01  4.58503382e-01
9.57579205e-01  4.57653996e-01  3.91444707e-01  9.94370312e-01  4.49712173e-01  4.04795625e-01
