8.36272417e-01  9.40133582e-01  4.80281978e-01  9.71478972e-01  9.73864874e-01  4.26285675e-01
9.86406028e-01  2.44794816e-01  4.36901356e-01  9.89841115e-01  2.41652089e-01  4.84111722e-01
9.49895006e-01  2.75656403e-01  5.40510467e-01  9.74766720e-01  2.35003946e-01  5.81869948e-01
8.90143434e-01  7.13669544e-01  4.49062913e-01  9.82442585e-01  6.78858592e-01  4.26506405e-01
8.59145856e-01  4.77521094e-01  7.14323551e-01  9.48850382e-01  3.12555389e-01  7.29552117e-01
8.31615177e-01  3.77110705e-01  8.76446548e-01  9.27064593e-01  2.29804614e-01  8.89591783e-01
1.00057047e+00  2.64740969e-01  3.74754138e-01  9.99007468e-01  2.72042058e-01  4.17536731e-01
9.42407388e-01  3.96347218e-01  4.84646474e-01  9.80127158e-01  3.79515657e-01  5.12933897e-01
9.68794993e-01  3.69371568e-01  4.12702155e-01  9.91054156e-01  3.81283352e-01  4.42427056e-01
9.95623830e-01  2.76815837e-01  3.83504963e-01  9.97618606e-01  2.78996416e-01  4.24781785e-01
8.79331898e-01  6.21515728e-01  5.48185929e-01  9.67681270e-01  5.60477229e-01  5.49489854e-01
8.63631684e-01  2.50541873e-01  8.52474597e-01  9.32609437e-01  1.51540822e-01  8.72741196e-01
8.70506096e-01  6.04620883e-01  5.90037099e-01  9.61021675e-01  5.47854722e-01  5.95738830e-01
8.50496646e-01  2.73375584e-01  8.81942669e-01  9.26819371e-01  1.96108443e-01  8.99222255e-01
7.79635055e-01  8.03635604e-01  7.66194266e-01  9.34164593e-01  5.94385290e-01  7.56872732e-01
8.72893923e-01  5.57613748e-01  6.13304015e-01  9.62092604e-01  4.06855593e-01  6.22068234e-01
8.54585805e-01  1.72666580e-01  9.35642286e-01  9.21597773e-01  1.20249563e-01  9.50337400e-01
8.71976954e-01  2.98149216e-01  7.91535188e-01  9.40730192e-01  1.75000120e-01  8.14527480e-01
8.85154060e-01  3.27201618e-01  7.26908677e-01  9.49277820e-01  2.03898254e-01  7.52792533e-01
9.09482493e-01  3.33782068e-01  6.39350388e-01  9.60715321e-01  2.42382879e-01  6.70230199e-01
8.35534934e-01  2.07149926e-01  9.77761945e-01  9.15177361e-01  1.40416612e-01  9.87213630e-01
8.00445565e-01  4.93311131e-01  9.04224884e-01  9.21238312e-01  2.93188599e-01  9.11288902e-01
7.82453371e-01  6.01569611e-01  8.92934283e-01  9.19799471e-01  3.95049089e-01  8.96677331e-01
9.51018780e-01  3.95471799e-01  4.55818086e-01  9.84302630e-01  3.90343247e-01  4.83563979e-01
8.97369114e-01  3.46262051e-01  6.72313126e-01  9.56030542e-01  2.42053283e-01  7.00357025e-01
9.46767223e-01  3.68101834e-01  4.88812362e-01  9.80592737e-01  3.36456538e-01  5.20243754e-01
8.13538566e-01  5.06044533e-01  8.50895801e-01  9.28276550e-01  3.19755139e-01  8.59792052e-01
8.99842071e-01  2.90874614e-01  7.01241887e-01  9.52718030e-01  1.98984869e-01  7.31901894e-01
9.36727936e-01  2.66159042e-01  5.92200855e-01  9.68316644e-01  2.01356817e-01  6.31802560e-01
8.93825912e-01  6.48766441e-01  4.80577728e-01  9.75904788e-01  6.55934297e-01  4.74437074e-01
8.64066858e-01  4.67606190e-01  7.04499021e-01  9.48055840e-01  3.66525366e-01  7.22259900e-01
8.80462112e-01  3.66433903e-01  7.16760614e-01  9.49318876e-01  2.54618071e-01  7.40917924e-01
9.68330126e-01  3.21563542e-01  4.46551593e-01  9.87103759e-01  3.14276140e-01  4.83786571e-01
8.41885592e-01  5.84315594e-01  7.01521065e-01  9.47859813e-01  4.27816389e-01  7.08861392e-01
9.58476802e-01  3.04319115e-01  4.92148406e-01  9.83227747e-01  2.27816104e-01  5.29837347e-01
8.54498507e-01  4.00997544e-01  7.81843512e-01  9.40166329e-01  2.52354779e-01  7.99646996e-01
9.32929842e-01  3.94646081e-01  5.18173169e-01  9.78256012e-01  2.96704431e-01  5.44736490e-01
8.93721101e-01  3.19258191e-01  7.03297866e-01  9.52835973e-01  2.00765528e-01  7.31236415e-01
9.03527755e-01  3.31383259e-01  6.61610917e-01  9.57263136e-01  2.46904351e-01  6.91808039e-01
8.09656393e-01  7.81633457e-01  6.78473475e-01  9.48802899e-01  5.81333380e-01  6.66103863e-01
8.86260972e-01  2.76802993e-01  7.57138141e-01  9.45256393e-01  1.79304121e-01  7.84467025e-01
8.30007132e-01  7.67098009e-01  6.18456421e-01  9.56290765e-01  6.33567101e-01  6.05070500e-01
8.95178976e-01  2.43364795e-01  7.49234840e-01  9.45894214e-01  1.81487745e-01  7.79853879e-01
8.68301491e-01  3.40229253e-01  7.75992342e-01  9.41936209e-01  2.14444777e-01  7.97876782e-01
7.77356469e-01  7.34010435e-01  8.20966400e-01  9.26073278e-01  5.52001447e-01  8.18905604e-01
9.01613380e-01  5.56217010e-01  5.16129666e-01  9.75416231e-01  4.64912769e-01  5.22729541e-01
9.04551494e-01  3.38788010e-01  6.52818671e-01  9.58916530e-01  2.39398091e-01  6.82481287e-01
7.93323033e-01  7.41519023e-01  7.61050834e-01  9.37692682e-01  5.03497483e-01  7.55459743e-01
8.52496088e-01  5.52420958e-01  6.86496759e-01  9.51825187e-01  3.73653759e-01  6.95862022e-01
9.27319556e-01  2.97305147e-01  6.03027222e-01  9.65413856e-01  2.44125922e-01  6.39677264e-01
8.73726717e-01  5.73667221e-01  5.99625140e-01  9.62430752e-01  4.59224140e-01  6.07377246e-01
8.58370748e-01  8.13170104e-01  4.90463833e-01  9.70421936e-01  8.56550275e-01  4.61116655e-01
9.22300228e-01  5.63281184e-01  4.40689649e-01  9.87030328e-01  4.97510731e-01  4.40443834e-01
8.88809035e-01  3.78372170e-01  6.80186747e-01  9.53346720e-01  2.93062954e-01  7.05890482e-01
9.54025239e-01  4.29971207e-01  4.22266562e-01  9.88474110e-01  4.44798522e-01  4.43787799e-01
8.72317925e-01  7.81000910e-01  4.64524217e-01  9.78031697e-01  7.66373006e-01  4.33871359e-01
8.89815832e-01  6.76677326e-01  4.75442695e-01  9.75775378e-01  6.99010137e-01  4.64967116e-01
8.50021758e-01  7.06261289e-01  5.91430088e-01  9.59697999e-01  6.29083662e-01  5.84805699e-01
7.94554779e-01  7.55582495e-01  7.47648219e-01  9.36033072e-01  6.04169734e-01  7.42548657e-01
9.01484701e-01  2.38194895e-01  7.31180463e-01  9.49512298e-01  1.54454112e-01  7.63111654e-01
9.36595908e-01  2.52520759e-01  6.01557254e-01  9.66275263e-01  2.09139818e-01  6.42518008e-01
7.78238324e-01  7.19726114e-01  8.27593852e-01  9.26203183e-01  5.18606204e-01  8.26057901e-01
9.30969588e-01  2.80883171e-01  6.01937247e-01  9.66244603e-01  2.22863189e-01  6.39949979e-01
8.03022716e-01  4.42177155e-01  9.30226361e-01  9.15861616e-01  3.24220109e-01  9.38872369e-01
8.33704339e-01  6.01087016e-01  7.17856588e-01  9.45673811e-01  4.23290319e-01  7.23447830e-01
8.39777355e-01  4.01118961e-01  8.32355344e-01  9.31224696e-01  2.91659409e-01  8.48117516e-01
7.65199598e-01  5.79947646e-01  9.66182160e-01  9.10393149e-01  3.44012262e-01  9.68698522e-01
8.15848114e-01  7.10139160e-01  7.05269449e-01  9.46640123e-01  4.92989479e-01  7.00583574e-01
8.64068184e-01  5.66215411e-01  6.37948860e-01  9.54617113e-01  4.98318276e-01  6.48662149e-01
8.49298950e-01  8.39687480e-01  5.03561798e-01  9.68081275e-01  8.74860715e-01  4.71751030e-01
9.04864945e-01  6.34246972e-01  4.52364776e-01  9.77982253e-01  7.09840199e-01  4.47706184e-01
7.60539025e-01  6.25877876e-01  9.51404655e-01  9.09701569e-01  4.26728878e-01  9.53871553e-01
8.62313764e-01  5.02659652e-01  6.86535613e-01  9.51993010e-01  3.49205532e-01  7.00631624e-01
7.22415674e-01  7.70905040e-01  9.83487973e-01  9.03552422e-01  4.72472747e-01  9.81858068e-01
9.18525540e-01  2.63341195e-01  6.55991224e-01  9.59508070e-01  1.84147962e-01  6.91898456e-01
7.64451810e-01  8.57916717e-01  7.81139779e-01  9.32227309e-01  5.99665541e-01  7.67519072e-01
7.96387474e-01  3.98938529e-01  9.81784100e-01  9.11812011e-01  2.28274488e-01  9.87273693e-01
9.26072859e-01  2.32517542e-01  6.51007077e-01  9.60475413e-01  1.66465121e-01  6.89922227e-01
9.54334842e-01  4.41749771e-01  4.13558466e-01  9.89477803e-01  4.65543913e-01  4.32906601e-01
7.40838061e-01  8.09222016e-01  8.94683078e-01  9.16211059e-01  5.20821371e-01  8.89101875e-01
9.17480075e-01  5.13861526e-01  4.90505520e-01  9.75900823e-01  5.27264801e-01  5.04712250e-01
7.81995376e-01  7.82715571e-01  7.72248300e-01  9.34098354e-01  5.64089750e-01  7.64541842e-01
8.57358143e-01  3.01238108e-01  8.39695134e-01  9.32784357e-01  2.03325355e-01  8.59236368e-01
9.65037045e-01  2.36403295e-01  5.15268965e-01  9.79092535e-01  2.03275133e-01  5.61711435e-01
9.42917666e-01  2.76307282e-01  5.63908303e-01  9.71882337e-01  2.19886286e-01  6.03984980e-01
9.41904290e-01  3.62387198e-01  5.09579858e-01  9.77357747e-01  3.34095745e-01  5.42073886e-01
8.37272803e-01  2.76543259e-01  9.24690496e-01  9.21604492e-01  1.73250263e-01  9.37620456e-01
7.77836335e-01  5.14156833e-01  9.67704219e-01  9.08807489e-01  3.71473521e-01  9.72819418e-01
9.11535615e-01  5.44428783e-01  4.90484455e-01  9.76681664e-01  5.30101828e-01  4.99542468e-01
9.22913526e-01  5.82603786e-01  4.25555170e-01  9.87436827e-01  5.63278349e-01  4.22110794e-01
8.84422398e-01  6.18449634e-01  5.32864002e-01  9.70082763e-01  5.62322104e-01  5.33645835e-01
7.81116892e-01  8.75425465e-01  7.12386069e-01  9.41977105e-01  6.50312288e-01  6.92873355e-01
9.58864835e-01  2.56410976e-01  5.22853777e-01  9.78025951e-01  2.11513288e-01  5.66582525e-01
9.04848463e-01  4.39549158e-01  5.83807444e-01  9.66708749e-01  3.49593516e-01  6.06152922e-01
9.54086198e-01  4.35673254e-01  4.18210473e-01  9.88311769e-01  4.68225197e-01  4.39227427e-01
7.79051378e-01  5.21256513e-01  9.58464263e-01  9.12746851e-01  3.06474794e-01  9.62577595e-01
8.68110961e-01  5.88357949e-01  6.09194382e-01  9.57605771e-01  5.47161394e-01  6.17813939e-01
7.97325878e-01  7.01030157e-01  7.74996656e-01  9.35612147e-01  4.87181703e-01  7.73222580e-01
8.10455841e-01  3.72745432e-01  9.51392283e-01  9.16760103e-01  2.12154283e-01  9.59390321e-01
8.95691362e-01  3.77168576e-01  6.57188272e-01  9.57731122e-01  2.67737287e-01  6.83308052e-01
8.53981527e-01  6.62788430e-01  6.07238413e-01  9.56588508e-01  6.17232379e-01  6.07583515e-01
8.08086441e-01  3.48399487e-01  9.76217042e-01  9.11660529e-01  2.49007929e-01  9.83804239e-01
8.28946932e-01  3.04724542e-01  9.34416849e-01  9.19983392e-01  1.85428633e-01  9.45623148e-01
8.84741008e-01  4.59243567e-01  6.39212727e-01  9.59853276e-01  3.17201930e-01  6.57868800e-01
8.94007033e-01  6.03569108e-01  5.10161224e-01  9.73866052e-01  5.53909416e-01  5.11391896e-01
8.94960133e-01  4.85847393e-01  5.86644537e-01  9.66001092e-01  3.80893791e-01  6.03724196e-01
7.62652565e-01  6.75588622e-01  9.10336441e-01  9.16700717e-01  4.17971576e-01  9.10555033e-01
8.12263112e-01  4.34238330e-01  9.03714915e-01  9.22147604e-01  2.61538945e-01  9.13024787e-01
9.00022117e-01  5.60187566e-01  5.19184061e-01  9.71799292e-01  5.42418589e-01  5.27912249e-01
9.03901410e-01  6.53562523e-01  4.42622391e-01  9.83265574e-01  6.41730717e-01  4.30105612e-01
8.68132419e-01  3.68749060e-01  7.57025400e-01  9.44302270e-01  2.30900039e-01  7.78249168e-01
9.53201127e-01  4.13155422e-01  4.36429461e-01  9.87121158e-01  4.10182541e-01  4.60742532e-01
8.14180433e-01  3.61469292e-01  9.46276352e-01  9.17793801e-01  2.03341218e-01  9.54867410e-01
9.13977237e-01  5.19525527e-01  4.98650327e-01  9.75996109e-01  4.96966312e-01  5.11345865e-01
7.94086155e-01  7.33076081e-01  7.64438646e-01  9.35874099e-01  5.33491298e-01  7.60468880e-01
8.57204552e-01  2.57622371e-01  8.69357763e-01  9.29904782e-01  1.58658879e-01  8.87870273e-01
9.16253833e-01  5.12992131e-01  4.95281833e-01  9.78895574e-01  4.38021687e-01  5.06843521e-01
9.02612778e-01  6.52237379e-01  4.47918842e-01  9.80503496e-01  6.82686518e-01  4.38028111e-01
9.29198066e-01  4.65047043e-01  4.83414173e-01  9.80615146e-01  4.14099463e-01  5.01534548e-01
9.44335231e-01  5.02772861e-01  4.06243200e-01  9.91544439e-01  4.88394986e-01  4.13670770e-01
7.72735503e-01  7.01734641e-01  8.58240191e-01  9.23815815e-01  4.50661700e-01  8.57100903e-01
8.25905875e-01  8.46980940e-01  5.78857919e-01  9.59022482e-01  7.78908202e-01  5.53313175e-01
8.71994315e-01  4.90503800e-01  6.61665733e-01  9.56462948e-01  3.28885389e-01  6.76820490e-01
8.97061879e-01  2.04047862e-01  7.69335077e-01  9.44098240e-01  1.44354827e-01  8.00252576e-01
8.36312021e-01  5.95651793e-01  7.12912567e-01  9.44555293e-01  4.69194409e-01  7.20162304e-01
8.95675769e-01  2.50824215e-01  7.42503697e-01  9.47131683e-01  1.76977100e-01  7.72995294e-01
8.82602478e-01  5.59526941e-01  5.78844197e-01  9.65452521e-01  4.59679565e-01  5.87886997e-01
8.46967134e-01  7.98709013e-01  5.39181886e-01  9.67466090e-01  7.11883427e-01  5.14666683e-01
7.85105601e-01  4.39396051e-01  9.93324995e-01  9.08781399e-01  2.68100992e-01  9.97705969e-01
8.91963685e-01  6.21925304e-01  5.04755190e-01  9.76906448e-01  5.15808093e-01  5.01001734e-01
8.47219826e-01  2.51104534e-01  9.07872122e-01  9.24565542e-01  1.54815529e-01  9.23035986e-01
8.03738858e-01  5.10434606e-01  8.81416098e-01  9.24374861e-01  3.03680892e-01  8.88661671e-01
8.27722758e-01  3.22088285e-01  9.26880878e-01  9.21206540e-01  1.84420577e-01  9.38018696e-01
8.98408450e-01  6.00529822e-01  4.97175422e-01  9.75557299e-01  5.63805289e-01  4.98178241e-01
8.37412845e-01  3.17742889e-01  8.96703812e-01  9.24291254e-01  2.14711161e-01  9.10989601e-01
8.55103248e-01  4.85018659e-01  7.23075596e-01  9.47739405e-01  3.09911444e-01  7.37310132e-01
9.49698857e-01  2.12670153e-01  5.83684856e-01  9.69522499e-01  1.76952389e-01  6.29386988e-01
7.87027580e-01  4.44885595e-01  9.82754835e-01  9.10415218e-01  2.64696848e-01  9.87523457e-01
9.33203286e-01  4.29137949e-01  4.93962904e-01  9.78088126e-01  4.11541387e-01  5.18354198e-01
7.71910381e-01  8.17941732e-01  7.82634379e-01  9.32674104e-01  5.68080731e-01  7.72205874e-01
8.82621096e-01  2.18040878e-01  8.09229896e-01  9.38067662e-01  1.58054340e-01  8.35657264e-01
9.38245437e-01  3.19764863e-01  5.50544507e-01  9.74515840e-01  2.26541956e-01  5.85502446e-01
8.79964264e-01  3.76307930e-01  7.11500238e-01  9.50021784e-01  2.57863566e-01  7.35116597e-01
8.39313623e-01  2.74678360e-01  9.18976073e-01  9.22615905e-01  1.67976327e-01  9.32394207e-01
8.97276564e-01  3.43502171e-01  6.74789375e-01  9.54731392e-01  2.65628033e-01  7.03569416e-01
9.11897610e-01  2.48035458e-01  6.88964071e-01  9.55257620e-01  1.65514190e-01  7.23616436e-01
8.01646728e-01  8.53911228e-01  6.56763889e-01  9.49350020e-01  6.90121427e-01  6.36064850e-01
8.19659867e-01  8.11994301e-01  6.23807226e-01  9.53223058e-01  7.11570059e-01  6.06611611e-01
8.09530378e-01  4.07549286e-01  9.31064619e-01  9.18628446e-01  2.44575444e-01  9.39653663e-01
8.83078804e-01  7.04888546e-01  4.79123181e-01  9.73578778e-01  7.52784616e-01  4.65680823e-01
