8.39437029e-01  4.60365245e-01  7.93237601e-01  9.37635446e-01  2.90154556e-01  8.06841491e-01
8.94960133e-01  4.85847393e-01  5.86644537e-01  9.66001092e-01  3.80893791e-01  6.03724196e-01
8.49298950e-01  8.39687480e-01  5.03561798e-01  9.68081275e-01  8.74860715e-01  4.71751030e-01
9.87456993e-01  3.25420102e-01  3.78606665e-01  9.99912146e-01  2.78263428e-01  4.10246664e-01
7.47567890e-01  7.41232488e-01  9.17574525e-01  9.14361198e-01  4.60786495e-01  9.15322961e-01
9.85802293e-01  3.00774991e-01  4.00890164e-01  9.95055492e-01  2.88210078e-01  4.39018085e-01
8.65624425e-01  8.14780176e-01  4.64596429e-01  9.75673229e-01  8.46283544e-01  4.29890630e-01
9.42145334e-01  2.69638539e-01  5.71046938e-01  9.70279511e-01  2.29479968e-01  6.11971385e-01
8.50496646e-01  2.73375584e-01  8.81942669e-01  9.26819371e-01  1.96108443e-01  8.99222255e-01
8.39411407e-01  6.11236037e-01  6.91509531e-01  9.50138767e-01  4.19844021e-01  6.95633757e-01
9.44169850e-01  3.38464858e-01  5.17685254e-01  9.76600223e-01  3.07078277e-01  5.52876015e-01
9.13734442e-01  3.39893006e-01  6.20700207e-01  9.63538607e-01  2.44196777e-01  6.51688048e-01
7.71415775e-01  5.52436770e-01  9.63508490e-01  9.08302595e-01  4.02762910e-01  9.68058954e-01
8.04559238e-01  4.83327885e-01  8.96905982e-01  9.20275375e-01  3.42389590e-01  9.05700179e-01
8.18481237e-01  2.85833898e-01  9.82629243e-01  9.13656105e-01  1.67158665e-01  9.90059725e-01
8.70135270e-01  5.35186788e-01  6.37862390e-01  9.55455078e-01  4.62174131e-01  6.51413345e-01
8.46967134e-01  7.98709013e-01  5.39181886e-01  9.67466090e-01  7.11883427e-01  5.14666683e-01
8.80462112e-01  3.66433903e-01  7.16760614e-01  9.49318876e-01  2.54618071e-01  7.40917924e-01
9.46411337e-01  4.83661901e-01  4.12046996e-01  9.92385898e-01  4.32047686e-01  4.21747096e-01
7.78238324e-01  7.19726114e-01  8.27593852e-01  9.26203183e-01  5.18606204e-01  8.26057901e-01
8.14006708e-01  4.22254589e-01  9.05844658e-01  9.20895740e-01  2.82714452e-01  9.15990862e-01
7.79635055e-01  8.03635604e-01  7.66194266e-01  9.34164593e-01  5.94385290e-01  7.56872732e-01
9.23149351e-01  3.51393788e-01  5.80773818e-01  9.67146013e-01  3.07694728e-01  6.13367015e-01
8.59214728e-01  2.84816816e-01  8.44136644e-01  9.33269834e-01  1.69815528e-01  8.63618610e-01
9.48089814e-01  4.84711918e-01  4.05604117e-01  9.90713703e-01  4.96949135e-01  4.16953579e-01
9.36727936e-01  2.66159042e-01  5.92200855e-01  9.68316644e-01  2.01356817e-01  6.31802560e-01
9.19489013e-01  2.88699814e-01  6.35586846e-01  9.62079457e-01  2.04430352e-01  6.70555797e-01
7.77356469e-01  7.34010435e-01  8.20966400e-01  9.26073278e-01  5.52001447e-01  8.18905604e-01
8.93825912e-01  6.48766441e-01  4.80577728e-01  9.75904788e-01  6.55934297e-01  4.74437074e-01
8.98928407e-01  5.88575579e-01  5.03466002e-01  9.74676460e-01  5.51939456e-01  5.06665094e-01
8.82028680e-01  4.43436556e-01  6.59146268e-01  9.56873414e-01  3.08521544e-01  6.79057132e-01
7.60539025e-01  6.25877876e-01  9.51404655e-01  9.09701569e-01  4.26728878e-01  9.53871553e-01
8.81259120e-01  7.10341088e-01  4.81660482e-01  9.74621205e-01  7.22030593e-01  4.66348521e-01
8.55576289e-01  5.69569006e-01  6.64400448e-01  9.52626060e-01  4.45285639e-01  6.73596830e-01
9.30969588e-01  2.80883171e-01  6.01937247e-01  9.66244603e-01  2.22863189e-01  6.39949979e-01
8.99340285e-01  2.10596645e-01  7.57131192e-01  9.45354364e-01  1.57661965e-01  7.89013730e-01
9.86406028e-01  2.44794816e-01  4.36901356e-01  9.89841115e-01  2.41652089e-01  4.84111722e-01
9.02297981e-01  4.15272328e-01  6.08903725e-01  9.64262345e-01  3.03562197e-01  6.32850784e-01
9.60967052e-01  4.47434367e-01  3.86767267e-01  9.96835292e-01  4.04346052e-01  3.99833239e-01
9.85345040e-01  3.49134808e-01  3.69818705e-01  9.98835572e-01  3.53937970e-01  3.99056961e-01
7.90531642e-01  8.18930324e-01  7.18345864e-01  9.41577511e-01  6.10481870e-01  7.04960508e-01
9.29570356e-01  4.01122130e-01  5.25279903e-01  9.75465780e-01  3.39680246e-01  5.52356601e-01
8.38368672e-01  8.80553173e-01  5.13326494e-01  9.66149289e-01  9.07921394e-01  4.76237267e-01
8.71695407e-01  2.13543405e-01  8.49594824e-01  9.33307503e-01  1.34432998e-01  8.71837783e-01
7.97072019e-01  4.36493393e-01  9.54097182e-01  9.12642515e-01  3.13773096e-01  9.61501642e-01
8.68301491e-01  3.40229253e-01  7.75992342e-01  9.41936209e-01  2.14444777e-01  7.97876782e-01
7.52019933e-01  7.75844477e-01  8.79003554e-01  9.18837705e-01  5.10530390e-01  8.74715057e-01
8.87293136e-01  2.45300103e-01  7.74871611e-01  9.43381074e-01  1.54071255e-01  8.02529110e-01
8.82448735e-01  7.57307388e-01  4.45902862e-01  9.81225030e-01  7.53661607e-01  4.16429318e-01
8.28946932e-01  3.04724542e-01  9.34416849e-01  9.19983392e-01  1.85428633e-01  9.45623148e-01
8.43270717e-01  5.98706372e-01  6.86779593e-01  9.50504179e-01  4.23833760e-01  6.92335999e-01
8.38527429e-01  6.06518486e-01  6.97712688e-01  9.47572150e-01  4.56278274e-01  7.03383899e-01
8.01973759e-01  6.59483171e-01  7.86855729e-01  9.30658098e-01  5.46414303e-01  7.90317537e-01
9.15215507e-01  4.68445333e-01  5.28889822e-01  9.72514298e-01  4.33141720e-01  5.48939108e-01
8.94007033e-01  6.03569108e-01  5.10161224e-01  9.73866052e-01  5.53909416e-01  5.11391896e-01
9.51871707e-01  4.10565411e-01  4.42718902e-01  9.86058270e-01  4.09037576e-01  4.67833506e-01
8.39893756e-01  6.36728068e-01  6.72657813e-01  9.50424856e-01  4.96436005e-01  6.75484322e-01
8.43236255e-01  7.73973478e-01  5.68620595e-01  9.65232890e-01  6.27549096e-01  5.49155626e-01
9.79781435e-01  3.10705745e-01  4.14757816e-01  9.94371742e-01  2.57947858e-01  4.50639615e-01
7.67731073e-01  5.56642926e-01  9.73259944e-01  9.07104892e-01  3.96294889e-01  9.77287962e-01
7.90451176e-01  5.23358525e-01  9.18093937e-01  9.17410388e-01  3.42101327e-01  9.24145577e-01
8.37297416e-01  2.19303654e-01  9.63238983e-01  9.17738654e-01  1.26338686e-01  9.73634500e-01
8.42718616e-01  7.54370477e-01  5.83616654e-01  9.56798488e-01  7.54467337e-01  5.72905003e-01
9.04660434e-01  6.14307539e-01  4.66518880e-01  9.76462227e-01  6.74079808e-01  4.66006140e-01
7.95529354e-01  4.06574843e-01  9.79562065e-01  9.11634039e-01  2.41720974e-01  9.85199824e-01
8.18591746e-01  8.55130793e-01  5.98049121e-01  9.59665957e-01  6.87111701e-01  5.70619026e-01
8.39851041e-01  5.52062481e-01  7.29939447e-01  9.42040898e-01  4.47429753e-01  7.40977159e-01
7.72136084e-01  5.12153296e-01  9.88236935e-01  9.08555705e-01  2.98126181e-01  9.91456930e-01
8.99524052e-01  2.61199677e-01  7.22354412e-01  9.50508926e-01  1.68369614e-01  7.53391796e-01
7.76077079e-01  6.26683201e-01  8.97472470e-01  9.16237698e-01  4.69178023e-01  9.01280221e-01
9.35620327e-01  3.23214244e-01  5.57184976e-01  9.72881612e-01  2.43003778e-01  5.92047964e-01
9.63009494e-01  3.69368159e-01  4.32469556e-01  9.90955178e-01  3.07813059e-01  4.60629531e-01
9.30619637e-01  4.89791568e-01  4.61859621e-01  9.82865886e-01  4.60575529e-01  4.75985591e-01
9.32395604e-01  4.26142782e-01  4.98743747e-01  9.80408137e-01  3.37092324e-01  5.21275714e-01
7.98824856e-01  5.70986969e-01  8.57339249e-01  9.25255734e-01  3.85916434e-01  8.63347203e-01
8.83612809e-01  3.84797659e-01  6.93306090e-01  9.53332251e-01  2.46271131e-01  7.16655245e-01
8.35534934e-01  2.07149926e-01  9.77761945e-01  9.15177361e-01  1.40416612e-01  9.87213630e-01
7.44374285e-01  8.10846175e-01  8.81504609e-01  9.18029037e-01  5.29155669e-01  8.75448205e-01
8.37726398e-01  8.88836443e-01  5.09931377e-01  9.70074145e-01  8.37464774e-01  4.67910889e-01
8.90577182e-01  7.04417299e-01  4.53824191e-01  9.75484094e-01  8.12404282e-01  4.39204660e-01
9.54334842e-01  4.41749771e-01  4.13558466e-01  9.89477803e-01  4.65543913e-01  4.32906601e-01
8.87031573e-01  2.74387464e-01  7.56135634e-01  9.45825914e-01  1.68158398e-01  7.83479261e-01
7.88098972e-01  8.62214058e-01  6.97447342e-01  9.44773585e-01  6.37791633e-01  6.77930747e-01
8.17972680e-01  3.90614799e-01  9.13647236e-01  9.19822731e-01  2.75490792e-01  9.24600677e-01
7.94848424e-01  4.00951491e-01  9.85684361e-01  9.11294375e-01  2.27156849e-01  9.90861188e-01
9.49698857e-01  2.12670153e-01  5.83684856e-01  9.69522499e-01  1.76952389e-01  6.29386988e-01
8.12388928e-01  8.52485217e-01  6.21025654e-01  9.54264434e-01  7.18778852e-01  5.97691775e-01
8.56740279e-01  7.00498473e-01  5.72067442e-01  9.59500339e-01  7.05448502e-01  5.67296740e-01
8.78847891e-01  3.50324785e-01  7.32849103e-01  9.47783882e-01  2.26745034e-01  7.56911562e-01
8.79713838e-01  6.62605017e-01  5.19153176e-01  9.71937730e-01  6.00582465e-01  5.12599739e-01
8.31615177e-01  3.77110705e-01  8.76446548e-01  9.27064593e-01  2.29804614e-01  8.89591783e-01
8.63631684e-01  2.50541873e-01  8.52474597e-01  9.32609437e-01  1.51540822e-01  8.72741196e-01
8.57358143e-01  3.01238108e-01  8.39695134e-01  9.32784357e-01  2.03325355e-01  8.59236368e-01
8.89815832e-01  6.76677326e-01  4.75442695e-01  9.75775378e-01  6.99010137e-01  4.64967116e-01
9.58476802e-01  3.04319115e-01  4.92148406e-01  9.83227747e-01  2.27816104e-01  5.29837347e-01
7.62867920e-01  5.62116042e-01  9.86182631e-01  9.04608712e-01  4.10328192e-01  9.89943297e-01
8.64066858e-01  4.67606190e-01  7.04499021e-01  9.48055840e-01  3.66525366e-01  7.22259900e-01
9.11211555e-01  6.19856141e-01  4.40394002e-01  9.80838889e-01  6.82120039e-01  4.36012414e-01
8.33903609e-01  3.95729825e-01  8.55764079e-01  9.29917980e-01  2.35771160e-01  8.69346251e-01
9.34633141e-01  4.58033456e-01  4.69578883e-01  9.80145721e-01  4.73921638e-01  4.90241118e-01
8.86177757e-01  5.91912735e-01  5.44775213e-01  9.71666247e-01  4.62473558e-01  5.47364728e-01
9.30622354e-01  4.25846391e-01  5.05001628e-01  9.78507696e-01  3.57956754e-01  5.28475939e-01
8.57934279e-01  3.32240230e-01  8.16506414e-01  9.35795453e-01  2.16675677e-01  8.36213734e-01
9.06483105e-01  3.71607747e-01  6.24071720e-01  9.62617425e-01  2.67912955e-01  6.51925525e-01
8.74338466e-01  7.31737989e-01  4.90865111e-01  9.76546819e-01  6.54412912e-01  4.70166146e-01
8.25905875e-01  8.46980940e-01  5.78857919e-01  9.59022482e-01  7.78908202e-01  5.53313175e-01
8.47219826e-01  2.51104534e-01  9.07872122e-01  9.24565542e-01  1.54815529e-01  9.23035986e-01
9.21089165e-01  5.24722124e-01  4.70847189e-01  9.82475406e-01  4.57196923e-01  4.79297936e-01
9.86054929e-01  3.09911749e-01  3.93861640e-01  9.97624640e-01  2.61661823e-01  4.28887987e-01
8.49763894e-01  2.87050673e-01  8.74919567e-01  9.28370351e-01  1.82884673e-01  8.91919350e-01
7.82453371e-01  6.01569611e-01  8.92934283e-01  9.19799471e-01  3.95049089e-01  8.96677331e-01
8.40812580e-01  5.91640071e-01  6.99946019e-01  9.47287772e-01  4.48578748e-01  7.07048994e-01
9.47093465e-01  4.40354480e-01  4.38941019e-01  9.89204064e-01  3.69969777e-01  4.56998455e-01
8.17986120e-01  5.79684868e-01  7.86001131e-01  9.33284431e-01  4.59815117e-01  7.94179764e-01
7.81150587e-01  6.43291430e-01  8.68930661e-01  9.23493630e-01  4.02677710e-01  8.70641513e-01
8.88809035e-01  3.78372170e-01  6.80186747e-01  9.53346720e-01  2.93062954e-01  7.05890482e-01
9.00022117e-01  5.60187566e-01  5.19184061e-01  9.71799292e-01  5.42418589e-01  5.27912249e-01
8.32001887e-01  2.71596135e-01  9.46039659e-01  9.19185114e-01  1.57290038e-01  9.56955311e-01
7.94086155e-01  7.33076081e-01  7.64438646e-01  9.35874099e-01  5.33491298e-01  7.60468880e-01
9.13622937e-01  5.89683590e-01  4.52517038e-01  9.82408480e-01  5.75405071e-01  4.51462139e-01
8.39317144e-01  2.55916800e-01  9.31626040e-01  9.20269721e-01  1.79014525e-01  9.44803552e-01
8.97190996e-01  3.85500018e-01  6.46442669e-01  9.59619463e-01  2.64622962e-01  6.71940997e-01
7.94865686e-01  6.00031266e-01  8.51264190e-01  9.23558043e-01  4.58005822e-01  8.56998166e-01
8.60630841e-01  8.36967949e-01  4.66683272e-01  9.72546595e-01  9.26474921e-01  4.30769633e-01
8.94430572e-01  7.02405675e-01  4.42017442e-01  9.79622215e-01  7.64592426e-01  4.24095826e-01
9.00147651e-01  2.44678580e-01  7.31373109e-01  9.49613359e-01  1.53339392e-01  7.62729996e-01
9.25874708e-01  2.63842816e-01  6.30544610e-01  9.61961005e-01  2.15076605e-01  6.68769849e-01
9.18785421e-01  2.21004188e-01  6.83673700e-01  9.55969983e-01  1.57211028e-01  7.21032791e-01
8.70506096e-01  6.04620883e-01  5.90037099e-01  9.61021675e-01  5.47854722e-01  5.95738830e-01
8.27884206e-01  8.68033262e-01  5.57594868e-01  9.64341795e-01  7.54027590e-01  5.24628248e-01
9.64770618e-01  3.78014437e-01  4.20618338e-01  9.91043664e-01  3.56855701e-01  4.48335292e-01
8.47542539e-01  4.95640471e-01  7.41738718e-01  9.44417830e-01  3.25413515e-01  7.54907901e-01
8.41885592e-01  5.84315594e-01  7.01521065e-01  9.47859813e-01  4.27816389e-01  7.08861392e-01
8.39076114e-01  3.82525610e-01  8.47001669e-01  9.29694062e-01  2.70028306e-01  8.62590823e-01
9.42510942e-01  4.94649177e-01  4.17957338e-01  9.88225098e-01  5.12249330e-01  4.29256617e-01
8.93721101e-01  3.19258191e-01  7.03297866e-01  9.52835973e-01  2.00765528e-01  7.31236415e-01
9.11897610e-01  2.48035458e-01  6.88964071e-01  9.55257620e-01  1.65514190e-01  7.23616436e-01
9.03527755e-01  3.31383259e-01  6.61610917e-01  9.57263136e-01  2.46904351e-01  6.91808039e-01
8.37650150e-01  2.36556239e-01  9.50389012e-01  9.18369832e-01  1.57787569e-01  9.62065731e-01
8.09656393e-01  7.81633457e-01  6.78473475e-01  9.48802899e-01  5.81333380e-01  6.66103863e-01
8.69353571e-01  2.65263330e-01  8.22691467e-01  9.35990020e-01  1.73646195e-01  8.45255072e-01
8.34094544e-01  2.26713147e-01  9.69182221e-01  9.16999846e-01  1.24779428e-01  9.78746242e-01
9.21007883e-01  3.34529742e-01  5.99470249e-01  9.65390352e-01  2.74093886e-01  6.32662186e-01
9.18525540e-01  2.63341195e-01  6.55991224e-01  9.59508070e-01  1.84147962e-01  6.91898456e-01
8.83078804e-01  7.04888546e-01  4.79123181e-01  9.73578778e-01  7.52784616e-01  4.65680823e-01
8.86186884e-01  7.02791823e-01  4.69919797e-01  9.74008666e-01  7.79066557e-01  4.56639259e-01
8.03909394e-01  5.18879833e-01  8.75132086e-01  9.21415793e-01  4.02269958e-01  8.84066551e-01
8.72501694e-01  7.84935380e-01  4.61241199e-01  9.76550969e-01  8.17370658e-01  4.31174369e-01
8.73334674e-01  1.87494201e-01  8.61573809e-01  9.31412680e-01  1.34597639e-01  8.83952048e-01
9.41457330e-01  2.92194712e-01  5.58176179e-01  9.72460131e-01  2.34334617e-01  5.96824242e-01
9.44963050e-01  3.48326889e-01  5.08320737e-01  9.80446232e-01  2.56088710e-01  5.40400473e-01
7.94554779e-01  7.55582495e-01  7.47648219e-01  9.36033072e-01  6.04169734e-01  7.42548657e-01
8.55631435e-01  8.66065150e-01  4.64127656e-01  9.73409404e-01  9.40617441e-01  4.21854075e-01
8.50021758e-01  7.06261289e-01  5.91430088e-01  9.59697999e-01  6.29083662e-01  5.84805699e-01
7.72486432e-01  5.15706057e-01  9.84641838e-01  9.08738161e-01  3.07496346e-01  9.88045952e-01
8.77995750e-01  7.48313232e-01  4.67185129e-01  9.78206154e-01  7.26557164e-01  4.42272867e-01
8.03022716e-01  4.42177155e-01  9.30226361e-01  9.15861616e-01  3.24220109e-01  9.38872369e-01
8.76012464e-01  2.72991457e-01  7.94725228e-01  9.40134792e-01  1.71715675e-01  8.19131807e-01
9.59780716e-01  2.94223775e-01  4.94208298e-01  9.82195485e-01  2.37057943e-01  5.33731499e-01
8.93850563e-01  5.34873042e-01  5.57053868e-01  9.70971756e-01  3.99015524e-01  5.66992841e-01
8.39777355e-01  4.01118961e-01  8.32355344e-01  9.31224696e-01  2.91659409e-01  8.48117516e-01
9.03305278e-01  5.66486913e-01  5.03419182e-01  9.76808807e-01  4.88309494e-01  5.08203272e-01
8.64068184e-01  5.66215411e-01  6.37948860e-01  9.54617113e-01  4.98318276e-01  6.48662149e-01
8.55663448e-01  3.10411394e-01  8.38996959e-01  9.33429530e-01  1.89822824e-01  8.57810100e-01
9.21827623e-01  2.36178699e-01  6.63039704e-01  9.57858476e-01  1.89038593e-01  7.01309478e-01
9.71174480e-01  3.34517773e-01  4.28092820e-01  9.89384722e-01  3.38638492e-01  4.63331462e-01
9.11535615e-01  5.44428783e-01  4.90484455e-01  9.76681664e-01  5.30101828e-01  4.99542468e-01
8.18039095e-01  7.75900928e-01  6.53404579e-01  9.52289961e-01  5.93311163e-01  6.40357162e-01
9.60940010e-01  4.29373449e-01  3.99047235e-01  9.93652700e-01  4.15710519e-01  4.17528461e-01
8.53981527e-01  6.62788430e-01  6.07238413e-01  9.56588508e-01  6.17232379e-01  6.07583515e-01
8.63791161e-01  2.21704613e-01  8.71093157e-01  9.29387914e-01  1.58444423e-01  8.91236825e-01
8.54585805e-01  1.72666580e-01  9.35642286e-01  9.21597773e-01  1.20249563e-01  9.50337400e-01
9.00813328e-01  3.81794388e-01  6.36567672e-01  9.60228420e-01  2.84342090e-01  6.63319999e-01
7.71948522e-01  6.57712406e-01  8.90637253e-01  9.16339498e-01  4.99511256e-01  8.93373851e-01
8.84470769e-01  4.14995987e-01  6.69995717e-01  9.55733780e-01  2.84604413e-01  6.92085712e-01
7.93621207e-01  5.74855353e-01  8.72506817e-01  9.20646303e-01  4.43593265e-01  8.79120776e-01
7.81995376e-01  7.82715571e-01  7.72248300e-01  9.34098354e-01  5.64089750e-01  7.64541842e-01
8.95616942e-01  2.59156671e-01  7.37081791e-01  9.48411183e-01  1.67243729e-01  7.67115983e-01
8.43789490e-01  9.01001184e-01  4.81008421e-01  9.72301449e-01  9.20482652e-01  4.33774764e-01
9.41904290e-01  3.62387198e-01  5.09579858e-01  9.77357747e-01  3.34095745e-01  5.42073886e-01
8.45241767e-01  2.31737358e-01  9.27701947e-01  9.22181466e-01  1.41609257e-01  9.41485820e-01
7.77836335e-01  5.14156833e-01  9.67704219e-01  9.08807489e-01  3.71473521e-01  9.72819418e-01
9.30996892e-01  3.20367916e-01  5.74901089e-01  9.70551729e-01  2.32890374e-01  6.09409906e-01
8.37426343e-01  2.00360572e-01  9.75583699e-01  9.15969253e-01  1.25333979e-01  9.85224094e-01
9.27810154e-01  3.13234545e-01  5.90601723e-01  9.67435232e-01  2.47417324e-01  6.25925262e-01
9.69650315e-01  3.41364347e-01  4.28679731e-01  9.90199163e-01  3.21839582e-01  4.62124585e-01
8.62146328e-01  3.97571806e-01  7.58025289e-01  9.41706054e-01  2.99826911e-01  7.78419590e-01
8.12225019e-01  5.31106412e-01  8.38469594e-01  9.28610302e-01  3.64034771e-01  8.47063078e-01
8.31645152e-01  7.18713360e-01  6.45512564e-01  9.55271055e-01  5.24679845e-01  6.37647485e-01
8.68110961e-01  5.88357949e-01  6.09194382e-01  9.57605771e-01  5.47161394e-01  6.17813939e-01
7.97325878e-01  7.01030157e-01  7.74996656e-01  9.35612147e-01  4.87181703e-01  7.73222580e-01
8.35075200e-01  2.23164830e-01  9.68226190e-01  9.17072515e-01  1.25932011e-01  9.78004513e-01
8.37086645e-01  2.00339091e-01  9.76758882e-01  9.15662702e-01  1.28904279e-01  9.86336631e-01
8.15163243e-01  4.02443865e-01  9.15263743e-01  9.20812286e-01  2.46968161e-01  9.25073976e-01
8.08086441e-01  3.48399487e-01  9.76217042e-01  9.11660529e-01  2.49007929e-01  9.83804239e-01
9.54167614e-01  2.69352548e-01  5.30167978e-01  9.77648209e-01  2.00652726e-01  5.71602239e-01
9.48020084e-01  3.59500260e-01  4.90336583e-01  9.79767014e-01  3.45256819e-01  5.23435574e-01
8.45472752e-01  5.92198653e-01  6.83647398e-01  9.48963690e-01  4.70277781e-01  6.91111083e-01
8.52894497e-01  7.79703598e-01  5.31756760e-01  9.66262466e-01  7.58201067e-01  5.11311410e-01
8.59145856e-01  4.77521094e-01  7.14323551e-01  9.48850382e-01  3.12555389e-01  7.29552117e-01
7.72623629e-01  5.49714460e-01  9.61218814e-01  9.08820053e-01  3.98126191e-01  9.65848635e-01
9.25671064e-01  4.89133455e-01  4.79209706e-01  9.81371203e-01  4.27590172e-01  4.93459491e-01
8.64920366e-01  2.97718994e-01  8.15935129e-01  9.37148755e-01  1.76733060e-01  8.37084700e-01
9.31224635e-01  4.40225142e-01  4.93240902e-01  9.78967402e-01  4.00177197e-01  5.15431963e-01
9.69021282e-01  3.28416205e-01  4.39566304e-01  9.89777997e-01  2.82315271e-01  4.74276644e-01
8.62568949e-01  5.01220496e-01  6.86634475e-01  9.50403996e-01  3.86749939e-01  7.01845989e-01
8.93297202e-01  2.74178583e-01  7.34869909e-01  9.48936338e-01  1.66882485e-01  7.63834001e-01
8.59648198e-01  6.11027042e-01  6.22512076e-01  9.60011563e-01  4.47650632e-01  6.25661127e-01
7.23673375e-01  7.61526223e-01  9.85520475e-01  9.03420340e-01  4.66425559e-01  9.84151319e-01
8.41601584e-01  4.69715109e-01  7.79531545e-01  9.37628149e-01  3.43504175e-01  7.94131305e-01
8.99097596e-01  3.57073346e-01  6.59112107e-01  9.58046785e-01  2.45058298e-01  6.86706346e-01
8.29760181e-01  4.41921614e-01  8.38746108e-01  9.29603369e-01  3.16280790e-01  8.52112515e-01
9.44622237e-01  4.69789631e-01  4.27520134e-01  9.88685872e-01  4.46507328e-01  4.42020987e-01
9.21203689e-01  5.72349610e-01  4.38316094e-01  9.85078161e-01  5.58602191e-01  4.38357014e-01
8.36312021e-01  5.95651793e-01  7.12912567e-01  9.44555293e-01  4.69194409e-01  7.20162304e-01
8.86260972e-01  2.76802993e-01  7.57138141e-01  9.45256393e-01  1.79304121e-01  7.84467025e-01
7.85105601e-01  4.39396051e-01  9.93324995e-01  9.08781399e-01  2.68100992e-01  9.97705969e-01
8.63804317e-01  6.34957173e-01  5.92164219e-01  9.64402184e-01  4.73301961e-01  5.91366422e-01
8.04696171e-01  4.45949415e-01  9.21665894e-01  9.19606074e-01  2.60859713e-01  9.29488993e-01
8.84952243e-01  5.98148785e-01  5.44753847e-01  9.71907593e-01  4.60490493e-01  5.46290939e-01
7.86137874e-01  5.90827522e-01  8.87296262e-01  9.19019181e-01  4.31438879e-01  8.92463737e-01
8.32216530e-01  7.54920866e-01  6.19126124e-01  9.58192426e-01  5.78946646e-01  6.05933992e-01
9.02349387e-01  6.25398357e-01  4.66930200e-01  9.79976479e-01  5.98504248e-01  4.61537310e-01
7.65593744e-01  8.23376620e-01  8.00547896e-01  9.29356532e-01  5.79158853e-01  7.90835897e-01
8.27722758e-01  3.22088285e-01  9.26880878e-01  9.21206540e-01  1.84420577e-01  9.38018696e-01
8.07789198e-01  9.03431611e-01  6.02360178e-01  9.57720043e-01  7.44423361e-01  5.69395864e-01
8.64575224e-01  4.27905331e-01  7.29256275e-01  9.45286365e-01  3.26805551e-01  7.49004263e-01
8.37412845e-01  3.17742889e-01  8.96703812e-01  9.24291254e-01  2.14711161e-01  9.10989601e-01
9.50378784e-01  2.34934588e-01  5.66337622e-01  9.72239776e-01  1.83299425e-01  6.10440891e-01
8.58072462e-01  7.59051613e-01  5.28003172e-01  9.65488064e-01  7.78134717e-01  5.11511935e-01
8.26223996e-01  5.76795656e-01  7.59806918e-01  9.40597808e-01  3.78830912e-01  7.66636447e-01
9.61780871e-01  4.18846901e-01  4.03278046e-01  9.93442770e-01  3.96503337e-01  4.23467583e-01
8.72044569e-01  2.07945193e-01  8.52179652e-01  9.32325007e-01  1.48636748e-01  8.74743187e-01
9.32020119e-01  3.49305906e-01  5.51877171e-01  9.72059840e-01  2.94956857e-01  5.84895973e-01
7.79051378e-01  5.21256513e-01  9.58464263e-01  9.12746851e-01  3.06474794e-01  9.62577595e-01
7.81116892e-01  8.75425465e-01  7.12386069e-01  9.41977105e-01  6.50312288e-01  6.92873355e-01
8.71291142e-01  3.94915882e-01  7.28574779e-01  9.47896250e-01  2.54329626e-01  7.49594819e-01
9.26246350e-01  4.67479738e-01  4.91856666e-01  9.80232046e-01  3.92115159e-01  5.09248436e-01
9.04551494e-01  3.38788010e-01  6.52818671e-01  9.58916530e-01  2.39398091e-01  6.82481287e-01
8.40587969e-01  2.16301745e-01  9.54021259e-01  9.18652497e-01  1.35447565e-01  9.65594742e-01
8.77894051e-01  6.61481505e-01  5.26128379e-01  9.70810159e-01  5.98400238e-01  5.20353631e-01
7.65653955e-01  6.63954409e-01  9.07932209e-01  9.15199448e-01  4.62271004e-01  9.09591333e-01
8.97276564e-01  3.43502171e-01  6.74789375e-01  9.54731392e-01  2.65628033e-01  7.03569416e-01
8.46787092e-01  8.50637954e-01  5.04753639e-01  9.68307997e-01  8.72506285e-01  4.70859841e-01
8.85154060e-01  3.27201618e-01  7.26908677e-01  9.49277820e-01  2.03898254e-01  7.52792533e-01
8.04698269e-01  4.13289240e-01  9.43701371e-01  9.17022075e-01  2.39293279e-01  9.51220332e-01
8.19659867e-01  8.11994301e-01  6.23807226e-01  9.53223058e-01  7.11570059e-01  6.06611611e-01
8.42977006e-01  8.82004554e-01  4.96603306e-01  9.68258325e-01  9.31638094e-01  4.57039292e-01
9.85805971e-01  2.53993994e-01  4.32445773e-01  9.90756063e-01  2.40341910e-01  4.78039851e-01
9.30934907e-01  2.84938050e-01  5.99021549e-01  9.66750946e-01  2.20898958e-01  6.36655201e-01
