1.84284295e-01  7.61569958e-01  5.24181462e-01
8.55764457e-01  3.60601614e-01  3.91691035e-01
3.84378547e-01  5.79703452e-01  1.27169157e+00
9.11387437e-01  5.20874438e-01  1.43225027e+00
7.19720864e-01  4.32494274e-01  5.71682442e-01
9.49652345e-01  3.88453375e-01  1.09145760e+00
1.16655427e-01  6.72937882e-01  1.91400017e+00
4.30902999e-01  2.10701756e-01  2.07085344e+00
3.55588182e-01  6.55830371e-01  3.25050348e-01
9.55244217e-01  5.82687678e-01  5.29671285e-01
7.84477713e-01  5.05473175e-01  8.13504812e-01
8.48129902e-01  7.45520043e-01  4.62014719e-01
2.54632238e-01  9.38869950e-01  5.11586424e-01
9.98566644e-01  4.83656949e-01  8.62401924e-01
4.57366477e-01  2.97378886e-01  2.02367577e+00
7.65339652e-01  7.55696973e-01  2.62821480e-01
6.47525685e-01  1.14962141e-01  9.01946620e-01
8.94961759e-01  9.05027615e-01  6.07991635e-01
8.64813734e-01  6.67420065e-01  2.83236677e-01
6.80509717e-01  6.12240990e-01  4.93535094e-01
6.45204648e-01  2.38817783e-01  2.79951843e-01
5.41461107e-01  9.31495028e-01  1.23053833e+00
5.65291673e-01  4.71234027e-01  2.15270898e+00
2.63211840e-01  4.47139989e-01  4.20376051e-01
5.87918440e-01  3.58812083e-01  1.01341419e+00
6.96538425e-01  9.71610197e-01  8.56271626e-01
8.10460755e-01  2.96332324e-01  1.30371635e+00
5.67296918e-01  7.63615153e-01  3.41065563e-01
6.38955651e-01  8.01555760e-01  1.53709318e+00
4.53665944e-01  6.83629041e-01  1.05993807e+00
5.00527211e-01  6.19834172e-01  8.85371960e-01
8.60480265e-01  1.77487383e-01  1.42244913e+00
3.89095638e-01  2.34447849e-01  9.30280242e-01
2.92357399e-01  2.27013876e-01  1.94371162e+00
7.94250795e-01  2.46250556e-01  6.62098314e-01
9.85878524e-01  4.08551348e-01  1.56682282e+00
6.05173005e-01  3.40015164e-01  9.90912503e-01
3.32059948e-01  7.20206946e-01  2.01060980e+00
9.88027064e-01  1.57022136e-01  1.89655250e+00
8.53923926e-01  9.96677866e-01  4.38231608e-01
3.00410638e-01  3.56714878e-01  2.24281512e+00
6.11515749e-01  5.76062403e-01  3.02964321e-01
8.69604568e-01  8.02832992e-01  1.60700284e+00
6.26276342e-01  4.61865377e-01  1.99931802e+00
6.83464231e-01  9.86084234e-01  1.68277748e+00
7.02415194e-01  2.72004957e-01  1.48846294e+00
1.58979160e-01  2.79634577e-01  3.77612891e-01
5.52578960e-01  8.06714661e-01  2.18075435e+00
1.97326414e-01  9.07471948e-01  3.18937374e-01
5.94445761e-01  3.10767797e-01  8.66386517e-01
7.55605988e-01  3.00629109e-01  9.32607658e-01
5.39757462e-01  1.80823027e-01  1.11163453e+00
3.76912962e-01  6.37980891e-01  2.07654398e+00
4.27331122e-01  3.27052547e-01  1.35871656e+00
8.66841872e-01  9.39496570e-01  1.95994158e+00
4.08366348e-01  8.97947232e-01  2.54814957e-01
6.12716301e-01  7.09130074e-01  1.03130671e+00
1.85156283e-01  9.42123629e-01  6.19170052e-01
6.10407496e-01  6.16069244e-01  5.76284571e-01
9.98910310e-01  3.61853321e-01  8.91604802e-01
8.69946425e-01  5.10992241e-01  1.47087780e+00
7.46355527e-01  3.27625647e-01  1.62888682e+00
1.55778376e-01  7.18265810e-01  1.69733636e+00
6.13844570e-01  1.84292759e-01  1.74997868e+00
4.00730643e-01  3.45749583e-01  2.10543189e+00
3.99278875e-01  1.65878618e-01  2.04278865e+00
1.50997580e-01  1.66275449e-01  1.80083349e+00
8.88427824e-01  1.42453643e-01  1.68521987e+00
8.92144943e-01  5.40917216e-01  9.74045980e-01
6.58125641e-01  5.28636485e-01  1.31187265e+00
8.26688277e-01  9.62208108e-01  7.92527963e-01
2.39269372e-01  8.00382006e-01  2.07173784e+00
2.11969355e-01  8.51113363e-01  1.92736880e+00
7.77195348e-01  2.03075942e-01  1.77451874e+00
7.88302620e-01  7.87150512e-01  6.37032243e-01
5.40983201e-01  7.77289443e-01  1.22881707e+00
9.62204751e-01  9.17467482e-01  4.84074256e-01
8.82204911e-01  3.68335822e-01  1.02900790e+00
8.40931866e-01  2.20915695e-01  2.21946030e+00
8.30013937e-01  4.39497931e-01  2.13198784e+00
3.97301378e-01  2.60310906e-01  1.98804915e+00
5.58340023e-01  7.95273226e-01  7.04241051e-01
5.55052150e-01  6.05283283e-01  1.88735728e+00
4.34462393e-01  2.14824517e-01  9.90122568e-01
7.31054405e-01  6.52584975e-01  4.01660229e-01
4.54427576e-01  7.53365520e-01  5.57711325e-01
3.73764781e-01  8.32095873e-01  8.89933039e-01
3.25079267e-01  7.02875594e-01  6.25838282e-01
2.99641572e-01  8.17736296e-01  1.51662709e+00
2.32076491e-01  3.99921328e-01  1.64015037e+00
5.03216470e-01  9.58410847e-01  2.54522749e-01
8.72431385e-01  1.50326072e-01  1.96479211e+00
2.30703723e-01  4.64650884e-01  1.29548701e+00
7.73580059e-01  8.80885012e-01  9.70876443e-01
4.89430809e-01  9.81121526e-01  6.00620632e-01
6.41240267e-01  7.32466083e-01  5.39018818e-01
8.81869430e-01  9.94609310e-01  8.28882388e-01
8.47654467e-01  6.37910851e-01  1.74996674e+00
4.45352216e-01  9.00238599e-01  1.71886142e+00
8.77939455e-01  7.15082081e-01  8.19350425e-01
1.95261998e-01  5.18767208e-01  8.31051967e-01
5.89005755e-01  6.43205229e-01  1.63585610e+00
3.64751581e-01  4.68422040e-01  1.15246257e+00
5.18852029e-01  7.70916303e-01  7.02184477e-01
2.43422362e-01  4.67050649e-01  2.00956226e+00
8.69414899e-01  4.96080211e-01  1.38012139e+00
1.15453308e-01  8.37003212e-01  1.89880465e+00
6.32210526e-01  8.25852632e-01  8.92820476e-01
3.93206031e-01  3.86230991e-01  1.07497075e+00
4.12848020e-01  4.13014267e-01  2.23219208e+00
8.15373545e-01  4.66867798e-01  7.53742631e-01
4.86318898e-01  8.67477796e-01  1.03077208e+00
7.44662389e-01  1.81936653e-01  3.19687180e-01
9.58894048e-01  4.94543729e-01  1.93227328e+00
6.31076155e-01  7.64680136e-01  6.29034578e-01
1.30941068e-01  5.10971064e-01  1.01554733e+00
8.15379725e-01  6.24117275e-01  1.49116789e+00
4.01874888e-01  4.02166616e-01  3.58709074e-01
9.28057532e-01  1.34702731e-01  4.90104551e-01
4.57885154e-01  2.47684075e-01  1.46805768e+00
1.97718157e-01  9.05169732e-01  1.48357880e+00
5.19126669e-01  2.14658479e-01  4.95005295e-01
4.18600685e-01  7.68014793e-01  2.93444540e-01
4.30501814e-01  3.00329032e-01  1.98232900e+00
5.19269078e-01  8.08388182e-01  1.34497874e+00
7.29874882e-01  2.18583233e-01  2.13899140e+00
2.56296775e-01  7.94393506e-01  2.24044478e+00
6.35097868e-01  8.23340496e-01  5.87950525e-01
1.83926105e-01  6.36742284e-01  1.68450639e+00
2.25690383e-01  9.04551569e-01  1.02204765e+00
9.37876329e-01  8.75273238e-01  1.30125236e+00
3.78254844e-01  1.75680520e-01  2.00552023e+00
3.71246346e-01  6.18236496e-01  5.87628124e-01
4.52063939e-01  8.55090841e-01  1.62239863e+00
8.88090348e-01  1.57084133e-01  1.29898002e+00
4.71492058e-01  4.63184191e-01  1.95189211e+00
8.17406175e-01  2.89948531e-01  7.04164180e-01
7.64025705e-01  7.48562072e-01  8.89441482e-01
7.69053392e-01  3.38249946e-01  1.43398474e+00
3.41140593e-01  5.99432924e-01  1.33482254e+00
8.94225532e-01  2.83817038e-01  4.91015720e-01
9.12668293e-01  6.96990968e-01  1.01236392e+00
2.26609993e-01  2.21739437e-01  1.33916218e+00
7.83629882e-01  4.18311938e-01  6.71754272e-01
7.00784573e-01  9.79745219e-01  9.95277044e-01
6.81520229e-01  4.64952498e-01  2.24627017e+00
7.52788650e-01  4.61648426e-01  1.16484246e+00
4.29559165e-01  5.96061713e-01  1.01181584e+00
8.59650597e-01  4.61428756e-01  1.13888123e+00
2.03577522e-01  7.46077058e-01  3.78127621e-01
4.11579723e-01  8.00387899e-01  5.44675427e-01
2.41378502e-01  9.24499986e-01  1.75422395e+00
2.38144115e-01  2.62673377e-01  1.42932125e+00
6.04994326e-01  9.04940575e-01  1.55382786e+00
1.45650443e-01  1.95206756e-01  1.37649826e+00
5.07943362e-01  8.24375416e-01  1.12360030e+00
7.85670938e-01  1.87705854e-01  3.39371575e-01
9.05787979e-01  6.46225386e-01  1.62228412e+00
4.50783477e-01  2.06089266e-01  4.48572149e-01
2.44425187e-01  7.91167652e-01  1.15642191e+00
9.58165686e-01  6.65072980e-01  1.15394287e+00
8.44127685e-01  8.51324780e-01  9.45788769e-01
2.97811579e-01  2.20373258e-01  1.30057633e+00
9.10551526e-01  4.98813602e-01  1.00660741e+00
8.20404307e-01  5.12179806e-01  2.51841341e-01
7.65713962e-01  2.74533801e-01  1.34386503e+00
3.48939703e-01  8.45959680e-01  2.18140858e+00
2.48493752e-01  9.89924644e-01  2.06546341e+00
5.49091746e-01  2.22871392e-01  1.04428106e+00
5.95742404e-01  7.95891820e-01  2.19474487e+00
3.04666480e-01  3.74312653e-01  5.74243929e-01
9.01515786e-01  2.41814659e-01  1.78437092e+00
9.88323771e-01  9.37270659e-01  1.76532800e+00
7.25241721e-01  6.69291957e-01  2.50779692e-01
3.27864021e-01  1.43070911e-01  1.92683821e+00
5.54185113e-01  6.61007401e-01  1.04839687e+00
5.44111097e-01  2.14774519e-01  7.52071044e-01
5.19719034e-01  3.96816859e-01  1.76893175e+00
2.94589734e-01  6.17839348e-01  2.68309301e-01
1.24397824e-01  9.63512181e-01  1.07517653e+00
5.51631575e-01  5.97672202e-01  1.39575770e+00
1.21499375e-01  2.45914665e-01  1.28292605e+00
3.89548622e-01  2.15200849e-01  7.14820401e-01
3.85386988e-01  9.30942641e-01  1.23639188e+00
5.44437060e-01  8.31069897e-01  1.75114599e+00
8.35529878e-01  5.13090109e-01  3.55277350e-01
2.71123428e-01  9.43050782e-01  1.57368579e+00
8.98476414e-01  9.51696861e-01  1.64198314e+00
9.69860460e-01  5.64671294e-01  1.76897987e+00
2.52584388e-01  6.74762509e-01  9.47384292e-01
6.82711132e-01  8.33349980e-01  9.09204446e-01
3.84854512e-01  5.19561516e-01  9.97894935e-01
4.71383885e-01  5.81072670e-01  2.70632583e-01
8.00536599e-01  8.76960430e-01  1.90553380e+00
8.01539735e-01  3.58487151e-01  6.02236537e-01
9.24944959e-01  7.53704393e-01  3.01364330e-01
6.86196214e-01  5.92178261e-01  2.03123220e+00
7.03859522e-01  7.68778397e-01  1.66353720e+00
8.81563216e-01  2.61984561e-01  1.62633903e+00
9.72935816e-01  9.13047505e-01  3.19548379e-01
6.79102686e-01  7.07542216e-01  1.54884703e+00
3.34157507e-01  2.08687464e-01  7.68720406e-01
6.52661328e-01  9.54640119e-01  8.76934720e-01
2.70721639e-01  8.40082884e-01  4.63960483e-01
1.70947910e-01  1.89605593e-01  1.57448722e+00
7.54750427e-01  5.10808811e-01  7.63821496e-01
5.18719480e-01  6.98670621e-01  3.59257934e-01
4.88345317e-01  6.63729641e-01  1.78940073e+00
8.12370877e-01  9.19977799e-01  1.32858272e+00
3.20927485e-01  3.90408576e-01  1.55628331e+00
7.97425345e-01  7.85957839e-01  1.84341554e+00
7.74703456e-01  9.46893603e-01  1.02218924e+00
5.46066291e-01  6.80107133e-01  4.78741850e-01
4.61336497e-01  3.64583550e-01  1.54158373e+00
9.64919577e-01  2.30807916e-01  1.21320516e+00
5.09754004e-01  2.78190199e-01  8.58537546e-01
4.54736408e-01  1.58561061e-01  1.52857104e+00
6.87913203e-01  5.82431443e-01  1.87704220e+00
8.85632030e-01  9.04433920e-01  1.87455227e+00
2.76577048e-01  4.76229095e-01  2.17165968e+00
6.48714715e-01  5.22885379e-01  1.49208716e+00
4.17917175e-01  3.28185615e-01  5.31563615e-01
1.62530424e-01  8.95256018e-01  6.43289582e-01
9.26511182e-01  1.41262048e-01  2.24796076e+00
4.19481732e-01  4.72898564e-01  4.81962941e-01
4.89764176e-01  6.33574497e-01  1.74143716e+00
9.54116605e-01  1.35095511e-01  3.20474718e-01
7.43201848e-01  7.79984259e-01  2.16809561e+00
9.20380443e-01  8.68606490e-01  1.21517336e+00
4.71724386e-01  6.99697163e-01  1.69902351e+00
6.55330158e-01  7.50722176e-01  1.73465789e+00
2.80581935e-01  3.12093361e-01  2.12535966e+00
4.25727106e-01  3.55951340e-01  3.99053195e-01
3.94736313e-01  7.36865404e-01  2.21875142e+00
3.01179913e-01  6.80347268e-01  9.31532348e-01
8.79395624e-01  5.01985264e-01  2.15787754e+00
2.07899896e-01  1.43621136e-01  3.49934151e-01
5.13743407e-01  5.41680940e-01  9.81205233e-01
4.90742507e-01  5.55950189e-01  1.49770104e+00
6.77189190e-01  7.56284095e-01  5.68455185e-01
7.75630444e-01  3.49240587e-01  1.25981106e+00
4.87049918e-01  6.84373814e-01  2.11241187e+00
1.80095189e-01  4.89425336e-01  1.44532460e+00
4.15295870e-01  2.11091742e-01  2.12369966e+00
3.79770610e-01  4.45656052e-01  9.49710224e-01
2.73694289e-01  6.60916717e-01  5.90116464e-01
2.91502311e-01  2.03832564e-01  1.64668379e+00
8.73274294e-01  8.92606832e-01  1.20500095e+00
5.64276955e-01  5.53658546e-01  1.57812524e+00
7.37803527e-01  4.32213272e-01  2.98227854e-01
3.16156094e-01  2.33813947e-01  2.22019851e+00
3.91061261e-01  9.45978760e-01  1.67970727e+00
7.60891603e-01  7.34769675e-01  2.07300603e+00
9.11552185e-01  1.97928203e-01  2.21240436e+00
6.99424088e-01  2.83570231e-01  4.29404928e-01
2.11272618e-01  7.18527346e-01  3.64965743e-01
6.57865497e-01  7.15409558e-01  1.65519203e+00
1.83758538e-01  9.90697529e-01  4.13005034e-01
5.58306374e-01  9.18804881e-01  1.90517785e+00
5.41448180e-01  2.88765142e-01  1.77471277e+00
3.98550196e-01  8.30408305e-01  4.85518725e-01
8.63343349e-01  3.24316472e-01  9.50169149e-01
1.86677441e-01  2.10404305e-01  1.97969734e+00
8.87885175e-01  8.19699813e-01  1.73164098e+00
1.27319326e-01  1.78204818e-01  1.04239016e+00
9.41769840e-01  4.90938143e-01  1.86033893e+00
4.42517914e-01  8.72397695e-01  1.89476604e+00
6.01008581e-01  3.98488686e-01  9.09360747e-01
1.81314187e-01  6.25161682e-01  4.12233741e-01
7.38943571e-01  3.48086700e-01  4.78005202e-01
8.98404192e-01  1.59710462e-01  2.91280633e-01
8.34463603e-01  8.44002719e-01  1.78091594e+00
5.49902224e-01  4.00858376e-01  2.09859877e+00
7.73584554e-01  2.91452565e-01  1.13713470e+00
6.69518252e-01  7.82534736e-01  8.44440691e-01
6.35199467e-01  2.81056043e-01  1.01209943e+00
8.64471856e-01  4.19605727e-01  8.41576344e-01
3.60756401e-01  8.75459445e-01  1.42937977e+00
2.28764678e-01  8.76868822e-01  1.39789365e+00
1.17793841e-01  5.08955495e-01  1.01265873e+00
4.61140904e-01  5.41581579e-01  3.61858661e-01
5.85677411e-01  4.54861313e-01  2.21187131e+00
5.23259111e-01  8.45372253e-01  1.01688563e+00
3.54160202e-01  3.19162336e-01  1.85288429e+00
5.81379326e-01  4.42910324e-01  4.52965068e-01
3.66675221e-01  2.79090541e-01  2.00035632e+00
4.15565163e-01  1.95350457e-01  1.81065187e+00
1.23643765e-01  5.57640033e-01  1.77220072e+00
2.04264766e-01  8.21007070e-01  1.01040695e+00
6.48279712e-01  4.41419108e-01  1.79241957e+00
1.87471590e-01  2.26220670e-01  7.60433400e-01
6.49709139e-01  2.05588005e-01  1.74009233e+00
7.16330040e-01  1.83714908e-01  1.90872512e+00
9.05541367e-01  7.98676915e-01  2.21191406e+00
1.85676401e-01  1.48671395e-01  1.66714187e+00
7.06118722e-01  8.75648238e-01  1.15360077e+00
5.81657631e-01  7.53591460e-01  1.26180282e+00
9.38337766e-01  2.80759135e-01  8.19156136e-01
3.86383923e-01  8.19232674e-01  1.67033853e+00
3.94878633e-01  2.05581443e-01  7.72379467e-01
5.15727762e-01  5.96839822e-01  1.97296902e+00
5.17000494e-01  5.55370641e-01  9.58424081e-01
4.27367358e-01  5.72478937e-01  1.29761173e+00
7.55473191e-01  8.79126731e-01  4.26552662e-01
9.97322522e-01  2.53666400e-01  5.77305264e-01
8.61465068e-01  1.23502366e-01  2.20874309e+00
9.32960540e-01  2.73325533e-01  9.82004127e-01
8.25245392e-01  6.19533212e-01  1.30424756e+00
5.72537875e-01  1.79658251e-01  1.37343852e+00
7.44162758e-01  8.18936246e-01  7.40894771e-01
7.85914251e-01  8.50611156e-01  1.89099434e+00
1.54769637e-01  2.37164553e-01  1.70871942e+00
7.29330619e-01  5.73833667e-01  2.10810535e+00
2.67215516e-01  7.63574324e-01  1.80720499e+00
1.32790646e-01  2.02838133e-01  9.88508537e-01
4.64517892e-01  7.51735423e-01  7.06453300e-01
8.16342332e-01  2.43442701e-01  1.58447663e+00
6.58799488e-01  8.62411662e-01  1.45984699e+00
7.44613726e-01  2.33281993e-01  1.02319457e+00
7.13117416e-01  9.23097135e-01  1.13700209e+00
7.13160547e-01  7.53801015e-01  1.86072099e+00
2.38006581e-01  6.14768574e-01  5.31995710e-01
6.57990223e-01  8.47251589e-01  6.98933615e-01
8.79862415e-01  4.47176139e-01  1.33162356e+00
3.40847322e-01  5.91727333e-01  8.99331568e-01
6.16071708e-01  5.58882563e-01  8.46217576e-01
3.96688453e-01  2.14585892e-01  3.52522944e-01
2.07008006e-01  4.10819948e-01  3.70072849e-01
9.86037791e-01  5.59416848e-01  2.03060617e+00
1.95810085e-01  3.52167793e-01  1.08673325e+00
2.21076612e-01  7.77290711e-01  1.62610471e+00
8.95661587e-01  9.27528820e-01  8.69485663e-01
7.47326450e-01  9.05703034e-01  1.78538679e+00
1.63466958e-01  4.01142480e-01  7.09466019e-01
9.59766544e-01  9.87435428e-01  1.99607057e+00
1.60483179e-01  9.75269376e-01  8.52408090e-01
4.07289771e-01  8.73812092e-01  7.58387669e-01
5.09132881e-01  7.89089701e-01  5.14736615e-01
5.56975850e-01  9.06046356e-01  4.82616625e-01
8.51887591e-01  4.90683773e-01  1.03131331e+00
9.65052388e-01  8.28842092e-01  3.89639127e-01
2.91802520e-01  2.53850198e-01  1.06201594e+00
8.92644552e-01  5.96751106e-01  7.72474623e-01
3.99213707e-01  7.44610368e-01  4.29936931e-01
6.68799117e-01  9.53931283e-01  2.04343314e+00
8.03690588e-01  2.82990942e-01  5.10104193e-01
1.89901288e-01  5.25606192e-01  9.40032129e-01
6.79643637e-01  9.30377407e-01  5.33492524e-01
5.17647960e-01  5.16391313e-01  1.03891321e+00
7.71900605e-01  6.51551809e-01  3.40991309e-01
5.67522348e-01  2.24763646e-01  2.17380978e+00
6.54675787e-01  2.39365738e-01  5.29724138e-01
1.27723849e-01  2.94168909e-01  9.96727256e-01
4.23763210e-01  6.12938776e-01  9.90632931e-01
5.97801393e-01  5.71455276e-01  2.13811738e+00
9.60541676e-01  5.33490969e-01  1.56850931e+00
5.86870678e-01  4.34697515e-01  1.65444805e+00
4.68815710e-01  3.05437055e-01  8.39707827e-01
9.24884270e-01  9.53144128e-01  1.42072342e+00
3.02577800e-01  5.97143583e-01  1.82663821e+00
7.26047721e-01  8.30154725e-01  1.23331148e+00
7.09399974e-01  2.63123094e-01  9.62123446e-01
8.11609117e-01  3.89172388e-01  3.84375290e-01
4.03413509e-01  8.43667330e-01  1.50607899e+00
6.60061770e-01  9.41191339e-01  3.80440635e-01
8.20729255e-01  7.14443864e-01  1.35537285e+00
7.76387388e-01  8.45160563e-01  5.76561400e-01
4.19513348e-01  3.02471826e-01  1.65105362e+00
4.71621629e-01  9.27912918e-01  1.65446773e+00
5.23932928e-01  8.37736254e-01  1.78531584e+00
4.61602130e-01  2.78731258e-01  1.50069906e+00
3.46875790e-01  1.93473368e-01  1.96463024e+00
8.68264109e-01  1.28547220e-01  1.49137895e+00
4.75299021e-01  8.97072886e-01  7.63883076e-01
3.16257279e-01  3.53341329e-01  4.95675931e-01
5.43560784e-01  7.56113076e-01  1.99631784e+00
5.30009622e-01  2.52180969e-01  9.82456894e-01
8.81625439e-01  9.72990526e-01  1.50860010e+00
5.89795624e-01  3.35808548e-01  1.25844678e+00
1.75198997e-01  3.03930042e-01  8.68040792e-01
4.34248516e-01  5.95363459e-01  1.50954610e+00
6.02638080e-01  4.03885310e-01  1.13100046e+00
8.75668862e-01  6.27301103e-01  5.85791268e-01
3.62980360e-01  6.09808814e-01  1.59832376e+00
5.57187443e-01  3.49861907e-01  1.62515562e+00
9.04474029e-01  8.19331364e-01  1.17124214e+00
5.63892856e-01  2.36184386e-01  2.07902644e+00
7.56501623e-01  4.87179394e-01  1.84275059e+00
2.34154808e-01  8.21710655e-01  2.23534391e+00
7.56110851e-01  3.17227057e-01  9.47028351e-01
3.43757462e-01  5.05943557e-01  8.86314971e-01
3.81843463e-01  4.50688221e-01  2.81919803e-01
3.49474728e-01  7.07068630e-01  2.22281414e+00
8.70254297e-01  8.88195881e-01  1.65044761e+00
4.59170647e-01  8.10568923e-01  1.71551811e+00
2.73034987e-01  3.61517207e-01  1.70379190e+00
7.02095233e-01  1.40792951e-01  6.00932443e-01
7.54245331e-01  8.90362386e-01  1.14011169e+00
3.72560677e-01  4.60834651e-01  8.70166844e-01
7.71216791e-01  2.60628896e-01  9.56169588e-01
6.85703520e-01  2.05932518e-01  1.93935554e+00
6.24671440e-01  2.45170195e-01  9.31679164e-01
4.33967811e-01  4.68531268e-01  1.05834445e+00
6.68356966e-01  9.99599191e-01  1.91881549e+00
9.27290052e-01  7.53384645e-01  2.04871867e+00
2.22507896e-01  8.02937934e-01  1.16580229e+00
9.83770095e-01  8.56511305e-01  1.82296689e+00
5.69548733e-01  2.97856394e-01  1.48102776e+00
7.70124585e-01  8.80097389e-01  2.20324641e+00
9.21264744e-01  6.81228906e-01  1.31323327e+00
6.39185002e-01  2.99741822e-01  9.92997756e-01
3.45115018e-01  7.61659178e-01  1.56785771e+00
3.85247843e-01  9.12808972e-01  1.37852245e+00
3.70664932e-01  6.21034755e-01  1.13921634e+00
8.28496817e-01  6.92787352e-01  7.19248527e-01
8.66546673e-01  4.71790249e-01  1.07360589e+00
7.02822583e-01  4.94271455e-01  2.22958922e+00
3.05720596e-01  8.05817408e-01  2.08398914e+00
9.76585840e-01  2.23992906e-01  3.51456973e-01
7.06105963e-01  5.01840319e-01  1.64086655e+00
7.16284061e-01  9.95940162e-01  1.61979741e+00
4.23514645e-01  4.87208593e-01  1.29633764e+00
9.51611643e-01  7.87530573e-01  2.02658561e+00
3.49919449e-01  5.18514194e-01  1.23040647e+00
1.16341393e-01  4.27555280e-01  5.43259148e-01
6.37227974e-01  8.96920589e-01  2.06774182e+00
2.21253389e-01  1.75799350e-01  2.81867374e-01
7.95423753e-01  6.18924328e-01  4.46633070e-01
6.04431278e-01  4.40672649e-01  1.41950918e+00
3.53406732e-01  3.24107131e-01  1.65903220e+00
9.57303606e-01  7.72602198e-01  5.54928778e-01
3.77074808e-01  6.10333782e-01  1.28991234e+00
4.54917993e-01  6.38989882e-01  1.77327735e+00
1.78528750e-01  8.16659618e-01  9.62476791e-01
1.27980017e-01  2.62290402e-01  1.23801022e+00
4.44623729e-01  1.46126894e-01  7.08254255e-01
3.10139472e-01  3.18170511e-01  2.10081340e+00
5.76493224e-01  7.64338346e-01  1.06927558e+00
6.61167340e-01  7.87826463e-01  1.27133454e+00
4.71845057e-01  7.53212471e-01  1.92180130e+00
6.24877067e-01  2.60973811e-01  1.89195067e+00
2.47838346e-01  8.36988980e-01  2.60904914e-01
4.42593764e-01  7.31118917e-01  2.03682968e+00
4.71974889e-01  7.16754120e-01  8.45573296e-01
1.44265935e-01  9.97959514e-01  1.98788693e+00
6.32153221e-01  3.87100683e-01  5.49729626e-01
7.29844407e-01  1.68144989e-01  1.82532075e+00
4.20761691e-01  4.00913614e-01  9.02387635e-01
4.70756529e-01  2.06105526e-01  1.79543239e+00
6.24002414e-01  3.01127992e-01  5.96563305e-01
1.75023272e-01  3.43245995e-01  2.21163129e+00
2.57099428e-01  3.74154240e-01  1.33312343e+00
7.42359448e-01  3.01541329e-01  7.80752198e-01
7.44606815e-01  5.75581880e-01  1.24533363e+00
6.69599582e-01  7.21139451e-01  4.23699255e-01
5.16889656e-01  5.54079868e-01  2.13019884e+00
1.77639070e-01  4.45013005e-01  4.67286675e-01
3.54134331e-01  2.89673025e-01  1.42242472e+00
5.99791283e-01  5.67357958e-01  1.52512901e+00
3.47210866e-01  7.66972735e-01  6.27843966e-01
4.99020600e-01  6.78632175e-01  1.72192596e+00
4.33365352e-01  7.48989747e-01  3.25897846e-01
2.34539764e-01  7.72915316e-01  8.75501161e-01
1.44618721e-01  3.95763511e-01  2.14202679e+00
4.74734838e-01  5.88577786e-01  1.09360289e+00
5.59645237e-01  6.12408913e-01  2.17037847e+00
7.69956138e-01  2.26078363e-01  8.99800229e-01
6.12670899e-01  6.56984409e-01  4.82462464e-01
8.38730308e-01  4.42163820e-01  8.64565156e-01
9.11834031e-01  1.31154805e-01  1.18311712e+00
5.56375767e-01  9.44698238e-01  6.83508731e-01
3.87251766e-01  9.74922541e-01  6.66104919e-01
8.53199544e-01  1.13919260e-01  3.24936134e-01
2.79194631e-01  8.83357038e-01  1.71917262e+00
1.36114692e-01  6.27456356e-01  1.62816063e+00
2.20161090e-01  4.47040462e-01  2.67360908e-01
9.97074920e-01  8.15000721e-01  2.61761200e-01
3.02503631e-01  1.96310967e-01  1.29946591e+00
9.75627076e-01  4.82809596e-01  1.29523421e+00
4.39679779e-01  9.81983670e-01  2.00968261e+00
4.19984470e-01  9.54396049e-01  1.07339499e+00
7.65800170e-01  6.55039338e-01  1.52571666e+00
3.80969131e-01  7.47046078e-01  1.24960490e+00
6.26884335e-01  1.48882760e-01  1.69077509e+00
7.90874611e-01  9.62574072e-01  3.14012298e-01
4.90562064e-01  8.33216294e-01  1.18541732e+00
2.77405991e-01  8.61019119e-01  1.01695015e+00
7.07263061e-01  1.89960902e-01  1.52596667e+00
7.85937846e-01  4.75707525e-01  2.57202221e-01
8.59273452e-01  4.08970530e-01  1.82421577e+00
5.17631699e-01  7.87641551e-01  1.62443937e+00
7.43889103e-01  8.71965205e-01  2.72846842e-01
4.82500072e-01  8.23526520e-01  7.50184311e-01
3.59629910e-01  1.95679049e-01  1.04938524e+00
2.52963134e-01  9.97810094e-01  7.85549457e-01
9.04456020e-01  8.56843013e-01  1.03998279e+00
8.73572324e-01  1.61789871e-01  1.63125245e+00
7.97037713e-01  2.86085801e-01  1.49902447e+00
9.60053315e-01  1.75155915e-01  1.98318542e+00
5.75514895e-01  4.61096520e-01  9.68861495e-01
1.18409304e-01  1.44973215e-01  1.25387169e+00
1.68125417e-01  3.94606934e-01  1.50115516e+00
7.99431810e-01  3.89536278e-01  1.04372707e+00
2.85174420e-01  2.60623548e-01  7.61541373e-01
2.15046627e-01  9.48365380e-01  2.03581848e+00
4.73307747e-01  6.19624135e-01  2.80165289e-01
8.54019747e-01  7.15133567e-01  1.27274110e+00
9.09298404e-01  3.36518127e-01  2.00723779e+00
6.33574688e-01  3.09670053e-01  1.27393550e+00
7.67848884e-01  2.17897449e-01  2.14277263e+00
9.40241740e-01  9.29561823e-01  1.42702479e+00
6.42813416e-01  5.77303799e-01  1.49835348e+00
7.69527200e-01  7.05158765e-01  3.82479240e-01
7.77710196e-01  4.50299359e-01  5.70135181e-01
1.13370860e-01  4.13814236e-01  9.72609630e-01
8.36778730e-01  1.88649898e-01  1.99569577e+00
4.03301356e-01  1.19567894e-01  1.30801454e+00
4.68910636e-01  7.61248708e-01  6.30626985e-01
6.73277881e-01  5.23160228e-01  6.64186621e-01
4.52788318e-01  8.40781862e-01  1.38241181e+00
8.29646736e-01  4.08403772e-01  1.72179420e+00
4.05184995e-01  3.88040475e-01  5.75153103e-01
8.49956328e-01  1.86407795e-01  4.15890557e-01
5.20630560e-01  3.39950200e-01  1.74911687e+00
8.20430704e-01  8.35560134e-01  1.94559706e+00
4.87810338e-01  1.17951473e-01  1.50463349e+00
9.82830328e-01  3.02992609e-01  1.33426303e+00
4.52763394e-01  7.20236298e-01  4.62644985e-01
4.19501238e-01  3.78952407e-01  1.08251513e+00
9.84184636e-01  7.91818034e-01  1.93314384e+00
8.64513162e-01  4.80329718e-01  1.06387672e+00
8.64441208e-01  7.78809606e-01  2.05794018e+00
6.84920970e-01  6.12795395e-01  1.84213668e+00
5.59059564e-01  3.27649016e-01  2.05012258e+00
5.56394102e-01  4.80424579e-01  4.29174792e-01
8.15992007e-01  3.78084732e-01  4.09926362e-01
1.52573274e-01  9.85642418e-01  1.98752561e+00
4.83500938e-01  4.66671901e-01  1.48728711e+00
7.58888221e-01  3.89356162e-01  8.32440929e-01
4.19135967e-01  2.01054252e-01  1.35194490e+00
7.91322538e-01  6.19837654e-01  6.90966097e-01
7.79310074e-01  5.13881992e-01  1.33750280e+00
4.94137506e-01  4.90203617e-01  9.35601988e-01
3.96350966e-01  1.24111345e-01  3.35421189e-01
9.34098644e-01  3.82085203e-01  8.16819063e-01
2.40313644e-01  9.53692455e-01  1.75938010e+00
6.82454890e-01  3.48726215e-01  1.27213717e+00
7.50631810e-01  2.14427146e-01  1.58426114e+00
1.46040787e-01  2.92980167e-01  1.89937541e+00
2.91284659e-01  9.06791532e-01  2.19946599e+00
7.13330688e-01  2.85556591e-01  2.60370752e-01
2.33446248e-01  9.24368821e-01  1.47204439e+00
5.94300473e-01  2.60961029e-01  1.08946514e+00
4.79028401e-01  2.96146956e-01  1.28795055e+00
6.08053046e-01  1.88237592e-01  2.12808901e+00
8.71517658e-01  5.08352449e-01  6.33876331e-01
4.62241357e-01  9.46045633e-01  1.67142784e+00
2.11813410e-01  6.71287711e-01  1.93201241e+00
5.18253201e-01  7.72468201e-01  3.09420157e-01
2.92696018e-01  8.58584608e-01  1.61140555e+00
7.83195098e-01  9.85897387e-01  8.25994302e-01
7.18988922e-01  3.17441724e-01  2.73117389e-01
5.42600818e-01  6.39681920e-01  1.02365138e+00
8.96393917e-01  6.50698007e-01  1.65294145e+00
2.28188367e-01  9.09819543e-01  1.36253097e+00
5.49067823e-01  3.61605561e-01  1.55172387e+00
3.28521395e-01  3.03761941e-01  6.02751243e-01
7.85017677e-01  8.17489503e-01  1.31214405e+00
3.40080498e-01  5.25566784e-01  1.03766339e+00
2.28519684e-01  1.62498915e-01  1.12862931e+00
9.14845689e-01  1.22455469e-01  5.75513600e-01
7.23786893e-01  9.04741000e-01  8.90503493e-01
5.06329893e-01  4.99394462e-01  7.79437868e-01
4.09579134e-01  5.24159603e-01  6.84265223e-01
6.70883966e-01  3.13988610e-01  2.03554145e+00
4.86274995e-01  2.22367604e-01  1.93197679e+00
9.84631680e-01  1.56625576e-01  1.55863235e+00
2.39435475e-01  4.38415501e-01  6.88491156e-01
2.47765860e-01  5.14807413e-01  6.23421367e-01
1.43835360e-01  1.71636579e-01  3.98944298e-01
3.73666313e-01  3.72793188e-01  2.07176969e+00
1.25207891e-01  5.47778712e-01  1.09706987e+00
4.31559598e-01  8.62614978e-01  2.18442247e+00
4.17581498e-01  2.50130953e-01  1.24834196e+00
6.13482881e-01  9.22865818e-01  4.54757070e-01
9.78144924e-01  7.76426115e-01  2.81287260e-01
7.29233980e-01  4.58464631e-01  1.01099767e+00
5.65610591e-01  8.02505497e-01  1.88438874e+00
1.53094766e-01  5.93721834e-01  5.60295693e-01
3.76836009e-01  3.78433133e-01  7.56380002e-01
2.74604865e-01  8.61727571e-01  6.55446719e-01
3.35490836e-01  5.38858681e-01  4.04503617e-01
1.39948699e-01  5.11039347e-01  1.60958738e+00
8.66829254e-01  5.18357339e-01  1.75093914e+00
9.26897188e-01  6.30374825e-01  9.40058093e-01
8.02161394e-01  8.21799751e-01  2.22526948e+00
9.34610435e-01  4.50945703e-01  2.19262302e+00
7.30141938e-01  2.31574469e-01  9.82774409e-01
2.27539663e-01  3.66870604e-01  1.90075755e+00
3.42923544e-01  1.69330760e-01  1.91869939e+00
2.86896735e-01  9.73962221e-01  2.21419439e+00
9.87573730e-01  5.97619325e-01  2.75790410e-01
1.99034989e-01  4.31054844e-01  2.05841824e+00
9.97617714e-01  1.62572059e-01  1.84468223e+00
9.79238263e-01  4.96039686e-01  1.82560574e+00
5.17203085e-01  4.83042520e-01  1.74986083e+00
9.04213093e-01  4.74158817e-01  9.13273983e-01
6.40277608e-01  4.60831251e-01  9.07877051e-01
1.62272583e-01  7.41812896e-01  7.66073339e-01
9.41848482e-01  2.14762907e-01  8.87893524e-01
2.42997112e-01  3.17264850e-01  1.22037663e+00
6.07186981e-01  5.49507639e-01  8.53878989e-01
2.29004266e-01  9.30940887e-01  2.57097996e-01
7.83551980e-01  2.63105308e-01  1.40851278e+00
7.23244665e-01  2.28318196e-01  3.04420917e-01
4.71040036e-01  2.98216773e-01  6.26985865e-01
3.85734356e-01  4.87093938e-01  1.58225403e+00
5.82139436e-01  3.19812503e-01  1.29913666e+00
7.26340779e-01  6.41849081e-01  2.03195048e+00
9.39046230e-01  6.55615690e-01  1.45565446e+00
7.89258722e-01  9.71628894e-01  6.10706740e-01
5.26737530e-01  6.66899685e-01  2.94872175e-01
6.70308640e-01  3.29238412e-01  1.22544008e+00
5.90743700e-01  2.06841335e-01  2.14999107e+00
2.45016156e-01  5.34544252e-01  1.13302930e+00
8.83666285e-01  9.50228414e-01  8.30630806e-01
1.44605810e-01  5.92669848e-01  1.21030975e+00
7.12734786e-01  9.14695088e-01  1.41965688e+00
7.49380638e-01  1.65507770e-01  2.13820646e+00
3.02708416e-01  4.78603254e-01  2.14096153e+00
6.21901590e-01  4.26335579e-01  6.35563094e-01
3.50531219e-01  6.56681729e-01  4.73337957e-01
8.13712850e-01  4.28644924e-01  1.10732186e+00
7.66334386e-01  3.92938567e-01  3.21038245e-01
3.30048090e-01  3.90807336e-01  5.18344771e-01
7.72199492e-01  3.16287847e-01  1.59305802e+00
7.81550917e-01  4.61813222e-01  8.17309107e-01
3.81653190e-01  9.09583869e-01  4.29938340e-01
5.80028207e-01  3.87148639e-01  1.03493740e+00
9.77199006e-01  7.53052872e-01  1.92271599e+00
6.26518978e-01  8.50558114e-01  1.18629781e+00
8.44004189e-01  4.48834789e-01  8.46260226e-01
8.66319827e-01  8.30463131e-01  6.80049869e-01
9.95985546e-01  5.38550958e-01  1.82851028e+00
5.40003651e-01  5.78044165e-01  2.23815096e+00
3.76790696e-01  8.05564144e-01  6.50168638e-01
6.91970486e-01  8.54728397e-01  4.89668519e-01
9.79950219e-01  1.91808817e-01  6.70010002e-01
2.71207945e-01  3.26656263e-01  9.95626601e-01
2.74244836e-01  1.88731046e-01  3.70344808e-01
7.82449541e-01  4.32665626e-01  8.80630773e-01
1.89664380e-01  9.65092952e-01  2.91010630e-01
4.05333224e-01  2.55472978e-01  1.80753545e+00
7.80366785e-01  1.69412042e-01  3.56226920e-01
8.96167339e-01  9.60785452e-01  1.27039371e+00
9.66893779e-01  2.83398305e-01  1.99290409e+00
9.92918009e-01  1.83669728e-01  8.62380602e-01
1.36485193e-01  2.90271680e-01  2.14444898e+00
5.87319833e-01  6.98606353e-01  1.01495284e+00
8.58714895e-01  9.51336678e-01  1.97183279e+00
5.73829056e-01  3.58794306e-01  1.95642093e+00
3.07803974e-01  5.68299072e-01  9.59977877e-01
6.90049414e-01  4.24449584e-01  4.02668622e-01
2.26328057e-01  8.65691953e-01  8.34571280e-01
7.11926013e-01  4.34254438e-01  9.19795137e-01
4.97782593e-01  3.29472039e-01  4.34692148e-01
1.91314446e-01  4.41948457e-01  7.88188083e-01
2.23319294e-01  6.92327694e-01  6.16928958e-01
2.15912161e-01  2.29156510e-01  3.92811978e-01
2.60664121e-01  1.49850249e-01  1.40031310e+00
7.44543370e-01  9.55401279e-01  1.31613569e+00
7.67132829e-01  7.50286111e-01  1.79755596e+00
9.34238958e-01  5.61325510e-01  1.27612750e+00
3.74974377e-01  1.33590252e-01  2.22620747e+00
6.36218408e-01  7.52306076e-01  3.39157566e-01
6.21985174e-01  6.70666192e-01  1.03597963e+00
4.75468578e-01  4.17879849e-01  1.29730729e+00
1.47291811e-01  7.37981021e-01  1.28275289e+00
9.68988754e-01  4.55178246e-01  4.03696509e-01
9.77403916e-01  5.91720866e-01  2.04838807e+00
9.58376382e-01  8.54038242e-01  2.07910088e+00
3.72523383e-01  9.26563087e-01  5.43377521e-01
6.81092730e-01  7.80247248e-01  1.92315170e+00
9.08484844e-01  4.40748117e-01  1.84336799e+00
2.37834197e-01  3.09094354e-01  2.54461470e-01
9.61447217e-01  1.83040085e-01  5.67637200e-01
9.54913922e-01  2.34098122e-01  6.17162581e-01
9.91849966e-01  7.10678465e-01  2.12520020e+00
9.73158227e-01  2.64562731e-01  1.88930783e+00
2.99730865e-01  8.25308516e-01  1.73820144e+00
3.70810688e-01  4.33870044e-01  1.21338275e+00
4.75528678e-01  9.74361949e-01  3.94869021e-01
1.87093836e-01  7.59881540e-01  1.03283665e+00
4.93354012e-01  4.07328297e-01  2.08418367e+00
2.24452033e-01  4.50057584e-01  1.91594693e+00
1.54679970e-01  3.31353373e-01  1.66502328e+00
8.28468510e-01  1.73912834e-01  9.42719595e-01
7.40356726e-01  4.95919688e-01  6.71572055e-01
7.42432951e-01  7.14065475e-01  1.29081902e+00
8.61387753e-01  2.41233848e-01  2.20660275e+00
2.96533924e-01  5.56629065e-01  2.00626722e+00
2.53695537e-01  4.34791361e-01  1.17861900e+00
1.67037370e-01  7.73233430e-01  6.30650101e-01
9.57968958e-01  7.76450502e-01  1.54850095e+00
8.25271590e-01  4.44441714e-01  3.06797613e-01
6.52974953e-01  9.15636318e-01  7.47919956e-01
3.88570042e-01  3.25540358e-01  1.15049292e+00
1.36920426e-01  5.64595870e-01  2.18748804e+00
6.33951050e-01  3.12464820e-01  1.67666475e+00
5.73372223e-01  9.44314924e-01  1.31941511e+00
9.81332189e-01  6.21085175e-01  3.03663313e-01
6.23885029e-01  5.25929882e-01  7.57993248e-01
2.82949529e-01  4.02568892e-01  1.74025504e+00
1.75423540e-01  7.08434498e-01  1.48334295e+00
1.79604795e-01  6.80748753e-01  7.82613346e-01
7.12341812e-01  5.82449146e-01  6.94867316e-01
7.01405487e-01  7.47117775e-01  3.19508563e-01
8.94827063e-01  2.53669295e-01  2.20538290e+00
4.68229242e-01  4.34658511e-01  1.45536394e+00
4.36407279e-01  7.24792369e-01  5.98431875e-01
1.96459357e-01  4.39506235e-01  3.10340362e-01
9.12959340e-01  8.90475812e-01  2.50932081e-01
9.31493782e-01  9.58926687e-01  7.56906581e-01
2.65216215e-01  5.37281750e-01  1.00896039e+00
1.27338847e-01  3.81387212e-01  2.07689429e+00
6.34858536e-01  3.29077072e-01  2.99324653e-01
3.92000169e-01  9.10963659e-01  1.42468184e+00
7.88870035e-01  9.33796460e-01  2.00691979e+00
9.83773612e-01  3.55305703e-01  4.15899467e-01
6.63086727e-01  2.76269534e-01  2.14000667e+00
5.09661727e-01  6.60063216e-01  8.88267003e-01
9.24463592e-01  6.64879409e-01  1.67446239e+00
4.20968836e-01  3.26653963e-01  1.35906878e+00
7.29728487e-01  9.71098650e-01  1.96666449e+00
8.23859845e-01  2.39894506e-01  1.80530707e+00
9.71607823e-01  6.22255851e-01  1.39415109e+00
1.54182644e-01  5.69226997e-01  1.61988940e+00
4.91249552e-01  8.64243588e-01  1.00489996e+00
7.49818808e-01  5.11264997e-01  1.08689770e+00
1.76228192e-01  7.47283705e-01  1.22633407e+00
9.45520553e-01  1.73983324e-01  6.62264067e-01
3.37537610e-01  7.87844290e-01  9.91368759e-01
8.72266384e-01  7.73636112e-01  8.40783119e-01
3.04801325e-01  4.63069726e-01  4.71036311e-01
8.59472292e-01  8.19829702e-01  3.46821680e-01
7.32563507e-01  4.69826704e-01  2.23175893e+00
6.60694668e-01  6.97179286e-01  4.54523611e-01
1.66697007e-01  9.91083081e-01  1.94129841e+00
4.11983143e-01  3.47646801e-01  6.24570476e-01
7.58449939e-01  5.09329760e-01  9.41172611e-01
5.99490212e-01  5.44985308e-01  1.02328819e+00
7.73019672e-01  4.33305374e-01  1.99300972e+00
2.77078115e-01  7.46978911e-01  1.03564249e+00
5.22890319e-01  3.29252153e-01  1.51997435e+00
5.01530122e-01  4.93091272e-01  1.92924493e+00
7.40909712e-01  8.14255173e-01  9.22109256e-01
2.56803511e-01  4.09838587e-01  1.24401454e+00
5.11714720e-01  8.04262073e-01  1.74561470e+00
3.61344490e-01  5.64602089e-01  9.42607603e-01
5.65835409e-01  2.22474631e-01  4.44724197e-01
6.65826591e-01  9.40109284e-01  4.56638951e-01
8.02056486e-01  7.68462883e-01  7.05792230e-01
7.33527610e-01  2.96849421e-01  1.81094911e+00
6.81397743e-01  4.14195687e-01  1.18424520e+00
6.20531329e-01  8.08537627e-01  1.34313390e+00
4.40394379e-01  9.92344713e-01  6.03312576e-01
6.61702839e-01  7.30175799e-01  1.86793632e+00
5.44763863e-01  5.36589662e-01  1.07858325e+00
5.16202315e-01  2.42530021e-01  1.29213628e+00
4.85952256e-01  5.18343997e-01  3.66604745e-01
9.73197714e-01  8.88194716e-01  4.05844821e-01
9.51941714e-01  6.00911678e-01  1.11296106e+00
3.52500609e-01  1.98065253e-01  1.69639787e+00
3.27065144e-01  6.50319456e-01  1.82361621e+00
5.32211602e-01  3.91282303e-01  6.78644837e-01
2.65565992e-01  8.30637249e-01  9.21913326e-01
6.56732003e-01  9.32733141e-01  7.22396631e-01
5.76003142e-01  2.91768893e-01  6.37640569e-01
2.64797515e-01  6.26886045e-01  8.93942571e-01
5.41874330e-01  5.01094272e-01  4.20018500e-01
3.17846942e-01  9.06443902e-01  4.17310546e-01
9.31458889e-01  6.20174870e-01  1.16634542e+00
8.33216423e-01  5.04634566e-01  1.40013298e+00
4.43406495e-01  6.26280097e-01  1.12487046e+00
6.78891986e-01  2.32235341e-01  1.15161874e+00
1.70285997e-01  3.53998031e-01  1.75776857e+00
1.75563843e-01  2.55910415e-01  1.66975359e+00
5.54911858e-01  3.54032487e-01  4.80439670e-01
5.04534333e-01  3.56363562e-01  2.01826281e+00
9.01456275e-01  1.81313691e-01  1.44074844e+00
4.51147795e-01  2.65608432e-01  1.85124006e+00
1.58150199e-01  7.22890628e-01  1.76590933e+00
6.34149046e-01  7.92759787e-01  6.52138996e-01
9.61356085e-01  7.89035760e-01  1.55818172e+00
8.02336509e-01  9.70372303e-01  1.26229454e+00
4.00064200e-01  6.75290993e-01  1.83726682e+00
2.58369836e-01  6.92182112e-01  1.50736190e+00
1.11435319e-01  3.74076366e-01  3.05830818e-01
4.21182904e-01  9.11975564e-01  1.65800147e+00
2.89694586e-01  9.60903283e-01  1.59317486e+00
8.03960702e-01  3.26643208e-01  5.65439574e-01
1.61239748e-01  3.05623222e-01  7.12708142e-01
5.48338634e-01  1.76439700e-01  8.89525464e-01
1.76438579e-01  2.34756482e-01  1.83164926e+00
8.27656848e-01  3.73774892e-01  1.68435738e+00
7.55384635e-01  9.45460219e-01  1.37824968e+00
6.99033376e-01  8.11736016e-01  2.00677998e+00
8.91384448e-01  7.55542874e-01  2.10069264e+00
7.40334121e-01  3.14266583e-01  9.11753094e-01
9.44582128e-01  7.93863218e-01  1.41761448e+00
7.34207168e-01  7.25252177e-01  1.70138595e+00
6.90287103e-01  6.18059185e-01  2.24526850e+00
2.54391558e-01  3.25177294e-01  1.87248622e+00
5.64362012e-01  9.91135554e-01  4.43519321e-01
8.93120770e-01  5.98172439e-01  1.73105268e+00
6.11861636e-01  5.43038887e-01  2.21436526e+00
4.36105805e-01  5.61858315e-01  1.01885542e+00
2.67850794e-01  5.22414009e-01  1.06686633e+00
3.56630262e-01  7.76005568e-01  4.58459126e-01
9.31583229e-01  3.57447787e-01  1.08132028e+00
1.14708469e-01  2.33974673e-01  1.50686963e+00
3.89358731e-01  4.98089517e-01  1.07541483e+00
4.74321883e-01  6.81667036e-01  1.61449250e+00
9.42955532e-01  1.66721182e-01  1.73438199e+00
8.32878423e-01  8.54858158e-01  1.98087148e+00
2.59187394e-01  5.57303418e-01  2.21485810e+00
8.84240275e-01  2.86542688e-01  1.39257524e+00
9.39442985e-01  5.76193373e-01  2.00563834e+00
8.13540619e-01  5.18448502e-01  1.23066364e+00
7.39074101e-01  9.46135717e-01  1.13371184e+00
9.74317789e-01  3.24523561e-01  1.90193798e+00
9.60252816e-01  1.55762275e-01  2.23150717e+00
7.73210809e-01  4.62829378e-01  1.16741748e+00
5.41308137e-01  8.71956242e-01  6.75079490e-01
1.95532147e-01  3.05431286e-01  1.91928791e+00
9.05039684e-01  3.49974798e-01  2.16372263e+00
4.46594886e-01  5.38034527e-01  2.79541163e-01
1.40190659e-01  3.02307003e-01  7.27539711e-01
6.27741365e-01  7.93831562e-01  9.02712075e-01
6.01836661e-01  5.75885725e-01  6.94496943e-01
3.98805534e-01  4.95574519e-01  1.27935554e+00
7.11655373e-01  8.95938494e-01  3.49952307e-01
3.21808029e-01  3.92405067e-01  1.82173913e+00
6.56913298e-01  6.19055473e-01  5.39402128e-01
5.50177090e-01  6.71703925e-01  1.20101530e+00
2.34798464e-01  9.92083713e-01  7.12318306e-01
9.08586401e-01  2.49221324e-01  1.42902700e+00
9.26629049e-01  1.12301605e-01  1.05903482e+00
7.06676292e-01  4.48461924e-01  1.43664805e+00
2.07978038e-01  4.99580772e-01  7.80177765e-01
