8.28496817e-01  6.92787352e-01  7.19248527e-01
2.65565992e-01  8.30637249e-01  9.21913326e-01
7.25241721e-01  6.69291957e-01  2.50779692e-01
8.11609117e-01  3.89172388e-01  3.84375290e-01
6.23885029e-01  5.25929882e-01  7.57993248e-01
4.18600685e-01  7.68014793e-01  2.93444540e-01
3.98550196e-01  8.30408305e-01  4.85518725e-01
8.20404307e-01  5.12179806e-01  2.51841341e-01
3.76836009e-01  3.78433133e-01  7.56380002e-01
3.16257279e-01  3.53341329e-01  4.95675931e-01
6.35105989e-01  6.92787352e-01  8.88668785e-01
8.26945544e-01  8.30637249e-01  5.72635672e-01
4.00523647e-01  6.69291957e-01  8.00108051e-01
6.31106991e-01  3.89172388e-01  7.33391125e-01
9.11882095e-01  5.25929882e-01  6.52128955e-01
6.18384279e-01  7.68014793e-01  8.54068601e-01
9.65599430e-01  8.30408305e-01  3.59417798e-01
7.32744217e-01  5.12179806e-01  5.27172200e-01
2.93951348e-01  3.78433133e-01  6.73855103e-01
4.28058584e-01  3.53341329e-01  2.63061068e-01
