8.83819762e-01  9.78854091e-01  8.88263442e-01
3.51889611e-01  4.25099706e-01  4.53048333e-01
9.36373373e-01  9.01660425e-01  5.55852513e-01
2.86563759e-01  6.34992350e-01  4.60363782e-01
2.85883927e-01  9.52620915e-01  5.46838719e-01
9.69852387e-01  3.35712164e-01  9.51205722e-01
9.30873266e-01  3.58670704e-01  7.61749188e-01
9.95174552e-01  7.22177954e-01  5.33855904e-01
3.42795172e-01  9.78939311e-01  4.71154071e-01
8.05916838e-01  9.75431383e-01  5.49337424e-01
8.53252374e-01  3.41565199e-01  9.89860225e-01
7.31498892e-01  2.52321212e-01  6.20225880e-01
3.11329105e-01  2.57546622e-01  5.91276508e-01
6.82937110e-01  9.09342077e-01  4.37357753e-01
6.59391841e-01  9.09218161e-01  2.85471646e-01
6.92244757e-01  6.56287230e-01  6.07872079e-01
4.10942171e-01  9.66978664e-01  8.06414535e-01
3.72465476e-01  2.55322455e-01  3.51986636e-01
3.71791798e-01  3.08457624e-01  3.04804852e-01
4.96878995e-01  4.24816517e-01  3.23449473e-01
9.81996310e-01  7.84160422e-01  5.86426144e-01
2.54575225e-01  7.14151663e-01  5.80362646e-01
2.61649794e-01  9.80267726e-01  3.83762140e-01
8.22851705e-01  9.75642839e-01  9.90388730e-01
2.92430246e-01  3.32070352e-01  4.42900684e-01
8.93540236e-01  7.07891838e-01  6.33900621e-01
4.18594172e-01  7.96662220e-01  3.67793551e-01
8.42469158e-01  5.43536774e-01  7.88698462e-01
9.67456232e-01  4.10665300e-01  8.57829905e-01
9.00739076e-01  9.07129910e-01  7.15212277e-01
3.17784076e-01  3.16716989e-01  7.60860635e-01
4.39909381e-01  3.48660322e-01  2.92541192e-01
3.64807772e-01  5.51451809e-01  9.74850663e-01
3.58334933e-01  8.55600065e-01  7.50066507e-01
2.68214412e-01  8.36429300e-01  3.29864101e-01
9.42417652e-01  9.97772213e-01  3.26614304e-01
9.50726473e-01  2.73706783e-01  5.41297154e-01
7.54431328e-01  9.67758681e-01  6.46477299e-01
5.48275842e-01  3.39125728e-01  3.04242358e-01
9.62831258e-01  4.20141143e-01  8.22248378e-01
3.93422880e-01  9.66054137e-01  6.38082610e-01
6.85722206e-01  6.17809785e-01  2.50676515e-01
8.88203810e-01  7.14533844e-01  3.52922096e-01
8.81451083e-01  4.43985944e-01  9.38748977e-01
9.56705848e-01  4.23840391e-01  7.90780012e-01
9.24110968e-01  2.91090974e-01  8.09939384e-01
3.29178776e-01  3.98119277e-01  9.56959869e-01
9.54870244e-01  4.31031855e-01  4.39816522e-01
4.07587109e-01  9.76821283e-01  2.99960502e-01
9.26426977e-01  3.85427541e-01  7.23000945e-01
7.40833947e-01  2.67058259e-01  5.28002131e-01
7.15816305e-01  9.53210235e-01  8.83617947e-01
3.40583515e-01  8.79475589e-01  6.75494483e-01
7.89657141e-01  8.86536630e-01  3.62497617e-01
3.22170545e-01  7.89864928e-01  5.12022025e-01
3.29842622e-01  4.18685230e-01  9.10487551e-01
7.06618811e-01  6.02171030e-01  6.68192176e-01
5.79303313e-01  9.78616481e-01  8.86764326e-01
2.80909266e-01  9.52533127e-01  9.85123059e-01
5.44636815e-01  4.23868663e-01  2.68180315e-01
8.98153174e-01  9.89095295e-01  7.79772316e-01
9.07393238e-01  2.51277725e-01  4.95684909e-01
3.42399735e-01  3.80897360e-01  2.99400439e-01
8.66391627e-01  9.48213646e-01  7.58988671e-01
3.10274554e-01  5.34767804e-01  3.29034067e-01
5.46752919e-01  3.80663948e-01  9.92943137e-01
2.57481409e-01  9.43490743e-01  2.74524981e-01
9.79405986e-01  9.86090357e-01  6.13451170e-01
7.63728879e-01  5.03495747e-01  2.66616631e-01
4.34252432e-01  9.66693545e-01  6.21588380e-01
4.90069377e-01  3.28214888e-01  3.88290843e-01
2.86641196e-01  9.41432087e-01  8.15460994e-01
3.66424114e-01  6.62361811e-01  3.59078591e-01
9.22847859e-01  8.11495705e-01  4.54916820e-01
2.82594189e-01  9.57206221e-01  6.16499359e-01
3.24027059e-01  9.04762866e-01  4.97461111e-01
9.03711922e-01  5.22836620e-01  9.78281012e-01
9.69327010e-01  3.88681979e-01  7.74715445e-01
9.41970265e-01  6.39788589e-01  3.61498135e-01
2.53460107e-01  3.87126682e-01  6.60317088e-01
6.91202378e-01  9.74148231e-01  3.51308862e-01
8.32309018e-01  8.80655962e-01  4.57872166e-01
2.87279581e-01  7.04640803e-01  2.67087093e-01
9.74760505e-01  3.97460259e-01  7.95284262e-01
2.60098726e-01  8.18653995e-01  3.93716366e-01
3.22925223e-01  9.87669564e-01  6.49431083e-01
4.37749187e-01  7.57361531e-01  2.94996083e-01
2.86676683e-01  4.42772648e-01  6.81441980e-01
2.86860372e-01  2.65143528e-01  6.37313640e-01
8.54416342e-01  7.72200317e-01  9.78361082e-01
8.07265774e-01  8.68399751e-01  9.90467802e-01
4.21761757e-01  7.11125130e-01  7.79595617e-01
6.40862409e-01  8.72164068e-01  3.71744488e-01
4.30304706e-01  5.72745971e-01  6.16167083e-01
3.41877903e-01  5.77447532e-01  9.81535379e-01
6.64882232e-01  2.74575641e-01  8.44391701e-01
2.84601724e-01  4.16955507e-01  7.58373152e-01
6.72225986e-01  8.59285439e-01  3.74745181e-01
4.54477920e-01  9.85075257e-01  5.26652704e-01
8.05779985e-01  9.22590831e-01  4.62406722e-01
4.36220256e-01  4.16779237e-01  9.32575230e-01
9.85639884e-01  3.40086122e-01  3.48250173e-01
7.99459308e-01  4.22595696e-01  9.44731635e-01
3.20065373e-01  4.87859112e-01  4.49638473e-01
7.29140998e-01  7.54826210e-01  8.19721695e-01
6.27416123e-01  4.34150489e-01  9.75907057e-01
2.88164746e-01  2.98657769e-01  9.92744108e-01
3.24018323e-01  5.65474146e-01  9.30431825e-01
6.97549053e-01  8.38489236e-01  6.25428333e-01
7.81008668e-01  6.50080936e-01  3.01171000e-01
6.19127910e-01  9.99568998e-01  5.39380143e-01
3.25261886e-01  3.72130809e-01  2.86138807e-01
9.55790684e-01  3.26193412e-01  8.81851382e-01
9.48221263e-01  3.42516598e-01  9.83683271e-01
5.89325546e-01  9.03816240e-01  4.26780893e-01
3.19747116e-01  9.22443447e-01  4.72593392e-01
7.50674857e-01  8.02709631e-01  9.79008847e-01
7.12354213e-01  3.33003772e-01  3.56578810e-01
6.74899975e-01  2.54293166e-01  3.27448367e-01
3.05340023e-01  2.73447394e-01  9.89137117e-01
3.28656513e-01  8.07129788e-01  3.72291307e-01
4.35885983e-01  7.56298342e-01  3.53665378e-01
3.28200011e-01  6.12744638e-01  9.57278848e-01
9.55143406e-01  5.69272637e-01  9.00341496e-01
4.14089574e-01  5.87185164e-01  3.26867662e-01
7.19839575e-01  7.02494226e-01  6.64163392e-01
3.34378214e-01  7.99556671e-01  7.89801493e-01
7.01207021e-01  4.46514346e-01  8.17543296e-01
9.55084552e-01  2.60514045e-01  8.95702789e-01
4.07375057e-01  2.94125355e-01  7.95266081e-01
5.97587450e-01  2.84676407e-01  7.75275316e-01
2.75026178e-01  3.01409332e-01  6.61334556e-01
2.51774837e-01  8.56885551e-01  9.29580324e-01
8.89339951e-01  9.67866637e-01  7.21613980e-01
3.19363823e-01  7.32857695e-01  8.22405999e-01
9.67252832e-01  8.58440586e-01  7.19863611e-01
9.00935853e-01  2.51336699e-01  8.66523410e-01
9.12884515e-01  8.87311413e-01  4.25552020e-01
7.84871291e-01  9.50190023e-01  5.62986555e-01
5.39667670e-01  3.46943494e-01  3.74794180e-01
9.25886725e-01  7.02119794e-01  9.04563685e-01
9.55629800e-01  8.03697649e-01  3.24813758e-01
7.75263202e-01  9.16391433e-01  9.64475934e-01
8.36332003e-01  9.07669318e-01  8.96599142e-01
8.53258025e-01  3.38955179e-01  4.86182724e-01
2.69290049e-01  2.77931308e-01  7.02911635e-01
2.96724996e-01  7.53477598e-01  8.86339849e-01
9.66424071e-01  4.90273381e-01  7.83053436e-01
3.49594196e-01  9.22108666e-01  4.73856432e-01
6.46106894e-01  8.87066786e-01  4.88882615e-01
9.16521074e-01  4.88654829e-01  3.32941030e-01
7.05434751e-01  9.24434181e-01  4.40018102e-01
6.10057995e-01  2.54839234e-01  8.07115239e-01
3.45953993e-01  6.78073995e-01  3.14971451e-01
2.73996080e-01  9.24499661e-01  5.36167966e-01
8.11208221e-01  3.34927636e-01  3.60082081e-01
7.50490183e-01  9.36404734e-01  5.69892762e-01
7.38437698e-01  3.46075212e-01  3.80670654e-01
3.70613161e-01  3.07526300e-01  8.78495858e-01
9.86737925e-01  7.06280449e-01  4.30774902e-01
5.71184023e-01  3.43164958e-01  9.87240489e-01
4.35482976e-01  3.23277004e-01  3.90280132e-01
9.89922127e-01  4.16731686e-01  8.06216307e-01
7.88547911e-01  9.84576957e-01  9.92936186e-01
8.76425598e-01  3.01506108e-01  9.74143393e-01
8.79437986e-01  9.48278681e-01  8.67111879e-01
4.75791415e-01  2.70578760e-01  8.13086101e-01
9.48486441e-01  6.91309690e-01  8.46325282e-01
4.65228512e-01  6.51754003e-01  2.98616712e-01
6.95359711e-01  3.27029444e-01  8.85166804e-01
8.87170786e-01  4.00599828e-01  4.86658179e-01
5.16693739e-01  5.07365635e-01  2.99475936e-01
8.99139498e-01  4.08152747e-01  8.48229370e-01
9.95259233e-01  8.92351398e-01  7.42933254e-01
4.26742580e-01  5.12517327e-01  9.85335316e-01
9.66443289e-01  5.29306781e-01  8.32744414e-01
2.80212653e-01  8.67667639e-01  4.02412611e-01
5.01470856e-01  5.11163453e-01  3.13072069e-01
6.10094848e-01  2.68661502e-01  4.98855957e-01
9.00838772e-01  4.95583066e-01  9.28207920e-01
4.56418395e-01  9.06307886e-01  4.23776314e-01
6.32836539e-01  9.70005001e-01  3.36334563e-01
3.24957075e-01  9.73910253e-01  4.92024949e-01
2.60952718e-01  8.02099100e-01  3.20294036e-01
7.26327389e-01  4.86751115e-01  2.67690675e-01
2.55358363e-01  8.51184932e-01  5.44221562e-01
9.17423055e-01  4.44274449e-01  4.47929665e-01
8.23193062e-01  9.14840952e-01  3.73892836e-01
6.05543923e-01  9.76598401e-01  4.97190042e-01
3.62235808e-01  8.60581736e-01  7.74753993e-01
9.70293638e-01  6.31132746e-01  9.03750924e-01
2.73206730e-01  5.36813097e-01  2.82569649e-01
3.87911652e-01  3.54035376e-01  5.13385184e-01
6.75825177e-01  4.76899701e-01  2.51100686e-01
3.28016255e-01  8.80936669e-01  6.01259485e-01
3.16359673e-01  8.48118636e-01  9.01214354e-01
8.44849576e-01  8.94397082e-01  7.91868472e-01
2.81975081e-01  9.63400395e-01  9.01768882e-01
2.63368922e-01  4.17530859e-01  9.65316687e-01
7.16182958e-01  3.72303906e-01  8.66105260e-01
8.92848778e-01  9.59978032e-01  9.16512883e-01
9.72126713e-01  8.71923033e-01  5.97167082e-01
6.50956616e-01  4.17346884e-01  2.90717853e-01
7.54666101e-01  5.89506879e-01  2.67118708e-01
7.62680677e-01  3.89750322e-01  2.68379604e-01
3.15277085e-01  5.95020192e-01  8.83313494e-01
4.52311122e-01  8.86450650e-01  3.60110624e-01
4.13645544e-01  3.63166451e-01  3.01778746e-01
6.47255500e-01  7.08377527e-01  9.61118855e-01
9.28996294e-01  4.22408353e-01  4.52740521e-01
5.48941142e-01  9.53064540e-01  3.71933298e-01
9.09575990e-01  9.44446407e-01  9.66408381e-01
2.96419094e-01  8.72864586e-01  7.08660391e-01
3.47873471e-01  2.69298074e-01  6.94839053e-01
9.51860440e-01  9.43756129e-01  3.31666138e-01
8.07502208e-01  8.36984544e-01  2.51977539e-01
2.75327727e-01  6.96691114e-01  5.88388898e-01
7.51023276e-01  6.75131981e-01  7.11751931e-01
5.50657594e-01  4.89926236e-01  5.94168768e-01
9.96118301e-01  9.23700358e-01  4.10879192e-01
4.93418934e-01  2.58387341e-01  6.22307448e-01
5.61446272e-01  2.73272748e-01  2.93779089e-01
6.35204024e-01  9.56176667e-01  4.70590020e-01
3.88076002e-01  3.33879311e-01  6.78519989e-01
5.32475940e-01  9.90392594e-01  6.70592409e-01
8.32180894e-01  9.66492054e-01  3.59758548e-01
8.57892480e-01  7.47918877e-01  9.55677460e-01
8.34830620e-01  9.84829212e-01  3.07152841e-01
7.45555780e-01  9.58143220e-01  3.02578897e-01
4.69789440e-01  9.01345632e-01  9.25261413e-01
7.92179892e-01  6.00190289e-01  9.76230927e-01
9.75289425e-01  9.94513015e-01  8.58159207e-01
6.58774715e-01  8.90356576e-01  9.32579838e-01
5.58896367e-01  4.24454044e-01  9.65116441e-01
8.79524617e-01  8.77646342e-01  8.38645023e-01
4.52347532e-01  6.25768861e-01  9.94436730e-01
9.28534451e-01  3.90715657e-01  5.13306370e-01
8.31324432e-01  8.71652437e-01  3.81328876e-01
3.58954240e-01  8.20066274e-01  7.62149872e-01
7.97856701e-01  8.61097888e-01  9.62585690e-01
7.36892389e-01  7.11054609e-01  9.86978594e-01
3.91159837e-01  4.90248139e-01  6.43489513e-01
2.89217230e-01  6.71263465e-01  8.84963719e-01
8.65273899e-01  9.22085520e-01  3.76671823e-01
9.06601601e-01  3.35394433e-01  5.46881492e-01
3.85485942e-01  8.89243670e-01  7.63512229e-01
7.01248315e-01  9.89194647e-01  7.16715109e-01
8.43928501e-01  4.31532883e-01  9.64030324e-01
3.59765903e-01  5.32759696e-01  9.90923687e-01
3.69255522e-01  8.45278284e-01  8.31729115e-01
7.92534622e-01  4.54399301e-01  2.84958976e-01
2.79527428e-01  7.64221872e-01  7.24821623e-01
9.62057441e-01  9.30850518e-01  6.85113074e-01
9.17997470e-01  5.74997588e-01  3.63837245e-01
4.38203574e-01  6.32091002e-01  3.63795752e-01
6.26076901e-01  2.55131776e-01  4.26069163e-01
4.79239062e-01  2.87616028e-01  9.89856902e-01
9.49115384e-01  4.18384241e-01  5.57353382e-01
2.99454875e-01  6.50961783e-01  7.19212784e-01
3.41777208e-01  9.15561795e-01  5.00654937e-01
8.36965561e-01  3.39552912e-01  9.34234166e-01
7.56924827e-01  6.20618330e-01  2.72390757e-01
2.63096879e-01  5.86369782e-01  3.35694675e-01
8.92845188e-01  4.59886966e-01  8.90178228e-01
3.53795428e-01  9.79334943e-01  9.49365889e-01
2.81656130e-01  9.15793086e-01  6.88024853e-01
3.24623720e-01  9.34898256e-01  5.39764346e-01
7.89380926e-01  6.58523726e-01  9.71901327e-01
2.70476122e-01  8.32653795e-01  2.71250250e-01
9.28356457e-01  8.09710323e-01  5.53351800e-01
4.77258416e-01  8.10091185e-01  9.47369294e-01
9.29510741e-01  5.05856352e-01  3.18004231e-01
8.13879042e-01  9.01443580e-01  3.03139344e-01
7.26439713e-01  3.94809100e-01  9.43680281e-01
3.05345692e-01  6.02729523e-01  9.82309767e-01
4.69797757e-01  2.99052522e-01  4.09857828e-01
3.57680187e-01  3.49537916e-01  4.89451695e-01
9.42715934e-01  6.21786936e-01  9.63974133e-01
8.67195861e-01  4.45007278e-01  3.36678453e-01
7.57472114e-01  3.76905493e-01  2.76566978e-01
8.15072656e-01  6.55977811e-01  9.99433465e-01
5.84982446e-01  2.81417213e-01  3.36491287e-01
4.53555780e-01  3.30795749e-01  3.48315998e-01
6.64504572e-01  9.56033187e-01  4.11683748e-01
2.67382229e-01  3.30270289e-01  5.33432129e-01
2.83183065e-01  3.98884680e-01  6.10067891e-01
2.84770607e-01  4.09469842e-01  6.42953489e-01
4.17244348e-01  2.80963070e-01  9.97976773e-01
3.36124104e-01  3.16639005e-01  4.68954244e-01
3.80933457e-01  9.21815034e-01  3.13511590e-01
8.89527711e-01  4.27756292e-01  9.49571654e-01
8.19123520e-01  3.47565426e-01  4.11165042e-01
5.76076300e-01  2.53903027e-01  4.30135830e-01
2.67400838e-01  9.88210010e-01  8.64440609e-01
6.78641421e-01  9.27088628e-01  3.93461524e-01
6.14974924e-01  2.65810458e-01  3.08140418e-01
4.85715998e-01  3.68992927e-01  7.12814575e-01
3.53919944e-01  2.53248870e-01  9.13994827e-01
3.92425023e-01  3.85427701e-01  9.94366254e-01
9.38833764e-01  8.02011756e-01  4.47302242e-01
4.10558533e-01  6.14955552e-01  7.39595066e-01
9.57076124e-01  9.39562864e-01  4.51255030e-01
7.37680276e-01  9.74668934e-01  8.32957369e-01
9.53375008e-01  7.84969557e-01  9.10248637e-01
9.23556381e-01  3.14440321e-01  9.36882480e-01
9.59117541e-01  4.33947058e-01  5.93327356e-01
8.10558522e-01  2.97855339e-01  3.58616640e-01
8.98761254e-01  3.15840069e-01  4.33528717e-01
9.65816497e-01  2.60490396e-01  9.33999448e-01
8.78167933e-01  9.65079723e-01  8.51784888e-01
7.37868242e-01  8.63604489e-01  3.41224402e-01
5.47119395e-01  2.76228891e-01  4.87928771e-01
2.78558186e-01  6.57381580e-01  3.73886212e-01
4.46946363e-01  9.51177616e-01  5.00326109e-01
9.68935297e-01  7.53960663e-01  5.97437123e-01
8.70821163e-01  2.78109778e-01  8.72427399e-01
9.26508366e-01  5.41243356e-01  2.50632992e-01
9.50899451e-01  2.76515359e-01  5.05093222e-01
5.14226119e-01  9.79677258e-01  7.77935536e-01
6.58232417e-01  9.82653121e-01  8.52234610e-01
6.23120111e-01  8.77106675e-01  3.32720940e-01
2.73678692e-01  7.03953484e-01  3.04193282e-01
8.93294864e-01  9.35904722e-01  2.87783337e-01
8.62440255e-01  6.86033063e-01  9.43338578e-01
6.05867562e-01  8.65315688e-01  9.43419064e-01
7.45235382e-01  3.16088882e-01  9.89135912e-01
8.45784662e-01  8.99310657e-01  5.84632651e-01
9.66220780e-01  4.99875213e-01  3.78490966e-01
2.63335678e-01  7.58166650e-01  3.85236387e-01
4.58457520e-01  9.97348952e-01  8.86575454e-01
7.42699735e-01  9.33978086e-01  9.08266295e-01
8.52836911e-01  8.73265236e-01  9.49130764e-01
9.21488979e-01  8.17245602e-01  9.48687796e-01
2.91684223e-01  4.58305351e-01  8.52407494e-01
6.15461984e-01  9.64217726e-01  5.50356210e-01
9.40847917e-01  3.81234016e-01  7.76847102e-01
8.86949692e-01  3.27592893e-01  2.98471879e-01
4.13606187e-01  6.27512725e-01  2.92824986e-01
5.56666781e-01  9.83265906e-01  8.06020778e-01
9.90513924e-01  7.38228874e-01  7.38623800e-01
8.64344992e-01  8.04737573e-01  9.33045158e-01
3.04015219e-01  4.88995777e-01  8.34311616e-01
2.89518733e-01  7.74522825e-01  4.50487740e-01
9.85817661e-01  6.98032129e-01  8.44761795e-01
6.88429809e-01  9.22523560e-01  3.99240711e-01
3.07230527e-01  3.22682249e-01  9.25191124e-01
7.13056063e-01  9.52321667e-01  8.58842606e-01
2.66662538e-01  8.70481701e-01  9.91431755e-01
8.61036603e-01  3.23984760e-01  7.25048156e-01
7.62891785e-01  6.76446314e-01  2.77932883e-01
