9.31007225e-01  3.94756861e-01  5.24666422e-01  9.75308140e-01  3.42228790e-01  5.52758296e-01
8.21656842e-01  6.66732604e-01  7.14715418e-01  9.42308674e-01  5.43070707e-01  7.16390098e-01
8.32203626e-01  8.16977108e-01  5.77291824e-01  9.59787618e-01  7.46843451e-01  5.55556016e-01
7.98286871e-01  4.39030801e-01  9.48233669e-01  9.13479331e-01  3.14800572e-01  9.55888436e-01
8.12149610e-01  3.34472144e-01  9.71435582e-01  9.12639147e-01  2.38028879e-01  9.79635732e-01
7.73420754e-01  5.23047561e-01  9.76493374e-01  9.07582048e-01  3.68013669e-01  9.80990187e-01
8.60689746e-01  7.05266821e-01  5.55356728e-01  9.61690050e-01  7.23082279e-01  5.49035699e-01
8.74440192e-01  6.57417605e-01  5.40670049e-01  9.65818068e-01  6.55405264e-01  5.38741603e-01
9.46411337e-01  4.83661901e-01  4.12046996e-01  9.92385898e-01  4.32047686e-01  4.21747096e-01
8.44838562e-01  6.48819017e-01  6.47604539e-01  9.53740404e-01  5.19156823e-01  6.48785642e-01
7.81899237e-01  5.97292855e-01  8.97415138e-01  9.17291019e-01  4.37212267e-01  9.02167858e-01
8.37051087e-01  3.73070460e-01  8.60302226e-01  9.29148925e-01  2.33436437e-01  8.74837351e-01
8.03971628e-01  4.83428024e-01  8.98846455e-01  9.20701513e-01  3.24631808e-01  9.07213184e-01
8.93383259e-01  3.07844367e-01  7.11856206e-01  9.50287150e-01  2.26386744e-01  7.40941255e-01
8.26481288e-01  4.65557002e-01  8.33998356e-01  9.30511454e-01  3.17115150e-01  8.46088447e-01
9.21883574e-01  3.00154565e-01  6.19973699e-01  9.63083622e-01  2.42747270e-01  6.55469715e-01
7.75448612e-01  4.92194053e-01  9.90389000e-01  9.07788570e-01  3.07147539e-01  9.94220270e-01
8.97983105e-01  4.95833642e-01  5.69279665e-01  9.66295058e-01  4.42547116e-01  5.86579685e-01
7.73626100e-01  5.52383962e-01  9.55992273e-01  9.10505475e-01  3.76163995e-01  9.60289717e-01
7.97812239e-01  4.57887802e-01  9.37128709e-01  9.15037055e-01  3.19638180e-01  9.44740083e-01
8.04781003e-01  3.98279303e-01  9.53549088e-01  9.15779157e-01  2.32235946e-01  9.60880249e-01
8.63467063e-01  2.72662509e-01  8.38107889e-01  9.33356539e-01  1.88331459e-01  8.59151718e-01
8.03762460e-01  6.52395718e-01  7.85528421e-01  9.33373244e-01  4.82721501e-01  7.88132708e-01
8.11251040e-01  8.31406446e-01  6.39138075e-01  9.52259694e-01  6.80676600e-01  6.19660835e-01
8.24570191e-01  2.81643615e-01  9.64651514e-01  9.15790981e-01  1.77317218e-01  9.73936962e-01
7.96995174e-01  7.21728180e-01  7.62157899e-01  9.36236842e-01  5.29445550e-01  7.59109655e-01
8.55663448e-01  3.10411394e-01  8.38996959e-01  9.33429530e-01  1.89822824e-01  8.57810100e-01
9.17794002e-01  5.87981741e-01  4.39713893e-01  9.86599866e-01  5.30885005e-01  4.35741353e-01
8.92135963e-01  4.90621684e-01  5.92772956e-01  9.63309225e-01  4.22490449e-01  6.10526404e-01
8.79145890e-01  2.46837412e-01  8.01670087e-01  9.39871639e-01  1.47079570e-01  8.26710712e-01
8.07794170e-01  8.64887480e-01  6.28353975e-01  9.53118874e-01  7.22837804e-01  6.04068729e-01
8.37576597e-01  3.44312709e-01  8.77914570e-01  9.26414986e-01  2.31972727e-01  8.92723196e-01
8.54171337e-01  6.00911040e-01  6.48347076e-01  9.52677724e-01  5.21366304e-01  6.55590111e-01
9.71703495e-01  3.14964237e-01  4.39480560e-01  9.89298347e-01  2.85483171e-01  4.76595567e-01
7.83157149e-01  4.60190101e-01  9.85650366e-01  9.09830010e-01  2.70272043e-01  9.89943936e-01
7.63922884e-01  6.31419037e-01  9.35804879e-01  9.11626557e-01  4.37528945e-01  9.38424911e-01
9.04901369e-01  3.71000938e-01  6.30183121e-01  9.62324370e-01  2.54477732e-01  6.57534551e-01
8.69055636e-01  8.08426329e-01  4.57459653e-01  9.73904518e-01  9.14301460e-01  4.25487765e-01
8.37407600e-01  5.65285065e-01  7.29364860e-01  9.43607006e-01  4.16333511e-01  7.38367821e-01
8.19793419e-01  4.34569494e-01  8.77761413e-01  9.24253681e-01  3.04357294e-01  8.89277207e-01
8.39310500e-01  2.45898559e-01  9.38410924e-01  9.20955645e-01  1.36557502e-01  9.50556464e-01
8.37398204e-01  5.68998155e-01  7.26890861e-01  9.42968037e-01  4.42591313e-01  7.36187443e-01
7.90257793e-01  8.07836513e-01  7.26768190e-01  9.40531818e-01  5.97161813e-01  7.14852631e-01
8.57733559e-01  3.89580236e-01  7.78793460e-01  9.40379489e-01  2.56914576e-01  7.97706250e-01
9.54136049e-01  2.63564519e-01  5.34181419e-01  9.75561663e-01  2.32871051e-01  5.77281266e-01
7.83689274e-01  6.93095685e-01  8.26644136e-01  9.26971832e-01  4.93526443e-01  8.26608032e-01
8.38833113e-01  1.85695501e-01  9.80674802e-01  9.15271667e-01  1.23556525e-01  9.90123620e-01
8.63756778e-01  6.68407488e-01  5.69753142e-01  9.66142327e-01  5.38915912e-01  5.64516061e-01
8.00823640e-01  5.22699806e-01  8.83098372e-01  9.22716876e-01  3.41105406e-01  8.90347115e-01
8.84801343e-01  3.93873648e-01  6.83119934e-01  9.52421002e-01  3.08772907e-01  7.07554683e-01
8.17986120e-01  5.79684868e-01  7.86001131e-01  9.33284431e-01  4.59815117e-01  7.94179764e-01
8.38309719e-01  9.03242358e-01  4.98514613e-01  9.67970323e-01  9.48060440e-01  4.55476507e-01
8.44531714e-01  6.62834223e-01  6.39194111e-01  9.51313989e-01  6.16786828e-01  6.41003613e-01
8.90078089e-01  2.57109736e-01  7.57386447e-01  9.44579644e-01  1.89234076e-01  7.86433276e-01
8.51422462e-01  7.34307485e-01  5.67420165e-01  9.61062969e-01  7.06920234e-01  5.56922278e-01
8.40828423e-01  8.72217095e-01  5.10548850e-01  9.70202448e-01  8.19618094e-01  4.71355337e-01
9.09938448e-01  6.12362205e-01  4.50098330e-01  9.81042744e-01  6.34622726e-01  4.46578895e-01
8.05528074e-01  5.09122463e-01  8.76186761e-01  9.21774504e-01  3.87344163e-01  8.85334841e-01
8.54353083e-01  4.90904260e-01  7.21665621e-01  9.44931693e-01  3.85621759e-01  7.37215054e-01
8.13121027e-01  7.85238542e-01  6.63904793e-01  9.47276709e-01  6.76100138e-01  6.52715664e-01
9.27753706e-01  4.55342589e-01  4.94897240e-01  9.78627980e-01  4.10835561e-01  5.15060407e-01
7.86035797e-01  7.29612641e-01  7.94280781e-01  9.31315896e-01  5.26620353e-01  7.91348313e-01
8.19603839e-01  8.72401644e-01  5.82935745e-01  9.58150190e-01  7.96394177e-01  5.54210007e-01
9.42510942e-01  4.94649177e-01  4.17957338e-01  9.88225098e-01  5.12249330e-01  4.29256617e-01
8.39280833e-01  7.56775268e-01  5.93739860e-01  9.61608379e-01  6.01045918e-01  5.78740130e-01
8.56684501e-01  2.20539663e-01  8.96161435e-01  9.26534996e-01  1.41714855e-01  9.13536295e-01
7.99367973e-01  5.54832906e-01  8.66386350e-01  9.25608844e-01  3.39250056e-01  8.72241323e-01
8.95295226e-01  3.35809065e-01  6.86452566e-01  9.54231857e-01  2.30979706e-01  7.14541650e-01
8.67526414e-01  1.86893632e-01  8.81824532e-01  9.28797423e-01  1.29380805e-01  9.01974123e-01
8.45617044e-01  8.71937196e-01  4.94377934e-01  9.71514341e-01  8.58336814e-01  4.53682952e-01
8.86186884e-01  7.02791823e-01  4.69919797e-01  9.74008666e-01  7.79066557e-01  4.56639259e-01
9.29741412e-01  2.96023725e-01  5.95618083e-01  9.66980750e-01  2.32502048e-01  6.32406765e-01
8.87655311e-01  7.20487154e-01  4.52962297e-01  9.79041449e-01  7.45986366e-01  4.32269678e-01
9.41791888e-01  4.44024357e-01  4.54874203e-01  9.86617509e-01  3.72638936e-01  4.73466796e-01
9.10680656e-01  4.80182247e-01  5.36462337e-01  9.72584450e-01  4.09290887e-01  5.54192221e-01
7.61832120e-01  6.34028843e-01  9.41186783e-01  9.09811015e-01  4.62481983e-01  9.44103226e-01
8.60435320e-01  7.13941656e-01  5.50670025e-01  9.63574662e-01  7.04642805e-01  5.41873950e-01
8.81181346e-01  6.55885311e-01  5.18673868e-01  9.68854216e-01  6.70532449e-01  5.15651024e-01
8.49207047e-01  7.99587682e-01  5.30936006e-01  9.64459261e-01  8.16980119e-01  5.08822084e-01
8.58098879e-01  3.98933408e-01  7.70935113e-01  9.40735018e-01  2.77311197e-01  7.90031809e-01
7.40175775e-01  6.71575195e-01  9.89842790e-01  9.02735488e-01  4.55598093e-01  9.91133294e-01
9.41865412e-01  4.64921791e-01  4.40223258e-01  9.88372117e-01  4.00642780e-01  4.55000135e-01
7.91036400e-01  5.10758239e-01  9.24598918e-01  9.17912612e-01  3.03052370e-01  9.30261813e-01
8.37105095e-01  2.10266334e-01  9.69995588e-01  9.16583499e-01  1.30562070e-01  9.80034004e-01
9.42584072e-01  2.58052541e-01  5.77366697e-01  9.70483617e-01  1.96669255e-01  6.18507819e-01
7.65474308e-01  7.14434297e-01  8.74478486e-01  9.20612437e-01  4.69526947e-01  8.73136605e-01
8.67525198e-01  4.87024785e-01  6.79281043e-01  9.50405056e-01  4.08340390e-01  6.96676544e-01
8.48505875e-01  2.55230351e-01  9.00693107e-01  9.24839519e-01  1.73936349e-01  9.16706395e-01
8.54289001e-01  2.47895790e-01  8.85883948e-01  9.27941080e-01  1.47539141e-01  9.03124726e-01
8.55931613e-01  4.59164002e-01  7.37692196e-01  9.42582137e-01  3.72627397e-01  7.55392335e-01
8.33903609e-01  3.95729825e-01  8.55764079e-01  9.29917980e-01  2.35771160e-01  8.69346251e-01
8.65535873e-01  2.76611508e-01  8.28374454e-01  9.34826141e-01  1.87177618e-01  8.50001451e-01
8.90577182e-01  7.04417299e-01  4.53824191e-01  9.75484094e-01  8.12404282e-01  4.39204660e-01
9.54924740e-01  4.22325328e-01  4.24650983e-01  9.87657746e-01  4.51201932e-01  4.48009498e-01
7.71080350e-01  5.14969940e-01  9.89942219e-01  9.06016990e-01  3.55645649e-01  9.93986377e-01
7.98590369e-01  7.44082700e-01  7.41323724e-01  9.38700152e-01  5.57698243e-01  7.36037398e-01
8.62734186e-01  3.22470004e-01  8.06699954e-01  9.36002512e-01  2.44008957e-01  8.28349668e-01
9.32259270e-01  3.11550024e-01  5.76538941e-01  9.70844320e-01  2.15797573e-01  6.11620406e-01
8.77995750e-01  7.48313232e-01  4.67185129e-01  9.78206154e-01  7.26557164e-01  4.42272867e-01
8.15440234e-01  3.56855980e-01  9.45085129e-01  9.17545049e-01  2.13230028e-01  9.54098288e-01
8.78847891e-01  3.50324785e-01  7.32849103e-01  9.47783882e-01  2.26745034e-01  7.56911562e-01
7.95228238e-01  5.66589663e-01  8.72595962e-01  9.24041067e-01  3.57328112e-01  8.77974345e-01
8.87715226e-01  2.41610503e-01  7.75919148e-01  9.42531754e-01  1.70267703e-01  8.04103791e-01
8.64694731e-01  7.76341038e-01  4.93712095e-01  9.72405341e-01  7.70333893e-01  4.69010805e-01
7.97166075e-01  7.23265038e-01  7.60536730e-01  9.36170983e-01  5.37961870e-01  7.57495663e-01
9.40870100e-01  5.14873070e-01  4.09915790e-01  9.91780421e-01  4.77049776e-01  4.14869993e-01
8.27160276e-01  7.46199761e-01  6.42285026e-01  9.51086958e-01  6.51539206e-01  6.34149902e-01
8.42230826e-01  4.93282780e-01  7.61476972e-01  9.40070034e-01  3.57707707e-01  7.75072599e-01
7.94612302e-01  5.26920100e-01  9.01770008e-01  9.18685164e-01  3.74339615e-01  9.08776811e-01
8.16270460e-01  7.73169609e-01  6.61290069e-01  9.50296133e-01  6.08153595e-01  6.49596383e-01
8.11830664e-01  8.43840649e-01  6.28766814e-01  9.54037988e-01  6.87496968e-01  6.06624147e-01
8.97207500e-01  6.99284024e-01  4.34637031e-01  9.78997770e-01  8.07260396e-01  4.17898507e-01
8.48757148e-01  3.41544243e-01  8.41880073e-01  9.31354114e-01  2.40098978e-01  8.59616682e-01
8.38641008e-01  7.76858371e-01  5.82372247e-01  9.58610789e-01  7.29774471e-01  5.67185508e-01
9.21456840e-01  4.78475935e-01  5.00798723e-01  9.78220774e-01  4.11618290e-01  5.17485011e-01
8.50822745e-01  2.16044091e-01  9.19223986e-01  9.23230337e-01  1.42796201e-01  9.34474346e-01
7.56380360e-01  6.17101047e-01  9.71239796e-01  9.06933640e-01  4.16048027e-01  9.73662883e-01
9.19799233e-01  4.28560276e-01  5.40145585e-01  9.72567655e-01  3.67574465e-01  5.64274945e-01
7.70166848e-01  6.03367921e-01  9.33401601e-01  9.11003989e-01  4.57532545e-01  9.37634820e-01
8.87237233e-01  6.91579913e-01  4.73897637e-01  9.75971640e-01  7.09324373e-01  4.60725261e-01
8.61859484e-01  6.31161228e-01  6.01369065e-01  9.57411860e-01  6.01904871e-01  6.05450851e-01
7.81198545e-01  5.92524564e-01  9.03028324e-01  9.18653512e-01  3.81057942e-01  9.06856480e-01
8.61500853e-01  4.76034737e-01  7.07279827e-01  9.47193337e-01  3.78331326e-01  7.24452161e-01
8.91905959e-01  2.29743849e-01  7.69609432e-01  9.43402554e-01  1.67602822e-01  7.99155666e-01
8.40825219e-01  8.07085297e-01  5.54512140e-01  9.62433508e-01  7.72080473e-01  5.32551088e-01
8.69695964e-01  6.27747703e-01  5.77198337e-01  9.63206292e-01  5.58315283e-01  5.79225625e-01
8.22101911e-01  5.54395012e-01  7.89006821e-01  9.34687493e-01  4.06257247e-01  7.97987242e-01
8.33811218e-01  7.89837521e-01  5.90412197e-01  9.58512849e-01  7.09061936e-01  5.73283140e-01
8.58406247e-01  6.02838068e-01  6.32280465e-01  9.55105306e-01  5.23555891e-01  6.38979377e-01
8.09530378e-01  4.07549286e-01  9.31064619e-01  9.18628446e-01  2.44575444e-01  9.39653663e-01
8.62799204e-01  3.44179297e-01  7.92125779e-01  9.39806223e-01  2.10205199e-01  8.12552404e-01
8.47056344e-01  6.21219320e-01  6.58652167e-01  9.49622020e-01  5.62671457e-01  6.64795679e-01
8.05142958e-01  7.78018674e-01  6.96034609e-01  9.44253656e-01  6.17041025e-01  6.86227400e-01
9.15819193e-01  4.72275085e-01  5.24243495e-01  9.76355578e-01  3.62226337e-01  5.41258433e-01
8.53232783e-01  2.24430150e-01  9.05329550e-01  9.25160971e-01  1.44546307e-01  9.21672436e-01
9.15063968e-01  3.86275779e-01  5.84857297e-01  9.65885596e-01  3.39515807e-01  6.13842308e-01
8.84105118e-01  5.02010861e-01  6.12523731e-01  9.59936983e-01  4.34478478e-01  6.29289182e-01
8.97677581e-01  3.70001564e-01  6.55238511e-01  9.56250984e-01  3.07681847e-01  6.83250177e-01
8.51442747e-01  3.50617863e-01  8.26282487e-01  9.32568794e-01  2.65909110e-01  8.45137011e-01
9.03345357e-01  2.27899232e-01  7.31771265e-01  9.48977877e-01  1.62252925e-01  7.64674598e-01
8.07579196e-01  7.20878657e-01  7.26271931e-01  9.40414242e-01  5.65964894e-01  7.23066530e-01
8.62767858e-01  2.94224327e-01  8.25647199e-01  9.34207405e-01  2.14133885e-01  8.47007426e-01
8.95204770e-01  2.51536685e-01  7.43632228e-01  9.47373273e-01  1.67324275e-01  7.73753910e-01
8.23775781e-01  2.77980859e-01  9.69838505e-01  9.16007638e-01  1.53000364e-01  9.78362089e-01
8.59159951e-01  7.29777248e-01  5.44043004e-01  9.64135081e-01  7.25952817e-01  5.32667175e-01
8.95201860e-01  4.68699037e-01  5.97093171e-01  9.65556288e-01  3.41796938e-01  6.15408986e-01
8.80852060e-01  3.68300082e-01  7.13870947e-01  9.49297963e-01  2.64130436e-01  7.38260667e-01
7.79051378e-01  5.21256513e-01  9.58464263e-01  9.12746851e-01  3.06474794e-01  9.62577595e-01
8.72044569e-01  2.07945193e-01  8.52179652e-01  9.32325007e-01  1.48636748e-01  8.74743187e-01
8.23083755e-01  4.65601770e-01  8.45874953e-01  9.30177828e-01  2.83757042e-01  8.56721840e-01
8.57700664e-01  2.62531926e-01  8.64646678e-01  9.29371576e-01  1.91541075e-01  8.83944237e-01
8.75144350e-01  3.51715857e-01  7.44563288e-01  9.45302562e-01  2.45840037e-01  7.68260816e-01
8.61985115e-01  5.17060548e-01  6.77939992e-01  9.52625806e-01  3.71886301e-01  6.91149514e-01
9.44622237e-01  4.69789631e-01  4.27520134e-01  9.88685872e-01  4.46507328e-01  4.42020987e-01
8.95616942e-01  2.59156671e-01  7.37081791e-01  9.48411183e-01  1.67243729e-01  7.67115983e-01
7.73481901e-01  6.48663560e-01  8.91506148e-01  9.18686988e-01  4.35995808e-01  8.93504779e-01
7.56459870e-01  6.86282853e-01  9.24276943e-01  9.12505528e-01  4.70033493e-01  9.25014365e-01
8.88530753e-01  4.86490073e-01  6.07878189e-01  9.62506450e-01  3.82951505e-01  6.25129714e-01
9.04629227e-01  6.62341120e-01  4.34211918e-01  9.82891261e-01  6.91591934e-01  4.20583994e-01
8.69770521e-01  2.74104633e-01  8.15299910e-01  9.36279497e-01  1.94620789e-01  8.38382855e-01
8.18623729e-01  3.93614157e-01  9.09399191e-01  9.21896447e-01  2.39804133e-01  9.19833081e-01
8.65452268e-01  8.21117666e-01  4.60907575e-01  9.71276055e-01  9.67968468e-01  4.28997072e-01
9.02574550e-01  5.69935979e-01  5.03588032e-01  9.76154134e-01  5.05145717e-01  5.08376493e-01
9.34850292e-01  3.60992258e-01  5.34322437e-01  9.76152923e-01  2.68282594e-01  5.65021546e-01
8.36609533e-01  7.59275636e-01  6.01178380e-01  9.58210939e-01  6.53117546e-01  5.88079882e-01
9.22849553e-01  3.03729522e-01  6.13963192e-01  9.63963621e-01  2.42601218e-01  6.49343569e-01
8.05964373e-01  5.15903812e-01  8.70120341e-01  9.24551904e-01  3.42606822e-01  8.78217992e-01
9.14397176e-01  4.24745479e-01  5.61175208e-01  9.69396578e-01  3.62348855e-01  5.85863435e-01
8.75069176e-01  6.34923676e-01  5.53700885e-01  9.66069764e-01  5.84683624e-01  5.54037781e-01
9.55770991e-01  2.32402766e-01  5.49624387e-01  9.73893918e-01  2.02071591e-01  5.95342647e-01
8.01863338e-01  4.34381810e-01  9.39450266e-01  9.17485031e-01  2.48591372e-01  9.46544242e-01
8.80280038e-01  3.00806187e-01  7.61671409e-01  9.43842747e-01  2.07118090e-01  7.87400130e-01
8.40327220e-01  4.70311567e-01  7.83482636e-01  9.36109447e-01  3.66406796e-01  7.98395847e-01
8.47023468e-01  7.45600609e-01  5.74828385e-01  9.62426740e-01  6.51549926e-01  5.61415020e-01
8.71272046e-01  2.67648111e-01  8.14527121e-01  9.36658927e-01  1.86397317e-01  8.37915572e-01
8.56353036e-01  4.01177716e-01  7.75385142e-01  9.39598017e-01  2.89755682e-01  7.94348853e-01
8.97811910e-01  5.52977152e-01  5.31303109e-01  9.72910392e-01  4.62922831e-01  5.39277510e-01
8.56565947e-01  2.86548808e-01  8.52017070e-01  9.30491552e-01  2.11141449e-01  8.71556852e-01
8.54356305e-01  2.97187235e-01  8.52387254e-01  9.30677244e-01  2.07515230e-01  8.71232909e-01
9.32481883e-01  3.93705501e-01  5.20338018e-01  9.76278290e-01  3.34853476e-01  5.48299406e-01
8.08961913e-01  4.37427100e-01  9.12841550e-01  9.19243064e-01  3.00894930e-01  9.22243988e-01
7.76526037e-01  5.82994386e-01  9.25424300e-01  9.13902784e-01  4.12234732e-01  9.29873282e-01
8.48873309e-01  2.15048044e-01  9.26557253e-01  9.22417264e-01  1.37313631e-01  9.41000564e-01
8.24154816e-01  5.28984074e-01  7.99141566e-01  9.33189275e-01  3.97497364e-01  8.09691574e-01
8.14551312e-01  6.28058207e-01  7.65091266e-01  9.35503859e-01  5.00744996e-01  7.70157105e-01
9.11449578e-01  2.38825874e-01  6.96709527e-01  9.53695571e-01  1.73173398e-01  7.31803957e-01
8.84325864e-01  4.88309009e-01  6.21015907e-01  9.58560189e-01  4.29219444e-01  6.39377366e-01
9.63783260e-01  3.81959240e-01  4.21627282e-01  9.90051747e-01  3.80495845e-01  4.49561444e-01
7.92785119e-01  8.09399384e-01  7.17078561e-01  9.41430757e-01  6.14971386e-01  7.04828264e-01
8.44635635e-01  6.05158473e-01  6.77762072e-01  9.51293714e-01  4.41998718e-01  6.82928395e-01
9.13401219e-01  3.46807298e-01  6.17172423e-01  9.62906340e-01  2.75175307e-01  6.48335901e-01
8.63113631e-01  7.25864891e-01  5.33176562e-01  9.70612957e-01  6.15392342e-01  5.17555403e-01
9.53899982e-01  3.41954894e-01  4.82088905e-01  9.81419850e-01  3.27001411e-01  5.17199612e-01
8.22705876e-01  5.07094711e-01  8.18864102e-01  9.29840031e-01  4.00380912e-01  8.30484347e-01
9.10682275e-01  5.13038257e-01  5.14285055e-01  9.76288519e-01  4.25705251e-01  5.26509858e-01
8.28494243e-01  5.51976165e-01  7.68798758e-01  9.36394459e-01  4.39464169e-01  7.79098251e-01
7.84903341e-01  5.67215831e-01  9.07450697e-01  9.18608465e-01  3.60457436e-01  9.12071506e-01
7.74311627e-01  5.03906164e-01  9.86369204e-01  9.08314119e-01  3.10318122e-01  9.90091097e-01
8.12305247e-01  3.07028675e-01  9.89427050e-01  9.11966942e-01  1.87278445e-01  9.96083230e-01
8.26357246e-01  5.39484064e-01  7.84828805e-01  9.35650547e-01  3.95788540e-01  7.94830265e-01
8.26983842e-01  9.46795374e-01  5.07519817e-01  9.69478672e-01  9.05465156e-01  4.55470433e-01
8.43237276e-01  3.64796574e-01  8.44749542e-01  9.30988052e-01  2.42077495e-01  8.60974711e-01
8.40531166e-01  6.63949379e-01  6.52109974e-01  9.52558885e-01  5.37213510e-01  6.52046184e-01
9.16024100e-01  2.21927475e-01  6.92484364e-01  9.54072737e-01  1.72953038e-01  7.29437515e-01
7.49758819e-01  6.61658451e-01  9.63792702e-01  9.08235701e-01  4.18440262e-01  9.64739125e-01
8.35477417e-01  3.20286178e-01  9.01302765e-01  9.24369045e-01  1.94675274e-01  9.14764881e-01
8.36690149e-01  2.38197476e-01  9.52561386e-01  9.17693574e-01  1.67263973e-01  9.64137330e-01
7.89838775e-01  6.46628313e-01  8.36991857e-01  9.23750407e-01  5.19863422e-01  8.40972791e-01
7.46821281e-01  7.70149691e-01  9.00907126e-01  9.15683330e-01  5.02319953e-01  8.97427756e-01
8.24946682e-01  5.08208890e-01  8.10457177e-01  9.33439602e-01  3.43284239e-01  8.21049463e-01
8.45757133e-01  2.47690970e-01  9.15173748e-01  9.23669385e-01  1.50914840e-01  9.29716838e-01
9.51018780e-01  3.95471799e-01  4.55818086e-01  9.84302630e-01  3.90343247e-01  4.83563979e-01
8.95190595e-01  2.71650946e-01  7.30106529e-01  9.48770143e-01  1.86930508e-01  7.60106111e-01
8.59214728e-01  2.84816816e-01  8.44136644e-01  9.33269834e-01  1.69815528e-01  8.63618610e-01
8.41344735e-01  4.80139975e-01  7.73374059e-01  9.39028628e-01  3.35060616e-01  7.87167593e-01
8.24026920e-01  4.19061222e-01  8.73762719e-01  9.24412857e-01  3.11790099e-01  8.86478880e-01
9.03677293e-01  3.86808743e-01  6.23697609e-01  9.63446687e-01  2.58000678e-01  6.49493675e-01
8.09822924e-01  3.48674830e-01  9.70098378e-01  9.13943874e-01  2.13971458e-01  9.77536508e-01
9.66558779e-01  4.12864180e-01  3.91290420e-01  9.94228321e-01  4.23126413e-01  4.12580101e-01
8.34767540e-01  5.85166237e-01  7.24967768e-01  9.43515383e-01  4.42615461e-01  7.32670985e-01
7.79349431e-01  7.06684269e-01  8.32301167e-01  9.25516548e-01  5.11237114e-01  8.31707329e-01
8.07700773e-01  4.03056365e-01  9.40348144e-01  9.16841345e-01  2.54588999e-01  9.48721970e-01
8.77471011e-01  5.88762419e-01  5.76646059e-01  9.63329748e-01  5.34269744e-01  5.83666642e-01
8.90209726e-01  5.25650333e-01  5.75715920e-01  9.67525792e-01  4.04441385e-01  5.87797511e-01
8.71978397e-01  2.78411335e-01  8.04850507e-01  9.38889254e-01  1.68134648e-01  8.27977072e-01
8.38376242e-01  5.92518398e-01  7.07676646e-01  9.44866601e-01  4.78243656e-01  7.15484933e-01
8.51350720e-01  3.66100855e-01  8.16148605e-01  9.35387968e-01  2.36565053e-01  8.34071388e-01
8.48046775e-01  5.95576170e-01  6.72573693e-01  9.49327922e-01  5.05111767e-01  6.80445503e-01
7.75903841e-01  5.78575406e-01  9.30531959e-01  9.11812238e-01  4.44140528e-01  9.35652939e-01
9.85805971e-01  2.53993994e-01  4.32445773e-01  9.90756063e-01  2.40341910e-01  4.78039851e-01
8.25262763e-01  4.26183924e-01  8.64734326e-01  9.28010488e-01  2.57070771e-01  8.76487893e-01
9.37461515e-01  4.74981271e-01  4.48777811e-01  9.85664737e-01  4.38694189e-01  4.63783088e-01
8.26806699e-01  4.13112158e-01  8.68280321e-01  9.26188945e-01  2.86465715e-01  8.81142482e-01
9.28129142e-01  3.64348221e-01  5.55019357e-01  9.71944302e-01  2.93756278e-01  5.85924090e-01
8.24161497e-01  8.35207238e-01  5.92465433e-01  9.60384467e-01  6.81262527e-01  5.67409209e-01
8.55767724e-01  1.89953960e-01  9.19936212e-01  9.23355835e-01  1.33277977e-01  9.35945434e-01
8.45023804e-01  5.26801523e-01  7.29611886e-01  9.42847126e-01  4.21899994e-01  7.42427467e-01
9.04001940e-01  4.52245077e-01  5.78131829e-01  9.66599960e-01  3.79678940e-01  5.99656801e-01
9.58013791e-01  4.13975482e-01  4.19434709e-01  9.90716179e-01  3.93084569e-01  4.41772959e-01
9.00990167e-01  6.12579957e-01  4.80223977e-01  9.79862849e-01  5.38871959e-01  4.76524937e-01
7.55816887e-01  7.13222472e-01  9.08591413e-01  9.16321482e-01  4.43987599e-01  9.07283250e-01
9.70222247e-01  2.94737158e-01  4.58488336e-01  9.87534995e-01  2.45505165e-01  4.97981518e-01
8.82091341e-01  4.94961646e-01  6.24160748e-01  9.58844050e-01  4.13731577e-01  6.41260091e-01
8.24785904e-01  2.68826078e-01  9.72565319e-01  9.14630294e-01  1.76799867e-01  9.81505581e-01
8.32212482e-01  2.91349020e-01  9.31988242e-01  9.20301427e-01  1.82055320e-01  9.43873040e-01
8.98859741e-01  5.61690426e-01  5.21842968e-01  9.70403219e-01  5.63876461e-01  5.31218814e-01
8.09163177e-01  5.63554240e-01  8.27032830e-01  9.29979447e-01  3.81701072e-01  8.34056854e-01
9.25220630e-01  5.07746665e-01  4.68187810e-01  9.80042971e-01  5.13320948e-01  4.81479252e-01
7.93621207e-01  5.74855353e-01  8.72506817e-01  9.20646303e-01  4.43593265e-01  8.79120776e-01
8.12377941e-01  9.12933482e-01  5.80270424e-01  9.58841918e-01  8.16992803e-01  5.44847920e-01
8.41584841e-01  7.12876949e-01  6.15491462e-01  9.54302299e-01  6.63697913e-01  6.10619633e-01
7.79641599e-01  5.72660067e-01  9.21754821e-01  9.16852094e-01  3.50925190e-01  9.25616554e-01
8.42305603e-01  5.29756719e-01  7.36606506e-01  9.41803576e-01  4.20213086e-01  7.49007369e-01
7.73299539e-01  6.82349038e-01  8.69395698e-01  9.21902170e-01  4.49662872e-01  8.69614078e-01
8.96175930e-01  3.51967013e-01  6.72837707e-01  9.56338056e-01  2.36942023e-01  7.00123635e-01
8.64396564e-01  7.51278903e-01  5.11643188e-01  9.70048832e-01  7.33466576e-01  4.92940535e-01
7.65007614e-01  6.26118571e-01  9.35675970e-01  9.11947966e-01  4.29123469e-01  9.38373299e-01
7.59378839e-01  6.57853374e-01  9.33789473e-01  9.13789225e-01  3.98118766e-01  9.34493952e-01
8.67220561e-01  2.62615045e-01  8.32064109e-01  9.34116397e-01  1.88508550e-01  8.54235567e-01
7.84898770e-01  5.27720392e-01  9.34122080e-01  9.16003500e-01  3.17718505e-01  9.39000146e-01
8.22653825e-01  5.33372745e-01  8.01309218e-01  9.35318259e-01  3.38379929e-01  8.10172355e-01
8.50863908e-01  7.02106444e-01  5.91356642e-01  9.59055381e-01  6.42322419e-01  5.85761809e-01
8.48195271e-01  7.28896835e-01  5.82097148e-01  9.61115381e-01  6.43579514e-01  5.71731778e-01
8.05198017e-01  6.80278413e-01  7.61806726e-01  9.36175512e-01  5.15267084e-01  7.62376575e-01
8.80626835e-01  3.70565564e-01  7.13111766e-01  9.49894244e-01  2.53134196e-01  7.37065522e-01
8.76238609e-01  3.89272544e-01  7.15479520e-01  9.48310302e-01  2.89722441e-01  7.38475992e-01
9.08105914e-01  3.00015888e-01  6.66840021e-01  9.57765878e-01  2.01889135e-01  6.98830593e-01
8.04455285e-01  8.06937240e-01  6.78869207e-01  9.48830998e-01  5.89146105e-01  6.63538673e-01
7.66343152e-01  6.85722887e-01  8.90886285e-01  9.17729827e-01  4.70223368e-01  8.91459507e-01
8.69786275e-01  5.77856303e-01  6.10260815e-01  9.62569406e-01  4.17164752e-01  6.16544976e-01
8.83822563e-01  5.97269212e-01  5.49206280e-01  9.67956777e-01  5.35904982e-01  5.53598359e-01
8.28884318e-01  5.97522355e-01  7.37027616e-01  9.42243116e-01  4.34475908e-01  7.43294433e-01
8.67949606e-01  2.82950929e-01  8.15551250e-01  9.36167709e-01  1.98660387e-01  8.38133913e-01
8.60450657e-01  6.47304649e-01  5.95586821e-01  9.62184312e-01  5.21310447e-01  5.94628903e-01
7.83864274e-01  5.47086651e-01  9.24586520e-01  9.17271415e-01  3.25284013e-01  9.29058408e-01
7.80064090e-01  6.20897663e-01  8.88053049e-01  9.19152733e-01  4.33845232e-01  8.91548509e-01
9.10152210e-01  3.81727279e-01  6.04707563e-01  9.64944863e-01  2.87188721e-01  6.32388331e-01
8.87259886e-01  6.32201642e-01  5.13889765e-01  9.70750885e-01  6.30160386e-01  5.13139544e-01
8.27447545e-01  3.17604197e-01  9.30549229e-01  9.19804578e-01  2.03449551e-01  9.41944005e-01
8.10852083e-01  4.03176283e-01  9.29499685e-01  9.18387105e-01  2.55628800e-01  9.38558533e-01
7.88419430e-01  7.41722428e-01  7.77665763e-01  9.31700991e-01  5.84432524e-01  7.74537439e-01
8.98003762e-01  5.62963023e-01  5.23908606e-01  9.70851004e-01  5.46067836e-01  5.32605064e-01
8.20094578e-01  4.10060445e-01  8.93273277e-01  9.22264430e-01  2.92293484e-01  9.04921298e-01
8.58191060e-01  5.39111646e-01  6.76021477e-01  9.53038431e-01  3.78302530e-01  6.86968712e-01
8.67923303e-01  4.01245367e-01  7.35808755e-01  9.44320534e-01  3.17515938e-01  7.57420450e-01
8.15163243e-01  4.02443865e-01  9.15263743e-01  9.20812286e-01  2.46968161e-01  9.25073976e-01
9.24926095e-01  3.57733862e-01  5.70425901e-01  9.71191116e-01  2.51882278e-01  6.00767668e-01
8.68220616e-01  6.73384909e-01  5.51143477e-01  9.65293233e-01  6.35796256e-01  5.46796610e-01
9.68371558e-01  4.07202417e-01  3.88620149e-01  9.93988830e-01  4.33188129e-01  4.11193486e-01
9.45999095e-01  3.47267791e-01  5.05495844e-01  9.80047377e-01  2.75406233e-01  5.38339594e-01
8.80903053e-01  5.12646487e-01  6.16583902e-01  9.58929185e-01  4.50434253e-01  6.32454649e-01
8.39898302e-01  8.04179882e-01  5.59639441e-01  9.61255548e-01  7.76838990e-01  5.38968549e-01
8.53304745e-01  7.64467700e-01  5.40637179e-01  9.68231420e-01  6.65607705e-01  5.20823099e-01
8.82856794e-01  5.50647753e-01  5.83967705e-01  9.66945323e-01  3.99790895e-01  5.92632580e-01
8.61207447e-01  4.47985309e-01  7.27212046e-01  9.46961377e-01  3.00425029e-01  7.44568798e-01
9.30138008e-01  5.32944467e-01  4.34384859e-01  9.86101173e-01  5.22902278e-01  4.40331862e-01
8.09916806e-01  5.40369153e-01  8.40402575e-01  9.27909800e-01  3.78563902e-01  8.48598736e-01
7.69440926e-01  5.41699696e-01  9.77801957e-01  9.08817286e-01  3.36553851e-01  9.81106798e-01
8.47331736e-01  5.27939048e-01  7.20661305e-01  9.44308028e-01  4.18119906e-01  7.33444318e-01
9.35651829e-01  4.05222085e-01  5.01737007e-01  9.79957231e-01  3.24264361e-01  5.27235117e-01
8.64125576e-01  4.98372883e-01  6.83536340e-01  9.52431921e-01  3.50075675e-01  6.98125199e-01
9.03792974e-01  3.08672168e-01  6.75732859e-01  9.54571410e-01  2.50954300e-01  7.07587486e-01
8.47256794e-01  4.65408124e-01  7.63117403e-01  9.41804816e-01  3.00232635e-01  7.77689091e-01
8.47777335e-01  6.02272065e-01  6.68976034e-01  9.51455245e-01  4.70464405e-01  6.75085714e-01
8.29301895e-01  3.63211582e-01  8.93432190e-01  9.23249997e-01  2.58452149e-01  9.06692014e-01
7.37113091e-01  6.94765051e-01  9.84656892e-01  9.04300723e-01  4.39520185e-01  9.84938167e-01
8.32899856e-01  3.69594745e-01  8.77128765e-01  9.25379721e-01  2.67639709e-01  8.91351516e-01
8.42076427e-01  7.49854876e-01  5.88858825e-01  9.61431540e-01  6.20974184e-01  5.75109220e-01
7.94893531e-01  5.04669104e-01  9.15528164e-01  9.16696614e-01  3.66147881e-01  9.22973723e-01
8.08761480e-01  5.96255494e-01  8.06334955e-01  9.29376555e-01  4.83924636e-01  8.13480006e-01
8.99524052e-01  2.61199677e-01  7.22354412e-01  9.50508926e-01  1.68369614e-01  7.53391796e-01
9.24585451e-01  2.34655800e-01  6.54645493e-01  9.59075882e-01  1.88405208e-01  6.93652520e-01
8.08082797e-01  8.59444734e-01  6.31041060e-01  9.53601710e-01  6.97213450e-01  6.07099037e-01
7.98296884e-01  6.21509575e-01  8.25045739e-01  9.26883254e-01  4.81441914e-01  8.30065875e-01
7.93323033e-01  7.41519023e-01  7.61050834e-01  9.37692682e-01  5.03497483e-01  7.55459743e-01
8.37064513e-01  2.55396905e-01  9.39674261e-01  9.19978811e-01  1.57806026e-01  9.51741000e-01
8.18591746e-01  8.55130793e-01  5.98049121e-01  9.59665957e-01  6.87111701e-01  5.70619026e-01
7.82334285e-01  5.80096984e-01  9.07534087e-01  9.16200028e-01  4.22472967e-01  9.12690165e-01
9.10505427e-01  3.44539636e-01  6.28595730e-01  9.60599042e-01  2.88456777e-01  6.59958970e-01
7.60080504e-01  6.21434524e-01  9.55671859e-01  9.08218080e-01  4.44499170e-01  9.58620790e-01
9.17800501e-01  5.23812149e-01  4.82695999e-01  9.76775899e-01  5.43334047e-01  4.95257270e-01
9.04147660e-01  2.81750339e-01  6.92689319e-01  9.53893151e-01  1.97465687e-01  7.24727935e-01
9.30963864e-01  3.34566231e-01  5.65432257e-01  9.69876281e-01  2.90229414e-01  6.00031529e-01
7.68540493e-01  7.17696407e-01  8.62097771e-01  9.20689137e-01  5.19031542e-01  8.61323782e-01
8.89145642e-01  4.68285260e-01  6.18062155e-01  9.59163081e-01  4.16478305e-01  6.38557073e-01
8.93491899e-01  4.41693278e-01  6.21158708e-01  9.59652581e-01  3.81059000e-01  6.43886781e-01
8.07355543e-01  5.14597360e-01  8.66545940e-01  9.23419373e-01  3.85798949e-01  8.75670760e-01
9.23310077e-01  4.92938164e-01  4.84708097e-01  9.80306426e-01  4.33569859e-01  4.98859000e-01
8.51343128e-01  5.76925202e-01  6.73898816e-01  9.51635935e-01  4.36292133e-01  6.82097952e-01
9.18059736e-01  5.96173726e-01  4.32980018e-01  9.86319821e-01  5.68720971e-01  4.27973686e-01
8.59585158e-01  3.93201453e-01  7.69725208e-01  9.40562166e-01  2.84201915e-01  7.89492779e-01
9.04302208e-01  6.18794214e-01  4.64715492e-01  9.82325360e-01  5.48385366e-01  4.58455993e-01
7.82818333e-01  5.60748679e-01  9.18938425e-01  9.15123659e-01  4.02487994e-01  9.24373081e-01
8.25398051e-01  2.49963643e-01  9.83204706e-01  9.13547610e-01  1.64242106e-01  9.91453075e-01
1.01088073e+00  2.44357168e-01  3.53286755e-01  1.00227322e+00  2.64636680e-01  3.98361444e-01
8.57934279e-01  3.32240230e-01  8.16506414e-01  9.35795453e-01  2.16675677e-01  8.36213734e-01
8.35622626e-01  6.66565242e-01  6.67114043e-01  9.48296144e-01  5.82634967e-01  6.68526160e-01
9.44572892e-01  4.57595446e-01  4.35917448e-01  9.87109024e-01  4.41867488e-01  4.53244086e-01
8.48327164e-01  3.95279249e-01  8.06786980e-01  9.35217074e-01  2.82146167e-01  8.24268080e-01
8.33926059e-01  6.17617734e-01  7.05942454e-01  9.44362590e-01  5.07122051e-01  7.11812300e-01
8.70038451e-01  7.28037565e-01  5.08052731e-01  9.74994605e-01  6.17098939e-01  4.89044055e-01
7.61249224e-01  6.01715384e-01  9.64987129e-01  9.07015235e-01  4.35979773e-01  9.68373313e-01
7.54726085e-01  5.88225275e-01  9.96380507e-01  9.02331665e-01  4.31263236e-01  9.99542684e-01
8.43920588e-01  5.51297502e-01  7.16849774e-01  9.43563065e-01  4.61316659e-01  7.28410173e-01
7.67323575e-01  8.04449426e-01  8.07411118e-01  9.28823850e-01  5.58338204e-01  7.99231190e-01
8.76141563e-01  5.95564634e-01  5.76597409e-01  9.61682380e-01  5.77272105e-01  5.83950203e-01
9.03305278e-01  5.66486913e-01  5.03419182e-01  9.76808807e-01  4.88309494e-01  5.08203272e-01
8.61615468e-01  2.04357721e-01  8.90234545e-01  9.27597906e-01  1.33125858e-01  9.08772469e-01
8.69129071e-01  5.60665794e-01  6.24106430e-01  9.59194666e-01  4.36522655e-01  6.33561538e-01
8.30185054e-01  4.50291132e-01  8.31646162e-01  9.30642422e-01  3.18687372e-01  8.44872460e-01
