8.74886364e-01  4.77013553e-01  6.87347029e-01  9.52031659e-01  3.11946931e-01  7.04765300e-01
8.38468338e-01  5.51996173e-01  7.62331802e-01  9.39740754e-01  3.59433727e-01  7.72394431e-01
7.60167573e-01  7.21405604e-01  9.18241159e-01  9.13895233e-01  4.45691780e-01  9.17809667e-01
7.63371564e-01  7.28375795e-01  9.02536759e-01  9.15406531e-01  4.69121075e-01  9.02086324e-01
7.57043091e-01  7.98467236e-01  8.78518375e-01  9.17370812e-01  5.31308519e-01  8.74849069e-01
9.04801618e-01  2.11149916e-01  7.58075639e-01  9.44354017e-01  1.56278971e-01  7.90129592e-01
8.21429724e-01  4.39031216e-01  8.93537827e-01  9.20469533e-01  3.21837204e-01  9.04815654e-01
9.10158401e-01  6.67446528e-01  4.43643025e-01  9.82962317e-01  6.23972273e-01  4.32460916e-01
9.13862882e-01  5.59027687e-01  5.01451691e-01  9.73224601e-01  5.48675199e-01  5.12625712e-01
8.16611949e-01  7.58291006e-01  7.02612210e-01  9.41018247e-01  6.36562853e-01  6.98954741e-01
9.48368428e-01  5.14553141e-01  4.13457704e-01  9.91420549e-01  4.43890102e-01  4.21142179e-01
9.12444707e-01  3.69743763e-01  6.29155688e-01  9.59164621e-01  3.07906017e-01  6.59464066e-01
8.12488233e-01  4.75777380e-01  8.99746366e-01  9.18645539e-01  3.49346049e-01  9.09518261e-01
8.31855773e-01  3.17649351e-01  9.36944976e-01  9.17663242e-01  2.14209657e-01  9.48151071e-01
9.58142392e-01  4.95670081e-01  3.92231291e-01  9.92111285e-01  4.98618036e-01  4.03312119e-01
8.91039832e-01  3.03662693e-01  7.44743953e-01  9.46124476e-01  1.86356617e-01  7.71695638e-01
8.35306533e-01  2.39099287e-01  9.76231229e-01  9.15006278e-01  1.30847595e-01  9.84815888e-01
7.52096403e-01  7.13654579e-01  9.50385564e-01  9.07886546e-01  4.66449319e-01  9.50935014e-01
8.41840186e-01  7.50928578e-01  6.21723735e-01  9.51172577e-01  7.09009807e-01  6.16788480e-01
8.27780641e-01  8.51508392e-01  6.04166423e-01  9.57952763e-01  6.71075336e-01  5.82245650e-01
8.59856385e-01  8.00788242e-01  5.27879785e-01  9.70305079e-01  6.61425459e-01  5.04799572e-01
7.90533436e-01  8.45624551e-01  7.34469189e-01  9.39426473e-01  5.83323268e-01  7.21696058e-01
8.30337100e-01  7.91173869e-01  6.34358548e-01  9.50030487e-01  7.04189808e-01  6.24730108e-01
8.65419504e-01  4.17354023e-01  7.58227590e-01  9.40874459e-01  3.04404602e-01  7.78081417e-01
9.34045421e-01  3.70565278e-01  5.55572074e-01  9.70658518e-01  3.02739276e-01  5.87498408e-01
8.08619914e-01  5.95230233e-01  8.35621675e-01  9.26235084e-01  4.29361685e-01  8.42529635e-01
8.65683249e-01  3.62985954e-01  7.92631136e-01  9.37141185e-01  2.56142658e-01  8.13382520e-01
7.91237853e-01  6.56120711e-01  8.55115554e-01  9.23601450e-01  4.35377612e-01  8.58000364e-01
8.00910362e-01  6.97000395e-01  7.95427496e-01  9.28042066e-01  5.66472656e-01  7.98144591e-01
8.70423076e-01  7.88532946e-01  4.99954938e-01  9.66246437e-01  8.66386697e-01  4.82567443e-01
8.74326058e-01  7.38313482e-01  5.19603443e-01  9.65946885e-01  7.61214864e-01  5.09765784e-01
8.61496752e-01  4.04866988e-01  7.79656774e-01  9.40156347e-01  2.39844167e-01  7.97886457e-01
7.66847771e-01  6.03519260e-01  9.72099506e-01  9.08740300e-01  3.46415455e-01  9.74238936e-01
8.31443423e-01  2.61569614e-01  9.74759910e-01  9.13996273e-01  1.64127022e-01  9.83456581e-01
7.63915837e-01  6.45250837e-01  9.54660618e-01  9.07433726e-01  4.50908169e-01  9.57497798e-01
9.77908847e-01  4.01006069e-01  3.86571053e-01  9.96289494e-01  3.57071902e-01  4.09847253e-01
8.73123783e-01  7.07831692e-01  5.43177971e-01  9.63557527e-01  7.01461308e-01  5.38638190e-01
7.59503399e-01  7.96980572e-01  8.71128632e-01  9.18675367e-01  5.27980199e-01  8.67267732e-01
9.13915070e-01  5.30635651e-01  5.19707227e-01  9.71034926e-01  5.12798196e-01  5.35112517e-01
7.89153754e-01  5.18323818e-01  9.51663637e-01  9.10603604e-01  3.66380363e-01  9.57590248e-01
8.67252971e-01  6.66622448e-01  5.90164987e-01  9.57673656e-01  6.33859011e-01  5.92797520e-01
8.40623707e-01  2.79902106e-01  9.31380839e-01  9.19931227e-01  1.69359662e-01  9.43652023e-01
8.11886699e-01  3.59844614e-01  9.77364532e-01  9.11219536e-01  2.35574803e-01  9.84439172e-01
8.67855295e-01  3.29687302e-01  8.06875157e-01  9.36286500e-01  2.17317946e-01  8.28003983e-01
7.43884391e-01  7.05124925e-01  9.83813072e-01  9.04170017e-01  4.26598946e-01  9.84149133e-01
8.91554886e-01  2.72296879e-01  7.63358785e-01  9.42537083e-01  1.99905089e-01  7.91508310e-01
8.23202509e-01  7.49714155e-01  6.85802076e-01  9.47959936e-01  5.29819684e-01  6.79576569e-01
8.43818843e-01  9.09788021e-01  5.11868556e-01  9.67693547e-01  8.67655067e-01  4.73506300e-01
9.81556258e-01  3.75275040e-01  3.90891049e-01  9.94967271e-01  3.53216190e-01  4.19232934e-01
8.55511261e-01  3.99727185e-01  8.03319400e-01  9.36151441e-01  2.51584106e-01  8.20802132e-01
8.90012049e-01  2.02252793e-01  8.14075225e-01  9.36838185e-01  1.45125160e-01  8.40947906e-01
8.26774856e-01  3.08107025e-01  9.60099167e-01  9.15006799e-01  1.94305553e-01  9.69355018e-01
9.08121352e-01  6.22388956e-01  4.80109500e-01  9.74269698e-01  6.50377069e-01  4.82496353e-01
8.86940928e-01  7.87611743e-01  4.44465790e-01  9.80744697e-01  7.61118746e-01  4.14390610e-01
7.58151162e-01  7.89676756e-01  8.80463486e-01  9.18302471e-01  4.97986508e-01  8.76720749e-01
9.14017284e-01  4.20334533e-01  5.91268404e-01  9.64566544e-01  3.40940190e-01  6.17565729e-01
7.64688193e-01  6.05713342e-01  9.77711106e-01  9.07247108e-01  3.60605981e-01  9.79956251e-01
9.20836603e-01  6.09473542e-01  4.45319014e-01  9.79726071e-01  6.54214279e-01  4.46607384e-01
8.20052804e-01  3.56281168e-01  9.51647231e-01  9.14719144e-01  2.38311984e-01  9.60838144e-01
8.84006644e-01  2.42355161e-01  8.08729508e-01  9.37831140e-01  1.50635711e-01  8.33799730e-01
8.19886585e-01  4.57990867e-01  8.86171597e-01  9.23812327e-01  2.66343128e-01  8.95930905e-01
7.91144249e-01  7.82774098e-01  7.73200431e-01  9.32342409e-01  5.78045600e-01  7.68361908e-01
9.60264253e-01  2.87709594e-01  5.20335417e-01  9.76564795e-01  2.49405942e-01  5.62184616e-01
9.85498797e-01  2.97191276e-01  4.28494665e-01  9.90575393e-01  2.63035598e-01  4.69141165e-01
7.60994503e-01  7.18209333e-01  9.17508051e-01  9.13736257e-01  4.52014174e-01  9.17340448e-01
8.91944780e-01  7.03781614e-01  4.81899422e-01  9.78602191e-01  5.92567250e-01  4.67811357e-01
7.67834160e-01  6.19603057e-01  9.58305695e-01  9.09517791e-01  3.82421920e-01  9.60775692e-01
7.93292862e-01  5.24198497e-01  9.33494801e-01  9.13177524e-01  3.68720128e-01  9.40018589e-01
8.49803364e-01  4.74833845e-01  7.73937658e-01  9.37229837e-01  3.54280866e-01  7.89707819e-01
9.39742728e-01  4.54481301e-01  4.81448916e-01  9.82151330e-01  3.52080266e-01  5.01674526e-01
9.04476763e-01  2.62798283e-01  7.25943912e-01  9.49040505e-01  1.70777309e-01  7.57182202e-01
7.89739527e-01  9.02307166e-01  7.00065568e-01  9.42473425e-01  6.72629825e-01  6.80616216e-01
8.41959262e-01  7.87227649e-01  5.97455293e-01  9.55009247e-01  7.31755792e-01  5.86316482e-01
8.95249637e-01  3.74701954e-01  6.84624014e-01  9.53687844e-01  2.42960503e-01  7.10388233e-01
9.87000024e-01  3.16251979e-01  4.10725192e-01  9.93390948e-01  2.74342103e-01  4.47910011e-01
8.00180949e-01  4.37735783e-01  9.66243916e-01  9.10100907e-01  3.11741830e-01  9.73162190e-01
8.92168125e-01  3.56861392e-01  7.06670641e-01  9.50111611e-01  2.44411270e-01  7.32977526e-01
8.74806080e-01  8.15609489e-01  4.67493547e-01  9.72915157e-01  8.65959547e-01  4.39909072e-01
8.59389153e-01  8.74618925e-01  4.81532655e-01  9.68607113e-01  9.50000562e-01  4.47745255e-01
8.52379116e-01  8.41984930e-01  5.26523658e-01  9.69689342e-01  7.08891171e-01  4.97572355e-01
8.21531667e-01  5.15327536e-01  8.43653419e-01  9.26361844e-01  3.75941565e-01  8.54294484e-01
9.18056528e-01  6.38363599e-01  4.36002970e-01  9.80650667e-01  6.90929506e-01  4.32034869e-01
8.13546161e-01  5.23266687e-01  8.65616849e-01  9.22758217e-01  3.85553495e-01  8.75138310e-01
8.17027525e-01  3.50131909e-01  9.65914459e-01  9.12853858e-01  2.32727960e-01  9.74113567e-01
9.18529069e-01  3.72705807e-01  6.06572295e-01  9.62422791e-01  3.12728425e-01  6.37437393e-01
8.89331162e-01  7.35542809e-01  4.70451423e-01  9.77450030e-01  6.91381127e-01  4.52450558e-01
8.06955970e-01  6.06435508e-01  8.33698794e-01  9.24898255e-01  4.70938372e-01  8.40796216e-01
8.81309000e-01  2.54281767e-01  8.10146443e-01  9.36659667e-01  1.77807006e-01  8.34913939e-01
9.64623727e-01  3.05499822e-01  4.93685353e-01  9.81347243e-01  2.40475957e-01  5.33106250e-01
9.42149115e-01  3.40096981e-01  5.47836238e-01  9.73983454e-01  2.36169743e-01  5.81852297e-01
8.91898347e-01  7.65723503e-01  4.42140410e-01  9.81464336e-01  7.39619351e-01  4.15354335e-01
7.65676213e-01  6.60702022e-01  9.38651061e-01  9.12259320e-01  3.93704392e-01  9.40023704e-01
8.69813696e-01  1.95067802e-01  8.87333007e-01  9.26931380e-01  1.35635270e-01  9.06706124e-01
7.73417954e-01  7.08452469e-01  8.81652972e-01  9.18826173e-01  4.63603522e-01  8.81974351e-01
9.44581383e-01  4.54640971e-01  4.65212885e-01  9.84836658e-01  3.53628695e-01  4.84608146e-01
8.30760745e-01  7.33824834e-01  6.70154841e-01  9.50903530e-01  5.11216785e-01  6.64566018e-01
7.59761554e-01  7.38016987e-01  9.08536690e-01  9.14925225e-01  4.59336715e-01  9.07476261e-01
8.51742689e-01  4.87558182e-01  7.59091366e-01  9.40952071e-01  3.21034587e-01  7.73668297e-01
8.47736360e-01  5.28365605e-01  7.46201486e-01  9.41970477e-01  3.57449711e-01  7.58564470e-01
7.49825171e-01  7.25351076e-01  9.50504816e-01  9.08893060e-01  4.42278659e-01  9.50172024e-01
7.97408846e-01  6.18608526e-01  8.58515451e-01  9.24267243e-01  3.96461294e-01  8.62893979e-01
8.86590883e-01  7.06896490e-01  4.98354270e-01  9.74816296e-01  6.17971566e-01  4.86621095e-01
9.73910921e-01  3.41002669e-01  4.39101178e-01  9.88923207e-01  2.86385826e-01  4.73721044e-01
7.62982034e-01  7.44901066e-01  8.93129416e-01  9.15545212e-01  5.06510673e-01  8.92393729e-01
7.48321064e-01  7.46060289e-01  9.42165801e-01  9.08845057e-01  4.80118267e-01  9.41570457e-01
8.12160347e-01  8.92382724e-01  6.30373326e-01  9.52778162e-01  7.07266203e-01  6.06387840e-01
9.11930795e-01  2.60868835e-01  7.01884456e-01  9.51943821e-01  1.83955422e-01  7.35463334e-01
8.84151245e-01  3.92678376e-01  7.10640058e-01  9.49557016e-01  2.55937026e-01  7.33819931e-01
8.49701057e-01  1.83344190e-01  9.63250345e-01  9.16943866e-01  1.19670467e-01  9.74507062e-01
8.10736767e-01  6.95361566e-01  7.63122752e-01  9.33146909e-01  5.65574019e-01  7.65623609e-01
7.91137335e-01  4.65983059e-01  9.78615714e-01  9.07860629e-01  3.25599011e-01  9.84264706e-01
9.24523951e-01  4.57114910e-01  5.31713162e-01  9.73523263e-01  3.68118679e-01  5.53736962e-01
8.51494860e-01  2.60728048e-01  9.06911460e-01  9.23767070e-01  1.57047733e-01  9.21954680e-01
8.31913621e-01  7.13975826e-01  6.79125332e-01  9.44412057e-01  6.25500468e-01  6.79282036e-01
7.86693304e-01  5.96344699e-01  9.09359587e-01  9.14435539e-01  4.43472153e-01  9.14867774e-01
7.63006533e-01  7.90392562e-01  8.63510063e-01  9.20747891e-01  5.05019572e-01  8.59384461e-01
9.45333874e-01  3.00864998e-01  5.62492169e-01  9.71104251e-01  2.33075647e-01  6.01042037e-01
7.78553608e-01  5.98249196e-01  9.35766360e-01  9.11986580e-01  4.04013106e-01  9.39861614e-01
7.60276933e-01  7.12584461e-01  9.23298922e-01  9.11717471e-01  4.76810658e-01  9.23930741e-01
8.63954433e-01  7.90342696e-01  5.21043416e-01  9.71031806e-01  6.68004257e-01  4.99107176e-01
8.04122825e-01  5.92862262e-01  8.52430369e-01  9.22538208e-01  4.57091496e-01  8.59705546e-01
7.52352919e-01  6.53937261e-01  9.88289318e-01  9.02615090e-01  4.42554463e-01  9.90362985e-01
8.15597720e-01  4.24876835e-01  9.22236467e-01  9.16711552e-01  3.05878799e-01  9.32153721e-01
8.50024787e-01  2.57183661e-01  9.14205359e-01  9.22871688e-01  1.53090802e-01  9.28627706e-01
8.67680506e-01  6.70221860e-01  5.86377309e-01  9.63319157e-01  5.14524745e-01  5.84695027e-01
8.74142581e-01  3.92663232e-01  7.44636271e-01  9.42726245e-01  3.00612843e-01  7.67100423e-01
9.31574421e-01  2.94667448e-01  6.12940299e-01  9.64771870e-01  1.98683109e-01  6.49226190e-01
8.29067345e-01  8.94546089e-01  5.71557251e-01  9.58511321e-01  8.18039402e-01  5.43546904e-01
9.74483065e-01  3.66983637e-01  4.20588725e-01  9.90461325e-01  3.39487590e-01  4.51872856e-01
9.15016134e-01  6.17383642e-01  4.59947384e-01  9.77639090e-01  6.49151080e-01  4.61180890e-01
7.81818603e-01  7.58416298e-01  8.20387165e-01  9.27693464e-01  4.95194374e-01  8.17162013e-01
7.93059588e-01  5.33457067e-01  9.28573174e-01  9.14238475e-01  3.64194378e-01  9.34797352e-01
8.33939259e-01  5.03671220e-01  8.09086384e-01  9.30927872e-01  3.88387041e-01  8.22086365e-01
8.07190469e-01  8.84912082e-01  6.52099773e-01  9.48866864e-01  7.07507449e-01  6.31410066e-01
8.81648570e-01  3.93161023e-01  7.18824686e-01  9.47018224e-01  2.88883652e-01  7.42341653e-01
9.39567506e-01  3.74827191e-01  5.33757045e-01  9.75309900e-01  2.72150819e-01  5.64359642e-01
9.93968498e-01  3.43564214e-01  3.69629632e-01  9.96982685e-01  3.70003638e-01  4.02874208e-01
7.40832532e-01  7.21391737e-01  9.83614980e-01  9.03519752e-01  4.45857395e-01  9.83784345e-01
8.51787651e-01  6.37643624e-01  6.61495104e-01  9.50966205e-01  5.02874898e-01  6.66644398e-01
9.67868798e-01  3.83524095e-01  4.32011939e-01  9.90099371e-01  3.12251253e-01  4.60089918e-01
8.28608727e-01  3.10877093e-01  9.52072463e-01  9.16302505e-01  1.90831290e-01  9.61864668e-01
8.86243230e-01  6.67529171e-01  5.24794974e-01  9.67481377e-01  6.57808768e-01  5.23756377e-01
9.06033553e-01  2.47323651e-01  7.30406767e-01  9.48692282e-01  1.56681105e-01  7.62217694e-01
9.43762337e-01  2.66475652e-01  5.90154835e-01  9.67184197e-01  2.12327398e-01  6.31062216e-01
8.46836714e-01  4.39008352e-01  8.07272949e-01  9.34826622e-01  2.80469531e-01  8.22496017e-01
8.31900879e-01  7.45418499e-01  6.59052177e-01  9.46692181e-01  6.65787615e-01  6.55692847e-01
9.03774072e-01  4.88046700e-01  5.82090208e-01  9.66561183e-01  3.59569356e-01  6.00390135e-01
9.49731292e-01  3.61676424e-01  5.07782859e-01  9.79599501e-01  2.59781118e-01  5.39767412e-01
7.53209399e-01  6.48764047e-01  9.89038066e-01  9.04318289e-01  3.97929461e-01  9.90464904e-01
7.86900507e-01  6.75886291e-01  8.57011291e-01  9.22538517e-01  4.59488615e-01  8.59139138e-01
8.52847474e-01  6.10985705e-01  6.74905572e-01  9.47272054e-01  5.27790800e-01  6.83948787e-01
8.43515808e-01  7.85778479e-01  5.93111595e-01  9.60777916e-01  6.09712082e-01  5.78062155e-01
8.49496106e-01  4.70169724e-01  7.78010020e-01  9.38530310e-01  3.05355300e-01  7.92888403e-01
9.97976554e-01  3.26886781e-01  3.66847452e-01  9.98696684e-01  3.29457378e-01  4.01430389e-01
7.77696524e-01  6.13906917e-01  9.28510199e-01  9.12275596e-01  4.27291562e-01  9.32527459e-01
8.76023102e-01  7.40898644e-01  5.12162638e-01  9.67319985e-01  7.60845486e-01  5.01048585e-01
8.65941892e-01  8.02558275e-01  5.06066093e-01  9.69678969e-01  7.69151889e-01  4.83451216e-01
7.93824267e-01  6.71410171e-01  8.36106197e-01  9.22952639e-01  5.27359059e-01  8.39987620e-01
9.38440495e-01  2.42838113e-01  6.23572122e-01  9.63291168e-01  1.77520036e-01  6.64219291e-01
9.81728326e-01  3.42869547e-01  4.11642486e-01  9.93009219e-01  2.98707498e-01  4.45137264e-01
8.95309259e-01  5.11823674e-01  5.95099541e-01  9.65027201e-01  3.56592490e-01  6.10410608e-01
9.90317048e-01  3.62515306e-01  3.69427382e-01  9.97972959e-01  3.59041215e-01  3.98589479e-01
7.80275202e-01  6.26160569e-01  9.11498807e-01  9.14029055e-01  4.48810069e-01  9.15701189e-01
7.68867809e-01  6.50114399e-01  9.34685887e-01  9.11160391e-01  4.35310774e-01  9.37274026e-01
7.98934829e-01  5.95009152e-01  8.68655199e-01  9.21562480e-01  4.19948210e-01  8.74707350e-01
7.75469626e-01  5.50687020e-01  9.77122822e-01  9.07085391e-01  3.62744722e-01  9.81005882e-01
8.99322933e-01  3.04478883e-01  7.16086695e-01  9.50507353e-01  1.80920212e-01  7.44872414e-01
7.91168005e-01  5.53464801e-01  9.22005874e-01  9.14630956e-01  3.82556771e-01  9.27957254e-01
8.85487555e-01  7.09663605e-01  5.00006752e-01  9.75208165e-01  6.01719503e-01  4.87418636e-01
8.66327618e-01  3.31758382e-01  8.10717815e-01  9.34620847e-01  2.45653890e-01  8.32012720e-01
8.32369185e-01  3.90521476e-01  8.87885395e-01  9.24063678e-01  2.43008666e-01  9.00329506e-01
7.65788869e-01  7.27037435e-01  8.95494246e-01  9.16606199e-01  4.68753986e-01  8.94996496e-01
8.28930032e-01  3.83357245e-01  9.04216515e-01  9.21770983e-01  2.39694826e-01  9.15810911e-01
9.73777377e-01  3.74456546e-01  4.18133291e-01  9.89096190e-01  3.85946073e-01  4.49687852e-01
7.56573089e-01  6.85402868e-01  9.53526472e-01  9.07870314e-01  4.50158916e-01  9.54874694e-01
7.73676644e-01  8.11654219e-01  8.13469840e-01  9.26406623e-01  5.71140835e-01  8.07532030e-01
7.97982270e-01  6.42961745e-01  8.40456934e-01  9.22961089e-01  5.02834103e-01  8.45707776e-01
8.32448817e-01  8.04981011e-01  6.18522096e-01  9.56184952e-01  6.28880038e-01  6.03515201e-01
7.85060700e-01  5.40388242e-01  9.50939567e-01  9.10040731e-01  3.84279559e-01  9.56468905e-01
7.69793482e-01  6.75185627e-01  9.15263927e-01  9.14388520e-01  4.34161924e-01  9.16845121e-01
8.80630730e-01  8.07358727e-01  4.53369838e-01  9.77622090e-01  8.12427194e-01  4.22848589e-01
9.38996134e-01  5.09539419e-01  4.48536528e-01  9.83094534e-01  4.95240119e-01  4.62437734e-01
7.90619207e-01  6.78098577e-01  8.42647822e-01  9.22228942e-01  5.21734529e-01  8.45952325e-01
8.21701392e-01  2.91195424e-01  9.88311395e-01  9.12088118e-01  1.64492907e-01  9.95089796e-01
7.97252351e-01  5.04873167e-01  9.32596082e-01  9.13357113e-01  3.64575488e-01  9.39842889e-01
8.53536157e-01  2.83205660e-01  8.85384622e-01  9.26859447e-01  1.59775999e-01  9.01483433e-01
8.30864000e-01  3.16017170e-01  9.41373545e-01  9.18304189e-01  1.81676612e-01  9.51701112e-01
8.77741483e-01  1.94679866e-01  8.60662137e-01  9.30608295e-01  1.36538332e-01  8.82916527e-01
9.06423363e-01  6.50213661e-01  4.67811131e-01  9.79795050e-01  5.88340982e-01  4.61674127e-01
9.05354264e-01  4.02117204e-01  6.32512675e-01  9.60567433e-01  2.76807831e-01  6.58307276e-01
7.84127843e-01  9.17367521e-01  7.09343934e-01  9.41615534e-01  6.61916381e-01  6.88639394e-01
8.20787355e-01  6.18267587e-01  7.79046966e-01  9.32592794e-01  4.92176529e-01  7.86457711e-01
9.11360821e-01  2.19226182e-01  7.30856146e-01  9.48150473e-01  1.62115627e-01  7.64928482e-01
8.72838950e-01  8.08898347e-01  4.78530398e-01  9.74514861e-01  7.76405573e-01  4.50736323e-01
9.74597901e-01  2.85863552e-01  4.72863209e-01  9.84078215e-01  2.44018059e-01  5.15277785e-01
7.75261951e-01  6.28662345e-01  9.26899059e-01  9.10619263e-01  4.75711556e-01  9.31231481e-01
8.17300408e-01  5.22396582e-01  8.53433648e-01  9.26891977e-01  3.27459570e-01  8.62310164e-01
8.23831629e-01  6.62077619e-01  7.40562778e-01  9.37719917e-01  5.30750620e-01  7.45016485e-01
7.83575636e-01  5.94607112e-01  9.20779469e-01  9.16060283e-01  3.55984995e-01  9.24532225e-01
7.85534778e-01  6.35431085e-01  8.87617490e-01  9.16179397e-01  4.88890931e-01  8.92475817e-01
