3.04422245e-01  9.29950080e-01  5.08585369e-01
2.94798156e-01  4.74862062e-01  7.02136514e-01
9.69309028e-01  3.88828696e-01  7.74601591e-01
5.79165604e-01  2.66008115e-01  7.32912328e-01
3.37845422e-01  9.78892696e-01  8.13584432e-01
5.92957864e-01  7.92550430e-01  4.62144331e-01
9.93889405e-01  5.10864236e-01  3.88919916e-01
8.35474408e-01  4.77440993e-01  9.89072271e-01
4.42808085e-01  9.08653408e-01  6.89871916e-01
9.56619753e-01  6.80835823e-01  7.54301115e-01
2.52958826e-01  9.41184468e-01  4.94293072e-01
3.18536313e-01  2.74004756e-01  9.71881503e-01
8.30379071e-01  9.27309022e-01  3.54271657e-01
9.17406035e-01  4.44442151e-01  4.47863836e-01
3.53732686e-01  5.94886350e-01  3.78754391e-01
3.67187904e-01  4.37188555e-01  9.49694941e-01
2.69536960e-01  3.18265365e-01  5.20531131e-01
3.62300351e-01  5.48965730e-01  3.28843901e-01
8.19182065e-01  9.93476173e-01  2.56363158e-01
9.71666955e-01  4.52335211e-01  9.75965835e-01
3.50807515e-01  4.06265681e-01  7.89763365e-01
9.42559925e-01  9.22362148e-01  9.00328665e-01
9.15380241e-01  9.79309129e-01  8.97704793e-01
8.89323453e-01  9.68231980e-01  7.21507930e-01
8.19958357e-01  3.72981004e-01  3.39121111e-01
9.99725497e-01  7.68166160e-01  7.47622407e-01
8.17773348e-01  2.80643828e-01  2.84910870e-01
8.11010455e-01  5.58425713e-01  3.59880415e-01
2.56109631e-01  8.91871872e-01  8.55816590e-01
8.03599929e-01  4.03186518e-01  9.37758120e-01
7.35256539e-01  2.64390696e-01  3.42698875e-01
8.81837329e-01  5.17806184e-01  3.01248209e-01
2.86635878e-01  9.41787452e-01  8.15341153e-01
8.25621991e-01  4.36785306e-01  3.26610685e-01
6.05856322e-01  8.65642320e-01  9.43280418e-01
3.08670265e-01  4.94802855e-01  3.03389057e-01
7.84384494e-01  3.34550586e-01  9.33853404e-01
3.52344620e-01  3.43024825e-01  8.33579062e-01
2.72243287e-01  8.89176039e-01  8.36033301e-01
2.73704230e-01  5.48534298e-01  2.74377783e-01
7.00721013e-01  3.05678610e-01  5.75150320e-01
9.14938009e-01  5.41847404e-01  9.48862608e-01
3.89996003e-01  3.23320682e-01  3.50293976e-01
4.42111791e-01  3.92456063e-01  2.98236172e-01
8.86513054e-01  9.05815078e-01  8.21940754e-01
6.38348049e-01  2.67105608e-01  5.50472008e-01
6.29727482e-01  2.92573305e-01  9.88793455e-01
3.93799373e-01  9.40594725e-01  3.66276402e-01
8.67060644e-01  9.20800891e-01  6.15576301e-01
9.86179391e-01  6.88498044e-01  5.68551981e-01
3.55231551e-01  9.71849108e-01  3.17101084e-01
8.40726423e-01  2.65091981e-01  5.40288820e-01
2.66879236e-01  9.89762591e-01  7.68571327e-01
4.41752007e-01  8.75220638e-01  3.30003737e-01
8.68957475e-01  9.08719926e-01  4.17520428e-01
9.21260647e-01  9.52947452e-01  6.84349199e-01
9.55125686e-01  5.69487522e-01  9.00209180e-01
5.18110688e-01  7.28064221e-01  2.73349840e-01
7.10164741e-01  9.15749327e-01  9.32118189e-01
8.69374845e-01  3.13285601e-01  4.11412473e-01
6.36506732e-01  4.07559129e-01  9.59753417e-01
9.76055068e-01  9.52139549e-01  6.04513846e-01
8.27608676e-01  3.48015183e-01  4.60562802e-01
9.20518931e-01  9.56881066e-01  4.96532018e-01
6.14315044e-01  3.12965933e-01  4.81022348e-01
7.38046931e-01  9.54616084e-01  9.12453837e-01
3.36117868e-01  3.16758528e-01  4.68885326e-01
2.50882105e-01  9.82894084e-01  9.29140455e-01
9.93145326e-01  5.04248410e-01  3.53020610e-01
8.49077442e-01  9.64566602e-01  8.93459519e-01
8.30882145e-01  5.43247124e-01  3.01968963e-01
6.14987153e-01  9.25393140e-01  3.47467517e-01
3.79791015e-01  8.66118295e-01  5.62181390e-01
7.63714711e-01  5.03685803e-01  2.66577449e-01
9.46392372e-01  2.79282547e-01  4.36211537e-01
2.59370639e-01  2.91326347e-01  8.22854302e-01
2.62482877e-01  4.24484715e-01  7.40798591e-01
3.38658347e-01  6.45325998e-01  5.53620628e-01
9.32123607e-01  8.92600490e-01  9.51214941e-01
7.86444012e-01  9.85626153e-01  8.21636094e-01
2.60093900e-01  8.18963015e-01  3.93658505e-01
9.81166900e-01  8.91932491e-01  8.70455452e-01
9.86611502e-01  9.66983997e-01  9.35173642e-01
7.30912125e-01  9.57864173e-01  3.20538417e-01
2.85347026e-01  9.16546771e-01  2.71888306e-01
7.88932071e-01  9.90572865e-01  4.08137784e-01
3.03448659e-01  3.29685761e-01  4.06626195e-01
3.16377539e-01  9.92671123e-01  2.63908332e-01
5.77276280e-01  2.70804142e-01  3.62157387e-01
3.58947580e-01  8.20375826e-01  7.62037865e-01
5.81039775e-01  3.80638810e-01  3.17746763e-01
2.84596444e-01  4.17112896e-01  7.58261700e-01
3.12154952e-01  8.96798168e-01  5.05148157e-01
4.90483708e-01  9.29345156e-01  2.84295885e-01
3.75635935e-01  3.25757012e-01  8.87234246e-01
3.39239187e-01  3.19672060e-01  9.17929911e-01
4.61877122e-01  9.94537061e-01  4.99569172e-01
3.03609035e-01  6.41562266e-01  4.84640687e-01
7.62877632e-01  6.76701654e-01  2.77892038e-01
9.70721964e-01  9.02556803e-01  9.05880055e-01
3.07441157e-01  9.02173391e-01  6.95970648e-01
3.27967952e-01  3.16913931e-01  4.16965672e-01
8.79508300e-01  8.77977630e-01  8.38521774e-01
6.93208026e-01  2.85302841e-01  3.06619892e-01
9.49084773e-01  7.53752033e-01  9.95329140e-01
3.19741184e-01  9.22791644e-01  4.72523938e-01
9.94182161e-01  9.50578637e-01  6.96592804e-01
9.79986768e-01  6.25276776e-01  4.52896832e-01
9.50112546e-01  5.47507883e-01  8.08067527e-01
2.57072829e-01  9.58216569e-01  9.24609567e-01
9.96188203e-01  5.99184514e-01  3.65914342e-01
4.50588990e-01  4.57324315e-01  3.55836471e-01
3.73085820e-01  6.24011066e-01  9.64305332e-01
5.55921293e-01  2.60467267e-01  9.11168367e-01
9.47997141e-01  3.86588870e-01  5.28071221e-01
9.50142642e-01  7.64876593e-01  4.13028129e-01
6.42437914e-01  2.70398607e-01  8.87232253e-01
7.31485321e-01  2.52416457e-01  6.20134731e-01
9.82593102e-01  9.36403673e-01  4.62617741e-01
4.90321955e-01  2.67230048e-01  7.22089021e-01
4.95023024e-01  8.84110546e-01  3.64524490e-01
9.35716669e-01  9.49340999e-01  9.69500959e-01
4.26350299e-01  4.11005113e-01  6.07230922e-01
9.85010671e-01  6.42958544e-01  9.79997141e-01
2.56102516e-01  3.08355969e-01  3.17512813e-01
2.80904055e-01  9.52892682e-01  9.84978284e-01
3.97023219e-01  8.99887272e-01  4.56960730e-01
3.30464723e-01  3.79223399e-01  7.93033077e-01
8.21202236e-01  2.55739084e-01  9.53776289e-01
6.03276649e-01  3.71313871e-01  4.35764933e-01
8.55196650e-01  2.93309709e-01  4.07338400e-01
9.87059613e-01  7.31948239e-01  2.75696470e-01
2.54562283e-01  4.84520594e-01  4.96539717e-01
9.55706837e-01  9.39818739e-01  8.69734301e-01
3.64450671e-01  2.74010921e-01  8.60601186e-01
3.87350601e-01  3.27849561e-01  9.99542590e-01
4.87911483e-01  5.68809950e-01  9.84807759e-01
9.67234887e-01  8.58764624e-01  7.19757819e-01
2.50511404e-01  6.24337915e-01  2.67792005e-01
2.63062495e-01  3.65658548e-01  9.72058375e-01
7.62666528e-01  3.89897443e-01  2.68340163e-01
9.40830462e-01  3.81377921e-01  7.76732935e-01
3.97290302e-01  8.25486551e-01  8.06872030e-01
6.12311462e-01  9.03465675e-01  9.55715670e-01
3.72067813e-01  3.43431598e-01  9.90586706e-01
2.78827080e-01  5.20860765e-01  3.00097594e-01
5.42491267e-01  9.99214477e-01  3.93911748e-01
7.68206200e-01  7.61446262e-01  9.91307166e-01
9.39057685e-01  5.80875255e-01  9.52717355e-01
3.34391415e-01  7.49291013e-01  3.00372236e-01
8.07578476e-01  3.17421893e-01  2.95156912e-01
6.89910508e-01  9.37842072e-01  9.49662674e-01
9.38838625e-01  5.60312202e-01  5.31629070e-01
9.67613809e-01  3.82830702e-01  2.76184992e-01
2.59752998e-01  7.56805434e-01  6.29432403e-01
3.89415817e-01  9.01231316e-01  8.98560587e-01
6.91722806e-01  9.09922601e-01  9.78594533e-01
9.73528213e-01  9.36617818e-01  3.51840991e-01
3.08430457e-01  3.62034678e-01  3.07021548e-01
2.99859088e-01  6.96605521e-01  4.35862103e-01
3.66417316e-01  6.62611834e-01  3.59025820e-01
6.15109858e-01  2.68644836e-01  4.41047467e-01
9.38799078e-01  8.71647734e-01  4.58602560e-01
9.14971616e-01  9.96939872e-01  3.64841890e-01
2.55191077e-01  9.76163889e-01  7.21550647e-01
5.04224853e-01  9.38522452e-01  9.68170125e-01
9.13302000e-01  3.35539866e-01  7.27325539e-01
4.14960823e-01  4.41997335e-01  2.93854228e-01
7.68787990e-01  9.78196526e-01  8.84086712e-01
2.85878623e-01  9.52980503e-01  5.46758355e-01
7.18052962e-01  4.01016999e-01  9.67106292e-01
9.27245874e-01  8.15664261e-01  8.45134470e-01
3.42788812e-01  9.79308833e-01  4.71084830e-01
8.50942032e-01  5.89728705e-01  9.45183584e-01
8.18662200e-01  5.28126031e-01  2.63914459e-01
8.51933547e-01  4.56758010e-01  4.51060634e-01
8.45984658e-01  8.66509975e-01  5.96217483e-01
7.45221556e-01  3.16208197e-01  9.88990547e-01
2.86458050e-01  8.96843116e-01  9.81452470e-01
2.54663744e-01  7.99157004e-01  7.10713807e-01
7.26063271e-01  3.72986765e-01  3.04313258e-01
9.80662956e-01  9.01930615e-01  6.32473710e-01
3.59759228e-01  5.32960799e-01  9.90778059e-01
6.47733906e-01  4.93514675e-01  9.52462340e-01
4.71872028e-01  2.64192262e-01  5.95530277e-01
6.06283325e-01  9.65986777e-01  9.91601769e-01
7.79032150e-01  9.59448463e-01  3.47738876e-01
6.87132540e-01  2.55619350e-01  2.82079575e-01
3.54256858e-01  7.89504260e-01  6.30200846e-01
4.98564575e-01  4.13037288e-01  9.88015576e-01
2.96719491e-01  7.53762015e-01  8.86209591e-01
6.57096718e-01  9.79646607e-01  9.61397559e-01
4.76728152e-01  3.36628405e-01  9.42408741e-01
7.32091936e-01  9.96132706e-01  8.88282572e-01
2.62559686e-01  9.83871215e-01  8.29127827e-01
8.69957619e-01  8.37046436e-01  3.37141362e-01
9.51842781e-01  9.44112371e-01  3.31617396e-01
6.58220206e-01  9.83024046e-01  8.52109364e-01
8.06281193e-01  8.70491377e-01  9.86937988e-01
2.92126427e-01  9.72247880e-01  4.98585608e-01
4.13637870e-01  3.63303536e-01  3.01734397e-01
6.45133324e-01  2.71687978e-01  8.90980266e-01
2.89716962e-01  2.54570106e-01  4.76601230e-01
8.91564863e-01  5.30968576e-01  9.60942268e-01
7.85611226e-01  9.16451912e-01  5.44944066e-01
9.52761101e-01  8.93137005e-01  6.52702768e-01
9.84597353e-01  5.01662697e-01  2.80059668e-01
7.59106876e-01  3.21104857e-01  3.20727950e-01
6.02688354e-01  2.86608807e-01  3.52890615e-01
9.65655218e-01  8.08379469e-01  4.27637526e-01
2.58109633e-01  5.75620222e-01  3.17595215e-01
8.85629946e-01  3.42975715e-01  9.75716764e-01
9.81672203e-01  4.75092389e-01  3.22521543e-01
6.91189555e-01  9.74515945e-01  3.51257233e-01
3.03224015e-01  3.82260574e-01  4.62657770e-01
9.63020310e-01  8.56195052e-01  7.21413508e-01
4.78433674e-01  5.43371690e-01  7.26333121e-01
4.20080353e-01  3.35466633e-01  9.28214964e-01
2.88020592e-01  5.84212981e-01  4.46659865e-01
2.91703722e-01  7.56356285e-01  3.23277344e-01
7.92815772e-01  4.50425223e-01  3.42198277e-01
9.77706535e-01  9.19100044e-01  9.96573949e-01
9.73784077e-01  3.81787590e-01  6.77894089e-01
2.85343150e-01  5.38706985e-01  3.86579263e-01
6.73758735e-01  4.84353766e-01  9.42765048e-01
8.72253677e-01  9.24267874e-01  3.55772553e-01
6.83530639e-01  7.72875062e-01  9.18049455e-01
3.07224827e-01  3.22804053e-01  9.25055156e-01
9.07399868e-01  4.42481343e-01  6.78624134e-01
3.59596645e-01  9.46889741e-01  3.76825358e-01
8.63761009e-01  9.26653244e-01  3.09662707e-01
9.21100171e-01  3.80914570e-01  9.31597062e-01
4.06109027e-01  9.78688942e-01  9.81182268e-01
3.52672980e-01  8.62920336e-01  5.04104939e-01
6.33238315e-01  9.99376085e-01  5.98256898e-01
2.79493586e-01  9.13523189e-01  6.98494499e-01
8.83213968e-01  3.12393409e-01  3.58953438e-01
9.99693170e-01  5.28755301e-01  6.79924475e-01
5.65247281e-01  9.99776558e-01  3.43515689e-01
2.67880885e-01  4.45834656e-01  7.13531170e-01
2.83777271e-01  4.03435656e-01  3.80567821e-01
6.84530369e-01  3.33089012e-01  2.76532873e-01
7.45392962e-01  4.58475466e-01  3.39164632e-01
8.43767370e-01  8.74598242e-01  3.69177212e-01
6.69971643e-01  3.31636214e-01  7.78690131e-01
9.91647864e-01  3.43296901e-01  7.59712791e-01
9.39683041e-01  2.87001459e-01  5.54385228e-01
3.90110622e-01  9.69828214e-01  8.96936614e-01
7.17011588e-01  8.12620466e-01  9.24646335e-01
9.87164181e-01  3.86439695e-01  2.99792430e-01
9.44552018e-01  2.61036663e-01  2.57538898e-01
2.74579176e-01  9.55022941e-01  2.94549506e-01
9.29545573e-01  8.62167172e-01  6.68658750e-01
4.91681486e-01  8.84432455e-01  9.64973739e-01
9.93965459e-01  4.33837570e-01  4.94626140e-01
2.84765324e-01  4.09624405e-01  6.42858999e-01
3.41770867e-01  9.15907395e-01  5.00581360e-01
8.26644954e-01  6.45613780e-01  9.59017836e-01
6.05671427e-01  9.94654592e-01  9.18501431e-01
9.89405813e-01  9.76870044e-01  4.97655134e-01
7.24904091e-01  2.55804445e-01  9.36390475e-01
9.76532189e-01  8.04253835e-01  9.43431626e-01
2.77486080e-01  4.92027287e-01  7.50629246e-01
5.19145401e-01  9.96234204e-01  5.59746255e-01
3.73690421e-01  3.58139152e-01  7.44200153e-01
8.38070022e-01  8.06716527e-01  3.12416380e-01
4.34244376e-01  9.67058445e-01  6.21497030e-01
7.86490526e-01  2.76944727e-01  4.17217296e-01
6.66580822e-01  6.65413764e-01  9.85893316e-01
3.87161414e-01  9.56085040e-01  7.95069440e-01
4.45511882e-01  2.51963758e-01  8.95680038e-01
9.32014652e-01  2.53040160e-01  8.83947522e-01
9.01657792e-01  3.42839223e-01  3.26581556e-01
9.83545482e-01  3.88949500e-01  7.56809117e-01
7.15676208e-01  2.90520170e-01  8.86589423e-01
9.25182054e-01  6.75408179e-01  9.53151784e-01
6.80832656e-01  3.47274475e-01  3.14993306e-01
6.10083530e-01  2.68762915e-01  4.98782644e-01
9.38816347e-01  8.02314493e-01  4.47236506e-01
3.25936618e-01  8.00605354e-01  6.57226512e-01
7.28341469e-01  4.90063656e-01  9.90864688e-01
3.29591258e-01  8.59490416e-01  6.90673155e-01
2.80207455e-01  8.67995160e-01  4.02353472e-01
9.65882612e-01  9.35824959e-01  6.15393202e-01
8.66314729e-01  2.53941980e-01  2.98107071e-01
4.39106131e-01  3.75608138e-01  8.99320390e-01
6.89666952e-01  6.00908530e-01  9.60974640e-01
5.55862575e-01  4.39068131e-01  2.55201870e-01
9.06584782e-01  3.35521035e-01  5.46801121e-01
2.53140519e-01  9.81229902e-01  6.59458397e-01
3.42044630e-01  7.64129409e-01  2.66689344e-01
9.67601522e-01  4.05331773e-01  9.33447579e-01
9.08831526e-01  9.28568996e-01  4.70004286e-01
6.42563525e-01  2.84959096e-01  9.09026032e-01
4.16065554e-01  3.27013536e-01  2.69306285e-01
2.96161795e-01  4.44383664e-01  3.20667886e-01
4.56409928e-01  9.06649992e-01  4.23714035e-01
8.96128596e-01  5.67526160e-01  4.41335139e-01
2.90325555e-01  3.02660405e-01  4.49588605e-01
9.72504266e-01  9.08812553e-01  4.04989531e-01
2.68209436e-01  8.36745029e-01  3.29815623e-01
9.23312225e-01  5.29335829e-01  3.59886471e-01
5.44848933e-01  2.56396013e-01  9.44890311e-01
2.97987459e-01  3.34406007e-01  5.25686229e-01
6.73511105e-01  3.64514028e-01  9.42068071e-01
9.30333651e-01  9.51246033e-01  7.64911554e-01
8.69598781e-01  6.49733112e-01  9.10777543e-01
6.30895446e-01  9.76386713e-01  8.91673051e-01
3.55686208e-01  4.59985832e-01  4.02945971e-01
8.72845738e-01  3.26901563e-01  5.09948331e-01
3.85112493e-01  2.95241212e-01  8.65536321e-01
9.34556017e-01  4.82564795e-01  8.50889843e-01
2.50420925e-01  7.08206793e-01  4.12230260e-01
8.67449650e-01  9.89864820e-01  8.02888102e-01
3.54353692e-01  4.07343290e-01  3.73447883e-01
3.25595003e-01  7.21007728e-01  2.52223706e-01
4.45221315e-01  9.92550233e-01  6.62889712e-01
4.46955322e-01  8.22544428e-01  3.86015219e-01
3.45774051e-01  5.22467922e-01  8.98490866e-01
4.85350683e-01  2.91474029e-01  5.99035962e-01
7.94062733e-01  8.79972267e-01  9.33289454e-01
9.68917321e-01  7.54245263e-01  5.97349323e-01
2.90653091e-01  7.68359124e-01  9.04261087e-01
9.68985470e-01  8.00460288e-01  5.45820520e-01
8.46411831e-01  4.50378790e-01  9.44180305e-01
7.77985542e-01  2.62138372e-01  3.33655542e-01
4.97190724e-01  4.01380187e-01  9.99329738e-01
4.76258390e-01  9.15171494e-01  2.58177162e-01
5.28691509e-01  2.71425497e-01  2.96380291e-01
8.96385389e-01  8.45657408e-01  7.45080602e-01
8.72776699e-01  9.13136639e-01  9.80863230e-01
3.83055149e-01  4.45461741e-01  8.73052705e-01
3.02735330e-01  8.98121588e-01  4.26381282e-01
2.71656702e-01  7.17175967e-01  4.22553978e-01
9.12867579e-01  8.87646349e-01  4.25489480e-01
9.25124473e-01  4.14580607e-01  2.73107065e-01
7.90267963e-01  4.24652888e-01  9.20675807e-01
9.97978810e-01  6.86159884e-01  6.62552482e-01
8.51312235e-01  2.51408620e-01  5.21130550e-01
9.13868179e-01  4.28581313e-01  2.96399432e-01
3.51058903e-01  3.94536085e-01  3.95268680e-01
9.80615017e-01  5.15985969e-01  2.50671159e-01
6.44641771e-01  7.04758085e-01  2.98751992e-01
9.92610496e-01  4.86495003e-01  9.43671176e-01
3.91768589e-01  9.22628968e-01  3.84423196e-01
6.44338067e-01  3.17163589e-01  3.49435590e-01
5.14753353e-01  5.65793084e-01  9.82907100e-01
3.24176056e-01  8.77184013e-01  8.96318484e-01
9.76503937e-01  9.08158802e-01  4.33142166e-01
5.46439968e-01  2.53945441e-01  8.63299850e-01
3.04734770e-01  6.72317008e-01  2.74611220e-01
8.43288110e-01  4.93948906e-01  2.61634010e-01
9.54790948e-01  7.37600156e-01  9.22400102e-01
8.55878230e-01  8.68091178e-01  2.85359518e-01
3.29836503e-01  4.18843273e-01  9.10353744e-01
2.53943623e-01  5.56857050e-01  8.11522141e-01
8.71943827e-01  7.87637977e-01  9.32375307e-01
7.10134175e-01  8.19667314e-01  2.95805967e-01
9.68991591e-01  9.33699996e-01  7.56049517e-01
3.90155169e-01  8.94290501e-01  3.04612235e-01
3.45093299e-01  3.33719993e-01  7.65181826e-01
6.43374398e-01  2.71991766e-01  3.06364213e-01
7.11984978e-01  2.61041819e-01  6.60746851e-01
3.84294761e-01  3.83681649e-01  9.00986274e-01
9.97266855e-01  5.90798352e-01  3.04046915e-01
8.89471157e-01  3.90992366e-01  9.72808737e-01
5.50853845e-01  6.11596822e-01  6.09237549e-01
9.23539247e-01  3.14559014e-01  9.36744794e-01
2.79335483e-01  5.59022140e-01  7.11000421e-01
4.56811364e-01  6.78548377e-01  2.99322500e-01
8.99625640e-01  4.98812588e-01  7.84930670e-01
8.78348112e-01  6.43289522e-01  3.86615757e-01
9.06155815e-01  4.50106177e-01  6.17849780e-01
2.52352984e-01  7.16025262e-01  4.03403724e-01
2.96546672e-01  7.93376713e-01  9.15759959e-01
9.31974161e-01  2.73919551e-01  8.70313957e-01
9.60354662e-01  8.65585473e-01  2.65294339e-01
9.20275634e-01  9.47229153e-01  9.34814417e-01
5.34213328e-01  2.74527552e-01  4.85390863e-01
8.73515110e-01  8.93074792e-01  6.48683346e-01
6.11940593e-01  2.68069603e-01  3.25702264e-01
3.52609936e-01  9.29368410e-01  8.73440984e-01
9.62813396e-01  4.20299735e-01  8.22127538e-01
5.71173427e-01  3.43294493e-01  9.87095402e-01
9.55144549e-01  3.89032407e-01  4.47357030e-01
9.40069326e-01  5.86624056e-01  3.35133931e-01
2.76574615e-01  4.63426065e-01  7.13898878e-01
3.82248573e-01  3.26327493e-01  3.04749880e-01
7.13042835e-01  9.52681142e-01  8.58716389e-01
3.77004327e-01  7.69199048e-01  9.76239668e-01
3.46834531e-01  9.20963394e-01  5.77657978e-01
4.53547366e-01  3.30920615e-01  3.48264809e-01
6.50338904e-01  3.35297130e-01  8.35567181e-01
3.70606285e-01  3.07642382e-01  8.78366753e-01
7.97841899e-01  8.61422928e-01  9.62444227e-01
3.69819966e-01  2.94941598e-01  4.09883279e-01
5.91820123e-01  7.83845215e-01  9.76905188e-01
3.25255851e-01  3.72271278e-01  2.86096755e-01
8.05159797e-01  5.01575767e-01  9.98743647e-01
4.54580369e-01  3.68058338e-01  2.61350969e-01
2.83914846e-01  2.99535524e-01  9.70695202e-01
3.55547404e-01  9.46107803e-01  7.98820876e-01
9.99353535e-01  9.78213695e-01  6.22080834e-01
9.83070911e-01  7.42611739e-01  9.00103253e-01
8.18205099e-01  9.10020864e-01  6.56629755e-01
3.08890191e-01  9.21337415e-01  8.76869293e-01
3.99910860e-01  3.22759702e-01  2.68178056e-01
5.44626711e-01  4.24028662e-01  2.68140903e-01
2.51717326e-01  9.43225794e-01  4.14404992e-01
9.52174426e-01  3.69346522e-01  7.76045079e-01
8.75621830e-01  9.57899820e-01  7.18677666e-01
8.22104071e-01  3.34191524e-01  2.90285766e-01
6.24483071e-01  9.79390403e-01  3.46446595e-01
3.05334358e-01  2.73550613e-01  9.88991752e-01
3.96400751e-01  9.11381241e-01  8.92855384e-01
7.46996448e-01  5.71538716e-01  2.68473750e-01
7.40582034e-01  9.78903566e-01  9.60676821e-01
6.20919945e-01  9.78385095e-01  6.07837701e-01
9.52662144e-01  6.16366819e-01  9.13580685e-01
4.52904746e-01  9.11194432e-01  2.85941659e-01
3.21305143e-01  2.83940441e-01  6.08576813e-01
5.17794036e-01  2.90138350e-01  8.93400368e-01
3.24617698e-01  9.35251155e-01  5.39685021e-01
2.87860453e-01  7.70156844e-01  6.55287537e-01
3.46577202e-01  8.02481919e-01  8.59729985e-01
3.32493596e-01  6.86062090e-01  3.19135644e-01
8.59039625e-01  3.69003236e-01  9.14226328e-01
8.41840192e-01  3.95160924e-01  8.00589608e-01
6.55006406e-01  8.81691677e-01  9.62448669e-01
4.25466697e-01  2.90801011e-01  3.84165559e-01
5.49725197e-01  4.74758545e-01  2.79883317e-01
3.36380448e-01  3.81057146e-01  3.49115362e-01
3.31965152e-01  2.97438317e-01  3.10988209e-01
9.92978410e-01  9.52704620e-01  6.40657878e-01
8.36394212e-01  8.90041536e-01  9.62977719e-01
2.91678812e-01  4.58478349e-01  8.52282222e-01
5.93771135e-01  2.76523918e-01  2.67697051e-01
3.56023324e-01  4.25573591e-01  9.48620619e-01
2.55732436e-01  4.00617274e-01  6.63451075e-01
3.77106199e-01  4.81547773e-01  3.65737138e-01
9.03864467e-01  3.48179965e-01  7.96309017e-01
4.39848490e-01  2.73843406e-01  5.69157576e-01
7.53730239e-01  5.71761756e-01  3.14629461e-01
2.73427408e-01  4.90444474e-01  3.01606053e-01
2.74095339e-01  9.77108694e-01  9.06767831e-01
3.56886722e-01  2.55865658e-01  7.93564530e-01
2.71229536e-01  8.17240683e-01  3.27515789e-01
9.81978092e-01  7.84456421e-01  5.86339962e-01
7.60344593e-01  3.06888619e-01  3.47674825e-01
3.32736229e-01  4.75998333e-01  3.90113979e-01
5.09645659e-01  4.01859018e-01  9.80327025e-01
4.02598211e-01  4.88704501e-01  9.70512896e-01
6.11925619e-01  3.23893943e-01  3.06409097e-01
8.82290409e-01  7.80593430e-01  5.43132018e-01
5.63013579e-01  8.24363983e-01  3.45443219e-01
2.51579292e-01  3.25004509e-01  9.69273689e-01
3.80926390e-01  9.22162993e-01  3.13465516e-01
6.48142948e-01  8.07477492e-01  9.93316015e-01
9.38061745e-01  6.10008130e-01  3.76762801e-01
3.51396857e-01  2.99973967e-01  4.06827186e-01
4.80376973e-01  3.10660626e-01  9.84002285e-01
5.30326645e-01  9.37880517e-01  3.69807044e-01
2.93108454e-01  8.50039312e-01  4.86365130e-01
3.09423592e-01  4.12457826e-01  4.16070494e-01
8.24659221e-01  8.16621201e-01  2.91869990e-01
9.83888420e-01  9.87141028e-01  9.73119183e-01
3.73258659e-01  3.02926662e-01  2.95212999e-01
3.20104256e-01  3.10223227e-01  7.52022623e-01
8.70313499e-01  3.43330709e-01  5.29874718e-01
2.66716834e-01  9.41150270e-01  9.80740613e-01
6.53771582e-01  9.88809274e-01  3.67029311e-01
2.75871270e-01  7.52705560e-01  9.85131379e-01
6.59379608e-01  9.09561366e-01  2.85429692e-01
3.67032181e-01  2.87224280e-01  4.18511602e-01
9.80433429e-01  2.87497169e-01  9.98590774e-01
2.93751492e-01  9.01410339e-01  6.65809408e-01
9.86719619e-01  7.06547051e-01  4.30711594e-01
2.91911322e-01  9.20593262e-01  7.59283832e-01
4.07367500e-01  2.94236379e-01  7.95149207e-01
9.53898948e-01  5.57670440e-01  3.54704853e-01
4.39327848e-01  3.05010739e-01  8.05028098e-01
9.25854947e-01  4.87315405e-01  7.76611019e-01
8.35933504e-01  9.75049475e-01  4.52572787e-01
9.48468844e-01  6.91570641e-01  8.46200905e-01
9.30855997e-01  3.58806092e-01  7.61637240e-01
3.58858094e-01  3.33564839e-01  3.96163689e-01
6.81280373e-01  2.76299174e-01  3.85624633e-01
9.69834394e-01  3.35838886e-01  9.51065931e-01
5.66629996e-01  3.69646823e-01  4.15408222e-01
3.27325650e-01  9.34551666e-01  4.79370420e-01
2.67377268e-01  3.30394957e-01  5.33353734e-01
5.80876725e-01  3.25364811e-01  9.45086105e-01
5.20745939e-01  5.32059080e-01  9.23003274e-01
9.73889489e-01  3.69282199e-01  2.67756457e-01
9.53386340e-01  4.06001761e-01  2.83185154e-01
3.37583514e-01  9.12755486e-01  5.83995487e-01
3.59118537e-01  9.98976868e-01  9.95533770e-01
3.71818054e-01  9.80931750e-01  7.91376938e-01
5.32449487e-01  4.13019482e-01  2.76159490e-01
8.78062499e-01  3.35447218e-01  9.94030602e-01
4.10008603e-01  2.53873780e-01  2.83994234e-01
6.58477235e-01  2.63050481e-01  6.92699845e-01
3.56311967e-01  9.04020086e-01  3.32901328e-01
8.81363101e-01  3.97036123e-01  6.83603948e-01
6.64869898e-01  2.74679286e-01  8.44267607e-01
9.25873914e-01  9.41096557e-01  4.58439726e-01
8.33840908e-01  3.36251874e-01  4.93334134e-01
9.60047911e-01  5.42918686e-01  8.09591720e-01
2.51123210e-01  8.74481523e-01  9.68554677e-01
3.82700229e-01  8.48604491e-01  8.89357548e-01
6.11247479e-01  8.34370902e-01  6.91468041e-01
9.36890671e-01  2.56207201e-01  7.48559160e-01
3.02134966e-01  5.19617020e-01  5.42157700e-01
7.45659107e-01  3.56796169e-01  9.70807453e-01
4.66241248e-01  9.60446719e-01  4.50589991e-01
6.92429284e-01  9.59781190e-01  5.63651211e-01
5.50996226e-01  8.84455630e-01  9.17603470e-01
2.55477936e-01  3.31472302e-01  2.82043656e-01
3.22919232e-01  9.88042382e-01  6.49335641e-01
7.63755913e-01  2.97621220e-01  6.11276709e-01
5.47928079e-01  9.98445892e-01  3.33704371e-01
4.43446387e-01  4.66521032e-01  9.96108022e-01
8.67982977e-01  4.08000054e-01  3.88290385e-01
2.61095997e-01  8.38243884e-01  4.17543837e-01
6.91202209e-01  9.69524545e-01  8.62557408e-01
7.88206147e-01  7.61910538e-01  8.39648456e-01
5.61435856e-01  2.73375901e-01  2.93735915e-01
9.35406113e-01  9.13667616e-01  7.47725033e-01
4.47185436e-01  6.21210801e-01  9.96583628e-01
5.58995544e-01  3.83282514e-01  9.83418778e-01
9.53166035e-01  9.74397448e-01  4.86014875e-01
4.06241475e-01  8.47777721e-01  3.39060096e-01
5.69739518e-01  9.74384162e-01  2.99574420e-01
7.97095136e-01  5.19622830e-01  8.00460894e-01
2.86542747e-01  9.50155825e-01  9.36745753e-01
2.54521271e-01  5.19501494e-01  3.16728547e-01
8.78151641e-01  9.65444014e-01  8.51659708e-01
9.24498749e-01  9.50827439e-01  3.22433103e-01
4.33924607e-01  2.89809044e-01  9.40638892e-01
3.46792347e-01  9.77229547e-01  5.07313253e-01
9.62039593e-01  9.31201889e-01  6.85012388e-01
9.65798579e-01  2.60588724e-01  9.33862186e-01
8.71962562e-01  9.71879657e-01  4.81966169e-01
8.82030073e-01  3.73847289e-01  9.17576497e-01
3.92804410e-01  8.39130643e-01  9.79006284e-01
5.75264150e-01  5.67705809e-01  2.61929265e-01
6.60550956e-01  6.40152288e-01  8.93492400e-01
8.31309009e-01  8.71981462e-01  3.81272835e-01
8.04895579e-01  8.87656553e-01  3.52590742e-01
6.12318290e-01  3.92262531e-01  9.98071763e-01
3.03681620e-01  6.85371936e-01  9.86704843e-01
5.83103872e-01  6.84710639e-01  9.81088048e-01
3.51693342e-01  2.78161537e-01  8.45478237e-01
2.53671625e-01  9.50148613e-01  3.45865287e-01
3.37935323e-01  9.07506073e-01  6.30929066e-01
8.38774370e-01  3.20554512e-01  5.63301927e-01
7.56757441e-01  9.91817658e-01  2.51549811e-01
5.58665661e-01  3.92000409e-01  9.97077206e-01
8.93788921e-01  9.78578095e-01  3.79347509e-01
3.71375888e-01  6.22000792e-01  2.64954695e-01
2.55561503e-01  6.08395727e-01  5.35712290e-01
7.40220222e-01  8.51812089e-01  8.68087268e-01
4.85726424e-01  2.97269688e-01  7.80091602e-01
8.65985996e-01  6.29374209e-01  9.04939172e-01
3.61676944e-01  3.05270071e-01  4.08703879e-01
8.14231559e-01  9.39402213e-01  6.27993863e-01
8.36316488e-01  9.08011938e-01  8.96467376e-01
9.87071213e-01  4.37545133e-01  4.94423558e-01
9.65705131e-01  3.32279696e-01  3.59184095e-01
9.22428483e-01  7.95235839e-01  3.44460867e-01
9.73752004e-01  3.79871206e-01  5.24145371e-01
3.11475971e-01  4.60339970e-01  9.02652219e-01
2.73673615e-01  7.04219207e-01  3.04148578e-01
3.80659465e-01  9.31722671e-01  3.51639407e-01
4.99509283e-01  2.72919023e-01  5.24695128e-01
4.48355992e-01  3.72643054e-01  3.09847069e-01
2.65439542e-01  3.41739466e-01  3.86034451e-01
8.60571229e-01  4.15732783e-01  8.44493755e-01
3.04338199e-01  3.30526610e-01  8.55869590e-01
8.11193172e-01  3.35054062e-01  3.60029163e-01
5.12597262e-01  9.59306175e-01  8.07827425e-01
2.63178690e-01  6.29717764e-01  3.62650856e-01
9.25869548e-01  7.02384825e-01  9.04430749e-01
3.79282579e-01  4.20155033e-01  4.51958543e-01
9.90268505e-01  3.50028060e-01  6.39661295e-01
3.18392984e-01  2.52864216e-01  4.92725273e-01
9.02473621e-01  2.63171170e-01  4.86606420e-01
2.79664628e-01  4.19254902e-01  5.17834603e-01
2.95127976e-01  9.86440541e-01  5.91639424e-01
3.52296208e-01  2.55823792e-01  3.22803095e-01
2.55319456e-01  6.40293118e-01  4.17413908e-01
3.57953543e-01  8.51110839e-01  9.34486542e-01
8.52821090e-01  8.73594870e-01  9.48991278e-01
9.91387039e-01  3.52607502e-01  6.84716650e-01
3.09182759e-01  4.08480202e-01  9.77537398e-01
8.72112379e-01  4.78519971e-01  3.20135822e-01
6.26335247e-01  9.59872621e-01  9.51047877e-01
9.09317730e-01  5.92811245e-01  8.58016144e-01
2.73201662e-01  5.37015729e-01  2.82528122e-01
2.58483693e-01  8.66501431e-01  5.05188476e-01
9.90553624e-01  9.30543449e-01  9.17000328e-01
4.83274372e-01  3.25067321e-01  8.14778447e-01
7.62922050e-01  9.12418776e-01  3.57409376e-01
9.73723412e-01  9.78901219e-01  2.91194994e-01
9.09559115e-01  9.44802909e-01  9.66266356e-01
5.25214297e-01  4.38893700e-01  3.99676302e-01
2.63709631e-01  3.60945912e-01  3.02639948e-01
3.61592195e-01  6.93698394e-01  9.26236330e-01
8.56287894e-01  7.10199219e-01  9.42477716e-01
4.23074182e-01  3.75270150e-01  8.02012131e-01
8.79559888e-01  8.80735547e-01  2.69176209e-01
8.89487320e-01  8.56453559e-01  9.87161626e-01
9.19844651e-01  9.50127848e-01  8.73230918e-01
7.57458061e-01  3.77047764e-01  2.76526333e-01
3.05444668e-01  5.07444026e-01  3.24644012e-01
2.67381206e-01  3.72654401e-01  8.49160617e-01
2.86940053e-01  6.96936079e-01  2.79845019e-01
6.46324765e-01  3.05272712e-01  6.96119150e-01
2.59206582e-01  2.55183140e-01  8.55077374e-01
9.27910075e-01  6.56623612e-01  8.73202059e-01
3.72542440e-01  4.21243093e-01  9.32396828e-01
3.05331731e-01  9.99366314e-01  8.14948757e-01
2.78786579e-01  2.61286500e-01  5.33950525e-01
8.93278292e-01  9.36258001e-01  2.87741044e-01
8.75511638e-01  6.66268266e-01  2.52945796e-01
9.95156089e-01  7.22450556e-01  5.33777447e-01
3.89222040e-01  5.17220916e-01  2.72180958e-01
9.77325674e-01  9.80512208e-01  3.12891861e-01
8.89787344e-01  9.01362850e-01  2.97506883e-01
3.68680419e-01  6.63576406e-01  5.69354579e-01
7.59882382e-01  3.77976951e-01  9.66437079e-01
6.78628831e-01  9.27438578e-01  3.93403700e-01
2.81015263e-01  6.58207324e-01  8.72682873e-01
9.85634949e-01  4.31905673e-01  3.63638242e-01
3.71784900e-01  3.08574058e-01  3.04760057e-01
5.26807872e-01  7.78879233e-01  2.65092799e-01
3.31725040e-01  3.12365571e-01  6.45615493e-01
5.52014017e-01  8.53975814e-01  9.26231454e-01
2.69210754e-01  2.61100558e-01  6.37518002e-01
9.00333863e-01  9.63085397e-01  2.74469940e-01
2.86152199e-01  3.12654263e-01  6.87685188e-01
3.33178388e-01  3.92632288e-01  7.31883187e-01
4.03207853e-01  7.93304488e-01  3.69094321e-01
8.25079125e-01  4.55168191e-01  9.53699329e-01
9.34671729e-01  3.52743290e-01  4.51192064e-01
6.40850520e-01  8.72493286e-01  3.71689855e-01
2.70329822e-01  4.72321624e-01  3.68462345e-01
6.68931280e-01  2.73069906e-01  6.59075533e-01
9.97487834e-01  5.28175723e-01  8.81562338e-01
3.43001758e-01  3.01395970e-01  4.20775062e-01
4.67732566e-01  9.50909693e-01  2.57016126e-01
2.70471104e-01  8.32968099e-01  2.71210387e-01
2.76730885e-01  2.91263930e-01  9.29046749e-01
8.38481364e-01  2.73680709e-01  7.16937922e-01
9.59099748e-01  4.34110861e-01  5.93240160e-01
2.72605848e-01  3.12890098e-01  8.00034758e-01
3.00767044e-01  8.94120289e-01  7.01214735e-01
3.40370367e-01  9.77926628e-01  5.88819160e-01
9.61504786e-01  9.29492119e-01  9.68015861e-01
8.98050151e-01  3.82940331e-01  9.53727764e-01
3.04508899e-01  4.54420523e-01  7.35831068e-01
7.76244017e-01  8.37563409e-01  3.11998510e-01
4.01169384e-01  5.39428440e-01  9.99090224e-01
5.18101360e-01  6.00042667e-01  6.80790006e-01
4.63718133e-01  7.29174280e-01  5.26915014e-01
7.00223829e-01  6.98266623e-01  9.69845927e-01
8.90832148e-01  9.54610913e-01  9.28551789e-01
7.71572381e-01  3.16617918e-01  9.44198375e-01
4.05595758e-01  9.66267155e-01  3.18485900e-01
9.72108678e-01  8.72252159e-01  5.97079321e-01
4.33213010e-01  3.39246303e-01  6.36939714e-01
8.47660853e-01  3.95415549e-01  4.76907772e-01
8.61543090e-01  9.69542360e-01  5.61532495e-01
3.83470788e-01  4.31475418e-01  3.76784269e-01
2.55774425e-01  8.80465762e-01  7.11774470e-01
3.92417743e-01  3.85573189e-01  9.94220120e-01
4.57780981e-01  9.07625963e-01  2.92352112e-01
5.02246448e-01  9.93798498e-01  3.57857726e-01
5.80376221e-01  9.83401911e-01  9.72823829e-01
6.13676800e-01  9.59880802e-01  9.04884611e-01
2.86339447e-01  7.11066717e-01  3.34230372e-01
9.22057337e-01  3.72815422e-01  4.50982106e-01
3.08621223e-01  7.73917048e-01  8.32379485e-01
4.75782588e-01  2.70680896e-01  8.12966609e-01
2.83247008e-01  3.34114370e-01  6.00625244e-01
8.66375554e-01  9.48571570e-01  7.58877129e-01
6.61232307e-01  9.61519863e-01  9.60747592e-01
9.55310873e-01  9.55803251e-01  5.77463122e-01
3.45177248e-01  3.60449198e-01  4.03288480e-01
9.27063629e-01  2.55063293e-01  4.73237872e-01
9.48832582e-01  3.11656963e-01  5.26512395e-01
9.75837376e-01  8.95566246e-01  3.26117335e-01
6.58610464e-01  6.29264533e-01  2.63222115e-01
2.66991691e-01  6.67481785e-01  9.83467726e-01
2.75021076e-01  3.01523105e-01  6.61237365e-01
2.74955735e-01  4.11824863e-01  6.40316259e-01
2.76380629e-01  6.34823145e-01  9.75119104e-01
4.13521530e-01  8.66527296e-01  4.58062675e-01
8.76135223e-01  9.27431483e-01  6.30602192e-01
5.25333182e-01  9.65987474e-01  3.66969916e-01
3.24528802e-01  3.99377315e-01  7.88414930e-01
7.40491236e-01  3.37680780e-01  5.05072027e-01
4.69665088e-01  3.19832197e-01  8.29621887e-01
3.72225792e-01  4.33640093e-01  9.59292449e-01
4.48577274e-01  8.32325290e-01  3.13852811e-01
2.51952715e-01  9.82409279e-01  8.98881047e-01
6.97374360e-01  9.68805270e-01  6.86750798e-01
3.16837484e-01  8.16530442e-01  7.98368180e-01
9.70470731e-01  6.43470932e-01  9.11893251e-01
2.50996892e-01  8.43020918e-01  9.89324696e-01
6.12521200e-01  3.15127768e-01  3.03203431e-01
7.92519919e-01  4.54570825e-01  2.84917098e-01
4.62589756e-01  4.04424046e-01  9.59428821e-01
3.16019808e-01  7.39839167e-01  9.14120520e-01
3.71133816e-01  9.59450440e-01  8.53788140e-01
3.26619111e-01  7.69907926e-01  3.73753182e-01
9.42722626e-01  3.43059292e-01  6.54725156e-01
3.62332362e-01  2.56162809e-01  6.08152912e-01
8.43307957e-01  5.45481838e-01  9.86621496e-01
9.94571774e-01  2.82291338e-01  6.52687458e-01
2.77300457e-01  3.35145923e-01  2.75075500e-01
5.84971594e-01  2.81523440e-01  3.36441835e-01
3.47629815e-01  9.03715480e-01  9.10086988e-01
2.67395877e-01  9.88583032e-01  8.64313569e-01
8.22537650e-01  7.95677230e-01  2.99347385e-01
3.83295205e-01  7.91801673e-01  3.90659288e-01
9.57253488e-01  7.55822249e-01  6.61342067e-01
9.19341758e-01  9.29346023e-01  9.62233400e-01
4.83855661e-01  2.73676246e-01  5.45781243e-01
8.96104286e-01  5.21337365e-01  8.35900819e-01
9.86947555e-01  9.79751646e-01  7.77538607e-01
6.58731707e-01  4.39891253e-01  9.86286080e-01
4.24689262e-01  5.14298959e-01  2.53192320e-01
3.07785514e-01  7.06512744e-01  3.14760815e-01
3.32710808e-01  3.97611137e-01  2.61758631e-01
9.43662059e-01  9.44256961e-01  9.75550923e-01
7.27878816e-01  2.82139626e-01  3.67430117e-01
9.14337978e-01  3.65419863e-01  9.20849732e-01
3.63256254e-01  7.80158429e-01  7.76089057e-01
2.74885194e-01  6.50188122e-01  8.93589123e-01
2.84419199e-01  3.43177458e-01  6.87375758e-01
3.37506489e-01  3.62683577e-01  4.66761706e-01
2.76642691e-01  7.17645336e-01  9.67316411e-01
4.49954102e-01  7.51439433e-01  3.64390297e-01
3.89410641e-01  3.32551751e-01  9.84453171e-01
9.10926884e-01  9.03757599e-01  7.79550994e-01
9.50592940e-01  9.13578963e-01  5.69693617e-01
8.65465140e-01  6.34491387e-01  9.23380119e-01
9.55651277e-01  3.63588174e-01  5.23903830e-01
2.63330792e-01  7.58452837e-01  3.85179772e-01
8.96098968e-01  3.52748808e-01  8.78386036e-01
4.06852153e-01  9.90051289e-01  4.91120669e-01
9.41980113e-01  7.85201322e-01  3.54313700e-01
3.10488514e-01  6.85421468e-01  9.05208483e-01
3.46593695e-01  5.27204284e-01  9.61814356e-01
8.25013259e-01  9.24548087e-01  9.99080832e-01
9.17918083e-01  4.01682602e-01  2.62508716e-01
9.81554942e-01  9.25135238e-01  9.62557769e-01
7.44961298e-01  3.01182055e-01  8.79029618e-01
9.22716673e-01  8.97561841e-01  8.07072119e-01
9.34332089e-01  4.56776903e-01  3.09191559e-01
7.01412948e-01  4.31707492e-01  9.38543219e-01
9.06015829e-01  3.11940803e-01  8.52997470e-01
9.59573844e-01  5.48956755e-01  8.54178140e-01
8.02821519e-01  8.33289560e-01  8.76540039e-01
9.88584946e-01  4.34575554e-01  6.63483155e-01
3.47867017e-01  2.69399726e-01  6.94736938e-01
2.95976844e-01  9.51949362e-01  8.54833730e-01
7.77288165e-01  9.93809428e-01  4.29207909e-01
9.25566789e-01  8.34141680e-01  3.78711752e-01
9.22199222e-01  9.69249273e-01  3.85932357e-01
6.27242480e-01  2.67196776e-01  6.72879170e-01
9.62098167e-01  9.10076585e-01  4.16043383e-01
3.26377480e-01  2.97178723e-01  3.30566028e-01
8.85828461e-01  4.56034603e-01  9.04068129e-01
9.43892841e-01  9.69638565e-01  8.95226815e-01
6.04789543e-01  9.04768153e-01  2.87094596e-01
9.70275638e-01  6.31370982e-01  9.03618107e-01
2.82946290e-01  4.70040570e-01  5.38284207e-01
6.95953523e-01  9.69449940e-01  4.43499007e-01
3.68380986e-01  4.26622122e-01  5.60573384e-01
9.21551087e-01  8.89277907e-01  9.21745379e-01
9.66802920e-01  6.59689543e-01  5.70215664e-01
6.19096019e-01  3.66595136e-01  9.80291851e-01
8.74230750e-01  4.11574767e-01  8.26444807e-01
2.86855050e-01  2.65243613e-01  6.37219979e-01
6.34058735e-01  4.91045469e-01  2.87687574e-01
9.42352034e-01  9.00574961e-01  9.98134054e-01
6.74571401e-01  9.81100065e-01  9.80762707e-01
5.57237238e-01  8.11356537e-01  8.79735675e-01
7.31816814e-01  7.33440241e-01  9.00389984e-01
5.57855163e-01  2.90757460e-01  3.80756848e-01
8.89772621e-01  3.99915581e-01  2.83808426e-01
3.99807095e-01  5.11770655e-01  3.23235728e-01
3.02407252e-01  4.10447511e-01  9.90455191e-01
8.23567860e-01  9.61418444e-01  3.07817640e-01
6.57445675e-01  9.81171976e-01  7.88335139e-01
8.75569217e-01  7.82277565e-01  3.33763946e-01
9.93543491e-01  2.83711945e-01  8.05317613e-01
3.22613608e-01  2.74248183e-01  5.02692407e-01
2.84351829e-01  4.06699929e-01  9.96352564e-01
8.70805007e-01  2.78214757e-01  8.72299185e-01
7.65757911e-01  2.54456132e-01  7.58761110e-01
9.26618040e-01  5.61711697e-01  7.43215886e-01
9.69138021e-01  7.45835006e-01  8.07757875e-01
7.88533282e-01  9.84948608e-01  9.92790263e-01
3.23918711e-01  3.94350480e-01  9.50399365e-01
3.46784219e-01  9.31260935e-01  9.57297017e-01
3.70290951e-01  5.67515523e-01  9.77457719e-01
9.61559159e-01  8.61141151e-01  5.09825085e-01
6.69092657e-01  2.95887817e-01  3.56468931e-01
8.85266642e-01  3.31395873e-01  7.85704040e-01
9.99529869e-01  8.90196866e-01  2.57782381e-01
7.82779625e-01  3.30489069e-01  8.62703936e-01
3.50795728e-01  8.32783220e-01  9.98232780e-01
9.78912798e-01  9.48106923e-01  9.87795090e-01
3.91866563e-01  7.88900848e-01  2.53183391e-01
7.02988635e-01  4.74542996e-01  2.72545500e-01
4.28215593e-01  3.41489088e-01  9.70093702e-01
6.99738991e-01  5.72247188e-01  8.62758150e-01
5.36062750e-01  6.49845155e-01  5.35918353e-01
3.54382209e-01  4.32875134e-01  9.90039198e-01
5.19473584e-01  8.83700734e-01  9.50126233e-01
4.16201181e-01  3.33311605e-01  6.79386391e-01
3.67444340e-01  2.87172448e-01  8.58309143e-01
2.89991668e-01  3.37645095e-01  4.72576530e-01
5.93695516e-01  6.11136773e-01  9.88687521e-01
8.03131968e-01  2.94930206e-01  3.24664002e-01
7.91629218e-01  9.31654049e-01  2.54314111e-01
9.08008373e-01  8.29114267e-01  7.67153276e-01
9.33459315e-01  2.83079856e-01  2.83790685e-01
2.80457261e-01  3.04281241e-01  8.81478473e-01
5.28456677e-01  3.46975713e-01  9.36253978e-01
9.12941452e-01  2.90900691e-01  5.77183193e-01
3.11323329e-01  2.57643839e-01  5.91189613e-01
3.62117465e-01  8.02707060e-01  9.21962982e-01
2.79853193e-01  4.61183644e-01  2.88726969e-01
4.93639303e-01  9.25428571e-01  4.35570451e-01
2.51043590e-01  7.12505282e-01  4.08939819e-01
4.46327711e-01  2.53894020e-01  9.60267346e-01
7.81643346e-01  3.28269023e-01  3.84701748e-01
2.96413595e-01  8.73194068e-01  7.08556245e-01
8.22162569e-01  2.74145752e-01  2.79397544e-01
7.59153084e-01  9.76693910e-01  7.70633601e-01
3.24021048e-01  9.05104389e-01  4.97388003e-01
2.54626527e-01  7.41180037e-01  3.55388959e-01
7.71600626e-01  9.62652678e-01  5.37458223e-01
6.32824799e-01  9.70371151e-01  3.36285135e-01
9.85531124e-01  9.48447732e-01  5.30523798e-01
8.46552481e-01  5.99235600e-01  9.99236851e-01
8.55024899e-01  9.39048780e-01  5.64105005e-01
9.47903441e-01  5.81424970e-01  3.00038375e-01
3.22538221e-01  2.65893954e-01  5.44584347e-01
9.21471884e-01  8.17554090e-01  9.48548375e-01
5.69792478e-01  3.39574056e-01  8.13539046e-01
9.92570644e-01  6.25958743e-01  3.89467302e-01
6.95346811e-01  3.27152888e-01  8.85036718e-01
9.48119191e-01  5.81822314e-01  5.46806904e-01
9.26042100e-01  9.75318651e-01  4.06366801e-01
9.68612751e-01  4.15008961e-01  4.46852389e-01
8.19108324e-01  3.47696623e-01  4.11104616e-01
9.53427576e-01  1.00054959e+00  4.94727817e-01
4.86046533e-01  4.81140111e-01  4.54400921e-01
7.63507121e-01  2.77328233e-01  3.89425571e-01
2.88159400e-01  2.98770504e-01  9.92598213e-01
9.75798290e-01  2.85519242e-01  4.87290346e-01
8.88153682e-01  8.95648349e-01  9.83367588e-01
4.37399638e-01  9.48111963e-01  8.43356825e-01
3.73900376e-01  8.95949070e-01  8.10159087e-01
9.78730361e-01  2.73227810e-01  5.50701010e-01
3.42393383e-01  3.81041139e-01  2.99356439e-01
3.66605239e-01  3.86244820e-01  4.72070065e-01
3.49726034e-01  8.58546894e-01  8.43335145e-01
8.52622821e-01  2.93804271e-01  2.89767731e-01
2.87641099e-01  8.77643260e-01  5.07732494e-01
9.49745516e-01  8.37322751e-01  7.23281946e-01
3.91716062e-01  8.48315665e-01  8.58190532e-01
3.38778129e-01  7.99627851e-01  3.04650133e-01
5.76065612e-01  2.53998869e-01  4.30072617e-01
2.63871411e-01  8.42580514e-01  3.53472185e-01
9.54863484e-01  8.54397704e-01  9.21902768e-01
8.12622139e-01  9.03644376e-01  5.95756356e-01
2.59272614e-01  6.42344045e-01  8.68536782e-01
2.50095763e-01  6.16844577e-01  8.61292472e-01
3.30746317e-01  8.13609574e-01  9.46277318e-01
9.05625016e-01  9.38653412e-01  3.87137977e-01
6.42580508e-01  7.41732922e-01  9.92552169e-01
8.79389876e-01  6.75140539e-01  3.35475885e-01
9.13781578e-01  8.30694267e-01  4.41620842e-01
8.62861112e-01  3.90077764e-01  3.29695974e-01
8.74642850e-01  3.43737761e-01  3.02466300e-01
9.03665321e-01  9.98346301e-01  9.72136500e-01
6.75812639e-01  4.77079718e-01  2.51063784e-01
7.20814666e-01  8.80625095e-01  8.44008296e-01
7.13272559e-01  4.63802962e-01  2.85444433e-01
8.40217560e-01  6.53723510e-01  2.61407040e-01
8.45487528e-01  2.55740518e-01  5.05960774e-01
3.42716628e-01  9.71634271e-01  3.12849299e-01
8.14586424e-01  9.57946093e-01  3.41732246e-01
2.80176640e-01  6.73552050e-01  9.14325725e-01
7.70313924e-01  8.69447996e-01  9.09220089e-01
4.99711033e-01  3.41584208e-01  9.46898659e-01
9.88046927e-01  3.45914684e-01  5.40442525e-01
2.79359517e-01  3.35853805e-01  3.05478609e-01
3.99735541e-01  8.71088486e-01  2.90448944e-01
6.22093587e-01  4.80444526e-01  5.95979657e-01
3.36279023e-01  3.74360451e-01  4.18938419e-01
6.60691931e-01  9.07428208e-01  9.41191737e-01
8.38656451e-01  2.73992244e-01  8.70071656e-01
9.46918653e-01  7.05422509e-01  6.12675464e-01
3.62892098e-01  9.98819486e-01  9.13938940e-01
9.29683598e-01  9.87505465e-01  2.83277737e-01
9.94844994e-01  7.63387740e-01  2.98475049e-01
9.81367393e-01  2.97957717e-01  5.55021257e-01
3.04730706e-01  4.19459048e-01  5.25682910e-01
3.69869831e-01  2.69314921e-01  6.80120734e-01
3.24574563e-01  3.94237744e-01  8.84494403e-01
4.57688349e-01  9.39657963e-01  4.43551258e-01
3.57552408e-01  2.93285284e-01  2.66228055e-01
3.74225864e-01  5.72916603e-01  6.47480946e-01
7.68997265e-01  3.71453473e-01  9.80617398e-01
9.18712046e-01  2.94952931e-01  9.24915209e-01
8.76409338e-01  3.01619918e-01  9.74000231e-01
7.42685956e-01  9.34330637e-01  9.08132815e-01
2.81969850e-01  9.63764053e-01  9.01636356e-01
3.93063800e-01  3.74770086e-01  3.70138358e-01
9.65838078e-01  4.15775042e-01  7.60786084e-01
3.63927648e-01  9.82653427e-01  6.48676676e-01
3.11837319e-01  9.84696629e-01  2.62389277e-01
3.54725849e-01  8.90805285e-01  8.58971508e-01
3.28193922e-01  6.12975932e-01  9.57138165e-01
3.70952690e-01  5.66996485e-01  9.17513477e-01
9.32963037e-01  9.01727735e-01  4.06728184e-01
9.53357321e-01  7.85265862e-01  9.10114865e-01
3.46877017e-01  3.94926976e-01  5.32131483e-01
7.15851321e-01  5.41774545e-01  6.34653599e-01
3.61540736e-01  9.31326277e-01  4.28490584e-01
7.18538525e-01  7.27967097e-01  2.68488543e-01
5.56461176e-01  2.65415002e-01  3.92181529e-01
8.20167515e-01  7.99040956e-01  4.05643377e-01
2.77583523e-01  8.88203972e-01  3.64755528e-01
8.79122579e-01  2.58999212e-01  3.58684505e-01
2.71535462e-01  9.98504916e-01  6.97995667e-01
3.10268798e-01  5.34969664e-01  3.28985711e-01
6.64453603e-01  4.59613983e-01  6.20675243e-01
6.48107274e-01  3.25535861e-01  2.59769041e-01
2.57955442e-01  4.23268744e-01  9.81103949e-01
9.28400147e-01  9.63711910e-01  2.54994116e-01
2.54824029e-01  3.66258009e-01  9.85721404e-01
9.07531953e-01  9.07448784e-01  8.01719829e-01
8.53236544e-01  3.41694130e-01  9.89714753e-01
9.55066834e-01  2.60612382e-01  8.95571155e-01
3.05340027e-01  6.02957037e-01  9.82165405e-01
8.71770682e-01  4.82249267e-01  9.53565073e-01
9.20088942e-01  3.03132955e-01  7.84448926e-01
9.65270708e-01  5.90301765e-01  2.53391382e-01
2.84461003e-01  3.42856429e-01  5.91670028e-01
9.71581721e-01  8.52629159e-01  9.60235563e-01
8.75651030e-01  5.98850528e-01  9.57414554e-01
9.00849735e-01  9.67859835e-01  4.93307108e-01
3.53176363e-01  5.85299620e-01  9.79654468e-01
9.74742422e-01  3.97610289e-01  7.95167386e-01
9.08297332e-01  8.14527331e-01  4.41126872e-01
9.00159390e-01  2.55673281e-01  4.08624318e-01
9.93311166e-01  3.08407065e-01  3.37939606e-01
2.91754027e-01  4.45347623e-01  7.23862291e-01
9.21423008e-01  2.85092017e-01  8.73496947e-01
9.63471126e-01  5.73326637e-01  2.74238854e-01
3.04009579e-01  4.89180360e-01  8.34189004e-01
4.31009703e-01  9.42041412e-01  4.47600457e-01
9.15880932e-01  9.51639027e-01  9.35011877e-01
5.74069840e-01  2.50215660e-01  9.59800963e-01
9.72489022e-01  3.43847525e-01  6.59296722e-01
9.43177659e-01  4.43638888e-01  5.58237465e-01
5.56362464e-01  2.62838310e-01  5.71366995e-01
2.97967722e-01  6.17620113e-01  3.80949907e-01
4.02209639e-01  4.17636325e-01  3.73599589e-01
8.56450136e-01  4.89222231e-01  2.67741971e-01
2.67004497e-01  4.55120691e-01  7.97029505e-01
2.87425142e-01  5.39305773e-01  9.14954183e-01
8.81761332e-01  8.53922700e-01  3.25613171e-01
9.41004263e-01  6.99170350e-01  4.05395849e-01
3.32028819e-01  9.56267892e-01  9.15007227e-01
6.50995113e-01  7.05049691e-01  9.62541572e-01
3.51225479e-01  3.81731625e-01  4.50429379e-01
8.20404307e-01  5.12179806e-01  2.51841341e-01
2.87274252e-01  7.04906785e-01  2.67047841e-01
4.39431872e-01  2.60841266e-01  4.56415867e-01
9.05195529e-01  3.72826409e-01  8.11654182e-01
4.08194489e-01  9.79570739e-01  2.97856447e-01
8.51783727e-01  8.48567425e-01  9.35675727e-01
9.97792987e-01  8.32498386e-01  5.18758886e-01
3.24515337e-01  6.77821068e-01  9.86500759e-01
3.61452745e-01  4.15798464e-01  7.71147767e-01
7.98813057e-01  8.39221868e-01  9.16486585e-01
3.61302623e-01  7.40065348e-01  8.18504599e-01
2.99223220e-01  9.81158795e-01  8.32374510e-01
9.74141085e-01  8.16273221e-01  8.58585834e-01
5.60167964e-01  4.29795104e-01  2.70096620e-01
2.99317616e-01  9.58589689e-01  7.54973007e-01
4.05519423e-01  4.70263250e-01  2.58864233e-01
2.95801937e-01  6.89978861e-01  4.37383234e-01
9.89903763e-01  4.16888991e-01  8.06097824e-01
6.96153940e-01  8.16413394e-01  2.64555241e-01
7.68517848e-01  8.58907130e-01  8.84435464e-01
7.22830281e-01  3.78766370e-01  2.52586520e-01
3.08370265e-01  4.82554257e-01  3.55320077e-01
9.00919139e-01  2.51431572e-01  8.66396064e-01
3.84829602e-01  7.23083164e-01  9.81340482e-01
9.72655824e-01  3.16957612e-01  9.45961995e-01
8.93321651e-01  3.06876951e-01  5.15043040e-01
9.27075729e-01  3.87171942e-01  9.74589041e-01
9.88390736e-01  2.58998894e-01  9.68808845e-01
6.87830205e-01  8.55449005e-01  3.59840975e-01
2.62994708e-01  5.07066390e-01  8.80208228e-01
3.58328285e-01  8.55923030e-01  7.49956276e-01
2.68455178e-01  6.02942998e-01  9.82315309e-01
2.58483536e-01  9.56105612e-01  3.29144363e-01
4.06378847e-01  3.82211117e-01  8.46350587e-01
9.56600776e-01  3.08442707e-01  8.99355127e-01
6.13020355e-01  3.73296219e-01  9.60211307e-01
4.23909565e-01  7.50706148e-01  9.63552398e-01
7.43683863e-01  7.74355044e-01  8.84652702e-01
4.54469488e-01  9.85447096e-01  5.26575306e-01
5.40410906e-01  9.16343673e-01  9.68228488e-01
3.79806392e-01  9.22828331e-01  8.93142739e-01
4.17571168e-01  5.00296550e-01  2.87562580e-01
4.25921423e-01  6.70129464e-01  9.83547061e-01
3.72458566e-01  2.55418832e-01  3.51934907e-01
8.78684734e-01  6.87806201e-01  9.88998515e-01
6.19112765e-01  9.73033657e-01  8.98016098e-01
9.62014491e-01  8.75426078e-01  8.35315535e-01
6.80659528e-01  9.63022710e-01  5.37408615e-01
4.36900787e-01  9.61852138e-01  8.19049648e-01
2.74034573e-01  3.31857647e-01  5.24444194e-01
3.53788864e-01  9.79704615e-01  9.49226368e-01
8.64328957e-01  8.05041340e-01  9.32908036e-01
9.58464851e-01  3.29446935e-01  6.90490308e-01
4.73453929e-01  9.85239105e-01  7.40638378e-01
9.80673751e-01  1.00039984e+00  6.25343859e-01
2.51770166e-01  8.57209002e-01  9.29443711e-01
3.06383936e-01  4.33832714e-01  9.18919553e-01
9.81805786e-01  5.06356486e-01  3.06796852e-01
4.06650100e-01  9.78274116e-01  8.08909078e-01
5.45981157e-01  4.26564238e-01  3.67199808e-01
7.89863818e-01  3.42652722e-01  3.06249090e-01
2.65643617e-01  2.90199310e-01  5.41507031e-01
8.68458304e-01  2.60700798e-01  5.16029013e-01
4.32776135e-01  8.19070034e-01  3.68672276e-01
9.69456745e-01  5.99507510e-01  2.85765001e-01
3.55839199e-01  9.95975267e-01  9.98495200e-01
9.66202854e-01  5.00063902e-01  3.78435342e-01
5.32466061e-01  9.90766440e-01  6.70493857e-01
3.07754215e-01  8.39929674e-01  5.99996449e-01
3.02316555e-01  5.10050560e-01  8.96805616e-01
4.79230171e-01  2.87724595e-01  9.89711430e-01
7.01753718e-01  8.94520944e-01  3.34896884e-01
8.96846140e-01  3.11111819e-01  6.31234717e-01
8.04568401e-01  9.20320289e-01  4.41667490e-01
2.69389258e-01  4.11766373e-01  4.64161545e-01
7.91398452e-01  9.83686936e-01  6.39797698e-01
9.89101507e-01  4.97184540e-01  7.42147669e-01
4.57610263e-01  7.81181329e-01  9.70489610e-01
8.90888705e-01  4.77730919e-01  9.67091367e-01
8.95601096e-01  4.10657383e-01  4.36219524e-01
3.98068211e-01  3.82173000e-01  8.81433918e-01
9.57552944e-01  7.37086951e-01  8.97133386e-01
6.54236178e-01  3.19804766e-01  3.40716496e-01
2.91439198e-01  4.78382218e-01  5.16370715e-01
9.50753141e-01  9.98841877e-01  5.58342580e-01
9.42698445e-01  6.22021644e-01  9.63832466e-01
4.20083219e-01  2.92814394e-01  2.68986251e-01
9.44354312e-01  7.50616968e-01  2.66178112e-01
3.14526710e-01  2.66968869e-01  9.56139332e-01
4.51633079e-01  9.14438995e-01  8.19552790e-01
4.88819598e-01  8.78604481e-01  9.04820484e-01
8.57425304e-01  3.86129370e-01  3.22939032e-01
3.08036073e-01  6.27500298e-01  9.76870880e-01
2.66657591e-01  8.70810284e-01  9.91286052e-01
3.39393179e-01  5.41790819e-01  1.00000767e+00
9.48203671e-01  3.42645889e-01  9.83538707e-01
9.29849599e-01  9.50388141e-01  3.04781718e-01
2.85325213e-01  9.31930944e-01  5.21853957e-01
9.75099525e-01  4.33111333e-01  4.80163753e-01
6.60936015e-01  8.58389859e-01  9.49736925e-01
9.42400169e-01  9.98148844e-01  3.26566304e-01
4.20806823e-01  9.61756397e-01  3.72100873e-01
2.67664159e-01  9.96151088e-01  3.93336897e-01
6.97547474e-01  9.63754793e-01  3.72605769e-01
5.66525993e-01  9.73204690e-01  8.61330370e-01
9.05391367e-01  3.52436956e-01  8.13233273e-01
6.22344492e-01  7.99876936e-01  9.25693774e-01
7.80310244e-01  2.92311359e-01  9.07640478e-01
6.30857553e-01  9.17534581e-01  3.91110484e-01
4.80514033e-01  8.80569343e-01  4.49797097e-01
2.80659472e-01  7.97382889e-01  2.77620610e-01
6.48912132e-01  7.48248619e-01  6.96039166e-01
5.64724695e-01  2.87782550e-01  5.67731074e-01
2.57188710e-01  3.27755299e-01  4.95063449e-01
3.77968118e-01  7.50801851e-01  8.25573813e-01
8.76233956e-01  7.14081910e-01  8.73454211e-01
8.04359639e-01  7.77567465e-01  3.60041686e-01
4.57078554e-01  4.67499010e-01  3.66179616e-01
9.67696577e-01  4.09243849e-01  6.61724769e-01
9.78222362e-01  8.23704878e-01  8.64972953e-01
4.20582401e-01  2.95934060e-01  6.52747058e-01
3.14409388e-01  9.92691881e-01  4.34223175e-01
8.53468750e-01  3.35126494e-01  8.72091762e-01
7.01137265e-01  2.84899512e-01  8.82707818e-01
8.39849386e-01  4.49160459e-01  9.01330287e-01
4.07579547e-01  9.77190006e-01  2.99916419e-01
8.02943015e-01  3.29873443e-01  8.47509643e-01
9.63336282e-01  5.62692720e-01  9.07631330e-01
4.55952005e-01  3.28859050e-01  5.23279828e-01
9.51270374e-01  9.08415145e-01  9.77303309e-01
2.58366520e-01  3.93513507e-01  4.10943498e-01
8.44291769e-01  8.06603198e-01  9.63663454e-01
2.91188836e-01  3.01443623e-01  5.92538008e-01
5.67623122e-01  2.56205486e-01  8.64223620e-01
9.53883593e-01  2.95876881e-01  3.35548571e-01
2.62365000e-01  8.09203490e-01  7.67730139e-01
8.70950987e-01  9.02920292e-01  9.11752959e-01
6.54548784e-01  3.38191822e-01  9.64082434e-01
8.89755627e-01  2.97809992e-01  3.78669729e-01
3.06706544e-01  3.00339172e-01  3.92957766e-01
2.76502482e-01  7.55283368e-01  2.64372673e-01
9.93846235e-01  5.24876800e-01  8.55663373e-01
8.65257846e-01  9.22433582e-01  3.76616467e-01
3.64053566e-01  3.07718462e-01  4.48321965e-01
3.18563051e-01  3.74800420e-01  8.51603644e-01
7.36656444e-01  4.16305757e-01  2.77752870e-01
5.46742775e-01  3.80807638e-01  9.92797212e-01
9.48211131e-01  8.96198195e-01  2.87608641e-01
9.19248504e-01  4.14213040e-01  3.36801090e-01
3.13852247e-01  6.63801372e-01  3.26807649e-01
4.21926869e-01  7.30613686e-01  9.16186054e-01
3.65443638e-01  9.29772992e-01  5.12939481e-01
2.61069853e-01  8.81400016e-01  9.21380330e-01
6.29191928e-01  2.88528000e-01  9.43057909e-01
5.87801195e-01  8.81563722e-01  2.95741707e-01
8.45788585e-01  5.33064657e-01  7.85363505e-01
9.85264886e-01  8.37806522e-01  4.77698616e-01
7.55874137e-01  9.85151957e-01  4.83079452e-01
9.66425360e-01  5.29506580e-01  8.32622032e-01
2.76606165e-01  9.51164670e-01  6.95136698e-01
9.29529912e-01  7.63258836e-01  3.47092451e-01
4.05817899e-01  4.89059722e-01  3.72182222e-01
2.91571883e-01  7.36852112e-01  6.63321135e-01
6.82978175e-01  2.77220001e-01  3.04866048e-01
4.71974889e-01  7.16754120e-01  8.45573296e-01
5.19313314e-01  9.53442598e-01  9.69508720e-01
7.27039496e-01  9.68172112e-01  8.73825373e-01
7.38265539e-01  9.69077813e-01  7.44864249e-01
7.56432269e-01  9.33787066e-01  8.23930846e-01
7.73318765e-01  7.30260148e-01  5.87841461e-01
5.09759485e-01  9.49454174e-01  9.50983850e-01
6.48924462e-01  3.47721181e-01  9.83107936e-01
8.92832214e-01  9.60340397e-01  9.16378191e-01
9.61946548e-01  5.86723322e-01  3.89044170e-01
4.07860654e-01  8.52907337e-01  9.24410582e-01
8.40715599e-01  3.07618079e-01  3.99942843e-01
6.10046677e-01  2.54935429e-01  8.06996624e-01
9.87183894e-01  5.87321825e-01  2.84338804e-01
8.82029415e-01  6.81285964e-01  2.71294149e-01
3.84149746e-01  9.20021700e-01  5.19526626e-01
4.69010188e-01  4.87620238e-01  2.59838280e-01
4.54386300e-01  3.46487135e-01  9.20963745e-01
9.53964683e-01  3.05942177e-01  3.98658472e-01
3.22167022e-01  3.87668735e-01  9.38355496e-01
3.36422167e-01  4.43331508e-01  5.90109004e-01
7.88202513e-01  3.11802857e-01  9.85797115e-01
2.75524334e-01  9.72606454e-01  4.54628662e-01
9.47271015e-01  9.65899441e-01  9.08797310e-01
9.43522436e-01  9.62356137e-01  3.53568875e-01
5.78291701e-01  3.06149001e-01  3.43073525e-01
5.62036053e-01  7.28285129e-01  2.53825598e-01
2.60373236e-01  2.89175526e-01  2.64345507e-01
2.66293234e-01  6.47682888e-01  9.11422489e-01
7.09757437e-01  4.51442227e-01  2.75395539e-01
5.14313734e-01  5.43896697e-01  2.71782241e-01
9.92325178e-01  6.59878816e-01  4.87328186e-01
9.68856361e-01  4.08964582e-01  4.85007954e-01
9.45894945e-01  5.15036204e-01  8.73668382e-01
3.47228416e-01  7.72962029e-01  3.52773788e-01
8.63218542e-01  9.89138582e-01  9.79575814e-01
4.60592477e-01  3.41136487e-01  3.62343502e-01
9.33696805e-01  4.21976763e-01  4.66195431e-01
3.51234093e-01  8.94002948e-01  8.98750380e-01
6.33804191e-01  2.74068297e-01  3.98316057e-01
9.79741568e-01  8.25245519e-01  8.32537594e-01
6.13197980e-01  2.56607709e-01  7.17703230e-01
7.31291626e-01  4.31690444e-01  2.85552137e-01
8.49322416e-01  3.44165951e-01  7.05279650e-01
3.28254518e-01  2.98929289e-01  7.64430692e-01
3.08597738e-01  9.46644362e-01  4.33536664e-01
3.05778658e-01  4.81964014e-01  6.88326332e-01
9.18631696e-01  8.31855406e-01  9.24854603e-01
8.65234057e-01  3.88866064e-01  9.43379437e-01
7.07287757e-01  3.83061230e-01  8.90995588e-01
7.51677927e-01  4.12419963e-01  9.98129263e-01
9.82371858e-01  9.71967105e-01  4.14286994e-01
3.18303741e-01  9.63930611e-01  8.67624456e-01
3.85478791e-01  8.89579335e-01  7.63400021e-01
8.22919931e-01  8.43611354e-01  2.96736029e-01
7.09345018e-01  3.08597754e-01  3.30605436e-01
9.97081968e-01  4.05432856e-01  3.78110224e-01
8.35178111e-01  6.53786814e-01  9.90475077e-01
5.55131136e-01  9.30084819e-01  7.81493885e-01
4.49156164e-01  3.00474342e-01  2.82335260e-01
7.11031721e-01  8.09004206e-01  7.61709298e-01
3.63176920e-01  9.34674164e-01  4.89190567e-01
4.93656828e-01  9.68895564e-01  9.39101569e-01
3.71046030e-01  7.91758051e-01  2.68599301e-01
3.09475219e-01  2.61273574e-01  8.80888841e-01
9.28630237e-01  7.05769755e-01  8.86847627e-01
2.61996370e-01  9.61149965e-01  5.19879962e-01
9.60338617e-01  2.78847417e-01  8.51410565e-01
8.40988600e-01  9.60765241e-01  9.24149332e-01
9.93103692e-01  2.63942688e-01  2.64827534e-01
6.23036097e-01  3.39287086e-01  4.05558303e-01
9.61790111e-01  3.68924341e-01  5.11386428e-01
2.61644940e-01  9.80637750e-01  3.83705741e-01
8.88017728e-01  6.02463351e-01  8.70144909e-01
3.97688603e-01  8.29417702e-01  8.21609801e-01
6.75693167e-01  8.24446182e-01  2.74813338e-01
8.90566146e-01  6.29010504e-01  9.02118686e-01
3.07251693e-01  3.78636853e-01  6.72323342e-01
3.32828616e-01  3.26581643e-01  4.59068948e-01
7.18174951e-01  3.36334586e-01  7.21962366e-01
2.78553018e-01  6.57629724e-01  3.73831265e-01
5.96150089e-01  4.28900934e-01  9.50601149e-01
4.85050891e-01  2.70399744e-01  5.12316576e-01
6.14963515e-01  2.65910794e-01  3.08095133e-01
8.86933237e-01  3.27716550e-01  2.98428015e-01
4.13532782e-01  2.63840969e-01  9.33906949e-01
3.34598232e-01  4.86806374e-01  9.14305217e-01
5.42443419e-01  9.73486074e-01  4.04125082e-01
4.68495473e-01  9.18212979e-01  8.69616665e-01
2.87984498e-01  7.12184432e-01  3.72025533e-01
3.19482623e-01  9.24689759e-01  8.97875258e-01
8.78597700e-01  2.97063721e-01  9.50277460e-01
8.49972183e-01  9.22381698e-01  9.39670936e-01
8.86981458e-01  3.20494676e-01  9.21941138e-01
9.62208629e-01  8.72715257e-01  7.64707186e-01
2.94313705e-01  9.66403153e-01  5.70943103e-01
2.55339293e-01  4.52390520e-01  4.28389784e-01
4.85923729e-01  5.99862185e-01  9.87470153e-01
3.11097439e-01  9.54756480e-01  8.39124041e-01
8.40386473e-01  8.52064200e-01  9.45659368e-01
7.78668687e-01  9.16631191e-01  8.03219199e-01
6.12252032e-01  9.99673584e-01  9.45143993e-01
8.07487227e-01  8.37300482e-01  2.51940508e-01
4.69780724e-01  9.01685865e-01  9.25125435e-01
5.24424943e-01  2.66812268e-01  8.57160025e-01
4.24863463e-01  9.93078687e-01  7.50782795e-01
8.61817788e-01  3.61743620e-01  7.98506751e-01
2.51158768e-01  6.87883997e-01  4.72304026e-01
3.29827346e-01  2.89843556e-01  5.17040484e-01
7.71920068e-01  9.70700149e-01  4.33463356e-01
5.76362995e-01  9.66271179e-01  9.95816263e-01
7.75583425e-01  8.93652389e-01  8.53159323e-01
5.71564867e-01  6.43087183e-01  5.69236663e-01
7.57313098e-01  9.27513425e-01  2.83543952e-01
8.87148937e-01  8.76522075e-01  4.57994458e-01
2.89828222e-01  4.05040872e-01  8.53047250e-01
6.11897862e-01  4.22540972e-01  2.73067472e-01
2.81098170e-01  9.98907006e-01  6.97003446e-01
9.15923298e-01  5.43558952e-01  9.29041096e-01
8.68433558e-01  9.24005945e-01  7.01939245e-01
3.12028831e-01  3.30737829e-01  3.63731863e-01
3.25100961e-01  2.82319889e-01  6.13615952e-01
4.85797666e-01  3.02455274e-01  9.27287672e-01
3.80728495e-01  9.35265015e-01  8.02532307e-01
9.44004893e-01  5.08024338e-01  9.22494171e-01
9.48030179e-01  8.80531241e-01  4.82636030e-01
2.60131697e-01  3.01507657e-01  9.73279802e-01
2.80459414e-01  7.31133746e-01  6.19414546e-01
5.80202608e-01  6.39655140e-01  2.51422590e-01
9.28280147e-01  6.96603602e-01  4.83596384e-01
9.79101280e-01  8.94788508e-01  4.52926672e-01
3.10607635e-01  9.15007530e-01  2.58552233e-01
3.68156876e-01  9.51235571e-01  3.61247672e-01
9.17372172e-01  7.03282294e-01  3.30756325e-01
2.75118291e-01  6.53488381e-01  8.75955940e-01
2.59328645e-01  9.77804955e-01  3.20998508e-01
2.87216904e-01  4.04796671e-01  8.78247622e-01
4.39887723e-01  6.81751200e-01  5.67885590e-01
2.81978211e-01  2.66798196e-01  7.63252921e-01
3.55570066e-01  2.60221458e-01  8.83867066e-01
2.93798184e-01  2.60737326e-01  2.51023562e-01
7.50966755e-01  2.67965903e-01  9.69038622e-01
8.57876565e-01  7.48201196e-01  9.55537012e-01
3.35723319e-01  9.22057946e-01  6.79520252e-01
8.01597756e-01  8.02095829e-01  3.24415690e-01
7.01299305e-01  9.87660022e-01  3.24575367e-01
6.49261995e-01  3.65512621e-01  2.93712074e-01
3.35873560e-01  3.87310392e-01  3.07429971e-01
9.65591465e-01  4.40110102e-01  9.44902756e-01
2.78722184e-01  8.35484528e-01  8.95132275e-01
3.19357898e-01  7.33134329e-01  8.22285137e-01
8.77588123e-01  4.01095684e-01  4.55590655e-01
4.14195995e-01  8.76563589e-01  9.90601996e-01
3.89362192e-01  3.01430386e-01  2.64426411e-01
8.32165455e-01  9.66856878e-01  3.59705678e-01
3.18828596e-01  9.94250064e-01  3.47836908e-01
9.36720386e-01  2.75505907e-01  4.07305764e-01
3.17214715e-01  8.34069886e-01  4.32920351e-01
5.31546656e-01  9.36854959e-01  3.38247506e-01
8.81849691e-01  3.22321329e-01  8.56423008e-01
6.35192240e-01  9.56537597e-01  4.70520861e-01
3.65020975e-01  2.90400594e-01  6.39369960e-01
3.11888660e-01  8.19782829e-01  2.83199737e-01
7.40334306e-01  9.71444730e-01  4.87570052e-01
4.59377880e-01  9.40735565e-01  8.49733728e-01
9.36356002e-01  9.02000777e-01  5.55770823e-01
9.06829177e-01  5.23186119e-01  9.28964957e-01
4.44859070e-01  9.23304711e-01  7.32920013e-01
2.54781815e-01  9.21789895e-01  2.54140104e-01
9.97386553e-01  5.84104780e-01  2.66542520e-01
4.43962921e-01  3.62994917e-01  3.57375160e-01
3.41069423e-01  5.88949614e-01  2.70476591e-01
4.24559324e-01  7.97862015e-01  2.59595317e-01
9.77687123e-01  8.41511586e-01  8.37393454e-01
3.29805142e-01  2.88238201e-01  9.49862629e-01
8.36973879e-01  9.59381542e-01  7.06397866e-01
6.85709484e-01  6.18042991e-01  2.50639675e-01
9.63616106e-01  9.82783726e-01  8.91891520e-01
7.19373104e-01  6.10103422e-01  9.96500284e-01
3.65532536e-01  8.90855165e-01  6.46869155e-01
2.61845916e-01  4.84686576e-01  6.09209528e-01
9.47429556e-01  9.27248511e-01  5.40366305e-01
8.82064463e-01  3.58915451e-01  8.03726689e-01
8.34760287e-01  7.11998097e-01  8.89783630e-01
3.41871561e-01  5.77665502e-01  9.81391130e-01
9.55193263e-01  3.80119125e-01  2.53468505e-01
3.73909960e-01  7.89006421e-01  3.69813641e-01
3.40233702e-01  4.53348983e-01  2.76314035e-01
8.60447690e-01  9.19015183e-01  8.13168568e-01
3.43187065e-01  8.27717945e-01  9.00881853e-01
9.43746030e-01  9.01078731e-01  5.59872208e-01
8.49059993e-01  9.77401678e-01  5.23553932e-01
9.91536525e-01  2.66214187e-01  8.25596442e-01
4.73577852e-01  5.14573551e-01  3.55683698e-01
7.43087173e-01  4.14788225e-01  2.71322286e-01
9.83171495e-01  7.53259149e-01  4.25091208e-01
8.65985926e-01  6.77418825e-01  2.67135411e-01
3.10602103e-01  7.45813455e-01  4.59051792e-01
5.35886448e-01  4.90027437e-01  9.24580423e-01
4.86412342e-01  3.23767229e-01  5.58040735e-01
9.31336614e-01  6.62520540e-01  4.23927885e-01
4.66507957e-01  8.35210953e-01  2.89450655e-01
9.76647296e-01  4.84337538e-01  3.58098204e-01
2.98338709e-01  9.72314544e-01  5.80402263e-01
9.01419198e-01  3.69096838e-01  9.42445028e-01
9.64797150e-01  3.43865914e-01  6.96772246e-01
6.02145445e-01  2.88566176e-01  8.93392770e-01
5.27399869e-01  2.87558551e-01  5.03695925e-01
3.46248268e-01  8.18852761e-01  8.26651524e-01
4.94723184e-01  9.70430838e-01  7.71435390e-01
3.24951047e-01  9.74277878e-01  4.91952640e-01
5.11139866e-01  9.71755106e-01  9.71644677e-01
3.34587956e-01  4.73326192e-01  7.13913343e-01
8.30469018e-01  3.58798428e-01  9.84356502e-01
3.15179480e-01  3.63756087e-01  7.98681115e-01
9.51627037e-01  5.42671088e-01  4.38655918e-01
8.12313852e-01  9.67301387e-01  9.19385206e-01
8.80192217e-01  6.32616633e-01  7.37418387e-01
5.69534534e-01  3.38841256e-01  2.99753542e-01
9.95240769e-01  8.92688236e-01  7.42824071e-01
6.68018542e-01  9.68586166e-01  3.79954832e-01
3.29558625e-01  9.58113051e-01  4.90418524e-01
5.58859809e-01  7.73301237e-01  2.86361407e-01
3.15929243e-01  8.13549448e-01  5.20221339e-01
2.97441130e-01  8.46550578e-01  4.49749755e-01
3.36049563e-01  2.52790826e-01  7.13179514e-01
4.48845782e-01  9.89988819e-01  9.06686635e-01
9.97373655e-01  3.96648592e-01  2.90850211e-01
9.89667233e-01  6.84312516e-01  8.88048725e-01
2.67405953e-01  8.76283769e-01  6.10462093e-01
9.87272969e-01  9.75688838e-01  9.45373624e-01
2.94877155e-01  3.10008543e-01  6.18178452e-01
9.79387816e-01  9.86462579e-01  6.13361016e-01
8.15057535e-01  6.56225425e-01  9.99286587e-01
2.53455405e-01  3.87272812e-01  6.60220047e-01
8.50613892e-01  9.24101202e-01  6.82912442e-01
8.63806171e-01  3.08284323e-01  9.18203806e-01
9.37652813e-01  6.53034388e-01  2.59455014e-01
7.15935217e-01  3.57569920e-01  2.51279235e-01
8.75715952e-01  9.23224730e-01  2.83359268e-01
8.84080509e-01  9.87172515e-01  4.93782201e-01
7.25948503e-01  3.46427220e-01  9.39314455e-01
9.75816079e-01  7.34979880e-01  2.55028539e-01
3.28650416e-01  8.07434458e-01  3.72236594e-01
3.27403280e-01  3.15885225e-01  5.19640871e-01
6.30449604e-01  8.81473526e-01  2.74370783e-01
6.00959490e-01  9.37058162e-01  2.69639931e-01
2.79210165e-01  6.50624169e-01  2.96406119e-01
9.31503922e-01  3.54161312e-01  9.02137877e-01
8.06708068e-01  3.81882852e-01  2.98037094e-01
5.77759798e-01  2.85555819e-01  4.35305966e-01
8.17826618e-01  4.03445792e-01  3.08567344e-01
2.61451210e-01  3.07272243e-01  7.12451850e-01
3.95601416e-01  5.41900474e-01  8.80679583e-01
2.63364036e-01  4.17688466e-01  9.65174822e-01
2.95736400e-01  3.64054890e-01  5.04858144e-01
8.34815132e-01  9.85200958e-01  3.07107701e-01
2.86558443e-01  6.35232042e-01  4.60296126e-01
8.89341188e-01  3.76466954e-01  2.60396636e-01
9.78187787e-01  2.64980550e-01  9.72652237e-01
2.75394300e-01  5.13507054e-01  9.60715742e-01
8.97160007e-01  6.19865149e-01  9.78833168e-01
2.98471690e-01  7.45695361e-01  3.05085987e-01
3.99625838e-01  9.80970926e-01  5.86296187e-01
2.99801029e-01  3.59310886e-01  7.48235461e-01
3.33813148e-01  6.51277528e-01  2.51525051e-01
8.00022281e-01  4.74500350e-01  9.95395154e-01
2.81650905e-01  9.16138772e-01  6.87923740e-01
2.86403582e-01  4.21348458e-01  8.57014336e-01
9.97724850e-01  3.64589731e-01  9.22321484e-01
9.19676688e-01  7.65828484e-01  9.29597437e-01
8.79421671e-01  9.48636630e-01  8.66984446e-01
8.36950033e-01  3.39681084e-01  9.34096869e-01
4.22148440e-01  8.51883118e-01  9.41551375e-01
8.95434155e-01  3.02899152e-01  7.90168962e-01
7.23457625e-01  2.68766972e-01  4.46454068e-01
8.87270150e-01  3.96192087e-01  2.86203574e-01
6.37286344e-01  4.69115373e-01  2.69408277e-01
6.84209282e-01  8.54451048e-01  8.92836214e-01
7.14464561e-01  3.76135411e-01  2.88841479e-01
3.35633359e-01  9.58808433e-01  2.97079903e-01
4.37741066e-01  7.57647414e-01  2.94952730e-01
9.32474230e-01  5.23535546e-01  9.21249600e-01
7.98550534e-01  8.38437350e-01  8.43307138e-01
6.74917358e-01  9.85274336e-01  8.81248483e-01
7.40820203e-01  2.67159066e-01  5.27924534e-01
3.28359416e-01  4.76874439e-01  2.75270188e-01
9.34840860e-01  4.21380428e-01  8.19065166e-01
9.65432818e-01  8.88888485e-01  5.19171360e-01
2.87754526e-01  9.39677832e-01  6.11028506e-01
9.96067673e-01  8.67221277e-01  7.27252077e-01
9.39989563e-01  7.86689167e-01  9.40648521e-01
2.89211864e-01  6.71516849e-01  8.84833663e-01
3.33894518e-01  7.69098393e-01  8.68632512e-01
3.45595590e-01  7.03269895e-01  3.11409212e-01
2.51139505e-01  7.85353574e-01  2.55849935e-01
9.94728999e-01  2.93320628e-01  2.91948303e-01
2.50342168e-01  6.47294206e-01  4.25604467e-01
7.22041561e-01  2.74648488e-01  3.62123129e-01
6.83572240e-01  3.30116489e-01  8.90599842e-01
5.44269882e-01  7.27864333e-01  2.69483747e-01
3.69370892e-01  8.30846297e-01  9.55056284e-01
2.66937750e-01  7.12293938e-01  4.91201110e-01
8.92828624e-01  4.60060561e-01  8.90047406e-01
3.83878073e-01  6.18444373e-01  2.70962481e-01
2.60947877e-01  8.02401870e-01  3.20246965e-01
9.82715879e-01  9.09948529e-01  8.53140708e-01
8.22836440e-01  9.76011118e-01  9.90243180e-01
5.89075827e-01  9.95562197e-01  9.98257194e-01
8.23443626e-01  4.05634730e-01  8.41439594e-01
6.38425290e-01  3.62923072e-01  9.74878414e-01
8.42404379e-01  8.75854705e-01  2.89591999e-01
7.15940644e-01  3.87464090e-01  9.77860689e-01
9.02639083e-01  4.01918109e-01  5.35393513e-01
8.66617957e-01  9.42464996e-01  4.39813401e-01
9.26491177e-01  5.41447660e-01  2.50596158e-01
5.33033214e-01  3.80858553e-01  3.39128918e-01
8.94911978e-01  7.96583243e-01  9.28923073e-01
7.48259933e-01  5.95858459e-01  3.00036791e-01
2.76600465e-01  2.90873004e-01  5.07933641e-01
8.13846817e-01  9.78633160e-01  8.32099849e-01
4.97614864e-01  3.73212674e-01  2.78991572e-01
2.59734566e-01  8.58044864e-01  2.97970151e-01
4.93409780e-01  2.58484875e-01  6.22215993e-01
4.04139704e-01  5.45426730e-01  2.66019418e-01
3.32551854e-01  8.88637030e-01  7.87540606e-01
3.24012312e-01  5.65687597e-01  9.30295087e-01
2.63461880e-01  6.83294132e-01  8.68995895e-01
6.94629091e-01  3.20351682e-01  3.07320476e-01
9.14860183e-01  4.70609027e-01  8.47439391e-01
2.90039245e-01  5.71386163e-01  8.29914874e-01
7.91196094e-01  9.59593891e-01  8.68329934e-01
4.37970497e-01  4.18560731e-01  2.87043945e-01
9.56058290e-01  6.73892268e-01  3.73267240e-01
9.93348131e-01  5.57556461e-01  3.77778340e-01
4.26540061e-01  9.54780908e-01  4.02990226e-01
3.48200926e-01  5.29046760e-01  3.11350143e-01
8.93285863e-01  4.37017847e-01  3.26874763e-01
9.50881810e-01  2.76619736e-01  5.05018992e-01
4.58449015e-01  9.97725424e-01  8.86445162e-01
3.53423139e-01  7.73081636e-01  9.84688183e-01
9.66425317e-01  4.23005700e-01  3.67924738e-01
5.02718700e-01  9.73678496e-01  8.64541590e-01
9.06075650e-01  3.77405307e-01  9.62341058e-01
7.45664142e-01  2.86553336e-01  9.52390122e-01
7.30174450e-01  2.63764530e-01  5.26160963e-01
4.85555946e-01  4.93048421e-01  9.91487734e-01
2.82588946e-01  9.57567540e-01  6.16408758e-01
9.75434614e-01  5.96615844e-01  9.84046313e-01
9.89122486e-01  9.88998236e-01  5.01437262e-01
7.39778423e-01  2.78271475e-01  3.81967809e-01
3.11552933e-01  8.41085913e-01  4.38524615e-01
9.08491386e-01  9.53771482e-01  7.11163680e-01
3.26170632e-01  5.10397240e-01  4.92342766e-01
2.55353626e-01  8.51506231e-01  5.44141582e-01
7.52945775e-01  9.68245412e-01  3.06139563e-01
2.59782433e-01  5.85967557e-01  9.22479038e-01
7.45541949e-01  9.58504893e-01  3.02534429e-01
2.98707286e-01  6.98969660e-01  4.63771166e-01
7.65160902e-01  3.09284093e-01  7.36411996e-01
3.28010170e-01  8.81269198e-01  6.01171123e-01
9.37009216e-01  3.19682975e-01  8.01433219e-01
9.85433582e-01  7.53286801e-01  2.97772343e-01
5.32550753e-01  4.18999982e-01  9.87245652e-01
9.60606950e-01  8.11902586e-01  6.93755862e-01
2.88078346e-01  7.69897279e-01  8.97325243e-01
9.48680127e-01  9.19089566e-01  3.63887695e-01
9.86061273e-01  7.97495694e-01  7.76077906e-01
3.21488846e-01  5.10181982e-01  4.57272927e-01
9.45378601e-01  5.28859956e-01  9.90306248e-01
9.02861028e-01  2.56107054e-01  7.10359573e-01
9.97789204e-01  5.24223511e-01  4.11962962e-01
9.27134562e-01  7.70962821e-01  6.99572269e-01
9.26149321e-01  3.17504239e-01  4.90647259e-01
6.65728172e-01  6.72169759e-01  9.96682148e-01
3.16353804e-01  8.48438778e-01  9.01081909e-01
4.50220454e-01  3.38687537e-01  3.71326946e-01
4.73116690e-01  7.97357377e-01  4.72748200e-01
2.69285053e-01  2.78036219e-01  7.02808334e-01
2.92419136e-01  4.83035895e-01  8.29498510e-01
2.94100690e-01  5.89541307e-01  3.13554534e-01
9.00608663e-01  9.39994342e-01  7.77346698e-01
5.40386799e-01  3.14352598e-01  6.77262490e-01
5.91248253e-01  2.75757232e-01  8.92411160e-01
9.63533485e-01  3.25650659e-01  4.66912855e-01
4.23096242e-01  8.90641900e-01  9.66533519e-01
9.29904507e-01  2.63167716e-01  8.81790881e-01
8.91481927e-01  7.99991662e-01  3.68402261e-01
9.49982972e-01  4.39168988e-01  4.56449133e-01
3.65557052e-01  3.23964881e-01  8.81683218e-01
5.46350568e-01  9.93427581e-01  4.82013126e-01
4.63074688e-01  4.13638285e-01  2.95910946e-01
7.37839990e-01  9.22188576e-01  2.90835385e-01
4.99090724e-01  2.80297961e-01  4.16636616e-01
3.08895781e-01  3.74224174e-01  2.83752112e-01
4.07241286e-01  9.96242649e-01  4.44780875e-01
8.83113963e-01  5.92619903e-01  9.99554413e-01
2.80746964e-01  2.93740945e-01  2.89469475e-01
9.43619825e-01  3.42628635e-01  6.52658560e-01
2.54957965e-01  9.79458706e-01  5.61686335e-01
7.89642492e-01  8.86871274e-01  3.62444344e-01
4.31560206e-01  5.87240711e-01  2.59085680e-01
3.70682606e-01  3.01000002e-01  2.50384955e-01
9.05701591e-01  4.58733995e-01  2.61416104e-01
8.80384801e-01  3.78168331e-01  9.67838715e-01
9.47219137e-01  6.47868865e-01  6.69792638e-01
5.77299676e-01  9.50268225e-01  9.73096723e-01
9.92196368e-01  8.46899806e-01  2.56230212e-01
6.55846616e-01  4.86138590e-01  9.92966505e-01
3.11104011e-01  9.02746294e-01  3.03239607e-01
2.86472606e-01  5.60616985e-01  3.70281280e-01
7.56338572e-01  2.93747728e-01  2.82119387e-01
3.39317424e-01  8.84194886e-01  6.59578176e-01
9.51715630e-01  9.76967109e-01  8.33227537e-01
7.73023016e-01  9.48398860e-01  2.51753027e-01
2.63091999e-01  5.86591120e-01  3.35645341e-01
5.07879058e-01  2.97025456e-01  8.40093410e-01
5.01233992e-01  9.92288981e-01  5.41511620e-01
9.67094546e-01  9.98581439e-01  5.12439878e-01
8.61020630e-01  3.24107055e-01  7.24941602e-01
4.10934547e-01  9.67343672e-01  8.06296023e-01
2.93065516e-01  5.18890339e-01  9.40598954e-01
3.77562252e-01  2.80992689e-01  7.76480951e-01
3.96733411e-01  3.25933956e-01  6.55470093e-01
8.75917451e-01  7.57232641e-01  2.61539403e-01
3.13775349e-01  7.58877880e-01  9.39803161e-01
8.98744580e-01  3.15959290e-01  4.33465004e-01
2.61635268e-01  3.42798077e-01  7.47084460e-01
7.09527681e-01  2.68669916e-01  9.67872067e-01
8.50245193e-01  3.27085250e-01  6.27054579e-01
3.28013057e-01  7.67842144e-01  6.95168350e-01
9.34097062e-01  5.15582178e-01  5.47933814e-01
7.10514736e-01  2.81485624e-01  9.51581964e-01
3.80933937e-01  9.41227857e-01  7.67728196e-01
2.83405354e-01  7.44116625e-01  4.64922022e-01
7.91473539e-01  9.66055011e-01  4.91036858e-01
9.00822060e-01  4.95770135e-01  9.28071509e-01
9.96099821e-01  9.24049029e-01  4.10818809e-01
7.54164127e-01  9.84087445e-01  7.71815712e-01
9.45228916e-01  5.48382181e-01  6.14933781e-01
9.28075924e-01  7.52244274e-01  9.33092803e-01
6.44232924e-01  3.33590382e-01  9.79089041e-01
8.83803365e-01  9.79223581e-01  8.88132901e-01
7.67840050e-01  4.55500801e-01  9.55875680e-01
2.86406751e-01  3.06050494e-01  3.84008276e-01
5.49129222e-01  9.90425720e-01  7.62324686e-01
3.17778181e-01  3.16836541e-01  7.60748817e-01
9.15207729e-01  3.03259535e-01  5.32236684e-01
3.26220209e-01  6.64337706e-01  3.87749514e-01
3.21043181e-01  3.63355517e-01  3.10458196e-01
2.61887000e-01  5.25629220e-01  7.18797100e-01
8.62003207e-01  8.52846115e-01  4.16954499e-01
6.33720532e-01  2.73311835e-01  9.47298071e-01
9.77672036e-01  8.58319634e-01  7.07632121e-01
5.69335214e-01  8.62042712e-01  8.96413288e-01
3.45510261e-01  4.11088109e-01  1.00003518e+00
2.50153352e-01  3.79597492e-01  2.92672813e-01
8.50683945e-01  9.73140449e-01  3.18899503e-01
3.44085108e-01  7.05875474e-01  9.94440923e-01
5.48035750e-01  2.86534292e-01  2.50803306e-01
8.02605661e-01  8.59948923e-01  9.49636521e-01
2.63195668e-01  7.02918196e-01  8.65814789e-01
9.74794240e-01  5.30499322e-01  2.57721474e-01
8.54239610e-01  2.56694213e-01  3.56171327e-01
5.48265671e-01  3.39253738e-01  3.04197646e-01
3.30015014e-01  5.95216096e-01  7.90734477e-01
2.88512732e-01  9.05514808e-01  9.21954741e-01
2.57476632e-01  9.43846885e-01  2.74484636e-01
2.77822934e-01  6.60911598e-01  9.15836996e-01
8.28728038e-01  3.92095588e-01  8.78451338e-01
9.66678034e-01  8.79564075e-01  2.70047088e-01
9.88747796e-01  6.02202985e-01  3.34650994e-01
6.16157198e-01  3.06232532e-01  3.11878752e-01
4.35224288e-01  8.57813711e-01  7.80738701e-01
9.08486123e-01  3.38340588e-01  3.31630391e-01
8.95521733e-01  9.21957106e-01  3.44260845e-01
4.33333790e-01  9.49650747e-01  9.28769836e-01
9.57058368e-01  9.39917523e-01  4.51188713e-01
7.99889258e-01  9.89587274e-01  5.32388993e-01
8.07250798e-01  8.68727548e-01  9.90322241e-01
8.57135879e-01  5.70237418e-01  9.56378846e-01
7.86957091e-01  4.08427136e-01  9.66497522e-01
6.67976662e-01  3.19082259e-01  4.41253065e-01
3.70601012e-01  9.23885669e-01  3.11979039e-01
4.17236607e-01  2.81069126e-01  9.97830109e-01
8.65983855e-01  3.39536616e-01  7.25975735e-01
8.85823642e-01  9.03943164e-01  4.70915785e-01
9.60611513e-01  3.31138576e-01  5.79134696e-01
3.85935307e-01  3.77573820e-01  6.27682774e-01
5.08931483e-01  2.60320184e-01  3.12708932e-01
2.73990996e-01  9.24848634e-01  5.36089170e-01
2.82798809e-01  6.41457045e-01  9.52397109e-01
9.18479739e-01  6.49727459e-01  2.91083694e-01
8.43912844e-01  4.31695775e-01  9.63888648e-01
8.53475888e-01  9.25601814e-01  2.71670374e-01
9.01153127e-01  7.74657212e-01  3.95012366e-01
4.11957251e-01  5.18116155e-01  3.36139955e-01
9.07318534e-01  4.30165687e-01  8.77558031e-01
3.56060179e-01  8.65778969e-01  5.41663642e-01
2.75058344e-01  5.79410660e-01  4.90348318e-01
4.59901534e-01  3.66334539e-01  9.07992582e-01
5.04103943e-01  3.04879320e-01  8.44661323e-01
8.67179773e-01  4.45175256e-01  3.36628975e-01
5.20158621e-01  2.63684497e-01  4.44961170e-01
3.29172669e-01  3.98269556e-01  9.56819232e-01
8.69876169e-01  9.94110669e-01  3.64749987e-01
3.53903054e-01  7.98380498e-01  5.15556136e-01
6.25416106e-01  8.63648050e-01  9.65750044e-01
3.88989307e-01  3.83875624e-01  5.41906269e-01
8.18165221e-01  6.96596240e-01  3.85516475e-01
5.76774804e-01  2.56062389e-01  8.31237521e-01
8.54400491e-01  7.72491801e-01  9.78217301e-01
6.75890003e-01  4.27706625e-01  5.03362829e-01
9.21075625e-01  8.18954983e-01  3.68685740e-01
9.56643821e-01  9.38161065e-01  6.95691864e-01
5.14833854e-01  2.89594316e-01  7.01935206e-01
6.88417038e-01  9.22871787e-01  3.99182038e-01
2.93494436e-01  7.94928776e-01  3.99686165e-01
9.85621598e-01  3.40214495e-01  3.48198994e-01
8.48424534e-01  3.54711237e-01  4.03269653e-01
8.35253713e-01  9.27187322e-01  2.93004222e-01
3.28642888e-01  5.61460369e-01  2.64925540e-01
4.39901220e-01  3.48791932e-01  2.92498199e-01
9.54852529e-01  4.31194557e-01  4.39751886e-01
7.26313914e-01  4.86934850e-01  2.67651335e-01
4.40951423e-01  9.82514180e-01  4.65652560e-01
3.10782906e-01  7.04406134e-01  9.83910766e-01
3.37073878e-01  4.06310858e-01  3.20221937e-01
9.91016287e-01  6.62543485e-01  2.70337251e-01
3.49587711e-01  9.22456736e-01  4.73786794e-01
9.58202860e-01  7.77344022e-01  8.63700137e-01
9.17566154e-01  9.56115533e-01  6.75790921e-01
4.61442079e-01  2.81301863e-01  3.10232933e-01
5.79292566e-01  9.78985882e-01  8.86634006e-01
9.97284150e-01  9.04508082e-01  5.89120553e-01
4.42979517e-01  9.55107757e-01  2.63332943e-01
8.60470832e-01  7.85755327e-01  4.25785179e-01
8.13776275e-01  2.74625217e-01  8.60436917e-01
4.91901739e-01  5.29760876e-01  3.43809177e-01
9.92785852e-01  9.79645916e-01  4.70564372e-01
9.01515582e-01  4.34309673e-01  8.55348088e-01
8.78701744e-01  8.39588282e-01  4.97271030e-01
7.34061004e-01  2.69947669e-01  8.90436004e-01
9.90930744e-01  3.61785958e-01  8.51026706e-01
