9.61821370e-01  2.70563456e-01  5.03202979e-01  9.80354614e-01  2.34869687e-01  5.46061881e-01
8.14664293e-01  6.86243274e-01  7.25438742e-01  9.39904402e-01  5.67703866e-01  7.25920832e-01
8.25514107e-01  2.92580955e-01  9.54044522e-01  9.17553310e-01  1.72337964e-01  9.63823674e-01
8.51666434e-01  7.21259780e-01  5.75391458e-01  9.59113451e-01  7.13393621e-01  5.67878399e-01
7.90584879e-01  4.64135002e-01  9.57608285e-01  9.14195181e-01  2.65707704e-01  9.63036207e-01
8.99303250e-01  2.44964142e-01  7.34065297e-01  9.49198487e-01  1.54147425e-01  7.65197778e-01
8.24950849e-01  7.24190200e-01  6.64686375e-01  9.48153673e-01  6.22414331e-01  6.59928041e-01
7.98997396e-01  6.97587184e-01  7.71311374e-01  9.36164766e-01  4.84748857e-01  7.69743000e-01
8.22237294e-01  6.22097332e-01  7.42854084e-01  9.37985792e-01  5.22928267e-01  7.48933498e-01
8.66182662e-01  4.66280547e-01  6.97866791e-01  9.47952280e-01  3.90932611e-01  7.16571116e-01
8.36189661e-01  4.94916770e-01  7.81014548e-01  9.37661642e-01  3.44883675e-01  7.93586604e-01
8.88267206e-01  2.48537226e-01  7.69656767e-01  9.43671312e-01  1.68168222e-01  7.97813447e-01
8.53304745e-01  7.64467700e-01  5.40637179e-01  9.68231420e-01  6.65607705e-01  5.20823099e-01
8.25693300e-01  3.82972492e-01  8.92425575e-01  9.23493469e-01  2.59719045e-01  9.04827402e-01
7.94245271e-01  3.94766975e-01  9.91919275e-01  9.10117907e-01  2.33164893e-01  9.96970655e-01
7.97551625e-01  4.50966410e-01  9.42690837e-01  9.15061732e-01  2.97441279e-01  9.49889652e-01
9.27681688e-01  3.90757717e-01  5.38726314e-01  9.73562662e-01  3.29126950e-01  5.67086439e-01
9.26919609e-01  5.78915926e-01  4.14655793e-01  9.90446909e-01  5.37717767e-01  4.09433278e-01
9.36388440e-01  3.54355411e-01  5.33545891e-01  9.73944427e-01  3.20068426e-01  5.66803875e-01
7.69076943e-01  7.03882224e-01  8.69290143e-01  9.20367931e-01  4.93278934e-01  8.69025253e-01
7.93128954e-01  6.62769233e-01  8.14857637e-01  9.27172050e-01  5.25271415e-01  8.17732933e-01
8.73927209e-01  7.42386770e-01  4.85083600e-01  9.72112279e-01  7.88779486e-01  4.66479898e-01
8.38964626e-01  5.65075868e-01  7.24186210e-01  9.43781797e-01  4.31532594e-01  7.33612329e-01
8.68018956e-01  4.17719685e-01  7.24364328e-01  9.45738980e-01  3.30068765e-01  7.45320897e-01
8.03965525e-01  6.21438536e-01  8.05725776e-01  9.29112343e-01  5.00226959e-01  8.11276446e-01
8.28672048e-01  6.34641692e-01  7.12405409e-01  9.46472769e-01  4.38039851e-01  7.14796438e-01
7.70934665e-01  5.19670698e-01  9.87267100e-01  9.05770361e-01  3.72412812e-01  9.91558824e-01
9.08006409e-01  4.27728601e-01  5.80995326e-01  9.66360462e-01  3.62537808e-01  6.05291634e-01
9.50928142e-01  3.73894294e-01  4.70688767e-01  9.85203080e-01  2.99705086e-01  4.99461379e-01
8.93527120e-01  3.00942016e-01  7.16022634e-01  9.49596147e-01  2.26113455e-01  7.45438707e-01
7.86238266e-01  6.42860756e-01  8.51836144e-01  9.21407593e-01  5.19761128e-01  8.56024285e-01
8.14346451e-01  3.85929429e-01  9.29200411e-01  9.19396817e-01  2.28853770e-01  9.38484650e-01
9.55032304e-01  4.23140776e-01  4.23435444e-01  9.89339146e-01  4.15613806e-01  4.45218018e-01
8.69491941e-01  3.38601876e-01  7.72725051e-01  9.41500246e-01  2.34268053e-01  7.95416112e-01
9.25671064e-01  4.89133455e-01  4.79209706e-01  9.81371203e-01  4.27590172e-01  4.93459491e-01
9.17800501e-01  5.23812149e-01  4.82695999e-01  9.76775899e-01  5.43334047e-01  4.95257270e-01
8.78620310e-01  6.83713084e-01  5.08942367e-01  9.69394183e-01  7.16703256e-01  5.01664506e-01
8.39581477e-01  5.01527724e-01  7.64964862e-01  9.40323244e-01  3.41252785e-01  7.77383197e-01
8.32260460e-01  7.01527699e-01  6.55007827e-01  9.53638336e-01  5.17917714e-01  6.49736576e-01
8.12149610e-01  3.34472144e-01  9.71435582e-01  9.12639147e-01  2.38028879e-01  9.79635732e-01
9.06524776e-01  6.19591040e-01  4.56584332e-01  9.77935572e-01  6.83513930e-01  4.54300522e-01
9.15979523e-01  5.99269480e-01  4.37997354e-01  9.81880778e-01  6.52942344e-01  4.36306647e-01
8.18663016e-01  4.77144337e-01  8.52890687e-01  9.27254291e-01  3.30787002e-01  8.63710971e-01
8.13725126e-01  5.14237800e-01  8.44729133e-01  9.29430955e-01  3.16181506e-01  8.53242118e-01
8.30855758e-01  8.11400022e-01  5.85660747e-01  9.61131738e-01  6.77310410e-01  5.63561305e-01
8.06666363e-01  6.69695658e-01  7.63931104e-01  9.33953488e-01  5.57535213e-01  7.66521563e-01
8.54015463e-01  5.11601952e-01  7.08851744e-01  9.47638572e-01  3.75100520e-01  7.22368955e-01
8.90590525e-01  6.65461318e-01  4.80066762e-01  9.73048470e-01  7.33877892e-01  4.73602977e-01
8.51202953e-01  4.83348278e-01  7.37528095e-01  9.45053816e-01  3.21249242e-01  7.51824444e-01
8.49590563e-01  7.94057130e-01  5.33358220e-01  9.66617644e-01  7.52784246e-01  5.10328579e-01
8.37961170e-01  8.08635416e-01  5.63250837e-01  9.61368615e-01  7.62134994e-01  5.41759275e-01
9.34633141e-01  4.58033456e-01  4.69578883e-01  9.80145721e-01  4.73921638e-01  4.90241118e-01
7.99367973e-01  5.54832906e-01  8.66386350e-01  9.25608844e-01  3.39250056e-01  8.72241323e-01
7.92784593e-01  7.21216336e-01  7.76591707e-01  9.35158084e-01  4.96993430e-01  7.73271958e-01
7.81577440e-01  6.35935235e-01  8.72435642e-01  9.20781543e-01  4.54575381e-01  8.75627227e-01
8.56671207e-01  7.85154127e-01  5.15175733e-01  9.66277652e-01  8.29910344e-01  4.94067405e-01
8.42594845e-01  8.37376020e-01  5.28025728e-01  9.68121748e-01  7.69197435e-01  4.96756854e-01
9.07975474e-01  4.91403064e-01  5.38132276e-01  9.72936726e-01  4.00848667e-01  5.53951418e-01
8.17901723e-01  6.96774456e-01  7.07271505e-01  9.43917699e-01  5.45390917e-01  7.05515034e-01
7.59599119e-01  6.94608074e-01  9.07932611e-01  9.15507267e-01  4.60824437e-01  9.07962837e-01
8.29003615e-01  5.18302910e-01  7.89783240e-01  9.34176928e-01  4.04921541e-01  8.01581443e-01
7.93856091e-01  4.13991307e-01  9.80273375e-01  9.10314320e-01  2.72996437e-01  9.86185992e-01
7.86997165e-01  6.74693761e-01  8.28059219e-01  9.27482951e-01  4.72277413e-01  8.28927599e-01
8.28965733e-01  3.19777125e-01  9.23895119e-01  9.20355205e-01  2.13841156e-01  9.35927290e-01
8.47794391e-01  4.19500840e-01  7.92261123e-01  9.37241601e-01  2.91694089e-01  8.08999516e-01
8.82473914e-01  6.13728474e-01  5.43004257e-01  9.66353746e-01  6.09532085e-01  5.46791544e-01
8.18199027e-01  6.19347802e-01  7.58507957e-01  9.39475389e-01  4.25877795e-01  7.62585829e-01
9.29931737e-01  3.12590252e-01  5.83788346e-01  9.68204159e-01  2.53277357e-01  6.19592198e-01
8.50473062e-01  6.39098662e-01  6.34913984e-01  9.54886869e-01  5.36190529e-01  6.37359261e-01
8.66100414e-01  5.28472551e-01  6.56178268e-01  9.53071187e-01  4.47610487e-01  6.70185909e-01
7.95529354e-01  4.06574843e-01  9.79562065e-01  9.11634039e-01  2.41720974e-01  9.85199824e-01
9.51396416e-01  3.48129443e-01  4.86475232e-01  9.81129461e-01  3.21059631e-01  5.20482888e-01
8.18014115e-01  7.84015580e-01  6.48012993e-01  9.49687725e-01  6.81409393e-01  6.35982038e-01
8.58098879e-01  3.98933408e-01  7.70935113e-01  9.40735018e-01  2.77311197e-01  7.90031809e-01
8.35075200e-01  2.23164830e-01  9.68226190e-01  9.17072515e-01  1.25932011e-01  9.78004513e-01
7.91492406e-01  4.40708833e-01  9.70317864e-01  9.12134372e-01  2.67187606e-01  9.75900803e-01
8.85995980e-01  6.52230764e-01  5.04691773e-01  9.72818406e-01  6.31273514e-01  4.99612579e-01
8.43216043e-01  6.76838732e-01  6.34239153e-01  9.55637811e-01  5.39446596e-01  6.31764182e-01
7.87801128e-01  7.24258678e-01  7.91564580e-01  9.31685757e-01  5.24333286e-01  7.89006083e-01
7.89957175e-01  6.52562358e-01  8.32584595e-01  9.28737389e-01  4.15572218e-01  8.33924161e-01
9.67876927e-01  3.44436001e-01  4.32665355e-01  9.89686015e-01  3.20624472e-01  4.65706389e-01
8.41503973e-01  8.75657133e-01  5.05919352e-01  9.69508581e-01  8.58044612e-01  4.66617438e-01
8.89001739e-01  4.97383285e-01  5.98917596e-01  9.61286683e-01  4.51056380e-01  6.16668271e-01
9.03305278e-01  5.66486913e-01  5.03419182e-01  9.76808807e-01  4.88309494e-01  5.08203272e-01
7.54726085e-01  5.88225275e-01  9.96380507e-01  9.02331665e-01  4.31263236e-01  9.99542684e-01
8.20999789e-01  3.31194294e-01  9.43408233e-01  9.17928482e-01  2.06143531e-01  9.53333442e-01
8.13855904e-01  3.32715598e-01  9.66790951e-01  9.13588947e-01  2.30770841e-01  9.75279089e-01
7.86309216e-01  4.69809027e-01  9.68386733e-01  9.09405901e-01  3.46196647e-01  9.74508641e-01
8.24587407e-01  7.14019515e-01  6.72791589e-01  9.46837961e-01  6.17416402e-01  6.69562038e-01
8.11493848e-01  4.35077787e-01  9.05776123e-01  9.20522711e-01  2.94550009e-01  9.15553348e-01
8.66568957e-01  3.14743823e-01  7.98812338e-01  9.37714365e-01  2.27849498e-01  8.21233794e-01
8.04528766e-01  6.90937235e-01  7.57197150e-01  9.34313258e-01  5.84455478e-01  7.58293638e-01
8.55103248e-01  4.85018659e-01  7.23075596e-01  9.47739405e-01  3.09911444e-01  7.37310132e-01
9.04695339e-01  5.38622981e-01  5.17473017e-01  9.72261958e-01  5.23339336e-01  5.28990080e-01
8.95423879e-01  5.95086032e-01  5.11343488e-01  9.75891553e-01  4.98370123e-01  5.12197580e-01
9.15221943e-01  5.13969270e-01  4.98445720e-01  9.79257635e-01  4.19783622e-01  5.09399069e-01
7.73299539e-01  6.82349038e-01  8.69395698e-01  9.21902170e-01  4.49662872e-01  8.69614078e-01
9.05404140e-01  4.75662502e-01  5.57836723e-01  9.69554637e-01  3.99659778e-01  5.76444860e-01
7.80191033e-01  8.83507338e-01  7.10095320e-01  9.42429433e-01  6.52508209e-01  6.89447059e-01
7.39411871e-01  6.84194225e-01  9.83937043e-01  9.05246247e-01  4.17383382e-01  9.84166868e-01
8.62202157e-01  6.99439249e-01  5.54122711e-01  9.64580565e-01  6.56344607e-01  5.46454172e-01
8.99932339e-01  3.85821246e-01  6.36859837e-01  9.59285366e-01  3.07723194e-01  6.63777889e-01
8.60237176e-01  4.53958257e-01  7.26495996e-01  9.46515725e-01  3.16015417e-01  7.43699255e-01
9.03354217e-01  3.61712175e-01  6.41438733e-01  9.58710559e-01  2.94808744e-01  6.70552743e-01
7.78317322e-01  7.12518051e-01  8.31891018e-01  9.26653781e-01  4.86519921e-01  8.30323438e-01
7.62073920e-01  6.18025135e-01  9.51162403e-01  9.10364348e-01  4.07755731e-01  9.53640505e-01
9.05201999e-01  2.76704963e-01  6.92492218e-01  9.54583536e-01  1.79583435e-01  7.24575784e-01
9.04295525e-01  5.98199170e-01  4.78635954e-01  9.77927864e-01  5.80685991e-01  4.78937385e-01
8.40071952e-01  7.06473542e-01  6.25279471e-01  9.53974027e-01  6.31525252e-01  6.20934922e-01
7.77307995e-01  6.37533198e-01  8.85945574e-01  9.20546492e-01  4.08874492e-01  8.88063024e-01
8.88511854e-01  6.20662200e-01  5.17399587e-01  9.69806476e-01  6.31193032e-01  5.18949938e-01
7.80833805e-01  6.56185182e-01  8.61309761e-01  9.21280818e-01  4.89863201e-01  8.63986690e-01
8.42409523e-01  2.80994614e-01  9.04433303e-01  9.25205358e-01  1.58115268e-01  9.18659866e-01
8.04853872e-01  6.69864269e-01  7.70010404e-01  9.34642817e-01  5.17314501e-01  7.71717743e-01
8.21414968e-01  4.41273823e-01  8.67994897e-01  9.26877220e-01  2.78616942e-01  8.79121433e-01
8.09294454e-01  6.98284473e-01  7.35660371e-01  9.42040030e-01  4.80788608e-01  7.33005957e-01
8.73976721e-01  6.72599021e-01  5.32008533e-01  9.65609173e-01  7.04016806e-01  5.28457752e-01
8.16196309e-01  7.83088579e-01  6.55147205e-01  9.49696158e-01  6.54125872e-01  6.42968681e-01
7.44793250e-01  7.05191159e-01  9.51378498e-01  9.08991958e-01  4.54697686e-01  9.51218222e-01
8.90900579e-01  3.40548832e-01  6.98268003e-01  9.51955459e-01  2.45685011e-01  7.25626139e-01
7.70016643e-01  5.96289254e-01  9.38692174e-01  9.10190068e-01  4.56453436e-01  9.43113501e-01
8.12377941e-01  9.12933482e-01  5.80270424e-01  9.58841918e-01  8.16992803e-01  5.44847920e-01
9.03345357e-01  2.27899232e-01  7.31771265e-01  9.48977877e-01  1.62252925e-01  7.64674598e-01
8.07060616e-01  5.46877204e-01  8.45471121e-01  9.26822851e-01  3.85930862e-01  8.53292112e-01
9.27879439e-01  5.68269058e-01  4.18263319e-01  9.87643530e-01  5.77592440e-01  4.17362378e-01
8.63764662e-01  5.95946437e-01  6.18624419e-01  9.56697175e-01  5.34487062e-01  6.26155423e-01
8.15848114e-01  7.10139160e-01  7.05269449e-01  9.46640123e-01  4.92989479e-01  7.00583574e-01
7.93106773e-01  6.53936788e-01  8.20894833e-01  9.28056057e-01  4.77725093e-01  8.23432189e-01
9.07627873e-01  5.21755958e-01  5.18836830e-01  9.73688707e-01  4.74500727e-01  5.31517064e-01
9.39568181e-01  2.82206818e-01  5.71370041e-01  9.69808752e-01  2.45441164e-01  6.11174220e-01
8.45435029e-01  1.76576926e-01  9.64270685e-01  9.17736440e-01  1.17969526e-01  9.75650004e-01
8.45539559e-01  7.08206079e-01  6.05133285e-01  9.59750454e-01  5.72451154e-01  5.97494120e-01
8.47120833e-01  5.27172031e-01  7.21899679e-01  9.44757004e-01  4.02287905e-01  7.34350315e-01
8.08082797e-01  8.59444734e-01  6.31041060e-01  9.53601710e-01  6.97213450e-01  6.07099037e-01
7.40836801e-01  7.57338275e-01  9.29703291e-01  9.12147615e-01  4.70817781e-01  9.27122515e-01
9.61780871e-01  4.18846901e-01  4.03278046e-01  9.93442770e-01  3.96503337e-01  4.23467583e-01
9.80777036e-01  2.46453391e-01  4.54714501e-01  9.87636786e-01  2.26867528e-01  5.01268359e-01
9.06570599e-01  3.42005390e-01  6.43749626e-01  9.61098685e-01  2.20661484e-01  6.72965272e-01
8.97462354e-01  4.77112003e-01  5.83693139e-01  9.67431207e-01  3.51495310e-01  6.01064378e-01
8.14146570e-01  7.80576775e-01  6.63548088e-01  9.51406638e-01  5.76094104e-01  6.50139613e-01
9.30823676e-01  5.16255435e-01  4.43304238e-01  9.83035303e-01  5.46967211e-01  4.54241650e-01
8.71580761e-01  6.91898909e-01  5.27170047e-01  9.66318384e-01  7.18787792e-01  5.20377021e-01
8.62313764e-01  5.02659652e-01  6.86535613e-01  9.51993010e-01  3.49205532e-01  7.00631624e-01
8.57884440e-01  5.11677213e-01  6.95581919e-01  9.47305119e-01  4.32671298e-01  7.10741509e-01
8.36272417e-01  9.40133582e-01  4.80281978e-01  9.71478972e-01  9.73864874e-01  4.26285675e-01
9.02193910e-01  5.06875521e-01  5.47442784e-01  9.69785864e-01  4.48518478e-01  5.62762169e-01
8.25204909e-01  8.79887697e-01  5.58748340e-01  9.61605608e-01  8.21220315e-01  5.26111114e-01
8.78397112e-01  4.48282845e-01  6.68282654e-01  9.54645873e-01  3.30670222e-01  6.88048365e-01
9.17453504e-01  2.97395645e-01  6.36672482e-01  9.60631548e-01  2.39060037e-01  6.71562076e-01
8.02772010e-01  6.06253844e-01  8.20051484e-01  9.27935075e-01  4.70257845e-01  8.25993770e-01
7.91543790e-01  8.57361615e-01  6.88952532e-01  9.45671898e-01  6.48540618e-01  6.69598746e-01
8.86566257e-01  2.92454454e-01  7.45532836e-01  9.46942273e-01  1.83707830e-01  7.72600714e-01
8.15065415e-01  6.16321127e-01  7.71256665e-01  9.37399028e-01  4.26905860e-01  7.75657829e-01
8.68838013e-01  3.33890026e-01  7.78437018e-01  9.40906489e-01  2.29187771e-01  8.00956110e-01
8.10311285e-01  3.30226753e-01  9.80583007e-01  9.12780121e-01  2.01053350e-01  9.87573337e-01
7.75284894e-01  5.43557109e-01  9.56282380e-01  9.11848398e-01  3.40265669e-01  9.60260168e-01
8.69353571e-01  2.65263330e-01  8.22691467e-01  9.35990020e-01  1.73646195e-01  8.45255072e-01
7.57842230e-01  6.62127287e-01  9.35855731e-01  9.10095648e-01  4.80690201e-01  9.37923479e-01
7.67109797e-01  7.63581157e-01  8.35721777e-01  9.24173139e-01  5.47285457e-01  8.31704105e-01
8.14180433e-01  3.61469292e-01  9.46276352e-01  9.17793801e-01  2.03341218e-01  9.54867410e-01
8.59664742e-01  3.24465797e-01  8.15840275e-01  9.34856449e-01  2.40263957e-01  8.36596114e-01
9.65726441e-01  2.39716190e-01  5.10678237e-01  9.80074699e-01  1.98210645e-01  5.56622927e-01
8.21009243e-01  5.71199534e-01  7.81400260e-01  9.37734337e-01  3.65449378e-01  7.88202634e-01
8.44164878e-01  5.75347485e-01  6.99785701e-01  9.47468090e-01  4.40284237e-01  7.08392616e-01
9.40390625e-01  2.98330191e-01  5.57679962e-01  9.71784836e-01  2.55209593e-01  5.96164002e-01
8.64127218e-01  7.26171016e-01  5.29805195e-01  9.71903334e-01  6.01014308e-01  5.13233880e-01
8.51788625e-01  6.72721697e-01  6.07729249e-01  9.57062448e-01  6.07243579e-01  6.06415370e-01
8.29084476e-01  7.68714500e-01  6.20517431e-01  9.54434953e-01  6.70380429e-01  6.08170891e-01
8.55095076e-01  2.95464680e-01  8.51025590e-01  9.30835815e-01  2.08037653e-01  8.70090898e-01
8.30604881e-01  7.85947609e-01  6.03694181e-01  9.59656348e-01  6.23700940e-01  5.85843103e-01
8.20492349e-01  8.13294679e-01  6.19787647e-01  9.53750648e-01  7.14067613e-01  6.02113691e-01
9.20058186e-01  2.31471595e-01  6.72261374e-01  9.56632057e-01  1.84757943e-01  7.10199288e-01
7.97988875e-01  5.85281702e-01  8.50548419e-01  9.26190863e-01  3.92004898e-01  8.55893294e-01
7.43942666e-01  7.54778664e-01  9.20818691e-01  9.13390747e-01  4.74725715e-01  9.18214373e-01
8.49031518e-01  6.85484708e-01  6.08535627e-01  9.55804404e-01  6.40810473e-01  6.06458003e-01
8.03635949e-01  3.74498624e-01  9.73510857e-01  9.11254544e-01  2.69746152e-01  9.80932420e-01
8.48135260e-01  2.22116701e-01  9.24606000e-01  9.22072160e-01  1.55922311e-01  9.39281141e-01
7.44501127e-01  7.23708515e-01  9.39879377e-01  9.10604780e-01  4.62857025e-01  9.38922159e-01
8.65215317e-01  8.11656495e-01  4.68101749e-01  9.71986083e-01  9.13793978e-01  4.37396826e-01
8.64611367e-01  4.70740625e-01  7.00226449e-01  9.51225807e-01  3.04451612e-01  7.16253921e-01
8.26608041e-01  2.94329772e-01  9.49125816e-01  9.17099087e-01  2.01457055e-01  9.59774019e-01
7.66445778e-01  5.55095736e-01  9.78695477e-01  9.05387824e-01  4.18453760e-01  9.83002846e-01
8.34179215e-01  7.24750090e-01  6.32780222e-01  9.53043278e-01  6.31518919e-01  6.26389379e-01
8.70305446e-01  4.00277379e-01  7.28323803e-01  9.46699904e-01  2.86252158e-01  7.49634906e-01
8.04377310e-01  5.59059112e-01  8.46715846e-01  9.26703292e-01  3.89372938e-01  8.53752712e-01
7.71953178e-01  7.95392794e-01  7.98003031e-01  9.29620172e-01  5.75465413e-01  7.90544896e-01
9.37649659e-01  3.65734529e-01  5.21558391e-01  9.75980005e-01  3.22136374e-01  5.53253416e-01
9.04796191e-01  4.16177503e-01  5.99757959e-01  9.65368498e-01  3.11226237e-01  6.23923404e-01
8.82401844e-01  4.77117174e-01  6.35142047e-01  9.57971528e-01  3.85564291e-01  6.53591658e-01
7.96753535e-01  6.94585314e-01  7.81002575e-01  9.32285355e-01  5.40863445e-01  7.81207553e-01
8.11059613e-01  5.51781944e-01  8.28497219e-01  9.27825993e-01  4.26093363e-01  8.37254127e-01
9.70884927e-01  2.49872474e-01  4.86201646e-01  9.83283891e-01  2.16288656e-01  5.31716826e-01
8.41278173e-01  3.20682604e-01  8.81215629e-01  9.27699259e-01  1.83677257e-01  8.96034293e-01
8.24381320e-01  4.18488633e-01  8.72938269e-01  9.24553185e-01  3.11193585e-01  8.85721442e-01
8.00914827e-01  5.68883438e-01  8.51617940e-01  9.25799597e-01  3.93552964e-01  8.58032742e-01
8.32387603e-01  3.91010864e-01  8.64127800e-01  9.27199769e-01  2.71765586e-01  8.78174079e-01
7.84808851e-01  5.46137524e-01  9.21999671e-01  9.17677241e-01  3.24775837e-01  9.26576886e-01
8.86569181e-01  7.18579146e-01  4.58258101e-01  9.75353883e-01  8.09432653e-01  4.41267159e-01
9.14397176e-01  4.24745479e-01  5.61175208e-01  9.69396578e-01  3.62348855e-01  5.85863435e-01
9.35108835e-01  2.71508173e-01  5.93824508e-01  9.67074338e-01  2.25756794e-01  6.33419401e-01
8.24181127e-01  4.79997229e-01  8.32111267e-01  9.29088010e-01  3.62835654e-01  8.44285767e-01
7.95848825e-01  8.38587255e-01  6.87211692e-01  9.45159489e-01  6.60964729e-01  6.70431314e-01
8.66901428e-01  5.24307791e-01  6.56252779e-01  9.55412210e-01  3.89079825e-01  6.69166357e-01
7.88754297e-01  7.50083424e-01  7.71178186e-01  9.35386809e-01  5.25024088e-01  7.65619034e-01
8.78113320e-01  7.08920363e-01  4.93366221e-01  9.71801042e-01  7.38652479e-01  4.80462116e-01
8.18734985e-01  3.85982435e-01  9.14168781e-01  9.19360956e-01  2.84316667e-01  9.25452098e-01
9.23045726e-01  3.90096581e-01  5.55308763e-01  9.73053384e-01  2.81347537e-01  5.82294457e-01
8.89139269e-01  6.41996963e-01  5.01157042e-01  9.73090128e-01  6.34360025e-01  4.97648572e-01
7.55946354e-01  6.67547304e-01  9.38676451e-01  9.11409602e-01  4.37918255e-01  9.39723397e-01
8.75356725e-01  2.42392622e-01  8.17615605e-01  9.37089324e-01  1.58845112e-01  8.41743310e-01
7.84158956e-01  7.39137733e-01  7.94265099e-01  9.31188429e-01  5.32965777e-01  7.90648569e-01
8.61207447e-01  4.47985309e-01  7.27212046e-01  9.46961377e-01  3.00425029e-01  7.44568798e-01
8.53380437e-01  5.97509908e-01  6.53047419e-01  9.55665275e-01  4.27920802e-01  6.58255667e-01
9.36605982e-01  4.18598695e-01  4.89450338e-01  9.79640819e-01  3.85930997e-01  5.14519214e-01
9.57841876e-01  4.11253703e-01  4.21858585e-01  9.88552316e-01  4.31955254e-01  4.46357181e-01
9.57579205e-01  4.57653996e-01  3.91444707e-01  9.94370312e-01  4.49712173e-01  4.04795625e-01
8.35270985e-01  2.13159088e-01  9.74310434e-01  9.16313015e-01  1.22509351e-01  9.83694568e-01
8.02050841e-01  8.29986975e-01  6.71528529e-01  9.48040731e-01  6.49137685e-01  6.54262419e-01
7.80016748e-01  5.84431283e-01  9.12528267e-01  9.17239560e-01  3.78492199e-01  9.16539319e-01
7.87938948e-01  5.71602972e-01  8.94414574e-01  9.17818980e-01  4.32377414e-01  9.00454394e-01
8.74270308e-01  5.67103918e-01  6.02196843e-01  9.60806266e-01  4.84810783e-01  6.11678409e-01
8.74338466e-01  7.31737989e-01  4.90865111e-01  9.76546819e-01  6.54412912e-01  4.70166146e-01
9.16563612e-01  5.03375166e-01  5.01011195e-01  9.78831037e-01  4.13394835e-01  5.13662863e-01
9.74240024e-01  3.18843505e-01  4.28495180e-01  9.90825899e-01  2.95552745e-01  4.64907108e-01
9.64131877e-01  2.95165794e-01  4.78707698e-01  9.84346419e-01  2.43912921e-01  5.18296554e-01
8.68097222e-01  2.88186649e-01  8.11513474e-01  9.36632420e-01  2.02736883e-01  8.34178443e-01
8.92109172e-01  6.20830493e-01  5.04996354e-01  9.71613405e-01  6.38040489e-01  5.05723224e-01
8.61995446e-01  2.22577232e-01  8.76937845e-01  9.29043914e-01  1.48897037e-01  8.96243107e-01
7.65653955e-01  6.63954409e-01  9.07932209e-01  9.15199448e-01  4.62271004e-01  9.09591333e-01
8.43390560e-01  7.06058783e-01  6.13923569e-01  9.55134679e-01  6.46438347e-01  6.09407842e-01
8.93857341e-01  3.25274793e-01  6.98473941e-01  9.52503079e-01  2.26167619e-01  7.26780677e-01
7.61832041e-01  6.36315404e-01  9.39645345e-01  9.13047845e-01  3.88108461e-01  9.41126202e-01
7.57799192e-01  6.42067993e-01  9.49540961e-01  9.08649702e-01  4.60488964e-01  9.52028693e-01
7.91731837e-01  4.61586958e-01  9.55407594e-01  9.11576659e-01  3.38978578e-01  9.62310962e-01
7.99428905e-01  3.85230223e-01  9.80643515e-01  9.11368099e-01  2.42095953e-01  9.86815959e-01
8.47950934e-01  2.97337881e-01  8.74171138e-01  9.28065420e-01  1.95114243e-01  8.90950839e-01
8.84764456e-01  6.92991468e-01  4.81392797e-01  9.73459374e-01  7.37957985e-01  4.69991899e-01
8.93193969e-01  5.91257345e-01  5.21247326e-01  9.73689820e-01  5.06716998e-01  5.23806562e-01
9.89523966e-01  3.31675690e-01  3.67323912e-01  9.99192457e-01  3.42966702e-01  3.99391320e-01
8.24775062e-01  3.82396140e-01  8.95951527e-01  9.22042282e-01  2.82925028e-01  9.08586419e-01
7.99415612e-01  8.54345030e-01  6.64093656e-01  9.47953094e-01  6.93819613e-01  6.44140342e-01
9.07092064e-01  6.61384193e-01  4.26443839e-01  9.83602026e-01  7.06717229e-01  4.12408642e-01
8.11306846e-01  3.82175725e-01  9.42119389e-01  9.17014462e-01  2.40797573e-01  9.50909453e-01
9.09620434e-01  6.50109195e-01  4.25414502e-01  9.80706878e-01  7.68786574e-01  4.16136127e-01
8.53254223e-01  4.28779007e-01  7.67345207e-01  9.39399990e-01  3.32160303e-01  7.85479197e-01
8.59395803e-01  3.18502764e-01  8.20784221e-01  9.36079978e-01  1.91009822e-01  8.40526040e-01
7.61249224e-01  6.01715384e-01  9.64987129e-01  9.07015235e-01  4.35979773e-01  9.68373313e-01
8.10638944e-01  4.81444638e-01  8.77404714e-01  9.24278184e-01  3.14854813e-01  8.86609829e-01
8.67923303e-01  4.01245367e-01  7.35808755e-01  9.44320534e-01  3.17515938e-01  7.57420450e-01
8.79493963e-01  6.55249839e-01  5.24867318e-01  9.67333543e-01  6.81158034e-01  5.22863705e-01
8.31476512e-01  3.30973254e-01  9.07759775e-01  9.22142393e-01  2.28849441e-01  9.20875099e-01
8.86312122e-01  6.94640169e-01  4.74992857e-01  9.73942003e-01  7.54048140e-01  4.63049036e-01
8.05599977e-01  7.54416212e-01  7.10400925e-01  9.41391936e-01  6.18726847e-01  7.04179285e-01
8.40523825e-01  6.53614057e-01  6.59109257e-01  9.49826835e-01  5.70863351e-01  6.61523178e-01
8.45875849e-01  5.97552054e-01  6.78657250e-01  9.48599452e-01  5.00366388e-01  6.86252582e-01
9.20704910e-01  5.11966316e-01  4.80767589e-01  9.79656643e-01  4.76011490e-01  4.92878274e-01
8.32097048e-01  3.09862933e-01  9.19887373e-01  9.21614384e-01  1.95212839e-01  9.32305192e-01
8.18848172e-01  3.97051904e-01  9.06312247e-01  9.22404348e-01  2.38989179e-01  9.16770198e-01
8.88261348e-01  5.96904468e-01  5.34287940e-01  9.70375716e-01  5.36932065e-01  5.37837977e-01
8.73019513e-01  6.07744394e-01  5.79045363e-01  9.66870895e-01  4.51118163e-01  5.80836829e-01
8.63613544e-01  3.78018511e-01  7.66208344e-01  9.41546331e-01  2.68188233e-01  7.87009501e-01
8.26520916e-01  9.74876063e-01  4.90151750e-01  9.71188190e-01  9.64997419e-01  4.30271001e-01
8.24443446e-01  9.49967631e-01  5.14057860e-01  9.66743661e-01  9.42568671e-01  4.64140456e-01
9.41962358e-01  4.25380356e-01  4.66575061e-01  9.84210267e-01  3.70068064e-01  4.89004430e-01
8.42880645e-01  2.65032384e-01  9.13297877e-01  9.22616053e-01  1.86521222e-01  9.27958714e-01
8.45209255e-01  5.21106757e-01  7.32523386e-01  9.42150377e-01  4.23906770e-01  7.45899753e-01
7.92085513e-01  6.13989910e-01  8.51342549e-01  9.22747164e-01  4.81242469e-01  8.56642824e-01
8.38211031e-01  6.01962792e-01  7.01867589e-01  9.45563392e-01  4.87231233e-01  7.08866635e-01
8.13150867e-01  4.37109903e-01  8.98742743e-01  9.20962863e-01  3.09756725e-01  9.09093849e-01
7.96729257e-01  6.40829873e-01  8.17363250e-01  9.28079434e-01  4.86894283e-01  8.21089706e-01
8.02440905e-01  4.08715261e-01  9.54500538e-01  9.13463402e-01  2.88041918e-01  9.62389311e-01
8.37676706e-01  4.01670117e-01  8.38862887e-01  9.30697794e-01  2.79122256e-01  8.53978213e-01
8.02973585e-01  5.82681592e-01  8.35271687e-01  9.27711566e-01  4.11629087e-01  8.41446786e-01
9.04147660e-01  2.81750339e-01  6.92689319e-01  9.53893151e-01  1.97465687e-01  7.24727935e-01
9.09274721e-01  5.38393885e-01  5.01982862e-01  9.74065822e-01  5.40876584e-01  5.13226940e-01
7.58528976e-01  5.69762927e-01  9.95848352e-01  9.05510738e-01  3.51666477e-01  9.98185112e-01
7.95414113e-01  5.43204639e-01  8.87742934e-01  9.21892897e-01  3.48430290e-01  8.93880671e-01
9.22787653e-01  4.02400166e-01  5.47887706e-01  9.73924860e-01  2.94554570e-01  5.73546899e-01
8.57688637e-01  4.93673044e-01  7.08401099e-01  9.46557324e-01  3.96259575e-01  7.24244561e-01
9.29741412e-01  2.96023725e-01  5.95618083e-01  9.66980750e-01  2.32502048e-01  6.32406765e-01
7.62035657e-01  7.42776612e-01  8.67099821e-01  9.21541000e-01  4.82600005e-01  8.64054626e-01
8.41970169e-01  7.46067711e-01  5.91777518e-01  9.60898756e-01  6.19674698e-01  5.78837166e-01
8.20075485e-01  5.30861046e-01  8.11813631e-01  9.34081565e-01  3.28783188e-01  8.20399376e-01
8.06290254e-01  3.74632657e-01  9.64351714e-01  9.14479059e-01  2.22343140e-01  9.71584991e-01
9.29570356e-01  4.01122130e-01  5.25279903e-01  9.75465780e-01  3.39680246e-01  5.52356601e-01
7.47567890e-01  7.41232488e-01  9.17574525e-01  9.14361198e-01  4.60786495e-01  9.15322961e-01
7.59538964e-01  7.01491326e-01  9.03492788e-01  9.16197776e-01  4.62453206e-01  9.03144327e-01
9.72093620e-01  3.86057821e-01  3.90173180e-01  9.95313172e-01  3.81665235e-01  4.15019111e-01
7.61202649e-01  8.06558033e-01  8.26901180e-01  9.25966449e-01  5.51161592e-01  8.19274807e-01
8.38641008e-01  7.76858371e-01  5.82372247e-01  9.58610789e-01  7.29774471e-01  5.67185508e-01
7.76070127e-01  5.55229761e-01  9.46018413e-01  9.11348086e-01  3.95454204e-01  9.50789073e-01
8.68051554e-01  5.64385798e-01  6.25277416e-01  9.59398982e-01  4.28945045e-01  6.34062995e-01
8.72699876e-01  5.09608746e-01  6.46362492e-01  9.58408091e-01  3.47592849e-01  6.59871158e-01
7.74311627e-01  5.03906164e-01  9.86369204e-01  9.08314119e-01  3.10318122e-01  9.90091097e-01
9.65676745e-01  2.90916556e-01  4.76297439e-01  9.85107455e-01  2.32477328e-01  5.16149771e-01
9.27516953e-01  4.46623965e-01  5.01589366e-01  9.76300837e-01  4.34910488e-01  5.24229768e-01
9.23003602e-01  2.77825232e-01  6.30918093e-01  9.63060158e-01  1.92938519e-01  6.67013517e-01
7.59540649e-01  5.85366049e-01  9.81859346e-01  9.04314970e-01  4.36859486e-01  9.85483069e-01
8.43751802e-01  2.43791981e-01  9.24656724e-01  9.21581692e-01  1.69041003e-01  9.38773248e-01
9.49895006e-01  2.75656403e-01  5.40510467e-01  9.74766720e-01  2.35003946e-01  5.81869948e-01
8.58379468e-01  6.00815062e-01  6.33737910e-01  9.58077371e-01  4.45707145e-01  6.38531623e-01
8.22381417e-01  3.78413208e-01  9.06818464e-01  9.21249336e-01  2.62625382e-01  9.18526640e-01
8.28802782e-01  7.05934329e-01  6.63846941e-01  9.51562819e-01  5.35106633e-01  6.58938670e-01
8.03155551e-01  3.76572471e-01  9.73752675e-01  9.11272837e-01  2.68644272e-01  9.81078574e-01
8.43176530e-01  7.13617547e-01  6.09554063e-01  9.56559938e-01  6.33802809e-01  6.03287703e-01
8.10852083e-01  4.03176283e-01  9.29499685e-01  9.18387105e-01  2.55628800e-01  9.38558533e-01
8.46613743e-01  5.75721794e-01  6.90868231e-01  9.47266488e-01  4.77043547e-01  7.00379076e-01
7.91814501e-01  5.81325301e-01  8.74313429e-01  9.20453888e-01  4.42992465e-01  8.80498611e-01
8.80346886e-01  5.45908510e-01  5.95740644e-01  9.64835934e-01  4.02550562e-01  6.05502136e-01
7.73420754e-01  5.23047561e-01  9.76493374e-01  9.07582048e-01  3.68013669e-01  9.80990187e-01
7.94171432e-01  4.42290633e-01  9.60095523e-01  9.11825116e-01  3.12873478e-01  9.66959728e-01
8.30269630e-01  6.19884081e-01  7.16905000e-01  9.41881737e-01  5.26336964e-01  7.23129828e-01
8.10554177e-01  6.84450404e-01  7.40691865e-01  9.40034560e-01  5.04643692e-01  7.40164852e-01
8.57204552e-01  2.57622371e-01  8.69357763e-01  9.29904782e-01  1.58658879e-01  8.87870273e-01
9.02592863e-01  2.45552640e-01  7.22428637e-01  9.49358960e-01  1.91148481e-01  7.55320836e-01
7.50763589e-01  6.40983175e-01  9.74313159e-01  9.06272408e-01  4.23821053e-01  9.76045431e-01
7.73340151e-01  6.74179412e-01  8.74769277e-01  9.18755393e-01  5.04711953e-01  8.76634375e-01
7.87027580e-01  4.44885595e-01  9.82754835e-01  9.10415218e-01  2.64696848e-01  9.87523457e-01
8.42824942e-01  7.95563605e-01  5.55455777e-01  9.64643980e-01  7.08885609e-01  5.33484145e-01
9.29038636e-01  2.99941932e-01  5.95374906e-01  9.66840461e-01  2.38495868e-01  6.31873346e-01
8.11386357e-01  3.25718162e-01  9.79952809e-01  9.13491896e-01  1.85005444e-01  9.86845338e-01
8.19603839e-01  8.72401644e-01  5.82935745e-01  9.58150190e-01  7.96394177e-01  5.54210007e-01
8.32145798e-01  7.84127847e-01  5.99656833e-01  9.55453143e-01  7.38824890e-01  5.85274227e-01
9.09965686e-01  3.20397991e-01  6.46731470e-01  9.59447921e-01  2.41015225e-01  6.78686286e-01
8.90401150e-01  6.32048427e-01  5.03261585e-01  9.72866359e-01  6.22808835e-01  5.01329037e-01
7.52774622e-01  6.60104537e-01  9.54536512e-01  9.08655045e-01  4.43760566e-01  9.55994610e-01
8.41303928e-01  7.32469524e-01  6.03230411e-01  9.60458391e-01  5.76494339e-01  5.91986686e-01
8.37488829e-01  8.27643039e-01  5.52037753e-01  9.63348230e-01  7.74090465e-01  5.26203554e-01
7.70888067e-01  6.82334910e-01  8.77644309e-01  9.20236182e-01  4.58839242e-01  8.78105641e-01
9.13923451e-01  3.02881229e-01  6.45030825e-01  9.59572649e-01  2.37035611e-01  6.78837884e-01
9.29392286e-01  4.68395884e-01  4.80490551e-01  9.78348932e-01  4.80467686e-01  5.00200226e-01
8.56969917e-01  6.87865856e-01  5.79808472e-01  9.63013288e-01  5.84256504e-01  5.73743797e-01
8.42375915e-01  7.03919323e-01  6.18834375e-01  9.57142266e-01  5.78002178e-01  6.12895480e-01
9.27810154e-01  3.13234545e-01  5.90601723e-01  9.67435232e-01  2.47417324e-01  6.25925262e-01
8.69154040e-01  3.53937402e-01  7.63529778e-01  9.41313506e-01  2.76258670e-01  7.86573056e-01
7.63321758e-01  6.79548271e-01  9.05376266e-01  9.14638531e-01  4.89273738e-01  9.06732125e-01
8.63217181e-01  4.31774438e-01  7.31284743e-01  9.44156341e-01  3.48295330e-01  7.51113642e-01
8.52894497e-01  7.79703598e-01  5.31756760e-01  9.66262466e-01  7.58201067e-01  5.11311410e-01
8.07579196e-01  7.20878657e-01  7.26271931e-01  9.40414242e-01  5.65964894e-01  7.23066530e-01
8.36977151e-01  7.63116706e-01  5.97330201e-01  9.57886950e-01  6.78489108e-01  5.84091200e-01
8.52594558e-01  2.14686900e-01  9.14085971e-01  9.23966339e-01  1.42175956e-01  9.29901817e-01
8.47542539e-01  4.95640471e-01  7.41738718e-01  9.44417830e-01  3.25413515e-01  7.54907901e-01
8.77347030e-01  5.18665794e-01  6.24373761e-01  9.61495247e-01  3.60371028e-01  6.37014844e-01
9.76253649e-01  3.07414063e-01  4.29031004e-01  9.92544953e-01  2.44378053e-01  4.65601072e-01
8.18039095e-01  7.75900928e-01  6.53404579e-01  9.52289961e-01  5.93311163e-01  6.40357162e-01
8.02402608e-01  7.41145280e-01  7.30281126e-01  9.39829153e-01  5.72610177e-01  7.25230271e-01
7.87788072e-01  5.36107430e-01  9.18588122e-01  9.15315551e-01  3.94643510e-01  9.25018070e-01
8.99790943e-01  3.13356434e-01  6.86244639e-01  9.53480485e-01  2.41733794e-01  7.16789453e-01
7.79641599e-01  5.72660067e-01  9.21754821e-01  9.16852094e-01  3.50925190e-01  9.25616554e-01
7.65932032e-01  7.28889118e-01  8.63159384e-01  9.22204721e-01  4.78171370e-01  8.60856437e-01
8.70378562e-01  6.86091616e-01  5.35196774e-01  9.70550460e-01  5.83519852e-01  5.25577396e-01
7.88109768e-01  5.81661800e-01  8.86744505e-01  9.18916126e-01  4.34130626e-01  8.92481092e-01
9.20924027e-01  4.60203497e-01  5.14949636e-01  9.77018568e-01  3.75091277e-01  5.33929916e-01
8.06904690e-01  7.65019206e-01  6.98787884e-01  9.42745299e-01  6.36658435e-01  6.91211092e-01
8.97068822e-01  3.73601842e-01  6.54889304e-01  9.58403537e-01  2.58379401e-01  6.81232840e-01
8.24999538e-01  3.33191385e-01  9.28393701e-01  9.19830140e-01  2.12875036e-01  9.39526173e-01
8.95569303e-01  6.12556153e-01  4.98759295e-01  9.74963076e-01  5.79144263e-01  4.98321753e-01
8.57594352e-01  5.89389636e-01  6.44130241e-01  9.55730609e-01  4.56765770e-01  6.50939319e-01
7.62652565e-01  6.75588622e-01  9.10336441e-01  9.16700717e-01  4.17971576e-01  9.10555033e-01
8.71997087e-01  3.77258040e-01  7.38078525e-01  9.44819740e-01  2.89192320e-01  7.60991269e-01
8.86177757e-01  5.91912735e-01  5.44775213e-01  9.71666247e-01  4.62473558e-01  5.47364728e-01
8.48500647e-01  6.32603097e-01  6.46035806e-01  9.52225037e-01  5.53922423e-01  6.50192107e-01
7.93489722e-01  4.33489090e-01  9.68365217e-01  9.10781379e-01  3.07384395e-01  9.74967078e-01
7.52421232e-01  6.57237240e-01  9.57679807e-01  9.09576399e-01  4.08102748e-01  9.58611580e-01
8.34219862e-01  5.22543918e-01  7.69099381e-01  9.37025353e-01  4.13368439e-01  7.81291691e-01
8.34627870e-01  5.57969671e-01  7.43797871e-01  9.39150531e-01  4.67951864e-01  7.54608775e-01
8.27464208e-01  7.19228741e-01  6.59447455e-01  9.47811547e-01  6.48894884e-01  6.55790485e-01
8.21861827e-01  6.50744311e-01  7.24805773e-01  9.44028092e-01  4.56006163e-01  7.26180491e-01
8.23851141e-01  3.50950695e-01  9.20331822e-01  9.20994737e-01  2.15589588e-01  9.31407113e-01
8.08207382e-01  7.23337251e-01  7.22465913e-01  9.39004603e-01  6.16063184e-01  7.20128532e-01
9.20371200e-01  3.00607052e-01  6.24835286e-01  9.62665088e-01  2.35634169e-01  6.59855031e-01
9.17480075e-01  5.13861526e-01  4.90505520e-01  9.75900823e-01  5.27264801e-01  5.04712250e-01
8.07205124e-01  3.65084269e-01  9.67669512e-01  9.12777804e-01  2.51725377e-01  9.75471144e-01
8.16125654e-01  5.63760824e-01  8.03105778e-01  9.34833125e-01  3.52475125e-01  8.09913570e-01
8.05964373e-01  5.15903812e-01  8.70120341e-01  9.24551904e-01  3.42606822e-01  8.78217992e-01
7.76526037e-01  5.82994386e-01  9.25424300e-01  9.13902784e-01  4.12234732e-01  9.29873282e-01
8.21282330e-01  7.63071355e-01  6.50981326e-01  9.49998972e-01  6.51465306e-01  6.41145837e-01
8.76942320e-01  2.80428742e-01  7.86529043e-01  9.40930779e-01  1.82977821e-01  8.11333275e-01
9.23096741e-01  4.68886086e-01  5.01667733e-01  9.78728232e-01  3.90643056e-01  5.19245699e-01
8.27285126e-01  3.84645327e-01  8.86156164e-01  9.25518431e-01  2.34557737e-01  8.98372491e-01
9.12310256e-01  6.17316844e-01  4.38652114e-01  9.83580079e-01  6.26065523e-01  4.32350971e-01
7.93275161e-01  5.16510310e-01  9.13365021e-01  9.18791582e-01  3.26360145e-01  9.19567297e-01
9.04773448e-01  5.60610942e-01  5.02368187e-01  9.73037190e-01  5.77194201e-01  5.11140417e-01
7.48163487e-01  6.50955036e-01  9.76466855e-01  9.05128169e-01  4.45369479e-01  9.78232026e-01
7.91377338e-01  5.17640372e-01  9.18787855e-01  9.15792582e-01  3.78768232e-01  9.25754494e-01
9.22289636e-01  4.41339575e-01  5.23013569e-01  9.73066758e-01  4.27124866e-01  5.46834413e-01
9.60465605e-01  4.31027062e-01  3.99552167e-01  9.95305065e-01  3.76864788e-01  4.16218940e-01
7.98286871e-01  4.39030801e-01  9.48233669e-01  9.13479331e-01  3.14800572e-01  9.55888436e-01
8.32634192e-01  3.42180386e-01  8.96240279e-01  9.23000730e-01  2.50715381e-01  9.10140910e-01
7.97888173e-01  6.97593214e-01  7.75095788e-01  9.32346840e-01  5.63317634e-01  7.75443945e-01
7.89760224e-01  4.87223637e-01  9.44841899e-01  9.13042958e-01  3.45213174e-01  9.51414961e-01
8.72044569e-01  2.07945193e-01  8.52179652e-01  9.32325007e-01  1.48636748e-01  8.74743187e-01
7.96163543e-01  4.21578884e-01  9.67267427e-01  9.10887566e-01  3.07310876e-01  9.74303554e-01
8.29936938e-01  5.97530485e-01  7.33127090e-01  9.40386749e-01  4.92416018e-01  7.40829808e-01
8.17862039e-01  5.91813869e-01  7.78239633e-01  9.34060032e-01  4.73998255e-01  7.85813549e-01
8.69307139e-01  7.91242116e-01  4.67898630e-01  9.71158044e-01  9.18224308e-01  4.41648390e-01
9.01061797e-01  1.96504040e-01  7.61057947e-01  9.45210612e-01  1.45663898e-01  7.93321561e-01
7.74566076e-01  5.48359509e-01  9.55497039e-01  9.11412766e-01  3.54800770e-01  9.59578676e-01
9.44607982e-01  2.73103597e-01  5.60295543e-01  9.72657661e-01  2.12822073e-01  6.00701277e-01
8.88575322e-01  7.15858652e-01  4.52942632e-01  9.79114331e-01  7.40921858e-01  4.33013212e-01
8.63113631e-01  7.25864891e-01  5.33176562e-01  9.70612957e-01  6.15392342e-01  5.17555403e-01
8.44554185e-01  7.15345202e-01  6.03681278e-01  9.56020967e-01  6.70862940e-01  5.97882979e-01
8.91402968e-01  5.35282567e-01  5.65139171e-01  9.68419698e-01  4.28765684e-01  5.76247783e-01
7.71286678e-01  5.64423290e-01  9.55860147e-01  9.10160021e-01  3.87008915e-01  9.59912224e-01
8.99796879e-01  6.89935403e-01  4.32099749e-01  9.83631535e-01  7.04392305e-01  4.12775286e-01
8.11935313e-01  6.29168834e-01  7.73279445e-01  9.34094522e-01  5.04306068e-01  7.78345113e-01
8.52806255e-01  2.49174658e-01  8.90384446e-01  9.26226910e-01  1.76719443e-01  9.07658769e-01
7.69868351e-01  5.84398687e-01  9.47225475e-01  9.12564432e-01  3.62797962e-01  9.50279315e-01
8.49382625e-01  5.88886137e-01  6.72524602e-01  9.49834298e-01  4.90174505e-01  6.80769386e-01
8.87013093e-01  7.22987227e-01  4.53469298e-01  9.79831364e-01  7.27558310e-01  4.31609662e-01
8.15853806e-01  5.19624814e-01  8.33819424e-01  9.28464746e-01  3.82025880e-01  8.43694620e-01
8.17951436e-01  4.36533221e-01  8.82729740e-01  9.23628096e-01  3.02098131e-01  8.93830013e-01
8.86260972e-01  2.76802993e-01  7.57138141e-01  9.45256393e-01  1.79304121e-01  7.84467025e-01
8.90078089e-01  2.57109736e-01  7.57386447e-01  9.44579644e-01  1.89234076e-01  7.86433276e-01
8.75069176e-01  6.34923676e-01  5.53700885e-01  9.66069764e-01  5.84683624e-01  5.54037781e-01
8.84779077e-01  2.70028971e-01  7.66772567e-01  9.43950296e-01  1.75453865e-01  7.93765063e-01
8.26481288e-01  4.65557002e-01  8.33998356e-01  9.30511454e-01  3.17115150e-01  8.46088447e-01
9.19286300e-01  3.93495319e-01  5.65560907e-01  9.71524872e-01  2.79521629e-01  5.92017987e-01
8.68570997e-01  7.56658121e-01  4.93751696e-01  9.71032819e-01  7.88083027e-01  4.73569915e-01
8.39856121e-01  2.04799592e-01  9.64285091e-01  9.17345741e-01  1.30865477e-01  9.75072263e-01
9.30436472e-01  5.04187940e-01  4.53068450e-01  9.84588405e-01  4.66277411e-01  4.64091019e-01
7.25885465e-01  7.55501343e-01  9.82326430e-01  9.04235851e-01  4.60229638e-01  9.80918879e-01
9.86943344e-01  2.89208543e-01  4.04797166e-01  9.94870800e-01  2.70111740e-01  4.44530207e-01
8.73947723e-01  7.35914232e-01  4.89381858e-01  9.77172149e-01  6.48975096e-01  4.67455622e-01
7.96933520e-01  5.56865779e-01  8.73331965e-01  9.24054017e-01  3.52042872e-01  8.79155104e-01
7.74366881e-01  5.95551275e-01  9.24327526e-01  9.14855390e-01  3.94902712e-01  9.27907617e-01
8.61516370e-01  4.03526150e-01  7.56159334e-01  9.42068285e-01  2.99584372e-01  7.76154218e-01
9.41386903e-01  5.01451210e-01  4.17505325e-01  9.90358808e-01  4.71588943e-01  4.25810532e-01
8.25423578e-01  6.82307062e-01  6.91335539e-01  9.43938939e-01  6.00718387e-01  6.92149039e-01
8.18648230e-01  9.01332992e-01  5.66676791e-01  9.60652946e-01  8.24306326e-01  5.31483458e-01
8.94027669e-01  3.27491007e-01  6.96396761e-01  9.53706150e-01  2.05118923e-01  7.24097319e-01
8.04588991e-01  5.84481556e-01  8.28537130e-01  9.27462078e-01  4.43718156e-01  8.35373828e-01
8.62613334e-01  7.31095825e-01  5.31355044e-01  9.64950332e-01  7.58960024e-01  5.19545803e-01
9.09565745e-01  6.45486043e-01  4.28721280e-01  9.83538260e-01  6.86700382e-01  4.17603887e-01
7.92601261e-01  5.22293521e-01  9.11466513e-01  9.18754848e-01  3.33286756e-01  9.17629770e-01
7.71951809e-01  6.14757279e-01  9.19617661e-01  9.16095656e-01  3.85513519e-01  9.22197530e-01
7.75448612e-01  4.92194053e-01  9.90389000e-01  9.07788570e-01  3.07147539e-01  9.94220270e-01
8.22463358e-01  3.40091527e-01  9.32402528e-01  9.19310748e-01  2.12467438e-01  9.42955112e-01
8.81955396e-01  3.93351884e-01  6.93195455e-01  9.52007748e-01  2.82031523e-01  7.16599633e-01
9.30558172e-01  5.27056025e-01  4.36922885e-01  9.83434700e-01  5.70363309e-01  4.46085690e-01
8.49453838e-01  4.63418214e-01  7.56953808e-01  9.42361903e-01  3.08645922e-01  7.72104133e-01
8.45687767e-01  2.53190716e-01  9.11698644e-01  9.23437118e-01  1.69803153e-01  9.26689969e-01
8.47255261e-01  6.10747997e-01  6.65337515e-01  9.51236642e-01  4.95457725e-01  6.71028303e-01
8.30357673e-01  5.59944884e-01  7.57055253e-01  9.40017012e-01  3.97662152e-01  7.65858774e-01
8.70135270e-01  5.35186788e-01  6.37862390e-01  9.55455078e-01  4.62174131e-01  6.51413345e-01
8.33333563e-01  4.15610885e-01  8.44293864e-01  9.30048224e-01  2.78758356e-01  8.58231628e-01
9.53898074e-01  2.63772940e-01  5.34853753e-01  9.75319660e-01  2.36311223e-01  5.78010859e-01
8.40669564e-01  8.16239312e-01  5.49165003e-01  9.66956631e-01  6.95852343e-01  5.22284322e-01
7.98296884e-01  6.21509575e-01  8.25045739e-01  9.26883254e-01  4.81441914e-01  8.30065875e-01
8.41342336e-01  8.05134408e-01  5.54359668e-01  9.60975534e-01  8.07685587e-01  5.33905487e-01
7.99801027e-01  4.90752244e-01  9.08154005e-01  9.20514602e-01  2.96097002e-01  9.15235426e-01
9.01538817e-01  3.68603446e-01  6.42990881e-01  9.59967584e-01  2.61724416e-01  6.70401257e-01
7.99659491e-01  7.86838875e-01  7.08817473e-01  9.44479805e-01  5.64452369e-01  6.97351745e-01
8.21616790e-01  5.81321342e-01  7.72492498e-01  9.35920610e-01  4.46764717e-01  7.80391818e-01
8.41601584e-01  4.69715109e-01  7.79531545e-01  9.37628149e-01  3.43504175e-01  7.94131305e-01
9.10291031e-01  5.02367218e-01  5.22822377e-01  9.72748699e-01  4.70028341e-01  5.38615575e-01
8.48736762e-01  4.59934875e-01  7.61753473e-01  9.39047139e-01  3.70998491e-01  7.78455404e-01
8.25266684e-01  5.20947713e-01  8.00766464e-01  9.33738638e-01  3.75602444e-01  8.11403458e-01
8.04559238e-01  4.83327885e-01  8.96905982e-01  9.20275375e-01  3.42389590e-01  9.05700179e-01
7.63035977e-01  5.66016445e-01  9.82976169e-01  9.05602272e-01  3.98094709e-01  9.86495728e-01
7.99552610e-01  6.44446612e-01  8.05276441e-01  9.30661436e-01  4.70869997e-01  8.08360321e-01
8.98277649e-01  4.73300978e-01  5.83479689e-01  9.68129683e-01  3.33713830e-01  6.00836238e-01
7.80717258e-01  5.62349121e-01  9.25038380e-01  9.16569464e-01  3.43699469e-01  9.29157242e-01
8.18031247e-01  6.54887608e-01  7.35096410e-01  9.40801614e-01  4.96361232e-01  7.37225466e-01
8.49123673e-01  6.29870722e-01  6.45752105e-01  9.55989876e-01  4.63311041e-01  6.47711304e-01
8.15921670e-01  5.75763507e-01  7.95700718e-01  9.31430682e-01  4.67508331e-01  8.04230199e-01
9.23815301e-01  5.03120948e-01  4.76110636e-01  9.81885461e-01  4.36460222e-01  4.88040168e-01
8.40076356e-01  7.16986940e-01  6.17871487e-01  9.53625725e-01  6.72590753e-01  6.12832705e-01
7.58123748e-01  6.00462502e-01  9.76513093e-01  9.07670885e-01  3.75178320e-01  9.78707079e-01
8.64117626e-01  6.41968404e-01  5.86362074e-01  9.63415906e-01  5.23295205e-01  5.85738189e-01
9.13917482e-01  3.58949175e-01  6.07214817e-01  9.63254675e-01  3.08283448e-01  6.38185006e-01
8.43474034e-01  4.82802218e-01  7.64301862e-01  9.38564201e-01  3.80741100e-01  7.79223324e-01
9.39706166e-01  2.57984171e-01  5.87244769e-01  9.68905838e-01  1.99239951e-01  6.28012886e-01
8.90815483e-01  5.56532684e-01  5.52805572e-01  9.66211149e-01  5.40163401e-01  5.63776383e-01
7.87509589e-01  5.32900955e-01  9.21704810e-01  9.17254646e-01  3.34098420e-01  9.27058223e-01
8.32163038e-01  5.87280488e-01  7.32738111e-01  9.44718279e-01  3.86722582e-01  7.38837444e-01
7.66343152e-01  6.85722887e-01  8.90886285e-01  9.17729827e-01  4.70223368e-01  8.91459507e-01
9.15459703e-01  3.62361150e-01  5.99643906e-01  9.66164559e-01  2.67557713e-01  6.29259371e-01
8.70123679e-01  4.93370908e-01  6.66121464e-01  9.54489190e-01  3.61141968e-01  6.81766997e-01
8.69094211e-01  3.62689989e-01  7.57828478e-01  9.44530807e-01  2.20542557e-01  7.79260000e-01
8.47767847e-01  8.08814886e-01  5.29626292e-01  9.66065570e-01  7.91044937e-01  5.04720873e-01
8.31749229e-01  5.67013106e-01  7.47530721e-01  9.40827239e-01  4.16198298e-01  7.56229606e-01
8.33903609e-01  3.95729825e-01  8.55764079e-01  9.29917980e-01  2.35771160e-01  8.69346251e-01
8.45206247e-01  3.80723579e-01  8.27273226e-01  9.32628386e-01  2.68259155e-01  8.44192828e-01
9.27856539e-01  3.84886352e-01  5.42090916e-01  9.72119324e-01  3.47828143e-01  5.71872139e-01
8.71182937e-01  4.31449648e-01  7.04587143e-01  9.49166709e-01  3.25743747e-01  7.24886436e-01
9.66509372e-01  2.40280549e-01  5.07622660e-01  9.80492860e-01  1.99608334e-01  5.53606680e-01
7.70974181e-01  5.34106881e-01  9.77389112e-01  9.07849577e-01  3.59259347e-01  9.81367589e-01
8.00573221e-01  5.98169454e-01  8.33319203e-01  9.29293656e-01  3.86279408e-01  8.37877600e-01
8.06616862e-01  4.48117959e-01  9.13639635e-01  9.20557354e-01  2.67105088e-01  9.21893899e-01
8.66703587e-01  6.75647072e-01  5.54799525e-01  9.63783637e-01  6.58239853e-01  5.51112402e-01
7.30744441e-01  7.17781545e-01  9.90883462e-01  9.03096097e-01  4.47839425e-01  9.90675563e-01
9.31792932e-01  4.93955033e-01  4.55339759e-01  9.85365342e-01  4.32515066e-01  4.67180864e-01
8.67932671e-01  5.91065684e-01  6.07679387e-01  9.62708034e-01  4.30454777e-01  6.12477978e-01
8.00417464e-01  5.85494987e-01  8.42107083e-01  9.28066231e-01  3.77742900e-01  8.47274869e-01
7.81098566e-01  6.11153893e-01  8.90796236e-01  9.18199236e-01  4.42781165e-01  8.95010763e-01
8.97393203e-01  4.71477969e-01  5.87731234e-01  9.66236117e-01  3.62023410e-01  6.06212159e-01
8.64583331e-01  5.01526735e-01  6.79545541e-01  9.50789539e-01  4.03939780e-01  6.95262735e-01
8.09189714e-01  4.32712302e-01  9.15245791e-01  9.20150481e-01  2.68666739e-01  9.24130222e-01
8.35567516e-01  6.59938360e-01  6.71775166e-01  9.50517255e-01  5.08033664e-01  6.72118476e-01
8.02715421e-01  5.27956830e-01  8.73087186e-01  9.24884257e-01  3.25962067e-01  8.80066379e-01
8.02923410e-01  8.30298009e-01  6.68337322e-01  9.47896309e-01  6.65716110e-01  6.51224566e-01
8.14364924e-01  7.08896233e-01  7.11174929e-01  9.43838726e-01  5.37137306e-01  7.07995145e-01
9.38853217e-01  3.49399334e-01  5.28469930e-01  9.75435570e-01  3.00781447e-01  5.61851631e-01
8.59728462e-01  4.24350562e-01  7.48214789e-01  9.43879973e-01  2.90820737e-01  7.66629551e-01
8.81617571e-01  6.81126886e-01  5.00150453e-01  9.74856530e-01  6.21038541e-01  4.88987648e-01
9.52329092e-01  3.56758152e-01  4.77466236e-01  9.83065249e-01  3.14197776e-01  5.09707749e-01
8.72548854e-01  2.66362639e-01  8.11330326e-01  9.37531101e-01  1.77893510e-01  8.34871633e-01
9.11581172e-01  4.97619116e-01  5.21619176e-01  9.74913955e-01  4.20831302e-01  5.36491575e-01
8.31547573e-01  2.28464037e-01  9.76703029e-01  9.15121388e-01  1.45563946e-01  9.85824959e-01
8.40273814e-01  4.86273832e-01  7.72892841e-01  9.37396377e-01  3.78739187e-01  7.87192488e-01
8.25997753e-01  3.27816795e-01  9.28610196e-01  9.19602664e-01  2.16960514e-01  9.40008306e-01
7.50550079e-01  6.19658680e-01  9.89435654e-01  9.05863403e-01  3.72889197e-01  9.90848082e-01
8.75562019e-01  5.24041856e-01  6.26843128e-01  9.56610330e-01  4.70794368e-01  6.41942394e-01
8.13121027e-01  7.85238542e-01  6.63904793e-01  9.47276709e-01  6.76100138e-01  6.52715664e-01
8.73448090e-01  3.32910146e-01  7.63049365e-01  9.42064898e-01  2.53260120e-01  7.87253021e-01
9.29386386e-01  2.79680361e-01  6.07859839e-01  9.65291889e-01  2.22096842e-01  6.45727071e-01
9.09388349e-01  4.89587325e-01  5.34530743e-01  9.73812567e-01  3.92856632e-01  5.50244882e-01
8.74360953e-01  2.81941471e-01  7.94327372e-01  9.39151487e-01  1.99680043e-01  8.18751913e-01
8.11891986e-01  6.10354486e-01  7.86125808e-01  9.35703627e-01  4.09767338e-01  7.90630362e-01
8.48099642e-01  8.10907130e-01  5.27081388e-01  9.70527507e-01  6.98815322e-01  4.98155928e-01
7.93813485e-01  4.12068464e-01  9.81716573e-01  9.09737914e-01  2.81928726e-01  9.87747246e-01
9.44169850e-01  3.38464858e-01  5.17685254e-01  9.76600223e-01  3.07078277e-01  5.52876015e-01
7.84899815e-01  7.42316242e-01  7.89290976e-01  9.32010422e-01  5.31377390e-01  7.85239273e-01
8.81561804e-01  6.10116514e-01  5.48557757e-01  9.65383104e-01  6.08631448e-01  5.53232488e-01
8.39207357e-01  3.99172617e-01  8.35318813e-01  9.31590673e-01  2.69306824e-01  8.50598284e-01
7.83570754e-01  7.20757550e-01  8.08380235e-01  9.27520937e-01  5.59523360e-01  8.07304779e-01
8.51061730e-01  8.73100141e-01  4.74992076e-01  9.73064233e-01  9.07087466e-01  4.32085346e-01
7.72735503e-01  7.01734641e-01  8.58240191e-01  9.23815815e-01  4.50661700e-01  8.57100903e-01
8.70741041e-01  4.31819890e-01  7.05548909e-01  9.48312336e-01  3.41082614e-01  7.26181769e-01
7.37113091e-01  6.94765051e-01  9.84656892e-01  9.04300723e-01  4.39520185e-01  9.84938167e-01
7.65928640e-01  6.50264417e-01  9.16233437e-01  9.15178885e-01  4.27990948e-01  9.17920434e-01
8.70004518e-01  4.76764928e-01  6.77735149e-01  9.53756231e-01  3.28816365e-01  6.94197784e-01
9.25638963e-01  4.09607703e-01  5.32984961e-01  9.76115117e-01  3.00096797e-01  5.57656785e-01
7.79051378e-01  5.21256513e-01  9.58464263e-01  9.12746851e-01  3.06474794e-01  9.62577595e-01
8.36629201e-01  3.43418238e-01  8.81754879e-01  9.25062015e-01  2.51627475e-01  8.96701422e-01
8.37437386e-01  5.25297187e-01  7.56248905e-01  9.40101077e-01  3.86929622e-01  7.67885942e-01
8.21257612e-01  5.75580395e-01  7.77593673e-01  9.34427157e-01  4.62212380e-01  7.86277039e-01
8.33401421e-01  4.86478701e-01  7.96234530e-01  9.33477529e-01  3.88823038e-01  8.09916921e-01
8.51046594e-01  2.69994658e-01  8.82047644e-01  9.27184965e-01  1.83897826e-01  8.99280318e-01
8.50405304e-01  2.24501721e-01  9.14942015e-01  9.23332309e-01  1.56515038e-01  9.30539760e-01
7.83783661e-01  6.71822955e-01  8.40679028e-01  9.27315596e-01  4.24645433e-01  8.40874052e-01
7.98520985e-01  5.33957017e-01  8.83367373e-01  9.19864669e-01  4.13203192e-01  8.91401269e-01
8.41787017e-01  4.43759050e-01  7.96414593e-01  9.35285194e-01  3.31514393e-01  8.12026157e-01
7.93887799e-01  4.74104759e-01  9.39891278e-01  9.15395455e-01  3.05092246e-01  9.46436360e-01
9.60933902e-01  3.90663507e-01  4.25190039e-01  9.91606957e-01  3.34561276e-01  4.50053290e-01
9.73083009e-01  2.31194162e-01  4.91296609e-01  9.82183656e-01  2.13706944e-01  5.39390936e-01
7.78479784e-01  5.27402461e-01  9.56268058e-01  9.10317281e-01  3.76307477e-01  9.61462532e-01
9.27835085e-01  3.67572063e-01  5.53848485e-01  9.72283003e-01  2.91630313e-01  5.84260048e-01
8.13985272e-01  6.75557305e-01  7.34969630e-01  9.37264037e-01  5.90778131e-01  7.37338646e-01
