8.08581395e-01  5.76556055e-01  8.47878554e-01  9.27578497e-01  3.44147622e-01  8.53978940e-01
7.66847771e-01  6.03519260e-01  9.72099506e-01  9.08740300e-01  3.46415455e-01  9.74238936e-01
8.67252971e-01  6.66622448e-01  5.90164987e-01  9.57673656e-01  6.33859011e-01  5.92797520e-01
8.03930195e-01  5.15745523e-01  9.02859888e-01  9.20578218e-01  2.96185581e-01  9.09642171e-01
9.42053058e-01  5.04329604e-01  4.41241197e-01  9.82577507e-01  5.31065329e-01  4.56802056e-01
8.41876896e-01  2.45622194e-01  9.49383360e-01  9.17576711e-01  1.60062625e-01  9.60938703e-01
8.83270431e-01  6.89492530e-01  5.20927767e-01  9.67131914e-01  6.97131126e-01  5.17255285e-01
9.56417758e-01  4.47689284e-01  4.29237263e-01  9.88368611e-01  4.05143550e-01  4.49316979e-01
9.37392635e-01  2.47972655e-01  6.23499244e-01  9.63361749e-01  1.76052521e-01  6.63596045e-01
8.41794374e-01  8.06849768e-01  5.85574181e-01  9.60783003e-01  6.54590671e-01  5.67979536e-01
9.56886460e-01  3.49236843e-01  4.91860499e-01  9.81623492e-01  2.66513494e-01  5.25720908e-01
8.14198155e-01  6.99913487e-01  7.48414924e-01  9.40013473e-01  4.54899186e-01  7.47652684e-01
8.76684562e-01  7.71708678e-01  4.89616852e-01  9.74924538e-01  6.93498645e-01  4.67628931e-01
7.97504502e-01  8.57147742e-01  7.03315170e-01  9.43548599e-01  6.14501504e-01  6.87924294e-01
8.18840021e-01  7.92280378e-01  6.72681135e-01  9.44916873e-01  6.74165768e-01  6.64587290e-01
9.33893516e-01  2.81594811e-01  6.13552331e-01  9.63644643e-01  2.18579191e-01  6.51769568e-01
8.40209211e-01  7.50894768e-01  6.27283971e-01  9.50421290e-01  7.04882941e-01  6.22577319e-01
7.63642651e-01  7.95306963e-01  8.58158728e-01  9.20897408e-01  5.24069641e-01  8.53940448e-01
8.14823934e-01  5.92561762e-01  8.16286629e-01  9.30502525e-01  3.95958121e-01  8.23031119e-01
8.62033111e-01  3.79078382e-01  7.94578001e-01  9.36087791e-01  2.79662298e-01  8.14599362e-01
9.87552447e-01  3.27972372e-01  4.01240408e-01  9.94893808e-01  2.83119242e-01  4.36207404e-01
8.14158651e-01  6.41276763e-01  7.86916291e-01  9.32956963e-01  4.62094865e-01  7.91721420e-01
8.45067987e-01  8.38016627e-01  5.53925384e-01  9.61602333e-01  7.83212694e-01  5.31927222e-01
7.87309327e-01  7.36329340e-01  8.16377964e-01  9.25735928e-01  5.55562957e-01  8.16016572e-01
8.45038656e-01  4.92808309e-01  7.78448653e-01  9.38663090e-01  3.07116039e-01  7.91622441e-01
8.91898347e-01  7.65723503e-01  4.42140410e-01  9.81464336e-01  7.39619351e-01  4.15354335e-01
9.48752956e-01  4.96273862e-01  4.24019069e-01  9.87798242e-01  4.73577235e-01  4.37378446e-01
9.14744404e-01  4.71806324e-01  5.55382599e-01  9.69779789e-01  3.75513650e-01  5.75998738e-01
8.67109660e-01  2.18402351e-01  8.81364852e-01  9.27304675e-01  1.51301245e-01  9.00623946e-01
9.30250807e-01  2.97431483e-01  6.15640416e-01  9.64688948e-01  1.92065638e-01  6.51315911e-01
9.26353501e-01  3.43726134e-01  5.99115959e-01  9.66446691e-01  2.31402010e-01  6.31300104e-01
7.54176511e-01  8.00359214e-01  8.87322935e-01  9.17212276e-01  5.02376389e-01  8.83193864e-01
7.71723296e-01  6.73287607e-01  9.10239259e-01  9.13177826e-01  4.86235309e-01  9.12863870e-01
9.50271877e-01  3.01675106e-01  5.45198882e-01  9.74271077e-01  2.20217671e-01  5.83763840e-01
7.59760826e-01  6.93130876e-01  9.37683193e-01  9.10622492e-01  4.44232368e-01  9.38622542e-01
8.82745533e-01  7.93542377e-01  4.54860919e-01  9.74274693e-01  8.71827423e-01  4.29810413e-01
7.96967389e-01  7.04449452e-01  8.03981094e-01  9.27262476e-01  5.54663081e-01  8.05923890e-01
8.12842455e-01  6.19106827e-01  8.05481734e-01  9.28573929e-01  4.90902090e-01  8.12527042e-01
8.45374992e-01  8.78630403e-01  5.26515390e-01  9.66572437e-01  8.07448873e-01  4.94353342e-01
7.74794788e-01  7.02881147e-01  8.80594252e-01  9.18222694e-01  4.81700524e-01  8.81583039e-01
8.24152514e-01  4.06721662e-01  9.05270025e-01  9.20023724e-01  2.83976377e-01  9.16588579e-01
9.44447882e-01  2.67871346e-01  5.86623378e-01  9.68069073e-01  2.02112687e-01  6.27277190e-01
8.73998050e-01  2.86273379e-01  8.14202992e-01  9.37046951e-01  1.61305373e-01  8.36315882e-01
8.83187770e-01  5.81221779e-01  5.91501737e-01  9.63555590e-01  4.42438626e-01  6.00151019e-01
7.62914748e-01  6.39721938e-01  9.61651641e-01  9.09125278e-01  3.79892098e-01  9.63372007e-01
8.43619777e-01  4.08014573e-01  8.38023490e-01  9.31490243e-01  2.40816983e-01  8.52709113e-01
7.89398062e-01  4.58690914e-01  9.89555193e-01  9.06299038e-01  3.25661891e-01  9.94779457e-01
8.80630730e-01  8.07358727e-01  4.53369838e-01  9.77622090e-01  8.12427194e-01  4.22848589e-01
7.89159517e-01  4.57827633e-01  9.90629269e-01  9.08390736e-01  2.66060651e-01  9.94883973e-01
9.30748123e-01  4.21545033e-01  5.33670964e-01  9.72127639e-01  3.75349902e-01  5.60983080e-01
7.65676292e-01  6.58327829e-01  9.40190869e-01  9.09025286e-01  4.69150267e-01  9.42997241e-01
8.55654797e-01  2.59398977e-01  8.93646840e-01  9.25106060e-01  1.70336981e-01  9.10239889e-01
9.65363441e-01  4.14843235e-01  4.20483515e-01  9.88999106e-01  4.05214200e-01  4.45773898e-01
8.86158527e-01  7.26234559e-01  4.86969500e-01  9.70486760e-01  7.78220322e-01  4.76136735e-01
7.45481667e-01  6.93191490e-01  9.86136265e-01  9.02166880e-01  4.66894700e-01  9.87506040e-01
7.96805723e-01  5.47865811e-01  9.06495621e-01  9.17385730e-01  3.71049647e-01  9.13002475e-01
9.54688135e-01  2.86220861e-01  5.39938527e-01  9.73924894e-01  2.38392344e-01  5.81188306e-01
8.33666336e-01  3.68902248e-01  8.97517184e-01  9.22273431e-01  2.49015753e-01  9.10394520e-01
9.49339166e-01  4.75132670e-01  4.35456183e-01  9.86256538e-01  4.48238542e-01  4.52713126e-01
8.16611949e-01  7.58291006e-01  7.02612210e-01  9.41018247e-01  6.36562853e-01  6.98954741e-01
8.98341569e-01  3.79018773e-01  6.71024464e-01  9.55543769e-01  2.46677722e-01  6.97096642e-01
8.32087694e-01  5.07927322e-01  8.12611749e-01  9.32805959e-01  3.29377361e-01  8.23937505e-01
8.69889908e-01  5.46071996e-01  6.59477151e-01  9.52556803e-01  4.32206808e-01  6.73083780e-01
8.88660382e-01  1.90313059e-01  8.26715133e-01  9.35422430e-01  1.35762628e-01  8.52746487e-01
9.37871929e-01  4.10613091e-01  5.16578677e-01  9.74341830e-01  3.81054321e-01  5.45442838e-01
8.59962916e-01  8.82736336e-01  4.74314481e-01  9.70888793e-01  9.33977231e-01  4.36887937e-01
9.36779709e-01  3.74363427e-01  5.43821673e-01  9.72257787e-01  3.09819955e-01  5.75576935e-01
8.94948125e-01  4.76993585e-01  6.18937844e-01  9.58352433e-01  4.12118793e-01  6.40135743e-01
8.33696902e-01  5.73583506e-01  7.64519082e-01  9.39354455e-01  3.67666854e-01  7.72932950e-01
7.74139118e-01  7.92217949e-01  8.24519327e-01  9.26296009e-01  5.23513072e-01  8.19455080e-01
8.97722911e-01  2.50529874e-01  7.56843388e-01  9.43893588e-01  1.85242197e-01  7.86778833e-01
8.59823097e-01  2.03955840e-01  9.15490597e-01  9.22906781e-01  1.39614861e-01  9.31575604e-01
7.87819619e-01  5.68053601e-01  9.23608171e-01  9.16479243e-01  3.29974112e-01  9.27970047e-01
7.69893106e-01  7.03323653e-01  8.96953442e-01  9.16800278e-01  4.53115995e-01  8.97433985e-01
8.75978719e-01  7.18415750e-01  5.26612223e-01  9.65483853e-01  7.29151614e-01  5.19767417e-01
9.39349259e-01  4.75587466e-01  4.69082000e-01  9.79299250e-01  4.80754864e-01  4.89666817e-01
8.80184113e-01  8.05716040e-01  4.55953033e-01  9.79837313e-01  7.48360341e-01  4.23728609e-01
7.94769014e-01  6.01831834e-01  8.78074058e-01  9.18599753e-01  4.57637251e-01  8.84314762e-01
8.45273379e-01  1.83795328e-01  9.77994848e-01  9.14953091e-01  1.18267583e-01  9.87602727e-01
9.38532357e-01  2.12622856e-01  6.42579145e-01  9.60391736e-01  1.67250439e-01  6.84712112e-01
9.07101730e-01  7.05669637e-01  4.29504329e-01  9.81287639e-01  7.52274721e-01  4.13507762e-01
7.97199936e-01  7.06636317e-01  8.02070436e-01  9.30716822e-01  4.78917570e-01  8.02124519e-01
8.38275382e-01  3.68303789e-01  8.82253476e-01  9.24646034e-01  2.44761775e-01  8.96182585e-01
7.79361492e-01  5.11057259e-01  9.89341022e-01  9.07004587e-01  3.11576137e-01  9.93055574e-01
9.22917887e-01  3.05776393e-01  6.35122226e-01  9.60005481e-01  2.39489374e-01  6.70180651e-01
9.53764892e-01  3.05013279e-01  5.31170893e-01  9.76648973e-01  2.16122255e-01  5.69481174e-01
9.49758073e-01  3.19509101e-01  5.35067461e-01  9.73690102e-01  2.78343376e-01  5.73287700e-01
9.49085968e-01  3.51116624e-01  5.17127174e-01  9.77377929e-01  2.74403771e-01  5.51085382e-01
9.25852042e-01  5.94284757e-01  4.37852292e-01  9.84227430e-01  5.66656381e-01  4.37843493e-01
8.17906890e-01  7.71277463e-01  6.89783844e-01  9.44065882e-01  6.18736925e-01  6.83610307e-01
7.90783027e-01  4.64269238e-01  9.81230702e-01  9.10280493e-01  2.56214789e-01  9.85600798e-01
7.69242451e-01  5.76265276e-01  9.81365531e-01  9.07192150e-01  3.44422322e-01  9.84119139e-01
7.93824267e-01  6.71410171e-01  8.36106197e-01  9.22952639e-01  5.27359059e-01  8.39987620e-01
8.90943492e-01  3.83781946e-01  6.93350623e-01  9.49940689e-01  3.06696023e-01  7.19408935e-01
8.49836928e-01  7.93699035e-01  5.66801515e-01  9.58922984e-01  7.68922780e-01  5.52987548e-01
8.38272285e-01  7.63245872e-01  6.25546079e-01  9.56424874e-01  5.70558025e-01  6.15192008e-01
8.58599706e-01  2.57396330e-01  8.84946552e-01  9.27139693e-01  1.49666430e-01  9.02066746e-01
9.26979500e-01  3.52677876e-01  5.91178147e-01  9.65555890e-01  2.86285739e-01  6.24089995e-01
8.93787309e-01  7.06197471e-01  4.74372028e-01  9.79001282e-01  6.18074543e-01  4.59763255e-01
8.16247682e-01  3.47290700e-01  9.70407660e-01  9.11850975e-01  2.41460892e-01  9.78488122e-01
8.24265604e-01  5.25676422e-01  8.27650575e-01  9.30004117e-01  3.47499721e-01  8.37636351e-01
7.99516351e-01  6.43974082e-01  8.34887633e-01  9.23777666e-01  5.06343367e-01  8.40161757e-01
8.65963143e-01  2.12189676e-01  8.89292546e-01  9.26796815e-01  1.35045330e-01  9.07707873e-01
9.66674679e-01  2.80932729e-01  5.02670516e-01  9.79507962e-01  2.38256150e-01  5.45422187e-01
7.72862555e-01  8.14461691e-01  8.14412445e-01  9.28064527e-01  5.26899723e-01  8.07317807e-01
8.30337100e-01  7.91173869e-01  6.34358548e-01  9.50030487e-01  7.04189808e-01  6.24730108e-01
7.91168005e-01  5.53464801e-01  9.22005874e-01  9.14630956e-01  3.82556771e-01  9.27957254e-01
8.76176276e-01  6.97261499e-01  5.39973721e-01  9.69983555e-01  5.56527438e-01  5.32074399e-01
7.75721104e-01  8.69261138e-01  7.69125130e-01  9.32857938e-01  6.10832829e-01  7.56820509e-01
8.38502938e-01  8.13072916e-01  5.92413170e-01  9.60719380e-01  6.29403010e-01  5.73801451e-01
8.16404104e-01  3.18795467e-01  9.88380091e-01  9.11179350e-01  1.89978714e-01  9.94916352e-01
8.07598032e-01  6.43451493e-01  8.07783091e-01  9.29401554e-01  4.70564591e-01  8.12524820e-01
8.22562216e-01  8.50460153e-01  6.22269293e-01  9.53791639e-01  6.93736471e-01  6.03074947e-01
7.78393580e-01  8.33918544e-01  7.82996241e-01  9.30728187e-01  5.94324780e-01  7.74363311e-01
9.39085056e-01  2.60865318e-01  6.09679605e-01  9.64898504e-01  1.95348829e-01  6.49715454e-01
7.94479232e-01  9.33707529e-01  6.63583976e-01  9.47897432e-01  7.08115411e-01  6.37482863e-01
8.41615285e-01  2.54358582e-01  9.44897184e-01  9.19174355e-01  1.38824347e-01  9.56211039e-01
8.03238269e-01  4.03109456e-01  9.78643098e-01  9.10820507e-01  2.45598176e-01  9.84637814e-01
8.42393948e-01  6.30916034e-01  6.97463261e-01  9.43605850e-01  5.38817463e-01  7.04860314e-01
8.79801969e-01  7.65705925e-01  4.83226048e-01  9.75317293e-01  7.08953412e-01  4.61988201e-01
8.81120539e-01  5.88527368e-01  5.93777937e-01  9.61269298e-01  4.92608096e-01  6.02998661e-01
9.74345120e-01  4.13775821e-01  3.90381305e-01  9.92103196e-01  4.48508954e-01  4.15161523e-01
8.45403184e-01  7.52503919e-01  6.08305913e-01  9.59590947e-01  5.58200397e-01  5.97800834e-01
8.28430472e-01  3.34077449e-01  9.37612898e-01  9.16980565e-01  2.29183936e-01  9.48486622e-01
7.93753795e-01  4.62738125e-01  9.72135277e-01  9.10764726e-01  2.77951222e-01  9.77377889e-01
7.66179497e-01  6.34827124e-01  9.54040254e-01  9.10547322e-01  3.75090311e-01  9.55900334e-01
7.73508736e-01  6.90294196e-01  8.92837248e-01  9.17849139e-01  4.38013037e-01  8.93748280e-01
8.08772562e-01  3.60154768e-01  9.87442179e-01  9.10647443e-01  2.10911636e-01  9.93398366e-01
7.86816897e-01  4.73691688e-01  9.88581334e-01  9.07505233e-01  3.00122665e-01  9.93058278e-01
8.35728184e-01  6.64731192e-01  6.98442818e-01  9.46673848e-01  4.75327309e-01  7.00652798e-01
8.77477039e-01  6.54809595e-01  5.62819559e-01  9.62665582e-01  6.13657408e-01  5.65029744e-01
8.86892532e-01  7.88529659e-01  4.44331343e-01  9.74238137e-01  9.15810366e-01  4.20205798e-01
8.47655355e-01  4.55359130e-01  7.93876943e-01  9.36540128e-01  2.91732840e-01  8.08856953e-01
8.08173190e-01  8.74038174e-01  6.55822448e-01  9.48057097e-01  7.06192201e-01  6.36911913e-01
7.85506020e-01  6.95125354e-01  8.49255082e-01  9.22807851e-01  4.87925468e-01  8.50716743e-01
8.62402258e-01  7.88142064e-01  5.27444467e-01  9.64654251e-01  7.89354231e-01  5.10912716e-01
8.47602228e-01  8.08825895e-01  5.64569636e-01  9.63599645e-01  6.75183318e-01  5.45071166e-01
9.91541879e-01  3.06507016e-01  4.01629812e-01  9.95510826e-01  2.53240650e-01  4.39285711e-01
8.51187347e-01  2.82157245e-01  8.94339075e-01  9.24648391e-01  1.85473107e-01  9.10126958e-01
7.95491072e-01  9.11700339e-01  6.74436267e-01  9.46858478e-01  6.76782602e-01  6.51521636e-01
8.78612081e-01  4.44312870e-01  6.95628735e-01  9.51472317e-01  2.80451522e-01  7.15250991e-01
9.27571230e-01  3.69331350e-01  5.78059710e-01  9.68799485e-01  2.61570419e-01  6.08595025e-01
9.35949123e-01  2.35205175e-01  6.36689888e-01  9.61424105e-01  1.71416588e-01  6.77111679e-01
8.46933947e-01  2.79888261e-01  9.10257013e-01  9.22301998e-01  1.87339952e-01  9.24732914e-01
7.84723002e-01  5.57327580e-01  9.41385961e-01  9.13010162e-01  3.50161613e-01  9.45977567e-01
9.60264253e-01  2.87709594e-01  5.20335417e-01  9.76564795e-01  2.49405942e-01  5.62184616e-01
8.77553925e-01  8.25904248e-01  4.51777153e-01  9.76805183e-01  8.52482404e-01  4.18656001e-01
8.28230558e-01  3.14035799e-01  9.51305318e-01  9.15387247e-01  2.17247807e-01  9.61513710e-01
9.01874549e-01  5.20235056e-01  5.67642814e-01  9.69029062e-01  3.71513934e-01  5.81754022e-01
8.48893261e-01  3.47870426e-01  8.59462519e-01  9.28120692e-01  2.36119520e-01  8.75937351e-01
8.66528772e-01  2.76610355e-01  8.45544050e-01  9.32067288e-01  1.69902748e-01  8.65705646e-01
9.06738304e-01  4.10090725e-01  6.22338742e-01  9.62154746e-01  2.77156146e-01  6.47531263e-01
8.48772208e-01  6.31390527e-01  6.75794931e-01  9.50458595e-01  4.56917783e-01  6.80719422e-01
8.60995354e-01  3.53427119e-01  8.14757483e-01  9.35574589e-01  2.12508565e-01  8.33701177e-01
8.52161613e-01  5.05457044e-01  7.46047133e-01  9.40735945e-01  3.81035910e-01  7.60927110e-01
8.55362872e-01  3.93740924e-01  8.07709980e-01  9.35567397e-01  2.48544709e-01  8.25262694e-01
9.01979404e-01  2.51588129e-01  7.41405007e-01  9.47090867e-01  1.58692464e-01  7.72012484e-01
9.90095458e-01  2.99458111e-01  4.11117268e-01  9.92007671e-01  2.94846225e-01  4.51951960e-01
8.81648570e-01  3.93161023e-01  7.18824686e-01  9.47018224e-01  2.88883652e-01  7.42341653e-01
9.19180868e-01  4.22614690e-01  5.72254363e-01  9.66713533e-01  3.61187797e-01  5.99032252e-01
8.80140057e-01  7.08835299e-01  5.18702441e-01  9.71863326e-01  6.03660866e-01  5.08408284e-01
8.57143787e-01  2.62147697e-01  8.86805743e-01  9.26626515e-01  1.56828136e-01  9.03671111e-01
7.68182834e-01  5.99452225e-01  9.69907639e-01  9.06958536e-01  3.97464866e-01  9.73128149e-01
8.71953666e-01  2.65184082e-01  8.34540044e-01  9.33117863e-01  1.80286416e-01  8.56524417e-01
8.88089808e-01  5.77074408e-01  5.77548166e-01  9.62456877e-01  5.21179739e-01  5.88657077e-01
7.95702643e-01  4.23213633e-01  9.91181187e-01  9.08706684e-01  2.54782184e-01  9.96029798e-01
8.18381425e-01  7.09137940e-01  7.28218392e-01  9.37360004e-01  6.03330326e-01  7.29719603e-01
8.94666180e-01  4.40309533e-01  6.44009483e-01  9.55850189e-01  3.65496410e-01  6.67673112e-01
9.20173343e-01  3.31576832e-01  6.27691632e-01  9.62100511e-01  2.25642031e-01  6.60007604e-01
7.70176487e-01  6.35917826e-01  9.39756983e-01  9.10558157e-01  4.30678678e-01  9.42742530e-01
8.12340913e-01  4.03376440e-01  9.47555871e-01  9.15433413e-01  2.43598153e-01  9.55529659e-01
8.68014777e-01  7.33859268e-01  5.43926885e-01  9.69461415e-01  5.74903183e-01  5.31095938e-01
9.39523038e-01  3.29105661e-01  5.63888859e-01  9.70067981e-01  2.66321896e-01  5.99859024e-01
8.16593641e-01  5.31365285e-01  8.50010744e-01  9.27584569e-01  3.25094722e-01  8.58425973e-01
7.68128434e-01  7.87721025e-01  8.47850762e-01  9.22695961e-01  5.18469528e-01  8.43726446e-01
8.91039832e-01  3.03662693e-01  7.44743953e-01  9.46124476e-01  1.86356617e-01  7.71695638e-01
8.26679515e-01  8.70080398e-01  5.95550196e-01  9.58722764e-01  6.97197131e-01  5.70642158e-01
8.05197137e-01  7.40078688e-01  7.53199876e-01  9.36585482e-01  5.37461410e-01  7.50710483e-01
8.89417673e-01  6.21072678e-01  5.44177417e-01  9.71068236e-01  4.67130063e-01  5.45650977e-01
8.19233639e-01  7.40859362e-01  7.04729512e-01  9.41064519e-01  6.17626067e-01  7.02600378e-01
8.56334686e-01  1.99963677e-01  9.30227529e-01  9.21274645e-01  1.30532210e-01  9.44695924e-01
8.54728435e-01  8.74681813e-01  4.97615753e-01  9.70784682e-01  8.31417065e-01  4.62218148e-01
8.76904299e-01  8.15017820e-01  4.60753138e-01  9.75707601e-01  8.29155895e-01  4.30669263e-01
7.65676213e-01  6.60702022e-01  9.38651061e-01  9.12259320e-01  3.93704392e-01  9.40023704e-01
8.04484579e-01  5.12217149e-01  9.03268081e-01  9.20442714e-01  2.97415931e-01  9.10221357e-01
7.64552732e-01  5.90906249e-01  9.87784564e-01  9.03442316e-01  4.16596035e-01  9.91170585e-01
8.98524308e-01  5.27278413e-01  5.74445469e-01  9.63676451e-01  4.78218067e-01  5.90952165e-01
8.15181857e-01  3.54770089e-01  9.69170775e-01  9.11891211e-01  2.45801937e-01  9.77208007e-01
9.62979209e-01  4.66101415e-01  3.95301741e-01  9.92649331e-01  4.54516107e-01  4.10761662e-01
9.25054431e-01  5.65818977e-01  4.59338863e-01  9.83052078e-01  4.89779186e-01  4.63995652e-01
9.86878499e-01  3.47604450e-01  3.90783450e-01  9.96809269e-01  2.91873242e-01  4.21864713e-01
8.76828721e-01  2.24816239e-01  8.44194869e-01  9.32712383e-01  1.47599344e-01  8.66820512e-01
8.62013140e-01  5.80812816e-01  6.63669343e-01  9.51974507e-01  4.45159898e-01  6.73767740e-01
8.58210837e-01  7.96709175e-01  5.36115055e-01  9.64281876e-01  7.67649174e-01  5.18410538e-01
8.47796264e-01  4.40948202e-01  8.02754296e-01  9.33901102e-01  3.20817231e-01  8.18930821e-01
9.69906580e-01  2.45463388e-01  5.14723735e-01  9.78246973e-01  2.06206050e-01  5.61053409e-01
8.73907159e-01  7.37290261e-01  5.21690272e-01  9.66700385e-01  7.34093412e-01  5.11319853e-01
9.34323579e-01  2.64185356e-01  6.23692333e-01  9.62576050e-01  2.03137930e-01  6.62773083e-01
9.24343046e-01  3.17783271e-01  6.22487998e-01  9.63105299e-01  2.14340018e-01  6.56225899e-01
8.29562974e-01  2.59543433e-01  9.82164331e-01  9.12758654e-01  1.66610226e-01  9.90291621e-01
