8.22793954e-01  4.95430767e-01  8.51988204e-01  9.26453497e-01  3.35556446e-01  8.62699163e-01
8.82745533e-01  7.93542377e-01  4.54860919e-01  9.74274693e-01  8.71827423e-01  4.29810413e-01
7.75661039e-01  7.12865574e-01  8.70872623e-01  9.20389379e-01  4.65716791e-01  8.70937071e-01
9.26353501e-01  3.43726134e-01  5.99115959e-01  9.66446691e-01  2.31402010e-01  6.31300104e-01
7.72314770e-01  6.02034906e-01  9.54197479e-01  9.07572490e-01  4.43029885e-01  9.58462982e-01
9.00699399e-01  2.01834856e-01  7.78053973e-01  9.41997508e-01  1.42367881e-01  8.08515013e-01
8.90263768e-01  2.90342325e-01  7.56027697e-01  9.44922625e-01  1.71832158e-01  7.82821693e-01
9.12107626e-01  3.94031431e-01  6.14532273e-01  9.62283894e-01  2.96018025e-01  6.42262303e-01
9.65363441e-01  4.14843235e-01  4.20483515e-01  9.88999106e-01  4.05214200e-01  4.45773898e-01
7.73247308e-01  7.28074514e-01  8.69194808e-01  9.20736927e-01  4.67239861e-01  8.68349935e-01
8.00406011e-01  4.14227742e-01  9.80745228e-01  9.11024553e-01  2.31565858e-01  9.86117135e-01
8.16593641e-01  5.31365285e-01  8.50010744e-01  9.27584569e-01  3.25094722e-01  8.58425973e-01
8.48767421e-01  5.49147047e-01  7.28909392e-01  9.41857921e-01  4.30715822e-01  7.41519898e-01
8.41794374e-01  8.06849768e-01  5.85574181e-01  9.60783003e-01  6.54590671e-01  5.67979536e-01
8.59749274e-01  8.14048727e-01  5.19633730e-01  9.65967678e-01  8.07659293e-01  4.98181459e-01
9.03878317e-01  2.18667706e-01  7.56330036e-01  9.44537939e-01  1.59935210e-01  7.88089427e-01
7.82988468e-01  7.72318715e-01  8.07387967e-01  9.29376385e-01  5.09361831e-01  8.03035307e-01
8.53625831e-01  7.15309834e-01  6.04531361e-01  9.56634059e-01  6.25300101e-01  6.00962244e-01
7.86878873e-01  7.56184117e-01  8.04652231e-01  9.29864420e-01  5.03102694e-01  8.01379682e-01
7.71528074e-01  5.70647959e-01  9.77250069e-01  9.06527010e-01  3.76565351e-01  9.80816043e-01
7.97504502e-01  8.57147742e-01  7.03315170e-01  9.43548599e-01  6.14501504e-01  6.87924294e-01
7.97977196e-01  6.31231200e-01  8.48092044e-01  9.25398774e-01  4.09264981e-01  8.52107649e-01
9.62093497e-01  3.23536363e-01  4.90567327e-01  9.82107589e-01  2.43698449e-01  5.27472283e-01
9.44282466e-01  3.73221586e-01  5.18788995e-01  9.74833625e-01  3.38962231e-01  5.51683433e-01
9.14884320e-01  5.21620308e-01  5.22269154e-01  9.71908616e-01  4.76805432e-01  5.37984605e-01
9.36779709e-01  3.74363427e-01  5.43821673e-01  9.72257787e-01  3.09819955e-01  5.75576935e-01
8.00492572e-01  8.49180481e-01  6.98042801e-01  9.42192388e-01  6.63702854e-01  6.84520018e-01
8.83272739e-01  7.64886315e-01  4.71675249e-01  9.76809926e-01  7.20106958e-01  4.49275488e-01
8.74256076e-01  3.16837370e-01  7.93184743e-01  9.39068692e-01  1.91689050e-01  8.15682330e-01
8.43506674e-01  2.66059142e-01  9.30578593e-01  9.20598270e-01  1.53389013e-01  9.43135102e-01
8.81648570e-01  3.93161023e-01  7.18824686e-01  9.47018224e-01  2.88883652e-01  7.42341653e-01
8.96406478e-01  2.38548721e-01  7.68795072e-01  9.42587814e-01  1.70019399e-01  7.98219482e-01
8.90943492e-01  3.83781946e-01  6.93350623e-01  9.49940689e-01  3.06696023e-01  7.19408935e-01
8.83187770e-01  5.81221779e-01  5.91501737e-01  9.63555590e-01  4.42438626e-01  6.00151019e-01
8.09507878e-01  8.18337382e-01  6.87453499e-01  9.43105206e-01  6.70598611e-01  6.77043505e-01
8.59566010e-01  4.93531805e-01  7.28348870e-01  9.44985181e-01  3.36051853e-01  7.43755884e-01
8.77553925e-01  8.25904248e-01  4.51777153e-01  9.76805183e-01  8.52482404e-01  4.18656001e-01
8.33696902e-01  5.73583506e-01  7.64519082e-01  9.39354455e-01  3.67666854e-01  7.72932950e-01
8.38275382e-01  3.68303789e-01  8.82253476e-01  9.24646034e-01  2.44761775e-01  8.96182585e-01
7.96805723e-01  5.47865811e-01  9.06495621e-01  9.17385730e-01  3.71049647e-01  9.13002475e-01
7.87309327e-01  7.36329340e-01  8.16377964e-01  9.25735928e-01  5.55562957e-01  8.16016572e-01
7.74794788e-01  7.02881147e-01  8.80594252e-01  9.18222694e-01  4.81700524e-01  8.81583039e-01
8.59966738e-01  8.36942730e-01  5.04032244e-01  9.71067791e-01  7.68572321e-01  4.74682715e-01
8.91898347e-01  7.65723503e-01  4.42140410e-01  9.81464336e-01  7.39619351e-01  4.15354335e-01
7.97199936e-01  7.06636317e-01  8.02070436e-01  9.30716822e-01  4.78917570e-01  8.02124519e-01
8.88089808e-01  5.77074408e-01  5.77548166e-01  9.62456877e-01  5.21179739e-01  5.88657077e-01
8.10211566e-01  7.09891835e-01  7.55472133e-01  9.33434197e-01  5.93526397e-01  7.57200268e-01
8.71670549e-01  2.20481558e-01  8.64526052e-01  9.29524131e-01  1.55186384e-01  8.85477691e-01
9.24373983e-01  4.71450140e-01  5.22618159e-01  9.75407946e-01  3.63608743e-01  5.42198161e-01
9.85725995e-01  2.55898651e-01  4.54233346e-01  9.86783845e-01  2.30138612e-01  5.00681140e-01
7.74971188e-01  5.34706026e-01  9.88894714e-01  9.05234537e-01  3.60773516e-01  9.92821955e-01
7.43526989e-01  7.53701087e-01  9.53485979e-01  9.07992583e-01  4.57527880e-01  9.52355630e-01
8.51479410e-01  8.55323965e-01  5.20918543e-01  9.69752445e-01  7.40243243e-01  4.89786273e-01
9.50271877e-01  3.01675106e-01  5.45198882e-01  9.74271077e-01  2.20217671e-01  5.83763840e-01
8.85110337e-01  3.41541570e-01  7.40285493e-01  9.44137336e-01  2.63369566e-01  7.66304977e-01
9.08865278e-01  6.42509337e-01  4.64223754e-01  9.81477006e-01  5.56292245e-01  4.57918927e-01
8.32087694e-01  5.07927322e-01  8.12611749e-01  9.32805959e-01  3.29377361e-01  8.23937505e-01
9.34323579e-01  2.64185356e-01  6.23692333e-01  9.62576050e-01  2.03137930e-01  6.62773083e-01
7.67880004e-01  7.43187477e-01  8.77608624e-01  9.17797836e-01  5.11224280e-01  8.76839750e-01
7.93753795e-01  4.62738125e-01  9.72135277e-01  9.10764726e-01  2.77951222e-01  9.77377889e-01
9.07147307e-01  2.54963380e-01  7.21664202e-01  9.48539076e-01  1.93904551e-01  7.54436003e-01
8.55362872e-01  3.93740924e-01  8.07709980e-01  9.35567397e-01  2.48544709e-01  8.25262694e-01
9.26979500e-01  3.52677876e-01  5.91178147e-01  9.65555890e-01  2.86285739e-01  6.24089995e-01
8.58599706e-01  2.57396330e-01  8.84946552e-01  9.27139693e-01  1.49666430e-01  9.02066746e-01
9.48166086e-01  3.79559776e-01  5.01487275e-01  9.79475536e-01  2.96265189e-01  5.31972484e-01
8.67252971e-01  6.66622448e-01  5.90164987e-01  9.57673656e-01  6.33859011e-01  5.92797520e-01
7.90783027e-01  4.64269238e-01  9.81230702e-01  9.10280493e-01  2.56214789e-01  9.85600798e-01
8.44346055e-01  2.83194417e-01  9.16601255e-01  9.21094830e-01  1.93464929e-01  9.30515172e-01
8.40209211e-01  7.50894768e-01  6.27283971e-01  9.50421290e-01  7.04882941e-01  6.22577319e-01
9.02476459e-01  2.06546444e-01  7.68960349e-01  9.43166304e-01  1.46372401e-01  8.00077753e-01
8.18114151e-01  4.38437383e-01  9.04886141e-01  9.20100437e-01  2.86790762e-01  9.14917809e-01
8.23360029e-01  2.92446144e-01  9.81865622e-01  9.11835305e-01  1.94412121e-01  9.89666351e-01
8.75283704e-01  7.57764413e-01  5.03425968e-01  9.67110460e-01  8.10938857e-01  4.90081960e-01
8.31088408e-01  2.83247577e-01  9.61591831e-01  9.15711956e-01  1.68089454e-01  9.71006012e-01
8.57723928e-01  1.93323308e-01  9.29523563e-01  9.21347266e-01  1.28096751e-01  9.44287479e-01
8.19617343e-01  3.94158208e-01  9.28531616e-01  9.16764492e-01  2.76558137e-01  9.38717823e-01
8.14823934e-01  5.92561762e-01  8.16286629e-01  9.30502525e-01  3.95958121e-01  8.23031119e-01
9.48752956e-01  4.96273862e-01  4.24019069e-01  9.87798242e-01  4.73577235e-01  4.37378446e-01
9.56886460e-01  3.49236843e-01  4.91860499e-01  9.81623492e-01  2.66513494e-01  5.25720908e-01
7.63055979e-01  7.18520243e-01  9.10007465e-01  9.14161565e-01  4.68897458e-01  9.10121915e-01
8.74268514e-01  5.81806490e-01  6.21111670e-01  9.60373845e-01  4.02847673e-01  6.29357313e-01
9.17374082e-01  3.78589609e-01  6.06674233e-01  9.62112647e-01  3.22497177e-01  6.37126052e-01
8.80630730e-01  8.07358727e-01  4.53369838e-01  9.77622090e-01  8.12427194e-01  4.22848589e-01
8.63218636e-01  8.04446525e-01  5.14086915e-01  9.64829742e-01  8.51486192e-01  4.95159251e-01
8.24152514e-01  4.06721662e-01  9.05270025e-01  9.20023724e-01  2.83976377e-01  9.16588579e-01
8.26288714e-01  5.42080776e-01  8.09831222e-01  9.30874697e-01  3.95227033e-01  8.20300660e-01
8.66334655e-01  5.36876756e-01  6.77222632e-01  9.51803101e-01  3.77248334e-01  6.90339855e-01
9.19180868e-01  4.22614690e-01  5.72254363e-01  9.66713533e-01  3.61187797e-01  5.99032252e-01
7.66847771e-01  6.03519260e-01  9.72099506e-01  9.08740300e-01  3.46415455e-01  9.74238936e-01
7.91168005e-01  5.53464801e-01  9.22005874e-01  9.14630956e-01  3.82556771e-01  9.27957254e-01
8.82103452e-01  7.78265078e-01  4.66959579e-01  9.73878844e-01  8.18425670e-01  4.44921292e-01
8.22800945e-01  5.03952361e-01  8.46431917e-01  9.27881733e-01  3.22532186e-01  8.56607656e-01
8.62033111e-01  3.79078382e-01  7.94578001e-01  9.36087791e-01  2.79662298e-01  8.14599362e-01
9.19817295e-01  6.53071257e-01  4.20178472e-01  9.87919395e-01  5.95985945e-01  4.07265878e-01
8.05197137e-01  7.40078688e-01  7.53199876e-01  9.36585482e-01  5.37461410e-01  7.50710483e-01
8.14158651e-01  6.41276763e-01  7.86916291e-01  9.32956963e-01  4.62094865e-01  7.91721420e-01
9.69906580e-01  2.45463388e-01  5.14723735e-01  9.78246973e-01  2.06206050e-01  5.61053409e-01
9.27807522e-01  3.64860861e-01  5.80159274e-01  9.66310768e-01  3.12131216e-01  6.12648476e-01
8.43548762e-01  2.85205335e-01  9.18003661e-01  9.21819117e-01  1.70398290e-01  9.31301938e-01
9.14744404e-01  4.71806324e-01  5.55382599e-01  9.69779789e-01  3.75513650e-01  5.75998738e-01
9.58713320e-01  3.55060224e-01  4.81578784e-01  9.80572278e-01  3.31716272e-01  5.16593730e-01
8.83270431e-01  6.89492530e-01  5.20927767e-01  9.67131914e-01  6.97131126e-01  5.17255285e-01
8.69889908e-01  5.46071996e-01  6.59477151e-01  9.52556803e-01  4.32206808e-01  6.73083780e-01
8.16216265e-01  7.26540891e-01  7.24272014e-01  9.38087881e-01  6.07678508e-01  7.24028689e-01
8.06955970e-01  6.06435508e-01  8.33698794e-01  9.24898255e-01  4.70938372e-01  8.40796216e-01
8.64973546e-01  8.69044523e-01  4.66189452e-01  9.71706686e-01  9.39833274e-01  4.30265000e-01
7.79819018e-01  6.00749154e-01  9.29547320e-01  9.11024781e-01  4.50544356e-01  9.34556853e-01
7.54176511e-01  8.00359214e-01  8.87322935e-01  9.17212276e-01  5.02376389e-01  8.83193864e-01
8.20038775e-01  5.97829490e-01  7.94858750e-01  9.30626282e-01  4.74249087e-01  8.03288071e-01
8.16611949e-01  7.58291006e-01  7.02612210e-01  9.41018247e-01  6.36562853e-01  6.98954741e-01
8.95070996e-01  7.31413905e-01  4.53343978e-01  9.74641648e-01  8.24117911e-01  4.38690147e-01
9.41656002e-01  2.82002212e-01  5.86929232e-01  9.66962821e-01  2.34131337e-01  6.26831922e-01
9.30748123e-01  4.21545033e-01  5.33670964e-01  9.72127639e-01  3.75349902e-01  5.60983080e-01
7.59898358e-01  7.07564332e-01  9.27843690e-01  9.10211760e-01  4.95968301e-01  9.29074991e-01
8.02372203e-01  9.13001916e-01  6.50224618e-01  9.50648350e-01  6.86694209e-01  6.24887547e-01
9.18625584e-01  3.49179687e-01  6.21518802e-01  9.62185543e-01  2.53460533e-01  6.52912740e-01
8.13044839e-01  3.35222972e-01  9.89122075e-01  9.11328186e-01  1.85021336e-01  9.95129202e-01
8.94215584e-01  7.10340589e-01  4.69930342e-01  9.79045730e-01  6.36476299e-01  4.54629604e-01
8.14400081e-01  3.42882605e-01  9.79545406e-01  9.11991828e-01  2.03952233e-01  9.86416428e-01
8.49839532e-01  7.48313249e-01  5.95961369e-01  9.57254537e-01  6.62391993e-01  5.88250857e-01
7.71723296e-01  6.73287607e-01  9.10239259e-01  9.13177826e-01  4.86235309e-01  9.12863870e-01
9.17732255e-01  2.87908233e-01  6.64331546e-01  9.56071068e-01  2.23905552e-01  6.99077165e-01
8.89417673e-01  6.21072678e-01  5.44177417e-01  9.71068236e-01  4.67130063e-01  5.45650977e-01
7.90085283e-01  8.05169297e-01  7.61958378e-01  9.33146951e-01  6.09165840e-01  7.55359847e-01
7.98859194e-01  4.16317850e-01  9.84641362e-01  9.10507365e-01  2.30432104e-01  9.89700428e-01
8.46024896e-01  2.84606536e-01  9.09982943e-01  9.22110763e-01  1.91739283e-01  9.24407112e-01
8.73998050e-01  2.86273379e-01  8.14202992e-01  9.37046951e-01  1.61305373e-01  8.36315882e-01
8.22779093e-01  9.35876339e-01  5.66077163e-01  9.59823308e-01  8.36191565e-01  5.30860843e-01
9.38694691e-01  5.22625320e-01  4.40767096e-01  9.86328083e-01  4.56748865e-01  4.50250734e-01
7.60802791e-01  6.41269469e-01  9.67818772e-01  9.07341936e-01  4.01226384e-01  9.69784031e-01
7.75261951e-01  6.28662345e-01  9.26899059e-01  9.10619263e-01  4.75711556e-01  9.31231481e-01
8.49595667e-01  5.23924045e-01  7.42474085e-01  9.43317638e-01  3.34550530e-01  7.54801699e-01
8.01578434e-01  7.45590704e-01  7.61611252e-01  9.33077822e-01  5.90789516e-01  7.60129731e-01
8.18701314e-01  3.54284131e-01  9.57534072e-01  9.14482562e-01  2.22518327e-01  9.66073802e-01
8.82128439e-01  7.85310443e-01  4.62300991e-01  9.77750558e-01  7.52714379e-01  4.35567283e-01
7.56398515e-01  7.33731424e-01  9.22740064e-01  9.12659748e-01  4.59097100e-01  9.22059329e-01
7.82249721e-01  6.07554802e-01  9.16875211e-01  9.16074976e-01  3.72964282e-01  9.20440240e-01
8.07190469e-01  8.84912082e-01  6.52099773e-01  9.48866864e-01  7.07507449e-01  6.31410066e-01
9.72651594e-01  3.41020412e-01  4.43365745e-01  9.88170622e-01  2.87917678e-01  4.78185872e-01
9.07101730e-01  7.05669637e-01  4.29504329e-01  9.81287639e-01  7.52274721e-01  4.13507762e-01
9.08792063e-01  2.64254707e-01  7.10046895e-01  9.50680905e-01  1.85148392e-01  7.42764102e-01
8.86158527e-01  7.26234559e-01  4.86969500e-01  9.70486760e-01  7.78220322e-01  4.76136735e-01
9.49412741e-01  2.30361101e-01  5.94117163e-01  9.67135708e-01  1.81789748e-01  6.38046753e-01
7.72574876e-01  5.39265498e-01  9.94072056e-01  9.03605026e-01  3.82902333e-01  9.98060534e-01
8.41211711e-01  7.02241068e-01  6.55171487e-01  9.52676113e-01  5.13123607e-01  6.52751331e-01
8.08758741e-01  4.29128440e-01  9.42702796e-01  9.16230118e-01  2.42743523e-01  9.50106009e-01
8.69966389e-01  2.63560412e-01  8.42343452e-01  9.33231268e-01  1.49289689e-01  8.63095351e-01
9.25054431e-01  5.65818977e-01  4.59338863e-01  9.83052078e-01  4.89779186e-01  4.63995652e-01
7.89398062e-01  4.58690914e-01  9.89555193e-01  9.06299038e-01  3.25661891e-01  9.94779457e-01
8.48893261e-01  3.47870426e-01  8.59462519e-01  9.28120692e-01  2.36119520e-01  8.75937351e-01
9.02810319e-01  4.91440112e-01  5.82862282e-01  9.67293589e-01  3.38525474e-01  6.00132379e-01
8.42278019e-01  7.86072269e-01  5.97123315e-01  9.56761480e-01  6.90236630e-01  5.84856556e-01
8.31773922e-01  2.45118732e-01  9.84021907e-01  9.12414285e-01  1.67331763e-01  9.92329926e-01
8.59077976e-01  7.63461039e-01  5.54756887e-01  9.66302147e-01  6.21797241e-01  5.39795960e-01
8.85374812e-01  7.77130180e-01  4.56588394e-01  9.77611332e-01  7.74328813e-01  4.31371144e-01
8.18092607e-01  7.01447859e-01  7.34191924e-01  9.36454599e-01  5.99296249e-01  7.36474879e-01
1.00278560e+00  2.97660954e-01  3.69194399e-01  9.97800616e-01  3.19272577e-01  4.09057535e-01
8.45038656e-01  4.92808309e-01  7.78448653e-01  9.38663090e-01  3.07116039e-01  7.91622441e-01
7.68582021e-01  7.91285340e-01  8.43995888e-01  9.22604709e-01  5.37208725e-01  8.39899470e-01
9.53764892e-01  3.05013279e-01  5.31170893e-01  9.76648973e-01  2.16122255e-01  5.69481174e-01
9.16150081e-01  4.02952649e-01  5.95013354e-01  9.63735100e-01  3.37141196e-01  6.23275149e-01
8.97839505e-01  3.10472794e-01  7.17231743e-01  9.48090480e-01  2.38619648e-01  7.46784495e-01
8.88660382e-01  1.90313059e-01  8.26715133e-01  9.35422430e-01  1.35762628e-01  8.52746487e-01
9.37871929e-01  4.10613091e-01  5.16578677e-01  9.74341830e-01  3.81054321e-01  5.45442838e-01
8.79801969e-01  7.65705925e-01  4.83226048e-01  9.75317293e-01  7.08953412e-01  4.61988201e-01
7.44576297e-01  8.40235234e-01  8.93736372e-01  9.15419802e-01  5.28330820e-01  8.88060321e-01
8.48704560e-01  8.53429611e-01  5.31570375e-01  9.65057953e-01  8.04964813e-01  5.04648881e-01
9.54242134e-01  3.52487344e-01  4.98431338e-01  9.78296615e-01  3.21226524e-01  5.33654748e-01
9.08353474e-01  3.20501947e-01  6.75017834e-01  9.53747025e-01  2.54572677e-01  7.06758571e-01
8.97722911e-01  2.50529874e-01  7.56843388e-01  9.43893588e-01  1.85242197e-01  7.86778833e-01
8.08581395e-01  5.76556055e-01  8.47878554e-01  9.27578497e-01  3.44147622e-01  8.53978940e-01
9.00981319e-01  4.97051461e-01  5.85429332e-01  9.64375955e-01  4.02167076e-01  6.03856264e-01
8.17741224e-01  4.81360971e-01  8.78281758e-01  9.21478132e-01  3.59231432e-01  8.89027697e-01
7.69893106e-01  7.03323653e-01  8.96953442e-01  9.16800278e-01  4.53115995e-01  8.97433985e-01
8.48772208e-01  6.31390527e-01  6.75794931e-01  9.50458595e-01  4.56917783e-01  6.80719422e-01
7.83698273e-01  5.56029318e-01  9.45410303e-01  9.10036397e-01  4.07730977e-01  9.50975033e-01
7.64973487e-01  6.74131179e-01  9.32316528e-01  9.10070017e-01  4.76166414e-01  9.34646249e-01
8.80184113e-01  8.05716040e-01  4.55953033e-01  9.79837313e-01  7.48360341e-01  4.23728609e-01
8.66825196e-01  2.43875185e-01  8.65791652e-01  9.29272969e-01  1.61514294e-01  8.85598278e-01
7.95537886e-01  8.90219771e-01  6.88223519e-01  9.44855199e-01  6.57891583e-01  6.68814334e-01
8.36102749e-01  4.86561413e-01  8.12551413e-01  9.32340987e-01  3.33413124e-01  8.25452544e-01
8.07598032e-01  6.43451493e-01  8.07783091e-01  9.29401554e-01  4.70564591e-01  8.12524820e-01
7.98578308e-01  6.59333444e-01  8.27803186e-01  9.24725678e-01  5.12052729e-01  8.32222533e-01
9.64918236e-01  3.41849850e-01  4.69086269e-01  9.84649128e-01  2.74228160e-01  5.03988322e-01
8.16169729e-01  3.90653928e-01  9.42516127e-01  9.16334209e-01  2.35439890e-01  9.51158213e-01
7.73826508e-01  5.96396679e-01  9.52724811e-01  9.08698518e-01  4.19370923e-01  9.56813165e-01
8.57273055e-01  8.06379196e-01  5.33021933e-01  9.68962272e-01  6.75385378e-01  5.10122793e-01
8.38839366e-01  5.79353710e-01  7.43010824e-01  9.38339463e-01  4.74699015e-01  7.53724776e-01
8.33666336e-01  3.68902248e-01  8.97517184e-01  9.22273431e-01  2.49015753e-01  9.10394520e-01
9.49085968e-01  3.51116624e-01  5.17127174e-01  9.77377929e-01  2.74403771e-01  5.51085382e-01
8.17906890e-01  7.71277463e-01  6.89783844e-01  9.44065882e-01  6.18736925e-01  6.83610307e-01
9.21365728e-01  5.18433725e-01  5.02330166e-01  9.78083589e-01  4.05284837e-01  5.15230020e-01
7.64194769e-01  6.32233133e-01  9.62165406e-01  9.05404191e-01  4.71281803e-01  9.65714660e-01
8.68606138e-01  5.38983129e-01  6.68140961e-01  9.50230189e-01  4.51226767e-01  6.83007695e-01
7.80951069e-01  5.47182816e-01  9.60485867e-01  9.11469829e-01  3.12475336e-01  9.64211595e-01
8.49836928e-01  7.93699035e-01  5.66801515e-01  9.58922984e-01  7.68922780e-01  5.52987548e-01
8.23129477e-01  4.01293299e-01  9.11972263e-01  9.21006791e-01  2.31340997e-01  9.22161740e-01
8.00128899e-01  4.33663335e-01  9.69065234e-01  9.10230464e-01  2.97445633e-01  9.75697506e-01
8.93787309e-01  7.06197471e-01  4.74372028e-01  9.79001282e-01  6.18074543e-01  4.59763255e-01
8.34459134e-01  6.43640974e-01  7.16146409e-01  9.41068311e-01  5.33925939e-01  7.22282705e-01
8.24265604e-01  5.25676422e-01  8.27650575e-01  9.30004117e-01  3.47499721e-01  8.37636351e-01
8.39200555e-01  3.21056251e-01  9.09491507e-01  9.20960101e-01  2.28446199e-01  9.23142732e-01
7.99516351e-01  6.43974082e-01  8.34887633e-01  9.23777666e-01  5.06343367e-01  8.40161757e-01
8.26020509e-01  4.53822171e-01  8.68046701e-01  9.24660929e-01  3.11572958e-01  8.79840238e-01
8.48596678e-01  4.17005352e-01  8.15284942e-01  9.34649081e-01  2.47521591e-01  8.30875703e-01
7.74325071e-01  7.43934241e-01  8.55236852e-01  9.21525516e-01  5.06769497e-01  8.53986232e-01
8.65348195e-01  6.17667609e-01  6.28118694e-01  9.53773267e-01  5.53153345e-01  6.36291790e-01
8.43065828e-01  1.92812231e-01  9.79637104e-01  9.14481221e-01  1.25338022e-01  9.88963723e-01
8.76176276e-01  6.97261499e-01  5.39973721e-01  9.69983555e-01  5.56527438e-01  5.32074399e-01
8.37181963e-01  3.33580493e-01  9.08215688e-01  9.23000373e-01  1.83515732e-01  9.20638984e-01
7.62892353e-01  6.42441865e-01  9.59961592e-01  9.09277092e-01  3.83029312e-01  9.61659875e-01
8.89557788e-01  4.66631181e-01  6.43969274e-01  9.54922750e-01  3.97316294e-01  6.65611891e-01
8.60995354e-01  3.53427119e-01  8.14757483e-01  9.35574589e-01  2.12508565e-01  8.33701177e-01
9.39085056e-01  2.60865318e-01  6.09679605e-01  9.64898504e-01  1.95348829e-01  6.49715454e-01
9.04062676e-01  2.25868879e-01  7.51028613e-01  9.45201797e-01  1.64130420e-01  7.82844983e-01
8.41615285e-01  2.54358582e-01  9.44897184e-01  9.19174355e-01  1.38824347e-01  9.56211039e-01
8.03238269e-01  4.03109456e-01  9.78643098e-01  9.10820507e-01  2.45598176e-01  9.84637814e-01
8.67673079e-01  8.23199428e-01  4.86786979e-01  9.72990222e-01  7.87218813e-01  4.57966260e-01
8.01914282e-01  7.24328288e-01  7.74275623e-01  9.31541648e-01  5.71439814e-01  7.74535538e-01
8.81120539e-01  5.88527368e-01  5.93777937e-01  9.61269298e-01  4.92608096e-01  6.02998661e-01
7.57603687e-01  6.94829745e-01  9.43905324e-01  9.08597559e-01  4.71179085e-01  9.45262221e-01
8.67415694e-01  3.64766257e-01  7.85294269e-01  9.37391210e-01  2.74918242e-01  8.06842493e-01
8.83768968e-01  6.45335153e-01  5.47605867e-01  9.66845563e-01  5.68558455e-01  5.48846145e-01
9.32197163e-01  4.63740710e-01  5.01058610e-01  9.75457686e-01  4.41181233e-01  5.23615651e-01
7.66179497e-01  6.34827124e-01  9.54040254e-01  9.10547322e-01  3.75090311e-01  9.55900334e-01
9.07088763e-01  5.59168179e-01  5.24362575e-01  9.69716304e-01  5.42436268e-01  5.36589429e-01
8.36295773e-01  3.21738348e-01  9.18913997e-01  9.20818461e-01  1.98027511e-01  9.31213028e-01
7.86816897e-01  4.73691688e-01  9.88581334e-01  9.07505233e-01  3.00122665e-01  9.93058278e-01
8.45741221e-01  6.45888681e-01  6.76377188e-01  9.50994553e-01  4.45624925e-01  6.79425479e-01
8.27954510e-01  6.27131865e-01  7.48953927e-01  9.38382374e-01  4.67366251e-01  7.55176074e-01
8.35728184e-01  6.64731192e-01  6.98442818e-01  9.46673848e-01  4.75327309e-01  7.00652798e-01
8.74692111e-01  8.22634433e-01  4.63319614e-01  9.70944699e-01  9.35094866e-01  4.36266355e-01
9.52612465e-01  4.20469073e-01  4.59830186e-01  9.84763800e-01  3.53473955e-01  4.84595550e-01
8.60888142e-01  2.97530715e-01  8.51115511e-01  9.29687963e-01  2.14185787e-01  8.70535852e-01
7.61029808e-01  7.00160181e-01  9.28809526e-01  9.11757525e-01  4.51782753e-01  9.29566736e-01
8.73907159e-01  7.37290261e-01  5.21690272e-01  9.66700385e-01  7.34093412e-01  5.11319853e-01
8.86892532e-01  7.88529659e-01  4.44331343e-01  9.74238137e-01  9.15810366e-01  4.20205798e-01
8.47655355e-01  4.55359130e-01  7.93876943e-01  9.36540128e-01  2.91732840e-01  8.08856953e-01
9.32973068e-01  4.15207133e-01  5.29933542e-01  9.75703542e-01  2.98157784e-01  5.55712563e-01
9.87000024e-01  3.16251979e-01  4.10725192e-01  9.93390948e-01  2.74342103e-01  4.47910011e-01
7.66266108e-01  6.60816156e-01  9.36572363e-01  9.09999575e-01  4.59057090e-01  9.39126336e-01
8.00954812e-01  5.78207511e-01  8.72407851e-01  9.23255988e-01  3.57118792e-01  8.78125203e-01
8.03462788e-01  3.99994069e-01  9.79605850e-01  9.10581025e-01  2.45586607e-01  9.85659937e-01
7.85506020e-01  6.95125354e-01  8.49255082e-01  9.22807851e-01  4.87925468e-01  8.50716743e-01
7.81230258e-01  6.61966488e-01  8.85008113e-01  9.19751491e-01  4.14769837e-01  8.87022688e-01
8.78357626e-01  7.64117949e-01  4.88864020e-01  9.76328246e-01  6.58332326e-01  4.66908013e-01
8.72149730e-01  2.88002189e-01  8.19058795e-01  9.34447190e-01  2.07365079e-01  8.41625012e-01
8.28287947e-01  9.17586905e-01  5.59245484e-01  9.63559916e-01  7.64628134e-01  5.23750910e-01
7.98687206e-01  5.37183807e-01  9.06743648e-01  9.16118345e-01  3.97977767e-01  9.14272753e-01
8.47602228e-01  8.08825895e-01  5.64569636e-01  9.63599645e-01  6.75183318e-01  5.45071166e-01
8.28790514e-01  4.98182927e-01  8.29837852e-01  9.30519029e-01  3.17293981e-01  8.40930329e-01
8.51187347e-01  2.82157245e-01  8.94339075e-01  9.24648391e-01  1.85473107e-01  9.10126958e-01
8.44093999e-01  2.12648482e-01  9.63264736e-01  9.16553504e-01  1.32752357e-01  9.73929998e-01
8.56334686e-01  1.99963677e-01  9.30227529e-01  9.21274645e-01  1.30532210e-01  9.44695924e-01
9.28214905e-01  2.91649372e-01  6.26307548e-01  9.63195676e-01  1.87567265e-01  6.61949837e-01
8.45549111e-01  7.60541223e-01  6.02592104e-01  9.59628922e-01  5.84806507e-01  5.91293193e-01
8.46933947e-01  2.79888261e-01  9.10257013e-01  9.22301998e-01  1.87339952e-01  9.24732914e-01
7.84723002e-01  5.57327580e-01  9.41385961e-01  9.13010162e-01  3.50161613e-01  9.45977567e-01
8.73431502e-01  5.74388986e-01  6.28768593e-01  9.55065300e-01  4.99032275e-01  6.40749670e-01
9.60264253e-01  2.87709594e-01  5.20335417e-01  9.76564795e-01  2.49405942e-01  5.62184616e-01
9.01874549e-01  5.20235056e-01  5.67642814e-01  9.69029062e-01  3.71513934e-01  5.81754022e-01
8.54728435e-01  8.74681813e-01  4.97615753e-01  9.70784682e-01  8.31417065e-01  4.62218148e-01
8.55356151e-01  9.06561472e-01  4.74489464e-01  9.72223877e-01  9.20166282e-01  4.31579173e-01
8.52161613e-01  5.05457044e-01  7.46047133e-01  9.40735945e-01  3.81035910e-01  7.60927110e-01
8.68014777e-01  7.33859268e-01  5.43926885e-01  9.69461415e-01  5.74903183e-01  5.31095938e-01
8.82363542e-01  5.19306025e-01  6.34201180e-01  9.59400555e-01  3.47592829e-01  6.48607293e-01
8.99696010e-01  2.52691686e-01  7.48442039e-01  9.45077323e-01  1.84104521e-01  7.78940306e-01
7.47695075e-01  7.16897192e-01  9.63227729e-01  9.06827713e-01  4.42664534e-01  9.63324651e-01
8.85627748e-01  6.81021941e-01  5.18125035e-01  9.68017496e-01  6.80200503e-01  5.15046956e-01
9.78886476e-01  3.43514990e-01  4.20575529e-01  9.92449572e-01  2.75827481e-01  4.53596269e-01
7.95702643e-01  4.23213633e-01  9.91181187e-01  9.08706684e-01  2.54782184e-01  9.96029798e-01
8.94666180e-01  4.40309533e-01  6.44009483e-01  9.55850189e-01  3.65496410e-01  6.67673112e-01
7.85092239e-01  6.67945403e-01  8.68011204e-01  9.22696084e-01  4.08483707e-01  8.69621585e-01
8.73479623e-01  3.76589987e-01  7.57026584e-01  9.43715093e-01  2.23722444e-01  7.78347123e-01
8.14984125e-01  7.96274541e-01  6.83181624e-01  9.43503788e-01  6.68146507e-01  6.75065141e-01
8.35841597e-01  7.46257858e-01  6.44829516e-01  9.54446065e-01  5.32244927e-01  6.36900502e-01
8.53918430e-01  3.56882891e-01  8.36247804e-01  9.30454835e-01  2.61522669e-01  8.54473191e-01
7.70176487e-01  6.35917826e-01  9.39756983e-01  9.10558157e-01  4.30678678e-01  9.42742530e-01
8.12340913e-01  4.03376440e-01  9.47555871e-01  9.15433413e-01  2.43598153e-01  9.55529659e-01
7.62813457e-01  6.43569960e-01  9.59495718e-01  9.06563720e-01  4.53838633e-01  9.62386498e-01
7.82355799e-01  7.06276159e-01  8.52414755e-01  9.20589136e-01  5.31794175e-01  8.54098433e-01
9.39523038e-01  3.29105661e-01  5.63888859e-01  9.70067981e-01  2.66321896e-01  5.99859024e-01
8.25298414e-01  8.48014280e-01  6.14565705e-01  9.53852042e-01  7.22839489e-01  5.95835629e-01
9.41113416e-01  3.67935988e-01  5.32981321e-01  9.73103311e-01  3.24683324e-01  5.66139883e-01
7.69592066e-01  6.08218947e-01  9.59429180e-01  9.07926274e-01  4.14663298e-01  9.62873380e-01
7.54551909e-01  6.65548684e-01  9.73282193e-01  9.05489734e-01  4.29931906e-01  9.74902026e-01
9.06267153e-01  3.33816410e-01  6.73458054e-01  9.53664319e-01  2.67141387e-01  7.04329669e-01
8.29368857e-01  9.13609159e-01  5.58157102e-01  9.60775148e-01  8.33061058e-01  5.25494793e-01
8.71076935e-01  7.01541066e-01  5.54212466e-01  9.62951296e-01  6.67730666e-01  5.50466792e-01
8.98524308e-01  5.27278413e-01  5.74445469e-01  9.63676451e-01  4.78218067e-01  5.90952165e-01
9.62979209e-01  4.66101415e-01  3.95301741e-01  9.92649331e-01  4.54516107e-01  4.10761662e-01
9.34322536e-01  5.25872918e-01  4.53504481e-01  9.83054697e-01  4.85064794e-01  4.64572622e-01
7.48130365e-01  8.41921639e-01  8.80571847e-01  9.17236211e-01  5.36785285e-01  8.74422647e-01
9.58010938e-01  4.28989494e-01  4.35967654e-01  9.86268662e-01  4.16096747e-01  4.60202787e-01
8.62013140e-01  5.80812816e-01  6.63669343e-01  9.51974507e-01  4.45159898e-01  6.73767740e-01
8.12285561e-01  7.51058958e-01  7.21701438e-01  9.38193662e-01  6.24945875e-01  7.19284925e-01
8.47796264e-01  4.40948202e-01  8.02754296e-01  9.33901102e-01  3.20817231e-01  8.18930821e-01
8.41723969e-01  5.69486222e-01  7.39621941e-01  9.39347526e-01  4.59244592e-01  7.50899701e-01
9.85210551e-01  2.95204682e-01  4.30465528e-01  9.89854008e-01  2.69482723e-01  4.71732505e-01
8.34195312e-01  7.96496837e-01  6.17802003e-01  9.55464895e-01  6.42702171e-01  6.04361680e-01
