8.29877877e-01  2.57695242e-01  9.82295440e-01  9.13835422e-01  1.38535096e-01  9.89997460e-01
8.61205063e-01  6.71556886e-01  6.07200583e-01  9.56001465e-01  6.07433293e-01  6.09224979e-01
8.60017175e-01  5.81429034e-01  6.70046589e-01  9.49519855e-01  4.81061155e-01  6.81054257e-01
1.00561150e+00  2.79213558e-01  3.71575332e-01  9.99310472e-01  2.62341647e-01  4.12780203e-01
9.29399163e-01  3.63850416e-01  5.75708700e-01  9.69276056e-01  2.58183617e-01  6.06852867e-01
7.95536925e-01  5.92458729e-01  8.81850166e-01  9.19326588e-01  4.25029368e-01  8.87847873e-01
8.36937867e-01  3.40494664e-01  9.04555175e-01  9.23253635e-01  1.91561143e-01  9.17120733e-01
8.23709355e-01  6.92497708e-01  7.21229086e-01  9.44248790e-01  4.56651841e-01  7.20599287e-01
8.10742349e-01  7.15744925e-01  7.49869629e-01  9.34463935e-01  5.92166241e-01  7.50917787e-01
8.07187422e-01  3.66407266e-01  9.88765921e-01  9.10914764e-01  1.99827292e-01  9.94294066e-01
8.87428272e-01  3.57101103e-01  7.22610129e-01  9.47178077e-01  2.59109247e-01  7.48326887e-01
7.59898358e-01  7.07564332e-01  9.27843690e-01  9.10211760e-01  4.95968301e-01  9.29074991e-01
7.66512469e-01  8.66612677e-01  8.02414006e-01  9.28853852e-01  5.74985032e-01  7.91451308e-01
8.14673941e-01  3.75857748e-01  9.57500926e-01  9.14135637e-01  2.36301243e-01  9.65569371e-01
7.35443699e-01  7.69790943e-01  9.70489780e-01  9.04733438e-01  4.73998964e-01  9.69375883e-01
9.86815163e-01  2.83621040e-01  4.32834847e-01  9.89574565e-01  2.62130278e-01  4.75771496e-01
9.57184968e-01  3.57339727e-01  4.85288565e-01  9.80666735e-01  3.16725280e-01  5.19517535e-01
8.20038775e-01  5.97829490e-01  7.94858750e-01  9.30626282e-01  4.74249087e-01  8.03288071e-01
8.16643196e-01  9.16154974e-01  5.99717104e-01  9.57901409e-01  7.26433774e-01  5.69025149e-01
8.82942059e-01  7.98453446e-01  4.51005381e-01  9.76888611e-01  8.31046841e-01  4.22651606e-01
9.48368428e-01  5.14553141e-01  4.13457704e-01  9.91420549e-01  4.43890102e-01  4.21142179e-01
8.46914496e-01  7.86815340e-01  5.81194163e-01  9.56786590e-01  7.57163936e-01  5.69454412e-01
8.21331350e-01  3.46706419e-01  9.53522265e-01  9.14710035e-01  2.30474895e-01  9.62741807e-01
9.48166086e-01  3.79559776e-01  5.01487275e-01  9.79475536e-01  2.96265189e-01  5.31972484e-01
8.73981265e-01  5.09342145e-01  6.69431505e-01  9.54614858e-01  3.28702134e-01  6.84256940e-01
8.95310499e-01  5.77861651e-01  5.52220623e-01  9.65376712e-01  5.47951733e-01  5.63115937e-01
8.57132876e-01  1.87682863e-01  9.35193347e-01  9.20728834e-01  1.23034295e-01  9.49444957e-01
7.49825171e-01  7.25351076e-01  9.50504816e-01  9.08893060e-01  4.42278659e-01  9.50172024e-01
9.42433666e-01  4.89273260e-01  4.49723718e-01  9.82457932e-01  4.90543986e-01  4.67109005e-01
7.98859194e-01  4.16317850e-01  9.84641362e-01  9.10507365e-01  2.30432104e-01  9.89700428e-01
9.51623034e-01  2.68262529e-01  5.62005374e-01  9.71387491e-01  2.10854714e-01  6.03941437e-01
8.43951763e-01  3.86055919e-01  8.51153325e-01  9.29799510e-01  2.30155259e-01  8.66060592e-01
9.04062676e-01  2.25868879e-01  7.51028613e-01  9.45201797e-01  1.64130420e-01  7.82844983e-01
8.28494277e-01  2.75755986e-01  9.75564503e-01  9.14581699e-01  1.47790247e-01  9.83549207e-01
7.51014414e-01  6.61423181e-01  9.87975161e-01  9.04450402e-01  3.97937601e-01  9.89099627e-01
8.94136412e-01  7.11460256e-01  4.69471772e-01  9.73215460e-01  7.76278660e-01  4.59097813e-01
7.51195987e-01  6.88962612e-01  9.69477036e-01  9.07272599e-01  4.02724425e-01  9.69875908e-01
7.59503399e-01  7.96980572e-01  8.71128632e-01  9.18675367e-01  5.27980199e-01  8.67267732e-01
9.66626986e-01  2.59780680e-01  5.16564841e-01  9.78344801e-01  2.04301122e-01  5.60874634e-01
9.65308616e-01  4.23786897e-01  4.14565682e-01  9.88718069e-01  4.39017576e-01  4.39101095e-01
8.35048220e-01  8.42496712e-01  5.85041032e-01  9.60301687e-01  6.87076191e-01  5.62901112e-01
8.45471586e-01  4.93631892e-01  7.76442839e-01  9.36685180e-01  3.64109074e-01  7.90886186e-01
7.57703097e-01  6.40060030e-01  9.79427594e-01  9.03556626e-01  4.54004532e-01  9.82145886e-01
8.96413521e-01  7.22890300e-01  4.54616802e-01  9.77277924e-01  7.52862235e-01  4.39079141e-01
8.68316994e-01  4.49789488e-01  7.27329264e-01  9.44126410e-01  3.48246554e-01  7.46907404e-01
8.82128439e-01  7.85310443e-01  4.62300991e-01  9.77750558e-01  7.52714379e-01  4.35567283e-01
7.65936675e-01  7.83749572e-01  8.57872324e-01  9.21091288e-01  5.17367313e-01  8.54275314e-01
8.59418062e-01  5.03606870e-01  7.22310476e-01  9.46920921e-01  3.14379894e-01  7.36446398e-01
8.74396622e-01  4.99436663e-01  6.74451315e-01  9.51374107e-01  3.85327286e-01  6.91704645e-01
9.18063303e-01  2.27378035e-01  7.02506218e-01  9.52252772e-01  1.61000051e-01  7.38370834e-01
8.52418764e-01  7.00359336e-01  6.18634269e-01  9.55365800e-01  5.94066825e-01  6.16964023e-01
7.48257847e-01  7.51444452e-01  9.38884846e-01  9.09818365e-01  4.69530716e-01  9.37822243e-01
8.69690752e-01  2.66170196e-01  8.41584319e-01  9.31777718e-01  1.89079755e-01  8.63047227e-01
9.78553659e-01  3.85745813e-01  3.94586367e-01  9.96093579e-01  3.21312927e-01  4.20038608e-01
8.12488233e-01  4.75777380e-01  8.99746366e-01  9.18645539e-01  3.49346049e-01  9.09518261e-01
8.19895165e-01  4.42410725e-01  8.96555095e-01  9.20414434e-01  3.12661539e-01  9.07329362e-01
7.58151162e-01  7.89676756e-01  8.80463486e-01  9.18302471e-01  4.97986508e-01  8.76720749e-01
9.37392635e-01  2.47972655e-01  6.23499244e-01  9.63361749e-01  1.76052521e-01  6.63596045e-01
8.60231221e-01  6.00979171e-01  6.56627679e-01  9.53762013e-01  4.37299057e-01  6.64157058e-01
9.16272783e-01  3.63544311e-01  6.20182434e-01  9.63351822e-01  2.35941549e-01  6.49559292e-01
8.02745763e-01  9.17684660e-01  6.45915608e-01  9.50318364e-01  7.15271951e-01  6.20275031e-01
8.28722899e-01  7.41068731e-01  6.72371754e-01  9.50423556e-01  5.17371423e-01  6.66194535e-01
8.15597720e-01  4.24876835e-01  9.22236467e-01  9.16711552e-01  3.05878799e-01  9.32153721e-01
9.16961002e-01  2.38927057e-01  6.99048843e-01  9.52770347e-01  1.66318539e-01  7.34316122e-01
7.86892783e-01  5.07164797e-01  9.66290200e-01  9.08356739e-01  3.64309533e-01  9.71969045e-01
8.21066947e-01  5.77277905e-01  8.05009785e-01  9.33136111e-01  3.69041480e-01  8.12481755e-01
9.39287701e-01  3.45797270e-01  5.53553636e-01  9.70294961e-01  3.04943267e-01  5.88794413e-01
7.80275202e-01  6.26160569e-01  9.11498807e-01  9.14029055e-01  4.48810069e-01  9.15701189e-01
8.16488207e-01  8.85156486e-01  6.20368517e-01  9.53440314e-01  7.29142545e-01  5.96991599e-01
7.75196275e-01  6.08508395e-01  9.40507613e-01  9.12954157e-01  3.62796970e-01  9.43361665e-01
8.39430076e-01  9.33750617e-01  5.10916631e-01  9.69859376e-01  8.36060982e-01  4.66541525e-01
8.97090288e-01  6.84155816e-01  4.77168866e-01  9.79018814e-01  5.89065707e-01  4.65964420e-01
9.22013032e-01  6.39078480e-01  4.22104286e-01  9.81350374e-01  7.32559750e-01  4.17747155e-01
9.42277664e-01  5.06336767e-01  4.39473357e-01  9.87184887e-01  4.32883407e-01  4.50892040e-01
8.63495235e-01  7.57745766e-01  5.43467326e-01  9.63302437e-01  7.36419948e-01  5.32043174e-01
8.82450422e-01  7.04272696e-01  5.13819696e-01  9.74085246e-01  5.67986838e-01  5.02560615e-01
9.60725570e-01  2.74530941e-01  5.27027249e-01  9.75794607e-01  2.34811417e-01  5.70042938e-01
8.61529969e-01  2.67495680e-01  8.68437854e-01  9.29101699e-01  1.60946498e-01  8.86830163e-01
8.17831147e-01  5.33945827e-01  8.43835285e-01  9.28628281e-01  3.20740360e-01  8.52242573e-01
8.30291719e-01  4.65537056e-01  8.45935121e-01  9.26496910e-01  3.50185535e-01  8.58976419e-01
8.41142226e-01  9.24875937e-01  5.11161683e-01  9.66246770e-01  9.15598528e-01  4.71495153e-01
7.64502139e-01  8.22989364e-01  8.37563899e-01  9.23384686e-01  5.54688173e-01  8.31298892e-01
8.39288953e-01  2.31717563e-01  9.67201665e-01  9.16280514e-01  1.27747758e-01  9.76858813e-01
7.60657487e-01  6.16625018e-01  9.84314615e-01  9.05940726e-01  3.69364127e-01  9.86270982e-01
9.35038785e-01  4.50087545e-01  5.00273991e-01  9.79149207e-01  3.48213553e-01  5.21834189e-01
8.23543347e-01  6.43784858e-01  7.53418253e-01  9.35638923e-01  5.25925532e-01  7.59495944e-01
9.25378774e-01  5.17633941e-01  4.89222772e-01  9.80067227e-01  4.09097072e-01  5.01613606e-01
8.11865267e-01  9.38055387e-01  6.01722792e-01  9.56892938e-01  7.55156809e-01  5.68728836e-01
9.36115576e-01  2.40822506e-01  6.32477573e-01  9.61340205e-01  1.90676441e-01  6.73115062e-01
8.04461733e-01  5.12454135e-01  9.03488965e-01  9.19625859e-01  3.19418653e-01  9.10794864e-01
8.48009337e-01  2.53135244e-01  9.23678302e-01  9.20785798e-01  1.71478316e-01  9.37673506e-01
7.51597687e-01  7.89506087e-01  9.02829359e-01  9.14246860e-01  5.09871313e-01  8.99927700e-01
7.60325847e-01  6.35253003e-01  9.73343904e-01  9.03960723e-01  4.64720588e-01  9.76515378e-01
8.44093999e-01  2.12648482e-01  9.63264736e-01  9.16553504e-01  1.32752357e-01  9.73929998e-01
7.93738323e-01  7.39615718e-01  7.92114467e-01  9.28949753e-01  5.70394527e-01  7.91401031e-01
7.85534778e-01  6.35431085e-01  8.87617490e-01  9.16179397e-01  4.88890931e-01  8.92475817e-01
9.69638808e-01  3.92501740e-01  4.20173262e-01  9.90187781e-01  3.62001015e-01  4.47810082e-01
9.47162735e-01  4.11537120e-01  4.84133646e-01  9.79280703e-01  3.84987694e-01  5.12333012e-01
7.56340999e-01  6.87478078e-01  9.52967361e-01  9.08212397e-01  4.44005253e-01  9.54130068e-01
8.90043452e-01  3.17644121e-01  7.39347361e-01  9.46261112e-01  2.08735382e-01  7.66066764e-01
8.92995246e-01  6.44448914e-01  5.16852102e-01  9.68968934e-01  6.40293871e-01  5.18342006e-01
8.41310547e-01  2.08017033e-01  9.75725327e-01  9.14871919e-01  1.30762882e-01  9.85181170e-01
7.89012784e-01  4.65103070e-01  9.86701096e-01  9.09025132e-01  2.67643743e-01  9.90959529e-01
7.92165391e-01  7.57922115e-01  7.85868521e-01  9.31425335e-01  5.41760601e-01  7.82785364e-01
8.49798618e-01  7.08454227e-01  6.21977935e-01  9.52596093e-01  6.49967420e-01  6.21045760e-01
8.75732948e-01  5.67686052e-01  6.25603697e-01  9.58722691e-01  4.21093658e-01  6.36164788e-01
8.49323664e-01  7.25966943e-01  6.12518499e-01  9.54180090e-01  6.60258139e-01  6.08982603e-01
9.02238066e-01  3.29617531e-01  6.89866438e-01  9.53625801e-01  2.07080936e-01  7.18717466e-01
9.88028291e-01  3.05806684e-01  4.14014847e-01  9.92105174e-01  2.85448686e-01  4.53539322e-01
7.76522254e-01  5.70782120e-01  9.60201703e-01  9.08035179e-01  4.03866562e-01  9.64717175e-01
9.95739823e-01  2.43693045e-01  4.28155099e-01  9.90445920e-01  2.33396507e-01  4.76433313e-01
9.18529069e-01  3.72705807e-01  6.06572295e-01  9.62422791e-01  3.12728425e-01  6.37437393e-01
7.94520630e-01  8.50315611e-01  7.17585749e-01  9.40764348e-01  6.19284087e-01  7.04134670e-01
8.84068335e-01  3.02932879e-01  7.68890959e-01  9.41126521e-01  2.23866076e-01  7.94911424e-01
8.95140258e-01  4.09861201e-01  6.61870251e-01  9.53662543e-01  3.38530580e-01  6.87532969e-01
8.42161579e-01  8.45055220e-01  5.59522675e-01  9.62421270e-01  7.46583747e-01  5.35816343e-01
8.66357170e-01  5.35312859e-01  6.78458273e-01  9.48768534e-01  4.48514358e-01  6.93534629e-01
8.40850796e-01  3.56579651e-01  8.80821852e-01  9.24263115e-01  2.55255559e-01  8.95650967e-01
9.92439658e-01  3.37891741e-01  3.78206044e-01  9.99048604e-01  2.82275561e-01  4.09766074e-01
9.08462457e-01  6.78610133e-01  4.42154032e-01  9.82416408e-01  6.50983494e-01  4.29601758e-01
9.41691151e-01  2.45006212e-01  6.10828740e-01  9.64356228e-01  1.95909000e-01  6.52544426e-01
7.27324999e-01  7.90711513e-01  9.84477650e-01  9.02640130e-01  4.73150704e-01  9.82998418e-01
9.31476288e-01  4.75051048e-01  4.96461512e-01  9.79720104e-01  3.65727149e-01  5.14566475e-01
8.69992328e-01  8.46006410e-01  4.64104818e-01  9.74830620e-01  8.58485660e-01  4.29387027e-01
8.38423067e-01  3.16655557e-01  9.15287926e-01  9.22394528e-01  1.72655124e-01  9.27597125e-01
8.90437349e-01  2.60540918e-01  7.74786875e-01  9.42329909e-01  1.61153985e-01  8.01960509e-01
8.76719604e-01  8.10932562e-01  4.64032682e-01  9.77187052e-01  7.77422935e-01  4.33363094e-01
8.39686873e-01  2.78518182e-01  9.35461323e-01  9.19953675e-01  1.53926735e-01  9.47141775e-01
8.75389811e-01  7.06283510e-01  5.36488582e-01  9.64946071e-01  6.94445549e-01  5.31386770e-01
8.59966738e-01  8.36942730e-01  5.04032244e-01  9.71067791e-01  7.68572321e-01  4.74682715e-01
8.24248425e-01  3.40501915e-01  9.47644018e-01  9.15227958e-01  2.37983637e-01  9.57652827e-01
9.17555972e-01  2.75997112e-01  6.72663271e-01  9.54976375e-01  2.16631889e-01  7.07808876e-01
8.42228426e-01  8.25815810e-01  5.71488600e-01  9.58547263e-01  7.75649808e-01  5.53296629e-01
9.55544948e-01  4.25024565e-01  4.46915114e-01  9.84559108e-01  4.11282364e-01  4.72297716e-01
8.36200133e-01  2.82004985e-01  9.45038610e-01  9.18391289e-01  1.59557920e-01  9.55834270e-01
8.71264993e-01  2.96872206e-01  8.16304238e-01  9.34778281e-01  2.11027504e-01  8.38639709e-01
7.66396131e-01  6.15767147e-01  9.65381254e-01  9.05853606e-01  4.45174511e-01  9.68979911e-01
8.16951246e-01  3.65515583e-01  9.56184328e-01  9.13668555e-01  2.49525398e-01  9.64934547e-01
8.74838827e-01  7.93735942e-01  4.81582929e-01  9.68407024e-01  8.96131697e-01  4.61710957e-01
8.51016279e-01  8.98580283e-01  4.94407397e-01  9.68004721e-01  9.26016520e-01  4.57254439e-01
8.99336367e-01  6.77512790e-01  4.74152143e-01  9.75758202e-01  6.75858594e-01  4.66952929e-01
8.18209878e-01  8.84086942e-01  6.15216918e-01  9.55578502e-01  6.98499218e-01  5.90496356e-01
8.66535772e-01  6.43390933e-01  6.07385581e-01  9.56356077e-01  5.83917198e-01  6.12487872e-01
8.74778866e-01  2.43732701e-01  8.38874198e-01  9.33700010e-01  1.45602820e-01  8.60957788e-01
7.68182834e-01  5.99452225e-01  9.69907639e-01  9.06958536e-01  3.97464866e-01  9.73128149e-01
7.65426298e-01  6.15997250e-01  9.68525946e-01  9.06423344e-01  4.18520356e-01  9.71602377e-01
9.25054431e-01  5.65818977e-01  4.59338863e-01  9.83052078e-01  4.89779186e-01  4.63995652e-01
8.42609854e-01  7.14016069e-01  6.42777671e-01  9.48943484e-01  6.58815932e-01  6.42382811e-01
8.44315344e-01  7.44465274e-01  6.17217688e-01  9.52802157e-01  6.82288484e-01  6.12114792e-01
9.77860036e-01  3.50353106e-01  4.19621372e-01  9.91694816e-01  3.01641257e-01  4.52358130e-01
8.61467218e-01  3.26053439e-01  8.30927997e-01  9.33503007e-01  1.99381473e-01  8.50075134e-01
9.44309201e-01  2.93022319e-01  5.70765448e-01  9.68971208e-01  2.48980050e-01  6.10458250e-01
9.38852492e-01  3.14559101e-01  5.75312107e-01  9.68185253e-01  2.61300928e-01  6.12596912e-01
8.62702049e-01  8.44334631e-01  4.89944850e-01  9.69583862e-01  8.68900422e-01  4.60576472e-01
9.12716799e-01  2.22515361e-01  7.24116194e-01  9.49352050e-01  1.57063350e-01  7.58413445e-01
9.47926366e-01  2.53433906e-01  5.84184930e-01  9.68562778e-01  1.92596079e-01  6.26352182e-01
9.30250807e-01  2.97431483e-01  6.15640416e-01  9.64688948e-01  1.92065638e-01  6.51315911e-01
9.04476763e-01  2.62798283e-01  7.25943912e-01  9.49040505e-01  1.70777309e-01  7.57182202e-01
9.19414345e-01  6.53870744e-01  4.21027250e-01  9.80649195e-01  7.62293595e-01  4.14726380e-01
9.27398405e-01  4.98551782e-01  4.94753484e-01  9.79324368e-01  3.93655383e-01  5.10012307e-01
8.49236065e-01  8.52071570e-01  5.30647436e-01  9.66572084e-01  7.72045657e-01  5.02690869e-01
8.26847194e-01  2.99543436e-01  9.65413900e-01  9.13933163e-01  2.01353029e-01  9.74580097e-01
8.53877560e-01  8.24489158e-01  5.32793849e-01  9.65782855e-01  7.63638245e-01  5.09730746e-01
7.69517411e-01  6.89400285e-01  9.06971483e-01  9.14409065e-01  4.68936246e-01  9.08525777e-01
8.08772562e-01  3.60154768e-01  9.87442179e-01  9.10647443e-01  2.10911636e-01  9.93398366e-01
9.29942417e-01  4.43736332e-01  5.22000079e-01  9.76061251e-01  3.37108277e-01  5.44764680e-01
8.68974159e-01  4.88781634e-01  6.99485506e-01  9.50404311e-01  3.08841340e-01  7.15414853e-01
8.63126873e-01  8.10632847e-01  5.10382907e-01  9.71847387e-01  7.05125045e-01  4.84621929e-01
8.67596795e-01  2.09101656e-01  8.85749746e-01  9.27500918e-01  1.29239145e-01  9.04560104e-01
8.64862738e-01  1.82152439e-01  9.12532795e-01  9.23770228e-01  1.24926097e-01  9.29497488e-01
8.40630957e-01  6.42579052e-01  6.96176327e-01  9.46983731e-01  4.67551281e-01  7.00496646e-01
8.59957808e-01  2.59838257e-01  8.79046036e-01  9.26994145e-01  1.76966156e-01  8.97088544e-01
8.60993933e-01  8.15244950e-01  5.14630602e-01  9.65443157e-01  8.41876384e-01  4.93488622e-01
9.09279692e-01  6.08167925e-01  4.85409009e-01  9.75405620e-01  5.93033313e-01  4.88713855e-01
8.83305861e-01  3.75638891e-01  7.24276247e-01  9.48308604e-01  2.29045716e-01  7.47639984e-01
7.68309201e-01  8.90796147e-01  7.80313218e-01  9.31422220e-01  6.08311802e-01  7.66619949e-01
8.00413130e-01  5.04166928e-01  9.22618675e-01  9.16220071e-01  3.31843261e-01  9.29708049e-01
8.53579443e-01  8.51322841e-01  5.16384971e-01  9.68094855e-01  7.96069913e-01  4.87270825e-01
8.52161613e-01  5.05457044e-01  7.46047133e-01  9.40735945e-01  3.81035910e-01  7.60927110e-01
8.53631726e-01  4.28270963e-01  7.91169678e-01  9.37812685e-01  2.62480341e-01  8.07584601e-01
8.37323125e-01  7.26895993e-01  6.52666654e-01  9.53003466e-01  5.28708271e-01  6.47499273e-01
9.35051880e-01  2.91457033e-01  6.03215995e-01  9.64424064e-01  2.41075262e-01  6.41475438e-01
8.40576810e-01  3.43593201e-01  8.90185367e-01  9.25294868e-01  1.92784210e-01  9.03744009e-01
7.81851580e-01  7.57250194e-01  8.21032238e-01  9.27495081e-01  4.97229842e-01  8.17954816e-01
8.18626045e-01  9.23390369e-01  5.88584002e-01  9.59385187e-01  7.44544562e-01  5.55763497e-01
8.48764630e-01  3.18585791e-01  8.78616406e-01  9.26820264e-01  1.91614882e-01  8.94238244e-01
7.43884391e-01  7.05124925e-01  9.83813072e-01  9.04170017e-01  4.26598946e-01  9.84149133e-01
8.01139347e-01  6.13334338e-01  8.48972201e-01  9.22283909e-01  4.79533965e-01  8.55535902e-01
8.69581155e-01  8.42763014e-01  4.67606428e-01  9.71146658e-01  9.26969492e-01  4.36884430e-01
9.52612465e-01  4.20469073e-01  4.59830186e-01  9.84763800e-01  3.53473955e-01  4.84595550e-01
8.33633999e-01  3.04608107e-01  9.39076142e-01  9.17345846e-01  2.10582742e-01  9.50524032e-01
8.05037529e-01  8.83867437e-01  6.60089200e-01  9.49049870e-01  6.69319919e-01  6.39227549e-01
9.56197121e-01  3.61471412e-01  4.85960469e-01  9.80282140e-01  3.25688821e-01  5.19873159e-01
8.39712588e-01  3.98567447e-01  8.57723458e-01  9.28786115e-01  2.36392474e-01  8.71606287e-01
7.91179285e-01  8.82185764e-01  7.08240624e-01  9.42327353e-01  6.33237485e-01  6.90827457e-01
8.25354220e-01  3.14386249e-01  9.60846902e-01  9.15434390e-01  1.81463471e-01  9.69636892e-01
8.36366988e-01  3.56551391e-01  8.96068267e-01  9.24216110e-01  2.00908842e-01  9.08748252e-01
8.08841893e-01  4.13543251e-01  9.52540092e-01  9.14988274e-01  2.35584433e-01  9.59754610e-01
8.66036540e-01  3.20556669e-01  8.18682556e-01  9.35711021e-01  1.84770742e-01  8.38840947e-01
8.18288752e-01  3.75322507e-01  9.45275052e-01  9.17001178e-01  2.06273088e-01  9.53748815e-01
8.21091690e-01  7.78401472e-01  6.74047223e-01  9.49644527e-01  5.46748566e-01  6.64273032e-01
8.40591941e-01  7.66663610e-01  6.15449105e-01  9.52242097e-01  7.14500511e-01  6.08121846e-01
9.02622805e-01  2.83031714e-01  7.18805499e-01  9.49978882e-01  1.77311905e-01  7.49110549e-01
8.45123502e-01  7.67734140e-01  5.99366333e-01  9.54317063e-01  7.30011699e-01  5.91165350e-01
7.82988468e-01  7.72318715e-01  8.07387967e-01  9.29376385e-01  5.09361831e-01  8.03035307e-01
8.49523701e-01  2.57561097e-01  9.15661620e-01  9.21818414e-01  1.74608066e-01  9.30315264e-01
8.11884190e-01  5.30040431e-01  8.66863540e-01  9.24220579e-01  3.45568199e-01  8.75175896e-01
8.49546022e-01  2.95192805e-01  8.91449498e-01  9.25717074e-01  1.71118065e-01  9.06654254e-01
8.91944780e-01  7.03781614e-01  4.81899422e-01  9.78602191e-01  5.92567250e-01  4.67811357e-01
8.16139912e-01  3.93694414e-01  9.40642556e-01  9.15284208e-01  2.69393236e-01  9.49896705e-01
8.35852688e-01  7.36849179e-01  6.50898792e-01  9.47275580e-01  6.78001982e-01  6.48560149e-01
7.46273328e-01  6.95873412e-01  9.81707044e-01  9.04386906e-01  4.28363129e-01  9.82343002e-01
8.45067987e-01  8.38016627e-01  5.53925384e-01  9.61602333e-01  7.83212694e-01  5.31927222e-01
8.45523226e-01  3.32972680e-01  8.80283173e-01  9.26898081e-01  1.86325603e-01  8.94984619e-01
7.84231741e-01  5.68928684e-01  9.35224380e-01  9.14362260e-01  3.39128205e-01  9.39389233e-01
8.18576764e-01  9.58282215e-01  5.65800364e-01  9.60690613e-01  8.31244094e-01  5.26464600e-01
8.71656070e-01  2.98674782e-01  8.13805758e-01  9.34929859e-01  2.16613348e-01  8.36352604e-01
8.00854770e-01  8.76403598e-01  6.79138443e-01  9.45332029e-01  6.77291439e-01  6.61189381e-01
7.68582021e-01  7.91285340e-01  8.43995888e-01  9.22604709e-01  5.37208725e-01  8.39899470e-01
7.62982034e-01  7.44901066e-01  8.93129416e-01  9.15545212e-01  5.06510673e-01  8.92393729e-01
7.93904508e-01  4.76697213e-01  9.62260878e-01  9.09762505e-01  3.40026282e-01  9.68672469e-01
7.60276933e-01  7.12584461e-01  9.23298922e-01  9.11717471e-01  4.76810658e-01  9.23930741e-01
7.52041121e-01  6.85727776e-01  9.68706275e-01  9.05358703e-01  4.53934816e-01  9.70090697e-01
9.55726484e-01  3.88223693e-01  4.70190709e-01  9.84352241e-01  3.04026376e-01  4.98876276e-01
8.88071481e-01  3.99544927e-01  6.92572470e-01  9.52508936e-01  2.49821984e-01  7.15815708e-01
8.65348195e-01  6.17667609e-01  6.28118694e-01  9.53773267e-01  5.53153345e-01  6.36291790e-01
8.86249820e-01  4.31046948e-01  6.78305803e-01  9.53994422e-01  2.77735054e-01  6.99718818e-01
7.89553986e-01  6.10877875e-01  8.89910833e-01  9.17068923e-01  4.52554873e-01  8.95327321e-01
8.88105264e-01  4.10702388e-01  6.85511004e-01  9.52163270e-01  2.90546909e-01  7.08959915e-01
7.60189948e-01  6.11072972e-01  9.89507665e-01  9.05604370e-01  3.57052258e-01  9.91326645e-01
8.60331324e-01  2.27851648e-01  8.98248852e-01  9.24828235e-01  1.55721820e-01  9.15462492e-01
8.59785262e-01  7.73225350e-01  5.46015167e-01  9.62336024e-01  7.58479893e-01  5.33045942e-01
9.65865530e-01  2.53215576e-01  5.23412611e-01  9.77434475e-01  1.97926277e-01  5.68212467e-01
8.03438728e-01  3.88594086e-01  9.87387282e-01  9.08948398e-01  2.59362500e-01  9.93401431e-01
9.23312357e-01  3.12862908e-01  6.29182484e-01  9.62770750e-01  1.96151304e-01  6.62653401e-01
9.22365128e-01  4.89089745e-01  5.17987474e-01  9.76573929e-01  3.63392161e-01  5.34772978e-01
8.61505638e-01  2.31948044e-01  8.91600989e-01  9.25572773e-01  1.61154902e-01  9.09409162e-01
8.08758741e-01  4.29128440e-01  9.42702796e-01  9.16230118e-01  2.42743523e-01  9.50106009e-01
7.97493636e-01  4.50102444e-01  9.67340544e-01  9.09994811e-01  3.11816409e-01  9.73824936e-01
9.62411108e-01  4.75193463e-01  3.91030501e-01  9.93511556e-01  4.56196336e-01  4.04321420e-01
8.94215584e-01  7.10340589e-01  4.69930342e-01  9.79045730e-01  6.36476299e-01  4.54629604e-01
8.61458721e-01  7.84198751e-01  5.33208311e-01  9.62519794e-01  8.13724853e-01  5.18860837e-01
8.55423552e-01  5.64215790e-01  6.96820757e-01  9.45461146e-01  4.71442386e-01  7.09343357e-01
9.86965958e-01  3.14538768e-01  4.11953112e-01  9.93372970e-01  2.68960430e-01  4.49292331e-01
8.85026758e-01  4.45781742e-01  6.73189492e-01  9.52565385e-01  3.39649923e-01  6.94820591e-01
8.67680506e-01  6.70221860e-01  5.86377309e-01  9.63319157e-01  5.14524745e-01  5.84695027e-01
7.61444161e-01  6.35524121e-01  9.69370849e-01  9.06571317e-01  4.13976931e-01  9.71723286e-01
8.16579809e-01  6.96186601e-01  7.42744962e-01  9.35271799e-01  5.93046928e-01  7.45530391e-01
7.95726881e-01  4.79277155e-01  9.54396632e-01  9.10789405e-01  3.43866131e-01  9.61183647e-01
8.30253451e-01  5.56107958e-01  7.87259628e-01  9.32578510e-01  4.42162681e-01  7.98324853e-01
8.22779093e-01  9.35876339e-01  5.66077163e-01  9.59823308e-01  8.36191565e-01  5.30860843e-01
7.63915837e-01  6.45250837e-01  9.54660618e-01  9.07433726e-01  4.50908169e-01  9.57497798e-01
8.74175179e-01  6.00002492e-01  6.09615069e-01  9.61738114e-01  4.23179631e-01  6.15822715e-01
9.02207223e-01  3.84181775e-01  6.54545172e-01  9.55425149e-01  3.12118150e-01  6.82449772e-01
9.05655750e-01  6.14124248e-01  4.93847463e-01  9.74528565e-01  5.83682716e-01  4.96538913e-01
7.77242392e-01  7.00017159e-01  8.73843642e-01  9.17961939e-01  5.11989129e-01  8.75607427e-01
7.85638368e-01  5.27020722e-01  9.57956194e-01  9.11641829e-01  3.17302826e-01  9.62488272e-01
8.17133846e-01  8.32669343e-01  6.52551290e-01  9.51912718e-01  6.07163467e-01  6.36021486e-01
9.38975509e-01  4.71840945e-01  4.72783437e-01  9.79248124e-01  4.65250539e-01  4.93644936e-01
8.87311651e-01  5.71751181e-01  5.83349781e-01  9.66110251e-01  4.05555269e-01  5.91938331e-01
9.13732253e-01  5.93910227e-01  4.79248681e-01  9.74861151e-01  6.19620325e-01  4.85429146e-01
8.31495273e-01  6.18732685e-01  7.42681325e-01  9.40354480e-01  4.41908120e-01  7.49041035e-01
7.76883650e-01  7.32846384e-01  8.54044621e-01  9.21555312e-01  5.10071305e-01  8.53533985e-01
9.35929488e-01  5.16097532e-01  4.54692070e-01  9.84669865e-01  4.37812461e-01  4.65857547e-01
9.48934089e-01  3.51436433e-01  5.17137466e-01  9.75756814e-01  3.11505877e-01  5.52228339e-01
7.66266108e-01  6.60816156e-01  9.36572363e-01  9.09999575e-01  4.59057090e-01  9.39126336e-01
7.57777853e-01  6.24298185e-01  9.89110406e-01  9.01826154e-01  4.56163156e-01  9.92217661e-01
9.05536524e-01  6.36056920e-01  4.79715829e-01  9.79016622e-01  5.46641669e-01  4.75966704e-01
8.36485562e-01  9.10128963e-01  5.36250572e-01  9.62784552e-01  8.76811841e-01  5.02310117e-01
9.51423602e-01  5.23533405e-01  3.97253368e-01  9.89169996e-01  5.68651833e-01  4.06198881e-01
8.18309698e-01  9.01766850e-01  6.03696978e-01  9.56921627e-01  7.26711598e-01  5.75758214e-01
8.35944664e-01  2.97706768e-01  9.35710144e-01  9.18220064e-01  1.99625784e-01  9.47498186e-01
8.94948125e-01  4.76993585e-01  6.18937844e-01  9.58352433e-01  4.12118793e-01  6.40135743e-01
8.99322933e-01  3.04478883e-01  7.16086695e-01  9.50507353e-01  1.80920212e-01  7.44872414e-01
8.91770379e-01  2.54701165e-01  7.74051683e-01  9.42566353e-01  1.56292727e-01  8.01588974e-01
7.70879636e-01  6.37929290e-01  9.36063043e-01  9.11160127e-01  4.30150265e-01  9.39006985e-01
8.65722043e-01  7.28049443e-01  5.55185517e-01  9.61206334e-01  7.21027412e-01  5.49107187e-01
9.60593769e-01  2.41309540e-01  5.49042804e-01  9.73052846e-01  2.04985155e-01  5.94645223e-01
8.90765125e-01  6.48638709e-01  5.21705305e-01  9.73835897e-01  5.07280293e-01  5.18452082e-01
9.72934374e-01  3.91928140e-01  4.09355549e-01  9.93251857e-01  3.31954352e-01  4.35237753e-01
7.72427504e-01  5.78144618e-01  9.69625592e-01  9.08036222e-01  3.70718933e-01  9.73031366e-01
8.74806080e-01  8.15609489e-01  4.67493547e-01  9.72915157e-01  8.65959547e-01  4.39909072e-01
7.87558021e-01  8.74189688e-01  7.25729089e-01  9.39417471e-01  6.29124663e-01  7.10453946e-01
8.33834169e-01  2.81322673e-01  9.53516813e-01  9.17200806e-01  1.59150879e-01  9.63563756e-01
7.75892519e-01  5.31080378e-01  9.88119578e-01  9.04459644e-01  3.83081230e-01  9.92538376e-01
7.65676292e-01  6.58327829e-01  9.40190869e-01  9.09025286e-01  4.69150267e-01  9.42997241e-01
7.47513461e-01  6.94257514e-01  9.78544717e-01  9.04984582e-01  4.25539951e-01  9.79175277e-01
8.39987817e-01  8.39532304e-01  5.70191921e-01  9.59772044e-01  7.59941841e-01  5.49141709e-01
8.75355032e-01  4.07439300e-01  7.30926296e-01  9.46220821e-01  2.68963623e-01  7.52144681e-01
1.01598159e+00  2.53722092e-01  3.52912926e-01  1.00140764e+00  2.68452337e-01  3.97894777e-01
8.88033617e-01  2.32678028e-01  8.01337371e-01  9.38729534e-01  1.51958668e-01  8.27727652e-01
9.09386497e-01  4.65182872e-01  5.77876363e-01  9.67619805e-01  3.38749996e-01  5.98504041e-01
8.84638528e-01  6.97993753e-01  5.10763396e-01  9.71606712e-01  6.37391833e-01  5.02628299e-01
8.03636734e-01  7.88625212e-01  7.26682562e-01  9.41482739e-01  5.39089809e-01  7.18409540e-01
9.62003680e-01  4.07423921e-01  4.36411083e-01  9.89519905e-01  3.23911163e-01  4.61060196e-01
8.25508453e-01  2.95058790e-01  9.72872935e-01  9.13789302e-01  1.77511787e-01  9.81116038e-01
7.34510966e-01  7.80735936e-01  9.66848240e-01  9.04936345e-01  4.87319579e-01  9.65454644e-01
8.59823097e-01  2.03955840e-01  9.15490597e-01  9.22906781e-01  1.39614861e-01  9.31575604e-01
9.53639541e-01  4.49838403e-01  4.37275710e-01  9.88750557e-01  3.65813500e-01  4.56127760e-01
8.07927527e-01  4.21776463e-01  9.50298303e-01  9.12811770e-01  3.00222124e-01  9.58491831e-01
7.98436657e-01  7.10648575e-01  7.94968643e-01  9.32929422e-01  4.50916105e-01  7.94013780e-01
8.14529587e-01  3.37930677e-01  9.82320868e-01  9.11265713e-01  2.11773596e-01  9.89230911e-01
8.29588630e-01  7.08456299e-01  6.90604005e-01  9.43123737e-01  6.09379829e-01  6.91338209e-01
8.27977640e-01  3.11131186e-01  9.54050945e-01  9.16444923e-01  1.80070174e-01  9.63485167e-01
7.79398877e-01  6.33632460e-01  9.09921705e-01  9.15770291e-01  4.14551772e-01  9.13118377e-01
7.97755327e-01  4.98127798e-01  9.35267762e-01  9.13059379e-01  3.61006372e-01  9.42592378e-01
7.68641544e-01  5.90275472e-01  9.74307806e-01  9.04975864e-01  4.29672124e-01  9.78258285e-01
7.84076732e-01  5.96992939e-01  9.17825294e-01  9.14659383e-01  4.05369367e-01  9.22403735e-01
8.19590816e-01  3.08377253e-01  9.84619878e-01  9.11877989e-01  1.87084995e-01  9.91634051e-01
1.00218684e+00  3.04932032e-01  3.66507053e-01  9.98321392e-01  3.22532962e-01  4.04950777e-01
9.94863558e-01  3.36293696e-01  3.71310594e-01  9.97966714e-01  3.35435640e-01  4.04703342e-01
8.52132616e-01  8.37209522e-01  5.30460845e-01  9.67848990e-01  7.32709995e-01  5.03764616e-01
8.30519541e-01  5.36893445e-01  7.99129092e-01  9.31630920e-01  4.17449055e-01  8.10735810e-01
7.80744822e-01  5.45990194e-01  9.61959322e-01  9.08392689e-01  3.84794900e-01  9.66915194e-01
8.17002246e-01  3.47046842e-01  9.68003409e-01  9.12290887e-01  2.39044099e-01  9.76236331e-01
7.76951924e-01  5.85087519e-01  9.49453518e-01  9.08690881e-01  4.30553374e-01  9.54229217e-01
7.88921038e-01  8.16895517e-01  7.58299524e-01  9.35915355e-01  5.59795509e-01  7.49232699e-01
9.63322067e-01  3.90808696e-01  4.42721262e-01  9.88190763e-01  3.20373755e-01  4.70415332e-01
9.80819847e-01  3.36452399e-01  4.18595680e-01  9.90625152e-01  3.22027559e-01  4.54416978e-01
7.42470320e-01  7.82459380e-01  9.38401576e-01  9.09537088e-01  4.83878583e-01  9.36247628e-01
7.70313230e-01  5.76369633e-01  9.77659874e-01  9.04605915e-01  4.24487225e-01  9.81851291e-01
8.42380321e-01  7.64838845e-01  6.10561206e-01  9.53833956e-01  6.94799600e-01  6.02553334e-01
9.62675105e-01  4.27014892e-01  4.21412196e-01  9.87698585e-01  4.38183389e-01  4.45834289e-01
8.82042797e-01  7.66368131e-01  4.74889658e-01  9.77006365e-01  7.02946860e-01  4.52056075e-01
9.24290032e-01  3.25077940e-01  6.17931657e-01  9.61883135e-01  2.63851594e-01  6.52405290e-01
8.14282870e-01  4.10641003e-01  9.35945309e-01  9.15049485e-01  2.95090356e-01  9.45351390e-01
8.46145459e-01  9.32173575e-01  4.89137318e-01  9.70293513e-01  9.20376088e-01  4.43906989e-01
8.17224001e-01  8.15332600e-01  6.63202284e-01  9.46458624e-01  6.85848470e-01  6.51951029e-01
9.20646318e-01  2.30432786e-01  6.91751613e-01  9.53248782e-01  1.75446757e-01  7.28583003e-01
8.12407389e-01  6.55764815e-01  7.83158247e-01  9.30870355e-01  5.30970516e-01  7.88368235e-01
8.55989953e-01  8.56832359e-01  5.04920126e-01  9.66509685e-01  8.88109197e-01  4.76281416e-01
8.62143714e-01  7.68351149e-01  5.41171097e-01  9.62117462e-01  7.80618163e-01  5.29235136e-01
7.88742803e-01  7.77894320e-01  7.84226798e-01  9.32505703e-01  5.26045033e-01  7.79041923e-01
8.74692111e-01  8.22634433e-01  4.63319614e-01  9.70944699e-01  9.35094866e-01  4.36266355e-01
9.42979783e-01  3.32019767e-01  5.49961950e-01  9.73674230e-01  2.29808345e-01  5.84816550e-01
8.03825741e-01  4.92290056e-01  9.18442680e-01  9.15440960e-01  3.63119174e-01  9.26823735e-01
9.27176834e-01  6.02250242e-01  4.28480041e-01  9.84047271e-01  6.16804338e-01  4.27708148e-01
8.49836928e-01  7.93699035e-01  5.66801515e-01  9.58922984e-01  7.68922780e-01  5.52987548e-01
8.58029360e-01  7.75904331e-01  5.50535734e-01  9.60641814e-01  7.83978748e-01  5.38421824e-01
9.49053074e-01  3.74313907e-01  5.02178733e-01  9.79377751e-01  2.95096500e-01  5.33390820e-01
8.46788418e-01  2.55107053e-01  9.26544253e-01  9.20143023e-01  1.77813674e-01  9.40303452e-01
7.64665618e-01  5.83721833e-01  9.92363916e-01  9.03115538e-01  4.08644678e-01  9.95654366e-01
8.36126641e-01  2.42568156e-01  9.70895575e-01  9.15032214e-01  1.47455021e-01  9.80223113e-01
9.38151296e-01  2.54762333e-01  6.16812611e-01  9.64217661e-01  1.83857654e-01  6.56786500e-01
8.62193349e-01  8.38967206e-01  4.95157213e-01  9.72484416e-01  7.74536408e-01  4.64195329e-01
7.94707756e-01  4.65812467e-01  9.66899264e-01  9.11518367e-01  2.78842406e-01  9.72335522e-01
7.98687206e-01  5.37183807e-01  9.06743648e-01  9.16118345e-01  3.97977767e-01  9.14272753e-01
8.43506674e-01  2.66059142e-01  9.30578593e-01  9.20598270e-01  1.53389013e-01  9.43135102e-01
9.78244642e-01  2.76403858e-01  4.66324363e-01  9.85409122e-01  2.29394956e-01  5.09670801e-01
8.11886699e-01  3.59844614e-01  9.77364532e-01  9.11219536e-01  2.35574803e-01  9.84439172e-01
8.28207060e-01  9.78779092e-01  5.19791720e-01  9.65487254e-01  9.32731117e-01  4.71815214e-01
9.45025296e-01  4.58305044e-01  4.61326528e-01  9.82964391e-01  4.15468194e-01  4.82053531e-01
8.89606528e-01  5.63381106e-01  5.80990385e-01  9.61700263e-01  5.17071016e-01  5.93959598e-01
9.22431683e-01  5.43887110e-01  4.82185236e-01  9.75932337e-01  5.51168094e-01  4.94677092e-01
8.20927445e-01  9.72503577e-01  5.48585246e-01  9.63226953e-01  8.55305102e-01  5.04536984e-01
7.75983689e-01  7.87818089e-01  8.21111861e-01  9.26471285e-01  5.31517423e-01  8.16446601e-01
9.34081959e-01  4.86347032e-01  4.79982122e-01  9.77504012e-01  4.87395296e-01  4.99614258e-01
8.26609905e-01  9.04113367e-01  5.73691026e-01  9.61303696e-01  7.48171062e-01  5.42092193e-01
8.63732277e-01  3.30709298e-01  8.19915710e-01  9.35271562e-01  1.93763892e-01  8.39541391e-01
8.76376911e-01  3.09575705e-01  7.90697627e-01  9.39917761e-01  1.77523355e-01  8.13573288e-01
8.42393948e-01  6.30916034e-01  6.97463261e-01  9.43605850e-01  5.38817463e-01  7.04860314e-01
9.22257641e-01  6.02907838e-01  4.44756525e-01  9.82088850e-01  5.96522022e-01  4.45040474e-01
8.35002778e-01  2.60356452e-01  9.63459423e-01  9.15732863e-01  1.60421490e-01  9.73193611e-01
9.06033553e-01  2.47323651e-01  7.30406767e-01  9.48692282e-01  1.56681105e-01  7.62217694e-01
8.55281871e-01  4.38992512e-01  7.78307413e-01  9.39619750e-01  2.65880848e-01  7.94680717e-01
8.40256332e-01  8.15931935e-01  5.84602102e-01  9.56769605e-01  7.58279840e-01  5.68784388e-01
7.85404558e-01  4.87538804e-01  9.84088731e-01  9.07532535e-01  3.15627986e-01  9.88716226e-01
9.58083164e-01  4.75473511e-01  4.05544324e-01  9.90793515e-01  4.61315597e-01  4.20543839e-01
8.74984452e-01  5.02005360e-01  6.70787416e-01  9.51533271e-01  3.96250710e-01  6.88112250e-01
8.70991736e-01  6.85989779e-01  5.64895902e-01  9.62957516e-01  6.17764350e-01  5.62707138e-01
7.65676213e-01  6.60702022e-01  9.38651061e-01  9.12259320e-01  3.93704392e-01  9.40023704e-01
8.96939974e-01  6.88375803e-01  4.74939560e-01  9.79341082e-01  5.93562942e-01  4.62839262e-01
9.81556258e-01  3.75275040e-01  3.90891049e-01  9.94967271e-01  3.53216190e-01  4.19232934e-01
9.20882153e-01  5.85960624e-01  4.60429706e-01  9.82110730e-01  5.20868021e-01  4.62711972e-01
7.52396594e-01  6.44254881e-01  9.94427858e-01  9.01571268e-01  4.43951313e-01  9.96727361e-01
7.59095992e-01  7.25020630e-01  9.19234712e-01  9.12224912e-01  4.82404928e-01  9.19359762e-01
8.72302254e-01  4.39588589e-01  7.20121470e-01  9.44815845e-01  3.52310772e-01  7.41013626e-01
7.97861854e-01  4.29857413e-01  9.79236102e-01  9.09528156e-01  2.76932629e-01  9.85030708e-01
8.63727761e-01  2.82565284e-01  8.51189252e-01  9.30213805e-01  1.97579553e-01  8.71073987e-01
8.97662638e-01  2.40849919e-01  7.63035301e-01  9.43294813e-01  1.73405508e-01  7.92888911e-01
8.52382608e-01  2.25621202e-01  9.26691684e-01  9.21192471e-01  1.46516274e-01  9.40943162e-01
9.90241715e-01  2.68833715e-01  4.30502442e-01  9.90092613e-01  2.47874626e-01  4.75289969e-01
8.04088754e-01  3.88309451e-01  9.85067333e-01  9.10302870e-01  2.31226016e-01  9.90824781e-01
8.41876896e-01  2.45622194e-01  9.49383360e-01  9.17576711e-01  1.60062625e-01  9.60938703e-01
8.30988633e-01  7.40014476e-01  6.65360890e-01  9.45997082e-01  6.53034848e-01  6.62636138e-01
8.05158604e-01  4.23200501e-01  9.58777287e-01  9.11612103e-01  2.99373855e-01  9.66384097e-01
8.43732235e-01  5.50836796e-01  7.45208155e-01  9.39036434e-01  4.41461299e-01  7.57597616e-01
8.28939728e-01  4.46678521e-01  8.62772380e-01  9.27519407e-01  2.57744907e-01  8.74184981e-01
8.35922974e-01  8.36302793e-01  5.86389647e-01  9.60709600e-01  6.70037835e-01  5.64813310e-01
7.72823510e-01  6.61164053e-01  9.14076808e-01  9.12135604e-01  4.93069309e-01  9.17421519e-01
8.15480577e-01  3.38201224e-01  9.78915875e-01  9.12702988e-01  1.87672940e-01  9.85689282e-01
8.28046552e-01  2.78570582e-01  9.74959071e-01  9.12898317e-01  1.90914194e-01  9.83673636e-01
8.23129477e-01  4.01293299e-01  9.11972263e-01  9.21006791e-01  2.31340997e-01  9.22161740e-01
8.35660364e-01  3.43079000e-01  9.07512308e-01  9.20924820e-01  2.42278220e-01  9.20628419e-01
8.39765588e-01  4.71241232e-01  8.10060532e-01  9.34572386e-01  2.82868253e-01  8.23045216e-01
9.49592084e-01  4.14456070e-01  4.74287339e-01  9.82210920e-01  3.56643990e-01  5.00734167e-01
8.47031431e-01  9.10890216e-01  4.99946874e-01  9.71281489e-01  8.33948010e-01  4.57920610e-01
8.58210837e-01  7.96709175e-01  5.36115055e-01  9.64281876e-01  7.67649174e-01  5.18410538e-01
7.74124166e-01  5.39856613e-01  9.88426677e-01  9.04668599e-01  3.77504723e-01  9.92511495e-01
7.79819018e-01  6.00749154e-01  9.29547320e-01  9.11024781e-01  4.50544356e-01  9.34556853e-01
