8.94807772e-01  2.93240518e-01  7.16845223e-01  9.51328938e-01  1.78348696e-01  7.45746031e-01
8.87572745e-01  3.98131644e-01  6.71076270e-01  9.55053418e-01  2.92457995e-01  6.95088413e-01
8.07786604e-01  3.58900690e-01  9.69856045e-01  9.12394128e-01  2.52678579e-01  9.77704195e-01
8.32167905e-01  3.43391022e-01  8.97017444e-01  9.25014970e-01  1.98053217e-01  9.09814069e-01
9.64883867e-01  3.16639814e-01  4.61647810e-01  9.87156149e-01  2.53659290e-01  4.97944826e-01
8.23000408e-01  6.92276576e-01  6.93184821e-01  9.45296987e-01  5.67087745e-01  6.91997032e-01
8.79493963e-01  6.55249839e-01  5.24867318e-01  9.67333543e-01  6.81158034e-01  5.22863705e-01
8.21765174e-01  6.76765054e-01  7.07574401e-01  9.41363645e-01  5.97701138e-01  7.09388391e-01
8.97207500e-01  6.99284024e-01  4.34637031e-01  9.78997770e-01  8.07260396e-01  4.17898507e-01
9.36543777e-01  5.22749234e-01  4.19380566e-01  9.85681775e-01  5.85188150e-01  4.28128526e-01
9.50320502e-01  4.38262232e-01  4.29328388e-01  9.90794990e-01  3.69130633e-01  4.46995154e-01
8.18260600e-01  5.71548460e-01  7.90852398e-01  9.33284876e-01  4.41083354e-01  7.99172875e-01
8.47298322e-01  4.80127183e-01  7.53340115e-01  9.42840362e-01  3.17815669e-01  7.67359426e-01
8.27609464e-01  6.53314612e-01  7.03731515e-01  9.45254289e-01  5.10667962e-01  7.05761866e-01
8.71182937e-01  4.31449648e-01  7.04587143e-01  9.49166709e-01  3.25743747e-01  7.24886436e-01
9.28552714e-01  3.22781398e-01  5.81622805e-01  9.70304547e-01  2.15563951e-01  6.15138329e-01
7.56508538e-01  6.11805712e-01  9.74374936e-01  9.04742075e-01  4.58115265e-01  9.77660675e-01
8.42594845e-01  8.37376020e-01  5.28025728e-01  9.68121748e-01  7.69197435e-01  4.96756854e-01
8.45435029e-01  1.76576926e-01  9.64270685e-01  9.17736440e-01  1.17969526e-01  9.75650004e-01
8.78229067e-01  6.09127080e-01  5.60313400e-01  9.63596798e-01  6.02518175e-01  5.65634619e-01
9.21699449e-01  3.16952054e-01  6.09267533e-01  9.65096977e-01  2.39968504e-01  6.43220616e-01
7.85774543e-01  8.69002863e-01  7.00807125e-01  9.43288065e-01  6.63069377e-01  6.81414471e-01
9.66558779e-01  4.12864180e-01  3.91290420e-01  9.94228321e-01  4.23126413e-01  4.12580101e-01
8.79145890e-01  2.46837412e-01  8.01670087e-01  9.39871639e-01  1.47079570e-01  8.26710712e-01
8.52594558e-01  2.14686900e-01  9.14085971e-01  9.23966339e-01  1.42175956e-01  9.29901817e-01
7.43942666e-01  7.54778664e-01  9.20818691e-01  9.13390747e-01  4.74725715e-01  9.18214373e-01
8.54329791e-01  1.78526417e-01  9.32562127e-01  9.21919178e-01  1.23692952e-01  9.47452446e-01
9.53899982e-01  3.41954894e-01  4.82088905e-01  9.81419850e-01  3.27001411e-01  5.17199612e-01
8.06273602e-01  6.15435332e-01  8.02190172e-01  9.32132652e-01  4.39826048e-01  8.06863931e-01
9.07742778e-01  6.21951618e-01  4.51128421e-01  9.81717223e-01  6.21669226e-01  4.45350227e-01
9.78835641e-01  2.99683571e-01  4.25724529e-01  9.91093816e-01  2.87659803e-01  4.65076039e-01
9.33847749e-01  2.30844239e-01  6.25871818e-01  9.63455966e-01  1.84110390e-01  6.67102594e-01
8.13199948e-01  9.38894018e-01  5.59943142e-01  9.61880008e-01  8.49425690e-01  5.17606859e-01
8.43910271e-01  4.29371722e-01  7.99168020e-01  9.36066405e-01  3.00306217e-01  8.14994765e-01
8.41957693e-01  3.17712153e-01  8.81195548e-01  9.25730181e-01  2.34207433e-01  8.97098087e-01
7.58465100e-01  7.97202975e-01  8.42568296e-01  9.24481749e-01  5.22227598e-01  8.35716521e-01
7.70237581e-01  5.19930418e-01  9.89473686e-01  9.05450563e-01  3.72139046e-01  9.93675553e-01
8.34371030e-01  3.20310536e-01  9.05364465e-01  9.23696825e-01  1.99037505e-01  9.18550311e-01
8.30869000e-01  5.45811945e-01  7.65144420e-01  9.40431029e-01  3.54478798e-01  7.74046059e-01
8.72923877e-01  3.44930950e-01  7.57025981e-01  9.42728417e-01  2.64199474e-01  7.80898174e-01
9.20939346e-01  2.83172342e-01  6.34362224e-01  9.63078243e-01  1.82427326e-01  6.69410924e-01
8.56246479e-01  2.90706816e-01  8.50302438e-01  9.30662361e-01  2.13862965e-01  8.69810487e-01
7.64054770e-01  7.40088250e-01  8.62014703e-01  9.20867301e-01  5.18588008e-01  8.59770256e-01
8.44175933e-01  7.39064925e-01  5.89265377e-01  9.61787543e-01  6.06681161e-01  5.76760327e-01
8.78514712e-01  3.48667139e-01  7.35403856e-01  9.47175165e-01  2.33976223e-01  7.59603581e-01
9.70816491e-01  2.40222338e-01  4.92947453e-01  9.82290690e-01  2.10050537e-01  5.39578723e-01
9.39398357e-01  2.73554812e-01  5.77788800e-01  9.69212595e-01  2.32699639e-01  6.18044626e-01
7.82942091e-01  4.88445263e-01  9.67313760e-01  9.09141890e-01  3.59131406e-01  9.73109009e-01
8.08761480e-01  5.96255494e-01  8.06334955e-01  9.29376555e-01  4.83924636e-01  8.13480006e-01
8.35075200e-01  2.23164830e-01  9.68226190e-01  9.17072515e-01  1.25932011e-01  9.78004513e-01
7.75879941e-01  5.37408581e-01  9.58399106e-01  9.12023066e-01  3.27040285e-01  9.62302350e-01
7.86238266e-01  6.42860756e-01  8.51836144e-01  9.21407593e-01  5.19761128e-01  8.56024285e-01
8.25711374e-01  2.48183669e-01  9.83335954e-01  9.14625309e-01  1.36566023e-01  9.91158569e-01
9.03662591e-01  3.66874723e-01  6.37199252e-01  9.59270802e-01  3.00830992e-01  6.66036153e-01
9.08486183e-01  5.28097592e-01  5.11624858e-01  9.72533997e-01  5.33269835e-01  5.24870742e-01
8.78313601e-01  7.64252599e-01  4.55342739e-01  9.75116822e-01  8.59435673e-01  4.30314512e-01
8.60941536e-01  5.14907794e-01  6.83255949e-01  9.51683559e-01  3.75942065e-01  6.96740065e-01
8.13473368e-01  4.32966958e-01  9.00734740e-01  9.20647735e-01  3.11662641e-01  9.11176200e-01
8.26639043e-01  2.54763684e-01  9.76022554e-01  9.14778417e-01  1.61477127e-01  9.84736397e-01
7.96163543e-01  4.21578884e-01  9.67267427e-01  9.10887566e-01  3.07310876e-01  9.74303554e-01
9.73333245e-01  2.66201747e-01  4.66818325e-01  9.86260874e-01  2.26134442e-01  5.10268564e-01
8.41211858e-01  6.61515774e-01  6.51724984e-01  9.54116127e-01  5.02168202e-01  6.50954834e-01
7.96528456e-01  4.47777117e-01  9.48637605e-01  9.14983783e-01  2.79127109e-01  9.55285847e-01
8.29265004e-01  5.73764171e-01  7.51760600e-01  9.41320350e-01  3.92634161e-01  7.59218228e-01
8.03468506e-01  4.80776240e-01  9.02356023e-01  9.21898220e-01  2.81371077e-01  9.09882013e-01
7.59378839e-01  6.57853374e-01  9.33789473e-01  9.13789225e-01  3.98118766e-01  9.34493952e-01
8.77814812e-01  7.66380890e-01  4.55610640e-01  9.76263636e-01  8.33565813e-01  4.29144825e-01
9.67689719e-01  2.41822764e-01  5.02549517e-01  9.81188629e-01  2.02250378e-01  5.48512344e-01
8.50863908e-01  7.02106444e-01  5.91356642e-01  9.59055381e-01  6.42322419e-01  5.85761809e-01
8.30604881e-01  7.85947609e-01  6.03694181e-01  9.59656348e-01  6.23700940e-01  5.85843103e-01
9.86563721e-01  2.95193792e-01  4.02055246e-01  9.96371310e-01  2.49641205e-01  4.39800923e-01
8.34677005e-01  6.35319603e-01  6.91729828e-01  9.49670750e-01  4.42527494e-01  6.93728391e-01
8.37105095e-01  2.10266334e-01  9.69995588e-01  9.16583499e-01  1.30562070e-01  9.80034004e-01
8.84490542e-01  7.16281573e-01  4.66611890e-01  9.73487000e-01  8.14439203e-01  4.51527113e-01
7.68696069e-01  5.19361122e-01  9.95125045e-01  9.04386070e-01  3.77459937e-01  9.99231100e-01
8.77995750e-01  7.48313232e-01  4.67185129e-01  9.78206154e-01  7.26557164e-01  4.42272867e-01
7.38304766e-01  7.25435194e-01  9.59885488e-01  9.07161790e-01  4.69962414e-01  9.59307088e-01
7.61832120e-01  6.34028843e-01  9.41186783e-01  9.09811015e-01  4.62481983e-01  9.44103226e-01
8.28981780e-01  7.52559261e-01  6.32067922e-01  9.51133353e-01  6.96376170e-01  6.23647912e-01
8.24775062e-01  3.82396140e-01  8.95951527e-01  9.22042282e-01  2.82925028e-01  9.08586419e-01
7.57042396e-01  5.99681288e-01  9.80733742e-01  9.03824467e-01  4.55156815e-01  9.84253871e-01
8.89998051e-01  6.07556486e-01  5.21464257e-01  9.70690531e-01  5.88270426e-01  5.24059897e-01
9.62021517e-01  2.97230781e-01  4.84821824e-01  9.84116875e-01  2.29892563e-01  5.23638082e-01
8.30781782e-01  3.28349308e-01  9.11905159e-01  9.23085284e-01  1.90082621e-01  9.24097349e-01
9.25638963e-01  4.09607703e-01  5.32984961e-01  9.76115117e-01  3.00096797e-01  5.57656785e-01
8.48135260e-01  2.22116701e-01  9.24606000e-01  9.22072160e-01  1.55922311e-01  9.39281141e-01
9.42053233e-01  2.40460104e-01  5.91051797e-01  9.67875656e-01  2.02674238e-01  6.33799218e-01
8.56020193e-01  3.01062238e-01  8.44385286e-01  9.32379672e-01  1.96677135e-01  8.63421796e-01
7.69440926e-01  5.41699696e-01  9.77801957e-01  9.08817286e-01  3.36553851e-01  9.81106798e-01
8.56719710e-01  8.04117879e-01  5.02213424e-01  9.73055551e-01  7.39474708e-01  4.72219259e-01
8.47535476e-01  6.72877753e-01  6.22154303e-01  9.53946070e-01  6.25216573e-01  6.22105948e-01
7.47824199e-01  7.60365289e-01  9.03785697e-01  9.15037103e-01  5.02624239e-01  9.00983172e-01
7.75442138e-01  5.20582376e-01  9.71250228e-01  9.08114072e-01  3.74134537e-01  9.76114004e-01
8.85162431e-01  2.66359967e-01  7.67939127e-01  9.44467080e-01  1.57616275e-01  7.94715722e-01
9.60462166e-01  4.08144854e-01  4.15004818e-01  9.89572682e-01  4.32777584e-01  4.39616091e-01
9.36595908e-01  2.52520759e-01  6.01557254e-01  9.66275263e-01  2.09139818e-01  6.42518008e-01
8.45694269e-01  3.36052595e-01  8.56051133e-01  9.29333407e-01  2.38250882e-01  8.73019640e-01
8.41768811e-01  8.14466035e-01  5.46605857e-01  9.65072400e-01  7.49529625e-01  5.21534585e-01
7.43405365e-01  7.02669944e-01  9.57822264e-01  9.08204362e-01  4.48620779e-01  9.57723170e-01
8.37650150e-01  2.36556239e-01  9.50389012e-01  9.18369832e-01  1.57787569e-01  9.62065731e-01
7.93587433e-01  6.47897399e-01  8.23625766e-01  9.26543165e-01  5.04818233e-01  8.27174258e-01
8.32163038e-01  5.87280488e-01  7.32738111e-01  9.44718279e-01  3.86722582e-01  7.38837444e-01
8.01959346e-01  5.44428682e-01  8.64850448e-01  9.22960968e-01  4.10276044e-01  8.72757978e-01
8.08207382e-01  7.23337251e-01  7.22465913e-01  9.39004603e-01  6.16063184e-01  7.20128532e-01
8.36072060e-01  3.29952808e-01  8.92747272e-01  9.25924184e-01  1.88311363e-01  9.06311746e-01
8.32143050e-01  2.56140332e-01  9.56286872e-01  9.18275252e-01  1.43930717e-01  9.66502743e-01
7.59540649e-01  5.85366049e-01  9.81859346e-01  9.04314970e-01  4.36859486e-01  9.85483069e-01
8.55899253e-01  2.42300675e-01  8.84158403e-01  9.28657596e-01  1.34763556e-01  9.01583839e-01
7.78312303e-01  6.40076606e-01  8.81093980e-01  9.17982086e-01  4.93750697e-01  8.84732386e-01
7.93975903e-01  6.19229923e-01  8.41347203e-01  9.23758864e-01  4.95687053e-01  8.46699657e-01
8.52121645e-01  8.30715475e-01  4.99972827e-01  9.67217471e-01  9.03532940e-01  4.70435458e-01
9.30558172e-01  5.27056025e-01  4.36922885e-01  9.83434700e-01  5.70363309e-01  4.46085690e-01
8.60694036e-01  8.41322422e-01  4.63528808e-01  9.71667217e-01  9.63585128e-01  4.27536330e-01
9.52929280e-01  4.63211482e-01  4.03580010e-01  9.94147780e-01  4.10541434e-01  4.15589084e-01
7.56365611e-01  6.04175920e-01  9.80311920e-01  9.06765004e-01  3.85884536e-01  9.82474285e-01
7.94848424e-01  4.00951491e-01  9.85684361e-01  9.11294375e-01  2.27156849e-01  9.90861188e-01
7.66445778e-01  5.55095736e-01  9.78695477e-01  9.05387824e-01  4.18453760e-01  9.83002846e-01
9.16024100e-01  2.21927475e-01  6.92484364e-01  9.54072737e-01  1.72953038e-01  7.29437515e-01
7.78427886e-01  6.80207391e-01  8.53317691e-01  9.21384860e-01  5.24235500e-01  8.55100154e-01
8.03635949e-01  3.74498624e-01  9.73510857e-01  9.11254544e-01  2.69746152e-01  9.80932420e-01
8.70631488e-01  6.69004426e-01  5.45862931e-01  9.64914441e-01  6.63078949e-01  5.42702470e-01
8.11169596e-01  3.68173247e-01  9.52337264e-01  9.16775047e-01  2.09898849e-01  9.60350622e-01
9.14798313e-01  6.29736269e-01  4.21473231e-01  9.81496833e-01  7.51458708e-01  4.15212788e-01
7.95529354e-01  4.06574843e-01  9.79562065e-01  9.11634039e-01  2.41720974e-01  9.85199824e-01
8.15649988e-01  5.34807634e-01  8.24567294e-01  9.29686565e-01  3.92514665e-01  8.33866484e-01
7.58019735e-01  7.03071619e-01  9.07616565e-01  9.14531329e-01  4.88025251e-01  9.07718269e-01
7.62548345e-01  5.93039082e-01  9.66403852e-01  9.06636594e-01  4.38847008e-01  9.70116370e-01
9.25874708e-01  2.63842816e-01  6.30544610e-01  9.61961005e-01  2.15076605e-01  6.68769849e-01
8.07355543e-01  5.14597360e-01  8.66545940e-01  9.23419373e-01  3.85798949e-01  8.75670760e-01
7.64782484e-01  5.68488309e-01  9.75339859e-01  9.05758093e-01  4.23564964e-01  9.79405626e-01
8.29501160e-01  8.88750582e-01  5.38089927e-01  9.66162280e-01  8.07998602e-01  5.00046730e-01
9.58752589e-01  4.46405984e-01  3.95026386e-01  9.94413839e-01  4.26296191e-01  4.10115488e-01
8.13863198e-01  3.60670573e-01  9.48196953e-01  9.16890499e-01  2.21008781e-01  9.56953416e-01
8.56845147e-01  7.94855283e-01  5.08034966e-01  9.67372190e-01  8.40718905e-01  4.84462736e-01
8.80774025e-01  2.62120435e-01  7.86091399e-01  9.41933354e-01  1.57005726e-01  8.11629983e-01
8.51061730e-01  8.73100141e-01  4.74992076e-01  9.73064233e-01  9.07087466e-01  4.32085346e-01
8.26577924e-01  2.51801242e-01  9.77932831e-01  9.14272797e-01  1.64912717e-01  9.86641195e-01
9.72952095e-01  3.60511284e-01  4.04479509e-01  9.95130015e-01  3.12697246e-01  4.32684919e-01
8.17157998e-01  7.27996028e-01  6.88742057e-01  9.43938449e-01  6.30999989e-01  6.84911320e-01
8.66053010e-01  7.59428067e-01  5.00484524e-01  9.67081626e-01  8.54072279e-01  4.83133418e-01
8.88511854e-01  6.20662200e-01  5.17399587e-01  9.69806476e-01  6.31193032e-01  5.18949938e-01
8.30913832e-01  2.60183260e-01  9.57459834e-01  9.16799460e-01  1.75048161e-01  9.68010955e-01
8.93270104e-01  7.06492808e-01  4.43224196e-01  9.83529261e-01  6.72873561e-01  4.20967745e-01
9.36179805e-01  3.20837074e-01  5.56877911e-01  9.73707338e-01  2.23263497e-01  5.91472028e-01
8.93967224e-01  4.87553300e-01  5.88885556e-01  9.65857780e-01  3.76728475e-01  6.05639378e-01
9.35006963e-01  3.62557362e-01  5.32731085e-01  9.76637631e-01  2.63492754e-01  5.63058002e-01
9.33820341e-01  2.04774912e-01  6.43259808e-01  9.61221864e-01  1.64873219e-01  6.85515170e-01
7.59622187e-01  6.45069247e-01  9.41585648e-01  9.12166313e-01  4.06190852e-01  9.42973370e-01
7.91550390e-01  4.19293644e-01  9.84573525e-01  9.10572041e-01  2.51285198e-01  9.89724659e-01
1.00056271e+00  2.68907740e-01  3.71968930e-01  1.00017424e+00  2.58612844e-01  4.13264328e-01
