6.14919953e-01  3.19851770e-01  6.57996365e-01
8.11609117e-01  3.77080334e-01  6.34198201e-01
4.79098602e-01  4.86514103e-01  8.22500479e-01
2.79463462e-01  8.30917455e-01  5.09803774e-01
7.08962926e-01  3.07843442e-01  3.54117003e-01
8.76684798e-01  7.05072295e-01  3.60056503e-01
5.58391179e-01  7.99324990e-01  6.98246175e-01
7.25241721e-01  8.20936224e-01  2.52982742e-01
3.76836009e-01  3.78433133e-01  7.56380002e-01
4.98915506e-01  8.90365949e-01  8.25230308e-01
3.16257279e-01  3.53341329e-01  4.95675931e-01
2.86473195e-01  9.42292339e-01  9.83508196e-01
8.28496817e-01  6.92787352e-01  7.19248527e-01
6.23885029e-01  5.25929882e-01  7.57993248e-01
6.69741395e-01  5.80371072e-01  8.74066755e-01
3.29452313e-01  8.91605126e-01  7.90666264e-01
4.18600685e-01  7.68014793e-01  2.93444540e-01
2.65565992e-01  3.98808600e-01  9.65127193e-01
2.65565992e-01  8.30637249e-01  9.21913326e-01
7.25241721e-01  6.69291957e-01  2.50779692e-01
7.33809705e-01  5.36410311e-01  2.61167258e-01
8.11609117e-01  3.89172388e-01  3.84375290e-01
3.60717902e-01  6.57237259e-01  6.75119932e-01
3.09712186e-01  5.72494450e-01  9.10013871e-01
3.88029083e-01  4.20355584e-01  6.50158527e-01
8.28496817e-01  4.18872088e-01  7.64084928e-01
5.17890279e-01  2.80153069e-01  2.82347060e-01
5.01628570e-01  3.41689615e-01  4.82374617e-01
9.67647393e-01  5.99474223e-01  3.34526936e-01
3.98550196e-01  8.30408305e-01  4.85518725e-01
6.92656318e-01  4.98366203e-01  7.27430300e-01
4.36462718e-01  9.44636940e-01  6.79829567e-01
8.20404307e-01  5.12179806e-01  2.51841341e-01
6.23885029e-01  3.16462327e-01  8.59538913e-01
5.05031828e-01  5.03273576e-01  8.99438114e-01
