6.94268856e-01  5.26843523e-01  5.77969228e-01
9.70545265e-01  6.51946258e-01  4.85206216e-01
8.52622821e-01  2.93804271e-01  2.89767731e-01
3.97757994e-01  7.87131412e-01  7.32295201e-01
9.64797150e-01  3.43865914e-01  6.96772246e-01
6.14040141e-01  7.44962894e-01  3.72867123e-01
2.80634690e-01  5.74331586e-01  5.89705950e-01
5.26807872e-01  7.78879233e-01  2.65092799e-01
2.99801029e-01  3.59310886e-01  7.48235461e-01
9.44552018e-01  2.61036663e-01  2.57538898e-01
3.40135933e-01  4.00669621e-01  7.46022092e-01
5.83785468e-01  6.19950176e-01  5.50323557e-01
8.13863943e-01  9.01783850e-01  3.03094794e-01
8.69501167e-01  6.03368219e-01  7.17282768e-01
7.43646337e-01  4.17890521e-01  8.55971528e-01
5.05472515e-01  6.36004006e-01  3.20012537e-01
7.63032861e-01  5.58472610e-01  6.94831525e-01
7.61537062e-01  6.37634084e-01  8.50086722e-01
5.36744041e-01  5.25463541e-01  5.57499583e-01
8.72776699e-01  9.13136639e-01  9.80863230e-01
7.18968493e-01  9.83291980e-01  4.26927985e-01
9.20613455e-01  6.78599618e-01  6.07003592e-01
3.00767044e-01  8.94120289e-01  7.01214735e-01
9.60224950e-01  5.52878066e-01  6.55947470e-01
5.73562656e-01  4.84754600e-01  5.34530791e-01
2.88286403e-01  8.13756342e-01  7.13553821e-01
5.09759485e-01  9.49454174e-01  9.50983850e-01
7.50966755e-01  2.67965903e-01  9.69038622e-01
9.61946548e-01  5.86723322e-01  3.89044170e-01
4.82824390e-01  4.67243390e-01  5.91343607e-01
7.33606125e-01  5.16165275e-01  9.37048299e-01
2.78960459e-01  4.58399630e-01  6.65568398e-01
9.76503937e-01  9.08158802e-01  4.33142166e-01
6.57373443e-01  6.01107336e-01  8.24119316e-01
8.82064463e-01  3.58915451e-01  8.03726689e-01
6.25629989e-01  5.29666982e-01  6.33791213e-01
4.76657896e-01  6.56374703e-01  6.42303061e-01
4.10838606e-01  8.54688627e-01  4.65304488e-01
7.40068069e-01  6.40903000e-01  9.27340664e-01
7.01117168e-01  4.01744239e-01  5.92708999e-01
5.90771917e-01  6.04855138e-01  3.79800250e-01
8.60470832e-01  7.85755327e-01  4.25785179e-01
7.05421664e-01  9.24783130e-01  4.39953436e-01
3.38778129e-01  7.99627851e-01  3.04650133e-01
5.42713006e-01  7.81698723e-01  6.36860571e-01
9.31013245e-01  8.94173150e-01  7.45536862e-01
6.17829466e-01  3.69713237e-01  5.40380416e-01
4.81625178e-01  4.16954907e-01  4.36182872e-01
7.15637557e-01  6.25010998e-01  8.47543604e-01
9.60205907e-01  2.61517645e-01  7.53843892e-01
2.84445488e-01  7.18159671e-01  3.67889201e-01
9.75816079e-01  7.34979880e-01  2.55028539e-01
9.11082442e-01  7.19953312e-01  9.86298058e-01
9.65292563e-01  7.10601806e-01  5.19235395e-01
6.65523972e-01  7.12696394e-01  4.15965375e-01
4.87246539e-01  4.76451945e-01  4.61555743e-01
3.73690421e-01  3.58139152e-01  7.44200153e-01
8.63769011e-01  8.09573762e-01  6.50360626e-01
8.18165221e-01  6.96596240e-01  3.85516475e-01
9.48680127e-01  9.19089566e-01  3.63887695e-01
9.32666291e-01  5.86570532e-01  3.85820789e-01
9.15207729e-01  3.03259535e-01  5.32236684e-01
6.66797183e-01  7.87259981e-01  4.21512756e-01
7.76244017e-01  8.37563409e-01  3.11998510e-01
6.76334199e-01  3.41880439e-01  5.19141548e-01
8.93788921e-01  9.78578095e-01  3.79347509e-01
7.62666528e-01  3.89897443e-01  2.68340163e-01
8.06036403e-01  7.19043828e-01  7.99787943e-01
9.85954399e-01  4.34977728e-01  6.82714131e-01
9.69834394e-01  3.35838886e-01  9.51065931e-01
6.80203768e-01  7.57327298e-01  5.35425729e-01
4.45511882e-01  2.51963758e-01  8.95680038e-01
4.16804388e-01  3.18187849e-01  5.76751376e-01
7.54595540e-01  9.11645406e-01  5.07272029e-01
5.96665366e-01  7.72261337e-01  5.00386511e-01
6.03212893e-01  2.74588847e-01  6.57054069e-01
8.78597700e-01  2.97063721e-01  9.50277460e-01
8.63310390e-01  5.60067212e-01  6.42737449e-01
3.24574563e-01  3.94237744e-01  8.84494403e-01
9.55310873e-01  9.55803251e-01  5.77463122e-01
2.56102516e-01  3.08355969e-01  3.17512813e-01
8.64525460e-01  6.75691557e-01  7.22543686e-01
5.15596601e-01  4.86847610e-01  6.86242782e-01
4.36212163e-01  4.16936560e-01  9.32438177e-01
3.46877017e-01  3.94926976e-01  5.32131483e-01
2.61644940e-01  9.80637750e-01  3.83705741e-01
9.67094546e-01  9.98581439e-01  5.12439878e-01
2.90103853e-01  9.18519404e-01  8.19779157e-01
3.40291100e-01  5.56542211e-01  9.19319557e-01
3.68082259e-01  9.88883958e-01  9.84812701e-01
3.42705648e-01  7.65806299e-01  7.61634915e-01
8.70295343e-01  8.36462235e-01  5.31387627e-01
2.50315483e-01  6.69087518e-01  6.06194215e-01
8.03599929e-01  4.03186518e-01  9.37758120e-01
2.71656702e-01  7.17175967e-01  4.22553978e-01
5.71068000e-01  2.85051109e-01  8.65098152e-01
8.18951430e-01  5.28351596e-01  6.34662707e-01
3.99735541e-01  8.71088486e-01  2.90448944e-01
7.71130487e-01  6.32844475e-01  2.75938385e-01
5.98099130e-01  4.67813125e-01  3.66851876e-01
8.51933547e-01  4.56758010e-01  4.51060634e-01
3.69869831e-01  2.69314921e-01  6.80120734e-01
8.20357912e-01  3.05188071e-01  5.10637956e-01
3.61490438e-01  4.93130524e-01  5.95649936e-01
4.03968568e-01  8.29157227e-01  3.93139341e-01
2.71535462e-01  9.98504916e-01  6.97995667e-01
8.04359639e-01  7.77567465e-01  3.60041686e-01
7.79887290e-01  5.45392503e-01  5.62232757e-01
5.76866462e-01  8.42982438e-01  4.99920917e-01
7.48160569e-01  8.37080143e-01  9.08298270e-01
5.23387824e-01  9.10281353e-01  8.41882306e-01
6.50995113e-01  7.05049691e-01  9.62541572e-01
5.07295380e-01  9.33329183e-01  6.62788797e-01
3.88068803e-01  3.34005341e-01  6.78420273e-01
4.73950547e-01  4.54072476e-01  9.18156926e-01
8.64209306e-01  7.47583725e-01  7.28903906e-01
8.01597756e-01  8.02095829e-01  3.24415690e-01
8.18154341e-01  3.53827951e-01  6.87172680e-01
7.63507121e-01  2.77328233e-01  3.89425571e-01
3.68295983e-01  4.07822632e-01  6.00858669e-01
3.30015014e-01  5.95216096e-01  7.90734477e-01
6.38252370e-01  7.56513799e-01  5.18037921e-01
8.87148937e-01  8.76522075e-01  4.57994458e-01
5.82318902e-01  8.18060477e-01  3.83688272e-01
6.32824799e-01  9.70371151e-01  3.36285135e-01
9.27910075e-01  6.56623612e-01  8.73202059e-01
8.82290409e-01  7.80593430e-01  5.43132018e-01
4.93584945e-01  7.14388573e-01  6.91908981e-01
7.07287757e-01  3.83061230e-01  8.90995588e-01
2.86152199e-01  3.12654263e-01  6.87685188e-01
9.27448584e-01  8.32202937e-01  7.65121073e-01
6.01850681e-01  8.82288236e-01  6.66149028e-01
9.21904896e-01  8.45710631e-01  4.56367361e-01
8.19030221e-01  9.58631314e-01  7.65389329e-01
6.13197980e-01  2.56607709e-01  7.17703230e-01
7.30196233e-01  4.06631131e-01  4.03993058e-01
8.56003645e-01  7.72274025e-01  8.47837323e-01
3.82657748e-01  7.18075116e-01  8.08080939e-01
2.98828325e-01  7.35378524e-01  4.94379603e-01
9.66425360e-01  5.29506580e-01  8.32622032e-01
3.64502648e-01  4.66785211e-01  8.44219921e-01
9.70427789e-01  4.70037267e-01  7.43057773e-01
3.69847741e-01  4.21276594e-01  5.70992810e-01
8.72376052e-01  6.01541562e-01  9.02256754e-01
8.50516790e-01  6.57916433e-01  6.02944675e-01
9.14687107e-01  5.21820904e-01  4.26032795e-01
7.69682117e-01  7.43515443e-01  6.74716694e-01
6.06283325e-01  9.65986777e-01  9.91601769e-01
8.43140938e-01  6.07745036e-01  5.22283908e-01
4.93742794e-01  5.40431435e-01  9.26724413e-01
8.32076527e-01  6.72454695e-01  7.90860926e-01
8.61038457e-01  8.41796528e-01  4.65839178e-01
6.23108551e-01  8.77437759e-01  3.32672042e-01
3.57673551e-01  3.49669857e-01  4.89379765e-01
4.41291196e-01  5.52452322e-01  8.24841000e-01
6.11940593e-01  2.68069603e-01  3.25702264e-01
9.41952790e-01  6.40030092e-01  3.61445009e-01
3.84396672e-01  4.92345678e-01  3.33069149e-01
2.68455178e-01  6.02942998e-01  9.82315309e-01
8.37285152e-01  7.67511800e-01  6.35226548e-01
8.14114858e-01  5.67466911e-01  5.45013701e-01
6.04634563e-01  8.10737563e-01  4.96716099e-01
6.15975627e-01  9.28802180e-01  5.24986495e-01
6.16157198e-01  3.06232532e-01  3.11878752e-01
9.14545128e-01  3.19480933e-01  6.58527343e-01
4.10008603e-01  2.53873780e-01  2.83994234e-01
5.60037593e-01  2.70742057e-01  6.15217613e-01
9.93348131e-01  5.57556461e-01  3.77778340e-01
7.03915091e-01  7.04976142e-01  3.40434738e-01
6.00959490e-01  9.37058162e-01  2.69639931e-01
3.19357898e-01  7.33134329e-01  8.22285137e-01
5.12611040e-01  6.88347216e-01  5.42529971e-01
8.93452127e-01  9.37678367e-01  6.33892410e-01
4.44968901e-01  4.29475070e-01  7.22559905e-01
4.24559324e-01  7.97862015e-01  2.59595317e-01
4.32224578e-01  6.94946428e-01  2.91857306e-01
2.80056564e-01  6.84708954e-01  4.91969063e-01
8.86981458e-01  3.20494676e-01  9.21941138e-01
2.53140519e-01  9.81229902e-01  6.59458397e-01
5.56019438e-01  9.15457995e-01  5.04565064e-01
6.30857553e-01  9.17534581e-01  3.91110484e-01
8.08654240e-01  9.08801024e-01  3.84885377e-01
5.89075827e-01  9.95562197e-01  9.98257194e-01
2.57188710e-01  3.27755299e-01  4.95063449e-01
4.51062183e-01  6.89828822e-01  8.39263906e-01
4.74996265e-01  3.79209313e-01  6.05230837e-01
7.80994179e-01  6.50326324e-01  3.01126739e-01
9.41716132e-01  7.12893640e-01  6.39979562e-01
7.94062733e-01  8.79972267e-01  9.33289454e-01
6.50053340e-01  7.78227501e-01  4.64655360e-01
8.92828624e-01  4.60060561e-01  8.90047406e-01
8.38478082e-01  4.87649906e-01  8.88785758e-01
7.46910617e-01  7.79309654e-01  5.45338000e-01
7.80793881e-01  4.62063511e-01  2.67053487e-01
7.71152476e-01  6.56078897e-01  4.63422778e-01
9.14351262e-01  6.06034994e-01  4.53334678e-01
8.43912844e-01  4.31695775e-01  9.63888648e-01
3.85478791e-01  8.89579335e-01  7.63400021e-01
3.24528802e-01  3.99377315e-01  7.88414930e-01
9.91536525e-01  2.66214187e-01  8.25596442e-01
6.31937374e-01  4.96749771e-01  4.17045526e-01
5.58885999e-01  4.24614264e-01  9.64974605e-01
5.71893610e-01  8.14373493e-01  4.53855639e-01
9.17372172e-01  7.03282294e-01  3.30756325e-01
8.96128596e-01  5.67526160e-01  4.41335139e-01
6.44125224e-01  2.61909905e-01  4.66576008e-01
8.10161980e-01  5.70275044e-01  2.56349238e-01
3.45947575e-01  6.78329950e-01  3.14925162e-01
7.19373104e-01  6.10103422e-01  9.96500284e-01
5.86769349e-01  8.95184147e-01  7.08285324e-01
9.77119443e-01  6.76811331e-01  4.47083997e-01
5.73276459e-01  4.51383257e-01  5.10738430e-01
5.51999730e-01  8.49130327e-01  6.71880809e-01
4.71786155e-01  8.12900788e-01  5.29450484e-01
4.58345846e-01  3.93472984e-01  5.49173046e-01
6.40400621e-01  3.61191926e-01  5.61792168e-01
8.92602678e-01  8.15421883e-01  7.14757300e-01
5.24215995e-01  8.73017709e-01  6.74243658e-01
9.96977949e-01  6.42892532e-01  5.36114654e-01
5.84710545e-01  4.70985643e-01  4.90055503e-01
9.33251173e-01  6.30156629e-01  4.92307065e-01
2.81098170e-01  9.98907006e-01  6.97003446e-01
4.92308826e-01  2.71150640e-01  3.88764105e-01
3.88441693e-01  6.69142212e-01  7.89568022e-01
9.53883593e-01  2.95876881e-01  3.35548571e-01
7.21628173e-01  9.30985034e-01  3.89489166e-01
7.22041561e-01  2.74648488e-01  3.62123129e-01
7.32270375e-01  9.68825347e-01  6.61267734e-01
9.53964683e-01  3.05942177e-01  3.98658472e-01
8.83709111e-01  8.35088122e-01  6.38774210e-01
8.28195279e-01  6.14511019e-01  8.30587444e-01
2.59782433e-01  5.85967557e-01  9.22479038e-01
8.46552481e-01  5.99235600e-01  9.99236851e-01
4.58945010e-01  6.39467363e-01  9.52647219e-01
5.03277210e-01  7.63026150e-01  8.96188801e-01
3.74266297e-01  8.17780397e-01  6.35370356e-01
8.71943827e-01  7.87637977e-01  9.32375307e-01
4.43576634e-01  7.14409539e-01  7.49712746e-01
5.73550044e-01  4.73799371e-01  2.81581828e-01
6.93237209e-01  4.31983298e-01  7.13480241e-01
3.14847684e-01  6.91808987e-01  4.55216151e-01
6.44641771e-01  7.04758085e-01  2.98751992e-01
7.14464561e-01  3.76135411e-01  2.88841479e-01
4.86818434e-01  9.75634566e-01  7.17270355e-01
6.95789509e-01  7.48700906e-01  8.27683136e-01
3.53994834e-01  8.63949335e-01  6.73575961e-01
2.60195322e-01  6.39718460e-01  7.67013520e-01
8.46502177e-01  4.53105175e-01  8.71223936e-01
8.50168109e-01  5.26931735e-01  4.87242155e-01
9.60789541e-01  7.42615699e-01  3.40290092e-01
8.26644954e-01  6.45613780e-01  9.59017836e-01
5.58995544e-01  3.83282514e-01  9.83418778e-01
7.57313098e-01  9.27513425e-01  2.83543952e-01
3.79192543e-01  4.59005702e-01  6.24441276e-01
2.87984498e-01  7.12184432e-01  3.72025533e-01
5.63725319e-01  7.16068092e-01  5.15927490e-01
6.69930139e-01  5.39720347e-01  4.94148179e-01
4.35647668e-01  3.54034119e-01  6.00624556e-01
6.10083530e-01  2.68762915e-01  4.98782644e-01
4.53029988e-01  5.93492398e-01  7.92765861e-01
8.82030073e-01  3.73847289e-01  9.17576497e-01
3.22167022e-01  3.87668735e-01  9.38355496e-01
7.73023016e-01  9.48398860e-01  2.51753027e-01
2.55732436e-01  4.00617274e-01  6.63451075e-01
2.96161795e-01  4.44383664e-01  3.20667886e-01
2.53914118e-01  6.21749163e-01  5.67006104e-01
7.31291626e-01  4.31690444e-01  2.85552137e-01
9.02367615e-01  6.99928275e-01  3.53001571e-01
7.07284583e-01  8.59250910e-01  7.70034238e-01
9.77672036e-01  8.58319634e-01  7.07632121e-01
4.53823323e-01  6.71841484e-01  8.77434354e-01
4.23415115e-01  5.42910156e-01  8.65362277e-01
2.87641099e-01  8.77643260e-01  5.07732494e-01
7.52974721e-01  4.93330688e-01  5.34205533e-01
9.83545482e-01  3.88949500e-01  7.56809117e-01
7.31435876e-01  4.87505169e-01  8.16039214e-01
9.88046927e-01  3.45914684e-01  5.40442525e-01
3.93061991e-01  6.36811668e-01  6.09295431e-01
9.65882612e-01  9.35824959e-01  6.15393202e-01
6.12060121e-01  4.96610789e-01  7.33415208e-01
4.61877122e-01  9.94537061e-01  4.99569172e-01
8.85443009e-01  4.71537894e-01  6.81124897e-01
5.42236553e-01  8.74227589e-01  7.22335749e-01
4.29654938e-01  7.75060119e-01  6.33793752e-01
3.64433729e-01  7.02743557e-01  7.97334960e-01
8.38070022e-01  8.06716527e-01  3.12416380e-01
3.03448659e-01  3.29685761e-01  4.06626195e-01
6.58048532e-01  5.16598370e-01  5.10425920e-01
7.06830958e-01  4.54205153e-01  3.53980317e-01
7.25922240e-01  4.70874553e-01  8.78466216e-01
9.81774846e-01  8.24401491e-01  8.66565767e-01
7.35185829e-01  6.58021518e-01  4.10876375e-01
9.81552042e-01  4.19982988e-01  2.64433492e-01
7.15624205e-01  6.22607078e-01  9.45177319e-01
4.23634332e-01  6.40665728e-01  9.36835360e-01
3.17264664e-01  7.58241383e-01  6.17911269e-01
6.58401582e-01  5.49658839e-01  3.13429421e-01
9.48030179e-01  8.80531241e-01  4.82636030e-01
3.95251635e-01  5.07166641e-01  8.13931770e-01
9.10852784e-01  5.34899984e-01  7.30225750e-01
3.67459814e-01  7.09273072e-01  3.95854393e-01
4.65220494e-01  7.98932652e-01  9.72105450e-01
4.66112594e-01  5.03923886e-01  6.62948053e-01
6.43603007e-01  9.80524234e-01  5.58183248e-01
6.12318290e-01  3.92262531e-01  9.98071763e-01
4.40572957e-01  6.33405003e-01  4.17549813e-01
6.44706898e-01  8.45085549e-01  2.69683720e-01
5.56656454e-01  9.83637062e-01  8.05902324e-01
7.91257542e-01  5.39188630e-01  8.38771591e-01
6.94543327e-01  4.05854619e-01  4.54929243e-01
7.10134175e-01  8.19667314e-01  2.95805967e-01
9.27317766e-01  7.33092093e-01  7.89844364e-01
7.59038802e-01  3.79688815e-01  5.65146136e-01
3.55809440e-01  7.82462535e-01  4.46307840e-01
6.68931280e-01  2.73069906e-01  6.59075533e-01
8.36950033e-01  3.39681084e-01  9.34096869e-01
3.17846942e-01  9.06443902e-01  4.17310546e-01
3.29827346e-01  2.89843556e-01  5.17040484e-01
6.80659528e-01  9.63022710e-01  5.37408615e-01
6.10945065e-01  5.89229782e-01  7.44340743e-01
5.14024777e-01  8.61935000e-01  6.36437598e-01
3.59453365e-01  3.41311342e-01  7.42829770e-01
3.77269099e-01  5.47552255e-01  6.89378591e-01
8.69957619e-01  8.37046436e-01  3.37141362e-01
9.05860976e-01  7.20708619e-01  4.23423749e-01
9.60606950e-01  8.11902586e-01  6.93755862e-01
4.67550727e-01  6.19502898e-01  2.50749247e-01
8.29996479e-01  9.48924001e-01  7.95920730e-01
4.07860654e-01  8.52907337e-01  9.24410582e-01
9.66425317e-01  4.23005700e-01  3.67924738e-01
3.34235641e-01  5.89045745e-01  4.21150218e-01
9.53166035e-01  9.74397448e-01  4.86014875e-01
3.80926390e-01  9.22162993e-01  3.13465516e-01
9.44354312e-01  7.50616968e-01  2.66178112e-01
8.03189082e-01  6.56783217e-01  8.23372442e-01
4.39106131e-01  3.75608138e-01  8.99320390e-01
3.71853543e-01  7.19593193e-01  8.58130124e-01
9.65655218e-01  8.08379469e-01  4.27637526e-01
6.52291701e-01  5.57215147e-01  5.44535847e-01
9.56083880e-01  6.36508222e-01  3.00826939e-01
8.15495739e-01  4.21955895e-01  6.67435117e-01
9.16797882e-01  4.02381769e-01  8.03226223e-01
8.89180082e-01  4.98330332e-01  8.43404266e-01
9.43522436e-01  9.62356137e-01  3.53568875e-01
6.59379608e-01  9.09561366e-01  2.85429692e-01
3.81165013e-01  4.86816075e-01  8.08141519e-01
6.12521200e-01  3.15127768e-01  3.03203431e-01
9.68058085e-01  7.93803244e-01  6.64425752e-01
5.17445030e-01  4.20619027e-01  6.67894974e-01
4.35188029e-01  3.23677597e-01  7.82524512e-01
2.86472606e-01  5.60616985e-01  3.70281280e-01
3.53246479e-01  5.67545831e-01  8.39427995e-01
4.49095691e-01  3.00937223e-01  7.00916471e-01
9.67696577e-01  4.09243849e-01  6.61724769e-01
8.65234057e-01  3.88866064e-01  9.43379437e-01
4.62508250e-01  5.42173875e-01  8.77900326e-01
5.10274432e-01  7.61803066e-01  7.94268646e-01
6.48924462e-01  3.47721181e-01  9.83107936e-01
3.47629815e-01  9.03715480e-01  9.10086988e-01
6.88458299e-01  5.73301322e-01  8.74109465e-01
4.01682892e-01  5.68247508e-01  4.78073935e-01
4.13637870e-01  3.63303536e-01  3.01734397e-01
8.52452552e-01  3.76071786e-01  6.04343875e-01
3.00120603e-01  5.32734004e-01  9.71296173e-01
4.60589092e-01  8.11535107e-01  8.81263567e-01
3.24012312e-01  5.65687597e-01  9.30295087e-01
7.99444476e-01  4.22755214e-01  9.44592796e-01
8.70849770e-01  8.29782312e-01  6.70175970e-01
8.19182065e-01  9.93476173e-01  2.56363158e-01
4.90474563e-01  9.43040146e-01  5.46920319e-01
8.58800732e-01  8.76200779e-01  8.15202972e-01
5.54730112e-01  4.91696017e-01  9.25231249e-01
8.06837587e-01  8.84680283e-01  4.44877617e-01
9.29701156e-01  3.81455303e-01  5.95284571e-01
4.26787230e-01  5.54311430e-01  5.95669965e-01
2.75021076e-01  3.01523105e-01  6.61237365e-01
5.96587113e-01  9.30558551e-01  6.18211616e-01
5.01648044e-01  4.64181361e-01  3.51767173e-01
7.98611155e-01  4.24247049e-01  4.22068697e-01
5.69534534e-01  3.38841256e-01  2.99753542e-01
8.19958357e-01  3.72981004e-01  3.39121111e-01
6.79860865e-01  8.63746182e-01  5.10806991e-01
5.72716845e-01  5.30818917e-01  8.37188993e-01
3.71818054e-01  9.80931750e-01  7.91376938e-01
6.48855172e-01  5.19031962e-01  7.27949402e-01
9.00722366e-01  9.07472327e-01  7.15107168e-01
8.62828770e-01  5.99554139e-01  6.48556450e-01
7.92355995e-01  7.79490988e-01  8.29251797e-01
2.93494436e-01  7.94928776e-01  3.99686165e-01
3.64450671e-01  2.74010921e-01  8.60601186e-01
6.30090882e-01  9.74305246e-01  3.79412555e-01
9.75798290e-01  2.85519242e-01  4.87290346e-01
8.60616576e-01  7.52461903e-01  2.98810979e-01
8.54888834e-01  6.66734243e-01  4.78256230e-01
7.40248769e-01  4.11281958e-01  8.50971733e-01
9.26618040e-01  5.61711697e-01  7.43215886e-01
7.85696913e-01  8.93890777e-01  6.54810119e-01
9.96099821e-01  9.24049029e-01  4.10818809e-01
9.73776962e-01  3.74969418e-01  8.43693013e-01
5.43505342e-01  8.45189204e-01  5.45721771e-01
7.71589074e-01  8.29562155e-01  5.44498681e-01
4.51597917e-01  8.26331916e-01  8.18822129e-01
4.26734664e-01  5.12710788e-01  9.85190510e-01
3.10602103e-01  7.45813455e-01  4.59051792e-01
8.49370681e-01  5.75783567e-01  5.74269533e-01
8.06318600e-01  5.93071662e-01  8.76351121e-01
6.44955372e-01  9.82608109e-01  6.74439671e-01
7.54825854e-01  9.07128027e-01  8.77997510e-01
8.21733425e-01  2.70928021e-01  6.39803256e-01
6.27708883e-01  5.76914218e-01  5.17861871e-01
9.27245874e-01  8.15664261e-01  8.45134470e-01
6.94063211e-01  7.84587215e-01  5.11371647e-01
4.06650100e-01  9.78274116e-01  8.08909078e-01
8.29191858e-01  2.92392485e-01  7.81132692e-01
6.62078553e-01  3.36819708e-01  2.64686231e-01
6.97374360e-01  9.68805270e-01  6.86750798e-01
8.30967734e-01  6.11962689e-01  3.59807628e-01
5.37230579e-01  5.69655494e-01  8.26415827e-01
8.60571229e-01  4.15732783e-01  8.44493755e-01
6.40231789e-01  8.34616813e-01  6.02765768e-01
6.86449318e-01  8.68030264e-01  6.90528445e-01
6.64505115e-01  6.02280097e-01  5.14471846e-01
3.17214715e-01  8.34069886e-01  4.32920351e-01
6.98984120e-01  6.54375665e-01  6.13623448e-01
8.61289221e-01  5.00988126e-01  8.78265864e-01
3.65532536e-01  8.90855165e-01  6.46869155e-01
3.86860813e-01  6.28999630e-01  4.41048915e-01
6.90387891e-01  7.05487761e-01  4.82626560e-01
9.70470731e-01  6.43470932e-01  9.11893251e-01
3.59596645e-01  9.46889741e-01  3.76825358e-01
9.37009216e-01  3.19682975e-01  8.01433219e-01
6.98697095e-01  8.96134277e-01  2.99587848e-01
5.19023693e-01  4.27978045e-01  6.44427404e-01
8.74642850e-01  3.43737761e-01  3.02466300e-01
8.84080509e-01  9.87172515e-01  4.93782201e-01
6.33804191e-01  2.74068297e-01  3.98316057e-01
7.25948503e-01  3.46427220e-01  9.39314455e-01
4.88233861e-01  4.67395302e-01  5.26207318e-01
2.69285053e-01  2.78036219e-01  7.02808334e-01
9.39057685e-01  5.80875255e-01  9.52717355e-01
7.65757911e-01  2.54456132e-01  7.58761110e-01
8.51075373e-01  7.97619105e-01  5.74699950e-01
7.98841046e-01  2.85473301e-01  5.89768420e-01
2.73427408e-01  4.90444474e-01  3.01606053e-01
6.68351000e-01  5.42432813e-01  8.82694723e-01
8.07250798e-01  8.68727548e-01  9.90322241e-01
2.83177811e-01  3.99035248e-01  6.09978234e-01
5.14313734e-01  5.43896697e-01  2.71782241e-01
3.29805142e-01  2.88238201e-01  9.49862629e-01
8.45507725e-01  5.47724352e-01  7.17294590e-01
3.66605239e-01  3.86244820e-01  4.72070065e-01
7.24570707e-01  8.43858309e-01  8.94405156e-01
9.27075729e-01  3.87171942e-01  9.74589041e-01
8.13667749e-01  6.98784120e-01  7.84369066e-01
3.18392984e-01  2.52864216e-01  4.92725273e-01
6.81280373e-01  2.76299174e-01  3.85624633e-01
3.28909928e-01  5.46257314e-01  8.69209070e-01
6.93308025e-01  6.22664172e-01  6.41090160e-01
4.98251636e-01  4.99504227e-01  4.86913689e-01
6.45963646e-01  8.73261650e-01  7.99857936e-01
8.24659221e-01  8.16621201e-01  2.91869990e-01
9.38337766e-01  2.80759135e-01  8.19156136e-01
3.32493596e-01  6.86062090e-01  3.19135644e-01
7.11863289e-01  7.34920129e-01  4.05098254e-01
5.01461553e-01  5.11356404e-01  3.13026059e-01
7.01255557e-01  3.74638481e-01  6.89634965e-01
4.28730500e-01  5.55624542e-01  4.95901590e-01
8.06281193e-01  8.70491377e-01  9.86937988e-01
8.41729192e-01  4.93237233e-01  6.00988628e-01
6.98865093e-01  9.53057792e-01  6.33840047e-01
3.83470788e-01  4.31475418e-01  3.76784269e-01
5.22507901e-01  6.04721194e-01  8.13802413e-01
9.83003875e-01  5.33611402e-01  5.82101634e-01
2.74885194e-01  6.50188122e-01  8.93589123e-01
2.81015263e-01  6.58207324e-01  8.72682873e-01
2.86855050e-01  2.65243613e-01  6.37219979e-01
7.47374612e-01  6.51254436e-01  7.91603586e-01
9.26096145e-01  4.68862616e-01  4.97459338e-01
6.96153940e-01  8.16413394e-01  2.64555241e-01
8.53236544e-01  3.41694130e-01  9.89714753e-01
6.54548784e-01  3.38191822e-01  9.64082434e-01
3.49587711e-01  9.22456736e-01  4.73786794e-01
3.54382209e-01  4.32875134e-01  9.90039198e-01
9.43746030e-01  9.01078731e-01  5.59872208e-01
3.54676140e-01  5.97146459e-01  7.41145574e-01
2.74095339e-01  9.77108694e-01  9.06767831e-01
5.04224853e-01  9.38522452e-01  9.68170125e-01
9.95827790e-01  5.09911009e-01  6.19422079e-01
2.79359517e-01  3.35853805e-01  3.05478609e-01
5.99722062e-01  7.02160097e-01  6.96410878e-01
6.69080594e-01  9.00328572e-01  8.43793150e-01
5.65103160e-01  7.90029956e-01  9.53994874e-01
7.55874137e-01  9.85151957e-01  4.83079452e-01
7.26558968e-01  2.69978677e-01  5.88382271e-01
9.16096005e-01  5.41358326e-01  7.25665474e-01
7.50688963e-01  5.66131144e-01  2.67593015e-01
8.02841617e-01  5.19549096e-01  7.47114695e-01
5.85720788e-01  5.79834852e-01  4.92539143e-01
9.53427576e-01  1.00054959e+00  4.94727817e-01
9.60356127e-01  7.29881880e-01  8.42229932e-01
3.11475971e-01  4.60339970e-01  9.02652219e-01
2.54020656e-01  6.85891193e-01  5.16955488e-01
2.74034573e-01  3.31857647e-01  5.24444194e-01
8.35933504e-01  9.75049475e-01  4.52572787e-01
8.57615377e-01  5.26789035e-01  7.86130438e-01
3.08370265e-01  4.82554257e-01  3.55320077e-01
8.98884606e-01  6.40372377e-01  4.27419616e-01
3.60008982e-01  5.41454809e-01  6.83400576e-01
7.23887428e-01  5.20275167e-01  5.50156951e-01
2.91911322e-01  9.20593262e-01  7.59283832e-01
8.05051402e-01  6.43037753e-01  8.02850387e-01
6.58076901e-01  3.52985634e-01  5.06368826e-01
6.36864257e-01  8.89601565e-01  5.87537254e-01
3.29591258e-01  8.59490416e-01  6.90673155e-01
9.82435854e-01  7.64599561e-01  6.44630104e-01
9.12941452e-01  2.90900691e-01  5.77183193e-01
3.93166481e-01  5.66343600e-01  8.99513552e-01
5.52357034e-01  2.52717582e-01  4.12616635e-01
3.93390974e-01  5.35136008e-01  7.58344684e-01
5.92190647e-01  3.75614760e-01  7.09489132e-01
2.51158768e-01  6.87883997e-01  4.72304026e-01
6.13020355e-01  3.73296219e-01  9.60211307e-01
4.23945742e-01  4.45981578e-01  4.94164706e-01
9.10989206e-01  3.60336317e-01  6.75169490e-01
7.89642492e-01  8.86871274e-01  3.62444344e-01
6.35192240e-01  9.56537597e-01  4.70520861e-01
4.16201181e-01  3.33311605e-01  6.79386391e-01
5.11354987e-01  9.66322622e-01  6.80228433e-01
7.20962363e-01  5.23872340e-01  4.81560141e-01
9.86719619e-01  7.06547051e-01  4.30711594e-01
8.11429196e-01  7.82707015e-01  5.91224038e-01
8.78767730e-01  4.64123768e-01  5.88812230e-01
3.85112493e-01  2.95241212e-01  8.65536321e-01
2.87216904e-01  4.04796671e-01  8.78247622e-01
8.33840908e-01  3.36251874e-01  4.93334134e-01
3.32551854e-01  8.88637030e-01  7.87540606e-01
9.69456745e-01  5.99507510e-01  2.85765001e-01
9.53376446e-01  6.84962152e-01  4.06500369e-01
5.51235496e-01  4.71403895e-01  4.25763258e-01
4.42980552e-01  7.08901311e-01  2.92886367e-01
6.75129022e-01  4.87722971e-01  8.98006968e-01
9.81805786e-01  5.06356486e-01  3.06796852e-01
9.93103692e-01  2.63942688e-01  2.64827534e-01
8.70950987e-01  9.02920292e-01  9.11752959e-01
5.15720124e-01  7.38916743e-01  6.54632291e-01
4.99711033e-01  3.41584208e-01  9.46898659e-01
6.75693167e-01  8.24446182e-01  2.74813338e-01
3.99782401e-01  5.66471623e-01  5.00446863e-01
9.89122486e-01  9.88998236e-01  5.01437262e-01
2.86542747e-01  9.50155825e-01  9.36745753e-01
9.97081968e-01  4.05432856e-01  3.78110224e-01
4.91983407e-01  3.90288591e-01  4.21792806e-01
4.18600685e-01  7.68014793e-01  2.93444540e-01
8.37839903e-01  8.52038052e-01  8.06354841e-01
4.13745792e-01  7.83603677e-01  7.88925196e-01
2.51717326e-01  9.43225794e-01  4.14404992e-01
3.97023219e-01  8.99887272e-01  4.56960730e-01
5.38763210e-01  6.68455153e-01  4.58528427e-01
9.97789204e-01  5.24223511e-01  4.11962962e-01
4.95745886e-01  9.23298462e-01  7.44793374e-01
7.12434280e-01  9.34944132e-01  8.80117419e-01
3.33178388e-01  3.92632288e-01  7.31883187e-01
6.57445675e-01  9.81171976e-01  7.88335139e-01
5.84881673e-01  5.43044612e-01  7.79228517e-01
6.85982421e-01  9.29779836e-01  5.50549100e-01
2.60093900e-01  8.18963015e-01  3.93658505e-01
9.86179391e-01  6.88498044e-01  5.68551981e-01
9.59099748e-01  4.34110861e-01  5.93240160e-01
4.32631432e-01  8.22810679e-01  6.49515552e-01
3.79791015e-01  8.66118295e-01  5.62181390e-01
7.62694625e-01  8.02321859e-01  6.90648504e-01
9.18479739e-01  6.49727459e-01  2.91083694e-01
8.28496556e-01  7.91987646e-01  6.00723399e-01
2.90039245e-01  5.71386163e-01  8.29914874e-01
9.34556017e-01  4.82564795e-01  8.50889843e-01
4.10934547e-01  9.67343672e-01  8.06296023e-01
4.71237592e-01  2.95062079e-01  4.67504899e-01
9.00849735e-01  9.67859835e-01  4.93307108e-01
9.80662956e-01  9.01930615e-01  6.32473710e-01
8.89714994e-01  6.06877115e-01  6.14151553e-01
7.52127151e-01  7.73532505e-01  9.71131273e-01
6.84355058e-01  2.94609141e-01  6.16636854e-01
7.05910756e-01  6.90897509e-01  3.25949702e-01
8.68574314e-01  6.83545034e-01  8.85116530e-01
3.70182576e-01  7.08922750e-01  7.65091847e-01
5.19525394e-01  3.25567068e-01  4.23705488e-01
3.41179016e-01  7.44218018e-01  8.16527307e-01
6.88318211e-01  7.41705488e-01  8.84171381e-01
9.86611502e-01  9.66983997e-01  9.35173642e-01
9.49982972e-01  4.39168988e-01  4.56449133e-01
2.93798184e-01  2.60737326e-01  2.51023562e-01
8.54185628e-01  4.74762740e-01  7.29310570e-01
3.77968118e-01  7.50801851e-01  8.25573813e-01
3.56459372e-01  8.43570969e-01  4.06010738e-01
3.09182759e-01  4.08480202e-01  9.77537398e-01
2.80904055e-01  9.52892682e-01  9.84978284e-01
5.84667927e-01  8.33355994e-01  4.01085440e-01
3.04508899e-01  4.54420523e-01  7.35831068e-01
5.86625278e-01  8.38080708e-01  6.10846354e-01
6.82121088e-01  9.27981300e-01  7.76502940e-01
8.57876565e-01  7.48201196e-01  9.55537012e-01
2.80778468e-01  4.57096843e-01  7.93863948e-01
3.14021744e-01  4.43801397e-01  4.69495449e-01
3.59759228e-01  5.32960799e-01  9.90778059e-01
3.02134966e-01  5.19617020e-01  5.42157700e-01
5.69563754e-01  4.48917792e-01  7.63556932e-01
4.30925445e-01  5.91160344e-01  7.64894148e-01
4.95865598e-01  7.26796733e-01  3.91764812e-01
3.68712816e-01  7.12803582e-01  8.65091598e-01
8.79508300e-01  8.77977630e-01  8.38521774e-01
3.32828616e-01  3.26581643e-01  4.59068948e-01
7.78145767e-01  9.38498883e-01  7.04051177e-01
2.95127976e-01  9.86440541e-01  5.91639424e-01
8.14231559e-01  9.39402213e-01  6.27993863e-01
4.32517038e-01  6.30834599e-01  8.84498767e-01
4.51458074e-01  5.05334199e-01  8.18373654e-01
3.53176363e-01  5.85299620e-01  9.79654468e-01
5.58859809e-01  7.73301237e-01  2.86361407e-01
6.50488007e-01  6.17047047e-01  7.05987405e-01
3.42393383e-01  3.81041139e-01  2.99356439e-01
5.24424943e-01  2.66812268e-01  8.57160025e-01
6.89680824e-01  4.59213924e-01  3.27201323e-01
9.48224084e-01  2.99476848e-01  6.59944289e-01
6.42197035e-01  6.52900888e-01  3.18630915e-01
7.94342765e-01  6.99091179e-01  5.81006209e-01
6.23186649e-01  6.92844087e-01  7.59664433e-01
8.06708068e-01  3.81882852e-01  2.98037094e-01
3.58858685e-01  4.03601514e-01  2.84587164e-01
5.82888923e-01  5.24156811e-01  3.50973320e-01
9.28228053e-01  3.98370918e-01  9.21330097e-01
9.89405813e-01  9.76870044e-01  4.97655134e-01
3.90110622e-01  9.69828214e-01  8.96936614e-01
7.53430304e-01  8.98120644e-01  3.43539143e-01
8.00022281e-01  4.74500350e-01  9.95395154e-01
7.74819204e-01  3.84523404e-01  4.01015448e-01
7.01986648e-01  2.76681891e-01  6.69938524e-01
4.61783460e-01  6.02045287e-01  9.06367016e-01
9.45378601e-01  5.28859956e-01  9.90306248e-01
8.75651030e-01  5.98850528e-01  9.57414554e-01
7.91175417e-01  6.38639788e-01  6.83529397e-01
7.44961298e-01  3.01182055e-01  8.79029618e-01
2.59752998e-01  7.56805434e-01  6.29432403e-01
8.14872509e-01  4.31344819e-01  6.41541049e-01
4.57078554e-01  4.67499010e-01  3.66179616e-01
5.03899561e-01  8.47557608e-01  7.35904625e-01
3.33432898e-01  5.33702676e-01  4.95919759e-01
8.66314729e-01  2.53941980e-01  2.98107071e-01
6.40850520e-01  8.72493286e-01  3.71689855e-01
5.46324574e-01  7.81636579e-01  9.05396417e-01
9.48932268e-01  7.62780570e-01  3.14709568e-01
4.20080353e-01  3.35466633e-01  9.28214964e-01
8.61188909e-01  7.21413279e-01  4.73015896e-01
4.45221315e-01  9.92550233e-01  6.62889712e-01
9.87272969e-01  9.75688838e-01  9.45373624e-01
4.24863463e-01  9.93078687e-01  7.50782795e-01
4.73017014e-01  8.16420887e-01  3.28543185e-01
6.87881152e-01  9.72851730e-01  4.99295716e-01
3.33894518e-01  7.69098393e-01  8.68632512e-01
9.25182054e-01  6.75408179e-01  9.53151784e-01
6.35854721e-01  3.76709584e-01  8.26770743e-01
5.65247281e-01  9.99776558e-01  3.43515689e-01
5.16529457e-01  8.63397266e-01  7.45939912e-01
9.93410604e-01  5.61562433e-01  3.32499155e-01
6.99697998e-01  8.19826542e-01  6.33969960e-01
5.29142598e-01  5.36530073e-01  8.71969011e-01
6.51285844e-01  3.34833184e-01  3.27199889e-01
9.72655824e-01  3.16957612e-01  9.45961995e-01
2.74955735e-01  4.11824863e-01  6.40316259e-01
8.48179131e-01  5.45137852e-01  5.99920655e-01
4.43480222e-01  4.39963247e-01  6.84768112e-01
6.96407275e-01  9.24771005e-01  4.06181096e-01
5.83299686e-01  4.03346220e-01  8.97919814e-01
8.23567500e-01  6.59527529e-01  9.20840630e-01
4.96270849e-01  7.73798583e-01  4.60494786e-01
5.47109244e-01  2.76333160e-01  4.87857064e-01
6.15128994e-01  8.45960748e-01  7.80951894e-01
6.78855104e-01  4.13003266e-01  7.46223449e-01
9.17980440e-01  5.75214633e-01  3.63783775e-01
3.03609035e-01  6.41562266e-01  4.84640687e-01
6.36452147e-01  3.40922460e-01  8.60986192e-01
6.83891938e-01  8.88525558e-01  5.92548438e-01
2.75394300e-01  5.13507054e-01  9.60715742e-01
7.25532223e-01  3.74042355e-01  5.11873208e-01
7.40220222e-01  8.51812089e-01  8.68087268e-01
6.58475978e-01  7.80111293e-01  9.15067309e-01
8.99941485e-01  5.82100576e-01  5.76989903e-01
9.54852529e-01  4.31194557e-01  4.39751886e-01
4.51186586e-01  4.08117218e-01  7.90355190e-01
4.33213010e-01  3.39246303e-01  6.36939714e-01
3.84354514e-01  8.05711932e-01  7.08618550e-01
6.15918503e-01  7.97062873e-01  8.61340854e-01
6.01773858e-01  6.68993267e-01  5.74782338e-01
8.35178111e-01  6.53786814e-01  9.90475077e-01
7.76378340e-01  8.06590574e-01  5.68700113e-01
5.74927777e-01  3.70618468e-01  7.56205680e-01
3.58903615e-01  5.55828381e-01  5.40575310e-01
7.67908759e-01  2.67755902e-01  7.21366064e-01
9.17587434e-01  8.85378512e-01  3.53470279e-01
8.79421671e-01  9.48636630e-01  8.66984446e-01
9.84597353e-01  5.01662697e-01  2.80059668e-01
6.51423482e-01  7.29539112e-01  5.88660713e-01
8.21700327e-01  7.51160996e-01  8.06838015e-01
7.94642669e-01  7.76238414e-01  8.20773719e-01
9.36890671e-01  2.56207201e-01  7.48559160e-01
4.38041844e-01  7.75973015e-01  7.02362209e-01
3.72468053e-01  3.96417933e-01  6.50321382e-01
6.26661700e-01  5.66306462e-01  4.77678354e-01
2.64801369e-01  6.34850425e-01  5.27271960e-01
4.91974105e-01  3.54117469e-01  9.20135510e-01
9.88584946e-01  4.34575554e-01  6.63483155e-01
4.06109027e-01  9.78688942e-01  9.81182268e-01
3.26170632e-01  5.10397240e-01  4.92342766e-01
8.69291907e-01  7.48599887e-01  8.53038770e-01
7.47233837e-01  4.51438727e-01  8.70556029e-01
4.77488138e-01  6.99534046e-01  5.57140717e-01
3.82696812e-01  7.09984112e-01  7.58448490e-01
2.74000572e-01  5.28315079e-01  7.63934610e-01
3.56311967e-01  9.04020086e-01  3.32901328e-01
4.31066102e-01  6.13032118e-01  9.20003729e-01
6.94629091e-01  3.20351682e-01  3.07320476e-01
7.26848851e-01  8.08052883e-01  6.13232688e-01
9.92196368e-01  8.46899806e-01  2.56230212e-01
2.76600465e-01  2.90873004e-01  5.07933641e-01
9.93311166e-01  3.08407065e-01  3.37939606e-01
6.76923826e-01  7.85316234e-01  7.05355102e-01
9.82593102e-01  9.36403673e-01  4.62617741e-01
5.10523085e-01  7.11020926e-01  9.10770081e-01
9.30152679e-01  5.06033101e-01  6.56202118e-01
6.05140633e-01  7.22064295e-01  2.88000921e-01
3.41069423e-01  5.88949614e-01  2.70476591e-01
2.88022661e-01  6.36409770e-01  4.06869472e-01
6.13068663e-01  5.48967351e-01  7.38679350e-01
8.34568107e-01  7.46851322e-01  8.11717894e-01
5.35856962e-01  5.17619934e-01  8.89301406e-01
9.18712046e-01  2.94952931e-01  9.24915209e-01
2.63871411e-01  8.42580514e-01  3.53472185e-01
9.89667233e-01  6.84312516e-01  8.88048725e-01
7.07264505e-01  5.26932437e-01  4.23284088e-01
2.84596444e-01  4.17112896e-01  7.58261700e-01
8.38329427e-01  7.22895167e-01  4.47775244e-01
5.13664706e-01  4.96736482e-01  6.30329369e-01
9.65499395e-01  6.42949820e-01  5.87798354e-01
9.16994918e-01  3.81791151e-01  6.38210483e-01
6.79352290e-01  2.96642900e-01  6.79089735e-01
4.85797666e-01  3.02455274e-01  9.27287672e-01
8.33649567e-01  4.36577687e-01  8.80477615e-01
7.01121807e-01  5.06554361e-01  4.65856176e-01
5.06028738e-01  5.02467031e-01  4.19211930e-01
8.76711568e-01  3.57068930e-01  6.67273663e-01
3.34391415e-01  7.49291013e-01  3.00372236e-01
9.61280758e-01  7.28285560e-01  7.87549319e-01
7.45541949e-01  9.58504893e-01  3.02534429e-01
4.49942426e-01  5.35957764e-01  9.08850986e-01
9.63020310e-01  8.56195052e-01  7.21413508e-01
9.39662966e-01  3.65705861e-01  9.21871738e-01
6.12121916e-01  5.90158413e-01  4.41097968e-01
3.62171229e-01  5.81867832e-01  5.20468175e-01
2.84459189e-01  4.11694848e-01  3.49183976e-01
7.56635462e-01  8.84013766e-01  7.53420249e-01
8.64348530e-01  6.63135649e-01  3.92366336e-01
8.01266280e-01  4.58388281e-01  4.27205373e-01
5.32049475e-01  3.41019225e-01  6.44624252e-01
7.09631399e-01  4.49886771e-01  7.63913201e-01
5.34083038e-01  3.89934222e-01  5.74470253e-01
9.97373655e-01  3.96648592e-01  2.90850211e-01
7.86644503e-01  4.34077168e-01  5.60838301e-01
9.63471126e-01  5.73326637e-01  2.74238854e-01
7.59106876e-01  3.21104857e-01  3.20727950e-01
5.19473584e-01  8.83700734e-01  9.50126233e-01
4.37417894e-01  6.56477734e-01  2.71542312e-01
6.12093250e-01  6.72106555e-01  7.20119815e-01
6.22344492e-01  7.99876936e-01  9.25693774e-01
4.14723894e-01  6.18311500e-01  9.14000943e-01
8.22104071e-01  3.34191524e-01  2.90285766e-01
8.21479054e-01  7.03388092e-01  7.91642262e-01
4.86155443e-01  3.82188029e-01  4.39302089e-01
3.55686208e-01  4.59985832e-01  4.02945971e-01
8.89755627e-01  2.97809992e-01  3.78669729e-01
3.01206109e-01  7.15360144e-01  6.73064217e-01
9.47429556e-01  9.27248511e-01  5.40366305e-01
7.76919884e-01  9.90154263e-01  7.00560174e-01
4.46210537e-01  6.82940774e-01  7.33091754e-01
8.18205099e-01  9.10020864e-01  6.56629755e-01
7.68855686e-01  7.46464747e-01  5.80368400e-01
7.25350013e-01  4.96478916e-01  6.28288382e-01
6.71378497e-01  8.05973229e-01  5.56432782e-01
6.89488722e-01  4.85320365e-01  7.24009522e-01
7.99675282e-01  6.44434798e-01  6.82885709e-01
5.14753353e-01  5.65793084e-01  9.82907100e-01
2.61635268e-01  3.42798077e-01  7.47084460e-01
3.46834531e-01  9.20963394e-01  5.77657978e-01
8.55862435e-01  6.09222045e-01  9.18609243e-01
2.52352984e-01  7.16025262e-01  4.03403724e-01
4.93799866e-01  2.95843084e-01  7.39415141e-01
6.60936015e-01  8.58389859e-01  9.49736925e-01
7.15658744e-01  8.72526124e-01  5.63652410e-01
9.95877239e-01  6.73140456e-01  6.69851454e-01
7.81835451e-01  4.10426139e-01  6.08550063e-01
9.71666955e-01  4.52335211e-01  9.75965835e-01
4.31425051e-01  2.73626977e-01  5.67376229e-01
2.95157635e-01  7.17788671e-01  6.24941061e-01
3.77004327e-01  7.69199048e-01  9.76239668e-01
3.71046030e-01  7.91758051e-01  2.68599301e-01
9.99725497e-01  7.68166160e-01  7.47622407e-01
3.63468905e-01  6.77623505e-01  5.50903279e-01
7.26313914e-01  4.86934850e-01  2.67651335e-01
7.91629218e-01  9.31654049e-01  2.54314111e-01
3.99311466e-01  7.46269819e-01  9.92997273e-01
4.03028408e-01  5.40273031e-01  4.94168320e-01
7.02988635e-01  4.74542996e-01  2.72545500e-01
5.41029724e-01  7.40589900e-01  6.95472751e-01
3.92513679e-01  2.98110745e-01  5.72093395e-01
5.39657658e-01  3.47074456e-01  3.74739100e-01
7.70196625e-01  5.54936766e-01  7.68556023e-01
5.23583620e-01  8.46043401e-01  6.04459899e-01
5.79493706e-01  3.44657396e-01  5.51167282e-01
3.31725040e-01  3.12365571e-01  6.45615493e-01
8.01713384e-01  8.52537936e-01  7.97173732e-01
3.52684677e-01  8.67134590e-01  4.75812733e-01
3.65020975e-01  2.90400594e-01  6.39369960e-01
7.87787664e-01  6.76255625e-01  5.91285651e-01
8.63716725e-01  4.19158850e-01  8.02285987e-01
4.54386300e-01  3.46487135e-01  9.20963745e-01
9.66678034e-01  8.79564075e-01  2.70047088e-01
7.37666591e-01  9.75036845e-01  8.32834956e-01
5.15101539e-01  5.00354377e-01  4.93587011e-01
2.79971547e-01  7.18792804e-01  5.18495025e-01
4.66895868e-01  8.51156621e-01  9.77694495e-01
8.59039625e-01  3.69003236e-01  9.14226328e-01
8.53344962e-01  9.07488843e-01  5.97185203e-01
4.37108584e-01  5.76046094e-01  8.75937174e-01
9.28339235e-01  8.10015966e-01  5.53270478e-01
3.69841568e-01  3.67776312e-01  5.74472982e-01
8.34700613e-01  8.40533314e-01  3.90451095e-01
4.79951776e-01  8.65411655e-01  7.60601969e-01
9.56600776e-01  3.08442707e-01  8.99355127e-01
7.55675234e-01  5.96824831e-01  4.03814683e-01
9.53885894e-01  9.73964865e-01  6.07590980e-01
2.60373236e-01  2.89175526e-01  2.64345507e-01
5.29823636e-01  6.61979264e-01  9.52792375e-01
8.69903220e-01  5.74798907e-01  8.00050890e-01
6.65235431e-01  6.44963120e-01  4.71556888e-01
2.92943175e-01  6.04387307e-01  4.24073749e-01
3.40370367e-01  9.77926628e-01  5.88819160e-01
8.28571283e-01  5.76624966e-01  4.13393535e-01
8.90065305e-01  6.27760076e-01  8.79268872e-01
8.43307957e-01  5.45481838e-01  9.86621496e-01
6.35105989e-01  6.46136072e-01  6.59980581e-01
8.42715196e-01  8.17076865e-01  7.64022560e-01
2.83777271e-01  4.03435656e-01  3.80567821e-01
3.83378576e-01  2.84727430e-01  9.70434479e-01
5.04103943e-01  3.04879320e-01  8.44661323e-01
3.51883083e-01  4.25260170e-01  4.52981752e-01
6.50923438e-01  3.21729080e-01  3.74678475e-01
4.39834716e-01  8.41153961e-01  7.75526366e-01
8.60174309e-01  9.31652359e-01  5.62122145e-01
9.77778216e-01  7.52312433e-01  3.31566241e-01
3.81113335e-01  7.60315266e-01  7.53867069e-01
5.82610529e-01  8.92456970e-01  9.36261381e-01
9.19676688e-01  7.65828484e-01  9.29597437e-01
5.74144945e-01  8.57459970e-01  4.07804054e-01
4.57238508e-01  7.61846546e-01  3.61460775e-01
2.86403582e-01  4.21348458e-01  8.57014336e-01
9.17406035e-01  4.44442151e-01  4.47863836e-01
7.17194642e-01  4.53995434e-01  4.03962597e-01
4.42979517e-01  9.55107757e-01  2.63332943e-01
8.07487227e-01  8.37300482e-01  2.51940508e-01
5.55402826e-01  7.89486590e-01  3.63244543e-01
4.59650258e-01  7.03679424e-01  8.77105119e-01
5.29960587e-01  7.24108875e-01  3.45307809e-01
7.19641763e-01  4.27842579e-01  6.68947067e-01
3.17778181e-01  3.16836541e-01  7.60748817e-01
7.80310244e-01  2.92311359e-01  9.07640478e-01
4.89616464e-01  8.00275663e-01  7.67083846e-01
5.78571745e-01  8.09126362e-01  7.73587196e-01
6.48112554e-01  5.07879534e-01  5.06431391e-01
7.17470019e-01  7.04021479e-01  6.72316217e-01
4.02290921e-01  4.49988093e-01  8.34023065e-01
3.24617698e-01  9.35251155e-01  5.39685021e-01
8.23903398e-01  4.70326142e-01  4.96487972e-01
3.77562252e-01  2.80992689e-01  7.76480951e-01
7.47942684e-01  6.77394015e-01  8.72331273e-01
2.63364036e-01  4.17688466e-01  9.65174822e-01
5.35577954e-01  8.42828367e-01  9.64735511e-01
7.50971781e-01  8.10827015e-01  7.26152057e-01
2.73990996e-01  9.24848634e-01  5.36089170e-01
6.84530369e-01  3.33089012e-01  2.76532873e-01
6.05870349e-01  3.01213970e-01  3.26127481e-01
3.70601012e-01  9.23885669e-01  3.11979039e-01
2.76477259e-01  8.53401554e-01  4.49890127e-01
4.37970497e-01  4.18560731e-01  2.87043945e-01
2.77300457e-01  3.35145923e-01  2.75075500e-01
6.91722806e-01  9.09922601e-01  9.78594533e-01
9.81367393e-01  2.97957717e-01  5.55021257e-01
8.92861655e-01  8.91338239e-01  6.31359914e-01
5.77887911e-01  5.29510037e-01  6.02871899e-01
4.42111791e-01  3.92456063e-01  2.98236172e-01
3.67368411e-01  4.29823593e-01  4.00188569e-01
5.02718700e-01  9.73678496e-01  8.64541590e-01
4.69780724e-01  9.01685865e-01  9.25125435e-01
7.40582034e-01  9.78903566e-01  9.60676821e-01
4.92744566e-01  9.90855206e-01  7.84821269e-01
6.91694701e-01  4.50341660e-01  3.12728475e-01
3.03681620e-01  6.85371936e-01  9.86704843e-01
2.84419199e-01  3.43177458e-01  6.87375758e-01
2.79853193e-01  4.61183644e-01  2.88726969e-01
3.91917552e-01  6.93724145e-01  4.52865414e-01
5.83426116e-01  4.72444417e-01  6.49745109e-01
8.66375554e-01  9.48571570e-01  7.58877129e-01
8.34760287e-01  7.11998097e-01  8.89783630e-01
4.77249562e-01  8.10396973e-01  9.47230067e-01
9.01515582e-01  4.34309673e-01  8.55348088e-01
4.86349183e-01  2.90079087e-01  7.33942158e-01
4.92536486e-01  3.85187293e-01  9.09345827e-01
2.91754027e-01  4.45347623e-01  7.23862291e-01
4.81519247e-01  2.53044847e-01  5.55979154e-01
9.32963037e-01  9.01727735e-01  4.06728184e-01
5.64771907e-01  9.46674417e-01  6.95537918e-01
3.87812012e-01  6.42949104e-01  7.51010377e-01
4.76258390e-01  9.15171494e-01  2.58177162e-01
3.59159231e-01  8.98172410e-01  4.73126722e-01
9.24498749e-01  9.50827439e-01  3.22433103e-01
5.91686697e-01  3.18604181e-01  7.68871470e-01
7.69941243e-01  6.74022580e-01  3.12970252e-01
5.93214259e-01  8.80243993e-01  5.00315242e-01
6.46334563e-01  4.70746333e-01  5.81093089e-01
8.38568586e-01  5.58237766e-01  6.27123235e-01
8.94911978e-01  7.96583243e-01  9.28923073e-01
5.52320094e-01  5.37756222e-01  7.90507134e-01
7.15682269e-01  3.64568967e-01  8.16223344e-01
6.58477235e-01  2.63050481e-01  6.92699845e-01
6.50584089e-01  5.95667196e-01  3.10105501e-01
8.32192848e-01  3.44118837e-01  6.63592723e-01
8.38503523e-01  5.17861196e-01  9.26366969e-01
5.12597262e-01  9.59306175e-01  8.07827425e-01
6.23036097e-01  3.39287086e-01  4.05558303e-01
9.86061273e-01  7.97495694e-01  7.76077906e-01
8.05159797e-01  5.01575767e-01  9.98743647e-01
7.41411599e-01  4.83425601e-01  8.82143342e-01
4.51242067e-01  3.75371653e-01  6.11053332e-01
5.48511384e-01  7.42776366e-01  7.60148878e-01
4.75443842e-01  4.87946391e-01  9.29094871e-01
3.75753754e-01  8.12963867e-01  8.57049377e-01
6.73704890e-01  7.82360966e-01  7.89265230e-01
9.33205624e-01  5.27106483e-01  7.58668294e-01
6.10257210e-01  5.77486084e-01  6.43731232e-01
2.66657591e-01  8.70810284e-01  9.91286052e-01
8.67060644e-01  9.20800891e-01  6.15576301e-01
7.58792877e-01  5.91977872e-01  5.55601982e-01
4.13071209e-01  5.83393172e-01  4.80623447e-01
6.54842300e-01  3.12482779e-01  6.79142589e-01
7.15204810e-01  3.79388901e-01  9.01098481e-01
3.14409388e-01  9.92691881e-01  4.34223175e-01
3.89244601e-01  7.55062590e-01  5.22360164e-01
9.94571774e-01  2.82291338e-01  6.52687458e-01
5.04850903e-01  3.48236092e-01  6.75556433e-01
6.06440728e-01  5.06814610e-01  4.09768288e-01
8.54400491e-01  7.72491801e-01  9.78217301e-01
9.56688100e-01  4.24000379e-01  7.90663797e-01
3.61676944e-01  3.05270071e-01  4.08703879e-01
3.95785334e-01  9.48589929e-01  7.60037435e-01
6.68341477e-01  3.95101316e-01  7.80230686e-01
5.01147787e-01  9.89824167e-01  6.34802641e-01
3.16770245e-01  7.99881687e-01  4.21006097e-01
8.78820927e-01  4.92762348e-01  8.96262796e-01
7.40859093e-01  8.72857333e-01  5.93015401e-01
7.31481445e-01  6.73452315e-01  3.50405532e-01
8.55555709e-01  2.81368980e-01  5.63411856e-01
6.63489609e-01  4.54706078e-01  7.67854007e-01
9.14779606e-01  5.54327948e-01  3.37459308e-01
8.75588255e-01  3.46441437e-01  6.71899291e-01
2.94798156e-01  4.74862062e-01  7.02136514e-01
8.03131968e-01  2.94930206e-01  3.24664002e-01
2.63330792e-01  7.58452837e-01  3.85179772e-01
5.83614881e-01  4.74841057e-01  9.54860788e-01
5.47693940e-01  2.53265728e-01  6.05291203e-01
3.27967952e-01  3.16913931e-01  4.16965672e-01
8.24297031e-01  8.35604459e-01  4.45539314e-01
5.57318631e-01  8.35295757e-01  8.85587678e-01
4.63029802e-01  2.90009180e-01  7.22680996e-01
6.53020512e-01  2.64343747e-01  6.53784336e-01
8.96385389e-01  8.45657408e-01  7.45080602e-01
9.52203673e-01  4.66131385e-01  4.32523037e-01
4.91901739e-01  5.29760876e-01  3.43809177e-01
5.98217793e-01  3.95584599e-01  4.88879343e-01
3.46577202e-01  8.02481919e-01  8.59729985e-01
7.08066236e-01  9.02983206e-01  5.81974143e-01
4.58867124e-01  7.09371163e-01  5.06188576e-01
5.15183054e-01  9.30780008e-01  4.10000571e-01
8.25621991e-01  4.36785306e-01  3.26610685e-01
7.44940691e-01  4.60025313e-01  7.82478116e-01
7.97395196e-01  6.82827195e-01  3.42269239e-01
8.17632735e-01  5.81502063e-01  7.37826903e-01
4.30530727e-01  7.19864183e-01  4.03175695e-01
3.36380448e-01  3.81057146e-01  3.49115362e-01
4.77300570e-01  8.85568656e-01  4.11784679e-01
3.73584191e-01  4.85975276e-01  3.90613102e-01
6.19096019e-01  3.66595136e-01  9.80291851e-01
7.75705299e-01  6.02585229e-01  7.16087046e-01
7.75583425e-01  8.93652389e-01  8.53159323e-01
6.44615605e-01  5.16011443e-01  5.90707970e-01
8.13751869e-01  8.13604133e-01  3.04114232e-01
9.91016287e-01  6.62543485e-01  2.70337251e-01
7.60703858e-01  8.70274892e-01  6.73170447e-01
7.27382367e-01  4.81519059e-01  5.28806905e-01
3.46792347e-01  9.77229547e-01  5.07313253e-01
5.85048276e-01  9.51595375e-01  6.38986175e-01
5.56461176e-01  2.65415002e-01  3.92181529e-01
7.64545722e-01  6.86525724e-01  2.59265597e-01
6.27242480e-01  2.67196776e-01  6.72879170e-01
4.51379513e-01  5.38690496e-01  2.92964789e-01
3.39321316e-01  8.01527009e-01  4.82189853e-01
7.44961975e-01  7.09592832e-01  6.17141977e-01
8.93743255e-01  2.75577207e-01  4.59813234e-01
6.10046677e-01  2.54935429e-01  8.06996624e-01
5.47928079e-01  9.98445892e-01  3.33704371e-01
3.42233556e-01  3.79368595e-01  6.67326533e-01
2.76730885e-01  2.91263930e-01  9.29046749e-01
5.42443419e-01  9.73486074e-01  4.04125082e-01
2.71229536e-01  8.17240683e-01  3.27515789e-01
7.19534959e-01  8.77211954e-01  7.04693197e-01
7.10353922e-01  4.01860964e-01  5.06776904e-01
6.24636061e-01  7.74651132e-01  7.29245983e-01
8.95434155e-01  3.02899152e-01  7.90168962e-01
9.15729446e-01  6.62495498e-01  5.06504939e-01
6.81332750e-01  7.13243891e-01  8.89718649e-01
2.57955442e-01  4.23268744e-01  9.81103949e-01
3.60216753e-01  5.89440792e-01  7.00976223e-01
5.87921785e-01  9.66568807e-01  6.37620172e-01
9.12875741e-01  9.86624363e-01  5.90474615e-01
7.19990265e-01  5.55757846e-01  8.48452108e-01
3.72542440e-01  4.21243093e-01  9.32396828e-01
8.65536294e-01  7.19943239e-01  8.36591222e-01
8.87270150e-01  3.96192087e-01  2.86203574e-01
5.82688903e-01  8.93146883e-01  7.20285911e-01
2.63709631e-01  3.60945912e-01  3.02639948e-01
7.58555915e-01  4.77723397e-01  3.37846257e-01
5.82867158e-01  8.96749133e-01  4.63140417e-01
2.91331668e-01  9.64591615e-01  8.42428880e-01
5.49129222e-01  9.90425720e-01  7.62324686e-01
2.98338709e-01  9.72314544e-01  5.80402263e-01
4.69204670e-01  6.54614442e-01  3.32850452e-01
7.88202513e-01  3.11802857e-01  9.85797115e-01
6.52976972e-01  6.80762272e-01  6.15532834e-01
3.77420616e-01  4.77636365e-01  6.44040272e-01
2.73201662e-01  5.37015729e-01  2.82528122e-01
7.21705187e-01  6.62928371e-01  5.58752360e-01
7.60272152e-01  6.69743571e-01  2.96107345e-01
8.49322416e-01  3.44165951e-01  7.05279650e-01
3.55839199e-01  9.95975267e-01  9.98495200e-01
6.57708581e-01  7.02076372e-01  9.02001545e-01
6.98139293e-01  4.04851477e-01  5.73857355e-01
3.22727217e-01  6.33232853e-01  6.48353602e-01
4.71383251e-01  8.92417951e-01  5.75324157e-01
6.19389414e-01  8.10285541e-01  8.28451914e-01
2.58483693e-01  8.66501431e-01  5.05188476e-01
5.58665661e-01  3.92000409e-01  9.97077206e-01
5.48840205e-01  8.16307321e-01  6.94598995e-01
3.05340027e-01  6.02957037e-01  9.82165405e-01
7.91575669e-01  8.41549209e-01  5.52771877e-01
5.41764035e-01  4.93872019e-01  5.50754260e-01
7.47690539e-01  5.54783492e-01  5.05793505e-01
9.88747796e-01  6.02202985e-01  3.34650994e-01
7.79461750e-01  5.88029261e-01  7.81885356e-01
9.89903763e-01  4.16888991e-01  8.06097824e-01
9.85010671e-01  6.42958544e-01  9.79997141e-01
8.32288740e-01  5.98730341e-01  7.11992025e-01
9.97724850e-01  3.64589731e-01  9.22321484e-01
2.60131697e-01  3.01507657e-01  9.73279802e-01
7.94641398e-01  4.05390102e-01  4.17897947e-01
3.30746317e-01  8.13609574e-01  9.46277318e-01
7.50660930e-01  8.03012632e-01  9.78864970e-01
6.89527943e-01  8.91814577e-01  7.40540876e-01
9.55066834e-01  2.60612382e-01  8.95571155e-01
5.18110688e-01  7.28064221e-01  2.73349840e-01
9.77706535e-01  9.19100044e-01  9.96573949e-01
3.00893784e-01  5.28342675e-01  3.30169161e-01
8.54239610e-01  2.56694213e-01  3.56171327e-01
9.83792632e-01  4.79145926e-01  4.86680498e-01
9.38061745e-01  6.10008130e-01  3.76762801e-01
6.02145445e-01  2.88566176e-01  8.93392770e-01
7.42398863e-01  4.70044724e-01  6.57458554e-01
4.52904746e-01  9.11194432e-01  2.85941659e-01
2.81650905e-01  9.16138772e-01  6.87923740e-01
3.08597738e-01  9.46644362e-01  4.33536664e-01
3.47061615e-01  4.14609174e-01  4.68548781e-01
6.04789543e-01  9.04768153e-01  2.87094596e-01
6.68653770e-01  9.71625499e-01  8.10823470e-01
4.57758034e-01  7.83095279e-01  6.76993139e-01
6.31926491e-01  7.97155105e-01  6.19729827e-01
5.01166774e-01  2.69130469e-01  4.97162349e-01
5.68371173e-01  4.46557448e-01  8.79151460e-01
6.68288165e-01  9.63921721e-01  4.97905675e-01
9.55706837e-01  9.39818739e-01  8.69734301e-01
6.12311462e-01  9.03465675e-01  9.55715670e-01
4.39327848e-01  3.05010739e-01  8.05028098e-01
4.89893021e-01  7.88589458e-01  7.67280288e-01
5.47207371e-01  8.67516143e-01  6.14870953e-01
9.53898948e-01  5.57670440e-01  3.54704853e-01
4.28957598e-01  9.52980326e-01  7.41515592e-01
4.07579547e-01  9.77190006e-01  2.99916419e-01
7.94273976e-01  5.21312978e-01  7.85794789e-01
6.66941518e-01  7.62680222e-01  3.39453783e-01
4.79230171e-01  2.87724595e-01  9.89711430e-01
7.57078474e-01  6.80678274e-01  6.97892803e-01
4.95821378e-01  7.59757420e-01  3.13468014e-01
3.05670427e-01  7.54740631e-01  5.09262667e-01
5.37187608e-01  3.40563624e-01  4.56994098e-01
8.98050151e-01  3.82940331e-01  9.53727764e-01
8.85823642e-01  9.03943164e-01  4.70915785e-01
3.18322263e-01  2.89321976e-01  2.71888726e-01
6.94697434e-01  5.43770636e-01  6.67849047e-01
4.50980257e-01  7.79150159e-01  6.24389372e-01
5.92376145e-01  9.72104491e-01  5.00195774e-01
7.07641447e-01  7.58366863e-01  7.64035289e-01
9.45068140e-01  7.47176396e-01  6.20171230e-01
8.56371595e-01  3.37590708e-01  8.00268849e-01
6.78054878e-01  7.15657836e-01  8.23283441e-01
8.65257846e-01  9.22433582e-01  3.76616467e-01
5.68363902e-01  3.70763931e-01  8.92187294e-01
6.39410968e-01  5.67361572e-01  6.96509879e-01
8.23591646e-01  5.22943866e-01  7.66590042e-01
3.62332362e-01  2.56162809e-01  6.08152912e-01
8.09413070e-01  8.77709803e-01  5.26086283e-01
7.84384494e-01  3.34550586e-01  9.33853404e-01
6.45133324e-01  2.71687978e-01  8.90980266e-01
6.82709109e-01  5.23455524e-01  8.83024649e-01
3.43187065e-01  8.27717945e-01  9.00881853e-01
5.57600578e-01  7.68115478e-01  5.02588798e-01
5.94114314e-01  6.28813168e-01  9.06334863e-01
8.41509966e-01  5.07626359e-01  5.40893126e-01
6.83812253e-01  5.97417024e-01  3.80499065e-01
7.36577381e-01  3.19513273e-01  5.06964270e-01
5.60407206e-01  4.76635940e-01  4.15761696e-01
3.05778658e-01  4.81964014e-01  6.88326332e-01
6.97911354e-01  7.45120092e-01  7.93571637e-01
3.81324986e-01  4.98759184e-01  6.12599350e-01
9.31336614e-01  6.62520540e-01  4.23927885e-01
8.88948728e-01  5.19242511e-01  3.98024103e-01
6.58731707e-01  4.39891253e-01  9.86286080e-01
8.40988600e-01  9.60765241e-01  9.24149332e-01
2.97987459e-01  3.34406007e-01  5.25686229e-01
5.97221649e-01  5.49502396e-01  6.95629834e-01
9.48832582e-01  3.11656963e-01  5.26512395e-01
4.04851441e-01  4.22952175e-01  6.02427092e-01
8.60193562e-01  7.47947403e-01  4.05991684e-01
3.42044630e-01  7.64129409e-01  2.66689344e-01
6.82851489e-01  6.32075515e-01  3.75212403e-01
4.47689838e-01  6.05875691e-01  2.67825128e-01
8.32293577e-01  8.80988386e-01  4.57804876e-01
2.90325555e-01  3.02660405e-01  4.49588605e-01
6.90298522e-01  7.25567580e-01  7.54736374e-01
8.69374845e-01  3.13285601e-01  4.11412473e-01
9.01419198e-01  3.69096838e-01  9.42445028e-01
3.01075257e-01  3.92568028e-01  5.34874508e-01
2.70471104e-01  8.32968099e-01  2.71210387e-01
6.05758221e-01  5.94345766e-01  6.35093522e-01
6.39549316e-01  4.63582919e-01  4.78597144e-01
8.65983855e-01  3.39536616e-01  7.25975735e-01
8.44958454e-01  5.51841893e-01  9.74809135e-01
4.50588990e-01  4.57324315e-01  3.55836471e-01
8.84068879e-01  6.86975948e-01  2.99305881e-01
3.90987648e-01  8.11703738e-01  4.94919229e-01
2.77583523e-01  8.88203972e-01  3.64755528e-01
3.21305143e-01  2.83940441e-01  6.08576813e-01
6.84517322e-01  8.21335052e-01  7.42531647e-01
3.57953543e-01  8.51110839e-01  9.34486542e-01
6.44228063e-01  6.35047888e-01  5.13901146e-01
4.97887304e-01  4.91613945e-01  4.02443868e-01
2.91678812e-01  4.58478349e-01  8.52282222e-01
3.04422245e-01  9.29950080e-01  5.08585369e-01
8.72890289e-01  6.41456189e-01  6.80470875e-01
2.87425142e-01  5.39305773e-01  9.14954183e-01
8.40386473e-01  8.52064200e-01  9.45659368e-01
5.28456677e-01  3.46975713e-01  9.36253978e-01
3.28193922e-01  6.12975932e-01  9.57138165e-01
9.38797830e-01  6.79174856e-01  7.15276441e-01
8.34260587e-01  7.73799849e-01  4.53489892e-01
5.91242607e-01  7.37840992e-01  8.32122188e-01
3.03224015e-01  3.82260574e-01  4.62657770e-01
5.66629996e-01  3.69646823e-01  4.15408222e-01
6.47733906e-01  4.93514675e-01  9.52462340e-01
3.51971442e-01  3.10526442e-01  5.75861883e-01
5.59106521e-01  2.77830343e-01  8.24195850e-01
9.81672203e-01  4.75092389e-01  3.22521543e-01
9.01657792e-01  3.42839223e-01  3.26581556e-01
4.50660155e-01  3.39596671e-01  8.84885011e-01
8.64219597e-01  8.32208631e-01  7.80722592e-01
3.54353692e-01  4.07343290e-01  3.73447883e-01
5.76270025e-01  4.11299052e-01  2.51466125e-01
9.63767914e-01  4.29815313e-01  7.55652162e-01
8.10888241e-01  7.11220938e-01  7.16807837e-01
6.10817106e-01  8.18290023e-01  6.03574644e-01
5.46350568e-01  9.93427581e-01  4.82013126e-01
7.73272852e-01  7.01058949e-01  3.23011895e-01
9.73723412e-01  9.78901219e-01  2.91194994e-01
3.24515337e-01  6.77821068e-01  9.86500759e-01
6.32511269e-01  8.39763931e-01  2.91658815e-01
6.26851092e-01  5.59643726e-01  8.06461710e-01
9.06829177e-01  5.23186119e-01  9.28964957e-01
4.25921423e-01  6.70129464e-01  9.83547061e-01
4.95450935e-01  4.77951181e-01  4.89191719e-01
4.44570791e-01  8.65219308e-01  5.39242577e-01
9.71581721e-01  8.52629159e-01  9.60235563e-01
6.55226293e-01  3.49425289e-01  5.18100289e-01
9.27134562e-01  7.70962821e-01  6.99572269e-01
9.23539247e-01  3.14559014e-01  9.36744794e-01
3.13044823e-01  4.88782782e-01  7.00769600e-01
8.44291769e-01  8.06603198e-01  9.63663454e-01
4.36282483e-01  7.08290487e-01  7.98435998e-01
6.36506732e-01  4.07559129e-01  9.59753417e-01
6.50338904e-01  3.35297130e-01  8.35567181e-01
8.29649750e-01  5.99076484e-01  3.27125253e-01
7.72711948e-01  7.36470657e-01  6.43424388e-01
5.81135416e-01  6.64180878e-01  9.72234264e-01
2.64869779e-01  9.78191019e-01  7.23301921e-01
6.38425290e-01  3.62923072e-01  9.74878414e-01
8.47660853e-01  3.95415549e-01  4.76907772e-01
8.87355382e-01  7.91827135e-01  8.69091683e-01
7.42638874e-01  9.31801954e-01  6.79598207e-01
3.81880244e-01  5.79531960e-01  4.39272367e-01
3.46593695e-01  5.27204284e-01  9.61814356e-01
8.58654395e-01  4.80316816e-01  4.24873382e-01
3.43081008e-01  7.21721172e-01  4.58227288e-01
7.98550534e-01  8.38437350e-01  8.43307138e-01
8.49972183e-01  9.22381698e-01  9.39670936e-01
3.28467320e-01  5.97957970e-01  7.62646213e-01
9.80433429e-01  2.87497169e-01  9.98590774e-01
7.63663642e-01  7.33865042e-01  8.86121253e-01
6.34058735e-01  4.91045469e-01  2.87687574e-01
8.14339076e-01  5.20558227e-01  8.63180954e-01
3.11837319e-01  9.84696629e-01  2.62389277e-01
9.94044995e-01  7.13564292e-01  7.07795752e-01
7.52625538e-01  4.96123798e-01  7.79918753e-01
7.83404236e-01  7.93429601e-01  3.48763155e-01
6.82924440e-01  9.09685329e-01  4.37293478e-01
5.02257457e-01  3.49207787e-01  8.26192708e-01
8.89772621e-01  3.99915581e-01  2.83808426e-01
4.84264474e-01  9.73546010e-01  6.88245101e-01
7.77288165e-01  9.93809428e-01  4.29207909e-01
3.25595003e-01  7.21007728e-01  2.52223706e-01
6.34795846e-01  5.42361389e-01  6.03041051e-01
2.54957965e-01  9.79458706e-01  5.61686335e-01
4.94723184e-01  9.70430838e-01  7.71435390e-01
7.48616404e-01  6.54589988e-01  5.50734617e-01
3.57552408e-01  2.93285284e-01  2.66228055e-01
5.50029873e-01  7.98175820e-01  2.85360273e-01
8.50683945e-01  9.73140449e-01  3.18899503e-01
6.20231773e-01  7.72147332e-01  7.60211786e-01
4.75544260e-01  6.12889674e-01  4.61565476e-01
5.76774804e-01  2.56062389e-01  8.31237521e-01
3.71174998e-01  7.41052288e-01  6.29526483e-01
9.50142642e-01  7.64876593e-01  4.13028129e-01
4.63284410e-01  3.70939820e-01  4.72727751e-01
3.96323124e-01  8.00397175e-01  8.08554032e-01
3.48229923e-01  7.10174050e-01  8.60203473e-01
5.64724695e-01  2.87782550e-01  5.67731074e-01
9.42698445e-01  6.22021644e-01  9.63832466e-01
7.83515277e-01  5.83118384e-01  9.65197432e-01
5.05795220e-01  4.78295752e-01  4.01932104e-01
7.87367007e-01  7.65380594e-01  8.14414401e-01
5.66672421e-01  5.85221782e-01  4.67589805e-01
5.04272835e-01  6.24742332e-01  5.89606840e-01
5.82659148e-01  5.44035215e-01  5.64029973e-01
2.86339447e-01  7.11066717e-01  3.34230372e-01
3.97688603e-01  8.29417702e-01  8.21609801e-01
3.46866464e-01  9.31152196e-01  6.98572328e-01
9.87784159e-01  8.71174682e-01  2.85352257e-01
4.45690649e-01  6.08325631e-01  8.38613987e-01
8.70313499e-01  3.43330709e-01  5.29874718e-01
4.25466697e-01  2.90801011e-01  3.84165559e-01
3.61273746e-01  5.28024909e-01  5.08898384e-01
9.38816347e-01  8.02314493e-01  4.47236506e-01
5.62328714e-01  6.47663047e-01  8.72432277e-01
8.38656451e-01  2.73992244e-01  8.70071656e-01
2.80659472e-01  7.97382889e-01  2.77620610e-01
6.19112765e-01  9.73033657e-01  8.98016098e-01
2.62482877e-01  4.24484715e-01  7.40798591e-01
7.20706079e-01  7.72376421e-01  4.07083861e-01
6.82978175e-01  2.77220001e-01  3.04866048e-01
5.46151894e-01  8.69834170e-01  6.86948106e-01
8.87572574e-01  6.25687649e-01  3.44971253e-01
7.86387494e-01  7.98798343e-01  9.70269916e-01
2.50153352e-01  3.79597492e-01  2.92672813e-01
3.87350601e-01  3.27849561e-01  9.99542590e-01
6.23953102e-01  6.33198336e-01  4.43095306e-01
4.13521530e-01  8.66527296e-01  4.58062675e-01
4.86515842e-01  5.10767905e-01  6.61158227e-01
4.21614326e-01  3.89104273e-01  7.75529709e-01
4.77770697e-01  8.73766758e-01  9.26195049e-01
5.52014017e-01  8.53975814e-01  9.26231454e-01
8.47587118e-01  7.68204213e-01  5.19449383e-01
7.81643346e-01  3.28269023e-01  3.84701748e-01
4.30504646e-01  9.36644121e-01  5.26704016e-01
9.61559159e-01  8.61141151e-01  5.09825085e-01
9.07312701e-01  7.82910765e-01  5.10914171e-01
4.83012049e-01  4.55139831e-01  3.32828999e-01
6.07577801e-01  5.80484047e-01  3.53740650e-01
5.36393006e-01  3.28609360e-01  4.59387794e-01
8.93285863e-01  4.37017847e-01  3.26874763e-01
3.82700229e-01  8.48604491e-01  8.89357548e-01
8.52125050e-01  7.85559446e-01  7.71574347e-01
4.11957251e-01  5.18116155e-01  3.36139955e-01
5.63627100e-01  4.50651459e-01  5.61989290e-01
7.49572330e-01  9.22298653e-01  5.19178095e-01
5.72078555e-01  3.58168305e-01  6.70927619e-01
7.87784993e-01  9.33423360e-01  7.91830738e-01
8.02821519e-01  8.33289560e-01  8.76540039e-01
8.61543090e-01  9.69542360e-01  5.61532495e-01
9.45228916e-01  5.48382181e-01  6.14933781e-01
4.14195995e-01  8.76563589e-01  9.90601996e-01
9.99529869e-01  8.90196866e-01  2.57782381e-01
4.10485549e-01  5.38295191e-01  3.32287605e-01
9.27063629e-01  2.55063293e-01  4.73237872e-01
2.94100690e-01  5.89541307e-01  3.13554534e-01
6.12205388e-01  6.53358255e-01  4.44918007e-01
2.92419136e-01  4.83035895e-01  8.29498510e-01
8.88585862e-01  6.24958282e-01  3.74670368e-01
6.26661862e-01  9.75932849e-01  6.19294040e-01
9.15880932e-01  9.51639027e-01  9.35011877e-01
9.38838625e-01  5.60312202e-01  5.31629070e-01
4.87267653e-01  8.03892897e-01  5.84433625e-01
3.05331731e-01  9.99366314e-01  8.14948757e-01
2.58366520e-01  3.93513507e-01  4.10943498e-01
5.38586820e-01  5.92576176e-01  7.12040362e-01
2.71711636e-01  6.26508450e-01  4.81087577e-01
3.14632005e-01  6.96520115e-01  5.01325585e-01
2.83405354e-01  7.44116625e-01  4.64922022e-01
5.78680686e-01  6.93177082e-01  9.11347397e-01
2.85343150e-01  5.38706985e-01  3.86579263e-01
7.05625972e-01  3.20585981e-01  5.11203578e-01
5.74647512e-01  2.55586897e-01  7.76020854e-01
9.68270641e-01  6.21203820e-01  6.95175542e-01
7.82177584e-01  7.46321908e-01  7.86244830e-01
3.14746412e-01  5.94724120e-01  6.09661187e-01
5.97635168e-01  4.96989083e-01  6.26337778e-01
2.75118291e-01  6.53488381e-01  8.75955940e-01
6.67519151e-01  6.52517075e-01  7.19052169e-01
6.70904915e-01  4.27995690e-01  8.37617141e-01
4.37741066e-01  7.57647414e-01  2.94952730e-01
7.99842948e-01  6.16395082e-01  6.55924482e-01
4.87375665e-01  2.51141022e-01  7.36306188e-01
6.29191928e-01  2.88528000e-01  9.43057909e-01
4.59953074e-01  6.59407432e-01  7.27786390e-01
3.05334358e-01  2.73550613e-01  9.88991752e-01
3.69370892e-01  8.30846297e-01  9.55056284e-01
7.40063192e-01  7.10632290e-01  8.25042762e-01
3.89996003e-01  3.23320682e-01  3.50293976e-01
5.33990819e-01  4.43121687e-01  8.85072691e-01
6.86039296e-01  8.13196292e-01  7.05175495e-01
3.32028819e-01  9.56267892e-01  9.15007227e-01
6.19998141e-01  2.64618250e-01  6.86332444e-01
3.50795728e-01  8.32783220e-01  9.98232780e-01
7.34122110e-01  8.05911046e-01  4.52674855e-01
3.18940044e-01  3.45047574e-01  6.02869135e-01
6.32840833e-01  6.64778003e-01  6.50291814e-01
3.61540736e-01  9.31326277e-01  4.28490584e-01
4.94462160e-01  6.71133471e-01  4.80188706e-01
6.31492337e-01  5.92114898e-01  4.76084331e-01
4.36987235e-01  9.16359087e-01  6.45642311e-01
9.62039593e-01  9.31201889e-01  6.85012388e-01
5.73097022e-01  7.38681823e-01  3.11494900e-01
4.21954586e-01  5.34141651e-01  8.55099948e-01
4.70367561e-01  6.97371807e-01  4.14750934e-01
8.41431348e-01  4.17447294e-01  5.03680922e-01
9.62813396e-01  4.20299735e-01  8.22127538e-01
4.11883645e-01  4.53845810e-01  4.57317211e-01
5.42943818e-01  4.54612329e-01  3.05643710e-01
6.30214520e-01  9.76269081e-01  5.93172015e-01
6.85846181e-01  7.42873424e-01  4.64356683e-01
8.67179773e-01  4.45175256e-01  3.36628975e-01
8.64328957e-01  8.05041340e-01  9.32908036e-01
6.14019499e-01  3.82918835e-01  9.21949163e-01
5.11338036e-01  8.44107830e-01  5.72440984e-01
6.55517120e-01  6.09553760e-01  4.02486399e-01
2.91703722e-01  7.56356285e-01  3.23277344e-01
6.48491080e-01  3.64489921e-01  5.18620741e-01
6.61985894e-01  2.99340058e-01  7.30943835e-01
5.90838947e-01  8.55069004e-01  5.82411701e-01
8.57508917e-01  8.28496945e-01  7.36458353e-01
5.27399869e-01  2.87558551e-01  5.03695925e-01
5.79259019e-01  7.47624713e-01  9.68269293e-01
4.50220454e-01  3.38687537e-01  3.71326946e-01
4.35618474e-01  5.82855867e-01  6.86819599e-01
3.07211063e-01  6.58938678e-01  4.51410310e-01
9.82371858e-01  9.71967105e-01  4.14286994e-01
3.80933937e-01  9.41227857e-01  7.67728196e-01
3.41770867e-01  9.15907395e-01  5.00581360e-01
9.59508415e-01  3.24967407e-01  8.04802081e-01
7.24929461e-01  9.14269954e-01  6.38522673e-01
5.21417755e-01  8.87891535e-01  9.95442004e-01
5.90680129e-01  7.46285049e-01  7.77928547e-01
3.45177248e-01  3.60449198e-01  4.03288480e-01
4.02825480e-01  5.96087029e-01  2.89404344e-01
2.66991691e-01  6.67481785e-01  9.83467726e-01
3.04908896e-01  5.20129443e-01  4.93701340e-01
5.67623122e-01  2.56205486e-01  8.64223620e-01
8.56450136e-01  4.89222231e-01  2.67741971e-01
2.79522242e-01  7.64510345e-01  7.24715102e-01
3.44085108e-01  7.05875474e-01  9.94440923e-01
3.49307885e-01  4.67452284e-01  3.83501433e-01
7.49466557e-01  8.20769689e-01  3.51435282e-01
5.01535964e-01  8.29134868e-01  7.62477922e-01
6.78572135e-01  4.32002996e-01  9.55957033e-01
3.11592192e-01  6.10128489e-01  6.55708496e-01
9.27130909e-01  6.31766396e-01  5.45869252e-01
6.14381634e-01  4.04695856e-01  5.41200090e-01
2.50420925e-01  7.08206793e-01  4.12230260e-01
8.38493870e-01  8.30162057e-01  4.23649545e-01
9.75434614e-01  5.96615844e-01  9.84046313e-01
9.65591465e-01  4.40110102e-01  9.44902756e-01
8.92184797e-01  6.02157831e-01  4.25867218e-01
5.25333182e-01  9.65987474e-01  3.66969916e-01
3.95861657e-01  6.30110521e-01  5.37149749e-01
7.27172279e-01  3.78289321e-01  8.78353603e-01
8.91564863e-01  5.30968576e-01  9.60942268e-01
2.52958826e-01  9.41184468e-01  4.94293072e-01
3.76872822e-01  5.36810837e-01  7.43339690e-01
4.68495473e-01  9.18212979e-01  8.69616665e-01
5.89844940e-01  9.03714334e-01  5.02659138e-01
5.34213328e-01  2.74527552e-01  4.85390863e-01
7.59882382e-01  3.77976951e-01  9.66437079e-01
4.07241286e-01  9.96242649e-01  4.44780875e-01
8.69990949e-01  4.43575213e-01  8.11249143e-01
4.56811364e-01  6.78548377e-01  2.99322500e-01
3.54265260e-01  5.47437836e-01  7.82585429e-01
6.80576166e-01  5.87452579e-01  2.58717640e-01
9.74207549e-01  3.31011444e-01  7.24651588e-01
9.28328410e-01  4.12102562e-01  6.91398616e-01
2.69389258e-01  4.11766373e-01  4.64161545e-01
6.91189555e-01  9.74515945e-01  3.51257233e-01
3.99980379e-01  4.65675155e-01  8.92515923e-01
4.85333576e-01  4.72676647e-01  6.11704854e-01
6.62936738e-01  6.11210691e-01  3.69429617e-01
4.45036576e-01  3.83934028e-01  5.02523322e-01
3.35673646e-01  5.15463254e-01  6.83370200e-01
4.18586406e-01  7.96962938e-01  3.67739499e-01
4.07384757e-01  7.21506622e-01  3.42199550e-01
4.31695178e-01  4.03781963e-01  5.45630753e-01
2.55353626e-01  8.51506231e-01  5.44141582e-01
9.13781578e-01  8.30694267e-01  4.41620842e-01
5.82646572e-01  8.96584821e-01  6.75052342e-01
7.56084627e-01  7.63831429e-01  5.00417420e-01
7.53626437e-01  3.33215436e-01  4.38219308e-01
5.55724212e-01  2.60632431e-01  7.95638356e-01
8.71962562e-01  9.71879657e-01  4.81966169e-01
7.55761528e-01  5.25256897e-01  6.20505474e-01
5.25544016e-01  9.07042118e-01  4.65106131e-01
2.79335483e-01  5.59022140e-01  7.11000421e-01
6.88417038e-01  9.22871787e-01  3.99182038e-01
4.74177649e-01  9.50722885e-01  5.54294154e-01
3.09475219e-01  2.61273574e-01  8.80888841e-01
3.08347771e-01  5.33405934e-01  8.86591135e-01
9.94888745e-01  8.78156163e-01  4.99899193e-01
2.62559686e-01  9.83871215e-01  8.29127827e-01
3.99910860e-01  3.22759702e-01  2.68178056e-01
6.10240331e-01  8.53314745e-01  7.13473654e-01
5.31546656e-01  9.36854959e-01  3.38247506e-01
3.28650416e-01  8.07434458e-01  3.72236594e-01
7.04034326e-01  5.76797106e-01  7.51888545e-01
9.01466652e-01  4.89540224e-01  6.83907396e-01
4.71880516e-01  5.75979817e-01  8.75898057e-01
7.30174450e-01  2.63764530e-01  5.26160963e-01
4.99455616e-01  5.75459263e-01  3.48669305e-01
6.37963222e-01  3.22421457e-01  9.06350956e-01
6.64567307e-01  8.55780138e-01  8.88617494e-01
5.30265317e-01  3.55899058e-01  3.15975539e-01
7.07160065e-01  6.29803759e-01  8.60840706e-01
7.30134628e-01  9.99718264e-01  5.78036011e-01
3.64796369e-01  5.37070617e-01  3.68835670e-01
3.84829602e-01  7.23083164e-01  9.81340482e-01
8.59768604e-01  5.26677643e-01  4.31204265e-01
8.50613892e-01  9.24101202e-01  6.82912442e-01
3.54725849e-01  8.90805285e-01  8.58971508e-01
3.85828083e-01  4.39646655e-01  7.38211145e-01
8.09425101e-01  3.74702982e-01  6.59281357e-01
7.00425360e-01  6.71126909e-01  2.75346823e-01
3.02077547e-01  9.35747073e-01  6.18471487e-01
8.42404379e-01  8.75854705e-01  2.89591999e-01
5.46496945e-01  4.84635116e-01  5.47409804e-01
9.19844651e-01  9.50127848e-01  8.73230918e-01
9.39683041e-01  2.87001459e-01  5.54385228e-01
9.92978410e-01  9.52704620e-01  6.40657878e-01
7.80019444e-01  3.67177309e-01  7.41488073e-01
9.42492148e-01  7.07794434e-01  7.53098856e-01
7.13042835e-01  9.52681142e-01  8.58716389e-01
8.49150285e-01  8.38919247e-01  6.49634981e-01
9.49084773e-01  7.53752033e-01  9.95329140e-01
7.54385232e-01  7.97388775e-01  4.94045716e-01
4.44305802e-01  9.12266495e-01  7.58208920e-01
4.63284169e-01  6.67473181e-01  6.89077741e-01
6.02688354e-01  2.86608807e-01  3.52890615e-01
5.58591676e-01  6.85443832e-01  8.56638858e-01
7.60198137e-01  2.55244293e-01  6.94452215e-01
6.14340923e-01  5.62367672e-01  2.60239997e-01
7.39123204e-01  8.52852778e-01  6.22661166e-01
4.99090724e-01  2.80297961e-01  4.16636616e-01
7.51562868e-01  2.81320811e-01  6.41829405e-01
2.63014687e-01  4.78040520e-01  6.73620788e-01
3.66417316e-01  6.62611834e-01  3.59025820e-01
7.70921847e-01  2.87638376e-01  4.53907058e-01
3.07224827e-01  3.22804053e-01  9.25055156e-01
4.53547366e-01  3.30920615e-01  3.48264809e-01
4.57325014e-01  7.67341861e-01  5.30690788e-01
9.36356002e-01  9.02000777e-01  5.55770823e-01
5.82656766e-01  7.83167377e-01  5.09464993e-01
3.78473746e-01  8.81044825e-01  5.54495359e-01
5.17794036e-01  2.90138350e-01  8.93400368e-01
3.45093299e-01  3.33719993e-01  7.65181826e-01
8.78520014e-01  6.51405397e-01  6.63917104e-01
7.61557574e-01  7.58734876e-01  5.89011194e-01
6.73648751e-01  2.50219934e-01  6.36728210e-01
3.79806392e-01  9.22828331e-01  8.93142739e-01
6.85709484e-01  6.18042991e-01  2.50639675e-01
7.20814666e-01  8.80625095e-01  8.44008296e-01
9.54790948e-01  7.37600156e-01  9.22400102e-01
9.29994051e-01  5.27274446e-01  7.97041207e-01
8.84475271e-01  7.91592302e-01  4.99205785e-01
9.83070911e-01  7.42611739e-01  9.00103253e-01
4.70007802e-01  8.15788238e-01  8.36184276e-01
3.56351459e-01  5.68646853e-01  3.79418269e-01
6.80132802e-01  3.14958811e-01  5.89444875e-01
4.86543635e-01  7.25761276e-01  5.88646664e-01
2.93256455e-01  4.81236116e-01  5.98859723e-01
8.79122579e-01  2.58999212e-01  3.58684505e-01
2.75524334e-01  9.72606454e-01  4.54628662e-01
8.82979037e-01  5.10426724e-01  8.49649253e-01
6.10725811e-01  4.61648482e-01  3.49290574e-01
5.04694178e-01  7.78396690e-01  6.71691629e-01
9.21260647e-01  9.52947452e-01  6.84349199e-01
7.85534027e-01  4.68406921e-01  9.24247001e-01
3.14258332e-01  8.98752045e-01  6.82092822e-01
7.91196094e-01  9.59593891e-01  8.68329934e-01
9.12378846e-01  4.76697520e-01  9.51312024e-01
5.47658836e-01  7.15735939e-01  6.76835523e-01
5.09375955e-01  3.62201389e-01  5.83571919e-01
8.12928874e-01  3.03381048e-01  6.83913015e-01
7.21320989e-01  7.08621336e-01  6.16610643e-01
4.92813675e-01  8.21064832e-01  9.44041022e-01
9.55125686e-01  5.69487522e-01  9.00209180e-01
8.13776275e-01  2.74625217e-01  8.60436917e-01
7.08254669e-01  4.10676523e-01  7.97742366e-01
3.06706544e-01  3.00339172e-01  3.92957766e-01
6.69784890e-01  3.95019751e-01  4.84044339e-01
4.23623373e-01  5.00478442e-01  8.27582169e-01
4.79412897e-01  5.00305143e-01  3.38573199e-01
8.75511638e-01  6.66268266e-01  2.52945796e-01
6.01323383e-01  9.36867221e-01  7.67986201e-01
9.45894945e-01  5.15036204e-01  8.73668382e-01
3.91821405e-01  4.84635767e-01  8.04279989e-01
2.99223220e-01  9.81158795e-01  8.32374510e-01
9.47997141e-01  3.86588870e-01  5.28071221e-01
7.99084567e-01  4.69726015e-01  6.04033426e-01
6.95939949e-01  3.88976641e-01  5.90733520e-01
4.54020885e-01  6.55347299e-01  4.90580085e-01
3.08036073e-01  6.27500298e-01  9.76870880e-01
4.93366900e-01  7.97118696e-01  7.55630776e-01
6.34255464e-01  5.77104374e-01  9.44899358e-01
4.05201794e-01  4.48561514e-01  4.45680301e-01
9.23602544e-01  7.06431935e-01  6.35805216e-01
9.88390736e-01  2.58998894e-01  9.68808845e-01
9.34840860e-01  4.21380428e-01  8.19065166e-01
5.44848933e-01  2.56396013e-01  9.44890311e-01
4.71872028e-01  2.64192262e-01  5.95530277e-01
3.37400785e-01  5.06515633e-01  9.00372722e-01
6.15450566e-01  9.64581692e-01  5.50275328e-01
8.88187332e-01  7.14803561e-01  3.52870230e-01
3.72458566e-01  2.55418832e-01  3.51934907e-01
5.26232409e-01  7.78356229e-01  7.34035137e-01
7.27878816e-01  2.82139626e-01  3.67430117e-01
6.24877469e-01  7.10627445e-01  3.86814008e-01
4.17239152e-01  4.28590026e-01  7.54318345e-01
8.69829224e-01  4.84506337e-01  7.94792194e-01
5.79112259e-01  3.63431142e-01  9.09155092e-01
3.65557052e-01  3.23964881e-01  8.81683218e-01
4.85726424e-01  2.97269688e-01  7.80091602e-01
8.52821090e-01  8.73594870e-01  9.48991278e-01
6.12506590e-01  5.06902925e-01  8.95109616e-01
6.22866329e-01  6.74188591e-01  6.80166360e-01
9.55196128e-01  6.10246541e-01  5.90641359e-01
2.84765324e-01  4.09624405e-01  6.42858999e-01
7.57458061e-01  3.77047764e-01  2.76526333e-01
5.16714667e-01  5.82829737e-01  6.58000911e-01
3.26619111e-01  7.69907926e-01  3.73753182e-01
4.05362819e-01  4.65721312e-01  4.76788878e-01
6.23885029e-01  5.25929882e-01  7.57993248e-01
4.77017020e-01  7.92213465e-01  8.79877278e-01
2.51139505e-01  7.85353574e-01  2.55849935e-01
3.26220209e-01  6.64337706e-01  3.87749514e-01
6.11498324e-01  4.84963499e-01  6.01673987e-01
4.41724996e-01  8.78519373e-01  6.77736975e-01
3.82069643e-01  5.53384208e-01  6.18098224e-01
6.00742578e-01  4.48801658e-01  4.91433369e-01
6.98883346e-01  5.28706225e-01  3.51930928e-01
2.86940053e-01  6.96936079e-01  2.79845019e-01
5.10390054e-01  7.30431434e-01  7.39712155e-01
5.73938914e-01  7.23778456e-01  4.10330108e-01
3.67032181e-01  2.87224280e-01  4.18511602e-01
9.60354662e-01  8.65585473e-01  2.65294339e-01
5.56362464e-01  2.62838310e-01  5.71366995e-01
9.77325674e-01  9.80512208e-01  3.12891861e-01
7.32692378e-01  9.58807512e-01  7.97386337e-01
4.13880507e-01  7.32055645e-01  5.64896604e-01
3.56657815e-01  5.64743708e-01  9.12859465e-01
7.76266064e-01  5.70303684e-01  2.92277883e-01
9.41583191e-01  2.71021950e-01  5.37040212e-01
4.94988723e-01  4.79037067e-01  6.15684178e-01
7.16609179e-01  4.26727127e-01  5.58950805e-01
9.17361534e-01  6.28882465e-01  6.01850928e-01
8.31038009e-01  3.84656821e-01  8.36594852e-01
3.28010170e-01  8.81269198e-01  6.01171123e-01
9.29099413e-01  7.65014157e-01  7.34435399e-01
9.79387816e-01  9.86462579e-01  6.13361016e-01
5.38175824e-01  6.84855475e-01  3.73904327e-01
5.55131136e-01  9.30084819e-01  7.81493885e-01
7.81788102e-01  3.13895826e-01  6.37285947e-01
9.16690893e-01  7.13566412e-01  6.02914287e-01
7.29970048e-01  4.14268666e-01  6.09670995e-01
7.02349304e-01  7.60378651e-01  5.85283629e-01
6.00882235e-01  5.76534078e-01  2.92048023e-01
7.86444012e-01  9.85626153e-01  8.21636094e-01
8.35097888e-01  5.50305501e-01  4.80513404e-01
9.83284163e-01  7.44202839e-01  6.87237432e-01
4.82620305e-01  5.37568388e-01  3.63622974e-01
4.19362751e-01  4.97734294e-01  6.96752811e-01
3.49116214e-01  8.54446308e-01  8.18212194e-01
7.81646225e-01  4.49681082e-01  8.77902005e-01
9.27212909e-01  6.33555342e-01  8.34004967e-01
9.21471884e-01  8.17554090e-01  9.48548375e-01
8.65626119e-01  7.88138136e-01  8.48673119e-01
3.10268798e-01  5.34969664e-01  3.28985711e-01
8.70934041e-01  4.39255883e-01  8.18459952e-01
6.99085871e-01  3.47695039e-01  4.63841744e-01
4.14366150e-01  4.91724233e-01  6.21044259e-01
3.69248672e-01  8.45597354e-01  8.31606882e-01
8.90566146e-01  6.29010504e-01  9.02118686e-01
7.60535730e-01  7.19336334e-01  7.68960613e-01
2.53455405e-01  3.87272812e-01  6.60220047e-01
9.13992691e-01  3.17921070e-01  4.16025762e-01
8.52260660e-01  6.25740721e-01  7.42691319e-01
7.41975108e-01  6.18621509e-01  5.49135324e-01
3.29172669e-01  3.98269556e-01  9.56819232e-01
7.03309097e-01  5.77944364e-01  5.39067682e-01
7.00699587e-01  7.05757837e-01  2.93314658e-01
6.11897862e-01  4.22540972e-01  2.73067472e-01
4.68164723e-01  7.49923943e-01  8.05617780e-01
7.17011588e-01  8.12620466e-01  9.24646335e-01
9.30924500e-01  4.88703770e-01  7.96842210e-01
2.88078346e-01  7.69897279e-01  8.97325243e-01
8.19147043e-01  9.41744028e-01  6.67915118e-01
8.06327855e-01  3.03747331e-01  4.29717705e-01
9.86947555e-01  9.79751646e-01  7.77538607e-01
6.44520684e-01  4.09508344e-01  7.61554762e-01
8.30977102e-01  7.78032516e-01  7.12986800e-01
4.21926869e-01  7.30613686e-01  9.16186054e-01
5.46439968e-01  2.53945441e-01  8.63299850e-01
5.43016470e-01  7.04012073e-01  4.92548179e-01
2.63062495e-01  3.65658548e-01  9.72058375e-01
8.09623413e-01  3.67617292e-01  6.32517841e-01
8.79861833e-01  6.26418731e-01  4.99810597e-01
6.56379107e-01  6.30914848e-01  3.80531869e-01
8.80384801e-01  3.78168331e-01  9.67838715e-01
5.33432202e-01  6.53797880e-01  2.61145075e-01
7.22060333e-01  5.12040667e-01  7.91976017e-01
5.19313314e-01  9.53442598e-01  9.69508720e-01
5.85214284e-01  4.82439579e-01  8.07936522e-01
6.85096513e-01  4.41962498e-01  6.89140774e-01
2.97513026e-01  2.73632547e-01  5.35193669e-01
7.03697184e-01  5.12250946e-01  8.88123468e-01
2.69536960e-01  3.18265365e-01  5.20531131e-01
3.85988877e-01  8.35729798e-01  3.69877012e-01
2.67880885e-01  4.45834656e-01  7.13531170e-01
9.69309028e-01  3.88828696e-01  7.74601591e-01
6.58610464e-01  6.29264533e-01  2.63222115e-01
6.82797044e-01  5.34308239e-01  6.39695510e-01
7.13280657e-01  3.42224652e-01  3.89684554e-01
2.73673615e-01  7.04219207e-01  3.04148578e-01
8.21148194e-01  8.37265593e-01  4.83997723e-01
6.25416106e-01  8.63648050e-01  9.65750044e-01
3.50929964e-01  5.77000864e-01  9.08209200e-01
8.99050882e-01  4.86213016e-01  8.27875441e-01
6.03695953e-01  5.09768797e-01  8.27864015e-01
6.49700376e-01  4.17349088e-01  7.45196247e-01
3.48200926e-01  5.29046760e-01  3.11350143e-01
3.46784219e-01  9.31260935e-01  9.57297017e-01
3.27403280e-01  3.15885225e-01  5.19640871e-01
8.72058107e-01  2.86751448e-01  5.94376154e-01
8.85435475e-01  5.96321965e-01  6.79910868e-01
2.86406751e-01  3.06050494e-01  3.84008276e-01
7.60344593e-01  3.06888619e-01  3.47674825e-01
6.60691931e-01  9.07428208e-01  9.41191737e-01
3.08430457e-01  3.62034678e-01  3.07021548e-01
5.51028568e-01  7.12725897e-01  8.20672918e-01
7.89366282e-01  6.58772300e-01  9.71758494e-01
6.27154904e-01  4.79693906e-01  8.92073887e-01
6.65252561e-01  5.14651146e-01  6.56807098e-01
8.40715599e-01  3.07618079e-01  3.99942843e-01
6.85884246e-01  5.76973995e-01  6.59479413e-01
4.41922796e-01  3.85839486e-01  7.00952407e-01
6.73511105e-01  3.64514028e-01  9.42068071e-01
