7.98530667e-01  3.74895054e-01  9.90687778e-01  9.08769780e-01  2.69536396e-01  9.96920446e-01
7.83864274e-01  5.47086651e-01  9.24586520e-01  9.17271415e-01  3.25284013e-01  9.29058408e-01
7.89130104e-01  6.06590928e-01  8.66433717e-01  9.20738879e-01  4.71651508e-01  8.71817599e-01
8.47056344e-01  6.21219320e-01  6.58652167e-01  9.49622020e-01  5.62671457e-01  6.64795679e-01
7.63729344e-01  5.77294180e-01  9.72995041e-01  9.05926719e-01  4.29378875e-01  9.76933755e-01
7.64252494e-01  6.51533309e-01  9.21104271e-01  9.14825822e-01  4.18176710e-01  9.22531864e-01
7.38742656e-01  7.53578677e-01  9.39395594e-01  9.10323260e-01  4.77000958e-01  9.37345697e-01
9.29392286e-01  4.68395884e-01  4.80490551e-01  9.78348932e-01  4.80467686e-01  5.00200226e-01
8.56885301e-01  2.16223423e-01  8.98388390e-01  9.26323863e-01  1.38467193e-01  9.15667128e-01
8.36416156e-01  5.31700413e-01  7.55715042e-01  9.41109030e-01  3.68517880e-01  7.66340328e-01
7.65274326e-01  6.21550732e-01  9.37846708e-01  9.09951580e-01  4.69772207e-01  9.41458345e-01
8.69695964e-01  6.27747703e-01  5.77198337e-01  9.63206292e-01  5.58315283e-01  5.79225625e-01
7.96282483e-01  3.95623453e-01  9.84380132e-01  9.11138662e-01  2.35286154e-01  9.89916030e-01
9.52329092e-01  3.56758152e-01  4.77466236e-01  9.83065249e-01  3.14197776e-01  5.09707749e-01
7.44564026e-01  7.18523083e-01  9.43163807e-01  9.09630630e-01  4.73294089e-01  9.42674769e-01
8.87237233e-01  6.91579913e-01  4.73897637e-01  9.75971640e-01  7.09324373e-01  4.60725261e-01
8.52246858e-01  2.93625686e-01  8.61998221e-01  9.29335612e-01  2.05984442e-01  8.80204345e-01
8.11065294e-01  8.01637075e-01  6.59862226e-01  9.49433415e-01  6.48763182e-01  6.45419390e-01
8.98277649e-01  4.73300978e-01  5.83479689e-01  9.68129683e-01  3.33713830e-01  6.00836238e-01
9.60462166e-01  4.08144854e-01  4.15004818e-01  9.89572682e-01  4.32777584e-01  4.39616091e-01
8.35034706e-01  3.25815640e-01  8.99082914e-01  9.23165867e-01  2.33512564e-01  9.13195309e-01
9.65100962e-01  2.19011868e-01  5.27084459e-01  9.77535419e-01  1.91142537e-01  5.75116505e-01
7.87406883e-01  5.43912014e-01  9.14623291e-01  9.15834669e-01  3.98024936e-01  9.20879778e-01
9.50320502e-01  4.38262232e-01  4.29328388e-01  9.90794990e-01  3.69130633e-01  4.46995154e-01
9.94205184e-01  2.95219435e-01  3.75932577e-01  9.98758402e-01  2.94143182e-01  4.13849555e-01
8.92607825e-01  3.96999375e-01  6.54340779e-01  9.58775050e-01  2.60974614e-01  6.78229407e-01
8.10592496e-01  4.08882783e-01  9.26833154e-01  9.18611112e-01  2.62822339e-01  9.35918369e-01
9.42510942e-01  4.94649177e-01  4.17957338e-01  9.88225098e-01  5.12249330e-01  4.29256617e-01
8.52919169e-01  8.30917595e-01  4.97112380e-01  9.73416636e-01  7.72079482e-01  4.62107114e-01
8.44818163e-01  2.48038925e-01  9.18146885e-01  9.22549066e-01  1.68443822e-01  9.32711143e-01
9.71703495e-01  3.14964237e-01  4.39480560e-01  9.89298347e-01  2.85483171e-01  4.76595567e-01
8.60450657e-01  6.47304649e-01  5.95586821e-01  9.62184312e-01  5.21310447e-01  5.94628903e-01
8.16805878e-01  9.36608312e-01  5.49166344e-01  9.64059533e-01  8.43148192e-01  5.05128726e-01
8.33903609e-01  3.95729825e-01  8.55764079e-01  9.29917980e-01  2.35771160e-01  8.69346251e-01
8.26215121e-01  4.18293921e-01  8.66804114e-01  9.25476902e-01  3.10589299e-01  8.79941102e-01
8.67220561e-01  2.62615045e-01  8.32064109e-01  9.34116397e-01  1.88508550e-01  8.54235567e-01
8.24792025e-01  4.13688194e-01  8.74775916e-01  9.26822142e-01  2.47235735e-01  8.86461880e-01
8.66890701e-01  2.85914605e-01  8.17168923e-01  9.35586270e-01  2.08028057e-01  8.39623299e-01
8.14466999e-01  9.22911863e-01  5.66399698e-01  9.61520999e-01  8.19429176e-01  5.27082060e-01
9.44050038e-01  2.91857327e-01  5.49844401e-01  9.75011237e-01  2.05437531e-01  5.87888206e-01
9.30357338e-01  2.80699307e-01  6.03854963e-01  9.65257678e-01  2.37648731e-01  6.42227786e-01
7.88754297e-01  7.50083424e-01  7.71178186e-01  9.35386809e-01  5.25024088e-01  7.65619034e-01
9.82044670e-01  3.04579068e-01  4.11160260e-01  9.94249600e-01  2.70442732e-01  4.48435338e-01
7.69659864e-01  7.14953156e-01  8.59827185e-01  9.22098556e-01  4.90275319e-01  8.58643065e-01
9.21089165e-01  5.24722124e-01  4.70847189e-01  9.82475406e-01  4.57196923e-01  4.79297936e-01
7.81899237e-01  5.97292855e-01  8.97415138e-01  9.17291019e-01  4.37212267e-01  9.02167858e-01
8.67110226e-01  7.00753627e-01  5.36467562e-01  9.64120198e-01  7.38674487e-01  5.29720723e-01
7.84119555e-01  5.19137528e-01  9.42575670e-01  9.11803029e-01  3.89410592e-01  9.48799353e-01
8.50756116e-01  6.04970534e-01  6.56977391e-01  9.50349442e-01  5.44194953e-01  6.64548076e-01
9.67834048e-01  2.75760906e-01  4.79154576e-01  9.84217430e-01  2.34351261e-01  5.21410201e-01
8.55663448e-01  3.10411394e-01  8.38996959e-01  9.33429530e-01  1.89822824e-01  8.57810100e-01
9.27879439e-01  5.68269058e-01  4.18263319e-01  9.87643530e-01  5.77592440e-01  4.17362378e-01
8.78113320e-01  7.08920363e-01  4.93366221e-01  9.71801042e-01  7.38652479e-01  4.80462116e-01
8.51842403e-01  2.56635090e-01  8.88344861e-01  9.26549086e-01  1.75080708e-01  9.05467321e-01
8.29265004e-01  5.73764171e-01  7.51760600e-01  9.41320350e-01  3.92634161e-01  7.59218228e-01
9.07742778e-01  6.21951618e-01  4.51128421e-01  9.81717223e-01  6.21669226e-01  4.45350227e-01
8.29073198e-01  8.99614373e-01  5.32220548e-01  9.64728957e-01  8.74074925e-01  4.93440168e-01
8.78514712e-01  3.48667139e-01  7.35403856e-01  9.47175165e-01  2.33976223e-01  7.59603581e-01
8.27362512e-01  2.55060014e-01  9.73052797e-01  9.15683778e-01  1.47175377e-01  9.81832317e-01
8.27597899e-01  2.36071360e-01  9.85064250e-01  9.13202943e-01  1.64953387e-01  9.93493770e-01
8.71361374e-01  4.59711317e-01  6.84607006e-01  9.49894058e-01  3.90136096e-01  7.04307046e-01
7.73326613e-01  6.34578922e-01  9.01839029e-01  9.14925902e-01  4.88762170e-01  9.05528048e-01
7.87027580e-01  4.44885595e-01  9.82754835e-01  9.10415218e-01  2.64696848e-01  9.87523457e-01
9.77443109e-01  2.82842454e-01  4.41548485e-01  9.89364424e-01  2.56568085e-01  4.83085735e-01
7.68079817e-01  5.93567161e-01  9.47147304e-01  9.09458214e-01  4.42017096e-01  9.51259858e-01
8.68570997e-01  7.56658121e-01  4.93751696e-01  9.71032819e-01  7.88083027e-01  4.73569915e-01
7.67197981e-01  6.50028461e-01  9.12054505e-01  9.13417956e-01  4.87849758e-01  9.14901600e-01
9.08486183e-01  5.28097592e-01  5.11624858e-01  9.72533997e-01  5.33269835e-01  5.24870742e-01
7.46821281e-01  7.70149691e-01  9.00907126e-01  9.15683330e-01  5.02319953e-01  8.97427756e-01
8.07205124e-01  3.65084269e-01  9.67669512e-01  9.12777804e-01  2.51725377e-01  9.75471144e-01
8.62476947e-01  3.77522773e-01  7.70723684e-01  9.39954660e-01  2.92884944e-01  7.91829883e-01
7.93042338e-01  7.15344041e-01  7.79672881e-01  9.31837753e-01  5.64067691e-01  7.78529883e-01
9.07360800e-01  5.63296755e-01  4.91716994e-01  9.79154253e-01  4.77444331e-01  4.95757907e-01
9.49451245e-01  3.39476979e-01  4.98959311e-01  9.79142219e-01  3.16660759e-01  5.34280640e-01
8.24559640e-01  7.75108844e-01  6.31661667e-01  9.54847104e-01  6.19145717e-01  6.17778390e-01
8.32962445e-01  7.62504355e-01  6.11459884e-01  9.58129023e-01  6.15448290e-01  5.97612560e-01
7.93750098e-01  4.79741821e-01  9.36258461e-01  9.13848595e-01  3.55875195e-01  9.43697888e-01
7.59378839e-01  6.57853374e-01  9.33789473e-01  9.13789225e-01  3.98118766e-01  9.34493952e-01
8.07897797e-01  7.28695456e-01  7.19907728e-01  9.39588730e-01  6.14125257e-01  7.16845340e-01
9.99203921e-01  2.69391393e-01  3.76284478e-01  9.98358717e-01  2.84336564e-01  4.18757947e-01
8.82856794e-01  5.50647753e-01  5.83967705e-01  9.66945323e-01  3.99790895e-01  5.92632580e-01
8.05870804e-01  5.63516238e-01  8.38605621e-01  9.28989458e-01  3.64615677e-01  8.45009034e-01
8.65996907e-01  3.08096336e-01  8.05253536e-01  9.38228506e-01  1.90591675e-01  8.26845197e-01
8.43634732e-01  3.47942191e-01  8.55064404e-01  9.30391484e-01  2.18156531e-01  8.71038029e-01
9.42145334e-01  2.69638539e-01  5.71046938e-01  9.70279511e-01  2.29479968e-01  6.11971385e-01
8.15502354e-01  3.79609764e-01  9.29515180e-01  9.17556911e-01  2.72627268e-01  9.39818790e-01
8.31645152e-01  7.18713360e-01  6.45512564e-01  9.55271055e-01  5.24679845e-01  6.37647485e-01
8.83490050e-01  7.50587578e-01  4.46879575e-01  9.74239206e-01  9.04660878e-01  4.25129526e-01
7.85774543e-01  8.69002863e-01  7.00807125e-01  9.43288065e-01  6.63069377e-01  6.81414471e-01
8.56740279e-01  7.00498473e-01  5.72067442e-01  9.59500339e-01  7.05448502e-01  5.67296740e-01
8.67473873e-01  3.42130953e-01  7.77237910e-01  9.39782438e-01  2.61341945e-01  7.99960297e-01
7.99893965e-01  4.96709272e-01  9.03816259e-01  9.21373933e-01  2.91975737e-01  9.10709036e-01
9.60967510e-01  3.81151602e-01  4.31493957e-01  9.90791387e-01  3.22997017e-01  4.58049385e-01
7.52600923e-01  7.06649278e-01  9.23717493e-01  9.13448619e-01  4.52571708e-01  9.23140758e-01
9.05201999e-01  2.76704963e-01  6.92492218e-01  9.54583536e-01  1.79583435e-01  7.24575784e-01
9.55020439e-01  3.68723797e-01  4.60197123e-01  9.84406289e-01  3.54836751e-01  4.91389187e-01
8.65624425e-01  8.14780176e-01  4.64596429e-01  9.75673229e-01  8.46283544e-01  4.29890630e-01
9.00573381e-01  2.52507638e-01  7.24933101e-01  9.50457822e-01  1.59817714e-01  7.56281312e-01
8.49467117e-01  3.62786057e-01  8.25119164e-01  9.34189976e-01  2.35149991e-01  8.42610597e-01
8.52829535e-01  1.80755458e-01  9.36183967e-01  9.21524680e-01  1.21285543e-01  9.50558505e-01
1.00056271e+00  2.68907740e-01  3.71968930e-01  1.00017424e+00  2.58612844e-01  4.13264328e-01
8.41525912e-01  3.57518353e-01  8.55508134e-01  9.28387162e-01  2.66170141e-01  8.71896009e-01
8.38047390e-01  8.76642204e-01  5.17063546e-01  9.67633215e-01  8.54692500e-01  4.79447278e-01
7.84808851e-01  5.46137524e-01  9.21999671e-01  9.17677241e-01  3.24775837e-01  9.26576886e-01
8.13050810e-01  6.77693625e-01  7.36720669e-01  9.37330634e-01  5.83213735e-01  7.38720283e-01
8.84952243e-01  5.98148785e-01  5.44753847e-01  9.71907593e-01  4.60490493e-01  5.46290939e-01
8.54327618e-01  7.50680541e-01  5.46446784e-01  9.68800776e-01  6.19635938e-01  5.28163794e-01
9.65601394e-01  2.51740474e-01  5.02991219e-01  9.80489736e-01  2.22434956e-01  5.48168544e-01
8.39676657e-01  8.82399033e-01  5.07910351e-01  9.68317958e-01  8.84020002e-01  4.68559675e-01
8.85162431e-01  2.66359967e-01  7.67939127e-01  9.44467080e-01  1.57616275e-01  7.94715722e-01
8.97945465e-01  1.98922782e-01  7.69774884e-01  9.43981543e-01  1.44291932e-01  8.01016117e-01
8.27706186e-01  2.73933695e-01  9.59139980e-01  9.17279075e-01  1.58752860e-01  9.68831235e-01
8.65227904e-01  5.28821809e-01  6.58923271e-01  9.51872905e-01  4.66343175e-01  6.73392336e-01
8.11089137e-01  3.41675468e-01  9.70197386e-01  9.12679418e-01  2.42308222e-01  9.78354116e-01
7.90004081e-01  5.00041810e-01  9.35655454e-01  9.14105696e-01  3.57038979e-01  9.42287318e-01
9.89056401e-01  2.52188567e-01  4.22559732e-01  9.92351207e-01  2.38672362e-01  4.68208043e-01
7.52823177e-01  7.46117422e-01  8.96619569e-01  9.17233380e-01  4.75572615e-01  8.93881454e-01
9.30963864e-01  3.34566231e-01  5.65432257e-01  9.69876281e-01  2.90229414e-01  6.00031529e-01
7.53669592e-01  6.69194145e-01  9.45344512e-01  9.10954208e-01  4.23589166e-01  9.46070831e-01
9.08482947e-01  3.47333384e-01  6.33620589e-01  9.61956988e-01  2.38761418e-01  6.63132155e-01
7.62268280e-01  6.40000534e-01  9.35667180e-01  9.12558504e-01  4.16288449e-01  9.37526374e-01
8.14272641e-01  6.82963544e-01  7.28989771e-01  9.38170225e-01  5.94754869e-01  7.30575448e-01
9.83537030e-01  3.38286037e-01  3.83316151e-01  9.96517632e-01  3.47136208e-01  4.15550209e-01
7.61550603e-01  5.91897007e-01  9.70584264e-01  9.07114842e-01  4.10741551e-01  9.73769546e-01
8.91963685e-01  6.21925304e-01  5.04755190e-01  9.76906448e-01  5.15808093e-01  5.01001734e-01
7.53800045e-01  6.69183466e-01  9.44905173e-01  9.09382918e-01  4.64481964e-01  9.46370862e-01
7.72504086e-01  5.27480508e-01  9.76634482e-01  9.09339619e-01  3.24008536e-01  9.80239540e-01
8.42092252e-01  2.59211787e-01  9.19920570e-01  9.22898573e-01  1.55198780e-01  9.33636560e-01
8.03860719e-01  4.54529698e-01  9.18728419e-01  9.17438858e-01  3.27110922e-01  9.27547569e-01
9.53898074e-01  2.63772940e-01  5.34853753e-01  9.75319660e-01  2.36311223e-01  5.78010859e-01
7.67494261e-01  7.38194984e-01  8.51540860e-01  9.22660951e-01  5.15031038e-01  8.49116159e-01
8.39054687e-01  2.35507036e-01  9.46298251e-01  9.19566088e-01  1.42130037e-01  9.58136826e-01
7.98028404e-01  4.36584513e-01  9.50768897e-01  9.15358321e-01  2.58176012e-01  9.57376623e-01
8.47505269e-01  2.67416192e-01  8.95888012e-01  9.25883551e-01  1.66979470e-01  9.11673362e-01
8.85543634e-01  1.94787610e-01  8.14937549e-01  9.37647955e-01  1.43062418e-01  8.41934204e-01
9.75542318e-01  3.31598584e-01  4.15438927e-01  9.92440818e-01  3.15661256e-01  4.49741070e-01
8.37206084e-01  6.38063525e-01  6.81236315e-01  9.47151937e-01  5.44977921e-01  6.85386304e-01
9.18141081e-01  3.49202217e-01  5.99363519e-01  9.67444011e-01  2.31872755e-01  6.29585901e-01
7.96528456e-01  4.47777117e-01  9.48637605e-01  9.14983783e-01  2.79127109e-01  9.55285847e-01
9.03174638e-01  5.45861325e-01  5.18081480e-01  9.71246695e-01  5.51134869e-01  5.29372361e-01
8.26639043e-01  2.54763684e-01  9.76022554e-01  9.14778417e-01  1.61477127e-01  9.84736397e-01
7.63151020e-01  6.08440587e-01  9.53950916e-01  9.10298801e-01  3.97238381e-01  9.56575915e-01
8.23775781e-01  2.77980859e-01  9.69838505e-01  9.16007638e-01  1.53000364e-01  9.78362089e-01
7.99329439e-01  7.86269357e-01  7.10328459e-01  9.41284227e-01  6.35431959e-01  7.00875630e-01
8.87013093e-01  7.22987227e-01  4.53469298e-01  9.79831364e-01  7.27558310e-01  4.31609662e-01
8.54585805e-01  1.72666580e-01  9.35642286e-01  9.21597773e-01  1.20249563e-01  9.50337400e-01
8.36371646e-01  7.38365932e-01  6.16101031e-01  9.53065181e-01  7.04344933e-01  6.08835076e-01
8.69866767e-01  3.05142852e-01  7.94024939e-01  9.39880390e-01  1.88964471e-01  8.16638996e-01
9.80777036e-01  2.46453391e-01  4.54714501e-01  9.87636786e-01  2.26867528e-01  5.01268359e-01
9.54086198e-01  4.35673254e-01  4.18210473e-01  9.88311769e-01  4.68225197e-01  4.39227427e-01
7.91731837e-01  4.61586958e-01  9.55407594e-01  9.11576659e-01  3.38978578e-01  9.62310962e-01
8.50242486e-01  4.18391771e-01  7.84942875e-01  9.37169346e-01  3.21838745e-01  8.02771563e-01
8.63403386e-01  6.32657830e-01  5.95084634e-01  9.58952563e-01  5.90403889e-01  5.98318974e-01
9.00490402e-01  6.69070178e-01  4.43810818e-01  9.84863312e-01  6.11531083e-01  4.27079078e-01
7.53736245e-01  6.78483074e-01  9.38846761e-01  9.09941705e-01  4.75685486e-01  9.40107645e-01
7.59746097e-01  6.18814489e-01  9.58583761e-01  9.09934378e-01  3.90040352e-01  9.60634634e-01
8.01116206e-01  4.07580102e-01  9.59792889e-01  9.12400068e-01  2.95118694e-01  9.67517512e-01
8.04493617e-01  7.88200500e-01  6.91382678e-01  9.47196920e-01  5.69304596e-01  6.78764012e-01
9.05404140e-01  4.75662502e-01  5.57836723e-01  9.69554637e-01  3.99659778e-01  5.76444860e-01
9.23265719e-01  3.59360239e-01  5.75000732e-01  9.69983802e-01  2.64750417e-01  6.05434306e-01
7.87788072e-01  5.36107430e-01  9.18588122e-01  9.15315551e-01  3.94643510e-01  9.25018070e-01
7.67277245e-01  5.55673370e-01  9.75465964e-01  9.08912044e-01  3.42566041e-01  9.78544498e-01
8.66350481e-01  7.39688611e-01  5.12789701e-01  9.73469348e-01  6.41084689e-01  4.93091531e-01
7.55401155e-01  7.63230802e-01  8.75963693e-01  9.19622404e-01  5.00093731e-01  8.72177560e-01
8.36726316e-01  2.52789255e-01  9.42589515e-01  9.18996321e-01  1.71715071e-01  9.54716867e-01
9.06031592e-01  6.11676684e-01  4.63609989e-01  9.77952257e-01  6.49366609e-01  4.62358546e-01
7.73892246e-01  6.06503285e-01  9.18557941e-01  9.15864201e-01  3.93812690e-01  9.21697585e-01
8.29681088e-01  3.39312000e-01  9.08267162e-01  9.23217814e-01  2.01669817e-01  9.20476490e-01
8.52206342e-01  8.38804855e-01  4.94225114e-01  9.73367862e-01  7.91315952e-01  4.57820266e-01
7.57091950e-01  5.95613131e-01  9.83310302e-01  9.03995173e-01  4.40517595e-01  9.86659565e-01
8.61003608e-01  5.94869398e-01  6.28784040e-01  9.54597675e-01  5.45291080e-01  6.37038059e-01
7.74311627e-01  5.03906164e-01  9.86369204e-01  9.08314119e-01  3.10318122e-01  9.90091097e-01
8.33461376e-01  2.35345752e-01  9.65816697e-01  9.16279554e-01  1.57798811e-01  9.75987352e-01
8.03935369e-01  4.64617779e-01  9.11664737e-01  9.17913913e-01  3.43080454e-01  9.20681769e-01
8.05719158e-01  6.58479181e-01  7.74736952e-01  9.32912543e-01  5.37497428e-01  7.77989645e-01
7.78038339e-01  4.91400685e-01  9.82075861e-01  9.09563796e-01  2.93727372e-01  9.86042675e-01
7.52969845e-01  6.59217305e-01  9.54468337e-01  9.08818830e-01  4.39802468e-01  9.55890550e-01
7.75448612e-01  4.92194053e-01  9.90389000e-01  9.07788570e-01  3.07147539e-01  9.94220270e-01
7.22415674e-01  7.70905040e-01  9.83487973e-01  9.03552422e-01  4.72472747e-01  9.81858068e-01
8.39898302e-01  8.04179882e-01  5.59639441e-01  9.61255548e-01  7.76838990e-01  5.38968549e-01
8.51422462e-01  7.34307485e-01  5.67420165e-01  9.61062969e-01  7.06920234e-01  5.56922278e-01
7.76670219e-01  8.03491030e-01  7.76123954e-01  9.33538883e-01  5.67803863e-01  7.66725367e-01
9.36615134e-01  2.68458546e-01  5.90736497e-01  9.68083262e-01  2.11203307e-01  6.30428201e-01
7.99777198e-01  3.71170852e-01  9.88942089e-01  9.09211581e-01  2.64444663e-01  9.95304200e-01
9.11672524e-01  3.50125831e-01  6.20839374e-01  9.64184509e-01  2.32587985e-01  6.50321121e-01
7.89912874e-01  6.55111744e-01  8.31312462e-01  9.27049926e-01  4.64852968e-01  8.33480407e-01
7.72169422e-01  7.95646833e-01  7.96794866e-01  9.29768984e-01  5.74629904e-01  7.89273387e-01
7.94171432e-01  4.42290633e-01  9.60095523e-01  9.11825116e-01  3.12873478e-01  9.66959728e-01
8.48994096e-01  2.27975062e-01  9.17419745e-01  9.23060140e-01  1.55166254e-01  9.32608026e-01
9.25874708e-01  2.63842816e-01  6.30544610e-01  9.61961005e-01  2.15076605e-01  6.68769849e-01
8.06936536e-01  6.01759018e-01  8.08855916e-01  9.28805109e-01  4.90037591e-01  8.15683562e-01
9.77976812e-01  3.05929993e-01  4.24145441e-01  9.90382688e-01  3.12164572e-01  4.63260907e-01
8.94027669e-01  3.27491007e-01  6.96396761e-01  9.53706150e-01  2.05118923e-01  7.24097319e-01
8.08823817e-01  5.90575761e-01  8.10253587e-01  9.30577655e-01  4.40014676e-01  8.16792679e-01
7.65705457e-01  6.02041453e-01  9.49540807e-01  9.09192639e-01  4.40793320e-01  9.53255941e-01
8.13381717e-01  3.10052640e-01  9.83708015e-01  9.13245024e-01  1.76059403e-01  9.90568083e-01
9.14511094e-01  3.17929944e-01  6.32868378e-01  9.62925517e-01  2.05790183e-01  6.64804035e-01
8.10455841e-01  3.72745432e-01  9.51392283e-01  9.16760103e-01  2.12154283e-01  9.59390321e-01
7.98343796e-01  8.79302867e-01  6.50913380e-01  9.51470056e-01  6.76933857e-01  6.25620441e-01
7.57195992e-01  5.95479185e-01  9.83344056e-01  9.06147727e-01  3.88648622e-01  9.85772681e-01
9.21699449e-01  3.16952054e-01  6.09267533e-01  9.65096977e-01  2.39968504e-01  6.43220616e-01
8.47219826e-01  2.51104534e-01  9.07872122e-01  9.24565542e-01  1.54815529e-01  9.23035986e-01
8.11266669e-01  8.40870341e-01  6.32697993e-01  9.52773419e-01  6.99881620e-01  6.11773623e-01
8.10360824e-01  6.30742324e-01  7.77596635e-01  9.32592962e-01  5.25078448e-01  7.83009085e-01
8.26760676e-01  6.41982810e-01  7.13979915e-01  9.41168895e-01  5.63578984e-01  7.18796738e-01
8.83078804e-01  7.04888546e-01  4.79123181e-01  9.73578778e-01  7.52784616e-01  4.65680823e-01
8.67363459e-01  5.90182415e-01  6.10516978e-01  9.57537043e-01  5.44647014e-01  6.18855980e-01
8.84402716e-01  7.26132292e-01  4.60264463e-01  9.73515852e-01  8.47183271e-01  4.43512564e-01
8.56881277e-01  6.46769613e-01  6.07843771e-01  9.56827799e-01  5.98799518e-01  6.09939503e-01
8.94807772e-01  2.93240518e-01  7.16845223e-01  9.51328938e-01  1.78348696e-01  7.45746031e-01
8.81485527e-01  7.00013143e-01  4.88154289e-01  9.72803964e-01  7.32393489e-01  4.76042931e-01
8.41172744e-01  2.48689749e-01  9.30461764e-01  9.21627489e-01  1.50328309e-01  9.43470999e-01
8.58151974e-01  2.37818650e-01  8.79486155e-01  9.29118921e-01  1.38847570e-01  8.97648247e-01
8.83016240e-01  2.20807651e-01  8.06012599e-01  9.38375884e-01  1.62310365e-01  8.32662596e-01
9.09326648e-01  5.11049803e-01  5.20257736e-01  9.71874255e-01  5.05509520e-01  5.35740118e-01
7.97130501e-01  5.68405068e-01  8.64869630e-01  9.21529556e-01  4.49051307e-01  8.72150342e-01
7.75905343e-01  5.06774521e-01  9.78987878e-01  9.09691451e-01  3.03881039e-01  9.82795844e-01
8.18432442e-01  8.19069531e-01  6.22928443e-01  9.54616062e-01  6.83876023e-01  6.03782258e-01
7.30053305e-01  7.64603738e-01  9.61644550e-01  9.07043413e-01  4.71876936e-01  9.59608557e-01
7.43942666e-01  7.54778664e-01  9.20818691e-01  9.13390747e-01  4.74725715e-01  9.18214373e-01
7.41041030e-01  6.86678268e-01  9.76693712e-01  9.05768736e-01  4.33073788e-01  9.77063504e-01
7.48147625e-01  7.24842562e-01  9.26654108e-01  9.11287182e-01  4.98214018e-01  9.26090360e-01
9.10067532e-01  6.07243256e-01  4.52813739e-01  9.80098946e-01  6.39972050e-01  4.50836373e-01
8.89998051e-01  6.07556486e-01  5.21464257e-01  9.70690531e-01  5.88270426e-01  5.24059897e-01
7.89753262e-01  7.12316382e-01  7.92953528e-01  9.29752705e-01  5.62287204e-01  7.92329218e-01
7.78312303e-01  6.40076606e-01  8.81093980e-01  9.17982086e-01  4.93750697e-01  8.84732386e-01
8.25204909e-01  8.79887697e-01  5.58748340e-01  9.61605608e-01  8.21220315e-01  5.26111114e-01
7.62177605e-01  6.14576926e-01  9.53134679e-01  9.08699204e-01  4.41222712e-01  9.56318248e-01
8.73256573e-01  7.38795130e-01  4.89798250e-01  9.69479057e-01  8.27927338e-01  4.74008247e-01
7.51542242e-01  6.11887287e-01  9.91290187e-01  9.04796894e-01  3.91581873e-01  9.93219001e-01
8.36403252e-01  2.69570874e-01  9.32367421e-01  9.20726383e-01  1.66952463e-01  9.44758776e-01
9.46479618e-01  3.57494315e-01  4.96953149e-01  9.80690151e-01  2.97717160e-01  5.28882067e-01
7.67654523e-01  5.49585250e-01  9.78285239e-01  9.07310580e-01  3.71213026e-01  9.81966384e-01
9.02547219e-01  5.87564247e-01  4.91785189e-01  9.74367715e-01  6.04616263e-01  4.96049640e-01
8.34677005e-01  6.35319603e-01  6.91729828e-01  9.49670750e-01  4.42527494e-01  6.93728391e-01
8.23000408e-01  6.92276576e-01  6.93184821e-01  9.45296987e-01  5.67087745e-01  6.91997032e-01
8.08962848e-01  3.22849837e-01  9.90169820e-01  9.12115906e-01  1.82391529e-01  9.96296330e-01
8.27884206e-01  8.68033262e-01  5.57594868e-01  9.64341795e-01  7.54027590e-01  5.24628248e-01
8.26198580e-01  4.41562585e-01  8.51454743e-01  9.26833044e-01  3.40311887e-01  8.64652107e-01
8.47991638e-01  2.52633945e-01  9.04203042e-01  9.25576916e-01  1.42788333e-01  9.19424864e-01
7.93587433e-01  6.47897399e-01  8.23625766e-01  9.26543165e-01  5.04818233e-01  8.27174258e-01
7.90490452e-01  8.99244233e-01  6.64286890e-01  9.48716761e-01  6.98050587e-01  6.38230529e-01
8.49744606e-01  2.03155033e-01  9.31606782e-01  9.21563525e-01  1.39310396e-01  9.45999130e-01
7.81768527e-01  5.33097664e-01  9.41187119e-01  9.12243066e-01  3.85788539e-01  9.46842991e-01
8.01400873e-01  8.53419377e-01  6.57936231e-01  9.50871553e-01  6.48634964e-01  6.36225910e-01
8.77508650e-01  6.43091638e-01  5.40152373e-01  9.65415285e-01  6.60278597e-01  5.40676525e-01
8.10440789e-01  9.60229597e-01  5.54971678e-01  9.62470532e-01  8.71799785e-01  5.08469383e-01
8.23913302e-01  6.47769521e-01  7.20102575e-01  9.45619530e-01  4.36387298e-01  7.21181059e-01
8.33623440e-01  4.43512660e-01  8.24770576e-01  9.31024155e-01  3.34817219e-01  8.39083812e-01
8.54664688e-01  6.13941319e-01  6.37571409e-01  9.58118673e-01  4.36236799e-01  6.40531225e-01
9.29200922e-01  3.84318365e-01  5.38179359e-01  9.73632172e-01  3.28079487e-01  5.67407878e-01
8.35770555e-01  8.08545031e-01  5.70795908e-01  9.60601637e-01  7.49140380e-01  5.49785765e-01
8.07340942e-01  3.91928511e-01  9.49087442e-01  9.14566407e-01  2.77964608e-01  9.57724161e-01
7.80294410e-01  5.47929434e-01  9.36215034e-01  9.15152603e-01  3.34307994e-01  9.40490987e-01
8.90905097e-01  2.87603659e-01  7.33982070e-01  9.47156154e-01  2.17789386e-01  7.63079307e-01
8.93270104e-01  7.06492808e-01  4.43224196e-01  9.83529261e-01  6.72873561e-01  4.20967745e-01
7.43577935e-01  6.82100720e-01  9.71114977e-01  9.06683559e-01  4.31469104e-01  9.71579348e-01
9.04660434e-01  6.14307539e-01  4.66518880e-01  9.76462227e-01  6.74079808e-01  4.66006140e-01
9.75794041e-01  3.42353579e-01  4.07023644e-01  9.95450277e-01  2.83273617e-01  4.37666356e-01
8.28981780e-01  7.52559261e-01  6.32067922e-01  9.51133353e-01  6.96376170e-01  6.23647912e-01
8.51061730e-01  8.73100141e-01  4.74992076e-01  9.73064233e-01  9.07087466e-01  4.32085346e-01
8.50822745e-01  2.16044091e-01  9.19223986e-01  9.23230337e-01  1.42796201e-01  9.34474346e-01
9.60954931e-01  3.05259567e-01  4.83047436e-01  9.82103854e-01  2.88368317e-01  5.22566999e-01
9.00147651e-01  2.44678580e-01  7.31373109e-01  9.49613359e-01  1.53339392e-01  7.62729996e-01
7.55284858e-01  6.98260002e-01  9.20208428e-01  9.13013407e-01  4.75548248e-01  9.20438025e-01
7.88927831e-01  4.30697278e-01  9.85837574e-01  9.09388650e-01  2.77499452e-01  9.91046659e-01
7.65086621e-01  5.76859523e-01  9.68651181e-01  9.07537718e-01  4.05587727e-01  9.72289548e-01
8.22289493e-01  6.98395111e-01  6.91186369e-01  9.44274539e-01  6.00206441e-01  6.90118921e-01
7.83341345e-01  4.84908886e-01  9.68337820e-01  9.12241113e-01  2.77316819e-01  9.72793965e-01
8.97159303e-01  6.82667719e-01  4.46014736e-01  9.79768501e-01  7.29843613e-01  4.31466421e-01
7.99369351e-01  6.51530089e-01  8.01121499e-01  9.29488921e-01  5.17762270e-01  8.04667982e-01
8.64066858e-01  4.67606190e-01  7.04499021e-01  9.48055840e-01  3.66525366e-01  7.22259900e-01
8.10640883e-01  3.19883568e-01  9.86437999e-01  9.12539578e-01  1.84921579e-01  9.92973789e-01
7.68525719e-01  7.03454803e-01  8.71462672e-01  9.21463348e-01  4.57607133e-01  8.70529070e-01
7.82942091e-01  4.88445263e-01  9.67313760e-01  9.09141890e-01  3.59131406e-01  9.73109009e-01
8.27609464e-01  6.53314612e-01  7.03731515e-01  9.45254289e-01  5.10667962e-01  7.05761866e-01
8.32354837e-01  4.28049718e-01  8.39541376e-01  9.31165100e-01  2.73547386e-01  8.52830747e-01
7.42526571e-01  6.70188611e-01  9.82746935e-01  9.05168626e-01  4.22274575e-01  9.83495134e-01
8.47811569e-01  2.39842203e-01  9.13748788e-01  9.23120216e-01  1.70516358e-01  9.29068912e-01
7.59599119e-01  6.94608074e-01  9.07932611e-01  9.15507267e-01  4.60824437e-01  9.07962837e-01
8.66011568e-01  3.86563049e-01  7.52248579e-01  9.42087172e-01  3.07909535e-01  7.74042375e-01
9.43167186e-01  2.44079620e-01  5.84803739e-01  9.69399969e-01  1.89858608e-01  6.27086793e-01
9.65726441e-01  2.39716190e-01  5.10678237e-01  9.80074699e-01  1.98210645e-01  5.56622927e-01
8.20540323e-01  5.74696882e-01  7.80642187e-01  9.37877473e-01  3.65920791e-01  7.87171831e-01
7.65199598e-01  5.79947646e-01  9.66182160e-01  9.10393149e-01  3.44012262e-01  9.68698522e-01
8.48099642e-01  8.10907130e-01  5.27081388e-01  9.70527507e-01  6.98815322e-01  4.98155928e-01
9.20732796e-01  4.98527989e-01  4.89740990e-01  9.80914362e-01  4.03282357e-01  5.02201919e-01
8.25054045e-01  8.60259081e-01  5.72509770e-01  9.60043742e-01  7.87584305e-01  5.44171555e-01
7.38910711e-01  7.12374920e-01  9.66629448e-01  9.06218520e-01  4.64956009e-01  9.66554590e-01
7.61202649e-01  8.06558033e-01  8.26901180e-01  9.25966449e-01  5.51161592e-01  8.19274807e-01
8.03909394e-01  5.18879833e-01  8.75132086e-01  9.21415793e-01  4.02269958e-01  8.84066551e-01
8.78838160e-01  7.36654238e-01  4.72174879e-01  9.77654246e-01  7.09871692e-01  4.49802417e-01
9.70816491e-01  2.40222338e-01  4.92947453e-01  9.82290690e-01  2.10050537e-01  5.39578723e-01
8.08207382e-01  7.23337251e-01  7.22465913e-01  9.39004603e-01  6.16063184e-01  7.20128532e-01
7.58759243e-01  7.72114014e-01  8.58494714e-01  9.21476290e-01  5.25894933e-01  8.54116877e-01
9.33922460e-01  3.00849386e-01  5.78077509e-01  9.68864393e-01  2.52614300e-01  6.15516056e-01
8.24785904e-01  2.68826078e-01  9.72565319e-01  9.14630294e-01  1.76799867e-01  9.81505581e-01
8.22909509e-01  2.65344663e-01  9.81327192e-01  9.14635910e-01  1.45149072e-01  9.89038128e-01
8.56020193e-01  3.01062238e-01  8.44385286e-01  9.32379672e-01  1.96677135e-01  8.63421796e-01
9.09889946e-01  5.62537037e-01  4.83887015e-01  9.79017867e-01  5.12974455e-01  4.88653763e-01
8.63240919e-01  2.01383680e-01  8.86687993e-01  9.28302617e-01  1.27402200e-01  9.05621009e-01
8.83488152e-01  6.46111446e-01  5.17389314e-01  9.74856317e-01  5.28742794e-01  5.11058132e-01
8.87655311e-01  7.20487154e-01  4.52962297e-01  9.79041449e-01  7.45986366e-01  4.32269678e-01
8.43784865e-01  9.13089866e-01  4.72866347e-01  9.71123576e-01  9.92735547e-01  4.24052934e-01
8.14146570e-01  7.80576775e-01  6.63548088e-01  9.51406638e-01  5.76094104e-01  6.50139613e-01
8.93297202e-01  2.74178583e-01  7.34869909e-01  9.48936338e-01  1.66882485e-01  7.63834001e-01
9.55032304e-01  4.23140776e-01  4.23435444e-01  9.89339146e-01  4.15613806e-01  4.45218018e-01
7.76533410e-01  8.02154978e-01  7.77493029e-01  9.33358811e-01  5.66236724e-01  7.68255092e-01
8.54107247e-01  2.52801996e-01  8.83193802e-01  9.28265454e-01  1.49824197e-01  9.00497730e-01
7.61636253e-01  6.98034856e-01  8.98659353e-01  9.16434432e-01  4.74734459e-01  8.98689641e-01
8.47504891e-01  3.60251962e-01  8.33234974e-01  9.31376899e-01  2.72755953e-01  8.51144703e-01
8.36072060e-01  3.29952808e-01  8.92747272e-01  9.25924184e-01  1.88311363e-01  9.06311746e-01
7.98128534e-01  5.74455540e-01  8.57376503e-01  9.22976089e-01  4.42962675e-01  8.64328047e-01
9.50529720e-01  4.68483558e-01  4.08219927e-01  9.93227544e-01  4.17050514e-01  4.19934924e-01
8.53218725e-01  2.23059400e-01  9.06302639e-01  9.24892199e-01  1.47616953e-01  9.22662118e-01
8.01646728e-01  8.53911228e-01  6.56763889e-01  9.49350020e-01  6.90121427e-01  6.36064850e-01
9.78945449e-01  2.75045936e-01  4.41677273e-01  9.89953077e-01  2.37617965e-01  4.83841412e-01
7.79051378e-01  5.21256513e-01  9.58464263e-01  9.12746851e-01  3.06474794e-01  9.62577595e-01
7.38304766e-01  7.25435194e-01  9.59885488e-01  9.07161790e-01  4.69962414e-01  9.59307088e-01
8.32285884e-01  8.76535956e-01  5.36818605e-01  9.63616749e-01  8.64349245e-01  5.02899247e-01
8.40085855e-01  6.87692417e-01  6.37907228e-01  9.56894483e-01  5.02366399e-01  6.33087240e-01
8.04553775e-01  4.54130120e-01  9.16928920e-01  9.19701936e-01  2.79466449e-01  9.24941604e-01
7.96387474e-01  3.98938529e-01  9.81784100e-01  9.11812011e-01  2.28274488e-01  9.87273693e-01
8.66740206e-01  6.87102941e-01  5.46943536e-01  9.63291533e-01  7.07937806e-01  5.42385236e-01
9.16203524e-01  5.34322687e-01  4.81059159e-01  9.77392580e-01  5.41984073e-01  4.91624756e-01
8.39317144e-01  2.55916800e-01  9.31626040e-01  9.20269721e-01  1.79014525e-01  9.44803552e-01
7.65932032e-01  7.28889118e-01  8.63159384e-01  9.22204721e-01  4.78171370e-01  8.60856437e-01
8.07875011e-01  6.56970272e-01  7.68389708e-01  9.34155044e-01  5.31015118e-01  7.71570254e-01
8.55899253e-01  2.42300675e-01  8.84158403e-01  9.28657596e-01  1.34763556e-01  9.01583839e-01
8.30829022e-01  5.25137885e-01  7.79233238e-01  9.39056360e-01  3.28746449e-01  7.89016364e-01
8.53417619e-01  1.86187713e-01  9.30508178e-01  9.22143646e-01  1.26276043e-01  9.45394978e-01
9.55888288e-01  2.82253146e-01  5.15584101e-01  9.79803527e-01  2.09060506e-01  5.55767832e-01
8.24443446e-01  9.49967631e-01  5.14057860e-01  9.66743661e-01  9.42568671e-01  4.64140456e-01
8.40587969e-01  2.16301745e-01  9.54021259e-01  9.18652497e-01  1.35447565e-01  9.65594742e-01
9.03662591e-01  3.66874723e-01  6.37199252e-01  9.59270802e-01  3.00830992e-01  6.66036153e-01
8.12377941e-01  9.12933482e-01  5.80270424e-01  9.58841918e-01  8.16992803e-01  5.44847920e-01
7.42047538e-01  7.53510376e-01  9.28149884e-01  9.12390074e-01  4.70241903e-01  9.25705044e-01
9.31392752e-01  2.83813776e-01  5.98215915e-01  9.66182504e-01  2.36934485e-01  6.36466795e-01
9.09067691e-01  5.94896302e-01  4.64561428e-01  9.78778103e-01  6.14888536e-01  4.65305831e-01
8.22695907e-01  2.88487239e-01  9.66436532e-01  9.14723135e-01  1.98491090e-01  9.75723124e-01
8.15453591e-01  7.89204492e-01  6.53260110e-01  9.52114619e-01  6.04826751e-01  6.38728227e-01
9.40662402e-01  4.89950419e-01  4.27443525e-01  9.90651146e-01  4.15303829e-01  4.36877169e-01
8.00487346e-01  7.02332240e-01  7.63315090e-01  9.33614733e-01  5.81867637e-01  7.63392791e-01
8.21414968e-01  4.41273823e-01  8.67994897e-01  9.26877220e-01  2.78616942e-01  8.79121433e-01
7.97417030e-01  8.12551507e-01  6.99126512e-01  9.44847788e-01  6.06040452e-01  6.85047077e-01
7.71415775e-01  5.52436770e-01  9.63508490e-01  9.08302595e-01  4.02762910e-01  9.68058954e-01
9.67876927e-01  3.44436001e-01  4.32665355e-01  9.89686015e-01  3.20624472e-01  4.65706389e-01
8.15273970e-01  9.85789462e-01  5.21210934e-01  9.66438150e-01  9.45589696e-01  4.65377585e-01
8.83013463e-01  6.81093871e-01  4.95701436e-01  9.72186153e-01  7.03247413e-01  4.86974677e-01
7.88681469e-01  8.21560590e-01  7.22892305e-01  9.41607478e-01  5.92576258e-01  7.09049850e-01
9.36727936e-01  2.66159042e-01  5.92200855e-01  9.68316644e-01  2.01356817e-01  6.31802560e-01
8.84099023e-01  5.53797755e-01  5.77597162e-01  9.63076588e-01  5.17942878e-01  5.89194388e-01
7.67168316e-01  7.20972989e-01  8.64276747e-01  9.20000839e-01  5.26211886e-01  8.63504800e-01
9.35630948e-01  5.02030798e-01  4.36777984e-01  9.83614647e-01  5.51461418e-01  4.49968013e-01
8.10551030e-01  5.79513679e-01  8.11519401e-01  9.29389488e-01  4.59136509e-01  8.19324421e-01
8.20963816e-01  2.83919522e-01  9.75735875e-01  9.13596064e-01  1.95230975e-01  9.84248813e-01
8.07786604e-01  3.58900690e-01  9.69856045e-01  9.12394128e-01  2.52678579e-01  9.77704195e-01
9.95623830e-01  2.76815837e-01  3.83504963e-01  9.97618606e-01  2.78996416e-01  4.24781785e-01
8.35765702e-01  8.60178850e-01  5.35968376e-01  9.63682223e-01  8.55147933e-01  5.04679462e-01
9.07455156e-01  6.21844620e-01  4.52183113e-01  9.79970143e-01  6.57713143e-01  4.47937182e-01
7.98715479e-01  8.83812771e-01  6.46599806e-01  9.51139786e-01  7.05105408e-01  6.21002515e-01
8.26085062e-01  5.35581924e-01  7.88093547e-01  9.33384598e-01  4.35877986e-01  7.99261161e-01
8.36624207e-01  5.78241723e-01  7.23595900e-01  9.45503204e-01  3.98917351e-01  7.30886943e-01
7.59175765e-01  7.61219044e-01  8.64424751e-01  9.21543753e-01  4.97841458e-01  8.60392382e-01
8.58709027e-01  5.38043667e-01  6.75270627e-01  9.53705104e-01  3.66605009e-01  6.86006580e-01
8.60941536e-01  5.14907794e-01  6.83255949e-01  9.51683559e-01  3.75942065e-01  6.96740065e-01
7.93128954e-01  6.62769233e-01  8.14857637e-01  9.27172050e-01  5.25271415e-01  8.17732933e-01
8.36210873e-01  6.56222086e-01  6.72382188e-01  9.47729739e-01  5.73215408e-01  6.74928238e-01
7.92785119e-01  8.09399384e-01  7.17078561e-01  9.41430757e-01  6.14971386e-01  7.04828264e-01
9.02875661e-01  6.31121170e-01  4.61270657e-01  9.83230252e-01  5.50014295e-01  4.52262663e-01
8.84498378e-01  5.55129106e-01  5.75632437e-01  9.64329113e-01  4.98370453e-01  5.86357670e-01
9.61223455e-01  4.06658579e-01  4.13407187e-01  9.92932518e-01  3.60283710e-01  4.35400801e-01
8.15391323e-01  5.02289873e-01  8.47397134e-01  9.28430160e-01  3.30171623e-01  8.56832784e-01
9.12824187e-01  4.48504928e-01  5.50813920e-01  9.72385038e-01  3.44485953e-01  5.71483827e-01
8.32143050e-01  2.56140332e-01  9.56286872e-01  9.18275252e-01  1.43930717e-01  9.66502743e-01
8.25264667e-01  7.38530956e-01  6.53936140e-01  9.47913714e-01  6.77540284e-01  6.48285609e-01
7.64024769e-01  7.15756307e-01  8.78538247e-01  9.18591148e-01  5.03957976e-01  8.77868143e-01
8.47249759e-01  8.14900428e-01  5.27587958e-01  9.69895289e-01  7.16132103e-01  4.98587021e-01
7.56508538e-01  6.11805712e-01  9.74374936e-01  9.04742075e-01  4.58115265e-01  9.77660675e-01
8.49355818e-01  8.55792859e-01  4.92499696e-01  9.73917259e-01  7.98680382e-01  4.52535593e-01
9.23149351e-01  3.51393788e-01  5.80773818e-01  9.67146013e-01  3.07694728e-01  6.13367015e-01
9.01391407e-01  2.80567117e-01  7.03202752e-01  9.53530367e-01  1.70741034e-01  7.33962003e-01
8.70100670e-01  7.57613047e-01  4.87881664e-01  9.74569818e-01  7.31033333e-01  4.64525431e-01
8.12925538e-01  3.37208483e-01  9.66937621e-01  9.13642897e-01  2.29420073e-01  9.75256047e-01
9.85124562e-01  2.88405064e-01  4.11552752e-01  9.92865128e-01  2.90655417e-01  4.52482028e-01
8.37086645e-01  2.00339091e-01  9.76758882e-01  9.15662702e-01  1.28904279e-01  9.86336631e-01
8.29501160e-01  8.88750582e-01  5.38089927e-01  9.66162280e-01  8.07998602e-01  5.00046730e-01
8.08081163e-01  7.76402350e-01  6.87385483e-01  9.47613611e-01  5.71845694e-01  6.76000561e-01
8.60024959e-01  2.62639135e-01  8.56335181e-01  9.31003548e-01  1.78197721e-01  8.76150459e-01
9.50794554e-01  4.45144808e-01  4.23064340e-01  9.90222645e-01  4.11550116e-01  4.40523070e-01
7.50115281e-01  7.51876023e-01  9.01984708e-01  9.15154913e-01  5.07153826e-01  8.99661210e-01
8.11169596e-01  3.68173247e-01  9.52337264e-01  9.16775047e-01  2.09898849e-01  9.60350622e-01
7.99601978e-01  7.59516928e-01  7.27452313e-01  9.42296524e-01  5.31427436e-01  7.19252120e-01
8.99501633e-01  2.81831996e-01  7.08804888e-01  9.50848386e-01  2.16727253e-01  7.40168066e-01
8.65507745e-01  7.75840475e-01  4.91272181e-01  9.71026737e-01  8.12129300e-01  4.67859158e-01
8.64821481e-01  4.56160980e-01  7.09644328e-01  9.46669484e-01  3.77028458e-01  7.28640503e-01
7.60714201e-01  5.69095804e-01  9.88830892e-01  9.04223220e-01  4.10674733e-01  9.92333070e-01
9.24591663e-01  5.65146951e-01  4.31602026e-01  9.83436721e-01  6.18349012e-01  4.34598769e-01
8.13635654e-01  4.63593859e-01  8.79212093e-01  9.22274625e-01  3.54125484e-01  8.90070384e-01
8.38641008e-01  7.76858371e-01  5.82372247e-01  9.58610789e-01  7.29774471e-01  5.67185508e-01
8.41211858e-01  6.61515774e-01  6.51724984e-01  9.54116127e-01  5.02168202e-01  6.50954834e-01
8.62126474e-01  2.39023885e-01  8.65092703e-01  9.30656046e-01  1.51302445e-01  8.84810668e-01
9.03792974e-01  3.08672168e-01  6.75732859e-01  9.54571410e-01  2.50954300e-01  7.07587486e-01
7.58119559e-01  5.99108617e-01  9.77439853e-01  9.04640055e-01  4.47306235e-01  9.80899787e-01
7.53973337e-01  6.01255238e-01  9.90158139e-01  9.02605661e-01  4.49679465e-01  9.93381374e-01
7.63061733e-01  7.26052811e-01  8.74880232e-01  9.19959581e-01  4.86919527e-01  8.73165131e-01
8.55631435e-01  8.66065150e-01  4.64127656e-01  9.73409404e-01  9.40617441e-01  4.21854075e-01
7.57799192e-01  6.42067993e-01  9.49540961e-01  9.08649702e-01  4.60488964e-01  9.52028693e-01
8.34387842e-01  5.03522808e-01  7.81661289e-01  9.38911891e-01  3.16547312e-01  7.92860059e-01
8.42334165e-01  7.14968103e-01  6.11520110e-01  9.53958321e-01  6.88717287e-01  6.06843367e-01
8.14180433e-01  3.61469292e-01  9.46276352e-01  9.17793801e-01  2.03341218e-01  9.54867410e-01
7.74005177e-01  6.13561374e-01  9.13407215e-01  9.13531363e-01  4.72836615e-01  9.17764219e-01
9.53272990e-01  4.57923707e-01  4.05973904e-01  9.91649921e-01  4.54758671e-01  4.21037070e-01
8.34627870e-01  5.57969671e-01  7.43797871e-01  9.39150531e-01  4.67951864e-01  7.54608775e-01
7.75903841e-01  5.78575406e-01  9.30531959e-01  9.11812238e-01  4.44140528e-01  9.35652939e-01
9.90738750e-01  3.00292095e-01  3.84351800e-01  9.98140329e-01  2.79624624e-01  4.21285323e-01
9.48089814e-01  4.84711918e-01  4.05604117e-01  9.90713703e-01  4.96949135e-01  4.16953579e-01
8.65598616e-01  2.53832355e-01  8.43235719e-01  9.34037920e-01  1.47167755e-01  8.64107625e-01
7.81067930e-01  5.62977953e-01  9.23414137e-01  9.13287049e-01  4.31685635e-01  9.29171523e-01
8.35573789e-01  7.88514776e-01  5.84985041e-01  9.58085668e-01  7.38484275e-01  5.68470932e-01
8.87572745e-01  3.98131644e-01  6.71076270e-01  9.55053418e-01  2.92457995e-01  6.95088413e-01
7.50550079e-01  6.19658680e-01  9.89435654e-01  9.05863403e-01  3.72889197e-01  9.90848082e-01
9.27314254e-01  3.28003727e-01  5.82329199e-01  9.67779820e-01  2.75875821e-01  6.16910225e-01
7.59538964e-01  7.01491326e-01  9.03492788e-01  9.16197776e-01  4.62453206e-01  9.03144327e-01
7.68982304e-01  7.84399778e-01  8.15275126e-01  9.28866713e-01  5.19410615e-01  8.08264662e-01
8.66182662e-01  4.66280547e-01  6.97866791e-01  9.47952280e-01  3.90932611e-01  7.16571116e-01
8.36185929e-01  8.15355343e-01  5.65078836e-01  9.60802101e-01  7.74133678e-01  5.43040577e-01
8.86110872e-01  5.79922215e-01  5.53392635e-01  9.67689157e-01  5.18016514e-01  5.60109034e-01
8.52969011e-01  7.76615610e-01  5.33586546e-01  9.69799809e-01  6.65785764e-01  5.10721085e-01
8.02473075e-01  7.80731515e-01  7.03325317e-01  9.42315447e-01  6.35987786e-01  6.94128507e-01
8.44672220e-01  7.69959717e-01  5.66422812e-01  9.62377636e-01  7.01429272e-01  5.49803113e-01
8.10440141e-01  3.25457601e-01  9.83361409e-01  9.12053378e-01  2.08763545e-01  9.90391121e-01
9.42407388e-01  3.96347218e-01  4.84646474e-01  9.80127158e-01  3.79515657e-01  5.12933897e-01
8.02226495e-01  8.22413613e-01  6.76039510e-01  9.48348477e-01  6.19711539e-01  6.59324831e-01
8.73865320e-01  6.78024048e-01  5.28728412e-01  9.67875268e-01  6.67270403e-01  5.22709858e-01
8.18260600e-01  5.71548460e-01  7.90852398e-01  9.33284876e-01  4.41083354e-01  7.99172875e-01
8.63494390e-01  6.76163251e-01  5.65713057e-01  9.63067044e-01  6.34165420e-01  5.61981885e-01
8.41303928e-01  7.32469524e-01  6.03230411e-01  9.60458391e-01  5.76494339e-01  5.91986686e-01
7.84665462e-01  7.99211504e-01  7.51694924e-01  9.35671316e-01  6.11854515e-01  7.42514566e-01
9.58140214e-01  3.12298662e-01  4.87615395e-01  9.81232197e-01  2.94078722e-01  5.26275458e-01
8.49250874e-01  2.72752493e-01  8.86322481e-01  9.27660592e-01  1.57505018e-01  9.02540730e-01
9.51615946e-01  4.31165001e-01  4.29691940e-01  9.89222922e-01  3.99385028e-01  4.49843956e-01
8.59215432e-01  7.63698059e-01  5.20962978e-01  9.67605191e-01  7.60562325e-01  5.02134758e-01
8.92586336e-01  6.58903514e-01  4.77674316e-01  9.79865043e-01  5.80693001e-01  4.66510922e-01
8.48640522e-01  2.79965477e-01  8.83539848e-01  9.27808082e-01  1.65006880e-01  8.99800831e-01
9.22913526e-01  5.82603786e-01  4.25555170e-01  9.87436827e-01  5.63278349e-01  4.22110794e-01
7.73051141e-01  5.63491844e-01  9.50459244e-01  9.09476321e-01  4.24433688e-01  9.55348376e-01
8.74515814e-01  5.29666830e-01  6.26920493e-01  9.61149829e-01  3.66212337e-01  6.38350383e-01
7.53979344e-01  5.90872505e-01  9.97146029e-01  9.03776141e-01  3.92375919e-01  9.99576488e-01
8.67550599e-01  2.71175851e-01  8.24861102e-01  9.34908925e-01  1.94119776e-01  8.47293630e-01
9.02461529e-01  4.27783071e-01  5.99901800e-01  9.62580350e-01  3.82944705e-01  6.24657372e-01
8.67724198e-01  7.26517959e-01  5.16984353e-01  9.72328533e-01  6.41717219e-01  5.00257310e-01
8.35549442e-01  4.53847642e-01  8.10918603e-01  9.35380197e-01  2.78847695e-01  8.24010517e-01
8.31309571e-01  6.62430546e-01  6.84937422e-01  9.44838760e-01  5.97164454e-01  6.87744241e-01
8.06666363e-01  6.69695658e-01  7.63931104e-01  9.33953488e-01  5.57535213e-01  7.66521563e-01
9.77376712e-01  3.06104290e-01  4.26078009e-01  9.91220664e-01  2.85505859e-01  4.64260687e-01
9.15063968e-01  3.86275779e-01  5.84857297e-01  9.65885596e-01  3.39515807e-01  6.13842308e-01
8.53003861e-01  6.54141253e-01  6.16117168e-01  9.60654897e-01  4.78945786e-01  6.14051667e-01
8.81800294e-01  4.15136936e-01  6.79024311e-01  9.54819021e-01  2.73787457e-01  7.00539477e-01
8.84490542e-01  7.16281573e-01  4.66611890e-01  9.73487000e-01  8.14439203e-01  4.51527113e-01
8.57927966e-01  7.07128593e-01  5.63833669e-01  9.61352936e-01  7.00277468e-01  5.57167651e-01
8.40188051e-01  7.51684445e-01  5.94372724e-01  9.56009845e-01  7.30424673e-01  5.84229022e-01
8.19957147e-01  8.07670265e-01  6.25411604e-01  9.52565553e-01  7.16352476e-01  6.09168438e-01
9.24094188e-01  2.88519777e-01  6.19975363e-01  9.64925442e-01  1.91437376e-01  6.55408616e-01
9.38214463e-01  3.99521974e-01  4.96828484e-01  9.78605324e-01  3.71297710e-01  5.24659768e-01
8.38508956e-01  8.38455746e-01  5.41553613e-01  9.63426915e-01  8.24965765e-01  5.14050724e-01
8.48857147e-01  2.45735654e-01  9.06199090e-01  9.24896604e-01  1.53707015e-01  9.21694395e-01
8.70889235e-01  7.29795206e-01  5.03959231e-01  9.67946396e-01  7.99412549e-01  4.90656748e-01
7.23673375e-01  7.61526223e-01  9.85520475e-01  9.03420340e-01  4.66425559e-01  9.84151319e-01
8.49431327e-01  3.44261529e-01  8.37444560e-01  9.31132299e-01  2.59956259e-01  8.55774291e-01
9.60967052e-01  4.47434367e-01  3.86767267e-01  9.96835292e-01  4.04346052e-01  3.99833239e-01
7.96675376e-01  6.75754053e-01  7.94277017e-01  9.33072687e-01  4.66009749e-01  7.94573419e-01
9.14798313e-01  6.29736269e-01  4.21473231e-01  9.81496833e-01  7.51458708e-01  4.15212788e-01
8.14052324e-01  5.39418376e-01  8.26914653e-01  9.30077140e-01  3.75351394e-01  8.35465407e-01
8.85794089e-01  2.79625743e-01  7.56828533e-01  9.45739383e-01  1.69389815e-01  7.83739818e-01
9.34071020e-01  4.16935191e-01  4.99233327e-01  9.79810615e-01  3.43936061e-01  5.23471717e-01
8.66053010e-01  7.59428067e-01  5.00484524e-01  9.67081626e-01  8.54072279e-01  4.83133418e-01
8.46743647e-01  8.65413539e-01  4.94931107e-01  9.68841430e-01  9.12854552e-01  4.57790726e-01
8.84011060e-01  7.33361289e-01  4.56724289e-01  9.74595982e-01  8.42334831e-01  4.37744110e-01
9.24236400e-01  3.77934588e-01  5.59149749e-01  9.69698492e-01  3.38885450e-01  5.89537451e-01
8.44904033e-01  9.01441897e-01  4.76903177e-01  9.70830990e-01  9.72507899e-01  4.30766191e-01
9.15876106e-01  2.36321276e-01  6.83574653e-01  9.55901146e-01  1.66679154e-01  7.19727114e-01
8.43910271e-01  4.29371722e-01  7.99168020e-01  9.36066405e-01  3.00306217e-01  8.14994765e-01
7.85067152e-01  6.24151698e-01  8.68465883e-01  9.23746622e-01  3.93647564e-01  8.71178114e-01
9.79974608e-01  3.71097107e-01  3.73345319e-01  1.00024451e+00  3.23657817e-01  3.97260613e-01
7.69440926e-01  5.41699696e-01  9.77801957e-01  9.08817286e-01  3.36553851e-01  9.81106798e-01
8.41957693e-01  3.17712153e-01  8.81195548e-01  9.25730181e-01  2.34207433e-01  8.97098087e-01
7.52019933e-01  7.75844477e-01  8.79003554e-01  9.18837705e-01  5.10530390e-01  8.74715057e-01
8.14044792e-01  6.03681731e-01  7.83571205e-01  9.35267718e-01  4.30119536e-01  7.89076493e-01
8.58174181e-01  6.83572117e-01  5.78591236e-01  9.60170523e-01  6.54043822e-01  5.75289842e-01
8.11251040e-01  8.31406446e-01  6.39138075e-01  9.52259694e-01  6.80676600e-01  6.19660835e-01
7.68566353e-01  6.64577056e-01  8.97560613e-01  9.15763923e-01  4.88520816e-01  8.99693742e-01
8.32735918e-01  3.27926951e-01  9.05513341e-01  9.24051662e-01  1.88838382e-01  9.18196369e-01
8.17241634e-01  4.57230459e-01  8.71484987e-01  9.25842915e-01  2.94872637e-01  8.81868471e-01
8.27679705e-01  6.69964394e-01  6.91956701e-01  9.43440623e-01  6.05018968e-01  6.94316889e-01
8.31760525e-01  6.17617959e-01  7.13639566e-01  9.45693023e-01  4.47477274e-01  7.18057870e-01
8.08256974e-01  5.53190994e-01  8.37121756e-01  9.26092901e-01  4.36857903e-01  8.45796297e-01
8.24728582e-01  8.86899154e-01  5.55644073e-01  9.61570045e-01  8.39795595e-01  5.21897618e-01
7.71005573e-01  5.10522638e-01  9.93199669e-01  9.06362271e-01  3.34252757e-01  9.96887289e-01
7.77996887e-01  7.61320716e-01  8.00050286e-01  9.30255768e-01  5.38269576e-01  7.94845630e-01
8.34750035e-01  2.70540574e-01  9.37361623e-01  9.19680093e-01  1.75535349e-01  9.49417492e-01
8.69055636e-01  8.08426329e-01  4.57459653e-01  9.73904518e-01  9.14301460e-01  4.25487765e-01
8.69879141e-01  5.60331918e-01  6.21769593e-01  9.61203958e-01  3.97121784e-01  6.30095449e-01
8.45617044e-01  8.71937196e-01  4.94377934e-01  9.71514341e-01  8.58336814e-01  4.53682952e-01
9.21599391e-01  5.84190222e-01  4.28974121e-01  9.87190777e-01  5.56205661e-01  4.25380079e-01
9.21827623e-01  2.36178699e-01  6.63039704e-01  9.57858476e-01  1.89038593e-01  7.01309478e-01
9.34138868e-01  3.02948674e-01  5.75921517e-01  9.69022118e-01  2.57586918e-01  6.13315391e-01
9.34813495e-01  3.54663869e-01  5.38718607e-01  9.75257494e-01  2.70007461e-01  5.70352300e-01
7.50008598e-01  6.55492451e-01  9.67100275e-01  9.06909602e-01  4.37843488e-01  9.68605184e-01
8.45264663e-01  3.14077838e-01  8.72052209e-01  9.28907369e-01  1.85060611e-01  8.87954523e-01
7.77926199e-01  7.29299967e-01  8.21901931e-01  9.28296775e-01  4.90162448e-01  8.18914147e-01
8.02904549e-01  5.84051875e-01  8.34581904e-01  9.25697704e-01  4.64244672e-01  8.41782335e-01
8.25700940e-01  3.07750371e-01  9.43167936e-01  9.18791472e-01  1.82216953e-01  9.53519523e-01
9.33847749e-01  2.30844239e-01  6.25871818e-01  9.63455966e-01  1.84110390e-01  6.67102594e-01
8.65324363e-01  2.56345811e-01  8.42475782e-01  9.32583114e-01  1.86392263e-01  8.64059444e-01
9.73333245e-01  2.66201747e-01  4.66818325e-01  9.86260874e-01  2.26134442e-01  5.10268564e-01
8.07722367e-01  4.43340513e-01  9.13085361e-01  9.18001693e-01  3.31928322e-01  9.22785494e-01
8.36141366e-01  7.82254244e-01  5.87569145e-01  9.60545426e-01  6.68036446e-01  5.70056193e-01
8.09530378e-01  4.07549286e-01  9.31064619e-01  9.18628446e-01  2.44575444e-01  9.39653663e-01
9.78835641e-01  2.99683571e-01  4.25724529e-01  9.91093816e-01  2.87659803e-01  4.65076039e-01
8.31747701e-01  2.86718363e-01  9.36701312e-01  9.19013740e-01  1.96788395e-01  9.48609451e-01
8.70492175e-01  7.15946484e-01  5.14661268e-01  9.68123394e-01  7.42500932e-01  5.03129805e-01
8.01968385e-01  4.77720328e-01  9.09542457e-01  9.17668956e-01  3.59360084e-01  9.18360101e-01
7.92584473e-01  6.67028378e-01  8.13843500e-01  9.27076241e-01  5.32798880e-01  8.16547485e-01
9.16024100e-01  2.21927475e-01  6.92484364e-01  9.54072737e-01  1.72953038e-01  7.29437515e-01
8.59214728e-01  2.84816816e-01  8.44136644e-01  9.33269834e-01  1.69815528e-01  8.63618610e-01
8.61375579e-01  7.01177020e-01  5.55773607e-01  9.62037166e-01  7.10779063e-01  5.49751203e-01
8.72078987e-01  7.41618782e-01  4.91916554e-01  9.76603810e-01  6.55685360e-01  4.69496356e-01
9.00258951e-01  2.03356338e-01  7.58878645e-01  9.45170283e-01  1.54057694e-01  7.91056288e-01
9.10376859e-01  5.00090426e-01  5.24363772e-01  9.74771569e-01  4.17048525e-01  5.38826131e-01
8.08713960e-01  4.62035513e-01  8.97081530e-01  9.22952616e-01  2.71126664e-01  9.05568649e-01
9.20087335e-01  4.37342615e-01  5.33532749e-01  9.73541453e-01  3.76055676e-01  5.56517933e-01
9.97155234e-01  2.93676942e-01  3.66895282e-01  9.99184306e-01  3.17948628e-01  4.05425720e-01
8.97190996e-01  3.85500018e-01  6.46442669e-01  9.59619463e-01  2.64622962e-01  6.71940997e-01
9.54167614e-01  2.69352548e-01  5.30167978e-01  9.77648209e-01  2.00652726e-01  5.71602239e-01
8.37999915e-01  7.95334815e-01  5.72093960e-01  9.59375797e-01  7.64625082e-01  5.53945557e-01
8.97851374e-01  5.77340954e-01  5.15025140e-01  9.76181110e-01  4.66078339e-01  5.18061802e-01
8.57736614e-01  2.74468877e-01  8.56468060e-01  9.30950163e-01  1.83635611e-01  8.75709366e-01
9.46411337e-01  4.83661901e-01  4.12046996e-01  9.92385898e-01  4.32047686e-01  4.21747096e-01
9.68371558e-01  4.07202417e-01  3.88620149e-01  9.93988830e-01  4.33188129e-01  4.11193486e-01
9.45839471e-01  3.94233276e-01  4.74645823e-01  9.81531462e-01  3.84982036e-01  5.03136596e-01
8.84741008e-01  4.59243567e-01  6.39212727e-01  9.59853276e-01  3.17201930e-01  6.57868800e-01
9.61471185e-01  3.26453670e-01  4.66683881e-01  9.84673769e-01  2.98897180e-01  5.03049501e-01
9.07779778e-01  6.16453665e-01  4.54414320e-01  9.82533124e-01  5.83658662e-01  4.48689155e-01
7.76421371e-01  7.95290345e-01  7.82805906e-01  9.31511235e-01  5.89762022e-01  7.74996947e-01
9.21049496e-01  5.67140354e-01  4.42357929e-01  9.81513038e-01  6.21095896e-01  4.46280144e-01
7.38082799e-01  7.17459291e-01  9.66026615e-01  9.05851283e-01  4.77241274e-01  9.65972387e-01
9.69831388e-01  2.20039603e-01  5.09932399e-01  9.79867927e-01  1.95638899e-01  5.58564085e-01
9.41875809e-01  3.88736926e-01  4.91598089e-01  9.79647719e-01  3.60182927e-01  5.20631674e-01
8.95429858e-01  4.61219269e-01  6.01659751e-01  9.65281958e-01  3.29656417e-01  6.20588316e-01
8.63306760e-01  3.60712572e-01  7.79233367e-01  9.39857402e-01  2.59777754e-01  8.00370305e-01
7.95160042e-01  6.81763295e-01  7.95099733e-01  9.29721970e-01  5.44779545e-01  7.96712800e-01
8.53716285e-01  7.95268665e-01  5.18445776e-01  9.69886734e-01  7.39106885e-01  4.92631534e-01
8.59110657e-01  3.60143056e-01  7.93953813e-01  9.37100804e-01  2.74576821e-01  8.14512522e-01
7.68323205e-01  6.50634805e-01  9.07800689e-01  9.14072946e-01  4.88098213e-01  9.10640983e-01
8.42537013e-01  2.45691010e-01  9.27525711e-01  9.20938362e-01  1.75286313e-01  9.41406278e-01
8.55103248e-01  4.85018659e-01  7.23075596e-01  9.47739405e-01  3.09911444e-01  7.37310132e-01
7.94957547e-01  5.75152304e-01  8.67740681e-01  9.21702165e-01  4.35520627e-01  8.74278703e-01
7.56365611e-01  6.04175920e-01  9.80311920e-01  9.06765004e-01  3.85884536e-01  9.82474285e-01
8.35078177e-01  7.13928784e-01  6.37011216e-01  9.50949242e-01  6.59392758e-01  6.33155307e-01
7.78467062e-01  5.34639296e-01  9.51726264e-01  9.13093953e-01  3.27249366e-01  9.55900284e-01
9.46156297e-01  2.82102657e-01  5.48933258e-01  9.74316575e-01  2.18513920e-01  5.88700141e-01
9.24565595e-01  3.08260357e-01  6.05043367e-01  9.66694891e-01  2.10935605e-01  6.39397123e-01
9.32934384e-01  3.19831905e-01  5.68643674e-01  9.71701397e-01  2.27863115e-01  6.03238123e-01
8.92436777e-01  6.62967741e-01  4.75442648e-01  9.80187590e-01  5.85126314e-01  4.63382098e-01
9.69650315e-01  3.41364347e-01  4.28679731e-01  9.90199163e-01  3.21839582e-01  4.62124585e-01
9.36624573e-01  5.04620453e-01  4.31338126e-01  9.85603792e-01  5.26761983e-01  4.42599090e-01
9.83079066e-01  3.03993074e-01  4.08021792e-01  9.92804730e-01  3.15450351e-01  4.46940633e-01
8.40825219e-01  8.07085297e-01  5.54512140e-01  9.62433508e-01  7.72080473e-01  5.32551088e-01
9.70884927e-01  2.49872474e-01  4.86201646e-01  9.83283891e-01  2.16288656e-01  5.31716826e-01
8.87656711e-01  2.77779765e-01  7.52008009e-01  9.45362884e-01  1.97132984e-01  7.80037558e-01
8.70700401e-01  5.47820099e-01  6.27704152e-01  9.56571589e-01  4.81645077e-01  6.40113099e-01
8.46967134e-01  7.98709013e-01  5.39181886e-01  9.67466090e-01  7.11883427e-01  5.14666683e-01
8.70426714e-01  4.49611351e-01  6.94914686e-01  9.50882575e-01  3.26358693e-01  7.13733841e-01
8.45757133e-01  2.47690970e-01  9.15173748e-01  9.23669385e-01  1.50914840e-01  9.29716838e-01
7.72136084e-01  5.12153296e-01  9.88236935e-01  9.08555705e-01  2.98126181e-01  9.91456930e-01
8.76099812e-01  7.28709431e-01  4.87188892e-01  9.72210185e-01  7.70095631e-01  4.70836284e-01
7.64326078e-01  5.77326347e-01  9.70935031e-01  9.07742479e-01  3.91815485e-01  9.74269473e-01
9.01484701e-01  2.38194895e-01  7.31180463e-01  9.49512298e-01  1.54454112e-01  7.63111654e-01
8.27151051e-01  2.77279911e-01  9.58778533e-01  9.17591310e-01  1.52628689e-01  9.68292944e-01
9.76346826e-01  3.27255887e-01  4.15323082e-01  9.92187506e-01  3.17240244e-01  4.50471420e-01
8.71182937e-01  4.31449648e-01  7.04587143e-01  9.49166709e-01  3.25743747e-01  7.24886436e-01
9.87791844e-01  2.76538476e-01  4.10448310e-01  9.94046545e-01  2.59768512e-01  4.52290045e-01
8.40635146e-01  3.45009502e-01  8.66993708e-01  9.27130250e-01  2.53488624e-01  8.82990445e-01
9.65847502e-01  4.20279829e-01  3.88418219e-01  9.92728453e-01  4.72292437e-01  4.09927034e-01
9.71174480e-01  3.34517773e-01  4.28092820e-01  9.89384722e-01  3.38638492e-01  4.63331462e-01
8.40426123e-01  2.76993116e-01  9.13612132e-01  9.22317278e-01  1.94768705e-01  9.27902926e-01
7.97117129e-01  5.90696069e-01  8.49871490e-01  9.23081099e-01  4.72718092e-01  8.56539309e-01
8.01959346e-01  5.44428682e-01  8.64850448e-01  9.22960968e-01  4.10276044e-01  8.72757978e-01
7.83832227e-01  8.05720669e-01  7.50447438e-01  9.37243578e-01  5.83243629e-01  7.39788275e-01
8.85966800e-01  2.50924311e-01  7.75607582e-01  9.43144425e-01  1.58863417e-01  8.02901080e-01
7.61515190e-01  5.81321940e-01  9.77842042e-01  9.04994935e-01  4.34702569e-01  9.81637387e-01
8.21506219e-01  8.17652279e-01  6.13383519e-01  9.56394216e-01  6.79735394e-01  5.93367432e-01
8.32167905e-01  3.43391022e-01  8.97017444e-01  9.25014970e-01  1.98053217e-01  9.09814069e-01
7.49216427e-01  7.24986545e-01  9.22905695e-01  9.13028438e-01  4.69697411e-01  9.21740681e-01
9.17637532e-01  4.53195909e-01  5.31203850e-01  9.72452177e-01  4.19329588e-01  5.53157021e-01
8.13162182e-01  3.81672518e-01  9.36119750e-01  9.18182972e-01  2.33351361e-01  9.45194986e-01
9.34633141e-01  4.58033456e-01  4.69578883e-01  9.80145721e-01  4.73921638e-01  4.90241118e-01
8.97208096e-01  3.85875213e-01  6.46130358e-01  9.57016190e-01  3.28744422e-01  6.73305754e-01
7.66516774e-01  5.94428352e-01  9.51906949e-01  9.09252828e-01  4.29098790e-01  9.55666346e-01
8.32163038e-01  5.87280488e-01  7.32738111e-01  9.44718279e-01  3.86722582e-01  7.38837444e-01
8.80883388e-01  2.33213452e-01  8.05225356e-01  9.38225493e-01  1.73919828e-01  8.31367951e-01
9.18676754e-01  3.01315087e-01  6.29848957e-01  9.63602935e-01  1.93363300e-01  6.63430588e-01
7.96706025e-01  6.51654789e-01  8.10136869e-01  9.28028542e-01  5.19051657e-01  8.13726623e-01
8.99303250e-01  2.44964142e-01  7.34065297e-01  9.49198487e-01  1.54147425e-01  7.65197778e-01
8.04781003e-01  3.98279303e-01  9.53549088e-01  9.15779157e-01  2.32235946e-01  9.60880249e-01
8.24715222e-01  2.90882317e-01  9.58218815e-01  9.17429557e-01  1.62490429e-01  9.67489078e-01
9.04571072e-01  4.47709837e-01  5.79545621e-01  9.65223084e-01  4.06966656e-01  6.02479863e-01
7.75784999e-01  4.90702857e-01  9.90245108e-01  9.05642076e-01  3.61350418e-01  9.95027006e-01
7.62867920e-01  5.62116042e-01  9.86182631e-01  9.04608712e-01  4.10328192e-01  9.89943297e-01
8.83911106e-01  5.26918332e-01  5.96676982e-01  9.65603486e-01  3.73045612e-01  6.08151018e-01
1.00793690e+00  2.53993028e-01  3.56841293e-01  1.00205311e+00  2.62850280e-01  4.00200342e-01
7.99790036e-01  4.74119550e-01  9.19415557e-01  9.16232235e-01  3.57957967e-01  9.27910751e-01
8.35308323e-01  2.36772794e-01  9.58244592e-01  9.17038345e-01  1.63478231e-01  9.69245381e-01
9.34502181e-01  2.76716601e-01  5.92382704e-01  9.69029096e-01  1.86308927e-01  6.30314329e-01
8.16167416e-01  3.37587916e-01  9.55604323e-01  9.15255375e-01  2.29947060e-01  9.64787249e-01
8.47285229e-01  5.36850168e-01  7.14807661e-01  9.48171748e-01  3.49448642e-01  7.25082996e-01
8.60689746e-01  7.05266821e-01  5.55356728e-01  9.61690050e-01  7.23082279e-01  5.49035699e-01
8.36183728e-01  3.00512246e-01  9.12234441e-01  9.22168675e-01  2.07161192e-01  9.25892730e-01
8.06273602e-01  6.15435332e-01  8.02190172e-01  9.32132652e-01  4.39826048e-01  8.06863931e-01
7.56373322e-01  5.88518169e-01  9.90555819e-01  9.06387143e-01  3.51977283e-01  9.92489313e-01
8.59372034e-01  4.17067947e-01  7.54645084e-01  9.42980161e-01  2.89133347e-01  7.73321271e-01
8.49207047e-01  7.99587682e-01  5.30936006e-01  9.64459261e-01  8.16980119e-01  5.08822084e-01
7.96995174e-01  7.21728180e-01  7.62157899e-01  9.36236842e-01  5.29445550e-01  7.59109655e-01
8.44175933e-01  7.39064925e-01  5.89265377e-01  9.61787543e-01  6.06681161e-01  5.76760327e-01
7.47567890e-01  7.41232488e-01  9.17574525e-01  9.14361198e-01  4.60786495e-01  9.15322961e-01
8.15649988e-01  5.34807634e-01  8.24567294e-01  9.29686565e-01  3.92514665e-01  8.33866484e-01
8.89023702e-01  2.31842143e-01  7.78041131e-01  9.42971337e-01  1.49388809e-01  8.06276857e-01
8.37650150e-01  2.36556239e-01  9.50389012e-01  9.18369832e-01  1.57787569e-01  9.62065731e-01
8.49016087e-01  2.06107319e-01  9.32103739e-01  9.21997398e-01  1.27153482e-01  9.46123218e-01
8.49372817e-01  3.35617247e-01  8.43479403e-01  9.32851406e-01  1.93885695e-01  8.60546720e-01
9.13454054e-01  2.18985475e-01  7.03250361e-01  9.53075866e-01  1.58711671e-01  7.39236825e-01
8.95204770e-01  2.51536685e-01  7.43632228e-01  9.47373273e-01  1.67324275e-01  7.73753910e-01
8.31725900e-01  2.24799702e-01  9.78566934e-01  9.14981972e-01  1.42119301e-01  9.87542914e-01
9.26246350e-01  4.67479738e-01  4.91856666e-01  9.80232046e-01  3.92115159e-01  5.09248436e-01
8.28618073e-01  2.40094138e-01  9.78863423e-01  9.14612383e-01  1.51901440e-01  9.87574367e-01
9.66558779e-01  4.12864180e-01  3.91290420e-01  9.94228321e-01  4.23126413e-01  4.12580101e-01
8.82867595e-01  7.30080733e-01  4.62845008e-01  9.80250957e-01  6.83992991e-01  4.39335443e-01
8.01681286e-01  4.73017790e-01  9.13697239e-01  9.17344212e-01  3.51234690e-01  9.22386043e-01
7.58557182e-01  6.84235755e-01  9.18493239e-01  9.14866326e-01  4.33485960e-01  9.18611237e-01
9.15979523e-01  5.99269480e-01  4.37997354e-01  9.81880778e-01  6.52942344e-01  4.36306647e-01
7.61832120e-01  6.34028843e-01  9.41186783e-01  9.09811015e-01  4.62481983e-01  9.44103226e-01
8.13863198e-01  3.60670573e-01  9.48196953e-01  9.16890499e-01  2.21008781e-01  9.56953416e-01
8.10194663e-01  3.95484177e-01  9.36936726e-01  9.15840421e-01  2.90896079e-01  9.46460137e-01
9.09565745e-01  6.45486043e-01  4.28721280e-01  9.83538260e-01  6.86700382e-01  4.17603887e-01
9.42206550e-01  3.59557204e-01  5.10159099e-01  9.77543863e-01  3.24031973e-01  5.42769744e-01
7.66275818e-01  6.60743087e-01  9.07974741e-01  9.15231447e-01  4.60668174e-01  9.09769366e-01
8.69982907e-01  2.46551190e-01  8.33169291e-01  9.34219040e-01  1.76339498e-01  8.55970285e-01
8.14969221e-01  3.94968960e-01  9.20971882e-01  9.20822568e-01  2.24678967e-01  9.30337927e-01
8.54465778e-01  7.71089241e-01  5.32201683e-01  9.64914850e-01  7.82259414e-01  5.14202176e-01
7.61468998e-01  6.41219639e-01  9.37873648e-01  9.12917763e-01  4.01177905e-01  9.39352151e-01
7.55690219e-01  7.67563890e-01  8.72051391e-01  9.19469437e-01  5.20475734e-01  8.68284899e-01
9.65037045e-01  2.36403295e-01  5.15268965e-01  9.79092535e-01  2.03275133e-01  5.61711435e-01
7.39794021e-01  7.25881858e-01  9.54495976e-01  9.08777419e-01  4.51024792e-01  9.53472592e-01
9.02472543e-01  6.39340191e-01  4.57101303e-01  9.81419629e-01  6.14733797e-01  4.48400493e-01
8.17742650e-01  6.64666417e-01  7.29482192e-01  9.38437653e-01  5.79219080e-01  7.32575062e-01
8.80621222e-01  2.64640648e-01  7.84614613e-01  9.41710118e-01  1.66278178e-01  8.10327781e-01
8.18623729e-01  3.93614157e-01  9.09399191e-01  9.21896447e-01  2.39804133e-01  9.19833081e-01
8.80543971e-01  5.00621372e-01  6.25926173e-01  9.60312854e-01  3.76487200e-01  6.41261809e-01
7.69072811e-01  5.76575421e-01  9.55222242e-01  9.08424576e-01  4.34523465e-01  9.59681749e-01
8.70334578e-01  2.13778490e-01  8.54383269e-01  9.31875114e-01  1.55444051e-01  8.76517884e-01
9.73083009e-01  2.31194162e-01  4.91296609e-01  9.82183656e-01  2.13706944e-01  5.39390936e-01
9.33502497e-01  5.16039585e-01  4.34298297e-01  9.85090910e-01  5.34820814e-01  4.43961669e-01
9.16050641e-01  2.27717436e-01  6.88486415e-01  9.54554826e-01  1.77177597e-01  7.25335228e-01
7.38929075e-01  7.96352186e-01  9.10189080e-01  9.14017766e-01  5.12249549e-01  9.05736511e-01
9.87230604e-01  2.29053871e-01  4.44408618e-01  9.89132340e-01  2.19425613e-01  4.93455545e-01
7.71080350e-01  5.14969940e-01  9.89942219e-01  9.06016990e-01  3.55645649e-01  9.93986377e-01
9.21980883e-01  5.96933423e-01  4.19369486e-01  9.89038188e-01  5.64259761e-01  4.12122072e-01
7.57842230e-01  6.62127287e-01  9.35855731e-01  9.10095648e-01  4.80690201e-01  9.37923479e-01
8.51666434e-01  7.21259780e-01  5.75391458e-01  9.59113451e-01  7.13393621e-01  5.67878399e-01
8.21344106e-01  2.62094844e-01  9.88869325e-01  9.13024590e-01  1.58438102e-01  9.96195745e-01
9.27810754e-01  4.22075046e-01  5.17152063e-01  9.77511722e-01  3.33421601e-01  5.40730690e-01
8.78509140e-01  7.68982400e-01  4.51483116e-01  9.77732999e-01  8.19234727e-01  4.23147309e-01
8.63316820e-01  7.92815003e-01  4.87302617e-01  9.73831240e-01  7.76029650e-01  4.58503382e-01
8.53038975e-01  5.41766876e-01  6.92128397e-01  9.46886149e-01  4.69737062e-01  7.05082491e-01
8.33325794e-01  6.44647606e-01  6.90050548e-01  9.47452940e-01  5.06600512e-01  6.92632382e-01
8.33646163e-01  5.23406431e-01  7.70776392e-01  9.39584315e-01  3.46832939e-01  7.81305193e-01
8.20110185e-01  3.27933934e-01  9.48647827e-01  9.16019049e-01  2.34601048e-01  9.58776001e-01
8.21667546e-01  6.84866521e-01  7.02440769e-01  9.42200216e-01  6.00737366e-01  7.03296623e-01
8.75257533e-01  7.54713494e-01  4.72220966e-01  9.79383086e-01  6.82994355e-01  4.45140603e-01
8.01245357e-01  6.52476041e-01  7.94073247e-01  9.29760252e-01  5.38446519e-01  7.97981621e-01
9.72950570e-01  3.37421516e-01  4.20065863e-01  9.92552002e-01  2.97353869e-01  4.52888674e-01
8.53591693e-01  8.21922406e-01  5.00884692e-01  9.70495317e-01  8.17302367e-01  4.70030652e-01
8.45694269e-01  3.36052595e-01  8.56051133e-01  9.29333407e-01  2.38250882e-01  8.73019640e-01
8.35075200e-01  2.23164830e-01  9.68226190e-01  9.17072515e-01  1.25932011e-01  9.78004513e-01
8.47298322e-01  4.80127183e-01  7.53340115e-01  9.42840362e-01  3.17815669e-01  7.67359426e-01
8.12305247e-01  3.07028675e-01  9.89427050e-01  9.11966942e-01  1.87278445e-01  9.96083230e-01
8.00570373e-01  4.14204273e-01  9.57188190e-01  9.14915081e-01  2.42625495e-01  9.63938196e-01
9.57094084e-01  2.81925450e-01  5.11685714e-01  9.79492311e-01  2.30454512e-01  5.52648321e-01
8.07936087e-01  3.56365108e-01  9.71057460e-01  9.14109108e-01  2.05080943e-01  9.78085801e-01
8.30781782e-01  3.28349308e-01  9.11905159e-01  9.23085284e-01  1.90082621e-01  9.24097349e-01
8.93202294e-01  5.56384223e-01  5.44751586e-01  9.67654280e-01  5.36965735e-01  5.55284908e-01
7.74914115e-01  5.65899918e-01  9.42468525e-01  9.10539625e-01  4.28543675e-01  9.47545332e-01
1.01088073e+00  2.44357168e-01  3.53286755e-01  1.00227322e+00  2.64636680e-01  3.98361444e-01
9.12236817e-01  5.59587653e-01  4.77561527e-01  9.77749528e-01  5.63676911e-01  4.84148301e-01
9.51871707e-01  4.10565411e-01  4.42718902e-01  9.86058270e-01  4.09037576e-01  4.67833506e-01
8.57180343e-01  2.23386804e-01  8.92545433e-01  9.26372805e-01  1.58864321e-01  9.10475754e-01
9.33273618e-01  2.96432900e-01  5.83274575e-01  9.68434582e-01  2.42163944e-01  6.20771672e-01
8.90577182e-01  7.04417299e-01  4.53824191e-01  9.75484094e-01  8.12404282e-01  4.39204660e-01
7.50706905e-01  6.36327550e-01  9.77946886e-01  9.05797843e-01  4.23194667e-01  9.79756008e-01
8.47767847e-01  8.08814886e-01  5.29626292e-01  9.66065570e-01  7.91044937e-01  5.04720873e-01
8.82487932e-01  7.58540866e-01  4.44936599e-01  9.81592418e-01  7.50300558e-01  4.14876624e-01
9.46536353e-01  4.17368629e-01  4.56355280e-01  9.85406505e-01  3.76262801e-01  4.79850690e-01
8.36037722e-01  7.85815755e-01  5.85221352e-01  9.57596602e-01  7.47502002e-01  5.69451482e-01
8.00570705e-01  4.66071524e-01  9.22180101e-01  9.16657567e-01  3.35781918e-01  9.30485449e-01
7.71286678e-01  5.64423290e-01  9.55860147e-01  9.10160021e-01  3.87008915e-01  9.59912224e-01
8.81827160e-01  2.47133356e-01  7.92606954e-01  9.40089491e-01  1.75586730e-01  8.19013539e-01
7.78798498e-01  6.77457942e-01  8.54204861e-01  9.21303245e-01  5.24229130e-01  8.56141981e-01
7.44501127e-01  7.23708515e-01  9.39879377e-01  9.10604780e-01  4.62857025e-01  9.38922159e-01
7.43941180e-01  6.90436401e-01  9.64248046e-01  9.07611542e-01  4.36372706e-01  9.64454478e-01
9.12768293e-01  3.64615805e-01  6.07316864e-01  9.62944263e-01  3.17913352e-01  6.37873299e-01
7.60848983e-01  5.83356365e-01  9.78746764e-01  9.08031300e-01  3.55480495e-01  9.81105584e-01
8.75112404e-01  5.95389190e-01  5.80231837e-01  9.61350417e-01  5.71024750e-01  5.87573214e-01
8.61688498e-01  3.08724870e-01  8.19549760e-01  9.36519816e-01  1.82144496e-01  8.39824773e-01
9.60933902e-01  3.90663507e-01  4.25190039e-01  9.91606957e-01  3.34561276e-01  4.50053290e-01
7.98369541e-01  8.57990548e-01  6.65505909e-01  9.49889824e-01  6.45504924e-01  6.43787899e-01
8.98091492e-01  4.31760824e-01  6.12445233e-01  9.61065097e-01  3.76802627e-01  6.36361567e-01
9.35664391e-01  2.16450143e-01  6.29081087e-01  9.63272418e-01  1.69464376e-01  6.71265167e-01
7.80191033e-01  8.83507338e-01  7.10095320e-01  9.42429433e-01  6.52508209e-01  6.89447059e-01
8.92958451e-01  4.65677259e-01  6.07094278e-01  9.62599130e-01  3.75740052e-01  6.26776453e-01
9.75895521e-01  3.24033887e-01  4.19039085e-01  9.91481413e-01  3.17450409e-01  4.54949937e-01
8.82911527e-01  6.31832765e-01  5.29292311e-01  9.70172331e-01  5.84404877e-01  5.28307861e-01
9.80264181e-01  2.84308629e-01  4.30921506e-01  9.90709602e-01  2.65652421e-01  4.72285772e-01
7.93856091e-01  4.13991307e-01  9.80273375e-01  9.10314320e-01  2.72996437e-01  9.86185992e-01
8.67272769e-01  6.77849407e-01  5.51368871e-01  9.64800160e-01  6.49197678e-01  5.46754656e-01
8.18648230e-01  9.01332992e-01  5.66676791e-01  9.60652946e-01  8.24306326e-01  5.31483458e-01
8.16707843e-01  6.50921230e-01  7.42592232e-01  9.39027058e-01  5.11267193e-01  7.45559993e-01
9.21057766e-01  2.50657880e-01  6.56196926e-01  9.59264270e-01  1.86504641e-01  6.93415467e-01
9.59707388e-01  3.35002635e-01  4.66940528e-01  9.83772981e-01  3.24115873e-01  5.02796911e-01
9.24299576e-01  4.57571065e-01  5.05193675e-01  9.75441228e-01  4.47844640e-01  5.26650462e-01
7.75879941e-01  5.37408581e-01  9.58399106e-01  9.12023066e-01  3.27040285e-01  9.62302350e-01
7.46060581e-01  6.98578250e-01  9.51511655e-01  9.09678675e-01  4.35992315e-01  9.51286425e-01
9.62498630e-01  4.32271423e-01  3.91766856e-01  9.92163212e-01  4.80703298e-01  4.11541258e-01
7.89918613e-01  4.59102241e-01  9.63280170e-01  9.10548872e-01  3.35193307e-01  9.69808567e-01
8.84628765e-01  6.77743408e-01  4.92145916e-01  9.70958838e-01  7.42030601e-01  4.85056146e-01
8.45532100e-01  6.82305066e-01  6.22636776e-01  9.53419483e-01  6.40729085e-01  6.21774148e-01
8.01377755e-01  4.30675788e-01  9.43311673e-01  9.14751493e-01  2.99934066e-01  9.51283504e-01
8.95024747e-01  4.08495555e-01  6.38623046e-01  9.59630884e-01  3.04675242e-01  6.62807365e-01
7.59084441e-01  6.16109697e-01  9.62670288e-01  9.09911094e-01  3.74492489e-01  9.64501889e-01
8.11626960e-01  7.09665726e-01  7.20008892e-01  9.39095664e-01  6.17874324e-01  7.19111400e-01
8.44972371e-01  8.20621470e-01  5.31209534e-01  9.67407555e-01  7.61072159e-01  5.03280445e-01
8.85140149e-01  5.42586618e-01  5.81605809e-01  9.62531523e-01  5.09721609e-01  5.94656218e-01
8.49275654e-01  2.31457491e-01  9.14107346e-01  9.23381610e-01  1.59290927e-01  9.29559753e-01
9.90740589e-01  2.34698295e-01  4.28608630e-01  9.91302026e-01  2.30079117e-01  4.76992093e-01
8.36769360e-01  2.17785598e-01  9.66068004e-01  9.17553563e-01  1.20867266e-01  9.76130083e-01
7.52421232e-01  6.57237240e-01  9.57679807e-01  9.09576399e-01  4.08102748e-01  9.58611580e-01
9.73971856e-01  3.30835796e-01  4.21021032e-01  9.93307410e-01  2.71906998e-01  4.54128265e-01
7.61832041e-01  6.36315404e-01  9.39645345e-01  9.13047845e-01  3.88108461e-01  9.41126202e-01
9.96597506e-01  2.89444248e-01  3.71656861e-01  9.98262544e-01  3.17936787e-01  4.11340572e-01
7.54726085e-01  5.88225275e-01  9.96380507e-01  9.02331665e-01  4.31263236e-01  9.99542684e-01
7.43677204e-01  7.73282638e-01  9.09237140e-01  9.14014686e-01  5.09077268e-01  9.05998023e-01
8.79152492e-01  4.81871663e-01  6.43035400e-01  9.59160417e-01  3.29638792e-01  6.59338892e-01
8.13855904e-01  3.32715598e-01  9.66790951e-01  9.13588947e-01  2.30770841e-01  9.75279089e-01
9.39625298e-01  3.09171524e-01  5.52978721e-01  9.72717060e-01  2.55299257e-01  5.90163352e-01
8.61594324e-01  7.72935719e-01  5.06602152e-01  9.70517125e-01  7.58219521e-01  4.84018228e-01
8.42880645e-01  2.65032384e-01  9.13297877e-01  9.22616053e-01  1.86521222e-01  9.27958714e-01
8.83981193e-01  6.73204255e-01  4.97421596e-01  9.72973772e-01  6.70717262e-01  4.89184573e-01
9.23890064e-01  5.28032497e-01  4.59044647e-01  9.85269681e-01  4.40860509e-01  4.65282115e-01
9.15228789e-01  3.59493470e-01  6.02367554e-01  9.63804533e-01  3.12942462e-01  6.33544209e-01
7.78204128e-01  6.36903785e-01  8.83308841e-01  9.21563792e-01  3.93663122e-01  8.85175326e-01
8.99411063e-01  5.09241246e-01  5.55651360e-01  9.68011982e-01  4.62568180e-01  5.71296973e-01
8.47535476e-01  6.72877753e-01  6.22154303e-01  9.53946070e-01  6.25216573e-01  6.22105948e-01
8.40828423e-01  8.72217095e-01  5.10548850e-01  9.70202448e-01  8.19618094e-01  4.71355337e-01
7.97294839e-01  5.10294400e-01  9.03526825e-01  9.18091082e-01  3.77224010e-01  9.11380804e-01
8.31227363e-01  2.95636876e-01  9.32460636e-01  9.20810409e-01  1.68291335e-01  9.43899655e-01
9.56974133e-01  4.38823770e-01  4.06218569e-01  9.91685463e-01  4.39476234e-01  4.24463328e-01
7.81461338e-01  4.69543668e-01  9.85131145e-01  9.08316974e-01  3.11141796e-01  9.89875832e-01
8.46745596e-01  3.21378731e-01  8.62064188e-01  9.28460152e-01  2.33210377e-01  8.79309296e-01
9.57263188e-01  3.11594583e-01  4.91086970e-01  9.82956488e-01  2.40234632e-01  5.28090924e-01
8.82448735e-01  7.57307388e-01  4.45902862e-01  9.81225030e-01  7.53661607e-01  4.16429318e-01
7.58123748e-01  6.00462502e-01  9.76513093e-01  9.07670885e-01  3.75178320e-01  9.78707079e-01
7.90257793e-01  8.07836513e-01  7.26768190e-01  9.40531818e-01  5.97161813e-01  7.14852631e-01
8.18481237e-01  2.85833898e-01  9.82629243e-01  9.13656105e-01  1.67158665e-01  9.90059725e-01
8.06290254e-01  3.74632657e-01  9.64351714e-01  9.14479059e-01  2.22343140e-01  9.71584991e-01
7.43405365e-01  7.02669944e-01  9.57822264e-01  9.08204362e-01  4.48620779e-01  9.57723170e-01
7.91854592e-01  8.05067000e-01  7.23181638e-01  9.41061594e-01  5.97538854e-01  7.11364495e-01
9.36543777e-01  5.22749234e-01  4.19380566e-01  9.85681775e-01  5.85188150e-01  4.28128526e-01
9.05398902e-01  2.86042148e-01  6.85518490e-01  9.55638060e-01  1.81969295e-01  7.17241573e-01
8.12118352e-01  6.99724149e-01  7.25039213e-01  9.38898731e-01  5.99041248e-01  7.24877860e-01
8.55468604e-01  7.44685477e-01  5.46593544e-01  9.63167833e-01  7.47699213e-01  5.33671120e-01
8.45400670e-01  8.70364056e-01  4.96178749e-01  9.71381182e-01  8.52496160e-01  4.55933581e-01
7.30744441e-01  7.17781545e-01  9.90883462e-01  9.03096097e-01  4.47839425e-01  9.90675563e-01
7.76444324e-01  6.81572134e-01  8.59174986e-01  9.22934294e-01  4.63635638e-01  8.59652716e-01
7.81150587e-01  6.43291430e-01  8.68930661e-01  9.23493630e-01  4.02677710e-01  8.70641513e-01
8.35243120e-01  2.81571939e-01  9.28231700e-01  9.21036228e-01  1.75625461e-01  9.40697437e-01
8.72044569e-01  2.07945193e-01  8.52179652e-01  9.32325007e-01  1.48636748e-01  8.74743187e-01
8.16322395e-01  3.56755377e-01  9.42138936e-01  9.18233712e-01  2.06663852e-01  9.51251208e-01
9.86563721e-01  2.95193792e-01  4.02055246e-01  9.96371310e-01  2.49641205e-01  4.39800923e-01
7.88111339e-01  5.71066238e-01  8.93891541e-01  9.21284956e-01  3.46080558e-01  8.98341955e-01
8.35373345e-01  4.57785779e-01  8.08862644e-01  9.35823712e-01  2.76554666e-01  8.21714090e-01
8.41610668e-01  2.67224811e-01  9.16157426e-01  9.22057528e-01  1.90696691e-01  9.30542726e-01
9.64131877e-01  2.95165794e-01  4.78707698e-01  9.84346419e-01  2.43912921e-01  5.18296554e-01
7.85585048e-01  4.42423792e-01  9.89345124e-01  9.08892312e-01  2.78193050e-01  9.94064430e-01
8.18591746e-01  8.55130793e-01  5.98049121e-01  9.59665957e-01  6.87111701e-01  5.70619026e-01
9.42053233e-01  2.40460104e-01  5.91051797e-01  9.67875656e-01  2.02674238e-01  6.33799218e-01
9.72952095e-01  3.60511284e-01  4.04479509e-01  9.95130015e-01  3.12697246e-01  4.32684919e-01
8.33469636e-01  3.21129148e-01  9.07594203e-01  9.23831312e-01  1.85721625e-01  9.20355025e-01
8.07789198e-01  9.03431611e-01  6.02360178e-01  9.57720043e-01  7.44423361e-01  5.69395864e-01
9.23514690e-01  3.56375267e-01  5.76164046e-01  9.67570714e-01  3.16718849e-01  6.08485209e-01
8.85354102e-01  7.03707675e-01  4.72146866e-01  9.74306303e-01  7.63691120e-01  4.58406716e-01
8.21210428e-01  3.02782201e-01  9.61864696e-01  9.16225659e-01  1.78884234e-01  9.70774121e-01
7.55185363e-01  5.94286788e-01  9.90720580e-01  9.04148307e-01  4.08092213e-01  9.93431119e-01
8.26123138e-01  4.48354008e-01  8.46831193e-01  9.27297741e-01  3.45208160e-01  8.59983862e-01
8.99796879e-01  6.89935403e-01  4.32099749e-01  9.83631535e-01  7.04392305e-01  4.12775286e-01
7.67232981e-01  7.31412130e-01  8.57309075e-01  9.21970256e-01  5.09722464e-01  8.55332559e-01
9.56132252e-01  4.17645838e-01  4.23385775e-01  9.89880185e-01  3.99575966e-01  4.45582721e-01
7.93489722e-01  4.33489090e-01  9.68365217e-01  9.10781379e-01  3.07384395e-01  9.74967078e-01
8.90393365e-01  5.62718709e-01  5.50371157e-01  9.66815680e-01  5.40671194e-01  5.60294370e-01
7.38276597e-01  6.71936618e-01  9.96088860e-01  9.03477360e-01  4.12567775e-01  9.96664485e-01
9.62021517e-01  2.97230781e-01  4.84821824e-01  9.84116875e-01  2.29892563e-01  5.23638082e-01
8.15440234e-01  3.56855980e-01  9.45085129e-01  9.17545049e-01  2.13230028e-01  9.54098288e-01
8.97472774e-01  6.38270181e-01  4.75201848e-01  9.76086139e-01  6.66237631e-01  4.70810264e-01
9.12607132e-01  3.43246996e-01  6.22288373e-01  9.63956821e-01  2.29835645e-01  6.52439627e-01
8.97450905e-01  2.42301971e-01  7.42190353e-01  9.47909499e-01  1.56436883e-01  7.72917932e-01
8.56845147e-01  7.94855283e-01  5.08034966e-01  9.67372190e-01  8.40718905e-01  4.84462736e-01
7.62035657e-01  7.42776612e-01  8.67099821e-01  9.21541000e-01  4.82600005e-01  8.64054626e-01
9.35006963e-01  3.62557362e-01  5.32731085e-01  9.76637631e-01  2.63492754e-01  5.63058002e-01
8.32001887e-01  2.71596135e-01  9.46039659e-01  9.19185114e-01  1.57290038e-01  9.56955311e-01
8.31166055e-01  3.43348263e-01  9.00767178e-01  9.24249642e-01  2.05753568e-01  9.13398473e-01
8.73927209e-01  7.42386770e-01  4.85083600e-01  9.72112279e-01  7.88779486e-01  4.66479898e-01
8.53380655e-01  2.14785992e-01  9.11333241e-01  9.24570818e-01  1.36731427e-01  9.27326512e-01
7.81119207e-01  5.20442425e-01  9.51946867e-01  9.10827338e-01  3.78817588e-01  9.57590691e-01
7.65251718e-01  6.00818025e-01  9.51917421e-01  9.10095614e-01  4.08973228e-01  9.55073090e-01
8.77437074e-01  2.36940816e-01  8.14187153e-01  9.37855672e-01  1.50596375e-01  8.38800345e-01
7.76584155e-01  4.99756203e-01  9.81404371e-01  9.07473325e-01  3.49563009e-01  9.86099622e-01
7.62418975e-01  6.36425325e-01  9.37564444e-01  9.10786147e-01  4.52532266e-01  9.40227781e-01
7.69201951e-01  6.56696932e-01  9.00708492e-01  9.18162734e-01  4.15167296e-01  9.01848011e-01
9.69021282e-01  3.28416205e-01  4.39566304e-01  9.89777997e-01  2.82315271e-01  4.74276644e-01
8.16928314e-01  7.55149959e-01  6.71202256e-01  9.46546354e-01  6.49997002e-01  6.63641819e-01
8.58587408e-01  7.82887947e-01  5.10158723e-01  9.68472693e-01  7.97970613e-01  4.87625924e-01
8.18039095e-01  7.75900928e-01  6.53404579e-01  9.52289961e-01  5.93311163e-01  6.40357162e-01
8.71978397e-01  2.78411335e-01  8.04850507e-01  9.38889254e-01  1.68134648e-01  8.27977072e-01
8.22459809e-01  8.70742397e-01  5.74298719e-01  9.62134612e-01  7.37536906e-01  5.42727981e-01
9.77206862e-01  3.08220033e-01  4.25230577e-01  9.91819648e-01  2.76092642e-01  4.62669713e-01
8.30869000e-01  5.45811945e-01  7.65144420e-01  9.40431029e-01  3.54478798e-01  7.74046059e-01
7.58302547e-01  7.04730097e-01  9.05531209e-01  9.15279222e-01  4.77956187e-01  9.05328931e-01
8.35017113e-01  2.94527021e-01  9.20259923e-01  9.20900365e-01  2.09287456e-01  9.33519447e-01
9.85805971e-01  2.53993994e-01  4.32445773e-01  9.90756063e-01  2.40341910e-01  4.78039851e-01
7.60358035e-01  6.08897306e-01  9.63184597e-01  9.06186790e-01  4.64583222e-01  9.66847290e-01
8.49231952e-01  7.56764331e-01  5.59750106e-01  9.66827966e-01  6.15572936e-01  5.41788669e-01
8.33025779e-01  8.69193603e-01  5.39245930e-01  9.65466125e-01  8.05833615e-01  5.05029455e-01
9.02592863e-01  2.45552640e-01  7.22428637e-01  9.49358960e-01  1.91148481e-01  7.55320836e-01
7.59288868e-01  6.67732775e-01  9.27130854e-01  9.13558242e-01  4.29323517e-01  9.27996852e-01
8.32066505e-01  6.51061360e-01  6.90023988e-01  9.45109203e-01  5.66091511e-01  6.93439707e-01
8.41753056e-01  1.82098709e-01  9.73124967e-01  9.16289154e-01  1.24009463e-01  9.83488912e-01
9.25907993e-01  2.99083319e-01  6.06650175e-01  9.66844576e-01  1.97529150e-01  6.41642757e-01
9.25220630e-01  5.07746665e-01  4.68187810e-01  9.80042971e-01  5.13320948e-01  4.81479252e-01
8.48562534e-01  8.11159350e-01  5.25329022e-01  9.64728020e-01  8.41726229e-01  5.01181182e-01
9.11546072e-01  1.94530133e-01  7.26272314e-01  9.49887958e-01  1.48735847e-01  7.62069523e-01
8.50863908e-01  7.02106444e-01  5.91356642e-01  9.59055381e-01  6.42322419e-01  5.85761809e-01
8.72923877e-01  3.44930950e-01  7.57025981e-01  9.42728417e-01  2.64199474e-01  7.80898174e-01
9.40390625e-01  2.98330191e-01  5.57679962e-01  9.71784836e-01  2.55209593e-01  5.96164002e-01
7.94677299e-01  5.17356266e-01  9.07704133e-01  9.16910205e-01  3.92321096e-01  9.15345050e-01
9.20939346e-01  2.83172342e-01  6.34362224e-01  9.63078243e-01  1.82427326e-01  6.69410924e-01
7.84393199e-01  4.57495498e-01  9.83542891e-01  9.08965516e-01  3.01661397e-01  9.88499774e-01
8.34371030e-01  3.20310536e-01  9.05364465e-01  9.23696825e-01  1.99037505e-01  9.18550311e-01
7.97554011e-01  7.18070830e-01  7.62418002e-01  9.33884341e-01  5.82392308e-01  7.61021242e-01
8.58072462e-01  7.59051613e-01  5.28003172e-01  9.65488064e-01  7.78134717e-01  5.11511935e-01
8.65531823e-01  4.63823101e-01  7.01748737e-01  9.47348715e-01  3.90358314e-01  7.20579700e-01
8.92716594e-01  2.57170459e-01  7.48330854e-01  9.45680742e-01  1.94009575e-01  7.78228872e-01
8.37272803e-01  2.76543259e-01  9.24690496e-01  9.21604492e-01  1.73250263e-01  9.37620456e-01
8.01189572e-01  7.06362287e-01  7.57898607e-01  9.35245073e-01  5.62566600e-01  7.57034197e-01
8.25398051e-01  2.49963643e-01  9.83204706e-01  9.13547610e-01  1.64242106e-01  9.91453075e-01
8.13167356e-01  5.20266426e-01  8.42566381e-01  9.29851295e-01  3.15363816e-01  8.50741538e-01
8.18072563e-01  5.56156958e-01  8.01585509e-01  9.35177622e-01  3.47491304e-01  8.08895682e-01
7.89793450e-01  7.99520718e-01  7.33966568e-01  9.39514299e-01  5.89498199e-01  7.23211495e-01
7.70974181e-01  5.34106881e-01  9.77389112e-01  9.07849577e-01  3.59259347e-01  9.81367589e-01
8.87066188e-01  6.46531889e-01  5.05179355e-01  9.74387932e-01  5.90856335e-01  4.99726926e-01
9.78878538e-01  2.95480268e-01  4.28414371e-01  9.90226828e-01  2.95134417e-01  4.68849495e-01
7.67854009e-01  7.10025226e-01  8.69323227e-01  9.21219596e-01  4.73608549e-01  8.68266215e-01
7.73194909e-01  5.15985385e-01  9.82032553e-01  9.09183163e-01  3.06214439e-01  9.85498138e-01
8.16196309e-01  7.83088579e-01  6.55147205e-01  9.49696158e-01  6.54125872e-01  6.42968681e-01
8.98256045e-01  6.70558368e-01  4.50439505e-01  9.79504393e-01  7.08766443e-01  4.38200169e-01
7.68437269e-01  5.79813700e-01  9.55208230e-01  9.08356963e-01  4.36732864e-01  9.59587106e-01
7.71910381e-01  8.17941732e-01  7.82634379e-01  9.32674104e-01  5.68080731e-01  7.72205874e-01
9.30085411e-01  4.39225292e-01  4.97807415e-01  9.76849352e-01  4.32022145e-01  5.21402310e-01
8.78146325e-01  2.87685576e-01  7.77816288e-01  9.42687755e-01  1.74604628e-01  8.02582942e-01
8.19226249e-01  2.81651909e-01  9.82905681e-01  9.12623463e-01  1.91648838e-01  9.90827072e-01
7.59622187e-01  6.45069247e-01  9.41585648e-01  9.12166313e-01  4.06190852e-01  9.42973370e-01
8.03488428e-01  5.93909178e-01  8.26232461e-01  9.26720060e-01  4.75392583e-01  8.33075961e-01
8.13473368e-01  4.32966958e-01  9.00734740e-01  9.20647735e-01  3.11662641e-01  9.11176200e-01
8.51228667e-01  3.49634026e-01  8.27677906e-01  9.32438695e-01  2.63888788e-01  8.46454584e-01
8.25121969e-01  7.78248997e-01  6.27621509e-01  9.55870449e-01  6.12677627e-01  6.12761357e-01
8.94212440e-01  2.86187430e-01  7.23936130e-01  9.48602818e-01  2.19526885e-01  7.53901716e-01
8.43236255e-01  7.73973478e-01  5.68620595e-01  9.65232890e-01  6.27549096e-01  5.49155626e-01
8.45241767e-01  2.31737358e-01  9.27701947e-01  9.22181466e-01  1.41609257e-01  9.41485820e-01
7.64723260e-01  7.62078870e-01  8.44889906e-01  9.23402176e-01  5.29573089e-01  8.40884538e-01
8.39729105e-01  6.82931474e-01  6.42338692e-01  9.55471907e-01  5.16686512e-01  6.38787377e-01
8.23851141e-01  3.50950695e-01  9.20331822e-01  9.20994737e-01  2.15589588e-01  9.31407113e-01
9.41135006e-01  4.80970599e-01  4.31888357e-01  9.85945041e-01  5.00430010e-01  4.46706673e-01
7.53102231e-01  6.74016144e-01  9.44027773e-01  9.09208607e-01  4.73031442e-01  9.45444528e-01
9.76422820e-01  2.28680830e-01  4.81582850e-01  9.83673682e-01  2.12275491e-01  5.30176363e-01
8.29647803e-01  2.70939007e-01  9.54526843e-01  9.17993602e-01  1.56888782e-01  9.64693863e-01
9.25357111e-01  3.18817457e-01  5.95214919e-01  9.67407948e-01  2.33962291e-01  6.29317569e-01
8.62613334e-01  7.31095825e-01  5.31355044e-01  9.64950332e-01  7.58960024e-01  5.19545803e-01
8.14486969e-01  3.75906469e-01  9.35484052e-01  9.16924949e-01  2.66201372e-01  9.45408906e-01
7.42069525e-01  6.92423620e-01  9.69302204e-01  9.07297893e-01  4.24642760e-01  9.69271235e-01
9.12949269e-01  2.65810014e-01  6.73375802e-01  9.55801823e-01  2.13552784e-01  7.08639023e-01
8.86292930e-01  6.24697350e-01  5.22257930e-01  9.74677646e-01  5.00070047e-01  5.19060143e-01
8.40680532e-01  6.75260559e-01  6.43965932e-01  9.51338389e-01  6.03672619e-01  6.43982926e-01
8.50291025e-01  8.67010085e-01  4.81734544e-01  9.69547513e-01  9.54252081e-01  4.43363382e-01
8.32334794e-01  2.51313915e-01  9.58590939e-01  9.17324743e-01  1.56829664e-01  9.68998207e-01
8.02715421e-01  5.27956830e-01  8.73087186e-01  9.24884257e-01  3.25962067e-01  8.80066379e-01
7.51527407e-01  6.21202228e-01  9.85053615e-01  9.04654261e-01  4.20303202e-01  9.87265816e-01
8.25619314e-01  3.11913947e-01  9.40934788e-01  9.19271410e-01  1.80939250e-01  9.51263463e-01
8.98859741e-01  5.61690426e-01  5.21842968e-01  9.70403219e-01  5.63876461e-01  5.31218814e-01
9.47235243e-01  4.19119942e-01  4.52786046e-01  9.87946049e-01  3.31850481e-01  4.74181978e-01
8.12900386e-01  3.34237286e-01  9.69028784e-01  9.13079439e-01  2.35646437e-01  9.77381301e-01
8.26520916e-01  9.74876063e-01  4.90151750e-01  9.71188190e-01  9.64997419e-01  4.30271001e-01
9.57239728e-01  3.14230740e-01  4.89388117e-01  9.82501995e-01  2.58699495e-01  5.26590784e-01
9.44963050e-01  3.48326889e-01  5.08320737e-01  9.80446232e-01  2.56088710e-01  5.40400473e-01
8.90646097e-01  3.94733157e-01  6.62571349e-01  9.54486855e-01  3.33718863e-01  6.88339336e-01
8.35369537e-01  3.26904675e-01  8.97501912e-01  9.23667657e-01  2.29006219e-01  9.11571149e-01
9.37496825e-01  3.76691553e-01  5.14686805e-01  9.78688716e-01  2.89583273e-01  5.43663949e-01
8.37961170e-01  8.08635416e-01  5.63250837e-01  9.61368615e-01  7.62134994e-01  5.41759275e-01
8.80774025e-01  2.62120435e-01  7.86091399e-01  9.41933354e-01  1.57005726e-01  8.11629983e-01
7.71772611e-01  5.37760207e-01  9.72194748e-01  9.07364988e-01  3.91460980e-01  9.76775572e-01
8.69786275e-01  5.77856303e-01  6.10260815e-01  9.62569406e-01  4.17164752e-01  6.16544976e-01
7.98013318e-01  8.60136894e-01  6.64975986e-01  9.47733048e-01  6.98453498e-01  6.44443667e-01
8.19255715e-01  6.50624118e-01  7.34088923e-01  9.43308149e-01  4.39713418e-01  7.35210906e-01
9.54136049e-01  2.63564519e-01  5.34181419e-01  9.75561663e-01  2.32871051e-01  5.77281266e-01
8.48135260e-01  2.22116701e-01  9.24606000e-01  9.22072160e-01  1.55922311e-01  9.39281141e-01
9.13630807e-01  3.72137823e-01  5.99294734e-01  9.66733120e-01  2.59695805e-01  6.27492566e-01
8.30898613e-01  2.33321566e-01  9.75642040e-01  9.15362127e-01  1.43773510e-01  9.84708943e-01
8.21765174e-01  6.76765054e-01  7.07574401e-01  9.41363645e-01  5.97701138e-01  7.09388391e-01
8.72317925e-01  7.81000910e-01  4.64524217e-01  9.78031697e-01  7.66373006e-01  4.33871359e-01
8.30855758e-01  8.11400022e-01  5.85660747e-01  9.61131738e-01  6.77310410e-01  5.63561305e-01
9.12409467e-01  6.25164491e-01  4.33017467e-01  9.84083065e-01  6.43253092e-01  4.25015148e-01
7.92960916e-01  8.53495291e-01  6.86719842e-01  9.45320727e-01  6.64232540e-01  6.68098942e-01
9.39548515e-01  4.60956755e-01  4.50813911e-01  9.84214360e-01  4.53377101e-01  4.69057923e-01
8.23889709e-01  2.69776120e-01  9.74986553e-01  9.14698605e-01  1.66585405e-01  9.83509972e-01
9.08281677e-01  5.97856099e-01  4.65249736e-01  9.82650204e-01  5.24241183e-01  4.62145671e-01
8.45865878e-01  3.83559572e-01  8.23105166e-01  9.32205076e-01  2.94434872e-01  8.40648789e-01
8.82140042e-01  2.39817231e-01  7.96177811e-01  9.40551746e-01  1.47737176e-01  8.22191207e-01
8.41768811e-01  8.14466035e-01  5.46605857e-01  9.65072400e-01  7.49529625e-01  5.21534585e-01
7.96163543e-01  4.21578884e-01  9.67267427e-01  9.10887566e-01  3.07310876e-01  9.74303554e-01
9.37302437e-01  4.19813617e-01  4.86251052e-01  9.78790006e-01  4.18747835e-01  5.12129276e-01
7.64054770e-01  7.40088250e-01  8.62014703e-01  9.20867301e-01  5.18588008e-01  8.59770256e-01
7.74248685e-01  7.15633993e-01  8.43688876e-01  9.23885121e-01  5.09484640e-01  8.42590492e-01
7.70630718e-01  5.76312794e-01  9.50375760e-01  9.12302894e-01  3.58257813e-01  9.53559359e-01
8.08083077e-01  8.06106063e-01  6.67035719e-01  9.50546140e-01  5.95330340e-01  6.51059096e-01
7.90295945e-01  7.13043013e-01  7.90610481e-01  9.33576223e-01  4.78045164e-01  7.87948984e-01
8.55539370e-01  7.71231018e-01  5.28438951e-01  9.71143776e-01  6.52024265e-01  5.05391622e-01
8.13199948e-01  9.38894018e-01  5.59943142e-01  9.61880008e-01  8.49425690e-01  5.17606859e-01
7.62138013e-01  6.05866289e-01  9.59149763e-01  9.09896845e-01  3.86942158e-01  9.61616239e-01
9.44132434e-01  3.80502014e-01  4.89445800e-01  9.80235104e-01  3.49669027e-01  5.19378280e-01
8.45435029e-01  1.76576926e-01  9.64270685e-01  9.17736440e-01  1.17969526e-01  9.75650004e-01
9.42206608e-01  2.15648938e-01  6.07270965e-01  9.66096960e-01  1.77570753e-01  6.51210322e-01
8.78871115e-01  3.61773998e-01  7.25043449e-01  9.49128288e-01  2.25790167e-01  7.48516846e-01
9.30823676e-01  5.16255435e-01  4.43304238e-01  9.83035303e-01  5.46967211e-01  4.54241650e-01
8.72699876e-01  5.09608746e-01  6.46362492e-01  9.58408091e-01  3.47592849e-01  6.59871158e-01
7.93249648e-01  4.86238217e-01  9.33583951e-01  9.14146587e-01  3.59393581e-01  9.40945175e-01
8.44336195e-01  4.01613617e-01  8.16148547e-01  9.35456959e-01  2.44003434e-01  8.31850187e-01
8.58998520e-01  4.42291071e-01  7.38899059e-01  9.44060206e-01  3.28466268e-01  7.56988563e-01
9.33981860e-01  5.03335135e-01  4.41233987e-01  9.87180630e-01  4.50256849e-01  4.50778807e-01
8.96130718e-01  5.30762246e-01  5.52037309e-01  9.67055225e-01  5.08826057e-01  5.65855782e-01
8.79309753e-01  4.65644987e-01  6.53447443e-01  9.54115657e-01  4.05495441e-01  6.73557161e-01
9.51006316e-01  2.87557110e-01  5.28683192e-01  9.77071152e-01  2.29016156e-01  5.68521309e-01
8.38368672e-01  8.80553173e-01  5.13326494e-01  9.66149289e-01  9.07921394e-01  4.76237267e-01
9.15316438e-01  4.70458262e-01  5.27484842e-01  9.74867517e-01  3.85962035e-01  5.45643949e-01
9.04629227e-01  6.62341120e-01  4.34211918e-01  9.82891261e-01  6.91591934e-01  4.20583994e-01
9.67768277e-01  3.28433293e-01  4.43835388e-01  9.89024762e-01  2.83825350e-01  4.78746707e-01
9.39541581e-01  3.59445917e-01  5.19338532e-01  9.75676237e-01  3.34144380e-01  5.52330470e-01
8.29126979e-01  8.21921710e-01  5.84466699e-01  9.61634834e-01  6.76681959e-01  5.60484775e-01
9.04302208e-01  6.18794214e-01  4.64715492e-01  9.82325360e-01  5.48385366e-01  4.58455993e-01
8.07355543e-01  5.14597360e-01  8.66545940e-01  9.23419373e-01  3.85798949e-01  8.75670760e-01
8.24048945e-01  9.42652197e-01  5.20342319e-01  9.66321787e-01  9.19473711e-01  4.72368578e-01
8.41899932e-01  8.07932701e-01  5.50268617e-01  9.62810900e-01  7.81255378e-01  5.27936698e-01
9.04901369e-01  3.71000938e-01  6.30183121e-01  9.62324370e-01  2.54477732e-01  6.57534551e-01
7.75648236e-01  6.35626965e-01  8.92901999e-01  9.17478183e-01  4.57808118e-01  8.96042383e-01
9.41289540e-01  2.82759264e-01  5.65116821e-01  9.72580182e-01  2.01924862e-01  6.03803909e-01
8.77757728e-01  4.33121444e-01  6.80995984e-01  9.51406286e-01  3.58352643e-01  7.02724449e-01
7.66659368e-01  6.86691156e-01  8.89152466e-01  9.18122950e-01  4.67439059e-01  8.89603761e-01
8.47644959e-01  8.73598268e-01  4.86328684e-01  9.70004824e-01  9.29040982e-01  4.46458537e-01
7.95269197e-01  4.26489243e-01  9.67009200e-01  9.10858944e-01  3.09578043e-01  9.73944997e-01
8.60452921e-01  2.89668438e-01  8.36631836e-01  9.34139700e-01  1.75911841e-01  8.56581432e-01
9.04773448e-01  5.60610942e-01  5.02368187e-01  9.73037190e-01  5.77194201e-01  5.11140417e-01
9.18221282e-01  6.14460607e-01  4.20087679e-01  9.84251605e-01  6.82441658e-01  4.14046930e-01
8.34094544e-01  2.26713147e-01  9.69182221e-01  9.16999846e-01  1.24779428e-01  9.78746242e-01
9.32929842e-01  3.94646081e-01  5.18173169e-01  9.78256012e-01  2.96704431e-01  5.44736490e-01
7.71518675e-01  8.06479893e-01  7.92005568e-01  9.31015170e-01  5.69091576e-01  7.83121430e-01
7.77044626e-01  5.87091169e-01  9.20888693e-01  9.16923152e-01  3.55031066e-01  9.24178953e-01
8.45672801e-01  2.80228603e-01  8.93501860e-01  9.25538516e-01  1.86249348e-01  9.09278572e-01
8.08251869e-01  7.02036649e-01  7.36986689e-01  9.37715735e-01  5.84264625e-01  7.36515756e-01
7.59854701e-01  6.56078473e-01  9.33062682e-01  9.12281338e-01  4.36029715e-01  9.34583521e-01
9.34679034e-01  2.58149576e-01  6.04605553e-01  9.66250605e-01  2.03348272e-01  6.44577818e-01
8.36356591e-01  3.30911121e-01  8.91128312e-01  9.26094660e-01  1.90044065e-01  9.04803957e-01
7.79675910e-01  4.98350992e-01  9.71788362e-01  9.08393231e-01  3.62379576e-01  9.77134349e-01
9.82594319e-01  3.15866859e-01  4.01665429e-01  9.95753759e-01  2.79095117e-01  4.36719005e-01
8.27721094e-01  5.91048175e-01  7.45072053e-01  9.38295302e-01  4.95741720e-01  7.53449127e-01
9.40841866e-01  3.79401592e-01  5.01728224e-01  9.81025853e-01  2.86321800e-01  5.29970494e-01
8.46377352e-01  7.45064537e-01  5.77396895e-01  9.58074169e-01  7.43836383e-01  5.67264938e-01
8.93967224e-01  4.87553300e-01  5.88885556e-01  9.65857780e-01  3.76728475e-01  6.05639378e-01
9.58417441e-01  3.00502897e-01  4.94628538e-01  9.82833689e-01  2.23913240e-01  5.32781214e-01
8.17633149e-01  7.12724633e-01  6.97723670e-01  9.46988831e-01  5.17343859e-01  6.93040222e-01
8.97795243e-01  3.24530754e-01  6.85820373e-01  9.54824174e-01  2.16743439e-01  7.14663500e-01
7.79172536e-01  6.43058204e-01  8.75846319e-01  9.22141075e-01  4.09478106e-01  8.77690825e-01
8.29342754e-01  8.55071400e-01  5.61358393e-01  9.60472738e-01  8.20648887e-01  5.33513838e-01
7.52045438e-01  7.29819435e-01  9.09977377e-01  9.13685972e-01  5.05244607e-01  9.09022944e-01
7.84800796e-01  7.65497283e-01  7.74283394e-01  9.34414460e-01  5.42044873e-01  7.67785697e-01
