4.44071683e-01  6.87197855e-01  5.00195761e-01
4.91892216e-01  4.77957138e-01  5.58125200e-01
6.60300419e-01  6.50628190e-01  4.23639358e-01
5.64793855e-01  5.15564469e-01  6.36554673e-01
7.01010427e-01  4.96338319e-01  5.01826296e-01
5.34385566e-01  3.92600379e-01  3.74997671e-01
5.53398866e-01  4.89757862e-01  3.78351071e-01
6.75368290e-01  4.82611426e-01  4.97912436e-01
5.41236975e-01  6.09176968e-01  6.07561034e-01
6.84216878e-01  6.17784441e-01  4.40649941e-01
3.84205534e-01  6.74584849e-01  7.06836322e-01
7.64025705e-01  7.48562072e-01  8.89441482e-01
4.47349705e-01  4.71567532e-01  4.08769331e-01
6.25226009e-01  4.48609202e-01  4.74538065e-01
6.49817571e-01  7.56653523e-01  4.60110672e-01
4.26243614e-01  6.32691327e-01  4.29096371e-01
4.22961501e-01  5.72656136e-01  5.97461975e-01
3.98550196e-01  8.30408305e-01  4.85518725e-01
4.36362530e-01  5.91045437e-01  5.45149078e-01
7.07635850e-01  6.68842471e-01  4.72872116e-01
6.02152682e-01  5.92034233e-01  4.18721478e-01
4.47988198e-01  5.24627225e-01  3.86916106e-01
6.49353814e-01  4.85613645e-01  6.78286887e-01
6.00396034e-01  5.46844200e-01  4.49730655e-01
6.07957239e-01  6.26670696e-01  4.70451286e-01
6.85672446e-01  4.77817829e-01  4.25016002e-01
5.83417624e-01  7.36934395e-01  3.91432910e-01
4.82302581e-01  5.32087350e-01  5.06468592e-01
3.92667566e-01  7.47798665e-01  4.82183490e-01
5.30510403e-01  5.98474832e-01  6.25657907e-01
5.80509383e-01  6.80730925e-01  7.15016019e-01
8.53923926e-01  9.96677866e-01  4.38231608e-01
4.61215020e-01  4.31389218e-01  6.16268803e-01
6.11568899e-01  6.48560889e-01  6.07572167e-01
5.95984015e-01  7.46592614e-01  4.91797017e-01
6.56248576e-01  5.49648816e-01  6.73883838e-01
5.79379126e-01  7.51242468e-01  6.03217701e-01
4.14037981e-01  5.47237415e-01  4.61812019e-01
7.25241721e-01  6.69291957e-01  2.50779692e-01
6.97209988e-01  5.30688191e-01  5.14254020e-01
6.36765146e-01  7.51966351e-01  5.20349305e-01
6.73596480e-01  3.91837833e-01  6.47161474e-01
4.48070219e-01  6.51242032e-01  6.49344109e-01
7.21090345e-01  7.52758050e-01  6.93338490e-01
6.79900458e-01  5.67322329e-01  5.04889453e-01
5.75771771e-01  5.49715737e-01  4.59307565e-01
5.37668770e-01  5.51796528e-01  5.53432134e-01
6.46195913e-01  7.58337103e-01  7.05713759e-01
5.10027428e-01  4.41830566e-01  5.10800664e-01
6.40253572e-01  5.79965900e-01  5.12744106e-01
4.37717606e-01  7.07810585e-01  6.16921931e-01
3.80972328e-01  4.71754562e-01  5.57933385e-01
5.87947731e-01  4.23044357e-01  6.13357202e-01
5.66126411e-01  4.19045400e-01  4.97035440e-01
4.59987235e-01  7.57655918e-01  3.82604795e-01
5.77974880e-01  7.09399638e-01  5.29395420e-01
7.08630163e-01  6.22183090e-01  6.88707853e-01
7.10122860e-01  4.58233397e-01  3.80224783e-01
5.63564398e-01  6.56561809e-01  6.76142522e-01
7.13545104e-01  5.06567032e-01  4.84931741e-01
3.87338889e-01  6.45878168e-01  6.07129051e-01
5.56901165e-01  6.11856422e-01  6.97234530e-01
5.05526642e-01  6.62088863e-01  6.65810249e-01
7.08610011e-01  4.81309263e-01  3.72422824e-01
4.78936043e-01  5.62960421e-01  5.17539358e-01
6.56982458e-01  6.27336828e-01  5.61221835e-01
6.44788514e-01  4.70371558e-01  5.17229456e-01
3.16257279e-01  3.53341329e-01  4.95675931e-01
5.68824132e-01  7.04753799e-01  6.25190065e-01
5.06955054e-01  4.60889385e-01  4.76234674e-01
5.12584118e-01  4.27333293e-01  5.60467040e-01
4.68072030e-01  5.32925553e-01  4.86627741e-01
7.27040470e-01  4.63243301e-01  4.88057882e-01
5.99286949e-01  7.12921669e-01  6.89795170e-01
4.63762265e-01  5.39363402e-01  3.93493675e-01
7.28695734e-01  6.72720637e-01  6.34076406e-01
5.69542525e-01  3.91818778e-01  4.19248492e-01
4.10494541e-01  7.56143050e-01  5.67614334e-01
4.00740808e-01  5.55712186e-01  5.85357154e-01
5.21891645e-01  7.40632824e-01  4.28185559e-01
4.81759225e-01  4.95839194e-01  6.34954278e-01
3.81024817e-01  4.06516537e-01  6.09277627e-01
5.37542371e-01  7.49943732e-01  6.99552393e-01
4.75988695e-01  6.52975830e-01  4.23655546e-01
5.58281087e-01  7.31169564e-01  3.66681222e-01
5.14996874e-01  4.05111541e-01  6.98990254e-01
4.39905155e-01  6.06887989e-01  4.19669603e-01
6.64648778e-01  6.48255763e-01  3.69177584e-01
3.93607477e-01  5.78276909e-01  6.12566322e-01
6.28007501e-01  5.91196955e-01  4.97710521e-01
4.23355343e-01  4.04791552e-01  6.89606652e-01
5.04432365e-01  7.44718665e-01  4.17512340e-01
5.93587979e-01  6.33660235e-01  6.38009080e-01
4.89430809e-01  9.81121526e-01  6.00620632e-01
6.67717236e-01  5.53233835e-01  6.74797085e-01
3.88504235e-01  5.21329309e-01  4.42328650e-01
8.28496817e-01  6.92787352e-01  7.19248527e-01
9.65052388e-01  8.28842092e-01  3.89639127e-01
6.49082903e-01  5.33454008e-01  4.48731030e-01
5.30009622e-01  2.52180969e-01  9.82456894e-01
5.46462612e-01  5.08922631e-01  4.36880667e-01
7.32100571e-01  6.90896567e-01  4.27488620e-01
6.93886737e-01  4.27925068e-01  5.49370173e-01
6.28751401e-01  7.05005353e-01  5.11622056e-01
5.88290278e-01  4.99619187e-01  5.05811948e-01
5.67409122e-01  5.39690058e-01  6.40474169e-01
7.17449271e-01  5.26429368e-01  3.87288242e-01
5.84156218e-01  6.51047384e-01  6.85209585e-01
4.67112005e-01  4.15871773e-01  6.13103921e-01
4.24350250e-01  5.91663022e-01  6.27751372e-01
9.38337766e-01  2.80759135e-01  8.19156136e-01
7.23359973e-01  6.85071970e-01  5.98915467e-01
5.69841564e-01  5.97953772e-01  5.13768788e-01
4.26675157e-01  6.82582898e-01  5.75423439e-01
7.09399974e-01  2.63123094e-01  9.62123446e-01
4.46259712e-01  5.00683571e-01  7.00933174e-01
7.19720864e-01  4.32494274e-01  5.71682442e-01
5.96840230e-01  7.58217230e-01  6.48439298e-01
7.30623529e-01  4.77836678e-01  4.65852258e-01
4.71974889e-01  7.16754120e-01  8.45573296e-01
5.58151972e-01  7.40084318e-01  4.51307603e-01
5.55665990e-01  4.80249006e-01  7.10944436e-01
4.43206156e-01  6.58841103e-01  3.66509528e-01
6.82278751e-01  5.90734548e-01  5.52276550e-01
7.10011362e-01  5.09443407e-01  6.13917060e-01
4.91377164e-01  6.77184888e-01  6.96097492e-01
5.03396008e-01  3.94033636e-01  5.26928411e-01
5.81649156e-01  5.13295855e-01  4.65185802e-01
7.07246155e-01  5.77501220e-01  6.24277489e-01
7.16662691e-01  7.33473619e-01  6.11418649e-01
4.44429465e-01  4.62172363e-01  4.21388357e-01
4.34589962e-01  4.16264568e-01  7.05566779e-01
4.37588636e-01  6.74361592e-01  4.90318988e-01
6.64713883e-01  4.77057027e-01  5.38930589e-01
6.62838909e-01  3.89614196e-01  6.01307063e-01
7.36153030e-01  4.26687187e-01  6.62466852e-01
4.11116468e-01  7.21113074e-01  4.89075818e-01
7.14639098e-01  6.48667975e-01  5.30695445e-01
5.37939289e-01  5.88698606e-01  3.67051807e-01
6.37879839e-01  5.42802298e-01  6.20688674e-01
4.24077554e-01  5.07937286e-01  5.93664810e-01
5.73894365e-01  6.14528616e-01  6.23303828e-01
4.59338577e-01  6.63081657e-01  6.87381906e-01
5.46667861e-01  5.67573231e-01  4.25432979e-01
5.10950972e-01  4.24170985e-01  3.82715373e-01
6.48194817e-01  5.22322302e-01  6.00610915e-01
6.77611806e-01  4.73509282e-01  3.82730185e-01
4.20230724e-01  7.50468640e-01  4.17576636e-01
4.17691552e-01  5.54305797e-01  5.71927188e-01
5.13454384e-01  7.04051456e-01  3.85538472e-01
4.24014526e-01  5.96942811e-01  6.87352585e-01
5.24408567e-01  6.53186178e-01  4.01751757e-01
3.94513343e-01  4.11360752e-01  7.03962165e-01
6.79014437e-01  4.01784515e-01  3.97912619e-01
7.85937846e-01  4.75707525e-01  2.57202221e-01
6.28775237e-01  4.10641094e-01  6.15538981e-01
6.51667783e-01  6.69981948e-01  6.28215811e-01
6.85925500e-01  5.90131178e-01  6.59200703e-01
7.16859004e-01  6.12801149e-01  5.47631855e-01
6.64063465e-01  4.50958774e-01  3.89386317e-01
3.97769709e-01  4.67016674e-01  6.89192067e-01
5.30715106e-01  7.26955198e-01  5.30792493e-01
6.11918898e-01  6.65554144e-01  5.25621638e-01
7.37753320e-01  6.97545327e-01  7.10910420e-01
5.75514895e-01  4.61096520e-01  9.68861495e-01
6.56872042e-01  5.97804495e-01  4.16867656e-01
3.99213707e-01  7.44610368e-01  4.29936931e-01
7.38975840e-01  5.65435861e-01  4.23651641e-01
4.77618458e-01  5.17756932e-01  4.78978282e-01
4.69963640e-01  5.77169488e-01  4.74585484e-01
6.05500759e-01  6.12457601e-01  5.55686612e-01
3.81889050e-01  4.71165206e-01  3.67005347e-01
6.90893694e-01  4.29451387e-01  4.35445835e-01
4.44759616e-01  5.66692703e-01  3.82066420e-01
7.10648444e-01  4.11227975e-01  5.22444694e-01
3.86343577e-01  6.00719598e-01  3.89361241e-01
4.28092577e-01  4.08709658e-01  3.70826069e-01
6.41240267e-01  7.32466083e-01  5.39018818e-01
4.98469039e-01  6.75007235e-01  5.18737828e-01
5.50852957e-01  7.24778623e-01  6.41104285e-01
4.48977553e-01  4.77789868e-01  5.27933444e-01
4.44205581e-01  5.11908025e-01  3.98759545e-01
6.50631681e-01  5.58663822e-01  3.77916201e-01
4.62074373e-01  3.93989945e-01  6.13522971e-01
3.80233586e-01  4.86695810e-01  5.45315033e-01
5.81379326e-01  4.42910324e-01  4.52965068e-01
4.68910636e-01  7.61248708e-01  6.30626985e-01
4.76194356e-01  6.42033016e-01  4.07644795e-01
6.07060244e-01  4.83120983e-01  4.63136577e-01
6.89106826e-01  4.39866357e-01  4.48528694e-01
7.12339262e-01  6.27969777e-01  5.39731770e-01
7.22853188e-01  6.27556114e-01  6.94524831e-01
6.73791231e-01  4.36893838e-01  4.64180363e-01
5.09844072e-01  4.54870360e-01  4.75142545e-01
5.77105108e-01  6.78189244e-01  4.58304821e-01
5.81714828e-01  4.73099118e-01  6.17990369e-01
6.81664410e-01  5.95118666e-01  4.03358847e-01
6.58695922e-01  6.08088585e-01  3.89565081e-01
6.26658037e-01  7.30555205e-01  4.30818168e-01
7.55605988e-01  3.00629109e-01  9.32607658e-01
6.82060656e-01  6.77742960e-01  4.13964234e-01
6.98826859e-01  5.92114861e-01  3.79534990e-01
6.46224682e-01  4.39279774e-01  6.65577776e-01
4.18600685e-01  7.68014793e-01  2.93444540e-01
5.13599783e-01  4.65155070e-01  6.47448925e-01
8.15992007e-01  3.78084732e-01  4.09926362e-01
6.51602614e-01  4.17866300e-01  5.98259132e-01
7.11241822e-01  4.15466116e-01  4.73598791e-01
7.91322538e-01  6.19837654e-01  6.90966097e-01
4.94137506e-01  4.90203617e-01  9.35601988e-01
5.26392420e-01  3.94595094e-01  4.10646015e-01
6.53814178e-01  5.75019044e-01  3.85229620e-01
8.11609117e-01  3.89172388e-01  3.84375290e-01
5.44529036e-01  4.19574549e-01  5.82309199e-01
4.83360254e-01  6.14988261e-01  4.73214761e-01
5.34785249e-01  4.02733161e-01  6.78295075e-01
6.63693626e-01  6.18502353e-01  4.47014239e-01
4.32632818e-01  6.42060220e-01  5.33825976e-01
5.66402302e-01  7.14763791e-01  3.97067681e-01
7.09372573e-01  3.90846216e-01  5.40561324e-01
7.04878182e-01  6.20750721e-01  7.03693112e-01
7.00784573e-01  9.79745219e-01  9.95277044e-01
6.40749813e-01  4.05703901e-01  4.30497494e-01
6.70107805e-01  4.48060446e-01  6.94140167e-01
7.13330688e-01  2.85556591e-01  2.60370752e-01
8.20404307e-01  5.12179806e-01  2.51841341e-01
4.11268678e-01  4.01695271e-01  5.52060673e-01
7.22374291e-01  4.51155870e-01  5.91272169e-01
6.87560002e-01  4.69190643e-01  5.88590431e-01
6.82594819e-01  5.24637585e-01  4.36442121e-01
8.71517658e-01  5.08352449e-01  6.33876331e-01
5.21333293e-01  5.37221892e-01  6.50296341e-01
7.35793961e-01  4.61498799e-01  3.80917366e-01
7.27183830e-01  5.43975060e-01  6.14090490e-01
6.21065884e-01  6.03964462e-01  5.72586880e-01
4.88274413e-01  6.94513368e-01  3.86917664e-01
6.29429326e-01  6.72843192e-01  6.03790334e-01
5.39561112e-01  5.99722180e-01  3.80772008e-01
6.19929436e-01  5.85710673e-01  5.67385215e-01
6.04621387e-01  4.86608556e-01  3.92805865e-01
4.29933896e-01  6.08972076e-01  5.17148911e-01
6.17792797e-01  4.58163364e-01  4.85606354e-01
3.81902441e-01  4.63669732e-01  5.58810982e-01
5.71881643e-01  5.25474792e-01  5.70872239e-01
4.17168423e-01  6.01528364e-01  5.72424837e-01
4.46211062e-01  4.78241838e-01  7.02108168e-01
5.35581873e-01  6.02993581e-01  6.35315432e-01
6.52278010e-01  5.89284544e-01  7.04984581e-01
3.80435160e-01  6.68783834e-01  3.83826146e-01
6.48360650e-01  7.35225291e-01  3.97464046e-01
5.75328304e-01  4.83351979e-01  4.95107709e-01
4.01925118e-01  4.92136943e-01  6.04418612e-01
7.10500422e-01  6.96296027e-01  5.99891851e-01
5.55274778e-01  6.86067699e-01  3.77112429e-01
6.88807370e-01  5.50349042e-01  5.04472781e-01
5.75293514e-01  4.89721615e-01  3.66737588e-01
5.35204751e-01  4.66424182e-01  5.92439422e-01
4.29414900e-01  4.55828827e-01  4.84741364e-01
4.75422119e-01  6.99487683e-01  6.98271535e-01
6.77566454e-01  4.27815954e-01  5.74876075e-01
4.09891050e-01  6.17501974e-01  5.48883667e-01
5.38322707e-01  6.19964723e-01  4.54746373e-01
6.48354105e-01  5.82270256e-01  6.49582849e-01
4.19896205e-01  4.90877521e-01  4.11727940e-01
5.39377984e-01  5.76747976e-01  6.56662171e-01
6.02209424e-01  4.61582748e-01  4.90436832e-01
3.89080170e-01  7.38940453e-01  6.23818602e-01
7.00032519e-01  5.90448042e-01  5.63075424e-01
6.71054087e-01  5.52002123e-01  6.61008828e-01
5.35649167e-01  4.76238754e-01  7.01764149e-01
6.95147324e-01  4.36874123e-01  5.65104202e-01
4.44543710e-01  4.11316174e-01  5.68855870e-01
5.08558619e-01  6.12628916e-01  3.72868080e-01
6.13738160e-01  4.84776483e-01  4.91504650e-01
4.99173037e-01  7.43334310e-01  6.10452084e-01
4.67730640e-01  7.18713048e-01  5.27124080e-01
6.00033563e-01  4.24445251e-01  5.72103766e-01
6.82154439e-01  7.10291295e-01  6.87187723e-01
4.55774993e-01  7.19932683e-01  5.97474768e-01
3.35490836e-01  5.38858681e-01  4.04503617e-01
6.40387752e-01  4.95661393e-01  4.08198404e-01
3.97143820e-01  6.81310422e-01  4.24153096e-01
6.80153890e-01  5.33803659e-01  5.55815172e-01
6.55954489e-01  6.40939925e-01  6.84292181e-01
4.72411326e-01  7.23265728e-01  4.28411866e-01
5.60704410e-01  6.76506434e-01  5.14601566e-01
3.98312295e-01  4.71008782e-01  6.86844705e-01
4.30144758e-01  4.03887252e-01  6.98420337e-01
6.68961092e-01  5.52999513e-01  3.93312077e-01
5.89805676e-01  6.33618204e-01  5.86010738e-01
5.05712053e-01  4.54971345e-01  6.92881636e-01
7.38323956e-01  5.47599384e-01  7.06869263e-01
2.85174420e-01  2.60623548e-01  7.61541373e-01
5.70080998e-01  7.53152258e-01  4.23533336e-01
7.31993121e-01  4.20663217e-01  4.53759275e-01
4.88566871e-01  5.44865950e-01  5.04317780e-01
6.95793442e-01  6.96384032e-01  6.41932460e-01
6.30732297e-01  5.65130781e-01  3.78453166e-01
6.65221847e-01  6.71552359e-01  6.67264072e-01
4.22001241e-01  3.88499210e-01  6.77076973e-01
6.68775734e-01  4.97081457e-01  7.00478735e-01
4.19629605e-01  5.69078312e-01  4.63447164e-01
6.27220088e-01  7.49835907e-01  3.68919209e-01
4.80939147e-01  5.14884638e-01  5.03002281e-01
4.62135256e-01  5.93800418e-01  6.60913593e-01
6.41836042e-01  4.92785829e-01  7.13257833e-01
4.98417717e-01  6.91654792e-01  5.82488798e-01
5.54763678e-01  6.48919313e-01  4.94222905e-01
4.80168793e-01  6.80644669e-01  4.24543888e-01
7.03772921e-01  6.33705184e-01  6.00922499e-01
6.35679944e-01  5.04732118e-01  7.11055053e-01
4.39994399e-01  5.08859107e-01  5.73941001e-01
5.59406955e-01  4.17534734e-01  6.42954206e-01
7.20535932e-01  5.25006692e-01  3.84180137e-01
4.72600456e-01  4.09294743e-01  6.14426372e-01
7.32002708e-01  5.71905483e-01  4.72310422e-01
5.90543693e-01  5.64461729e-01  4.78572868e-01
7.02706318e-01  5.61020669e-01  4.91729066e-01
3.96383376e-01  7.38473164e-01  3.81012281e-01
5.42173180e-01  4.09882181e-01  3.89101197e-01
4.96527192e-01  6.75633149e-01  4.36204509e-01
4.06649063e-01  6.43728543e-01  5.70429451e-01
3.79302205e-01  5.66106529e-01  6.96789556e-01
4.60427215e-01  4.10912313e-01  6.26940106e-01
3.94173761e-01  3.95340347e-01  5.15197320e-01
7.06153545e-01  5.06046274e-01  4.38110118e-01
3.99482027e-01  5.54673991e-01  4.44876761e-01
4.30796836e-01  4.76390604e-01  5.79922035e-01
6.87695792e-01  5.81780647e-01  4.45552931e-01
4.50723790e-01  5.38349022e-01  5.63925045e-01
6.07469810e-01  6.57523168e-01  5.09559288e-01
4.98774102e-01  5.52000815e-01  5.62630683e-01
4.49974152e-01  4.35367165e-01  5.64661118e-01
5.14497949e-01  4.15087201e-01  6.24561389e-01
6.53399771e-01  4.18709979e-01  4.22869129e-01
7.01924460e-01  5.20322327e-01  5.68215086e-01
6.04540482e-01  4.05566951e-01  4.24571287e-01
4.65797905e-01  6.54350331e-01  5.67559075e-01
5.69905488e-01  6.19892052e-01  3.76679746e-01
6.75607007e-01  4.23774703e-01  6.84979494e-01
6.22828302e-01  5.37124728e-01  3.67169863e-01
4.89738877e-01  7.37052195e-01  6.84931672e-01
4.99362734e-01  6.78769404e-01  5.07905743e-01
6.10122084e-01  4.13164228e-01  4.27782352e-01
4.54888563e-01  5.95232218e-01  4.12061749e-01
6.02449694e-01  5.31701060e-01  4.18417414e-01
6.53680488e-01  4.63930975e-01  6.30399016e-01
5.91465885e-01  5.04574810e-01  4.21934101e-01
4.43679477e-01  7.51934158e-01  6.01292750e-01
5.08354703e-01  5.06844884e-01  6.80394522e-01
5.28336835e-01  7.59252707e-01  5.13400174e-01
6.24250042e-01  4.86011133e-01  3.75571206e-01
7.16943577e-01  6.22455371e-01  6.67322001e-01
4.59507968e-01  5.25365821e-01  5.81941188e-01
4.82315707e-01  4.00490645e-01  6.54091222e-01
4.12714995e-01  5.97779778e-01  6.99497603e-01
6.24641311e-01  4.09804084e-01  3.92588545e-01
3.84378944e-01  6.05740143e-01  5.25243710e-01
7.20054939e-01  6.40477163e-01  7.10433470e-01
6.99036045e-01  5.26752482e-01  5.89531479e-01
4.13367663e-01  6.54557851e-01  4.25652806e-01
6.61988033e-01  6.53173377e-01  6.22440630e-01
6.13134935e-01  4.46781478e-01  5.30637829e-01
7.19780593e-01  7.04360980e-01  5.85849344e-01
4.58613942e-01  7.44979622e-01  6.94890570e-01
7.20290121e-01  4.91549375e-01  3.73321885e-01
5.68315150e-01  5.70211058e-01  6.36658016e-01
3.90524351e-01  4.29753254e-01  3.80463257e-01
5.89469336e-01  7.30681696e-01  4.82797895e-01
5.85878895e-01  5.69679940e-01  6.79047540e-01
6.54675439e-01  4.06415219e-01  4.05192093e-01
5.30984731e-01  4.09126697e-01  4.97554588e-01
5.13743407e-01  5.41680940e-01  9.81205233e-01
7.10610228e-01  3.88792036e-01  4.96468436e-01
6.73615739e-01  4.12583869e-01  3.86850698e-01
5.32631327e-01  5.05050682e-01  7.11822356e-01
3.79897677e-01  5.59388849e-01  3.77101613e-01
5.66933874e-01  3.99699307e-01  5.14969502e-01
5.72273141e-01  5.57867619e-01  5.94352040e-01
5.86915104e-01  5.75927061e-01  5.02863982e-01
7.35120110e-01  5.47718517e-01  3.81039294e-01
2.52963134e-01  9.97810094e-01  7.85549457e-01
4.75528678e-01  9.74361949e-01  3.94869021e-01
7.37803527e-01  4.32213272e-01  2.98227854e-01
6.01147646e-01  7.08009136e-01  4.56323838e-01
5.92463452e-01  4.96754770e-01  5.48665979e-01
4.71993487e-01  4.45484213e-01  4.04146253e-01
3.84082355e-01  6.02337880e-01  3.68789529e-01
6.62177364e-01  5.52172203e-01  6.65999501e-01
4.08010959e-01  6.68514351e-01  4.73186606e-01
5.62350041e-01  6.39059094e-01  6.81069842e-01
6.09999486e-01  4.38716397e-01  5.35351424e-01
3.80739280e-01  3.90389339e-01  6.12476955e-01
6.45717876e-01  4.97255212e-01  4.72546326e-01
4.30219525e-01  5.98738570e-01  5.35531562e-01
6.02495336e-01  6.36079488e-01  5.26984481e-01
5.02522798e-01  7.09988667e-01  4.02377113e-01
6.28822716e-01  5.85264232e-01  5.89320100e-01
8.64471856e-01  4.19605727e-01  8.41576344e-01
6.77631489e-01  5.84474916e-01  3.96601250e-01
6.42616773e-01  7.30098006e-01  5.89989353e-01
4.28430178e-01  7.14090232e-01  3.92331335e-01
4.08345613e-01  5.06449706e-01  3.88075809e-01
3.78258147e-01  5.92759569e-01  4.19539876e-01
6.15000245e-01  6.94298406e-01  6.05702912e-01
5.57356673e-01  5.10300429e-01  7.05664953e-01
5.28830277e-01  7.28361144e-01  6.74171591e-01
4.44285902e-01  6.79765023e-01  4.27531954e-01
6.23885029e-01  5.25929882e-01  7.57993248e-01
4.61265927e-01  6.53998123e-01  4.18941857e-01
6.08623214e-01  7.01488927e-01  3.78219860e-01
5.10992553e-01  5.85655127e-01  6.55817951e-01
4.63393525e-01  4.74735759e-01  6.37791436e-01
4.43636761e-01  4.60484147e-01  6.24726029e-01
7.38852804e-01  4.69708400e-01  4.38768952e-01
4.49596286e-01  6.25857728e-01  6.36184843e-01
4.21777907e-01  4.73782343e-01  7.03255103e-01
4.87159711e-01  7.45250969e-01  6.86682032e-01
5.50440780e-01  6.64615117e-01  4.51722568e-01
3.83174443e-01  7.22938887e-01  6.15027944e-01
6.31826191e-01  4.99380472e-01  6.85935964e-01
7.34964442e-01  4.89138207e-01  4.24639210e-01
9.12959340e-01  8.90475812e-01  2.50932081e-01
9.31493782e-01  9.58926687e-01  7.56906581e-01
6.63580135e-01  4.02947325e-01  4.16469157e-01
4.81950231e-01  4.90903963e-01  6.17442493e-01
6.77969311e-01  6.10978546e-01  5.58328220e-01
4.37448584e-01  6.35098197e-01  5.35143985e-01
6.86709239e-01  6.71443260e-01  6.92651108e-01
6.34858536e-01  3.29077072e-01  2.99324653e-01
4.90003065e-01  7.23952969e-01  5.96854539e-01
4.23432147e-01  5.16321467e-01  4.80357556e-01
4.90944371e-01  7.07099635e-01  5.40479570e-01
7.18337068e-01  4.94165024e-01  6.84935461e-01
4.69159319e-01  4.58444822e-01  6.28835975e-01
5.30930268e-01  5.86043939e-01  5.32381626e-01
4.89263703e-01  4.82272068e-01  5.56061565e-01
5.99443006e-01  4.32059810e-01  6.59282219e-01
5.13674251e-01  4.65926195e-01  6.31533235e-01
6.31556996e-01  6.62812840e-01  4.29655592e-01
7.23677937e-01  5.70446428e-01  5.01249947e-01
6.66704891e-01  6.21910870e-01  4.73054473e-01
4.92180696e-01  7.02572589e-01  5.53522640e-01
4.87576128e-01  5.22056011e-01  3.78886564e-01
3.76836009e-01  3.78433133e-01  7.56380002e-01
6.02717534e-01  5.12436664e-01  5.04542469e-01
6.27077989e-01  4.90362734e-01  6.16635082e-01
4.16562611e-01  3.88565294e-01  5.43892962e-01
3.81828894e-01  7.21171800e-01  4.36263857e-01
8.59472292e-01  8.19829702e-01  3.46821680e-01
4.61591831e-01  6.45356209e-01  5.59656151e-01
6.60694668e-01  6.97179286e-01  4.54523611e-01
6.79559547e-01  4.68733650e-01  6.85396466e-01
3.93471680e-01  4.26286590e-01  6.82318680e-01
5.90499865e-01  6.60431187e-01  5.91982794e-01
4.52307882e-01  5.67302772e-01  4.59748314e-01
6.33162047e-01  6.04976381e-01  5.90855776e-01
5.85954440e-01  5.82360351e-01  6.30074644e-01
4.94928942e-01  4.48033442e-01  6.51677356e-01
4.36670586e-01  5.78185612e-01  5.26469922e-01
4.25321731e-01  7.53120492e-01  4.21624105e-01
6.29573874e-01  6.17917809e-01  3.81690182e-01
4.13294488e-01  4.21732174e-01  5.87113290e-01
6.08216452e-01  7.12906297e-01  4.96887439e-01
4.44927784e-01  6.71141710e-01  5.03863790e-01
6.22744278e-01  6.07990389e-01  6.92645643e-01
4.46850074e-01  7.08100431e-01  6.63895197e-01
3.90770715e-01  5.47595464e-01  5.11606634e-01
6.87124298e-01  7.11002709e-01  6.86065960e-01
5.44529495e-01  5.12682073e-01  4.67939627e-01
6.26780743e-01  5.25043698e-01  4.21163022e-01
3.82329493e-01  4.71299174e-01  4.18738177e-01
4.31686373e-01  4.51354044e-01  6.25516543e-01
4.57505146e-01  4.52565734e-01  4.81629393e-01
4.01924999e-01  6.26039772e-01  5.77523383e-01
6.23217319e-01  5.70541441e-01  6.73785107e-01
7.14265126e-01  6.50828644e-01  5.99956831e-01
8.92644552e-01  5.96751106e-01  7.72474623e-01
4.23077824e-01  5.37085558e-01  4.38574970e-01
5.68576362e-01  5.65754038e-01  7.11807221e-01
4.23365799e-01  5.41384409e-01  5.15817998e-01
6.14658771e-01  6.47565176e-01  4.41858721e-01
6.95479308e-01  6.74620960e-01  5.25534846e-01
7.27754803e-01  6.45315888e-01  4.75730774e-01
5.33300292e-01  7.05987515e-01  5.66880722e-01
4.62959665e-01  6.74449916e-01  4.35784989e-01
4.28529358e-01  7.52216162e-01  5.21010852e-01
2.65565992e-01  8.30637249e-01  9.21913326e-01
6.59327555e-01  4.43706195e-01  5.20586380e-01
5.99154080e-01  6.54281471e-01  6.65208140e-01
3.73764781e-01  8.32095873e-01  8.89933039e-01
4.12348037e-01  4.13284776e-01  5.80531750e-01
5.43377468e-01  3.92750774e-01  6.77180078e-01
6.38367271e-01  6.61337593e-01  4.26929035e-01
3.17846942e-01  9.06443902e-01  4.17310546e-01
7.13807815e-01  6.25225314e-01  6.48983144e-01
6.60289743e-01  6.24504305e-01  5.21320502e-01
4.90973835e-01  5.66304351e-01  7.03176274e-01
7.11262163e-01  4.16437249e-01  4.11200389e-01
6.28589817e-01  5.48558443e-01  4.55695545e-01
4.01410644e-01  4.00991763e-01  4.34734858e-01
6.76863757e-01  6.76063005e-01  5.37377445e-01
5.54389939e-01  4.69092674e-01  6.69610625e-01
4.19815542e-01  4.08820000e-01  6.85782001e-01
3.98240159e-01  6.34650418e-01  4.01394866e-01
7.25699175e-01  6.50414767e-01  3.91774129e-01
4.40829215e-01  7.51915995e-01  6.17617602e-01
6.61026140e-01  6.80284867e-01  6.47485456e-01
3.92933742e-01  4.24856444e-01  4.89721382e-01
6.34149046e-01  7.92759787e-01  6.52138996e-01
5.16305073e-01  4.91222866e-01  4.00367762e-01
3.87294343e-01  6.18881357e-01  4.98479220e-01
4.81702352e-01  6.30964553e-01  5.50857390e-01
6.06408003e-01  4.59761141e-01  5.49872482e-01
5.97014298e-01  6.39591724e-01  4.06211250e-01
5.79168448e-01  5.87027425e-01  6.12338124e-01
3.94919048e-01  6.06827215e-01  6.12719384e-01
6.03587276e-01  5.44989399e-01  4.30239039e-01
7.11553652e-01  4.35533353e-01  5.49489382e-01
4.82314695e-01  3.99378418e-01  4.74972709e-01
7.16568847e-01  4.98065696e-01  6.83556178e-01
6.58279445e-01  3.88934601e-01  3.75330032e-01
5.26742285e-01  4.59754824e-01  7.14104253e-01
6.58316898e-01  5.70834201e-01  5.11985482e-01
4.72141085e-01  7.29085812e-01  4.33063607e-01
6.03208535e-01  4.77013098e-01  3.97197819e-01
3.56630262e-01  7.76005568e-01  4.58459126e-01
5.25989105e-01  6.13671171e-01  7.03907199e-01
4.43044843e-01  5.95031520e-01  4.16817060e-01
5.83282630e-01  4.00466759e-01  6.27421189e-01
7.32519945e-01  5.08034420e-01  5.73800701e-01
4.22149869e-01  5.59987162e-01  4.58663602e-01
5.66694281e-01  4.77626163e-01  4.51398183e-01
4.72744587e-01  4.94758039e-01  6.65307778e-01
5.88861437e-01  7.17671405e-01  7.11985344e-01
5.10686327e-01  5.09576268e-01  4.52681514e-01
6.90711820e-01  4.65516247e-01  4.34658235e-01
6.33188022e-01  3.89415847e-01  7.15047927e-01
7.10110345e-01  4.36395167e-01  6.89192381e-01
6.91794324e-01  6.83267827e-01  6.43633317e-01
6.72807719e-01  4.50983148e-01  6.47070549e-01
5.23902955e-01  4.61178710e-01  3.87096619e-01
4.86586771e-01  6.18818096e-01  6.88499010e-01
6.58647271e-01  4.98230105e-01  4.40979497e-01
5.51409387e-01  4.44985275e-01  5.98433514e-01
5.64887269e-01  6.93469566e-01  3.90217523e-01
6.56913298e-01  6.19055473e-01  5.39402128e-01
3.89687518e-01  7.49261416e-01  6.30781660e-01
6.08919385e-01  4.18214607e-01  3.85457458e-01
6.06163303e-01  3.92223595e-01  6.19113537e-01
5.54474331e-01  4.33531549e-01  4.84100788e-01
5.79595056e-01  4.49394757e-01  5.78329421e-01
