8.89755627e-01  2.97809992e-01  3.78669729e-01
8.78684734e-01  6.87806201e-01  9.88998515e-01
7.26653726e-01  8.56390271e-01  5.47159931e-01
9.82371858e-01  9.71967105e-01  4.14286994e-01
3.41754554e-01  4.19064419e-01  4.66653767e-01
8.15875594e-01  7.81807229e-01  8.28175588e-01
8.44291769e-01  8.06603198e-01  9.63663454e-01
7.02699145e-01  2.53445321e-01  5.97458256e-01
8.25013259e-01  9.24548087e-01  9.99080832e-01
9.93348131e-01  5.57556461e-01  3.77778340e-01
4.23571365e-01  7.59777439e-01  6.39335193e-01
2.71535462e-01  9.98504916e-01  6.97995667e-01
9.67564654e-01  2.63571218e-01  6.87146164e-01
4.86943338e-01  6.28525835e-01  9.51450789e-01
2.63461880e-01  6.83294132e-01  8.68995895e-01
2.87069574e-01  8.15467337e-01  3.27483171e-01
6.30449604e-01  8.81473526e-01  2.74370783e-01
4.01169384e-01  5.39428440e-01  9.99090224e-01
7.80310244e-01  2.92311359e-01  9.07640478e-01
6.80203768e-01  7.57327298e-01  5.35425729e-01
4.20083219e-01  2.92814394e-01  2.68986251e-01
9.77404661e-01  8.64899914e-01  4.08011695e-01
5.36744041e-01  5.25463541e-01  5.57499583e-01
8.82030073e-01  3.73847289e-01  9.17576497e-01
4.81519247e-01  2.53044847e-01  5.55979154e-01
5.12026698e-01  6.83248038e-01  4.63138125e-01
8.89471157e-01  3.90992366e-01  9.72808737e-01
9.37009216e-01  3.19682975e-01  8.01433219e-01
9.78187787e-01  2.64980550e-01  9.72652237e-01
9.66678034e-01  8.79564075e-01  2.70047088e-01
8.05219316e-01  6.22401339e-01  5.80926071e-01
3.35723319e-01  9.22057946e-01  6.79520252e-01
2.95127976e-01  9.86440541e-01  5.91639424e-01
3.05223309e-01  2.77331351e-01  9.82086780e-01
6.42437914e-01  2.70398607e-01  8.87232253e-01
9.81166900e-01  8.91932491e-01  8.70455452e-01
3.58858685e-01  4.03601514e-01  2.84587164e-01
7.10290978e-01  4.34848106e-01  9.38811722e-01
2.51123210e-01  8.74481523e-01  9.68554677e-01
3.34372011e-01  7.99858482e-01  7.89685422e-01
9.60611513e-01  3.31138576e-01  5.79134696e-01
6.27685854e-01  7.88298990e-01  6.92764290e-01
9.60280114e-01  8.30074249e-01  9.71771223e-01
7.65618749e-01  6.94847295e-01  2.74621501e-01
5.72427330e-01  8.88163195e-01  6.34719054e-01
6.29191928e-01  2.88528000e-01  9.43057909e-01
8.84068879e-01  6.86975948e-01  2.99305881e-01
8.61543090e-01  9.69542360e-01  5.61532495e-01
5.85805899e-01  7.31070541e-01  5.63355401e-01
8.82029415e-01  6.81285964e-01  2.71294149e-01
8.13571920e-01  6.88843465e-01  4.67129882e-01
3.91768589e-01  9.22628968e-01  3.84423196e-01
8.73515110e-01  8.93074792e-01  6.48683346e-01
3.02976790e-01  2.88381177e-01  2.72333512e-01
6.48924462e-01  3.47721181e-01  9.83107936e-01
6.14321091e-01  8.68119337e-01  8.60283652e-01
6.89910508e-01  9.37842072e-01  9.49662674e-01
9.53357321e-01  7.85265862e-01  9.10114865e-01
6.30705503e-01  4.49945147e-01  5.27993830e-01
9.03665321e-01  9.98346301e-01  9.72136500e-01
9.13302000e-01  3.35539866e-01  7.27325539e-01
6.96822286e-01  3.03230303e-01  8.57791446e-01
2.76502482e-01  7.55283368e-01  2.64372673e-01
2.66100281e-01  6.93040052e-01  6.23990608e-01
8.98136512e-01  9.89468652e-01  7.79657719e-01
6.39265835e-01  3.75277871e-01  7.22217684e-01
2.81969850e-01  9.63764053e-01  9.01636356e-01
3.45093299e-01  3.33719993e-01  7.65181826e-01
6.93977815e-01  8.83562524e-01  6.06943474e-01
7.22428149e-01  3.26650287e-01  9.13580082e-01
4.39431872e-01  2.60841266e-01  4.56415867e-01
7.11773600e-01  9.88835986e-01  5.37116258e-01
7.29727441e-01  9.63389321e-01  2.55407292e-01
4.37944663e-01  3.73584414e-01  2.97352295e-01
5.69563754e-01  4.48917792e-01  7.63556932e-01
3.93415581e-01  9.66418796e-01  6.37988836e-01
7.94062733e-01  8.79972267e-01  9.33289454e-01
8.81849691e-01  3.22321329e-01  8.56423008e-01
3.41770867e-01  9.15907395e-01  5.00581360e-01
5.07879058e-01  2.97025456e-01  8.40093410e-01
9.78471987e-01  5.21788832e-01  3.00082875e-01
9.83245866e-01  3.80331784e-01  7.42922976e-01
4.06109027e-01  9.78688942e-01  9.81182268e-01
8.55878230e-01  8.68091178e-01  2.85359518e-01
3.43187065e-01  8.27717945e-01  9.00881853e-01
8.81130215e-01  9.35469041e-01  6.45777467e-01
7.75583425e-01  8.93652389e-01  8.53159323e-01
3.57552408e-01  2.93285284e-01  2.66228055e-01
2.79853193e-01  4.61183644e-01  2.88726969e-01
6.18719887e-01  4.64522290e-01  8.65304190e-01
9.54852529e-01  4.31194557e-01  4.39751886e-01
3.96733411e-01  3.25933956e-01  6.55470093e-01
4.48355992e-01  3.72643054e-01  3.09847069e-01
4.28925921e-01  9.39813280e-01  9.00944304e-01
8.17967637e-01  5.30185386e-01  9.95272610e-01
9.50881810e-01  2.76619736e-01  5.05018992e-01
5.84971594e-01  2.81523440e-01  3.36441835e-01
9.89667233e-01  6.84312516e-01  8.88048725e-01
7.76919884e-01  9.90154263e-01  7.00560174e-01
3.44627504e-01  5.37437215e-01  6.64148283e-01
8.93382117e-01  3.06389956e-01  5.54588363e-01
3.87350601e-01  3.27849561e-01  9.99542590e-01
5.59104606e-01  3.59622955e-01  9.90711289e-01
9.13251230e-01  5.05564811e-01  6.76398872e-01
2.59206582e-01  2.55183140e-01  8.55077374e-01
5.84220609e-01  4.64000318e-01  4.95203759e-01
9.03296138e-01  8.54358524e-01  4.55723922e-01
5.12597262e-01  9.59306175e-01  8.07827425e-01
9.21100171e-01  3.80914570e-01  9.31597062e-01
8.86480497e-01  3.93354009e-01  7.96533234e-01
3.46792347e-01  9.77229547e-01  5.07313253e-01
7.71152476e-01  6.56078897e-01  4.63422778e-01
5.35577954e-01  8.42828367e-01  9.64735511e-01
7.24239136e-01  7.60787915e-01  4.15219610e-01
4.93503403e-01  9.42214321e-01  8.24320517e-01
8.89832849e-01  4.81326100e-01  3.72022169e-01
6.92429284e-01  9.59781190e-01  5.63651211e-01
5.39657658e-01  3.47074456e-01  3.74739100e-01
9.33459315e-01  2.83079856e-01  2.83790685e-01
3.45947575e-01  6.78329950e-01  3.14925162e-01
9.73528213e-01  9.36617818e-01  3.51840991e-01
2.86542747e-01  9.50155825e-01  9.36745753e-01
4.14713685e-01  3.30419892e-01  3.62998828e-01
3.27510821e-01  8.31324979e-01  6.67437153e-01
3.36820758e-01  2.53697816e-01  8.94667107e-01
9.30333651e-01  9.51246033e-01  7.64911554e-01
3.68156876e-01  9.51235571e-01  3.61247672e-01
7.43094224e-01  3.02767014e-01  9.40111449e-01
8.36316488e-01  9.08011938e-01  8.96467376e-01
9.67696577e-01  4.09243849e-01  6.61724769e-01
9.36720386e-01  2.75505907e-01  4.07305764e-01
4.48798172e-01  8.34755808e-01  3.18890608e-01
9.43662059e-01  9.44256961e-01  9.75550923e-01
3.34391415e-01  7.49291013e-01  3.00372236e-01
7.51677927e-01  4.12419963e-01  9.98129263e-01
8.65983855e-01  3.39536616e-01  7.25975735e-01
2.87754526e-01  9.39677832e-01  6.11028506e-01
3.55839199e-01  9.95975267e-01  9.98495200e-01
3.06383936e-01  4.33832714e-01  9.18919553e-01
8.90832148e-01  9.54610913e-01  9.28551789e-01
7.25302197e-01  7.13026506e-01  3.04263506e-01
4.13217931e-01  3.12109277e-01  5.56372624e-01
2.74000572e-01  5.28315079e-01  7.63934610e-01
9.93410604e-01  5.61562433e-01  3.32499155e-01
8.39849386e-01  4.49160459e-01  9.01330287e-01
8.15057535e-01  6.56225425e-01  9.99286587e-01
5.09764260e-01  4.06671076e-01  3.07994997e-01
9.70721964e-01  9.02556803e-01  9.05880055e-01
3.26377480e-01  2.97178723e-01  3.30566028e-01
2.59328645e-01  9.77804955e-01  3.20998508e-01
3.61402852e-01  4.56224534e-01  7.79895677e-01
4.53547366e-01  3.30920615e-01  3.48264809e-01
3.17214715e-01  8.34069886e-01  4.32920351e-01
2.80746964e-01  2.93740945e-01  2.89469475e-01
2.60097471e-01  7.86623453e-01  6.55638496e-01
4.39327848e-01  3.05010739e-01  8.05028098e-01
9.20088942e-01  3.03132955e-01  7.84448926e-01
2.78706280e-01  5.27473110e-01  6.53600583e-01
9.69834394e-01  3.35838886e-01  9.51065931e-01
4.87246539e-01  4.76451945e-01  4.61555743e-01
8.24659221e-01  8.16621201e-01  2.91869990e-01
3.24176056e-01  8.77184013e-01  8.96318484e-01
7.89642492e-01  8.86871274e-01  3.62444344e-01
9.40493661e-01  5.43597165e-01  8.80743760e-01
8.72776699e-01  9.13136639e-01  9.80863230e-01
4.04140724e-01  3.94254805e-01  3.95634037e-01
9.39989563e-01  7.86689167e-01  9.40648521e-01
3.03681620e-01  6.85371936e-01  9.86704843e-01
7.59934741e-01  9.04677470e-01  8.66562272e-01
9.93846235e-01  5.24876800e-01  8.55663373e-01
7.10058278e-01  4.90873918e-01  5.71703211e-01
3.43654866e-01  8.64569282e-01  8.48798117e-01
9.65838078e-01  4.15775042e-01  7.60786084e-01
6.64819896e-01  7.78874730e-01  3.28786817e-01
2.54987045e-01  7.16712031e-01  5.52226546e-01
3.99625838e-01  9.80970926e-01  5.86296187e-01
6.60550956e-01  6.40152288e-01  8.93492400e-01
4.59901534e-01  3.66334539e-01  9.07992582e-01
6.34149046e-01  7.92759787e-01  6.52138996e-01
4.51255624e-01  3.51748363e-01  7.18587940e-01
7.40491236e-01  3.37680780e-01  5.05072027e-01
9.30924500e-01  4.88703770e-01  7.96842210e-01
8.57876565e-01  7.48201196e-01  9.55537012e-01
8.28674467e-01  2.75755974e-01  5.92077369e-01
9.03260637e-01  2.58782045e-01  3.93493467e-01
4.51564193e-01  9.81979480e-01  4.94666742e-01
3.55547404e-01  9.46107803e-01  7.98820876e-01
2.63178690e-01  6.29717764e-01  3.62650856e-01
4.98564575e-01  4.13037288e-01  9.88015576e-01
9.36995966e-01  6.24880559e-01  3.66634159e-01
4.54580369e-01  3.68058338e-01  2.61350969e-01
6.95346811e-01  3.27152888e-01  8.85036718e-01
3.56023324e-01  4.25573591e-01  9.48620619e-01
4.36915047e-01  3.61506919e-01  8.09810834e-01
3.38339712e-01  6.21081838e-01  8.69206134e-01
7.92165195e-01  6.00416844e-01  9.76087458e-01
8.76711568e-01  3.57068930e-01  6.67273663e-01
2.69285053e-01  2.78036219e-01  7.02808334e-01
5.69778444e-01  7.29476550e-01  9.80265075e-01
4.52904746e-01  9.11194432e-01  2.85941659e-01
3.30746317e-01  8.13609574e-01  9.46277318e-01
3.05854388e-01  2.64511314e-01  7.29359753e-01
4.24559324e-01  7.97862015e-01  2.59595317e-01
2.86940053e-01  6.96936079e-01  2.79845019e-01
8.35474408e-01  4.77440993e-01  9.89072271e-01
4.57610263e-01  7.81181329e-01  9.70489610e-01
6.46738837e-01  5.33327688e-01  8.11898514e-01
3.28720572e-01  3.97249305e-01  8.63203604e-01
3.71375888e-01  6.22000792e-01  2.64954695e-01
3.56459372e-01  8.43570969e-01  4.06010738e-01
3.11552933e-01  8.41085913e-01  4.38524615e-01
2.93065516e-01  5.18890339e-01  9.40598954e-01
3.90769384e-01  8.97031996e-01  4.04502435e-01
9.73776962e-01  3.74969418e-01  8.43693013e-01
9.55125686e-01  5.69487522e-01  9.00209180e-01
9.77778216e-01  7.52312433e-01  3.31566241e-01
5.09645659e-01  4.01859018e-01  9.80327025e-01
5.44626711e-01  4.24028662e-01  2.68140903e-01
6.67996556e-01  7.10787137e-01  4.63660620e-01
4.92744566e-01  9.90855206e-01  7.84821269e-01
3.51693342e-01  2.78161537e-01  8.45478237e-01
8.80384801e-01  3.78168331e-01  9.67838715e-01
5.65247281e-01  9.99776558e-01  3.43515689e-01
7.42529750e-01  6.15366407e-01  9.86406332e-01
9.76055068e-01  9.52139549e-01  6.04513846e-01
3.61592195e-01  6.93698394e-01  9.26236330e-01
6.36506732e-01  4.07559129e-01  9.59753417e-01
6.14910199e-01  7.76725960e-01  5.07762852e-01
4.47820270e-01  5.81851256e-01  5.87914806e-01
9.23539247e-01  3.14559014e-01  9.36744794e-01
8.92832214e-01  9.60340397e-01  9.16378191e-01
4.03207853e-01  7.93304488e-01  3.69094321e-01
5.19145401e-01  9.96234204e-01  5.59746255e-01
5.53684957e-01  8.28291081e-01  9.94818354e-01
9.56643821e-01  9.38161065e-01  6.95691864e-01
3.05334358e-01  2.73550613e-01  9.88991752e-01
9.27245874e-01  8.15664261e-01  8.45134470e-01
2.95976844e-01  9.51949362e-01  8.54833730e-01
9.55144549e-01  3.89032407e-01  4.47357030e-01
2.86635878e-01  9.41787452e-01  8.15341153e-01
3.75635935e-01  3.25757012e-01  8.87234246e-01
6.80466308e-01  4.10274263e-01  9.70276335e-01
7.43106440e-01  9.64413711e-01  5.82727512e-01
3.37073878e-01  4.06310858e-01  3.20221937e-01
5.18517381e-01  7.38624240e-01  5.68708358e-01
6.57603807e-01  3.72189317e-01  4.33180282e-01
4.59953074e-01  6.59407432e-01  7.27786390e-01
9.29419482e-01  3.68709150e-01  8.75810499e-01
7.12434280e-01  9.34944132e-01  8.80117419e-01
3.33894518e-01  7.69098393e-01  8.68632512e-01
2.87062803e-01  4.30029959e-01  7.62531124e-01
2.66937750e-01  7.12293938e-01  4.91201110e-01
5.82610529e-01  8.92456970e-01  9.36261381e-01
5.30326645e-01  9.37880517e-01  3.69807044e-01
6.60901018e-01  7.26865498e-01  3.37008553e-01
2.70329822e-01  4.72321624e-01  3.68462345e-01
6.46368852e-01  4.16126713e-01  9.44456987e-01
8.32786573e-01  2.56132476e-01  4.88907547e-01
4.56677680e-01  5.59675015e-01  2.87718880e-01
3.91170451e-01  5.96434272e-01  9.46888439e-01
9.94182161e-01  9.50578637e-01  6.96592804e-01
7.15851321e-01  5.41774545e-01  6.34653599e-01
9.34251966e-01  5.51917686e-01  7.75865723e-01
4.56718217e-01  3.95778180e-01  3.11641975e-01
4.17571168e-01  5.00296550e-01  2.87562580e-01
6.58762494e-01  8.90692662e-01  9.32442784e-01
4.57780981e-01  9.07625963e-01  2.92352112e-01
9.26149321e-01  3.17504239e-01  4.90647259e-01
8.99705146e-01  6.76226937e-01  3.19437967e-01
5.46556874e-01  8.32963879e-01  2.50812424e-01
9.13992691e-01  3.17921070e-01  4.16025762e-01
3.82293059e-01  2.90378448e-01  5.97874141e-01
7.01753718e-01  8.94520944e-01  3.34896884e-01
9.53386340e-01  4.06001761e-01  2.83185154e-01
3.03224015e-01  3.82260574e-01  4.62657770e-01
8.64565369e-01  6.31619474e-01  9.05023701e-01
9.25124473e-01  4.14580607e-01  2.73107065e-01
3.09182759e-01  4.08480202e-01  9.77537398e-01
4.33924607e-01  2.89809044e-01  9.40638892e-01
9.22428483e-01  7.95235839e-01  3.44460867e-01
7.68160419e-01  5.64580393e-01  9.59565059e-01
3.05340027e-01  6.02957037e-01  9.82165405e-01
8.83213968e-01  3.12393409e-01  3.58953438e-01
9.75434614e-01  5.96615844e-01  9.84046313e-01
4.52302731e-01  8.86785261e-01  3.60057701e-01
9.09317730e-01  5.92811245e-01  8.58016144e-01
9.53166035e-01  9.74397448e-01  4.86014875e-01
2.86403582e-01  4.21348458e-01  8.57014336e-01
4.35299681e-01  4.73581346e-01  6.44024024e-01
9.19341758e-01  9.29346023e-01  9.62233400e-01
2.71193633e-01  6.62543884e-01  7.49736595e-01
4.42571730e-01  4.02860440e-01  4.54546239e-01
7.21823741e-01  5.74377331e-01  3.41308290e-01
8.13776275e-01  2.74625217e-01  8.60436917e-01
2.63062495e-01  3.65658548e-01  9.72058375e-01
9.55193263e-01  3.80119125e-01  2.53468505e-01
9.94351623e-01  3.59990566e-01  9.44490538e-01
9.17587434e-01  8.85378512e-01  3.53470279e-01
9.39683041e-01  2.87001459e-01  5.54385228e-01
8.89787344e-01  9.01362850e-01  2.97506883e-01
8.20357912e-01  3.05188071e-01  5.10637956e-01
7.01299305e-01  9.87660022e-01  3.24575367e-01
3.27403280e-01  3.15885225e-01  5.19640871e-01
6.68653770e-01  9.71625499e-01  8.10823470e-01
8.07497098e-01  5.21446612e-01  8.66127391e-01
5.79112259e-01  3.63431142e-01  9.09155092e-01
9.79101280e-01  8.94788508e-01  4.52926672e-01
8.02041964e-01  6.59966233e-01  8.80366703e-01
3.94677415e-01  5.92998067e-01  9.93903562e-01
2.54824029e-01  3.66258009e-01  9.85721404e-01
3.17582479e-01  7.15989626e-01  2.57855050e-01
7.88202513e-01  3.11802857e-01  9.85797115e-01
7.42526965e-01  9.54767067e-01  7.18335406e-01
2.66991691e-01  6.67481785e-01  9.83467726e-01
3.51234093e-01  8.94002948e-01  8.98750380e-01
3.07224827e-01  3.22804053e-01  9.25055156e-01
3.67187904e-01  4.37188555e-01  9.49694941e-01
3.07211063e-01  6.58938678e-01  4.51410310e-01
9.17980440e-01  5.75214633e-01  3.63783775e-01
4.67732566e-01  9.50909693e-01  2.57016126e-01
7.16004126e-01  9.59023259e-01  9.41744779e-01
3.98068211e-01  3.82173000e-01  8.81433918e-01
9.49084773e-01  7.53752033e-01  9.95329140e-01
9.24093824e-01  2.91200852e-01  8.09820353e-01
6.04634563e-01  8.10737563e-01  4.96716099e-01
2.76380629e-01  6.34823145e-01  9.75119104e-01
8.52622821e-01  2.93804271e-01  2.89767731e-01
6.49261995e-01  3.65512621e-01  2.93712074e-01
8.34815132e-01  9.85200958e-01  3.07107701e-01
7.66551540e-01  9.55573973e-01  9.58115818e-01
9.71788599e-01  7.18731268e-01  3.05820774e-01
4.99711033e-01  3.41584208e-01  9.46898659e-01
4.25921423e-01  6.70129464e-01  9.83547061e-01
9.80433429e-01  2.87497169e-01  9.98590774e-01
2.68209436e-01  8.36745029e-01  3.29815623e-01
7.32091936e-01  9.96132706e-01  8.88282572e-01
6.12474823e-01  6.92693476e-01  2.68859466e-01
9.65052388e-01  8.28842092e-01  3.89639127e-01
9.67641892e-01  9.27055356e-01  3.73478746e-01
3.49525952e-01  4.99686901e-01  3.85010574e-01
3.62892098e-01  9.98819486e-01  9.13938940e-01
8.75752174e-01  8.44557335e-01  9.94505433e-01
9.01657792e-01  3.42839223e-01  3.26581556e-01
2.64801369e-01  6.34850425e-01  5.27271960e-01
4.35877897e-01  7.56583824e-01  3.53613403e-01
5.74143828e-01  4.45715184e-01  9.60931198e-01
3.88514955e-01  7.39982836e-01  3.68879865e-01
8.21202236e-01  2.55739084e-01  9.53776289e-01
9.95156089e-01  7.22450556e-01  5.33777447e-01
4.97509710e-01  7.78151385e-01  9.81186200e-01
3.23918711e-01  3.94350480e-01  9.50399365e-01
4.55482585e-01  6.57545413e-01  3.28366730e-01
8.36950033e-01  3.39681084e-01  9.34096869e-01
3.70682606e-01  3.01000002e-01  2.50384955e-01
5.80876725e-01  3.25364811e-01  9.45086105e-01
8.49370681e-01  5.75783567e-01  5.74269533e-01
8.93452127e-01  9.37678367e-01  6.33892410e-01
9.32123607e-01  8.92600490e-01  9.51214941e-01
9.18631696e-01  8.31855406e-01  9.24854603e-01
7.45664142e-01  2.86553336e-01  9.52390122e-01
8.51994031e-01  8.86324781e-01  4.73805243e-01
6.11337911e-01  6.63211264e-01  2.85938229e-01
3.33173173e-01  6.49171240e-01  9.65382011e-01
3.24012312e-01  5.65687597e-01  9.30295087e-01
4.69170227e-01  2.82571773e-01  6.43098861e-01
7.54440582e-01  4.67104193e-01  5.47945694e-01
5.34213328e-01  2.74527552e-01  4.85390863e-01
3.00628882e-01  9.04472816e-01  8.20514863e-01
6.01512853e-01  7.88538669e-01  5.58609173e-01
7.81103726e-01  7.25446502e-01  4.05419459e-01
6.26661862e-01  9.75932849e-01  6.19294040e-01
8.68272873e-01  7.09093730e-01  3.05808101e-01
9.31503922e-01  3.54161312e-01  9.02137877e-01
5.42943818e-01  4.54612329e-01  3.05643710e-01
3.39239187e-01  3.19672060e-01  9.17929911e-01
2.69536960e-01  3.18265365e-01  5.20531131e-01
6.81280373e-01  2.76299174e-01  3.85624633e-01
3.83470788e-01  4.31475418e-01  3.76784269e-01
6.05856322e-01  8.65642320e-01  9.43280418e-01
7.83404236e-01  7.93429601e-01  3.48763155e-01
2.90325555e-01  3.02660405e-01  4.49588605e-01
3.21043181e-01  3.63355517e-01  3.10458196e-01
7.90267963e-01  4.24652888e-01  9.20675807e-01
5.40410906e-01  9.16343673e-01  9.68228488e-01
9.94247766e-01  8.84189960e-01  5.09068828e-01
8.70805007e-01  2.78214757e-01  8.72299185e-01
7.37679169e-01  9.42433135e-01  6.45913726e-01
3.65557052e-01  3.23964881e-01  8.81683218e-01
8.27968962e-01  3.21430657e-01  4.05926953e-01
8.40217560e-01  6.53723510e-01  2.61407040e-01
2.60373236e-01  2.89175526e-01  2.64345507e-01
9.62813396e-01  4.20299735e-01  8.22127538e-01
7.11714423e-01  5.96398114e-01  7.74036270e-01
4.84096025e-01  9.53907624e-01  8.82198383e-01
3.04009579e-01  4.89180360e-01  8.34189004e-01
4.02582223e-01  6.06879285e-01  3.49163708e-01
2.87274252e-01  7.04906785e-01  2.67047841e-01
2.53943623e-01  5.56857050e-01  8.11522141e-01
7.11984978e-01  2.61041819e-01  6.60746851e-01
9.67601522e-01  4.05331773e-01  9.33447579e-01
