3.80471564e-01  2.95021974e-01  7.81361226e-01
9.38337766e-01  2.80759135e-01  8.19156136e-01
7.12093528e-01  3.05678610e-01  9.66992844e-01
9.21330725e-01  2.59560169e-01  7.51010755e-01
2.64614536e-01  3.39914252e-01  5.82397734e-01
6.41240267e-01  7.32466083e-01  5.39018818e-01
2.74970659e-01  9.96677866e-01  3.77202795e-01
7.10869817e-01  9.85705270e-01  6.46196558e-01
9.75268361e-01  7.14541517e-01  8.90628370e-01
9.34251966e-01  3.13662737e-01  5.11958719e-01
2.91679590e-01  8.96718928e-01  9.37963492e-01
2.52963134e-01  9.97810094e-01  7.85549457e-01
3.35490836e-01  5.38858681e-01  4.04503617e-01
3.16257279e-01  3.53341329e-01  4.95675931e-01
7.85937846e-01  4.75707525e-01  2.57202221e-01
4.26350299e-01  9.51432792e-01  3.41254136e-01
9.55394148e-01  9.80904031e-01  2.77453614e-01
7.28512417e-01  9.79745219e-01  8.84768697e-01
3.89197681e-01  3.46920775e-01  2.66703416e-01
3.80286640e-01  6.58761807e-01  2.77173140e-01
7.00784573e-01  9.79745219e-01  9.95277044e-01
9.39981832e-01  8.88551694e-01  8.16221711e-01
7.13330688e-01  2.85556591e-01  2.60370752e-01
3.59624894e-01  2.73992244e-01  5.15514553e-01
4.21899321e-01  4.32213272e-01  9.62839730e-01
4.33939786e-01  4.50121148e-01  3.32592412e-01
3.19344021e-01  3.78035567e-01  9.33782168e-01
8.82064335e-01  6.34850425e-01  9.34606272e-01
8.15992007e-01  3.78084732e-01  4.09926362e-01
8.53923926e-01  9.96677866e-01  4.38231608e-01
5.30009622e-01  2.52180969e-01  9.82456894e-01
7.09399974e-01  2.63123094e-01  9.62123446e-01
6.46910116e-01  9.57984114e-01  9.77107314e-01
9.65052388e-01  8.28842092e-01  3.89639127e-01
3.99213707e-01  7.44610368e-01  4.29936931e-01
4.83548592e-01  8.50267958e-01  3.05416855e-01
9.67641892e-01  9.54880246e-01  8.10562207e-01
6.34858536e-01  3.29077072e-01  2.99324653e-01
6.23885029e-01  5.25929882e-01  7.57993248e-01
9.31493782e-01  9.58926687e-01  7.56906581e-01
9.98649211e-01  7.51444664e-01  5.57919305e-01
2.55943339e-01  4.19605727e-01  6.61731952e-01
3.45177183e-01  6.92562160e-01  8.77787101e-01
7.91322538e-01  6.19837654e-01  6.90966097e-01
7.64025705e-01  7.48562072e-01  8.89441482e-01
8.32786573e-01  8.25353944e-01  9.72892381e-01
7.96462895e-01  2.93994576e-01  8.56718019e-01
3.48054852e-01  2.96710317e-01  5.54384750e-01
9.97466780e-01  6.17509381e-01  3.82488167e-01
9.91687860e-01  9.85136438e-01  3.40070763e-01
3.33173173e-01  5.57016450e-01  3.76252189e-01
7.10546449e-01  9.58926687e-01  2.86546212e-01
9.42531507e-01  9.20585898e-01  3.83116038e-01
8.28496817e-01  6.92787352e-01  7.19248527e-01
3.25297504e-01  6.92439572e-01  9.69504466e-01
7.43106440e-01  4.17193314e-01  2.53553088e-01
7.37803527e-01  4.32213272e-01  2.98227854e-01
6.60694668e-01  6.97179286e-01  4.54523611e-01
5.13743407e-01  5.41680940e-01  9.81205233e-01
4.42571730e-01  9.71108364e-01  9.90269144e-01
5.32991495e-01  8.69312310e-01  2.73881051e-01
5.81379326e-01  4.42910324e-01  4.52965068e-01
5.75514895e-01  4.61096520e-01  9.68861495e-01
7.55605988e-01  3.00629109e-01  9.32607658e-01
8.68196883e-01  6.18580705e-01  2.70995955e-01
7.19720864e-01  4.32494274e-01  5.71682442e-01
5.27588974e-01  9.71655702e-01  5.43903296e-01
6.84910375e-01  8.63546242e-01  9.49277732e-01
9.12959340e-01  8.90475812e-01  2.50932081e-01
9.93406732e-01  6.30110521e-01  7.13810651e-01
2.60069724e-01  3.06442922e-01  7.45844090e-01
4.89430809e-01  9.81121526e-01  6.00620632e-01
3.50067888e-01  3.49665024e-01  6.71362701e-01
8.76881712e-01  8.75428108e-01  9.20210945e-01
9.78698282e-01  7.20524834e-01  3.09821867e-01
8.16939410e-01  8.42680496e-01  8.87821873e-01
5.63528582e-01  4.59252724e-01  9.73350004e-01
5.55388701e-01  9.87593482e-01  2.70285513e-01
4.18600685e-01  7.68014793e-01  2.93444540e-01
6.22717589e-01  8.89968399e-01  3.53578955e-01
2.78473688e-01  2.95179505e-01  9.40860462e-01
3.73764781e-01  8.32095873e-01  8.89933039e-01
4.75528678e-01  9.74361949e-01  3.94869021e-01
7.17655066e-01  3.49625257e-01  9.52472369e-01
7.24795148e-01  8.72908130e-01  9.49782181e-01
3.17846942e-01  9.06443902e-01  4.17310546e-01
7.40491236e-01  2.64343747e-01  2.96147764e-01
8.20404307e-01  5.12179806e-01  2.51841341e-01
8.92644552e-01  5.96751106e-01  7.72474623e-01
8.73586535e-01  6.38257309e-01  9.77211640e-01
9.85753547e-01  4.94955122e-01  6.39301775e-01
2.94100823e-01  8.22169073e-01  7.53213829e-01
8.15252468e-01  3.93135759e-01  9.56656273e-01
8.23256935e-01  3.11284361e-01  4.01626831e-01
3.51978149e-01  6.97179286e-01  9.16219128e-01
5.02270753e-01  6.41917855e-01  9.66021451e-01
3.76836009e-01  3.78433133e-01  7.56380002e-01
6.34149046e-01  7.92759787e-01  6.52138996e-01
2.76229163e-01  3.29077072e-01  7.60686987e-01
9.19304372e-01  2.52047670e-01  6.13436650e-01
8.11609117e-01  3.89172388e-01  3.84375290e-01
4.68910636e-01  7.61248708e-01  6.30626985e-01
2.85174420e-01  2.60623548e-01  7.61541373e-01
9.13455721e-01  9.06443902e-01  8.02155667e-01
6.42405182e-01  4.14811276e-01  2.92643956e-01
3.98550196e-01  8.30408305e-01  4.85518725e-01
3.58549466e-01  9.18125758e-01  8.91418489e-01
8.90072795e-01  8.83382789e-01  2.89156925e-01
7.25241721e-01  6.69291957e-01  2.50779692e-01
2.58170156e-01  6.59400955e-01  9.15998736e-01
5.77759798e-01  9.70581985e-01  9.97095797e-01
8.42234375e-01  9.83741222e-01  7.67427906e-01
6.25576968e-01  9.76794687e-01  2.82939226e-01
6.43010199e-01  9.93626242e-01  3.01042135e-01
4.71974889e-01  7.16754120e-01  8.45573296e-01
3.90694179e-01  7.46655430e-01  8.91915414e-01
2.60982378e-01  6.62763116e-01  2.81458789e-01
3.73584191e-01  6.08333221e-01  9.38026168e-01
3.26686491e-01  3.08401806e-01  7.28412982e-01
9.23224722e-01  4.43376269e-01  9.88628985e-01
4.37944663e-01  3.54477724e-01  8.55946435e-01
8.64471856e-01  4.19605727e-01  8.41576344e-01
2.65229108e-01  6.09590400e-01  2.83142115e-01
5.19222751e-01  4.19064419e-01  2.79984313e-01
4.94137506e-01  4.90203617e-01  9.35601988e-01
6.61819941e-01  2.56781843e-01  3.97977451e-01
9.99745053e-01  9.86798320e-01  5.14134618e-01
2.84070439e-01  8.29114267e-01  8.43059207e-01
3.56630262e-01  7.76005568e-01  4.58459126e-01
2.86228900e-01  2.97257396e-01  8.92319953e-01
6.66385067e-01  9.02573146e-01  3.59677048e-01
8.78113268e-01  5.83863103e-01  9.75652977e-01
8.71517658e-01  5.08352449e-01  6.33876331e-01
9.40995230e-01  3.86129370e-01  7.88900645e-01
2.65565992e-01  8.30637249e-01  9.21913326e-01
9.94150771e-01  4.61096520e-01  2.95622092e-01
2.56639386e-01  3.66992769e-01  7.47893469e-01
3.89661598e-01  9.99898766e-01  3.24515653e-01
9.00367538e-01  3.31353921e-01  7.21339017e-01
9.76748551e-01  8.17531250e-01  2.76524050e-01
2.90103853e-01  4.97734294e-01  8.01055307e-01
3.75196304e-01  3.16926055e-01  4.24225389e-01
3.61413017e-01  2.65847006e-01  6.03306597e-01
7.95712658e-01  2.58743609e-01  4.79888001e-01
6.56913298e-01  6.19055473e-01  5.39402128e-01
8.33649567e-01  9.16024649e-01  8.28589275e-01
8.50245193e-01  2.88186256e-01  9.18585001e-01
8.59472292e-01  8.19829702e-01  3.46821680e-01
2.99133018e-01  8.25601151e-01  6.84669422e-01
3.01587063e-01  3.00629109e-01  2.57844716e-01
