8.04336984e-01  5.51095354e-01  8.78525685e-01  9.22834980e-01  3.38553311e-01  8.85195991e-01
8.18266687e-01  3.31421087e-01  9.74153260e-01  9.12137626e-01  2.20952202e-01  9.81995074e-01
8.52608847e-01  2.86777902e-01  8.86511365e-01  9.25503892e-01  1.92744077e-01  9.02929390e-01
8.93257899e-01  6.78525382e-01  4.94135136e-01  9.77052905e-01  5.63827615e-01  4.85027775e-01
8.90658545e-01  7.29726132e-01  4.69422552e-01  9.73167495e-01  7.90299507e-01  4.56104322e-01
7.75589236e-01  6.33567717e-01  9.22603275e-01  9.12851534e-01  4.36810251e-01  9.26077031e-01
9.55326052e-01  4.86438066e-01  4.07787970e-01  9.92369775e-01  4.23063745e-01  4.19442984e-01
9.15233989e-01  6.17100485e-01  4.59094014e-01  9.79335494e-01  6.10538374e-01  4.58878451e-01
8.70571885e-01  2.15284952e-01  8.71928855e-01  9.28733993e-01  1.50147430e-01  8.92246808e-01
8.33186731e-01  5.38166731e-01  7.88947533e-01  9.33370156e-01  4.10759891e-01  8.00642417e-01
8.80876961e-01  4.84331469e-01  6.61954987e-01  9.52155543e-01  4.04987717e-01  6.81548990e-01
8.84152836e-01  6.87999178e-01  5.18603836e-01  9.71098347e-01  6.09241947e-01  5.11999246e-01
8.40096383e-01  5.20663045e-01  7.76848013e-01  9.35545540e-01  3.96969213e-01  7.89940651e-01
8.94318374e-01  2.87087875e-01  7.44371464e-01  9.45061986e-01  2.09128003e-01  7.73146983e-01
9.04897523e-01  5.58923839e-01  5.32260087e-01  9.73753363e-01  4.16608688e-01  5.40845106e-01
8.20680714e-01  3.86968314e-01  9.29589140e-01  9.17487121e-01  2.53289779e-01  9.39562727e-01
7.85058374e-01  9.08975913e-01  7.11632259e-01  9.41163597e-01  6.59688798e-01  6.92061677e-01
8.37557499e-01  9.77095033e-01  4.89431969e-01  9.68889707e-01  9.88236502e-01  4.37447318e-01
8.01578434e-01  7.45590704e-01  7.61611252e-01  9.33077822e-01  5.90789516e-01  7.60129731e-01
9.11930795e-01  2.60868835e-01  7.01884456e-01  9.51943821e-01  1.83955422e-01  7.35463334e-01
8.31991622e-01  8.32037173e-01  6.02210660e-01  9.56204326e-01  7.08342333e-01  5.84166169e-01
8.64582752e-01  5.91099332e-01  6.48264748e-01  9.51958071e-01  5.09328843e-01  6.58765070e-01
8.56086713e-01  6.98503577e-01  6.07086182e-01  9.56235912e-01  6.15999104e-01  6.05704975e-01
8.73981265e-01  5.09342145e-01  6.69431505e-01  9.54614858e-01  3.28702134e-01  6.84256940e-01
9.58083164e-01  4.75473511e-01  4.05544324e-01  9.90793515e-01  4.61315597e-01  4.20543839e-01
9.28964253e-01  5.06225605e-01  4.84751819e-01  9.78238445e-01  4.65242381e-01  5.00636993e-01
8.71044054e-01  3.08545723e-01  8.09772981e-01  9.35893264e-01  2.11483131e-01  8.31899250e-01
8.27585124e-01  5.65307146e-01  7.90645841e-01  9.32237470e-01  4.42662520e-01  8.00910149e-01
8.74717631e-01  2.19756215e-01  8.54946884e-01  9.31062447e-01  1.52262261e-01  8.76818470e-01
9.12930985e-01  5.02531021e-01  5.41295115e-01  9.69396377e-01  4.52932436e-01  5.59713495e-01
8.10201187e-01  7.49012244e-01  7.30108908e-01  9.38675294e-01  5.78843357e-01  7.27051220e-01
8.20720756e-01  8.74497569e-01  6.13213760e-01  9.54377914e-01  7.32484626e-01  5.90709114e-01
8.94459921e-01  6.02460946e-01  5.39138339e-01  9.66843943e-01  5.77782245e-01  5.46684901e-01
8.03029102e-01  7.24322028e-01  7.70495214e-01  9.35356277e-01  4.91738195e-01  7.68841272e-01
8.17638391e-01  3.41887974e-01  9.69491291e-01  9.14196900e-01  1.86749857e-01  9.76843504e-01
7.74824767e-01  5.39586939e-01  9.86222426e-01  9.04988121e-01  3.77782436e-01  9.90397246e-01
8.08398830e-01  7.70675251e-01  7.22462563e-01  9.40825518e-01  5.67072889e-01  7.16551431e-01
8.37794454e-01  5.82796878e-01  7.44324370e-01  9.40236783e-01  4.23893994e-01  7.53520835e-01
8.39588602e-01  4.75330297e-01  8.08006748e-01  9.35015518e-01  2.80542162e-01  8.20751480e-01
7.56769298e-01  6.84481633e-01  9.53458369e-01  9.08033957e-01  4.46143748e-01  9.54770756e-01
7.98806313e-01  5.10832480e-01  9.23449459e-01  9.14926703e-01  3.60331597e-01  9.30777585e-01
8.13605729e-01  6.65058166e-01  7.73354489e-01  9.36857526e-01  4.25450193e-01  7.75338577e-01
8.07130777e-01  4.58098093e-01  9.29420457e-01  9.16237223e-01  2.96354868e-01  9.37437617e-01
8.04484579e-01  5.12217149e-01  9.03268081e-01  9.20442714e-01  2.97415931e-01  9.10221357e-01
9.09225311e-01  6.37850712e-01  4.66025235e-01  9.75618936e-01  6.83799009e-01  4.65460229e-01
8.74249712e-01  6.20515115e-01  5.96341204e-01  9.59417078e-01  5.43588764e-01  6.02872069e-01
9.40385713e-01  2.24745538e-01  6.28415427e-01  9.62440519e-01  1.71907794e-01  6.70478802e-01
7.58466397e-01  8.41158206e-01  8.46264690e-01  9.22753468e-01  5.40278368e-01  8.38739070e-01
7.62982034e-01  7.44901066e-01  8.93129416e-01  9.15545212e-01  5.06510673e-01  8.92393729e-01
8.70624766e-01  3.23853570e-01  8.01257662e-01  9.36209214e-01  2.38029311e-01  8.23623131e-01
8.48911041e-01  5.95030425e-01  6.98632572e-01  9.47565794e-01  4.22674580e-01  7.06814163e-01
9.17470043e-01  4.26414216e-01  5.75299721e-01  9.68202055e-01  3.13501991e-01  6.00198906e-01
8.11414749e-01  4.06949067e-01  9.48083168e-01  9.13776571e-01  2.81972433e-01  9.56602219e-01
7.51938688e-01  6.75902714e-01  9.75433610e-01  9.04346484e-01  4.51791026e-01  9.77086060e-01
9.69752629e-01  3.28774951e-01  4.61159319e-01  9.86303623e-01  2.57316670e-01  4.97361500e-01
8.17788937e-01  7.08090718e-01  7.31209286e-01  9.41244939e-01  4.97415110e-01  7.30262577e-01
8.31088408e-01  2.83247577e-01  9.61591831e-01  9.15711956e-01  1.68089454e-01  9.71006012e-01
8.13883198e-01  8.03400254e-01  6.82294146e-01  9.44993792e-01  6.38534759e-01  6.72483114e-01
9.16145694e-01  2.01985449e-01  7.25503812e-01  9.49067618e-01  1.50880390e-01  7.61176784e-01
7.73826508e-01  5.96396679e-01  9.52724811e-01  9.08698518e-01  4.19370923e-01  9.56813165e-01
9.22773981e-01  3.62585299e-01  5.98729304e-01  9.66608509e-01  2.35216006e-01  6.28848362e-01
7.60197023e-01  6.40751280e-01  9.70212081e-01  9.06150396e-01  4.22046805e-01  9.72522270e-01
9.75783970e-01  2.59448770e-01  4.85687173e-01  9.82434709e-01  2.19407208e-01  5.31093938e-01
9.41823063e-01  3.98662110e-01  5.10921439e-01  9.77820731e-01  3.12583461e-01  5.39257169e-01
7.80444353e-01  6.05337491e-01  9.24445065e-01  9.13113521e-01  4.18178527e-01  9.28783967e-01
8.76253745e-01  5.84168901e-01  6.12836197e-01  9.59472362e-01  4.57985895e-01  6.22155787e-01
8.64326359e-01  2.59005978e-01  8.64453663e-01  9.29820432e-01  1.55405394e-01  8.83526184e-01
8.02560018e-01  3.89262807e-01  9.89639485e-01  9.07984950e-01  2.73422699e-01  9.95752587e-01
8.39368546e-01  8.74739540e-01  5.49437014e-01  9.62042792e-01  8.14890550e-01  5.21644849e-01
8.52136277e-01  6.38738277e-01  6.59302545e-01  9.49478130e-01  5.46221806e-01  6.65464027e-01
8.80022638e-01  6.69662866e-01  5.44830012e-01  9.64575002e-01  6.50052492e-01  5.44734084e-01
8.62193349e-01  8.38967206e-01  4.95157213e-01  9.72484416e-01  7.74536408e-01  4.64195329e-01
8.22141779e-01  8.14062768e-01  6.47327300e-01  9.48867558e-01  6.91234276e-01  6.35237006e-01
8.58946743e-01  7.37186583e-01  5.72557720e-01  9.60433100e-01  6.76448955e-01  5.65076798e-01
8.28849406e-01  8.23894383e-01  6.18166968e-01  9.52496012e-01  7.27644066e-01  6.03399218e-01
8.11516803e-01  6.28226647e-01  8.04360735e-01  9.30817413e-01  4.44047003e-01  8.09689674e-01
8.01155030e-01  6.70343511e-01  8.12202551e-01  9.28256271e-01  4.89777650e-01  8.15344823e-01
8.43414716e-01  1.97630068e-01  9.75323680e-01  9.14836018e-01  1.32068280e-01  9.85104023e-01
9.74453622e-01  3.32334450e-01  4.43183531e-01  9.88441298e-01  2.78918676e-01  4.79085234e-01
8.85767967e-01  6.14484680e-01  5.61145228e-01  9.68893354e-01  4.50293956e-01  5.64076203e-01
7.80535358e-01  7.04123711e-01  8.60292232e-01  9.20056269e-01  5.15812280e-01  8.61794353e-01
9.42684310e-01  3.29559302e-01  5.52859918e-01  9.71607509e-01  2.69907032e-01  5.89143581e-01
8.92663458e-01  2.53344173e-01  7.71899871e-01  9.42613297e-01  1.62397141e-01  7.99850708e-01
8.43310056e-01  3.97185803e-01  8.46105417e-01  9.28891162e-01  2.73921702e-01  8.61580326e-01
8.33847744e-01  3.56553136e-01  9.04621975e-01  9.21800269e-01  2.30749207e-01  9.17213162e-01
8.65582114e-01  5.99482294e-01  6.39428677e-01  9.53078572e-01  5.19854446e-01  6.49102288e-01
8.72985486e-01  2.55749988e-01  8.37161796e-01  9.33733344e-01  1.53438689e-01  8.58899104e-01
8.46148123e-01  8.38896507e-01  5.49686352e-01  9.61979399e-01  7.92519887e-01  5.27318238e-01
7.66023520e-01  6.38130423e-01  9.52126122e-01  9.07914435e-01  4.47584469e-01  9.55197953e-01
8.35672106e-01  3.43657716e-01  9.06799231e-01  9.21346015e-01  2.32149100e-01  9.19796325e-01
9.57941549e-01  4.46408397e-01  4.25192252e-01  9.88019985e-01  4.30410848e-01  4.46119648e-01
9.38151296e-01  2.54762333e-01  6.16812611e-01  9.64217661e-01  1.83857654e-01  6.56786500e-01
8.11028564e-01  5.54312449e-01  8.54008792e-01  9.23469774e-01  4.18595555e-01  8.62796017e-01
9.74485823e-01  4.03115039e-01  3.97122476e-01  9.95481230e-01  3.37419101e-01  4.20172913e-01
8.47736360e-01  5.28365605e-01  7.46201486e-01  9.41970477e-01  3.57449711e-01  7.58564470e-01
8.25127692e-01  5.52023135e-01  8.07319193e-01  9.32368779e-01  3.70176412e-01  8.16618537e-01
9.00041456e-01  2.05432149e-01  7.78250183e-01  9.41810031e-01  1.49407826e-01  8.08575816e-01
8.74184670e-01  2.84146500e-01  8.14949755e-01  9.36072087e-01  1.82551012e-01  8.37564598e-01
8.14720859e-01  6.34375425e-01  7.89190485e-01  9.33092061e-01  4.45680806e-01  7.94203575e-01
8.76182769e-01  4.11516582e-01  7.25170137e-01  9.45266183e-01  3.13037679e-01  7.47372665e-01
7.70095273e-01  6.57293797e-01  9.26153728e-01  9.13044449e-01  4.24417721e-01  9.28274049e-01
7.50653582e-01  6.94270660e-01  9.68169391e-01  9.05987212e-01  4.43456832e-01  9.69043815e-01
8.51494860e-01  2.60728048e-01  9.06911460e-01  9.23767070e-01  1.57047733e-01  9.21954680e-01
8.67083886e-01  4.24717652e-01  7.47497639e-01  9.43358803e-01  2.82394133e-01  7.66817716e-01
8.78898294e-01  8.03678827e-01  4.61641561e-01  9.76841123e-01  7.92320423e-01  4.32589912e-01
8.95117427e-01  5.81361675e-01  5.50901537e-01  9.65861434e-01  5.45371702e-01  5.61131578e-01
8.86243230e-01  6.67529171e-01  5.24794974e-01  9.67481377e-01  6.57808768e-01  5.23756377e-01
9.34527339e-01  3.09604453e-01  5.93215641e-01  9.67039111e-01  2.21529216e-01  6.29309802e-01
7.91144249e-01  7.82774098e-01  7.73200431e-01  9.32342409e-01  5.78045600e-01  7.68361908e-01
8.52019837e-01  2.05289086e-01  9.41125709e-01  9.19372302e-01  1.38783078e-01  9.54435270e-01
9.20882153e-01  5.85960624e-01  4.60429706e-01  9.82110730e-01  5.20868021e-01  4.62711972e-01
9.04689757e-01  2.54055822e-01  7.30599209e-01  9.48793256e-01  1.55550312e-01  7.61836483e-01
9.40274966e-01  2.94848852e-01  5.83278516e-01  9.68260662e-01  2.21489474e-01  6.21486637e-01
8.32069335e-01  6.50824613e-01  7.19597859e-01  9.41200379e-01  5.20027550e-01  7.24708159e-01
8.18501345e-01  5.41592409e-01  8.36594518e-01  9.29421243e-01  3.30158680e-01  8.44940485e-01
8.00809779e-01  6.56795210e-01  8.22171827e-01  9.27741033e-01  4.60012410e-01  8.25656700e-01
9.39085056e-01  2.60865318e-01  6.09679605e-01  9.64898504e-01  1.95348829e-01  6.49715454e-01
9.30748123e-01  4.21545033e-01  5.33670964e-01  9.72127639e-01  3.75349902e-01  5.60983080e-01
8.67066323e-01  8.32719385e-01  4.82963816e-01  9.68206695e-01  9.24659437e-01  4.56795128e-01
9.16272783e-01  3.63544311e-01  6.20182434e-01  9.63351822e-01  2.35941549e-01  6.49559292e-01
9.64623727e-01  3.05499822e-01  4.93685353e-01  9.81347243e-01  2.40475957e-01  5.33106250e-01
9.46039246e-01  2.93595938e-01  5.64518845e-01  9.71740244e-01  2.04836310e-01  6.03096573e-01
8.45772215e-01  3.71220149e-01  8.54602880e-01  9.27585390e-01  2.70007908e-01  8.70874612e-01
7.93678196e-01  6.43151330e-01  8.55248971e-01  9.23590750e-01  4.31963577e-01  8.58872803e-01
8.22398107e-01  2.95173196e-01  9.83659501e-01  9.11921434e-01  1.88185015e-01  9.91096474e-01
8.87906879e-01  3.60656728e-01  7.18378789e-01  9.47566935e-01  2.63954462e-01  7.44176535e-01
8.45857398e-01  2.77466131e-01  9.15187996e-01  9.21261223e-01  1.93446246e-01  9.29452627e-01
7.93391500e-01  4.88075854e-01  9.56913026e-01  9.11914595e-01  3.09191433e-01  9.62649084e-01
7.59575842e-01  6.27812826e-01  9.81020645e-01  9.05227386e-01  4.03863970e-01  9.83238247e-01
9.22329839e-01  3.16504884e-01  6.30451750e-01  9.62165858e-01  2.09875404e-01  6.63816929e-01
7.82724724e-01  8.18724177e-01  7.78153953e-01  9.32838789e-01  5.56285469e-01  7.69786189e-01
8.14530238e-01  9.97030141e-01  5.54384437e-01  9.61639325e-01  8.84369807e-01  5.07873728e-01
9.21670891e-01  6.45026729e-01  4.19404643e-01  9.86951468e-01  6.17700573e-01  4.08875851e-01
9.46960883e-01  3.73337138e-01  5.09619275e-01  9.76699639e-01  3.28704019e-01  5.42133907e-01
8.74131151e-01  6.66206694e-01  5.66781897e-01  9.63644109e-01  5.80671361e-01  5.66521728e-01
8.68319837e-01  6.99218932e-01  5.65380102e-01  9.63735647e-01  6.04587885e-01  5.60820086e-01
8.59472170e-01  3.25625297e-01  8.37682938e-01  9.31497408e-01  2.23108584e-01  8.56832590e-01
7.61430877e-01  7.17361224e-01  9.16577166e-01  9.14591894e-01  4.33947846e-01  9.16107652e-01
8.28744392e-01  3.83020362e-01  9.04768038e-01  9.21546034e-01  2.41128956e-01  9.16399445e-01
8.74142581e-01  3.92663232e-01  7.44636271e-01  9.42726245e-01  3.00612843e-01  7.67100423e-01
7.81964287e-01  5.10233485e-01  9.81036681e-01  9.08778280e-01  2.97962472e-01  9.84887559e-01
8.18607254e-01  4.02612424e-01  9.26472729e-01  9.17331803e-01  2.71061649e-01  9.36374257e-01
8.81864583e-01  2.46021510e-01  8.13325623e-01  9.37045723e-01  1.52767745e-01  8.37817718e-01
8.81028047e-01  3.19056363e-01  7.69044882e-01  9.41903732e-01  2.10582545e-01  7.93571641e-01
8.47031431e-01  9.10890216e-01  4.99946874e-01  9.71281489e-01  8.33948010e-01  4.57920610e-01
9.73552745e-01  3.56091071e-01  4.30521608e-01  9.87936285e-01  3.51922232e-01  4.64619313e-01
8.28836453e-01  3.80539806e-01  9.06066085e-01  9.21527982e-01  2.36403441e-01  9.17627820e-01
9.26106471e-01  4.96813397e-01  5.00268804e-01  9.77375965e-01  4.17553197e-01  5.16878794e-01
9.74597901e-01  2.85863552e-01  4.72863209e-01  9.84078215e-01  2.44018059e-01  5.15277785e-01
7.95809962e-01  6.03604438e-01  8.73388277e-01  9.19658967e-01  4.49379740e-01  8.79467137e-01
8.24265604e-01  5.25676422e-01  8.27650575e-01  9.30004117e-01  3.47499721e-01  8.37636351e-01
8.33458124e-01  7.04546343e-01  6.80300583e-01  9.45732447e-01  5.86482402e-01  6.80518415e-01
7.65919312e-01  6.41710784e-01  9.50155933e-01  9.09578141e-01  4.13634946e-01  9.52523347e-01
8.52792023e-01  4.15898124e-01  8.02053720e-01  9.34743011e-01  2.95692820e-01  8.19447874e-01
9.01979345e-01  4.97939064e-01  5.81463980e-01  9.64068034e-01  4.25187863e-01  6.00410609e-01
7.99477584e-01  6.20991563e-01  8.49645028e-01  9.24953719e-01  4.11889744e-01  8.54343404e-01
8.11755666e-01  7.37131562e-01  7.32841306e-01  9.38228183e-01  5.76510017e-01  7.30983681e-01
8.28947738e-01  2.79128766e-01  9.71536201e-01  9.13840403e-01  1.79349051e-01  9.80355780e-01
8.75283704e-01  7.57764413e-01  5.03425968e-01  9.67110460e-01  8.10938857e-01  4.90081960e-01
7.54176511e-01  8.00359214e-01  8.87322935e-01  9.17212276e-01  5.02376389e-01  8.83193864e-01
7.45179783e-01  7.48709367e-01  9.51411531e-01  9.07989866e-01  4.67358221e-01  9.50574705e-01
7.68947215e-01  5.98967511e-01  9.67626206e-01  9.06753952e-01  4.11435682e-01  9.71150543e-01
8.76176276e-01  6.97261499e-01  5.39973721e-01  9.69983555e-01  5.56527438e-01  5.32074399e-01
8.24183924e-01  6.32629455e-01  7.58487461e-01  9.39683013e-01  4.02269539e-01  7.62679181e-01
8.50546541e-01  5.39800377e-01  7.28936947e-01  9.44027206e-01  3.73673169e-01  7.41040725e-01
7.73508736e-01  6.90294196e-01  8.92837248e-01  9.17849139e-01  4.38013037e-01  8.93748280e-01
9.60264253e-01  2.87709594e-01  5.20335417e-01  9.76564795e-01  2.49405942e-01  5.62184616e-01
8.29867391e-01  3.19544822e-01  9.42169925e-01  9.17997987e-01  1.84844244e-01  9.52402507e-01
8.53717520e-01  3.57455261e-01  8.36558421e-01  9.30328156e-01  2.63704431e-01  8.54771780e-01
7.69456155e-01  6.68320889e-01  9.21164444e-01  9.13860262e-01  4.25287222e-01  9.22838174e-01
8.30259736e-01  4.63492657e-01  8.47371972e-01  9.28255969e-01  3.00220090e-01  8.59461354e-01
8.17906890e-01  7.71277463e-01  6.89783844e-01  9.44065882e-01  6.18736925e-01  6.83610307e-01
9.65308616e-01  4.23786897e-01  4.14565682e-01  9.88718069e-01  4.39017576e-01  4.39101095e-01
9.72572639e-01  2.51090558e-01  5.02017746e-01  9.80341257e-01  2.05166520e-01  5.47869780e-01
8.78646332e-01  2.67473043e-01  8.10326680e-01  9.37378317e-01  1.60204212e-01  8.33934191e-01
7.65676213e-01  6.60702022e-01  9.38651061e-01  9.12259320e-01  3.93704392e-01  9.40023704e-01
7.56862964e-01  6.30637597e-01  9.88399284e-01  9.03108852e-01  4.29216924e-01  9.90853431e-01
9.19498908e-01  3.93796323e-01  5.89586812e-01  9.66096599e-01  2.95726157e-01  6.17884129e-01
8.14192875e-01  7.05645202e-01  7.45008158e-01  9.38114888e-01  5.19447563e-01  7.45145144e-01
8.68698070e-01  3.81149699e-01  7.70600652e-01  9.40931872e-01  2.46883267e-01  7.91256415e-01
9.49731292e-01  3.61676424e-01  5.07782859e-01  9.79599501e-01  2.59781118e-01  5.39767412e-01
8.44776426e-01  5.31227480e-01  7.54394383e-01  9.39782849e-01  3.81711268e-01  7.66879389e-01
8.10793152e-01  4.26234092e-01  9.37672980e-01  9.16807168e-01  2.46403850e-01  9.45544015e-01
8.91507496e-01  2.84903291e-01  7.55335532e-01  9.45009082e-01  1.70582986e-01  7.82561442e-01
7.73417954e-01  7.08452469e-01  8.81652972e-01  9.18826173e-01  4.63603522e-01  8.81974351e-01
9.04896140e-01  5.21686643e-01  5.56440065e-01  9.69948155e-01  3.93392483e-01  5.70709790e-01
7.95985893e-01  5.69969360e-01  8.94630653e-01  9.19141110e-01  3.74029689e-01  9.00528799e-01
8.51532015e-01  4.83244766e-01  7.62309913e-01  9.40991456e-01  3.04561531e-01  7.76778054e-01
8.12985222e-01  5.12366607e-01  8.74600524e-01  9.24722912e-01  2.99927702e-01  8.82700847e-01
9.10044807e-01  3.68797340e-01  6.38217327e-01  9.59388049e-01  2.70813247e-01  6.67280839e-01
8.18309698e-01  9.01766850e-01  6.03696978e-01  9.56921627e-01  7.26711598e-01  5.75758214e-01
8.57604147e-01  4.65466049e-01  7.53529704e-01  9.40106585e-01  3.55794725e-01  7.70905513e-01
8.57073618e-01  3.67178319e-01  8.18848631e-01  9.33005976e-01  2.63211596e-01  8.37717318e-01
7.74932364e-01  6.02473005e-01  9.45024154e-01  9.10462366e-01  4.05313310e-01  9.48812850e-01
8.10573175e-01  4.36486064e-01  9.32060275e-01  9.16175170e-01  2.86976390e-01  9.40559903e-01
9.05613690e-01  6.63345886e-01  4.61736910e-01  9.77784174e-01  6.67652001e-01  4.55378615e-01
8.66554016e-01  7.06653697e-01  5.66549531e-01  9.64739558e-01  5.79971173e-01  5.60178840e-01
8.10419181e-01  5.20887050e-01  8.77483745e-01  9.21739393e-01  3.63765313e-01  8.86284941e-01
8.61573240e-01  7.82611580e-01  5.33850161e-01  9.64809404e-01  7.55575750e-01  5.17870639e-01
8.21331350e-01  3.46706419e-01  9.53522265e-01  9.14710035e-01  2.30474895e-01  9.62741807e-01
9.01469803e-01  5.75453488e-01  5.32869715e-01  9.69989000e-01  5.11792734e-01  5.42055607e-01
8.89452080e-01  3.96027107e-01  6.90465465e-01  9.51823359e-01  2.75276769e-01  7.14734680e-01
7.86351175e-01  5.08169470e-01  9.67776034e-01  9.10811575e-01  2.98638589e-01  9.72206587e-01
8.79142937e-01  3.40189429e-01  7.61427973e-01  9.42661041e-01  2.23170200e-01  7.85235801e-01
8.48691143e-01  8.03829328e-01  5.64116118e-01  9.64457409e-01  6.53521989e-01  5.44671186e-01
7.44576297e-01  8.40235234e-01  8.93736372e-01  9.15419802e-01  5.28330820e-01  8.88060321e-01
8.56270669e-01  6.67777459e-01  6.26410565e-01  9.56233863e-01  5.24002909e-01  6.27377756e-01
8.70984235e-01  6.01944254e-01  6.19189103e-01  9.57229489e-01  4.96347967e-01  6.27504975e-01
8.39288953e-01  2.31717563e-01  9.67201665e-01  9.16280514e-01  1.27747758e-01  9.76858813e-01
9.15682486e-01  5.95544241e-01  4.71566165e-01  9.81136920e-01  5.03138811e-01  4.72613842e-01
7.43910669e-01  6.97313135e-01  9.88795391e-01  9.01955870e-01  4.62167122e-01  9.89972214e-01
7.83611399e-01  7.98457253e-01  7.88301433e-01  9.31363253e-01  5.44982531e-01  7.81908634e-01
8.19970569e-01  5.39539297e-01  8.32937120e-01  9.27662907e-01  3.87534109e-01  8.42706260e-01
9.15016134e-01  6.17383642e-01  4.59947384e-01  9.77639090e-01  6.49151080e-01  4.61180890e-01
9.65363441e-01  4.14843235e-01  4.20483515e-01  9.88999106e-01  4.05214200e-01  4.45773898e-01
8.64723326e-01  4.12590022e-01  7.63685315e-01  9.41615183e-01  2.64470198e-01  7.82734211e-01
7.90213887e-01  5.59412182e-01  9.21385013e-01  9.15792858e-01  3.56559040e-01  9.26628071e-01
8.19667997e-01  6.49727043e-01  7.62721367e-01  9.37321392e-01  4.50203823e-01  7.66536135e-01
9.00963070e-01  3.71098891e-01  6.67264455e-01  9.55974332e-01  2.46867140e-01  6.94291278e-01
7.55814593e-01  8.05578510e-01  8.78073438e-01  9.18044180e-01  5.17891459e-01  8.73690358e-01
9.18625584e-01  3.49179687e-01  6.21518802e-01  9.62185543e-01  2.53460533e-01  6.52912740e-01
8.93067002e-01  3.54443994e-01  7.04890197e-01  9.50382202e-01  2.41290629e-01  7.31461023e-01
8.40948400e-01  2.62477336e-01  9.41592116e-01  9.18202660e-01  1.74190940e-01  9.53598448e-01
9.38212910e-01  5.35816665e-01  4.33838746e-01  9.84240167e-01  5.42532113e-01  4.43441583e-01
7.92670690e-01  5.14198205e-01  9.42399709e-01  9.14334409e-01  3.06335166e-01  9.47805196e-01
8.50088236e-01  2.37697921e-01  9.26641839e-01  9.20619148e-01  1.62927181e-01  9.40755472e-01
8.86992521e-01  6.77661359e-01  5.15672806e-01  9.70381414e-01  6.31798535e-01  5.11285460e-01
9.16551341e-01  2.47083621e-01  6.95144160e-01  9.52592695e-01  1.87295316e-01  7.30516383e-01
8.41936722e-01  4.67106680e-01  8.05669688e-01  9.35383864e-01  2.79971884e-01  8.19040093e-01
8.49587996e-01  3.86915770e-01  8.31454771e-01  9.32529616e-01  2.33902339e-01  8.47672563e-01
8.17440764e-01  5.70607480e-01  8.21357091e-01  9.30550859e-01  3.67288582e-01  8.28955137e-01
8.58390678e-01  5.94773092e-01  6.66609403e-01  9.52655067e-01  4.21055489e-01  6.74562989e-01
8.91736961e-01  6.56430602e-01  5.13345994e-01  9.69912527e-01  6.39246336e-01  5.12538419e-01
8.32524139e-01  2.52724784e-01  9.76832655e-01  9.13333188e-01  1.72658457e-01  9.85699712e-01
8.99719009e-01  4.86661802e-01  5.96461359e-01  9.64722417e-01  3.46725128e-01  6.14688055e-01
7.96750008e-01  8.17896833e-01  7.31361281e-01  9.40223930e-01  5.65088784e-01  7.20875951e-01
9.27537222e-01  5.08031762e-01  4.88127334e-01  9.78651003e-01  4.41311065e-01  5.03109871e-01
7.80656223e-01  5.93652193e-01  9.31611417e-01  9.14277787e-01  3.61317997e-01  9.35222507e-01
8.20637762e-01  1.04614997e+00  5.01755099e-01  9.67810220e-01  1.01011077e+00  4.38702621e-01
8.74580799e-01  4.12531041e-01  7.29951707e-01  9.45419784e-01  2.91983159e-01  7.51344937e-01
9.71892034e-01  3.70863318e-01  4.26570455e-01  9.91076108e-01  3.02320129e-01  4.56165371e-01
9.39724967e-01  3.76452276e-01  5.32167377e-01  9.75794189e-01  2.67291917e-01  5.62398398e-01
8.47208403e-01  3.66960522e-01  8.52789295e-01  9.28713093e-01  2.49501017e-01  8.68988142e-01
8.60886925e-01  7.30652996e-01  5.69914328e-01  9.64159965e-01  5.91922940e-01  5.60565017e-01
8.48275412e-01  4.49108200e-01  7.95830170e-01  9.37084578e-01  2.69166316e-01  8.10679093e-01
8.40737308e-01  6.51783633e-01  6.89540583e-01  9.44485663e-01  5.56422363e-01  6.95074005e-01
8.33194620e-01  3.57550501e-01  9.06489867e-01  9.21225304e-01  2.40806857e-01  9.19048085e-01
9.59193490e-01  2.53408229e-01  5.46240475e-01  9.73645602e-01  2.08470808e-01  5.90540039e-01
8.05726534e-01  4.91146071e-01  9.12730413e-01  9.16551977e-01  3.56298958e-01  9.21305498e-01
9.17204143e-01  4.00962503e-01  5.92726486e-01  9.65462629e-01  3.02740604e-01  6.20297621e-01
