8.91672602e-01  4.88674786e-01  6.22467788e-01  9.60188352e-01  3.59255984e-01  6.40805595e-01
8.93186252e-01  4.85864784e-01  6.19152498e-01  9.60690603e-01  3.58301287e-01  6.37810030e-01
8.92719142e-01  4.85868849e-01  6.20735921e-01  9.60462269e-01  3.57873942e-01  6.39374677e-01
8.92826586e-01  4.84803669e-01  6.21062619e-01  9.60461811e-01  3.56169547e-01  6.39778883e-01
8.35728184e-01  6.64731192e-01  6.98442818e-01  9.46673848e-01  4.75327309e-01  7.00652798e-01
8.92156797e-01  4.84873983e-01  6.23291224e-01  9.60120208e-01  3.56097976e-01  6.41986029e-01
8.93574496e-01  4.86639775e-01  6.17331092e-01  9.60947493e-01  3.59290463e-01  6.35930020e-01
8.92179913e-01  4.87726362e-01  6.21360949e-01  9.60367142e-01  3.58662299e-01  6.39799004e-01
8.92340559e-01  4.86212254e-01  6.21798450e-01  9.60307055e-01  3.57790342e-01  6.40389559e-01
8.92301670e-01  4.85065722e-01  6.22674832e-01  9.60201441e-01  3.56534843e-01  6.41362326e-01
8.93225491e-01  4.83890996e-01  6.20300657e-01  9.60550482e-01  3.56480777e-01  6.39137069e-01
8.93575070e-01  4.86799410e-01  6.17225509e-01  9.60942295e-01  3.59889469e-01  6.35822317e-01
8.92986221e-01  4.85429006e-01  6.20114608e-01  9.60562673e-01  3.57580341e-01  6.38800030e-01
8.93104487e-01  4.86793310e-01  6.18827322e-01  9.60744701e-01  3.58633963e-01  6.37384839e-01
8.92263351e-01  4.88352112e-01  6.20671396e-01  9.60432223e-01  3.59968999e-01  6.39074074e-01
8.92654819e-01  4.86754871e-01  6.20379117e-01  9.60491670e-01  3.58907040e-01  6.38942932e-01
8.91998148e-01  4.90483997e-01  6.20187854e-01  9.60485516e-01  3.61463884e-01  6.38380424e-01
8.92277836e-01  4.87281863e-01  6.21317025e-01  9.60372701e-01  3.58493150e-01  6.39803183e-01
8.92430770e-01  4.89966211e-01  6.19055045e-01  9.60665614e-01  3.61134045e-01  6.37303328e-01
8.90983003e-01  4.90148211e-01  6.23852752e-01  9.59972736e-01  3.59929107e-01  6.42029604e-01
8.93402249e-01  4.85640032e-01  6.18564994e-01  9.60773456e-01  3.58405105e-01  6.37254353e-01
8.93064680e-01  4.84752320e-01  6.20287513e-01  9.60577679e-01  3.56255349e-01  6.39015762e-01
8.93543587e-01  4.87181659e-01  6.17084250e-01  9.60984091e-01  3.59579929e-01  6.35627206e-01
8.93544984e-01  4.84210308e-01  6.19008527e-01  9.60747260e-01  3.56718454e-01  6.37819414e-01
8.92689570e-01  4.90136373e-01  6.18065827e-01  9.60806025e-01  3.61539441e-01  6.36307592e-01
8.92771632e-01  4.83241410e-01  6.22263442e-01  9.60286500e-01  3.55199858e-01  6.41131245e-01
8.92727668e-01  4.87277623e-01  6.19792383e-01  9.60607503e-01  3.58541391e-01  6.38286320e-01
8.91585468e-01  4.88152962e-01  6.23102423e-01  9.60119574e-01  3.58295923e-01  6.41472619e-01
8.91643796e-01  4.88316781e-01  6.22798020e-01  9.60118217e-01  3.59554944e-01  6.41184904e-01
8.93228363e-01  4.88376549e-01  6.17378855e-01  9.60906913e-01  3.60886410e-01  6.35814464e-01
8.93072486e-01  4.86425317e-01  6.19174886e-01  9.60707169e-01  3.58066026e-01  6.37759201e-01
8.91224900e-01  4.89083747e-01  6.23722451e-01  9.59996352e-01  3.59370009e-01  6.42009814e-01
8.92755928e-01  4.87742931e-01  6.19394348e-01  9.60627682e-01  3.59767275e-01  6.37868322e-01
8.92865069e-01  4.83094292e-01  6.22041687e-01  9.60327028e-01  3.54984443e-01  6.40922101e-01
8.91729296e-01  4.87643866e-01  6.22944568e-01  9.60128604e-01  3.58445164e-01  6.41379581e-01
8.92742566e-01  4.90469398e-01  6.17669678e-01  9.60853913e-01  3.62025745e-01  6.35886051e-01
8.91161303e-01  4.89394002e-01  6.23736975e-01  9.59995918e-01  3.59464527e-01  6.41990348e-01
8.93283624e-01  4.88630479e-01  6.17026364e-01  9.60954446e-01  3.61179646e-01  6.35440657e-01
8.93079165e-01  4.89428918e-01  6.17202251e-01  9.60940216e-01  3.61222528e-01  6.35521802e-01
8.67252971e-01  6.66622448e-01  5.90164987e-01  9.57673656e-01  6.33859011e-01  5.92797520e-01
8.93323507e-01  4.83405633e-01  6.20282949e-01  9.60566012e-01  3.55950812e-01  6.39162268e-01
8.93194784e-01  4.88235348e-01  6.17584540e-01  9.60877508e-01  3.60759282e-01  6.36032934e-01
8.92324785e-01  4.88618416e-01  6.20289913e-01  9.60505401e-01  3.59750439e-01  6.38656329e-01
8.93525051e-01  4.86661196e-01  6.17485076e-01  9.60943843e-01  3.58805818e-01  6.36067523e-01
8.93031528e-01  4.87323986e-01  6.18730535e-01  9.60744610e-01  3.59242823e-01  6.37242080e-01
8.91621465e-01  4.89357450e-01  6.22198234e-01  9.60194975e-01  3.60421950e-01  6.40488622e-01
8.92290457e-01  4.85809259e-01  6.22230197e-01  9.60264531e-01  3.57012235e-01  6.40845405e-01
8.93491597e-01  4.85303250e-01  6.18480256e-01  9.60810575e-01  3.57669122e-01  6.37189627e-01
8.92354464e-01  4.91633535e-01  6.18231704e-01  9.60761908e-01  3.62664877e-01  6.36325496e-01
8.92196494e-01  4.90006506e-01  6.19824366e-01  9.60519226e-01  3.61804082e-01  6.38084188e-01
7.66179497e-01  6.34827124e-01  9.54040254e-01  9.10547322e-01  3.75090311e-01  9.55900334e-01
8.92951096e-01  4.85468504e-01  6.20208233e-01  9.60558366e-01  3.57348723e-01  6.38882174e-01
8.91953659e-01  4.89108198e-01  6.21232093e-01  9.60348602e-01  3.60224141e-01  6.39550164e-01
8.93415330e-01  4.84794748e-01  6.19069343e-01  9.60723246e-01  3.57337342e-01  6.37827674e-01
8.92237655e-01  4.86505387e-01  6.21957552e-01  9.60281975e-01  3.57931202e-01  6.40517202e-01
8.92422421e-01  4.89800652e-01  6.19190877e-01  9.60611864e-01  3.61854073e-01  6.37478437e-01
8.93324425e-01  4.84420565e-01  6.19620930e-01  9.60672355e-01  3.56321062e-01  6.38393250e-01
8.92202012e-01  4.90265470e-01  6.19637508e-01  9.60559599e-01  3.61645379e-01  6.37862688e-01
8.93101133e-01  4.84249685e-01  6.20490050e-01  9.60519750e-01  3.56674666e-01  6.39288467e-01
8.93294885e-01  4.87793342e-01  6.17531602e-01  9.60924233e-01  3.59620936e-01  6.36001348e-01
8.92332809e-01  4.89525647e-01  6.19673689e-01  9.60572794e-01  3.60852250e-01  6.37964811e-01
8.93868865e-01  4.84465167e-01  6.17743341e-01  9.60906711e-01  3.57737275e-01  6.36557180e-01
8.93182013e-01  4.84957294e-01  6.19756040e-01  9.60628470e-01  3.57121254e-01  6.38486233e-01
8.91924897e-01  4.88980999e-01  6.21412331e-01  9.60345201e-01  3.59567103e-01  6.39726664e-01
8.93294639e-01  4.87250187e-01  6.17885058e-01  9.60881952e-01  3.59065617e-01  6.36403191e-01
8.92122334e-01  4.86096069e-01  6.22614856e-01  9.60219778e-01  3.56776321e-01  6.41187898e-01
8.92784246e-01  4.85766208e-01  6.20581496e-01  9.60488534e-01  3.57772038e-01  6.39230259e-01
8.93586505e-01  4.83986314e-01  6.19012963e-01  9.60744015e-01  3.56679611e-01  6.37849361e-01
8.92419764e-01  4.83941839e-01  6.23003480e-01  9.60161770e-01  3.55755923e-01  6.41800070e-01
8.91892068e-01  4.87368923e-01  6.22570372e-01  9.60181875e-01  3.58439555e-01  6.41039344e-01
8.93221023e-01  4.85433276e-01  6.19314571e-01  9.60667266e-01  3.58061577e-01  6.38016098e-01
8.93647557e-01  4.86079699e-01  6.17446622e-01  9.60938823e-01  3.58810042e-01  6.36098716e-01
8.93485751e-01  4.84929500e-01  6.18742747e-01  9.60757485e-01  3.57800127e-01  6.37499187e-01
8.93445206e-01  4.85328666e-01  6.18621274e-01  9.60770733e-01  3.58117583e-01  6.37339505e-01
8.93446500e-01  4.86857497e-01  6.17624356e-01  9.60886899e-01  3.59754610e-01  6.36209260e-01
8.92115321e-01  4.90596449e-01  6.19716990e-01  9.60541382e-01  3.61937736e-01  6.37910659e-01
8.92838091e-01  4.84735442e-01  6.21067846e-01  9.60445035e-01  3.56528075e-01  6.39802043e-01
8.92491475e-01  4.89102248e-01  6.19409812e-01  9.60617913e-01  3.60561171e-01  6.37744049e-01
8.92311469e-01  4.84386261e-01  6.23082672e-01  9.60183306e-01  3.55130040e-01  6.41809341e-01
8.93095808e-01  4.86906901e-01  6.18783048e-01  9.60752690e-01  3.58658354e-01  6.37327876e-01
8.92408874e-01  4.91190822e-01  6.18334368e-01  9.60742306e-01  3.62552259e-01  6.36477693e-01
8.91224176e-01  4.89127382e-01  6.23696582e-01  9.60016846e-01  3.58987770e-01  6.41968409e-01
8.92140138e-01  4.86977104e-01  6.21982428e-01  9.60289136e-01  3.57874260e-01  6.40484694e-01
8.91605403e-01  4.89711620e-01  6.22022841e-01  9.60220654e-01  3.60619434e-01  6.40277478e-01
8.93351295e-01  4.87266332e-01  6.17682204e-01  9.60909294e-01  3.59175253e-01  6.36202067e-01
8.92045408e-01  4.90795494e-01  6.19825157e-01  9.60543492e-01  3.61566332e-01  6.37984569e-01
8.46933947e-01  2.79888261e-01  9.10257013e-01  9.22301998e-01  1.87339952e-01  9.24732914e-01
8.91931124e-01  4.87606596e-01  6.22283460e-01  9.60221769e-01  3.58659675e-01  6.40731724e-01
8.92344480e-01  4.87420969e-01  6.21000430e-01  9.60396660e-01  3.59170420e-01  6.39490108e-01
8.91922915e-01  4.87348097e-01  6.22479153e-01  9.60184638e-01  3.58708150e-01  6.40958390e-01
8.92416945e-01  4.85070540e-01  6.22280290e-01  9.60264307e-01  3.56496893e-01  6.40968172e-01
8.92247485e-01  4.84628861e-01  6.23142428e-01  9.60164673e-01  3.55466907e-01  6.41849504e-01
8.92305473e-01  4.89952939e-01  6.19489105e-01  9.60582786e-01  3.61501402e-01  6.37747914e-01
8.93025319e-01  4.86836287e-01  6.19068236e-01  9.60681853e-01  3.59272542e-01  6.37637467e-01
8.90943492e-01  3.83781946e-01  6.93350623e-01  9.49940689e-01  3.06696023e-01  7.19408935e-01
8.69889908e-01  5.46071996e-01  6.59477151e-01  9.52556803e-01  4.32206808e-01  6.73083780e-01
8.91711281e-01  4.87047411e-01  6.23392960e-01  9.60078415e-01  3.57704593e-01  6.41875739e-01
8.92751678e-01  4.84614125e-01  6.21440021e-01  9.60372337e-01  3.56837554e-01  6.40195302e-01
8.92458669e-01  4.83521009e-01  6.23144582e-01  9.60179985e-01  3.54589908e-01  6.41957801e-01
8.93500111e-01  4.85960567e-01  6.18024612e-01  9.60869781e-01  3.58249278e-01  6.36673424e-01
8.91945009e-01  4.86620296e-01  6.22876625e-01  9.60155486e-01  3.57588189e-01  6.41408983e-01
8.93026640e-01  4.84590557e-01  6.20521693e-01  9.60505023e-01  3.57067295e-01  6.39290457e-01
8.93610870e-01  4.85795727e-01  6.17755548e-01  9.60899571e-01  3.58467697e-01  6.36430990e-01
8.92776254e-01  4.85957761e-01  6.20484275e-01  9.60516973e-01  3.57533125e-01  6.39104167e-01
8.92476556e-01  4.87519638e-01  6.20487912e-01  9.60490269e-01  3.58873883e-01  6.38959722e-01
8.92968318e-01  4.88257211e-01  6.18339307e-01  9.60792220e-01  3.59987333e-01  6.36761527e-01
8.92987049e-01  4.84846595e-01  6.20489903e-01  9.60519254e-01  3.56955949e-01  6.39225427e-01
8.92959032e-01  4.86313112e-01  6.19632962e-01  9.60625977e-01  3.58259540e-01  6.38234229e-01
8.92813052e-01  4.86813517e-01  6.19803764e-01  9.60612849e-01  3.58158558e-01  6.38342177e-01
8.92068565e-01  4.85252796e-01  6.23344884e-01  9.60112755e-01  3.56246154e-01  6.41998930e-01
8.92915907e-01  4.83870573e-01  6.21365103e-01  9.60411612e-01  3.55829651e-01  6.40180776e-01
8.92143118e-01  4.90438942e-01  6.19724861e-01  9.60542859e-01  3.61800702e-01  6.37933453e-01
8.92202750e-01  4.89192440e-01  6.20331621e-01  9.60458336e-01  3.60998524e-01  6.38664260e-01
8.91522853e-01  4.88753505e-01  6.22925155e-01  9.60115016e-01  3.59347476e-01  6.41254273e-01
8.92116510e-01  4.90024560e-01  6.20084228e-01  9.60486441e-01  3.61626512e-01  6.38336201e-01
8.93775205e-01  4.85655064e-01  6.17288872e-01  9.60973939e-01  3.58359377e-01  6.35979663e-01
8.91323649e-01  4.88652627e-01  6.23667039e-01  9.59995933e-01  3.59397027e-01  6.42006144e-01
8.92650050e-01  4.85051931e-01  6.21500867e-01  9.60370035e-01  3.56860066e-01  6.40204765e-01
8.92228781e-01  4.91563990e-01  6.18703607e-01  9.60687734e-01  3.62651169e-01  6.36804312e-01
8.93488457e-01  4.86660635e-01  6.17609694e-01  9.60918072e-01  3.58961384e-01  6.36196135e-01
8.91591195e-01  4.88144960e-01  6.23088170e-01  9.60118914e-01  3.58362396e-01  6.41461202e-01
8.92010291e-01  4.87955987e-01  6.21787823e-01  9.60267737e-01  3.59572474e-01  6.40222082e-01
9.65363441e-01  4.14843235e-01  4.20483515e-01  9.88999106e-01  4.05214200e-01  4.45773898e-01
8.93805664e-01  4.85775469e-01  6.17107283e-01  9.61001096e-01  3.58440089e-01  6.35786530e-01
8.92332995e-01  4.86980163e-01  6.21325599e-01  9.60379283e-01  3.58164546e-01  6.39838345e-01
8.91666763e-01  4.90584526e-01  6.21247799e-01  9.60344355e-01  3.60933172e-01  6.39410468e-01
8.92792590e-01  4.87766113e-01  6.19254813e-01  9.60642304e-01  3.59949933e-01  6.37731564e-01
8.92532777e-01  4.87687635e-01  6.20187948e-01  9.60528615e-01  3.59150984e-01  6.38648616e-01
8.92557143e-01  4.87730358e-01  6.20077480e-01  9.60527589e-01  3.59613634e-01  6.38546273e-01
8.92954112e-01  4.89286484e-01  6.17719333e-01  9.60863432e-01  3.61068468e-01  6.36050392e-01
8.92232806e-01  4.86023759e-01  6.22286695e-01  9.60227015e-01  3.57809336e-01  6.40898289e-01
8.93452582e-01  4.85348198e-01  6.18583549e-01  9.60799793e-01  3.57561099e-01  6.37284190e-01
8.92173239e-01  4.89299730e-01  6.20362171e-01  9.60482241e-01  3.60348579e-01  6.38664006e-01
8.93487820e-01  4.87711638e-01  6.16929539e-01  9.60985949e-01  3.60361594e-01  6.35431264e-01
8.92210546e-01  4.90985295e-01  6.19141216e-01  9.60626700e-01  3.62217062e-01  6.37297855e-01
8.93968517e-01  4.84952120e-01  6.17088841e-01  9.61008356e-01  3.57959533e-01  6.35853124e-01
8.91207707e-01  4.89668083e-01  6.23401477e-01  9.60029282e-01  3.60044227e-01  6.41639942e-01
7.91168005e-01  5.53464801e-01  9.22005874e-01  9.14630956e-01  3.82556771e-01  9.27957254e-01
8.93537153e-01  4.86879952e-01  6.17301965e-01  9.60965015e-01  3.59082890e-01  6.35866537e-01
8.92699738e-01  4.85144641e-01  6.21271966e-01  9.60413103e-01  3.56717966e-01  6.39962073e-01
8.93518250e-01  4.87617836e-01  6.16887111e-01  9.60977358e-01  3.60689018e-01  6.35409262e-01
8.94013749e-01  4.84445293e-01  6.17264293e-01  9.60980402e-01  3.57746429e-01  6.36082528e-01
8.91552251e-01  4.87883888e-01  6.23389897e-01  9.60074641e-01  3.58182729e-01  6.41787371e-01
8.92404341e-01  4.84842893e-01  6.22470876e-01  9.60225305e-01  3.56624759e-01  6.41188143e-01
7.89398062e-01  4.58690914e-01  9.89555193e-01  9.06299038e-01  3.25661891e-01  9.94779457e-01
8.92262468e-01  4.87060670e-01  6.21512807e-01  9.60349976e-01  3.58206435e-01  6.40016394e-01
8.91569218e-01  4.88253738e-01  6.23092177e-01  9.60083351e-01  3.59263126e-01  6.41477163e-01
8.91842267e-01  4.88606464e-01  6.21936051e-01  9.60247697e-01  3.59792098e-01  6.40298871e-01
8.93007318e-01  4.85000077e-01  6.20321437e-01  9.60560910e-01  3.56647253e-01  6.39031012e-01
8.93348831e-01  4.85331744e-01  6.18946517e-01  9.60742920e-01  3.57565399e-01  6.37647838e-01
8.93021735e-01  4.83119024e-01  6.21493676e-01  9.60394511e-01  3.55422892e-01  6.40386188e-01
8.93405171e-01  4.86843124e-01  6.17774019e-01  9.60899999e-01  3.58861997e-01  6.36335412e-01
8.91996449e-01  4.89976981e-01  6.20522782e-01  9.60436770e-01  3.61153874e-01  6.38765959e-01
8.92861796e-01  4.89468421e-01  6.17914675e-01  9.60812993e-01  3.61639531e-01  6.36239355e-01
8.92813736e-01  4.82887372e-01  6.22350321e-01  9.60282019e-01  3.54821998e-01  6.41248934e-01
8.92432746e-01  4.91993528e-01  6.17732189e-01  9.60827515e-01  3.63124365e-01  6.35796661e-01
8.92667853e-01  4.88357709e-01  6.19294285e-01  9.60628820e-01  3.60396449e-01  6.37712898e-01
8.92297097e-01  4.86404443e-01  6.21821252e-01  9.60330652e-01  3.57215061e-01  6.40373701e-01
8.92376841e-01  4.87451415e-01  6.20870782e-01  9.60450824e-01  3.58354779e-01  6.39334853e-01
8.92265044e-01  4.86176092e-01  6.22078336e-01  9.60290518e-01  3.57117957e-01  6.40653892e-01
8.93539610e-01  4.85085367e-01  6.18458681e-01  9.60799188e-01  3.57929755e-01  6.37201279e-01
8.92093963e-01  4.90447977e-01  6.19885901e-01  9.60511870e-01  3.61949659e-01  6.38097076e-01
8.92631347e-01  4.90873680e-01  6.17784855e-01  9.60829808e-01  3.62359962e-01  6.35961925e-01
8.91502653e-01  4.89235738e-01  6.22680674e-01  9.60160772e-01  3.59374016e-01  6.40954643e-01
8.77553925e-01  8.25904248e-01  4.51777153e-01  9.76805183e-01  8.52482404e-01  4.18656001e-01
8.93232048e-01  4.87850810e-01  6.17707657e-01  9.60889217e-01  3.59833062e-01  6.36175926e-01
8.93769017e-01  4.85618666e-01  6.17333513e-01  9.60949791e-01  3.58762106e-01  6.36039673e-01
8.91961481e-01  4.89310635e-01  6.21074111e-01  9.60374746e-01  3.60276486e-01  6.39370213e-01
8.92584561e-01  4.89101730e-01  6.19094079e-01  9.60645920e-01  3.61074762e-01  6.37443558e-01
8.92566838e-01  4.84100989e-01  6.22400772e-01  9.60277271e-01  3.55290507e-01  6.41169077e-01
8.92557240e-01  4.86272173e-01  6.21023813e-01  9.60430596e-01  3.57737718e-01  6.39609828e-01
8.92942941e-01  4.84856379e-01  6.20633318e-01  9.60518913e-01  3.56425919e-01  6.39352402e-01
8.92476126e-01  4.86931547e-01  6.20871163e-01  9.60433574e-01  3.58539760e-01  6.39401907e-01
9.07101730e-01  7.05669637e-01  4.29504329e-01  9.81287639e-01  7.52274721e-01  4.13507762e-01
8.92664208e-01  4.83444667e-01  6.22496241e-01  9.60249721e-01  3.55307224e-01  6.41341786e-01
8.92909462e-01  4.83470841e-01  6.21646494e-01  9.60386007e-01  3.55210043e-01  6.40490828e-01
8.92318180e-01  4.90087647e-01  6.19358504e-01  9.60609664e-01  3.61402300e-01  6.37598910e-01
8.92740001e-01  4.87072691e-01  6.19883552e-01  9.60596468e-01  3.58372611e-01  6.38396816e-01
8.92357120e-01  4.85190563e-01  6.22405505e-01  9.60232416e-01  3.56854505e-01  6.41088459e-01
8.92780374e-01  4.85326216e-01  6.20880287e-01  9.60483541e-01  3.56564842e-01  6.39546492e-01
8.92919222e-01  4.89596806e-01  6.17636339e-01  9.60855474e-01  3.61717801e-01  6.35948542e-01
8.93453378e-01  4.86143806e-01  6.18064333e-01  9.60851011e-01  3.58639169e-01  6.36701978e-01
8.92495337e-01  4.85753400e-01  6.21570795e-01  9.60366461e-01  3.56997626e-01  6.40195294e-01
8.91699782e-01  4.88415887e-01  6.22543581e-01  9.60185458e-01  3.58923337e-01  6.40902467e-01
8.92682162e-01  4.89914506e-01  6.18235016e-01  9.60764664e-01  3.61805210e-01  6.36510224e-01
8.93892670e-01  4.84748208e-01  6.17478761e-01  9.60942864e-01  3.57986296e-01  6.36266742e-01
8.92075051e-01  4.90635611e-01  6.19828302e-01  9.60543696e-01  3.61477166e-01  6.38004255e-01
8.92656293e-01  4.90127107e-01  6.18184832e-01  9.60772103e-01  3.61910609e-01  6.36437710e-01
8.91869975e-01  4.87986850e-01  6.22244226e-01  9.60244714e-01  3.58419532e-01  6.40641146e-01
8.93377241e-01  4.84291381e-01  6.19525461e-01  9.60676896e-01  3.56513431e-01  6.38318839e-01
8.92437857e-01  4.83908061e-01  6.22963974e-01  9.60209074e-01  3.54736724e-01  6.41736721e-01
8.92645098e-01  4.87104459e-01  6.20185169e-01  9.60534484e-01  3.58755476e-01  6.38704103e-01
8.92569531e-01  4.86530212e-01  6.20814558e-01  9.60457050e-01  3.58001157e-01  6.39378189e-01
8.92428110e-01  4.87976690e-01  6.20355688e-01  9.60486403e-01  3.59674913e-01  6.38795924e-01
8.92434177e-01  4.88187020e-01  6.20198540e-01  9.60517976e-01  3.59595436e-01  6.38612193e-01
8.92254672e-01  4.87025750e-01  6.21561950e-01  9.60358983e-01  3.57785129e-01  6.40057836e-01
8.91670009e-01  4.88744045e-01  6.22431632e-01  9.60178837e-01  3.59655970e-01  6.40772431e-01
8.92523506e-01  4.83216786e-01  6.23121933e-01  9.60170542e-01  3.54769814e-01  6.41975988e-01
8.92634072e-01  4.84283747e-01  6.22053831e-01  9.60329509e-01  3.55411202e-01  6.40805722e-01
8.91272336e-01  4.90808907e-01  6.22441399e-01  9.60168076e-01  3.60808855e-01  6.40570000e-01
8.92545796e-01  4.91315061e-01  6.17788796e-01  9.60824827e-01  3.62666863e-01  6.35921605e-01
8.91977586e-01  4.89869572e-01  6.20656561e-01  9.60403733e-01  3.61403771e-01  6.38918955e-01
8.93196301e-01  4.84483136e-01  6.20015351e-01  9.60590574e-01  3.56849801e-01  6.38793127e-01
8.92762179e-01  4.83422084e-01  6.22178246e-01  9.60291433e-01  3.55482725e-01  6.41033016e-01
8.93460528e-01  4.85608426e-01  6.18387627e-01  9.60828451e-01  3.57722300e-01  6.37062491e-01
8.91237290e-01  4.89970412e-01  6.23104755e-01  9.60087947e-01  3.59873122e-01  6.41304076e-01
8.91770845e-01  4.89569592e-01  6.21553294e-01  9.60274217e-01  3.61028420e-01  6.39837755e-01
8.92197450e-01  4.87417537e-01  6.21501896e-01  9.60349586e-01  3.58417696e-01  6.39969156e-01
8.91070197e-01  4.89843280e-01  6.23754648e-01  9.59979379e-01  3.60002086e-01  6.41969828e-01
8.91352555e-01  4.89350803e-01  6.23115629e-01  9.60068585e-01  3.60026168e-01  6.41392192e-01
8.92611283e-01  4.90129174e-01  6.18336321e-01  9.60745458e-01  3.61986500e-01  6.36590682e-01
8.93644800e-01  4.84452731e-01  6.18512221e-01  9.60811502e-01  3.57140966e-01  6.37308028e-01
8.92519388e-01  4.89435916e-01  6.19098416e-01  9.60663951e-01  3.60770164e-01  6.37399657e-01
8.94034533e-01  4.85170557e-01  6.16722874e-01  9.61057320e-01  3.58251653e-01  6.35470400e-01
8.92917680e-01  4.82520171e-01  6.22235770e-01  9.60292878e-01  3.54825973e-01  6.41178374e-01
8.93570177e-01  4.86218686e-01  6.17619133e-01  9.60912191e-01  3.58868551e-01  6.36255702e-01
8.91994301e-01  4.86263511e-01  6.22940883e-01  9.60152799e-01  3.57250690e-01  6.41505669e-01
8.92063378e-01  4.89357415e-01  6.20697751e-01  9.60407186e-01  3.60932591e-01  6.39007744e-01
8.91620055e-01  4.88323554e-01  6.22874233e-01  9.60115240e-01  3.59342015e-01  6.41254122e-01
8.91680079e-01  4.89346748e-01  6.22006159e-01  9.60233476e-01  3.60206013e-01  6.40292601e-01
8.92530393e-01  4.87958481e-01  6.20020209e-01  9.60545174e-01  3.59504880e-01  6.38459123e-01
8.93371131e-01  4.85870140e-01  6.18521268e-01  9.60811279e-01  3.57753083e-01  6.37165345e-01
8.91936090e-01  4.87058607e-01  6.22622357e-01  9.60189124e-01  3.57926862e-01  6.41113570e-01
8.93126566e-01  4.86684195e-01  6.18823191e-01  9.60721744e-01  3.59159699e-01  6.37408263e-01
8.92790954e-01  4.82519484e-01  6.22666514e-01  9.60235355e-01  3.54599582e-01  6.41600503e-01
8.92228519e-01  4.88060813e-01  6.20978783e-01  9.60383276e-01  3.59866725e-01  6.39411995e-01
8.91951012e-01  4.85796028e-01  6.23391363e-01  9.60108409e-01  3.56419259e-01  6.41986037e-01
8.92961811e-01  4.85334334e-01  6.20258954e-01  9.60574179e-01  3.56710883e-01  6.38930958e-01
8.92781345e-01  4.87711640e-01  6.19328359e-01  9.60644244e-01  3.59599467e-01  6.37801637e-01
8.92962283e-01  4.84591466e-01  6.20739624e-01  9.60480223e-01  3.56847564e-01  6.39501204e-01
8.92218702e-01  4.91215273e-01  6.18964218e-01  9.60662903e-01  3.62110068e-01  6.37090917e-01
8.92760250e-01  4.85507761e-01  6.20830760e-01  9.60480274e-01  3.56913586e-01  6.39485329e-01
8.92483023e-01  4.83893325e-01  6.22820179e-01  9.60187161e-01  3.55808332e-01  6.41624928e-01
8.92754860e-01  4.85543158e-01  6.20826079e-01  9.60478189e-01  3.56998065e-01  6.39478812e-01
8.92507127e-01  4.85654993e-01  6.21594649e-01  9.60362481e-01  3.56960165e-01  6.40229630e-01
8.93547297e-01  4.86516635e-01  6.17503392e-01  9.60912748e-01  3.59428447e-01  6.36120311e-01
8.91721017e-01  4.86963883e-01  6.23414128e-01  9.60064349e-01  3.57930094e-01  6.41912837e-01
8.03238269e-01  4.03109456e-01  9.78643098e-01  9.10820507e-01  2.45598176e-01  9.84637814e-01
8.91661096e-01  4.90147268e-01  6.21550915e-01  9.60308906e-01  3.60451848e-01  6.39751080e-01
8.92597618e-01  4.87609337e-01  6.20018615e-01  9.60535420e-01  3.59591096e-01  6.38501365e-01
8.91765151e-01  4.88300156e-01  6.22396753e-01  9.60203431e-01  3.58989169e-01  6.40771733e-01
8.92405135e-01  4.86314196e-01  6.21513000e-01  9.60352895e-01  3.57799050e-01  6.40093594e-01
8.91906852e-01  4.89326681e-01  6.21249186e-01  9.60356792e-01  3.60058154e-01  6.39536734e-01
8.91719767e-01  4.89338852e-01  6.21876525e-01  9.60275028e-01  3.59680499e-01  6.40149902e-01
8.93094564e-01  4.84938581e-01  6.20065120e-01  9.60572003e-01  3.57319261e-01  6.38801671e-01
8.92189932e-01  4.85895363e-01  6.22515629e-01  9.60233420e-01  3.56729232e-01  6.41111513e-01
8.92897466e-01  4.84513437e-01  6.21010366e-01  9.60473869e-01  3.55942873e-01  6.39754937e-01
8.91223061e-01  4.88999471e-01  6.23783408e-01  9.59988335e-01  3.59296976e-01  6.42078412e-01
8.93126699e-01  4.88877523e-01  6.17398818e-01  9.60902142e-01  3.61154496e-01  6.35781941e-01
8.79801969e-01  7.65705925e-01  4.83226048e-01  9.75317293e-01  7.08953412e-01  4.61988201e-01
8.93699451e-01  4.84541468e-01  6.18269048e-01  9.60839309e-01  3.57424005e-01  6.37063098e-01
8.93817358e-01  4.86245228e-01  6.16762605e-01  9.61024278e-01  3.59394115e-01  6.35413280e-01
8.92613202e-01  4.85648744e-01  6.21238531e-01  9.60392423e-01  3.57575205e-01  6.39892848e-01
8.93306490e-01  4.86468330e-01  6.18352404e-01  9.60790302e-01  3.59174372e-01  6.36965226e-01
8.93400414e-01  4.85908708e-01  6.18396800e-01  9.60788156e-01  3.58805296e-01  6.37065881e-01
8.91633600e-01  4.87818697e-01  6.23156000e-01  9.60088151e-01  3.58709507e-01  6.41576722e-01
8.91729366e-01  4.88221472e-01  6.22569344e-01  9.60169453e-01  3.59128765e-01  6.40956723e-01
8.92202772e-01  4.85144703e-01  6.22959362e-01  9.60165565e-01  3.56368522e-01  6.41631511e-01
8.93800729e-01  4.84864568e-01  6.17715400e-01  9.60915018e-01  3.57821527e-01  6.36484078e-01
8.93960579e-01  4.84813345e-01  6.17205888e-01  9.60985551e-01  3.58008977e-01  6.35987700e-01
9.26979500e-01  3.52677876e-01  5.91178147e-01  9.65555890e-01  2.86285739e-01  6.24089995e-01
8.91930616e-01  4.87655087e-01  6.22253704e-01  9.60217822e-01  3.58890331e-01  6.40702729e-01
8.91890693e-01  4.87739163e-01  6.22334681e-01  9.60225756e-01  3.58428051e-01  6.40760691e-01
8.92052206e-01  4.85660484e-01  6.23135757e-01  9.60138235e-01  3.56598429e-01  6.41752616e-01
8.92450704e-01  4.84776631e-01  6.22356471e-01  9.60281194e-01  3.55665190e-01  6.41055710e-01
8.91680474e-01  4.87882944e-01  6.22955131e-01  9.60140815e-01  3.58214608e-01  6.41355571e-01
8.93172883e-01  4.86473794e-01  6.18802517e-01  9.60764232e-01  3.58107494e-01  6.37383562e-01
8.93205459e-01  4.88437151e-01  6.17417282e-01  9.60922588e-01  3.60386448e-01  6.35831670e-01
8.92811052e-01  4.84941781e-01  6.21025699e-01  9.60438135e-01  3.56948517e-01  6.39747296e-01
8.92456300e-01  4.88280127e-01  6.20062976e-01  9.60524301e-01  3.59996769e-01  6.38477151e-01
8.93189200e-01  4.87698459e-01  6.17952052e-01  9.60824173e-01  3.60422749e-01  6.36454138e-01
8.92265841e-01  4.86455919e-01  6.21893964e-01  9.60281477e-01  3.58161822e-01  6.40466100e-01
8.92477702e-01  4.86583317e-01  6.21091888e-01  9.60433784e-01  3.57542271e-01  6.39635400e-01
8.92284268e-01  4.91226393e-01  6.18734373e-01  9.60678729e-01  3.62600880e-01  6.36873890e-01
8.92383010e-01  4.88569307e-01  6.20124094e-01  9.60531127e-01  3.59729406e-01  6.38496331e-01
8.92003357e-01  4.89345207e-01  6.20909477e-01  9.60404846e-01  3.60182052e-01  6.39199453e-01
7.69893106e-01  7.03323653e-01  8.96953442e-01  9.16800278e-01  4.53115995e-01  8.97433985e-01
8.93600984e-01  4.85179130e-01  6.18189416e-01  9.60863545e-01  3.57423427e-01  6.36907842e-01
8.93505023e-01  4.84201557e-01  6.19149894e-01  9.60727101e-01  3.56670735e-01  6.37959900e-01
8.93122293e-01  4.84445567e-01  6.20291034e-01  9.60581125e-01  3.56019914e-01  6.39049098e-01
8.94142517e-01  4.84305533e-01  6.16917797e-01  9.61029203e-01  3.57805981e-01  6.35755609e-01
8.92659639e-01  4.87601384e-01  6.19813188e-01  9.60571617e-01  3.59483348e-01  6.38294650e-01
8.91854906e-01  4.88024590e-01  6.22270891e-01  9.60212297e-01  3.59125843e-01  6.40682705e-01
8.92440690e-01  4.90211601e-01  6.18862054e-01  9.60680254e-01  3.61619878e-01  6.37095074e-01
8.83187770e-01  5.81221779e-01  5.91501737e-01  9.63555590e-01  4.42438626e-01  6.00151019e-01
8.92940767e-01  4.89831565e-01  6.17410774e-01  9.60898987e-01  3.61619407e-01  6.35692710e-01
8.91972163e-01  4.87199649e-01  6.22408305e-01  9.60213397e-01  3.58208555e-01  6.40891614e-01
8.92226247e-01  4.86388146e-01  6.22072402e-01  9.60284830e-01  3.57374259e-01  6.40630020e-01
8.92068431e-01  4.91202561e-01  6.19482712e-01  9.60582658e-01  3.62094084e-01  6.37609198e-01
8.93234668e-01  4.85442454e-01  6.19262280e-01  9.60704240e-01  3.57362613e-01  6.37943591e-01
8.93864152e-01  4.85679444e-01  6.16971028e-01  9.61017006e-01  3.58524963e-01  6.35664539e-01
8.92912481e-01  4.84713252e-01  6.20829661e-01  9.60498277e-01  3.56121522e-01  6.39556378e-01
8.93019051e-01  4.89138653e-01  6.17594807e-01  9.60862633e-01  3.61492795e-01  6.35955617e-01
8.92599882e-01  4.87819164e-01  6.19874706e-01  9.60552836e-01  3.59806369e-01  6.38339018e-01
8.93034675e-01  4.88137776e-01  6.18191532e-01  9.60822441e-01  3.59756777e-01  6.36622038e-01
8.91822942e-01  4.89333487e-01  6.21529682e-01  9.60286567e-01  3.60710545e-01  6.39833406e-01
8.93650846e-01  4.84657702e-01  6.18358624e-01  9.60830185e-01  3.57359819e-01  6.37136714e-01
7.54176511e-01  8.00359214e-01  8.87322935e-01  9.17212276e-01  5.02376389e-01  8.83193864e-01
8.91576572e-01  4.87574054e-01  6.23508460e-01  9.60065120e-01  3.57827370e-01  6.41932080e-01
8.91143559e-01  4.90130893e-01  6.23318829e-01  9.60048842e-01  3.60087779e-01  6.41504276e-01
8.91328516e-01  4.90294743e-01  6.22584440e-01  9.60150969e-01  3.60453020e-01  6.40763464e-01
8.91760587e-01  4.89661179e-01  6.21528665e-01  9.60282814e-01  3.60953359e-01  6.39800303e-01
8.93415557e-01  4.86565633e-01  6.17918900e-01  9.60851826e-01  3.59361175e-01  6.36526765e-01
8.92084907e-01  4.88181086e-01  6.21388329e-01  9.60334056e-01  3.59569719e-01  6.39797504e-01
8.91255685e-01  4.90218284e-01  6.22881375e-01  9.60116822e-01  3.60126420e-01  6.41059299e-01
8.92157739e-01  4.89882851e-01  6.20036236e-01  9.60509095e-01  3.61192274e-01  6.38293187e-01
8.91643059e-01  4.88331598e-01  6.22790903e-01  9.60127074e-01  3.59372585e-01  6.41171049e-01
8.93328034e-01  4.83831427e-01  6.19991147e-01  9.60593525e-01  3.56575914e-01  6.38838689e-01
8.93202498e-01  4.86146136e-01  6.18914678e-01  9.60715967e-01  3.58710765e-01  6.37550994e-01
8.93070459e-01  4.89062162e-01  6.17469911e-01  9.60882058e-01  3.61458185e-01  6.35839216e-01
8.92206861e-01  4.84993623e-01  6.23043560e-01  9.60170704e-01  3.55857058e-01  6.41718979e-01
8.93158049e-01  4.89057501e-01  6.17175527e-01  9.60926621e-01  3.61486208e-01  6.35546891e-01
8.92169001e-01  4.87317816e-01  6.21663231e-01  9.60320637e-01  3.58467761e-01  6.40142985e-01
8.92578460e-01  4.86409756e-01  6.20862443e-01  9.60454774e-01  3.57821141e-01  6.39435164e-01
8.91979555e-01  4.88062991e-01  6.21822720e-01  9.60278868e-01  3.59217062e-01  6.40234386e-01
8.92824011e-01  4.83194881e-01  6.22115795e-01  9.60304149e-01  3.55307085e-01  6.40992838e-01
8.91115513e-01  4.90572590e-01  6.23127305e-01  9.60071689e-01  3.60454274e-01  6.41271498e-01
8.92018891e-01  4.89773734e-01  6.20578530e-01  9.60443552e-01  3.60685655e-01  6.38832709e-01
8.92414735e-01  4.86913746e-01  6.21091174e-01  9.60421031e-01  3.58004513e-01  6.39608343e-01
8.93228668e-01  4.85202665e-01  6.19438328e-01  9.60683769e-01  3.57086832e-01  6.38139777e-01
8.92163574e-01  4.89573732e-01  6.20217102e-01  9.60492402e-01  3.60774196e-01  6.38498645e-01
8.92852499e-01  4.89972434e-01  6.17619035e-01  9.60834113e-01  3.62474367e-01  6.35907383e-01
8.91447170e-01  4.89746889e-01  6.22537224e-01  9.60145752e-01  3.60513003e-01  6.40782791e-01
8.92082126e-01  4.86898319e-01  6.22230556e-01  9.60242376e-01  3.58039657e-01  6.40745572e-01
8.93210090e-01  4.87467266e-01  6.18031215e-01  9.60835249e-01  3.59748199e-01  6.36541933e-01
8.92817098e-01  4.86355869e-01  6.20087137e-01  9.60562657e-01  3.58102469e-01  6.38677201e-01
8.92732860e-01  4.87486121e-01  6.19639397e-01  9.60618390e-01  3.58949607e-01  6.38120412e-01
8.93013910e-01  4.89381297e-01  6.17454736e-01  9.60876756e-01  3.61789793e-01  6.35795136e-01
8.93011431e-01  4.89120207e-01  6.17632656e-01  9.60880388e-01  3.60908419e-01  6.35979358e-01
8.92129903e-01  4.85010318e-01  6.23294031e-01  9.60126005e-01  3.56006960e-01  6.41970286e-01
8.92955889e-01  4.83404418e-01  6.21531975e-01  9.60384088e-01  3.55660200e-01  6.40397149e-01
8.93186169e-01  4.84510550e-01  6.20031956e-01  9.60612926e-01  3.56254508e-01  6.38789963e-01
8.93414345e-01  4.87103719e-01  6.17573687e-01  9.60912660e-01  3.59430577e-01  6.36120370e-01
8.92068815e-01  4.85858725e-01  6.22950661e-01  9.60150908e-01  3.57078529e-01  6.41558331e-01
8.93881534e-01  4.85956114e-01  6.16732392e-01  9.61055032e-01  3.58628059e-01  6.35396449e-01
8.93452707e-01  4.85666137e-01  6.18376717e-01  9.60825578e-01  3.57859714e-01  6.37048557e-01
8.93465223e-01  4.87267049e-01  6.17294899e-01  9.60964045e-01  3.59308997e-01  6.35819527e-01
8.93889901e-01  4.84204244e-01  6.17841305e-01  9.60905427e-01  3.57279579e-01  6.36673168e-01
8.92776263e-01  4.86941373e-01  6.19845676e-01  9.60562788e-01  3.59277606e-01  6.38399693e-01
8.93518062e-01  4.86871588e-01  6.17372220e-01  9.60957470e-01  3.58996776e-01  6.35935190e-01
8.49836928e-01  7.93699035e-01  5.66801515e-01  9.58922984e-01  7.68922780e-01  5.52987548e-01
8.93197072e-01  4.88005257e-01  6.17726149e-01  9.60886431e-01  3.59900943e-01  6.36177809e-01
7.85506020e-01  6.95125354e-01  8.49255082e-01  9.22807851e-01  4.87925468e-01  8.50716743e-01
9.36779709e-01  3.74363427e-01  5.43821673e-01  9.72257787e-01  3.09819955e-01  5.75576935e-01
8.92205582e-01  4.88457109e-01  6.20799384e-01  9.60402472e-01  3.60256742e-01  6.39197091e-01
8.92943922e-01  4.84041837e-01  6.21158792e-01  9.60423906e-01  3.56387367e-01  6.39970644e-01
8.92832634e-01  4.86113609e-01  6.20191661e-01  9.60568423e-01  3.57457020e-01  6.38792195e-01
8.93382555e-01  4.86473979e-01  6.18090461e-01  9.60849683e-01  3.58722108e-01  6.36690967e-01
8.92818029e-01  4.84077709e-01  6.21562973e-01  9.60398844e-01  3.55485346e-01  6.40343704e-01
8.93097994e-01  4.89357366e-01  6.17184767e-01  9.60937958e-01  3.61311288e-01  6.35515383e-01
8.92921920e-01  4.83085894e-01  6.21854104e-01  9.60354102e-01  3.55030011e-01  6.40737778e-01
8.93202904e-01  4.88668427e-01  6.17275813e-01  9.60929202e-01  3.60866463e-01  6.35676247e-01
8.92388137e-01  4.84839382e-01  6.22528175e-01  9.60254200e-01  3.55701872e-01  6.41220154e-01
8.91273408e-01  4.88759386e-01  6.23768321e-01  9.59989667e-01  3.59214164e-01  6.42089373e-01
8.92655961e-01  4.86796106e-01  6.20348468e-01  9.60492554e-01  3.59020134e-01  6.38910643e-01
8.93703297e-01  4.84211693e-01  6.18470081e-01  9.60821307e-01  3.56952597e-01  6.37289510e-01
8.91311955e-01  4.90160030e-01  6.22728130e-01  9.60128823e-01  3.60388159e-01  6.40920731e-01
8.92981498e-01  4.88389997e-01  6.18208351e-01  9.60780304e-01  3.60834010e-01  6.36638592e-01
8.92024750e-01  4.88811266e-01  6.21183474e-01  9.60351515e-01  3.60203594e-01  6.39536325e-01
8.93380789e-01  4.84177269e-01  6.19587496e-01  9.60669214e-01  3.56414454e-01  6.38391402e-01
8.93206054e-01  4.88799251e-01  6.17180185e-01  9.60931761e-01  3.61225991e-01  6.35575198e-01
7.66847771e-01  6.03519260e-01  9.72099506e-01  9.08740300e-01  3.46415455e-01  9.74238936e-01
8.47602228e-01  8.08825895e-01  5.64569636e-01  9.63599645e-01  6.75183318e-01  5.45071166e-01
8.91786670e-01  4.87049081e-01  6.23135893e-01  9.60099196e-01  3.58171552e-01  6.41632557e-01
8.93037814e-01  4.83921868e-01  6.20917869e-01  9.60472175e-01  3.56068264e-01  6.39736280e-01
8.92398839e-01  4.88973626e-01  6.19807859e-01  9.60573836e-01  3.60069074e-01  6.38142517e-01
8.92522801e-01  4.87997814e-01  6.20020451e-01  9.60536390e-01  3.59735801e-01  6.38461079e-01
8.92907880e-01  4.89531138e-01  6.17717482e-01  9.60845565e-01  3.61621840e-01  6.36034672e-01
8.92047765e-01  4.86258251e-01  6.22762763e-01  9.60166727e-01  3.57582785e-01  6.41338178e-01
8.93163854e-01  4.85298037e-01  6.19596486e-01  9.60640765e-01  3.57579214e-01  6.38299581e-01
8.92075180e-01  4.86599496e-01  6.22448138e-01  9.60224333e-01  3.57521932e-01  6.40983149e-01
8.92109575e-01  4.88910393e-01  6.20831102e-01  9.60411223e-01  3.60127550e-01  6.39171395e-01
8.92393099e-01  4.86141856e-01  6.21665753e-01  9.60314658e-01  3.58075614e-01  6.40273647e-01
8.93026591e-01  4.85678877e-01  6.19815314e-01  9.60589123e-01  3.58181254e-01  6.38488962e-01
9.26353501e-01  3.43726134e-01  5.99115959e-01  9.66446691e-01  2.31402010e-01  6.31300104e-01
8.92934666e-01  4.90130518e-01  6.17237409e-01  9.60909470e-01  3.62157139e-01  6.35498898e-01
7.90783027e-01  4.64269238e-01  9.81230702e-01  9.10280493e-01  2.56214789e-01  9.85600798e-01
8.91817915e-01  4.86691228e-01  6.23262120e-01  9.60103085e-01  3.57438758e-01  6.41780147e-01
8.93057325e-01  4.82741702e-01  6.21617790e-01  9.60380108e-01  3.55135384e-01  6.40546229e-01
8.91820512e-01  4.87171015e-01  6.22941822e-01  9.60131583e-01  3.58171030e-01  6.41425025e-01
8.92620614e-01  4.89370578e-01  6.18797125e-01  9.60681043e-01  3.61465836e-01  6.37126283e-01
8.93565842e-01  4.84627795e-01  6.18666670e-01  9.60770347e-01  3.57638337e-01  6.37454809e-01
8.92631518e-01  4.84792558e-01  6.21732180e-01  9.60366260e-01  3.55960386e-01  6.40440785e-01
8.94136249e-01  4.84055032e-01  6.17101705e-01  9.61006707e-01  3.57544184e-01  6.35961485e-01
8.92357985e-01  4.85932779e-01  6.21920717e-01  9.60308464e-01  3.57167771e-01  6.40527100e-01
8.93184808e-01  4.86994227e-01  6.18424160e-01  9.60769554e-01  3.59646210e-01  6.36987170e-01
8.92320421e-01  4.87515760e-01  6.21020583e-01  9.60409672e-01  3.58819618e-01  6.39489273e-01
8.91940518e-01  4.89108485e-01  6.21276528e-01  9.60322710e-01  3.60687108e-01  6.39607181e-01
8.92926439e-01  4.86289304e-01  6.19759084e-01  9.60599968e-01  3.58405156e-01  6.38366712e-01
8.92877460e-01  4.90475664e-01  6.17207580e-01  9.60914455e-01  3.62305712e-01  6.35431954e-01
8.91231576e-01  4.90486641e-01  6.22789015e-01  9.60125000e-01  3.60397363e-01  6.40943073e-01
8.92435997e-01  4.85252328e-01  6.22097582e-01  9.60308606e-01  3.56189671e-01  6.40756467e-01
8.92395236e-01  4.91465056e-01  6.18202640e-01  9.60761343e-01  3.62712374e-01  6.36317937e-01
8.93585336e-01  4.85723160e-01  6.17889360e-01  9.60876748e-01  3.58484179e-01  6.36573448e-01
8.92998746e-01  4.85414161e-01  6.20081717e-01  9.60571992e-01  3.57471001e-01  6.38766016e-01
8.92616285e-01  4.87162378e-01  6.20245401e-01  9.60520071e-01  3.58904790e-01  6.38761360e-01
8.92014281e-01  4.88198495e-01  6.21616837e-01  9.60290676e-01  3.59769734e-01  6.40028561e-01
8.92350290e-01  4.88760169e-01  6.20111283e-01  9.60503284e-01  3.60542669e-01  6.38483387e-01
8.92138909e-01  4.86918940e-01  6.22024363e-01  9.60272520e-01  3.58094495e-01  6.40539381e-01
8.92149038e-01  4.85133799e-01  6.23148893e-01  9.60124874e-01  3.56638837e-01  6.41828769e-01
8.92467661e-01  4.87362291e-01  6.20620265e-01  9.60486966e-01  3.58382301e-01  6.39096638e-01
8.93124543e-01  4.84765561e-01  6.20075652e-01  9.60579211e-01  3.57025774e-01  6.38824553e-01
8.92898795e-01  4.87140637e-01  6.19300259e-01  9.60677390e-01  3.58640142e-01  6.37814975e-01
8.93036140e-01  4.88715906e-01  6.17811231e-01  9.60857222e-01  3.60612551e-01  6.36197549e-01
8.92252690e-01  4.84947002e-01  6.22918217e-01  9.60184487e-01  3.55974284e-01  6.41603004e-01
8.92355826e-01  4.88024338e-01  6.20570193e-01  9.60470999e-01  3.59259432e-01  6.38992506e-01
8.91965413e-01  4.88882809e-01  6.21338505e-01  9.60330036e-01  3.60172191e-01  6.39681438e-01
8.91567471e-01  4.87498759e-01  6.23588244e-01  9.60034637e-01  3.58235023e-01  6.42031557e-01
8.92262901e-01  4.89799828e-01  6.19733058e-01  9.60543022e-01  3.61476749e-01  6.38008675e-01
8.91341749e-01  4.89040450e-01  6.23353803e-01  9.60060955e-01  3.59171190e-01  6.41642405e-01
8.92443542e-01  4.89707347e-01  6.19179736e-01  9.60650650e-01  3.60908944e-01  6.37452266e-01
8.92161049e-01  4.88353285e-01  6.21018001e-01  9.60373016e-01  3.60099997e-01  6.39422860e-01
8.93488153e-01  4.85804906e-01  6.18166272e-01  9.60853305e-01  3.58043802e-01  6.36827441e-01
8.93165242e-01  4.88632092e-01  6.17427283e-01  9.60916179e-01  3.60593189e-01  6.35824087e-01
8.07598032e-01  6.43451493e-01  8.07783091e-01  9.29401554e-01  4.70564591e-01  8.12524820e-01
8.93179982e-01  4.87675491e-01  6.17998265e-01  9.60815945e-01  3.60437756e-01  6.36503367e-01
8.92555936e-01  4.89615773e-01  6.18857553e-01  9.60670062e-01  3.61615448e-01  6.37161470e-01
8.92614895e-01  4.86242903e-01  6.20847050e-01  9.60464528e-01  3.57566557e-01  6.39432561e-01
8.92536420e-01  4.87417015e-01  6.20351270e-01  9.60487332e-01  3.59416663e-01  6.38850768e-01
8.92795896e-01  4.87201794e-01  6.19609945e-01  9.60615060e-01  3.59013906e-01  6.38126621e-01
8.92933602e-01  4.89527523e-01  6.17632490e-01  9.60850346e-01  3.61825876e-01  6.35955982e-01
8.91461789e-01  4.89676459e-01  6.22533309e-01  9.60161951e-01  3.60101283e-01  6.40775864e-01
8.91789264e-01  4.87239888e-01  6.23003211e-01  9.60109866e-01  3.58499054e-01  6.41487041e-01
8.93511037e-01  4.85842820e-01  6.18063957e-01  9.60874800e-01  3.57924658e-01  6.36717667e-01
8.92320015e-01  4.90698366e-01  6.18955792e-01  9.60651023e-01  3.62197319e-01  6.37146549e-01
8.92523388e-01  4.88886056e-01  6.19441808e-01  9.60616887e-01  3.60367208e-01  6.37796294e-01
8.92422186e-01  4.87788867e-01  6.20497738e-01  9.60468451e-01  3.59489817e-01  6.38954606e-01
8.92925642e-01  4.84481460e-01  6.20935457e-01  9.60473221e-01  3.56227761e-01  6.39692023e-01
8.92900510e-01  4.84685161e-01  6.20888547e-01  9.60452301e-01  3.57006798e-01  6.39642742e-01
8.93365209e-01  4.87170148e-01  6.17697403e-01  9.60896423e-01  3.59387629e-01  6.36234590e-01
8.92688206e-01  4.91212793e-01  6.17371639e-01  9.60859684e-01  3.63353066e-01  6.35536553e-01
8.92458998e-01  4.89083778e-01  6.19532080e-01  9.60587040e-01  3.60841923e-01  6.37875903e-01
8.91590069e-01  4.90195472e-01  6.21760791e-01  9.60270708e-01  3.60609566e-01  6.39958868e-01
8.92646287e-01  4.85693374e-01  6.21097215e-01  9.60432640e-01  3.57149736e-01  6.39735155e-01
8.93059173e-01  4.84302044e-01  6.20598530e-01  9.60527165e-01  3.56107006e-01  6.39374573e-01
8.92639131e-01  4.85927497e-01  6.20969522e-01  9.60430582e-01  3.57788514e-01  6.39597958e-01
8.93007481e-01  4.86261077e-01  6.19502235e-01  9.60662412e-01  3.57843072e-01  6.38098667e-01
8.92325536e-01  4.87400614e-01  6.21077967e-01  9.60381496e-01  3.59237322e-01  6.39571588e-01
8.92759259e-01  4.86634635e-01  6.20102551e-01  9.60530977e-01  3.58941942e-01  6.38682690e-01
8.92334392e-01  4.88813076e-01  6.20130918e-01  9.60517570e-01  3.60143977e-01  6.38485650e-01
8.92211225e-01  4.88848507e-01  6.20526126e-01  9.60466796e-01  3.59900361e-01  6.38868560e-01
8.92120928e-01  4.86957984e-01  6.22060069e-01  9.60249752e-01  3.58531956e-01  6.40582374e-01
8.92829610e-01  4.88250662e-01  6.18814540e-01  9.60717698e-01  3.59999702e-01  6.37236438e-01
8.38275382e-01  3.68303789e-01  8.82253476e-01  9.24646034e-01  2.44761775e-01  8.96182585e-01
8.92749061e-01  4.84116539e-01  6.21771940e-01  9.60361696e-01  3.55617888e-01  6.40550685e-01
8.93230451e-01  4.88905751e-01  6.17028204e-01  9.60936431e-01  3.61736640e-01  6.35425032e-01
8.91946654e-01  4.86821122e-01  6.22740664e-01  9.60192385e-01  3.57293082e-01  6.41241876e-01
8.92063167e-01  4.87323267e-01  6.22019051e-01  9.60244363e-01  3.58982630e-01  6.40510824e-01
8.93187533e-01  4.84857644e-01  6.19801991e-01  9.60647864e-01  3.56429748e-01  6.38524693e-01
8.91874929e-01  4.89282833e-01  6.21386045e-01  9.60307159e-01  3.60729859e-01  6.39696829e-01
8.91746450e-01  4.90157141e-01  6.21254687e-01  9.60322506e-01  3.61247099e-01  6.39476652e-01
8.93383424e-01  4.85549483e-01  6.18687699e-01  9.60775636e-01  3.57846452e-01  6.37371901e-01
8.92085858e-01  4.89206019e-01  6.20719707e-01  9.60439671e-01  3.59989376e-01  6.39021523e-01
8.92603874e-01  4.84353675e-01  6.22110972e-01  9.60323186e-01  3.55380529e-01  6.40853481e-01
8.94020142e-01  4.84434444e-01  6.17249627e-01  9.60982687e-01  3.57741364e-01  6.36069069e-01
8.92465195e-01  4.91989090e-01  6.17624891e-01  9.60840567e-01  3.63211325e-01  6.35692500e-01
8.92803859e-01  4.89614315e-01  6.18016683e-01  9.60798128e-01  3.61681252e-01  6.36324840e-01
8.91647940e-01  4.90968236e-01  6.21062607e-01  9.60356033e-01  3.61523250e-01  6.39196668e-01
8.92824657e-01  4.86351394e-01  6.20064376e-01  9.60542671e-01  3.58673743e-01  6.38670850e-01
8.92580995e-01  4.87989402e-01  6.19828318e-01  9.60587119e-01  3.59223387e-01  6.38256454e-01
8.92537165e-01  4.87702951e-01  6.20163106e-01  9.60527774e-01  3.59272470e-01  6.38625406e-01
8.92323773e-01  4.87489374e-01  6.21026331e-01  9.60417365e-01  3.58598438e-01  6.39492016e-01
8.92628427e-01  4.83452538e-01  6.22612625e-01  9.60222731e-01  3.55528697e-01  6.41462697e-01
8.91554102e-01  4.87800586e-01  6.23437692e-01  9.60071550e-01  3.58039880e-01  6.41840824e-01
8.91713916e-01  4.88549864e-01  6.22408609e-01  9.60170929e-01  3.59848785e-01  6.40777744e-01
8.91729033e-01  4.89112946e-01  6.21991723e-01  9.60243142e-01  3.59919946e-01  6.40297975e-01
8.92995321e-01  4.85105195e-01  6.20293930e-01  9.60569656e-01  3.56585526e-01  6.38989469e-01
8.91658283e-01  4.88882585e-01  6.22381506e-01  9.60210449e-01  3.59137303e-01  6.40691859e-01
8.92999801e-01  4.85160629e-01  6.20242728e-01  9.60556963e-01  3.57113681e-01  6.38946511e-01
8.93289380e-01  4.85733352e-01  6.18887654e-01  9.60733642e-01  3.58195828e-01  6.37558904e-01
8.92188386e-01  4.85688259e-01  6.22655329e-01  9.60212421e-01  3.56619795e-01  6.41271923e-01
8.93222483e-01  4.84900014e-01  6.19655811e-01  9.60652941e-01  3.56878394e-01  6.38386511e-01
8.93370065e-01  4.86615997e-01  6.18040672e-01  9.60840282e-01  3.59204056e-01  6.36637774e-01
8.93539343e-01  4.84009376e-01  6.19158129e-01  9.60725393e-01  3.56594476e-01  6.37988808e-01
8.91493455e-01  4.88144005e-01  6.23420667e-01  9.60030141e-01  3.59267827e-01  6.41817222e-01
8.91692802e-01  4.89631452e-01  6.21778126e-01  9.60252963e-01  3.60722722e-01  6.40046005e-01
8.93111763e-01  4.86911670e-01  6.18725778e-01  9.60732630e-01  3.59366219e-01  6.37289838e-01
8.92491544e-01  4.90305123e-01  6.18628664e-01  9.60716426e-01  3.61665524e-01  6.36852401e-01
8.93289272e-01  4.88362374e-01  6.17181244e-01  9.60924767e-01  3.61193881e-01  6.35627602e-01
8.92735094e-01  4.87077014e-01  6.19897405e-01  9.60589817e-01  3.58484201e-01  6.38413189e-01
8.92482917e-01  4.88700446e-01  6.19699725e-01  9.60561846e-01  3.60647533e-01  6.38083204e-01
8.91576919e-01  4.87711194e-01  6.23418250e-01  9.60038755e-01  3.58873140e-01  6.41854917e-01
8.92357206e-01  4.86630219e-01  6.21470577e-01  9.60339175e-01  3.58436134e-01  6.40031573e-01
8.91599142e-01  4.87433749e-01  6.23522910e-01  9.60034422e-01  3.58458455e-01  6.41980330e-01
8.92398600e-01  4.88153383e-01  6.20341177e-01  9.60477685e-01  3.60022022e-01  6.38770098e-01
8.92649259e-01  4.87653038e-01  6.19814899e-01  9.60560893e-01  3.59761539e-01  6.38297914e-01
8.93642478e-01  4.86930398e-01  6.16911588e-01  9.61027716e-01  3.59057213e-01  6.35470558e-01
8.91551042e-01  4.89114172e-01  6.22595292e-01  9.60163436e-01  3.59577859e-01  6.40889572e-01
8.80630730e-01  8.07358727e-01  4.53369838e-01  9.77622090e-01  8.12427194e-01  4.22848589e-01
8.93345063e-01  4.85736320e-01  6.18696657e-01  9.60752085e-01  3.58470882e-01  6.37375890e-01
8.93487714e-01  4.87492042e-01  6.17072461e-01  9.60992737e-01  3.59554925e-01  6.35577656e-01
8.93779200e-01  4.84936480e-01  6.17741818e-01  9.60908078e-01  3.57923165e-01  6.36504647e-01
8.93443483e-01  4.87473064e-01  6.17234970e-01  9.60936370e-01  3.60303782e-01  6.35762767e-01
8.92752654e-01  4.87902051e-01  6.19302163e-01  9.60658225e-01  3.59444046e-01  6.37748586e-01
8.88660382e-01  1.90313059e-01  8.26715133e-01  9.35422430e-01  1.35762628e-01  8.52746487e-01
8.92736797e-01  4.87381934e-01  6.19693668e-01  9.60582133e-01  3.59580624e-01  6.38204317e-01
8.91841687e-01  4.89435574e-01  6.21399758e-01  9.60303534e-01  3.60835045e-01  6.39695309e-01
8.92864140e-01  4.88318034e-01  6.18653556e-01  9.60740369e-01  3.60087672e-01  6.37070363e-01
8.92040656e-01  4.87584689e-01  6.21925769e-01  9.60253208e-01  3.59237549e-01  6.40394092e-01
7.93753795e-01  4.62738125e-01  9.72135277e-01  9.10764726e-01  2.77951222e-01  9.77377889e-01
8.92865171e-01  4.87838949e-01  6.18961078e-01  9.60712644e-01  3.59381432e-01  6.37414403e-01
8.92837812e-01  4.88550061e-01  6.18592316e-01  9.60755000e-01  3.60068259e-01  6.36981123e-01
8.93802400e-01  4.85471256e-01  6.17315861e-01  9.60991425e-01  3.57747781e-01  6.36011532e-01
8.73998050e-01  2.86273379e-01  8.14202992e-01  9.37046951e-01  1.61305373e-01  8.36315882e-01
8.93252754e-01  4.88280437e-01  6.17358434e-01  9.60941975e-01  3.60065982e-01  6.35782810e-01
8.93363257e-01  4.87595664e-01  6.17427780e-01  9.60940207e-01  3.59535449e-01  6.35919058e-01
8.91404971e-01  4.89147827e-01  6.23069422e-01  9.60068738e-01  3.60106383e-01  6.41372322e-01
8.92996644e-01  4.86152694e-01  6.19609394e-01  9.60623939e-01  3.58326045e-01  6.38231638e-01
8.92513463e-01  4.90462843e-01  6.18451848e-01  9.60711875e-01  3.62518140e-01  6.36680846e-01
8.92743835e-01  4.83271789e-01  6.22338102e-01  9.60280461e-01  3.55078345e-01  6.41198572e-01
8.93207323e-01  4.83583448e-01  6.20562009e-01  9.60518247e-01  3.56139362e-01  6.39424139e-01
8.93491420e-01  4.87319319e-01  6.17172011e-01  9.60942475e-01  3.60323772e-01  6.35718914e-01
8.93246416e-01  4.88771585e-01  6.17061097e-01  9.60948664e-01  3.61252985e-01  6.35460462e-01
8.91772354e-01  4.89759427e-01  6.21424928e-01  9.60298059e-01  3.61018954e-01  6.39687115e-01
8.92045288e-01  4.90275688e-01  6.20163028e-01  9.60487904e-01  3.61405690e-01  6.38378815e-01
8.93687232e-01  4.83917752e-01  6.18715458e-01  9.60787001e-01  3.56727051e-01  6.37562577e-01
8.92087051e-01  4.91056702e-01  6.19514182e-01  9.60574146e-01  3.62116196e-01  6.37658565e-01
8.81648570e-01  3.93161023e-01  7.18824686e-01  9.47018224e-01  2.88883652e-01  7.42341653e-01
8.93482101e-01  4.84250725e-01  6.19195807e-01  9.60715572e-01  3.56800138e-01  6.38003359e-01
8.91867742e-01  4.90470663e-01  6.20639302e-01  9.60433653e-01  3.61011073e-01  6.38819566e-01
8.92989749e-01  4.83133149e-01  6.21593114e-01  9.60389721e-01  3.55169908e-01  6.40476462e-01
8.92367769e-01  4.92002787e-01  6.17946807e-01  9.60793423e-01  3.63145161e-01  6.36010354e-01
8.91788703e-01  4.90357599e-01  6.20981077e-01  9.60383998e-01  3.60875253e-01  6.39169919e-01
8.91290604e-01  4.90179364e-01  6.22788073e-01  9.60119234e-01  3.60403560e-01  6.40978585e-01
8.92005675e-01  4.86808635e-01  6.22548366e-01  9.60196254e-01  3.57920982e-01  6.41069236e-01
8.92759994e-01  4.86903333e-01  6.19925614e-01  9.60571370e-01  3.58748612e-01  6.38469217e-01
8.92920689e-01  4.87587903e-01  6.18935550e-01  9.60721542e-01  3.59147773e-01  6.37412366e-01
8.92294751e-01  4.85842312e-01  6.22194157e-01  9.60264598e-01  3.57161818e-01  6.40809760e-01
8.93459433e-01  4.86939367e-01  6.17527291e-01  9.60933202e-01  3.59031318e-01  6.36082658e-01
8.92759173e-01  4.86050622e-01  6.20481988e-01  9.60507493e-01  3.57814652e-01  6.39098664e-01
8.91851651e-01  4.87449429e-01  6.22655344e-01  9.60173355e-01  3.58361714e-01  6.41112294e-01
8.92366127e-01  4.87961458e-01  6.20576039e-01  9.60465070e-01  3.59353461e-01  6.39008382e-01
8.91269089e-01  4.89038421e-01  6.23601836e-01  9.59993875e-01  3.59866806e-01  6.41908733e-01
8.92415736e-01  4.90240848e-01  6.18927797e-01  9.60663275e-01  3.61797664e-01  6.37162083e-01
8.91717966e-01  4.90462214e-01  6.21153348e-01  9.60355542e-01  3.60963251e-01  6.39331655e-01
8.41794374e-01  8.06849768e-01  5.85574181e-01  9.60783003e-01  6.54590671e-01  5.67979536e-01
8.91126197e-01  4.90201920e-01  6.23331670e-01  9.60050431e-01  3.60032242e-01  6.41507163e-01
8.92609363e-01  4.89761609e-01  6.18581468e-01  9.60727335e-01  3.61332302e-01  6.36860908e-01
8.92892024e-01  4.83443798e-01  6.21723263e-01  9.60351866e-01  3.55739910e-01  6.40584985e-01
8.92594047e-01  4.90668119e-01  6.18044961e-01  9.60782586e-01  3.62430926e-01  6.36247994e-01
8.14158651e-01  6.41276763e-01  7.86916291e-01  9.32956963e-01  4.62094865e-01  7.91721420e-01
8.92463092e-01  4.87781593e-01  6.20363566e-01  9.60483249e-01  3.59633982e-01  6.38825783e-01
8.12340913e-01  4.03376440e-01  9.47555871e-01  9.15433413e-01  2.43598153e-01  9.55529659e-01
8.93010009e-01  4.86099424e-01  6.19598597e-01  9.60617867e-01  3.58490855e-01  6.38231766e-01
8.92195719e-01  4.86540500e-01  6.22077150e-01  9.60290567e-01  3.57284804e-01  6.40614297e-01
8.92453825e-01  4.91119568e-01  6.18227997e-01  9.60756335e-01  3.62581439e-01  6.36380875e-01
8.93784697e-01  4.84726826e-01  6.17859259e-01  9.60889010e-01  3.57848196e-01  6.36644560e-01
8.92092362e-01  4.87338698e-01  6.21909899e-01  9.60299267e-01  3.58064257e-01  6.40375008e-01
8.92718517e-01  4.84783899e-01  6.21442400e-01  9.60403465e-01  3.56145934e-01  6.40158547e-01
8.93327585e-01  4.85709314e-01  6.18773536e-01  9.60770051e-01  3.57729797e-01  6.37435174e-01
8.80184113e-01  8.05716040e-01  4.55953033e-01  9.79837313e-01  7.48360341e-01  4.23728609e-01
8.93173276e-01  4.86692038e-01  6.18659499e-01  9.60776598e-01  3.58446512e-01  6.37224460e-01
8.92964126e-01  4.85711858e-01  6.20006003e-01  9.60601914e-01  3.57162493e-01  6.38646796e-01
8.92203833e-01  4.89494125e-01  6.20132086e-01  9.60497363e-01  3.60939473e-01  6.38427928e-01
8.92662911e-01  4.83994216e-01  6.22143876e-01  9.60299257e-01  3.55678360e-01  6.40936793e-01
8.05197137e-01  7.40078688e-01  7.53199876e-01  9.36585482e-01  5.37461410e-01  7.50710483e-01
8.93149385e-01  4.86247644e-01  6.19029123e-01  9.60708110e-01  3.58514769e-01  6.37647519e-01
8.91490922e-01  4.89588058e-01  6.22491776e-01  9.60154034e-01  3.60411890e-01  6.40753493e-01
8.91877152e-01  4.89036012e-01  6.21538733e-01  9.60317587e-01  3.59786229e-01  6.39852128e-01
8.93000821e-01  4.84166445e-01  6.20884696e-01  9.60477675e-01  3.56169632e-01  6.39677149e-01
8.93413844e-01  4.83799582e-01  6.19720458e-01  9.60637687e-01  3.56509429e-01  6.38571181e-01
8.91506049e-01  4.89145605e-01  6.22727656e-01  9.60117856e-01  3.60201992e-01  6.41034877e-01
8.92975688e-01  4.86372623e-01  6.19537771e-01  9.60651980e-01  3.58013107e-01  6.38125522e-01
8.91976317e-01  4.90956236e-01  6.19955398e-01  9.60507572e-01  3.62020724e-01  6.38107903e-01
8.92896890e-01  4.90002138e-01  6.17449023e-01  9.60901489e-01  3.61490980e-01  6.35706908e-01
8.91137211e-01  4.89812454e-01  6.23547115e-01  9.60023064e-01  3.59708988e-01  6.41758735e-01
8.92964966e-01  4.83971938e-01  6.21132715e-01  9.60438332e-01  3.56102943e-01  6.39945110e-01
8.92575200e-01  4.89021595e-01  6.19177886e-01  9.60659591e-01  3.60387831e-01  6.37517632e-01
8.91403777e-01  4.89517065e-01  6.22833766e-01  9.60128441e-01  3.59708774e-01  6.41083134e-01
8.91539687e-01  4.89493737e-01  6.22387432e-01  9.60172117e-01  3.60323868e-01  6.40658274e-01
8.92656528e-01  4.90577354e-01  6.17891732e-01  9.60806320e-01  3.62392405e-01  6.36104885e-01
8.93085985e-01  4.86805585e-01  6.18882176e-01  9.60740118e-01  3.58543457e-01  6.37435535e-01
8.92695612e-01  4.84815754e-01  6.21499493e-01  9.60374346e-01  3.56654104e-01  6.40225613e-01
8.92073551e-01  4.86728111e-01  6.22370172e-01  9.60215773e-01  3.58083427e-01  6.40905839e-01
8.93564181e-01  4.85718137e-01  6.17964453e-01  9.60877610e-01  3.58176524e-01  6.36640350e-01
8.92925077e-01  4.85710821e-01  6.20139265e-01  9.60565149e-01  3.57553647e-01  6.38790437e-01
8.92046883e-01  4.88065912e-01  6.21592213e-01  9.60311270e-01  3.59301311e-01  6.40006796e-01
8.92720623e-01  4.88402298e-01  6.19086160e-01  9.60659509e-01  3.60457206e-01  6.37501821e-01
8.92360775e-01  4.89581374e-01  6.19542552e-01  9.60566750e-01  3.61521626e-01  6.37845969e-01
8.92996578e-01  4.82599447e-01  6.21916410e-01  9.60337638e-01  3.54977776e-01  6.40855643e-01
8.93963583e-01  4.85466412e-01  6.16771713e-01  9.61060499e-01  3.58123583e-01  6.35480170e-01
8.91506214e-01  4.89318211e-01  6.22615042e-01  9.60127664e-01  3.60466824e-01  6.40909644e-01
8.92724400e-01  4.88021092e-01  6.19320815e-01  9.60637807e-01  3.59924773e-01  6.37766322e-01
8.92339056e-01  4.89041153e-01  6.19967013e-01  9.60554471e-01  3.59968561e-01  6.38290350e-01
8.92820711e-01  4.84227864e-01  6.21456383e-01  9.60390233e-01  3.56165943e-01  6.40238681e-01
8.91303973e-01  4.89363526e-01  6.23272327e-01  9.60048276e-01  3.59933655e-01  6.41544186e-01
8.92062499e-01  4.89771793e-01  6.20431720e-01  9.60474786e-01  3.60479780e-01  6.38680916e-01
8.92780188e-01  4.84696355e-01  6.21289830e-01  9.60418789e-01  3.56310342e-01  6.40021585e-01
8.94063679e-01  4.84879624e-01  6.16812784e-01  9.61043966e-01  3.58104422e-01  6.35590685e-01
8.60995354e-01  3.53427119e-01  8.14757483e-01  9.35574589e-01  2.12508565e-01  8.33701177e-01
8.93277099e-01  4.86603944e-01  6.18364162e-01  9.60795550e-01  3.59063350e-01  6.36957715e-01
9.49085968e-01  3.51116624e-01  5.17127174e-01  9.77377929e-01  2.74403771e-01  5.51085382e-01
8.91787056e-01  4.87290113e-01  6.22978103e-01  9.60150992e-01  3.57613797e-01  6.41431767e-01
8.92398557e-01  4.89981264e-01  6.19154652e-01  9.60623315e-01  3.61794077e-01  6.37419146e-01
8.92445404e-01  4.84904181e-01  6.22291660e-01  9.60253928e-01  3.56632375e-01  6.41002827e-01
8.92809875e-01  4.88123737e-01  6.18963951e-01  9.60714778e-01  3.59447387e-01  6.37385195e-01
8.92666283e-01  4.86947188e-01  6.20215335e-01  9.60547378e-01  3.58256067e-01  6.38739006e-01
8.92196945e-01  4.87732014e-01  6.21299448e-01  9.60344420e-01  3.59451598e-01  6.39758862e-01
8.91874641e-01  4.88341929e-01  6.21997865e-01  9.60254786e-01  3.59266307e-01  6.40377204e-01
8.92905980e-01  4.88017474e-01  6.18706612e-01  9.60710525e-01  3.60477827e-01  6.37169865e-01
8.92197631e-01  4.91742046e-01  6.18693781e-01  9.60693062e-01  3.62639349e-01  6.36772932e-01
8.91690210e-01  4.90671594e-01  6.21111663e-01  9.60356971e-01  3.61180743e-01  6.39271287e-01
8.92490203e-01  4.83647552e-01  6.22955357e-01  9.60205944e-01  3.54729108e-01  6.41758584e-01
8.92920576e-01  4.88155555e-01  6.18567408e-01  9.60764639e-01  3.59749118e-01  6.36994457e-01
8.92677313e-01  4.86834800e-01  6.20250847e-01  9.60550024e-01  3.58006456e-01  6.38780812e-01
8.91476018e-01  4.88585130e-01  6.23193493e-01  9.60098275e-01  3.58664138e-01  6.41522491e-01
8.92893761e-01  4.88424464e-01  6.18483881e-01  9.60734676e-01  3.60917438e-01  6.36911510e-01
8.93445778e-01  4.86785404e-01  6.17673610e-01  9.60881454e-01  3.59667999e-01  6.36264560e-01
8.93258348e-01  4.88579957e-01  6.17144989e-01  9.60955393e-01  3.60684040e-01  6.35551266e-01
8.92455540e-01  4.86276413e-01  6.21366381e-01  9.60356290e-01  3.58254273e-01  6.39964648e-01
8.92937550e-01  4.86512207e-01  6.19576647e-01  9.60629691e-01  3.58472123e-01  6.38160368e-01
8.92214238e-01  4.87638214e-01  6.21301627e-01  9.60357236e-01  3.59088755e-01  6.39762119e-01
8.92748126e-01  4.87916270e-01  6.19308307e-01  9.60633451e-01  3.60030918e-01  6.37769260e-01
8.93176541e-01  4.87939614e-01  6.17838477e-01  9.60843292e-01  3.60496572e-01  6.36314172e-01
8.92514415e-01  4.87294458e-01  6.20505550e-01  9.60487735e-01  3.58767372e-01  6.39001045e-01
8.92491147e-01  4.88212896e-01  6.19988300e-01  9.60565496e-01  3.59245300e-01  6.38389941e-01
8.91600721e-01  4.88998469e-01  6.22501725e-01  9.60173752e-01  3.59628739e-01  6.40811447e-01
8.92294118e-01  4.87290842e-01  6.21255913e-01  9.60381112e-01  3.58523535e-01  6.39742099e-01
8.92213314e-01  4.89434882e-01  6.20138356e-01  9.60511940e-01  3.60533702e-01  6.38429994e-01
8.93043606e-01  4.88462989e-01  6.17950078e-01  9.60836834e-01  3.60468400e-01  6.36362210e-01
8.93427022e-01  4.85449531e-01  6.18604552e-01  9.60775060e-01  3.58130092e-01  6.37308814e-01
8.93129397e-01  4.87076893e-01  6.18558637e-01  9.60749530e-01  3.59662207e-01  6.37111794e-01
8.92057890e-01  4.87485353e-01  6.21931739e-01  9.60272323e-01  3.58704316e-01  6.40397073e-01
8.92852882e-01  4.88003188e-01  6.18896181e-01  9.60688794e-01  3.60282742e-01  6.37355124e-01
8.92675544e-01  4.85957438e-01  6.20826444e-01  9.60454771e-01  3.57753938e-01  6.39451007e-01
8.93336868e-01  4.87677445e-01  6.17464292e-01  9.60905317e-01  3.60284219e-01  6.35966476e-01
8.92840199e-01  4.82967052e-01  6.22208739e-01  9.60304705e-01  3.54839967e-01  6.41099250e-01
8.92990522e-01  4.86220259e-01  6.19586317e-01  9.60632899e-01  3.58225551e-01  6.38197850e-01
8.93829194e-01  4.86181389e-01  6.16763861e-01  9.61054900e-01  3.58614412e-01  6.35400512e-01
8.92251802e-01  4.89386239e-01  6.20039250e-01  9.60525881e-01  3.60547464e-01  6.38337365e-01
8.92060479e-01  4.87757194e-01  6.21746468e-01  9.60279590e-01  3.59350752e-01  6.40198284e-01
8.92758372e-01  4.85811147e-01  6.20640175e-01  9.60475231e-01  3.57894429e-01  6.39286742e-01
8.93184856e-01  4.84064827e-01  6.20325781e-01  9.60564384e-01  3.56125101e-01  6.39131673e-01
8.92796802e-01  4.84692330e-01  6.21236031e-01  9.60435045e-01  3.56115819e-01  6.39963155e-01
8.92276422e-01  4.87849055e-01  6.20953603e-01  9.60401984e-01  3.59410700e-01  6.39399405e-01
8.92996419e-01  4.88966552e-01  6.17783383e-01  9.60827840e-01  3.61547653e-01  6.36165787e-01
8.92965492e-01  4.87511516e-01  6.18833012e-01  9.60717164e-01  3.59608291e-01  6.37332013e-01
8.92397923e-01  4.89868389e-01  6.19230085e-01  9.60643402e-01  3.60967642e-01  6.37484923e-01
8.92629017e-01  4.88095389e-01  6.19596452e-01  9.60602904e-01  3.59764822e-01  6.38027771e-01
8.92862337e-01  4.90033160e-01  6.17546204e-01  9.60859221e-01  3.62166370e-01  6.35818911e-01
8.92556075e-01  4.90928354e-01  6.18004945e-01  9.60791098e-01  3.62493388e-01  6.36178710e-01
8.92961479e-01  4.84485065e-01  6.20811433e-01  9.60473186e-01  3.56699531e-01  6.39581177e-01
8.92393583e-01  4.90616329e-01  6.18759252e-01  9.60691864e-01  3.61910030e-01  6.36952324e-01
8.93232075e-01  4.83543496e-01  6.20503902e-01  9.60524003e-01  3.56200907e-01  6.39372740e-01
8.93073546e-01  4.85882331e-01  6.19523797e-01  9.60669687e-01  3.57413187e-01  6.38153233e-01
8.92548556e-01  4.89555816e-01  6.18921538e-01  9.60658566e-01  3.61625941e-01  6.37232708e-01
8.91772486e-01  4.89417846e-01  6.21646236e-01  9.60298471e-01  3.60016840e-01  6.39920405e-01
8.93159082e-01  4.84416091e-01  6.20185254e-01  9.60574225e-01  3.56575119e-01  6.38962622e-01
8.91821801e-01  4.88344393e-01  6.22175683e-01  9.60224177e-01  3.59340305e-01  6.40556039e-01
8.92872616e-01  4.89252816e-01  6.18017908e-01  9.60791173e-01  3.61682072e-01  6.36369243e-01
8.93318104e-01  4.87134982e-01  6.17880176e-01  9.60860456e-01  3.59555608e-01  6.36425654e-01
8.92413214e-01  4.91940943e-01  6.17832647e-01  9.60808410e-01  3.63184903e-01  6.35904905e-01
8.91439438e-01  4.88706504e-01  6.23238901e-01  9.60067452e-01  3.59298184e-01  6.41570847e-01
8.91871412e-01  4.90847506e-01  6.20382191e-01  9.60461505e-01  3.61476722e-01  6.38531354e-01
8.92181377e-01  4.89298457e-01  6.20335363e-01  9.60480843e-01  3.60483632e-01  6.38641172e-01
8.93558889e-01  4.84397898e-01  6.18839528e-01  9.60774962e-01  3.56767708e-01  6.37630193e-01
8.93292289e-01  4.85512073e-01  6.19021432e-01  9.60712852e-01  3.58095986e-01  6.37715710e-01
8.91654445e-01  4.90251798e-01  6.21505637e-01  9.60311267e-01  3.60612898e-01  6.39698024e-01
8.92711391e-01  4.84994761e-01  6.21329701e-01  9.60412274e-01  3.56452351e-01  6.40029924e-01
8.92691676e-01  4.89849346e-01  6.18245014e-01  9.60784796e-01  3.61247263e-01  6.36512501e-01
8.93055169e-01  4.84863811e-01  6.20247423e-01  9.60556182e-01  3.56981264e-01  6.38982694e-01
8.93509301e-01  4.86655460e-01  6.17542280e-01  9.60905744e-01  3.59514742e-01  6.36144900e-01
8.91942409e-01  4.86886142e-01  6.22712865e-01  9.60164165e-01  3.58115521e-01  6.41229186e-01
8.92496499e-01  4.89276725e-01  6.19279482e-01  9.60618810e-01  3.61112037e-01  6.37608604e-01
8.93812069e-01  4.84820279e-01  6.17705647e-01  9.60938713e-01  3.57261070e-01  6.36464102e-01
8.91724906e-01  4.89894060e-01  6.21498633e-01  9.60298193e-01  3.60797068e-01  6.39738492e-01
8.93533437e-01  4.87301760e-01  6.17040743e-01  9.60960522e-01  3.60373464e-01  6.35591499e-01
8.92263447e-01  4.88045199e-01  6.20870321e-01  9.60431921e-01  3.59084689e-01  6.39284206e-01
8.92238853e-01  4.88101871e-01  6.20917039e-01  9.60430842e-01  3.58959600e-01  6.39320578e-01
8.93096444e-01  4.83529527e-01  6.20973502e-01  9.60471085e-01  3.55708063e-01  6.39828075e-01
8.91762549e-01  4.88450373e-01  6.22308068e-01  9.60227686e-01  3.58801073e-01  6.40660499e-01
8.93219907e-01  4.88390725e-01  6.17398363e-01  9.60916621e-01  3.60582438e-01  6.35823789e-01
8.91855887e-01  4.90390111e-01  6.20731850e-01  9.60415524e-01  3.61065889e-01  6.38922899e-01
8.92523696e-01  4.83759663e-01  6.22768849e-01  9.60220726e-01  3.55124210e-01  6.41570785e-01
8.93440689e-01  4.86338827e-01  6.17980810e-01  9.60877058e-01  3.58409166e-01  6.36589117e-01
8.92328497e-01  4.86994269e-01  6.21331716e-01  9.60373809e-01  3.58281175e-01  6.39845985e-01
8.92872197e-01  4.84625158e-01  6.21023638e-01  9.60456021e-01  3.56377966e-01  6.39766941e-01
8.92315470e-01  4.86728010e-01  6.21548805e-01  9.60347241e-01  3.57987316e-01  6.40085521e-01
8.92390673e-01  4.89374088e-01  6.19575605e-01  9.60575325e-01  3.61093727e-01  6.37891734e-01
8.92507704e-01  4.89689992e-01  6.18973140e-01  9.60658170e-01  3.61500778e-01  6.37264713e-01
8.93033408e-01  4.86922098e-01  6.18985061e-01  9.60720797e-01  3.58677310e-01  6.37527903e-01
8.91760106e-01  4.90108333e-01  6.21240005e-01  9.60324764e-01  3.61225689e-01  6.39467212e-01
8.92851588e-01  4.86643227e-01  6.19783472e-01  9.60583856e-01  3.58865168e-01  6.38361714e-01
8.93646876e-01  4.84988008e-01  6.18157668e-01  9.60842934e-01  3.57959346e-01  6.36913819e-01
8.91479355e-01  4.89084566e-01  6.22857923e-01  9.60107162e-01  3.59942051e-01  6.41164647e-01
8.92934183e-01  4.86503936e-01  6.19593449e-01  9.60640511e-01  3.58141067e-01  6.38168933e-01
8.93599963e-01  4.85832312e-01  6.17768831e-01  9.60888329e-01  3.58707879e-01  6.36446526e-01
8.92524637e-01  4.89973851e-01  6.18731364e-01  9.60698771e-01  3.61556324e-01  6.36991310e-01
8.91888326e-01  4.90327664e-01  6.20662245e-01  9.60422154e-01  3.61139884e-01  6.38862969e-01
8.92985149e-01  4.84253095e-01  6.20881656e-01  9.60486007e-01  3.56016977e-01  6.39659666e-01
8.91953791e-01  4.86783772e-01  6.22740678e-01  9.60172747e-01  3.57755109e-01  6.41259012e-01
9.37871929e-01  4.10613091e-01  5.16578677e-01  9.74341830e-01  3.81054321e-01  5.45442838e-01
8.92203545e-01  4.86604189e-01  6.22009229e-01  9.60284463e-01  3.57719309e-01  6.40551139e-01
8.92833216e-01  4.89426810e-01  6.18038734e-01  9.60786619e-01  3.61793017e-01  6.36372320e-01
8.92873183e-01  4.83955332e-01  6.21455146e-01  9.60395769e-01  3.55913290e-01  6.40262663e-01
8.92850798e-01  4.86125915e-01  6.20121996e-01  9.60546841e-01  3.58252332e-01  6.38743331e-01
8.92557353e-01  4.83657047e-01  6.22721188e-01  9.60231637e-01  3.54992495e-01  6.41531838e-01
8.93144968e-01  4.83673872e-01  6.20715031e-01  9.60493700e-01  3.56199469e-01  6.39567377e-01
8.91920021e-01  4.88037210e-01  6.22041603e-01  9.60255506e-01  3.58946248e-01  6.40447943e-01
8.91525147e-01  4.88552688e-01  6.23047737e-01  9.60084124e-01  3.59546519e-01  6.41405483e-01
8.93908137e-01  4.84610378e-01  6.17515722e-01  9.60944402e-01  3.57746450e-01  6.36313352e-01
8.91481012e-01  4.87950619e-01  6.23588462e-01  9.60009254e-01  3.59055412e-01  6.42001162e-01
8.93049558e-01  4.82695025e-01  6.21674468e-01  9.60371230e-01  3.55116558e-01  6.40607586e-01
8.93610812e-01  4.86954358e-01  6.17003553e-01  9.60996360e-01  3.59483544e-01  6.35571232e-01
8.91825689e-01  4.88980326e-01  6.21749629e-01  9.60275946e-01  3.59977527e-01  6.40074088e-01
8.94035958e-01  4.85326520e-01  6.16616785e-01  9.61070643e-01  3.58399690e-01  6.35350124e-01
8.91616926e-01  4.87568869e-01  6.23374806e-01  9.60066963e-01  3.58286004e-01  6.41812282e-01
8.92723466e-01  4.84218159e-01  6.21792875e-01  9.60342289e-01  3.56057417e-01  6.40571636e-01
8.93936580e-01  4.84507944e-01  6.17485644e-01  9.60956940e-01  3.57508434e-01  6.36288998e-01
8.93773319e-01  4.85611255e-01  6.17323716e-01  9.60966162e-01  3.58397002e-01  6.36020665e-01
8.93064629e-01  4.85447110e-01  6.19836623e-01  9.60620144e-01  3.57240009e-01  6.38511660e-01
8.24265604e-01  5.25676422e-01  8.27650575e-01  9.30004117e-01  3.47499721e-01  8.37636351e-01
8.92716182e-01  4.85262859e-01  6.21139381e-01  9.60441715e-01  3.56575360e-01  6.39812194e-01
8.92303159e-01  4.88534714e-01  6.20417684e-01  9.60462354e-01  3.60277884e-01  6.38808159e-01
8.93454889e-01  4.84816845e-01  6.18920675e-01  9.60747278e-01  3.57324437e-01  6.37676628e-01
8.92238349e-01  4.88202401e-01  6.20853483e-01  9.60434593e-01  3.59154141e-01  6.39250723e-01
8.92056941e-01  4.86570319e-01  6.22529009e-01  9.60198183e-01  3.57840360e-01  6.41075851e-01
8.92089327e-01  4.87051479e-01  6.22106670e-01  9.60258293e-01  3.58189292e-01  6.40608286e-01
8.92110237e-01  4.90179481e-01  6.20004950e-01  9.60521446e-01  3.61143805e-01  6.38225403e-01
8.92998177e-01  4.84264950e-01  6.20829725e-01  9.60503247e-01  3.55798552e-01  6.39600553e-01
8.93126800e-01  4.87921933e-01  6.18018849e-01  9.60848607e-01  3.59675670e-01  6.36473360e-01
8.86892532e-01  7.88529659e-01  4.44331343e-01  9.74238137e-01  9.15810366e-01  4.20205798e-01
7.99516351e-01  6.43974082e-01  8.34887633e-01  9.23777666e-01  5.06343367e-01  8.40161757e-01
8.91955290e-01  4.89823592e-01  6.20762116e-01  9.60401196e-01  3.61044938e-01  6.39019701e-01
8.93598130e-01  4.86135789e-01  6.17578037e-01  9.60910284e-01  3.59033066e-01  6.36229194e-01
8.93787309e-01  7.06197471e-01  4.74372028e-01  9.79001282e-01  6.18074543e-01  4.59763255e-01
8.93429025e-01  4.86112392e-01  6.18167418e-01  9.60834321e-01  3.58641222e-01  6.36808508e-01
8.93537066e-01  4.87239407e-01  6.17068902e-01  9.60986441e-01  3.59607066e-01  6.35605752e-01
8.93548849e-01  4.85305163e-01  6.18284615e-01  9.60850414e-01  3.57439954e-01  6.36988141e-01
8.92464483e-01  4.86630187e-01  6.21106342e-01  9.60414801e-01  3.57971379e-01  6.39656089e-01
8.91548113e-01  4.88150646e-01  6.23230766e-01  9.60098556e-01  3.58321491e-01  6.41601364e-01
8.93175010e-01  4.86215473e-01  6.18962998e-01  9.60746079e-01  3.57825347e-01  6.37566380e-01
8.93377107e-01  4.88177247e-01  6.17003187e-01  9.60950549e-01  3.61156427e-01  6.35471106e-01
8.92862734e-01  4.87595095e-01  6.19127667e-01  9.60684190e-01  3.59333518e-01  6.37608127e-01
8.92824868e-01  4.84435149e-01  6.21307697e-01  9.60399713e-01  3.56590454e-01  6.40077951e-01
8.92881041e-01  4.85662402e-01  6.20320223e-01  9.60518848e-01  3.57975372e-01  6.38988020e-01
8.91698282e-01  4.90335394e-01  6.21302516e-01  9.60337967e-01  3.60769297e-01  6.39490005e-01
8.91907623e-01  4.90057401e-01  6.20772180e-01  9.60417644e-01  3.60711332e-01  6.38992779e-01
8.91940656e-01  4.89668603e-01  6.20912425e-01  9.60402597e-01  3.60371457e-01  6.39169280e-01
8.92447959e-01  4.84730932e-01  6.22395458e-01  9.60266589e-01  3.55853306e-01  6.41105064e-01
8.93184549e-01  4.87597431e-01  6.18033435e-01  9.60856020e-01  3.59292712e-01  6.36515992e-01
8.92391998e-01  4.88679962e-01  6.20021735e-01  9.60526023e-01  3.60291491e-01  6.38396724e-01
8.93026519e-01  4.83126808e-01  6.21472380e-01  9.60405434e-01  3.55240636e-01  6.40359062e-01
8.93500726e-01  4.84788060e-01  6.18783723e-01  9.60756328e-01  3.57609297e-01  6.37551534e-01
8.73907159e-01  7.37290261e-01  5.21690272e-01  9.66700385e-01  7.34093412e-01  5.11319853e-01
8.92634949e-01  4.85888130e-01  6.21009276e-01  9.60420954e-01  3.57855025e-01  6.39644031e-01
8.81120539e-01  5.88527368e-01  5.93777937e-01  9.61269298e-01  4.92608096e-01  6.02998661e-01
8.92864347e-01  4.85915577e-01  6.20212543e-01  9.60536876e-01  3.58057638e-01  6.38853062e-01
8.93612032e-01  4.86670961e-01  6.17183395e-01  9.60982859e-01  3.59002486e-01  6.35771054e-01
8.92927297e-01  4.88548350e-01  6.18289585e-01  9.60763162e-01  3.61015645e-01  6.36705740e-01
8.92586210e-01  4.85247449e-01  6.21590703e-01  9.60352387e-01  3.57038143e-01  6.40275990e-01
8.92711834e-01  4.89216439e-01  6.18587455e-01  9.60724702e-01  3.61126747e-01  6.36926182e-01
8.92830630e-01  4.88512345e-01  6.18641190e-01  9.60747283e-01  3.60054039e-01  6.37033951e-01
8.93732006e-01  4.85758926e-01  6.17368126e-01  9.60965867e-01  3.58302969e-01  6.36044694e-01
8.93022328e-01  4.85309938e-01  6.20069309e-01  9.60567011e-01  3.57592423e-01  6.38769371e-01
8.91968682e-01  4.86093590e-01  6.23138186e-01  9.60134003e-01  3.56886291e-01  6.41711976e-01
8.92397483e-01  4.90477640e-01  6.18836047e-01  9.60666365e-01  3.62177399e-01  6.37052870e-01
8.91940292e-01  4.86577577e-01  6.22920375e-01  9.60144035e-01  3.57682696e-01  6.41460157e-01
8.92892116e-01  4.83894756e-01  6.21430184e-01  9.60405764e-01  3.55736859e-01  6.40240115e-01
8.92931347e-01  4.83669197e-01  6.21443411e-01  9.60395680e-01  3.55831415e-01  6.40282511e-01
8.92591314e-01  4.91200862e-01  6.17708379e-01  9.60823891e-01  3.62942703e-01  6.35862662e-01
8.91678942e-01  4.89062830e-01  6.22194342e-01  9.60200197e-01  3.60176994e-01  6.40512807e-01
8.93117689e-01  4.89206740e-01  6.17215681e-01  9.60944592e-01  3.60964047e-01  6.35554599e-01
8.92089571e-01  4.90588800e-01  6.19809389e-01  9.60551374e-01  3.61340578e-01  6.37987184e-01
8.93528617e-01  4.85707261e-01  6.18092270e-01  9.60849613e-01  3.58369765e-01  6.36774367e-01
8.93756919e-01  4.86066001e-01  6.17084179e-01  9.61006628e-01  3.58524682e-01  6.35731148e-01
8.93557729e-01  4.84681009e-01  6.18659670e-01  9.60775909e-01  3.57553339e-01  6.37439156e-01
8.92704210e-01  4.90627177e-01  6.17697481e-01  9.60835609e-01  3.62437936e-01  6.35906371e-01
8.92619992e-01  4.89674163e-01  6.18602146e-01  9.60703139e-01  3.61803862e-01  6.36905027e-01
8.92333860e-01  4.86964774e-01  6.21332654e-01  9.60354317e-01  3.58739527e-01  6.39863053e-01
8.92297110e-01  4.86583656e-01  6.21704862e-01  9.60328516e-01  3.57788201e-01  6.40252460e-01
8.92916696e-01  4.83994395e-01  6.21282037e-01  9.60407642e-01  3.56296273e-01  6.40096369e-01
8.91151290e-01  4.89831025e-01  6.23487254e-01  9.60028288e-01  3.59816638e-01  6.41699897e-01
8.93953496e-01  4.84392684e-01  6.17503034e-01  9.60956993e-01  3.57389069e-01  6.36316757e-01
8.93944539e-01  4.85098553e-01  6.17075193e-01  9.61009212e-01  3.58056771e-01  6.35824739e-01
8.56334686e-01  1.99963677e-01  9.30227529e-01  9.21274645e-01  1.30532210e-01  9.44695924e-01
8.91715193e-01  4.89705829e-01  6.21653812e-01  9.60280336e-01  3.60559798e-01  6.39908851e-01
8.93351104e-01  4.86607096e-01  6.18110831e-01  9.60821828e-01  3.59383941e-01  6.36713748e-01
8.91937716e-01  4.87947400e-01  6.22039825e-01  9.60265765e-01  3.58662510e-01  6.40448962e-01
8.92489241e-01  4.85109392e-01  6.22009587e-01  9.60309703e-01  3.56431773e-01  6.40692434e-01
9.60264253e-01  2.87709594e-01  5.20335417e-01  9.76564795e-01  2.49405942e-01  5.62184616e-01
8.91268959e-01  4.89148743e-01  6.23530655e-01  9.60030263e-01  3.59298447e-01  6.41809237e-01
8.92905404e-01  4.84599866e-01  6.20927302e-01  9.60487853e-01  3.55955171e-01  6.39662384e-01
8.93325001e-01  4.84707510e-01  6.19432689e-01  9.60699026e-01  3.56512920e-01  6.38177069e-01
8.93249960e-01  4.86434345e-01  6.18566417e-01  9.60777601e-01  3.58657983e-01  6.37168235e-01
8.91991190e-01  4.86560536e-01  6.22758617e-01  9.60191483e-01  3.57130316e-01  6.41285976e-01
8.92128592e-01  4.86345911e-01  6.22431406e-01  9.60216125e-01  3.57671668e-01  6.41000526e-01
8.91590668e-01  4.87401903e-01  6.23572358e-01  9.60054422e-01  3.57769327e-01  6.42014337e-01
8.93052872e-01  4.83918959e-01  6.20868627e-01  9.60490125e-01  3.55815676e-01  6.39680653e-01
8.92089606e-01  4.87483866e-01  6.21825017e-01  9.60306447e-01  3.58275779e-01  6.40279166e-01
8.92579961e-01  4.84534639e-01  6.22074684e-01  9.60314371e-01  3.55813893e-01  6.40807977e-01
8.91683938e-01  4.89237221e-01  6.22064162e-01  9.60219509e-01  3.60277601e-01  6.40365302e-01
8.52161613e-01  5.05457044e-01  7.46047133e-01  9.40735945e-01  3.81035910e-01  7.60927110e-01
8.91623362e-01  4.87736859e-01  6.23243890e-01  9.60072959e-01  3.58710597e-01  6.41673878e-01
8.92971619e-01  4.87108259e-01  6.19074007e-01  9.60676308e-01  3.59508736e-01  6.37617410e-01
8.91774290e-01  4.88063236e-01  6.22519532e-01  9.60182718e-01  3.58922938e-01  6.40920128e-01
8.92541390e-01  4.85115925e-01  6.21828276e-01  9.60309160e-01  3.57133984e-01  6.40530589e-01
8.92769709e-01  4.90453709e-01  6.17587699e-01  9.60860871e-01  3.62159910e-01  6.35809851e-01
8.92866911e-01  4.89272223e-01  6.18024681e-01  9.60826185e-01  3.60812178e-01  6.36349554e-01
8.92388390e-01  4.88574451e-01  6.20102487e-01  9.60524280e-01  3.59980455e-01  6.38481129e-01
8.93136579e-01  4.83954072e-01  6.20561607e-01  9.60524537e-01  3.56154237e-01  6.39380301e-01
8.92363563e-01  4.84647353e-01  6.22736282e-01  9.60203419e-01  3.56066759e-01  6.41459841e-01
8.92720758e-01  4.83657361e-01  6.22166145e-01  9.60297502e-01  3.55485947e-01  6.40993345e-01
8.92147822e-01  4.87694781e-01  6.21490416e-01  9.60332245e-01  3.59008577e-01  6.39941234e-01
8.92907471e-01  4.86459933e-01  6.19712717e-01  9.60610792e-01  3.58393908e-01  6.38299960e-01
8.92457724e-01  4.90714796e-01  6.18477539e-01  9.60717025e-01  3.62409523e-01  6.36673398e-01
8.91865036e-01  4.87066545e-01  6.22858467e-01  9.60159003e-01  3.57771126e-01  6.41343363e-01
8.92041519e-01  4.90517819e-01  6.20018630e-01  9.60497593e-01  3.61826135e-01  6.38217698e-01
8.92263520e-01  4.87859825e-01  6.20990419e-01  9.60395644e-01  3.59430673e-01  6.39435352e-01
8.93291426e-01  4.87646501e-01  6.17638677e-01  9.60882097e-01  3.60175197e-01  6.36141027e-01
8.92963815e-01  4.87802517e-01  6.18649788e-01  9.60736265e-01  3.59968584e-01  6.37124716e-01
8.92720885e-01  4.90756069e-01  6.17557186e-01  9.60850097e-01  3.62675454e-01  6.35757555e-01
8.93823271e-01  4.85761451e-01  6.17056597e-01  9.61015599e-01  3.58272379e-01  6.35733026e-01
8.92860782e-01  4.88494900e-01  6.18550135e-01  9.60747697e-01  3.60381052e-01  6.36954308e-01
8.93400448e-01  4.84472550e-01  6.19329046e-01  9.60703428e-01  3.56691912e-01  6.38106703e-01
8.92858261e-01  4.89327782e-01  6.18017982e-01  9.60827333e-01  3.60834813e-01  6.36336868e-01
8.93210760e-01  4.88691635e-01  6.17234071e-01  9.60932836e-01  3.60946677e-01  6.35634063e-01
8.93502489e-01  4.84600751e-01  6.18899340e-01  9.60742599e-01  3.57421616e-01  6.37683750e-01
9.39523038e-01  3.29105661e-01  5.63888859e-01  9.70067981e-01  2.66321896e-01  5.99859024e-01
8.92479851e-01  4.87418309e-01  6.20542506e-01  9.60480821e-01  3.58851778e-01  6.39025508e-01
8.93439624e-01  4.83685648e-01  6.19706889e-01  9.60636098e-01  3.56548167e-01  6.38572252e-01
8.93524866e-01  4.86285581e-01  6.17729558e-01  9.60895664e-01  3.58883298e-01  6.36358193e-01
8.92734689e-01  4.90747199e-01  6.17516073e-01  9.60840026e-01  3.63072644e-01  6.35728617e-01
8.92642198e-01  4.85034586e-01  6.21538790e-01  9.60370735e-01  3.56691701e-01  6.40239913e-01
8.92687879e-01  4.84201978e-01  6.21924216e-01  9.60350768e-01  3.55346556e-01  6.40684632e-01
8.92655292e-01  4.90403453e-01  6.18008825e-01  9.60804953e-01  3.61902851e-01  6.36228906e-01
8.92810415e-01  4.87386462e-01  6.19440761e-01  9.60624721e-01  3.59502605e-01  6.37949623e-01
8.91856200e-01  4.90036133e-01  6.20960591e-01  9.60361039e-01  3.61367571e-01  6.39201218e-01
8.93303620e-01  4.86799446e-01  6.18147187e-01  9.60830704e-01  3.59117105e-01  6.36719661e-01
8.92545063e-01  4.88321723e-01  6.19734578e-01  9.60558730e-01  3.60420392e-01  6.38156665e-01
8.91949411e-01  4.87138420e-01  6.22525310e-01  9.60197822e-01  3.58117926e-01  6.41012816e-01
8.91521757e-01  4.89359247e-01  6.22535624e-01  9.60176503e-01  3.59595273e-01  6.40801688e-01
8.92195673e-01  4.90438039e-01  6.19546997e-01  9.60582523e-01  3.61507800e-01  6.37748092e-01
8.92365335e-01  4.84228910e-01  6.23001924e-01  9.60196406e-01  3.55045628e-01  6.41745218e-01
8.92799158e-01  4.84560401e-01  6.21313679e-01  9.60409144e-01  3.56394152e-01  6.40063694e-01
8.92298037e-01  4.87562663e-01  6.21066136e-01  9.60382914e-01  3.59320487e-01  6.39542916e-01
8.93743786e-01  4.85313003e-01  6.17617623e-01  9.60938023e-01  3.57834399e-01  6.36333544e-01
8.92592136e-01  4.91174090e-01  6.17722967e-01  9.60830420e-01  3.62716171e-01  6.35874134e-01
8.91804493e-01  4.89131839e-01  6.21723234e-01  9.60266056e-01  3.60386712e-01  6.40041158e-01
8.93732310e-01  4.85386855e-01  6.17608645e-01  9.60941588e-01  3.57814996e-01  6.36315253e-01
8.93028190e-01  4.86748357e-01  6.19115570e-01  9.60712124e-01  3.58315870e-01  6.37668609e-01
8.92394962e-01  4.84849681e-01  6.22498318e-01  9.60248778e-01  3.55951639e-01  6.41196112e-01
8.92970623e-01  4.85903067e-01  6.19859808e-01  9.60589482e-01  3.58105172e-01  6.38504574e-01
8.62013140e-01  5.80812816e-01  6.63669343e-01  9.51974507e-01  4.45159898e-01  6.73767740e-01
8.93901522e-01  4.85137850e-01  6.17195743e-01  9.60995395e-01  3.57954745e-01  6.35937356e-01
8.93699986e-01  4.86328959e-01  6.17106780e-01  9.61011090e-01  3.58449722e-01  6.35720185e-01
8.93002026e-01  4.85035044e-01  6.20316705e-01  9.60569712e-01  3.56466376e-01  6.39017164e-01
8.92904574e-01  4.88550325e-01  6.18365459e-01  9.60762111e-01  3.60754673e-01  6.36773923e-01
8.92961536e-01  4.89404184e-01  6.17617714e-01  9.60844383e-01  3.61971132e-01  6.35960013e-01
8.92202514e-01  4.91142210e-01  6.19066617e-01  9.60640784e-01  3.62227745e-01  6.37205038e-01
