8.97083192e-01  4.77448091e-01  6.11393366e-01  9.61994240e-01  3.52107634e-01  6.30913730e-01
8.91357013e-01  4.80018892e-01  6.29168526e-01  9.59421831e-01  3.48793295e-01  6.48188247e-01
8.98058359e-01  4.84034974e-01  6.03805602e-01  9.62946026e-01  3.60746035e-01  6.22777087e-01
8.87747494e-01  5.00383596e-01  6.28203769e-01  9.59212084e-01  3.66583052e-01  6.45344687e-01
8.35728184e-01  6.64731192e-01  6.98442818e-01  9.46673848e-01  4.75327309e-01  7.00652798e-01
8.94654779e-01  4.73455181e-01  6.22231756e-01  9.60395705e-01  3.48304668e-01  6.42058844e-01
8.89231944e-01  4.95376389e-01  6.26413906e-01  9.59493851e-01  3.64263645e-01  6.44084090e-01
8.91303862e-01  4.91581110e-01  6.21842386e-01  9.60237834e-01  3.61746305e-01  6.39906388e-01
8.96637562e-01  4.70143515e-01  6.17648943e-01  9.61144271e-01  3.45862682e-01  6.37834013e-01
8.94429538e-01  4.88288995e-01  6.13365969e-01  9.61429403e-01  3.63352383e-01  6.31887957e-01
8.93171160e-01  4.90468577e-01  6.16223937e-01  9.60983160e-01  3.64378722e-01  6.34507607e-01
8.96641009e-01  4.76416111e-01  6.13564856e-01  9.61646935e-01  3.51880024e-01  6.33194223e-01
8.94457151e-01  4.70701184e-01  6.24690831e-01  9.60103547e-01  3.44934405e-01  6.44725652e-01
8.91284561e-01  4.92452016e-01  6.21342500e-01  9.60283968e-01  3.62908764e-01  6.39336887e-01
8.86787087e-01  5.02556959e-01  6.30053989e-01  9.58962105e-01  3.66628820e-01  6.46936766e-01
8.88179080e-01  4.89459392e-01  6.33830652e-01  9.58621598e-01  3.54860484e-01  6.51890841e-01
8.93436722e-01  4.78277696e-01  6.23236971e-01  9.60347131e-01  3.47844506e-01  6.42478636e-01
8.91332277e-01  4.91663458e-01  6.21692454e-01  9.60328853e-01  3.60132865e-01  6.39702647e-01
8.89615905e-01  5.02889658e-01  6.20232238e-01  9.60354779e-01  3.70122094e-01  6.37184531e-01
8.95525972e-01  4.86896370e-01  6.10546993e-01  9.61868123e-01  3.62722322e-01  6.29223247e-01
8.91290512e-01  4.84235328e-01  6.26656874e-01  9.59693861e-01  3.53506719e-01  6.45334258e-01
8.89331586e-01  4.92578152e-01  6.27892280e-01  9.59353595e-01  3.60838259e-01  6.45789885e-01
8.90821484e-01  5.04499101e-01  6.15093568e-01  9.61005974e-01  3.74541097e-01  6.31968679e-01
8.91624072e-01  4.92967992e-01  6.19854652e-01  9.60517072e-01  3.63101667e-01  6.37796817e-01
8.90040045e-01  4.90172267e-01  6.27048584e-01  9.59572360e-01  3.57626071e-01  6.45143452e-01
8.92920399e-01  4.66954160e-01  6.32341853e-01  9.59094829e-01  3.39107548e-01  6.52565403e-01
8.90175072e-01  4.80056797e-01  6.33157392e-01  9.58789227e-01  3.49201754e-01  6.52148310e-01
8.92489498e-01  4.86015234e-01  6.21429947e-01  9.60483698e-01  3.54811172e-01  6.39962731e-01
8.91528742e-01  5.02732881e-01  6.13838621e-01  9.61103427e-01  3.76130138e-01  6.30969688e-01
8.90763277e-01  4.98987978e-01  6.18869227e-01  9.60515176e-01  3.69618959e-01  6.36274533e-01
8.91170275e-01  4.79166481e-01  6.30356039e-01  9.59236955e-01  3.48449506e-01  6.49454603e-01
8.87602909e-01  4.94501614e-01  6.32513550e-01  9.58737189e-01  3.59233890e-01  6.50119991e-01
8.91037348e-01  4.82666067e-01  6.28535357e-01  9.59443802e-01  3.51815196e-01  6.47335884e-01
8.93458828e-01  4.96553873e-01  6.11296372e-01  9.61769667e-01  3.66730151e-01  6.28910932e-01
8.93555962e-01  4.93768617e-01  6.12774806e-01  9.61539571e-01  3.65429179e-01  6.30692600e-01
8.93994773e-01  4.75825349e-01  6.22934152e-01  9.60376645e-01  3.47175040e-01  6.42447014e-01
8.88681386e-01  4.89227669e-01  6.32275383e-01  9.58687078e-01  3.59040765e-01  6.50486777e-01
8.93301477e-01  4.68283200e-01  6.30184979e-01  9.59400016e-01  3.40348798e-01  6.50316311e-01
8.92117886e-01  4.79512495e-01  6.26913587e-01  9.59630135e-01  3.51999507e-01  6.46097734e-01
8.67252971e-01  6.66622448e-01  5.90164987e-01  9.57673656e-01  6.33859011e-01  5.92797520e-01
8.91313058e-01  5.01904169e-01  6.15109087e-01  9.61126841e-01  3.70346364e-01  6.32181299e-01
8.96808387e-01  4.86879536e-01  6.06203318e-01  9.62667793e-01  3.59738878e-01  6.24798228e-01
8.96184320e-01  4.91914097e-01  6.05053821e-01  9.62708612e-01  3.65460659e-01  6.23189355e-01
8.91457608e-01  5.01451617e-01  6.14912021e-01  9.61011497e-01  3.73695969e-01  6.32132245e-01
8.92132207e-01  5.01189086e-01  6.12791747e-01  9.61298004e-01  3.74664192e-01  6.30067218e-01
8.91767687e-01  4.78145999e-01  6.28989966e-01  9.59497097e-01  3.46805737e-01  6.48173595e-01
8.95146834e-01  4.92460294e-01  6.08222172e-01  9.62300066e-01  3.63611068e-01  6.26244404e-01
8.92971125e-01  4.81368254e-01  6.22811441e-01  9.60189102e-01  3.54685882e-01  6.41881174e-01
8.90402026e-01  4.93490957e-01  6.23664768e-01  9.59876620e-01  3.64504601e-01  6.41573060e-01
8.91376224e-01  4.82532896e-01  6.27471085e-01  9.59537900e-01  3.53480814e-01  6.46340376e-01
7.66179497e-01  6.34827124e-01  9.54040254e-01  9.10547322e-01  3.75090311e-01  9.55900334e-01
8.91682610e-01  4.89357588e-01  6.21999876e-01  9.60262039e-01  3.59559264e-01  6.40266105e-01
8.88505198e-01  4.83797684e-01  6.36399011e-01  9.58188473e-01  3.53272240e-01  6.55041963e-01
8.88902977e-01  5.04413962e-01  6.21663476e-01  9.60125138e-01  3.70969240e-01  6.38457524e-01
8.90271543e-01  4.88731528e-01  6.27197834e-01  9.59417164e-01  3.60207496e-01  6.45530793e-01
8.96407564e-01  4.84494006e-01  6.09113114e-01  9.62166066e-01  3.59800671e-01  6.28000732e-01
8.94003219e-01  4.96612872e-01  6.09409471e-01  9.61924951e-01  3.70151959e-01  6.27109627e-01
9.00288973e-01  4.73048956e-01  6.03363675e-01  9.63104536e-01  3.53446700e-01  6.23479291e-01
8.93814766e-01  4.83005373e-01  6.18883874e-01  9.60856953e-01  3.53993598e-01  6.37761930e-01
8.88861900e-01  4.92850192e-01  6.29310566e-01  9.59164236e-01  3.60208867e-01  6.47152231e-01
8.96890685e-01  4.73640364e-01  6.14519137e-01  9.61492988e-01  3.50761476e-01  6.34444677e-01
8.96896293e-01  4.72516983e-01  6.15229461e-01  9.61528465e-01  3.46705141e-01  6.35172230e-01
8.91938064e-01  4.79650379e-01  6.27434716e-01  9.59672140e-01  3.49067768e-01  6.46518653e-01
8.93545185e-01  4.74856133e-01  6.25090052e-01  9.60074135e-01  3.45986965e-01  6.44666420e-01
8.87647124e-01  5.01248029e-01  6.27983360e-01  9.59178979e-01  3.68612344e-01  6.45079171e-01
8.91091923e-01  5.00320608e-01  6.16888064e-01  9.60788411e-01  3.71097950e-01  6.34174343e-01
8.94436744e-01  4.98948619e-01  6.06420925e-01  9.62325642e-01  3.72862900e-01  6.23902147e-01
8.86148472e-01  4.97703972e-01  6.35373239e-01  9.58185132e-01  3.63290910e-01  6.52704575e-01
8.94203615e-01  4.74257891e-01  6.23242652e-01  9.60401782e-01  3.44699540e-01  6.42868674e-01
8.86650179e-01  4.94551524e-01  6.35716309e-01  9.58250891e-01  3.59007512e-01  6.53291416e-01
8.92524276e-01  4.99548262e-01  6.12525710e-01  9.61441730e-01  3.71420514e-01  6.29909350e-01
8.87179218e-01  4.89500392e-01  6.37199211e-01  9.57999623e-01  3.57338934e-01  6.55295397e-01
8.93248041e-01  4.81937603e-01  6.21501508e-01  9.60458347e-01  3.53327911e-01  6.40474504e-01
8.98790641e-01  4.79650155e-01  6.04165815e-01  9.63058373e-01  3.54603303e-01  6.23502975e-01
8.91810636e-01  4.68149738e-01  6.35334043e-01  9.58658033e-01  3.39041939e-01  6.55381567e-01
8.98047253e-01  4.80101807e-01  6.06396861e-01  9.62658978e-01  3.56071659e-01  6.25718164e-01
8.86294989e-01  4.94785150e-01  6.36770740e-01  9.58090930e-01  3.59026620e-01  6.54312582e-01
8.92043782e-01  5.01943019e-01  6.12602539e-01  9.61352105e-01  3.74415463e-01  6.29778885e-01
8.94852390e-01  4.80195340e-01  6.17184829e-01  9.61182811e-01  3.51211206e-01  6.36327632e-01
8.90986250e-01  4.85779345e-01  6.26687595e-01  9.59585590e-01  3.56717452e-01  6.45272553e-01
8.88780673e-01  4.82924792e-01  6.36030302e-01  9.58271048e-01  3.52267501e-01  6.54749057e-01
8.95074036e-01  4.77429684e-01  6.18227716e-01  9.60926863e-01  3.52256184e-01  6.37722729e-01
8.91034050e-01  4.97803929e-01  6.18718528e-01  9.60680759e-01  3.65618727e-01  6.36154639e-01
8.92148459e-01  4.73249300e-01  6.30876070e-01  9.59171808e-01  3.45488025e-01  6.50569580e-01
8.88673340e-01  4.90967837e-01  6.31172929e-01  9.58839595e-01  3.60252275e-01  6.49223600e-01
8.93926207e-01  4.83886051e-01  6.17933687e-01  9.60968694e-01  3.55264726e-01  6.36746171e-01
8.46933947e-01  2.79888261e-01  9.10257013e-01  9.22301998e-01  1.87339952e-01  9.24732914e-01
8.86147323e-01  4.94694737e-01  6.37330850e-01  9.57943299e-01  3.60474709e-01  6.54918248e-01
8.92612074e-01  4.98403473e-01  6.12970842e-01  9.61511976e-01  3.67490378e-01  6.30384250e-01
8.97291458e-01  4.83724699e-01  6.06611183e-01  9.62587596e-01  3.58675912e-01  6.25562715e-01
8.95579123e-01  4.73050428e-01  6.19355771e-01  9.60820085e-01  3.48629321e-01  6.39261302e-01
8.92070587e-01  5.04375024e-01  6.10932578e-01  9.61555880e-01  3.76939402e-01  6.27878046e-01
8.87649653e-01  4.99171826e-01  6.29322739e-01  9.59091909e-01  3.64731657e-01  6.46551139e-01
8.93786122e-01  4.96398268e-01  6.10285984e-01  9.61784297e-01  3.70142528e-01  6.28013715e-01
8.90943492e-01  3.83781946e-01  6.93350623e-01  9.49940689e-01  3.06696023e-01  7.19408935e-01
8.69889908e-01  5.46071996e-01  6.59477151e-01  9.52556803e-01  4.32206808e-01  6.73083780e-01
8.96391727e-01  4.75831083e-01  6.14791169e-01  9.61545676e-01  3.49444294e-01  6.34416961e-01
8.91424365e-01  4.90967481e-01  6.21831609e-01  9.60326860e-01  3.59340707e-01  6.39901929e-01
8.92538098e-01  4.66315599e-01  6.34054588e-01  9.58809705e-01  3.39355192e-01  6.54335299e-01
8.97985776e-01  4.83917517e-01  6.04128354e-01  9.63025688e-01  3.57529816e-01  6.23023525e-01
8.92265277e-01  4.75454021e-01  6.29048028e-01  9.59481193e-01  3.45791320e-01  6.48514408e-01
8.93720495e-01  4.80745951e-01  6.20670874e-01  9.60601013e-01  3.52455741e-01  6.39765082e-01
8.97600602e-01  4.82608630e-01  6.06286011e-01  9.62586903e-01  3.59407644e-01  6.25394876e-01
8.87844236e-01  4.86729151e-01  6.36740240e-01  9.58204987e-01  3.52852141e-01  6.55034989e-01
8.95920418e-01  4.90722250e-01  6.06723729e-01  9.62501407e-01  3.63598062e-01  6.24956477e-01
8.95395817e-01  4.92037690e-01  6.07651051e-01  9.62268622e-01  3.66349181e-01  6.25801353e-01
8.87142947e-01  4.90052467e-01  6.36963977e-01  9.58131600e-01  3.55242987e-01  6.54942635e-01
8.90194462e-01  4.98805314e-01  6.20919352e-01  9.60324268e-01  3.66402592e-01  6.38255889e-01
8.88349359e-01  4.98316619e-01  6.27501952e-01  9.59208008e-01  3.68423073e-01  6.44937604e-01
8.99423248e-01  4.71550686e-01  6.07276112e-01  9.62600095e-01  3.50225269e-01  6.27472200e-01
8.91853736e-01  4.95352096e-01  6.17526919e-01  9.60713277e-01  3.68234356e-01  6.35330311e-01
8.93602326e-01  4.74284583e-01  6.25267097e-01  9.60080585e-01  3.44908412e-01  6.44878998e-01
8.87418933e-01  5.05208798e-01  6.26186773e-01  9.59472012e-01  3.70058949e-01  6.42859666e-01
8.88445098e-01  5.01151466e-01  6.25336410e-01  9.59637051e-01  3.67443100e-01  6.42417323e-01
8.89080023e-01  4.84129289e-01  6.34231814e-01  9.58562221e-01  3.52466981e-01  6.52835094e-01
8.95867476e-01  4.85478911e-01  6.10307638e-01  9.61982240e-01  3.60199634e-01  6.29085478e-01
8.91709250e-01  4.81698649e-01  6.26881863e-01  9.59644404e-01  3.52738740e-01  6.45832190e-01
8.95841695e-01  4.89268350e-01  6.07934965e-01  9.62330868e-01  3.62470622e-01  6.26315411e-01
8.90018163e-01  4.85753386e-01  6.29991797e-01  9.59254101e-01  3.52303195e-01  6.48437348e-01
8.90693933e-01  4.90214050e-01  6.24801028e-01  9.59744408e-01  3.61957043e-01  6.43020597e-01
8.89629723e-01  4.87544948e-01  6.30147665e-01  9.59207273e-01  3.53646593e-01  6.48421311e-01
8.93248645e-01  4.79341596e-01  6.23184898e-01  9.60340217e-01  3.48684391e-01  6.42325226e-01
9.65363441e-01  4.14843235e-01  4.20483515e-01  9.88999106e-01  4.05214200e-01  4.45773898e-01
8.93468817e-01  4.74800673e-01  6.25385398e-01  9.60113604e-01  3.43885102e-01  6.44908216e-01
8.92336433e-01  4.95286111e-01  6.15930712e-01  9.61074874e-01  3.65456411e-01  6.33665810e-01
8.88446798e-01  4.92853391e-01  6.30718058e-01  9.59020775e-01  3.58382593e-01  6.48502077e-01
8.96672326e-01  4.85902891e-01  6.07299384e-01  9.62430640e-01  3.60894178e-01  6.26046839e-01
8.90634446e-01  5.03251349e-01  6.16538789e-01  9.60897001e-01  3.71123117e-01  6.33472141e-01
8.88017735e-01  4.89600203e-01  6.34287082e-01  9.58449891e-01  3.57389956e-01  6.52396277e-01
8.94815366e-01  4.91865804e-01  6.09733643e-01  9.61907232e-01  3.67151432e-01  6.27929686e-01
8.95408474e-01  4.95801404e-01  6.05164537e-01  9.62540712e-01  3.70940990e-01  6.22975628e-01
8.96536841e-01  4.79734703e-01  6.11764026e-01  9.61823277e-01  3.55913858e-01  6.31113790e-01
8.90631142e-01  4.92783371e-01  6.23346168e-01  9.59986242e-01  3.62721637e-01  6.41289952e-01
8.90990603e-01  4.93231698e-01  6.21834466e-01  9.60113289e-01  3.65555644e-01  6.39808090e-01
8.91859388e-01  4.99200223e-01  6.15009433e-01  9.61206424e-01  3.67545862e-01  6.32330369e-01
8.91988521e-01  4.83241697e-01  6.24931748e-01  9.59902326e-01  3.54501045e-01  6.43763484e-01
8.92127502e-01  5.00550636e-01  6.13222274e-01  9.61445702e-01  3.69137366e-01  6.30421424e-01
7.91168005e-01  5.53464801e-01  9.22005874e-01  9.14630956e-01  3.82556771e-01  9.27957254e-01
8.93596155e-01  4.92792111e-01  6.13272281e-01  9.61383570e-01  3.66889180e-01  6.31349128e-01
8.90917398e-01  4.89479125e-01  6.24519395e-01  9.59967306e-01  3.57258867e-01  6.42697530e-01
8.90343922e-01  4.74969104e-01  6.35887130e-01  9.58404393e-01  3.46103539e-01  6.55345308e-01
8.94096612e-01  4.73781265e-01  6.23915409e-01  9.60174246e-01  3.47499361e-01  6.43668432e-01
8.92344618e-01  4.74778392e-01  6.29217262e-01  9.59492118e-01  3.44589703e-01  6.48727266e-01
8.94399304e-01  4.68679695e-01  6.26199700e-01  9.59975511e-01  3.41480321e-01  6.46359850e-01
7.89398062e-01  4.58690914e-01  9.89555193e-01  9.06299038e-01  3.25661891e-01  9.94779457e-01
8.87713344e-01  4.96232014e-01  6.31015090e-01  9.58862637e-01  3.62609844e-01  6.48520785e-01
8.95076735e-01  4.73769069e-01  6.20595169e-01  9.60725768e-01  3.46572661e-01  6.40350279e-01
8.85566113e-01  4.98344451e-01  6.36934924e-01  9.57947900e-01  3.63451102e-01  6.54187978e-01
8.89643909e-01  4.83216278e-01  6.32909822e-01  9.58861827e-01  3.49742721e-01  6.51555439e-01
8.91290585e-01  4.97167940e-01  6.18260302e-01  9.60653852e-01  3.67724741e-01  6.35831320e-01
8.91786853e-01  4.80580491e-01  6.27344302e-01  9.59606290e-01  3.51427261e-01  6.46385352e-01
8.89199892e-01  5.05971999e-01  6.19643723e-01  9.60421131e-01  3.72146118e-01  6.36282547e-01
8.89747407e-01  4.85835435e-01  6.30857893e-01  9.58995721e-01  3.55373246e-01  6.49371253e-01
8.95231464e-01  4.86841833e-01  6.11582452e-01  9.61730017e-01  3.62132376e-01  6.30247678e-01
8.92538531e-01  4.89558323e-01  6.18963132e-01  9.60710837e-01  3.60216260e-01  6.37233743e-01
8.90265813e-01  4.92535775e-01  6.24747460e-01  9.59811542e-01  3.61560808e-01  6.42683427e-01
8.91714887e-01  4.85701321e-01  6.24264048e-01  9.59975978e-01  3.56326113e-01  6.42861533e-01
8.92106828e-01  4.83984040e-01  6.24048089e-01  9.60127405e-01  3.52683286e-01  6.42748262e-01
8.87157695e-01  4.92648303e-01  6.35228589e-01  9.58366366e-01  3.57201131e-01  6.52976297e-01
8.97351891e-01  4.86611632e-01  6.04531674e-01  9.62819866e-01  3.62261202e-01  6.23229285e-01
8.92999093e-01  4.95036526e-01  6.13842559e-01  9.61290841e-01  3.68012264e-01  6.31679286e-01
8.89718201e-01  4.95051365e-01  6.24973752e-01  9.59700811e-01  3.64529592e-01  6.42694458e-01
8.93699921e-01  4.79082022e-01  6.21821028e-01  9.60498139e-01  3.49870755e-01  6.41033315e-01
8.90345274e-01  4.94440182e-01  6.23241212e-01  9.59940803e-01  3.64971478e-01  6.41051600e-01
8.77553925e-01  8.25904248e-01  4.51777153e-01  9.76805183e-01  8.52482404e-01  4.18656001e-01
8.92235483e-01  4.98067920e-01  6.14467469e-01  9.61293163e-01  3.66973967e-01  6.31908851e-01
8.86779629e-01  4.94166235e-01  6.35526868e-01  9.58235893e-01  3.59922535e-01  6.53172154e-01
8.96961860e-01  4.85047231e-01  6.06871759e-01  9.62552433e-01  3.59156753e-01  6.25674964e-01
8.90731115e-01  4.90724893e-01  6.24343143e-01  9.59923059e-01  3.59562554e-01  6.42438854e-01
8.92119531e-01  5.04980728e-01  6.10373159e-01  9.61734072e-01  3.75016334e-01  6.27188258e-01
8.93332298e-01  4.84297649e-01  6.19683192e-01  9.60758909e-01  3.53941127e-01  6.38402938e-01
8.91787962e-01  4.87256161e-01  6.23006451e-01  9.60130270e-01  3.58017622e-01  6.41473971e-01
8.90874156e-01  5.00738710e-01  6.17356063e-01  9.60624729e-01  3.73496936e-01  6.34659044e-01
9.07101730e-01  7.05669637e-01  4.29504329e-01  9.81287639e-01  7.52274721e-01  4.13507762e-01
8.96486131e-01  4.76564883e-01  6.13994206e-01  9.61679198e-01  3.49538598e-01  6.33538622e-01
8.86033933e-01  4.94854159e-01  6.37612419e-01  9.58030837e-01  3.57339791e-01  6.55095051e-01
8.93953656e-01  4.91105942e-01  6.13153058e-01  9.61466517e-01  3.64548198e-01  6.31368444e-01
8.92663816e-01  5.02249012e-01  6.10298462e-01  9.61734507e-01  3.74020371e-01  6.27419959e-01
8.95479811e-01  4.86687644e-01  6.10839271e-01  9.61917516e-01  3.60315807e-01  6.29473137e-01
8.98542340e-01  4.81406158e-01  6.03868874e-01  9.62942454e-01  3.59365909e-01  6.23124925e-01
8.92005267e-01  4.71757852e-01  6.32330633e-01  9.59093230e-01  3.41277118e-01  6.52064847e-01
8.90336644e-01  5.02060589e-01  6.18323102e-01  9.60615515e-01  3.70649437e-01  6.35388544e-01
8.91454790e-01  4.80209200e-01  6.28712940e-01  9.59441935e-01  3.50106428e-01  6.47750170e-01
8.95171493e-01  4.70780075e-01  6.22213957e-01  9.60508931e-01  3.44418704e-01  6.42247763e-01
8.94017530e-01  4.86194401e-01  6.16124893e-01  9.61065505e-01  3.60802543e-01  6.34821594e-01
8.87565303e-01  4.99085425e-01  6.29665242e-01  9.58979773e-01  3.66130816e-01  6.46940727e-01
8.93081104e-01  4.70082814e-01  6.29764934e-01  9.59496144e-01  3.40369653e-01  6.49695030e-01
8.85607737e-01  5.04070048e-01  6.33076335e-01  9.58508586e-01  3.66898841e-01  6.49781140e-01
8.93852802e-01  4.73580635e-01  6.24873601e-01  9.60190460e-01  3.43400228e-01  6.44529574e-01
8.86670121e-01  4.91205630e-01  6.37820888e-01  9.58062840e-01  3.54184382e-01  6.55632764e-01
8.88844500e-01  4.88993535e-01  6.31873537e-01  9.58869387e-01  3.56006215e-01  6.50032273e-01
8.91561677e-01  4.90545278e-01  6.21639455e-01  9.60383199e-01  3.58505391e-01  6.39737353e-01
8.90074447e-01  4.90314044e-01  6.26839705e-01  9.59544031e-01  3.59170994e-01  6.44961361e-01
8.94274555e-01  4.80121840e-01  6.19194679e-01  9.60877065e-01  3.51027665e-01  6.38331274e-01
8.92786426e-01  4.95760074e-01  6.14094955e-01  9.61250831e-01  3.68360011e-01  6.31853952e-01
8.87136115e-01  4.96716118e-01  6.32660865e-01  9.58575128e-01  3.63607333e-01  6.50129430e-01
8.88946074e-01  4.96665047e-01  6.26547987e-01  9.59467741e-01  3.64967543e-01  6.44085782e-01
8.96197352e-01  4.74139082e-01  6.16549681e-01  9.61210362e-01  3.50202572e-01  6.36388448e-01
8.92985536e-01  4.73561931e-01  6.27830676e-01  9.59691203e-01  3.44423286e-01  6.47489925e-01
8.91602503e-01  5.02506032e-01  6.13735447e-01  9.61178303e-01  3.74595527e-01  6.30850897e-01
8.94455713e-01  4.73814378e-01  6.22674527e-01  9.60383616e-01  3.47088950e-01  6.42422590e-01
8.89566449e-01  4.91082369e-01  6.28065902e-01  9.59445869e-01  3.57265253e-01  6.46039461e-01
8.98552850e-01  4.79484352e-01  6.05080923e-01  9.62960295e-01  3.53442980e-01  6.24405035e-01
8.87250698e-01  4.91729382e-01  6.35509340e-01  9.58191125e-01  3.60018599e-01  6.53436583e-01
8.99026999e-01  4.77346012e-01  6.04859153e-01  9.62999436e-01  3.52337738e-01  6.24414284e-01
8.90280961e-01  5.03881701e-01  6.17329860e-01  9.60772616e-01  3.71431948e-01  6.34196983e-01
8.90356189e-01  5.05494580e-01  6.16027278e-01  9.60944821e-01  3.72934242e-01  6.32739112e-01
8.93608678e-01  4.81680497e-01  6.20443841e-01  9.60670155e-01  3.52048572e-01  6.39417612e-01
8.94050458e-01  5.01366072e-01  6.06163143e-01  9.62393168e-01  3.73334489e-01  6.23358142e-01
8.93047357e-01  4.71754415e-01  6.28794274e-01  9.59648778e-01  3.41032363e-01  6.48560317e-01
8.85011968e-01  5.04240935e-01  6.34988436e-01  9.58247892e-01  3.66084221e-01  6.51644493e-01
8.97755489e-01  4.75508295e-01  6.10369829e-01  9.62053012e-01  3.53660079e-01  6.30171377e-01
8.87243473e-01  5.00373583e-01  6.29921764e-01  9.58965800e-01  3.66070732e-01  6.47044466e-01
8.92851047e-01  4.83745341e-01  6.21675902e-01  9.60323644e-01  3.56763260e-01  6.40529391e-01
8.88563270e-01  4.88916948e-01  6.32878248e-01  9.58801405e-01  3.53833180e-01  6.50979794e-01
8.90744838e-01  4.86594703e-01  6.26978033e-01  9.59689314e-01  3.53450287e-01  6.45376702e-01
8.88547000e-01  4.88499767e-01  6.33204336e-01  9.58726670e-01  3.54242459e-01  6.51362634e-01
8.94118788e-01  4.77930305e-01  6.21146409e-01  9.60539808e-01  3.50888038e-01  6.40526627e-01
8.95655106e-01  4.86995132e-01  6.10044415e-01  9.62104957e-01  3.58910469e-01  6.28602149e-01
8.99541303e-01  4.70296097e-01  6.07689751e-01  9.62528496e-01  3.49826619e-01  6.28025152e-01
8.95401967e-01  4.85359088e-01  6.11966123e-01  9.61677339e-01  3.61279298e-01  6.30786293e-01
8.90825754e-01  4.76400281e-01  6.33321825e-01  9.58797217e-01  3.46793379e-01  6.52664116e-01
8.86090803e-01  4.94291381e-01  6.37784640e-01  9.57855213e-01  3.60734779e-01  6.55421824e-01
8.97581302e-01  4.79348032e-01  6.08468467e-01  9.62457543e-01  3.52776269e-01  6.27785623e-01
8.91252204e-01  4.86362909e-01  6.25405648e-01  9.59824338e-01  3.56001178e-01  6.43910348e-01
8.89975781e-01  4.90255047e-01  6.27213063e-01  9.59556780e-01  3.57420354e-01  6.45291790e-01
8.93486421e-01  4.73495258e-01  6.26173146e-01  9.60020345e-01  3.42611485e-01  6.45806047e-01
8.96054893e-01  4.81069632e-01  6.12533893e-01  9.61759326e-01  3.55167477e-01  6.31699572e-01
8.93371945e-01  4.82090186e-01  6.20981700e-01  9.60500516e-01  3.54333930e-01  6.39967260e-01
8.89068412e-01  4.98549096e-01  6.24909401e-01  9.59777478e-01  3.64471719e-01  6.42216497e-01
8.99954934e-01  4.74045490e-01  6.03850991e-01  9.63096759e-01  3.52254762e-01  6.23809786e-01
8.91155433e-01  4.75484883e-01  6.32796686e-01  9.59029601e-01  3.42698108e-01  6.52138272e-01
8.92114865e-01  4.91291086e-01  6.19276805e-01  9.60699855e-01  3.60079472e-01  6.37336369e-01
8.89445270e-01  4.91054396e-01  6.28495546e-01  9.59389397e-01  3.57004281e-01  6.46463000e-01
8.92811740e-01  5.06853012e-01  6.06807103e-01  9.62221558e-01  3.77626010e-01  6.23448100e-01
8.94179794e-01  4.92282453e-01  6.11621343e-01  9.61686478e-01  3.65548666e-01  6.29722507e-01
8.89302680e-01  4.79625781e-01  6.36399567e-01  9.58249396e-01  3.49974118e-01  6.55427843e-01
8.03238269e-01  4.03109456e-01  9.78643098e-01  9.10820507e-01  2.45598176e-01  9.84637814e-01
8.91936854e-01  5.07097413e-01  6.09619244e-01  9.61805864e-01  3.77128444e-01  6.26230656e-01
8.94718570e-01  4.82009902e-01  6.16461150e-01  9.61219077e-01  3.53887783e-01  6.35464919e-01
8.95853152e-01  4.87440907e-01  6.09082479e-01  9.62115812e-01  3.62501180e-01  6.27687143e-01
8.85664103e-01  4.96583581e-01  6.37745385e-01  9.57786861e-01  3.63550010e-01  6.55197270e-01
8.96911614e-01  4.70240376e-01  6.16655462e-01  9.61265921e-01  3.46690241e-01  6.36859156e-01
8.93452146e-01  4.88134054e-01  6.16785469e-01  9.60983160e-01  3.61187678e-01  6.35258910e-01
8.95884612e-01  4.83411623e-01  6.11591628e-01  9.61933243e-01  3.55575302e-01  6.30488405e-01
8.92491549e-01  4.98419741e-01  6.13369510e-01  9.61317984e-01  3.70704343e-01  6.30871416e-01
8.87744632e-01  5.00217928e-01  6.28321039e-01  9.59174737e-01  3.66975470e-01  6.45491759e-01
8.86817113e-01  4.97493418e-01  6.33239450e-01  9.58507295e-01  3.63413802e-01  6.50609943e-01
8.88978219e-01  5.00641939e-01  6.23856916e-01  9.59895520e-01  3.66528958e-01  6.40975253e-01
8.79801969e-01  7.65705925e-01  4.83226048e-01  9.75317293e-01  7.08953412e-01  4.61988201e-01
8.94960355e-01  4.96042600e-01  6.06529619e-01  9.62410511e-01  3.69027400e-01  6.24261009e-01
8.93540354e-01  4.73951093e-01  6.25694041e-01  9.60003390e-01  3.45033781e-01  6.45344457e-01
8.89650536e-01  4.84063008e-01  6.32337546e-01  9.58761411e-01  3.54726526e-01  6.51025905e-01
8.99503909e-01  4.74501554e-01  6.05086419e-01  9.62900260e-01  3.52569348e-01  6.24995663e-01
8.91968175e-01  4.90794486e-01  6.20097328e-01  9.60593540e-01  3.59335256e-01  6.38193277e-01
8.91324658e-01  5.04406621e-01  6.13444986e-01  9.61192732e-01  3.76226442e-01  6.30374396e-01
8.92141794e-01  4.77128892e-01  6.28379961e-01  9.59594640e-01  3.46278942e-01  6.47672185e-01
8.92360807e-01  4.69878605e-01  6.32343396e-01  9.59074450e-01  3.40870223e-01  6.52281063e-01
8.95147585e-01  4.72585571e-01  6.21122956e-01  9.60674689e-01  3.45297069e-01  6.40978124e-01
8.97704459e-01  4.71031825e-01  6.13449402e-01  9.61746708e-01  3.47437878e-01  6.33600347e-01
9.26979500e-01  3.52677876e-01  5.91178147e-01  9.65555890e-01  2.86285739e-01  6.24089995e-01
8.91140613e-01  5.02572140e-01  6.15260954e-01  9.60975988e-01  3.73748392e-01  6.32347582e-01
8.97038054e-01  4.81118379e-01  6.09163785e-01  9.62333473e-01  3.53977866e-01  6.28298253e-01
8.89653753e-01  4.81575850e-01  6.33941420e-01  9.58724843e-01  3.48478053e-01  6.52731532e-01
8.91583350e-01  4.78310477e-01  6.29509093e-01  9.59287186e-01  3.50043263e-01  6.48757293e-01
8.90340188e-01  4.90054543e-01  6.26105833e-01  9.59731003e-01  3.57272620e-01  6.44209459e-01
8.92646485e-01  4.64775634e-01  6.34686341e-01  9.58743493e-01  3.37933173e-01  6.55094651e-01
8.91715463e-01  4.81208854e-01  6.27178756e-01  9.59592984e-01  3.52655145e-01  6.46181579e-01
8.93929034e-01  4.93636532e-01  6.11593714e-01  9.61632484e-01  3.67591948e-01  6.29587647e-01
8.93603468e-01  4.67979548e-01  6.29356643e-01  9.59468246e-01  3.41668045e-01  6.49568213e-01
8.84798662e-01  5.04075417e-01  6.35820219e-01  9.58137304e-01  3.65556821e-01  6.52477755e-01
8.89703315e-01  4.78623348e-01  6.35689964e-01  9.58403242e-01  3.48456212e-01  6.54798767e-01
8.91458062e-01  4.84983561e-01  6.25602131e-01  9.59769738e-01  3.55975909e-01  6.44266390e-01
8.92414426e-01  4.73867413e-01  6.29571653e-01  9.59444294e-01  3.44021450e-01  6.49167702e-01
8.90683179e-01  4.98394939e-01  6.19526243e-01  9.60470636e-01  3.67939543e-01  6.36955523e-01
8.92420166e-01  4.78288881e-01  6.26681599e-01  9.59841218e-01  3.47183338e-01  6.45878203e-01
7.69893106e-01  7.03323653e-01  8.96953442e-01  9.16800278e-01  4.53115995e-01  8.97433985e-01
8.92403603e-01  4.72920842e-01  6.30222947e-01  9.59348219e-01  3.43497841e-01  6.49907014e-01
8.90022904e-01  4.81205231e-01  6.32928478e-01  9.58724766e-01  3.52141072e-01  6.51869595e-01
8.90670916e-01  4.81750890e-01  6.30373808e-01  9.59198454e-01  3.50457203e-01  6.49228775e-01
8.91330353e-01  5.00100474e-01  6.16221374e-01  9.60965263e-01  3.69224232e-01  6.33481526e-01
8.89688598e-01  4.89036473e-01  6.28979387e-01  9.59327951e-01  3.55778975e-01  6.47145477e-01
8.92783372e-01  4.89853903e-01  6.17939845e-01  9.60915476e-01  3.59242627e-01  6.36150843e-01
8.95592385e-01  4.78064784e-01  6.16055249e-01  9.61240039e-01  3.53123931e-01  6.35510352e-01
8.83187770e-01  5.81221779e-01  5.91501737e-01  9.63555590e-01  4.42438626e-01  6.00151019e-01
8.94625370e-01  4.70814150e-01  6.24046284e-01  9.60237027e-01  3.44157624e-01  6.44052669e-01
8.94102030e-01  4.90672045e-01  6.12930950e-01  9.61583556e-01  3.62342550e-01  6.31137292e-01
8.91836730e-01  4.80284383e-01  6.27367209e-01  9.59721300e-01  3.48403253e-01  6.46359891e-01
8.90267290e-01  4.79474311e-01  6.33222408e-01  9.58741886e-01  3.49858760e-01  6.52297173e-01
8.95006242e-01  4.93966730e-01  6.07721508e-01  9.62195401e-01  3.68759619e-01  6.25703328e-01
8.88156065e-01  5.02902303e-01  6.25181158e-01  9.59609144e-01  3.69499278e-01  6.42112148e-01
8.96865641e-01  4.77448006e-01  6.12132143e-01  9.61845684e-01  3.52929451e-01  6.31672774e-01
8.96515334e-01  4.78713834e-01  6.12499850e-01  9.61779952e-01  3.53717168e-01  6.31908785e-01
8.89881157e-01  5.05686211e-01  6.17515903e-01  9.60681712e-01  3.73764031e-01  6.34230788e-01
8.98553215e-01  4.80135102e-01  6.04657165e-01  9.62886341e-01  3.57149995e-01  6.24006439e-01
8.91518227e-01  4.81788185e-01  6.27472423e-01  9.59698344e-01  3.49231060e-01  6.46312183e-01
8.86630182e-01  4.92997349e-01  6.36793242e-01  9.58125987e-01  3.57306440e-01  6.54492805e-01
7.54176511e-01  8.00359214e-01  8.87322935e-01  9.17212276e-01  5.02376389e-01  8.83193864e-01
8.89215694e-01  4.93852142e-01  6.27458674e-01  9.59329793e-01  3.63627663e-01  6.45285759e-01
8.94042479e-01  4.83760718e-01  6.17620244e-01  9.61039496e-01  3.54669344e-01  6.36432369e-01
8.96990856e-01  4.68396299e-01  6.17583624e-01  9.61159563e-01  3.44950901e-01  6.37950633e-01
8.96574194e-01  4.82568789e-01  6.09797238e-01  9.62212475e-01  3.55190601e-01  6.28788555e-01
8.93812942e-01  4.89240965e-01  6.14841704e-01  9.61346054e-01  3.60221840e-01  6.33159445e-01
8.90831543e-01  4.93444218e-01  6.22236657e-01  9.60258484e-01  3.60587246e-01  6.40046868e-01
8.97919662e-01  4.82700593e-01  6.05142901e-01  9.62819237e-01  3.58134231e-01  6.24204977e-01
8.92235059e-01  4.68679560e-01  6.33548859e-01  9.58915519e-01  3.39695347e-01  6.53576737e-01
8.92772133e-01  5.02125173e-01  6.10011072e-01  9.61852060e-01  3.72197053e-01  6.27095499e-01
8.99187478e-01  4.78126417e-01  6.03807550e-01  9.63106262e-01  3.54086860e-01  6.23317504e-01
8.88719967e-01  4.89448070e-01  6.32001279e-01  9.58714270e-01  3.59510121e-01  6.50201915e-01
8.90651445e-01  5.01652287e-01  6.17519190e-01  9.60591518e-01  3.74103222e-01  6.34729251e-01
8.91653860e-01  4.88450383e-01  6.22686515e-01  9.60275122e-01  3.56232440e-01  6.40965486e-01
8.90373627e-01  4.94557162e-01  6.23069012e-01  9.60050916e-01  3.62992351e-01  6.40811527e-01
8.87415837e-01  4.89547037e-01  6.36365442e-01  9.58115052e-01  3.57689858e-01  6.54472646e-01
8.89886773e-01  4.82582235e-01  6.32496784e-01  9.58950956e-01  3.48848459e-01  6.51194491e-01
8.99029228e-01  4.79090440e-01  6.03719043e-01  9.63143631e-01  3.53962797e-01  6.23107103e-01
8.93445278e-01  4.89056187e-01  6.16210145e-01  9.61193681e-01  3.58659985e-01  6.34504178e-01
8.92827668e-01  4.84670412e-01  6.21154739e-01  9.60550510e-01  3.53619619e-01  6.39814877e-01
8.94091447e-01  4.80247301e-01  6.19734982e-01  9.60736044e-01  3.52478453e-01  6.38893922e-01
8.93992513e-01  4.99772095e-01  6.07394774e-01  9.62262865e-01  3.71067830e-01  6.24727305e-01
8.92279362e-01  4.75368457e-01  6.29055771e-01  9.59557798e-01  3.43854475e-01  6.48479234e-01
8.92486618e-01  4.78746297e-01  6.26158980e-01  9.59920832e-01  3.47416471e-01  6.45312832e-01
8.94242221e-01  4.80021332e-01  6.19369732e-01  9.60877243e-01  3.50316164e-01  6.38497651e-01
8.94922781e-01  4.91062168e-01  6.09890687e-01  9.62072473e-01  3.62162889e-01  6.28044679e-01
8.90836785e-01  4.87849963e-01  6.25850829e-01  9.59747448e-01  3.56854703e-01  6.44202407e-01
8.96402552e-01  4.79623743e-01  6.12292091e-01  9.61864000e-01  3.52872994e-01  6.31568626e-01
8.92896390e-01  4.95992852e-01  6.13570409e-01  9.61256369e-01  3.70324362e-01  6.31355953e-01
8.94898255e-01  4.95213499e-01  6.07278772e-01  9.62324567e-01  3.67881755e-01  6.25081809e-01
8.92277405e-01  4.93817307e-01  6.17084717e-01  9.60801820e-01  3.67056527e-01  6.35039888e-01
8.86883056e-01  4.90035071e-01  6.37857759e-01  9.57934785e-01  3.56666534e-01  6.55869443e-01
8.89720052e-01  4.80889447e-01  6.34161933e-01  9.58725642e-01  3.47327381e-01  6.52997323e-01
8.91131412e-01  5.01139859e-01  6.16222117e-01  9.60999109e-01  3.68873327e-01  6.33347127e-01
8.92909307e-01  4.96370043e-01  6.13281713e-01  9.61496630e-01  3.65745965e-01  6.30893355e-01
8.88243794e-01  5.00994526e-01  6.26121874e-01  9.59568759e-01  3.66056425e-01  6.43181684e-01
8.95598983e-01  4.76236291e-01  6.17219997e-01  9.61229367e-01  3.48154270e-01  6.36748848e-01
8.94891254e-01  4.75952272e-01  6.19807602e-01  9.60846406e-01  3.47583865e-01  6.39338671e-01
8.91679033e-01  4.99920405e-01  6.15154249e-01  9.61000352e-01  3.72343270e-01  6.32522189e-01
8.93795663e-01  5.01466554e-01  6.06963085e-01  9.62199687e-01  3.75039548e-01  6.24197292e-01
8.91529765e-01  5.04566121e-01  6.12644994e-01  9.61461557e-01  3.72803104e-01  6.29456700e-01
8.96818760e-01  4.76300351e-01  6.13036432e-01  9.61731994e-01  3.51753900e-01  6.32678519e-01
8.87128974e-01  4.89982342e-01  6.37056938e-01  9.58065112e-01  3.56485696e-01  6.55076366e-01
8.49836928e-01  7.93699035e-01  5.66801515e-01  9.58922984e-01  7.68922780e-01  5.52987548e-01
8.89039909e-01  4.84727903e-01  6.33979366e-01  9.58508744e-01  3.54987562e-01  6.52584542e-01
7.85506020e-01  6.95125354e-01  8.49255082e-01  9.22807851e-01  4.87925468e-01  8.50716743e-01
9.36779709e-01  3.74363427e-01  5.43821673e-01  9.72257787e-01  3.09819955e-01  5.75576935e-01
8.95050488e-01  4.73745908e-01  6.20699306e-01  9.60598751e-01  3.49266074e-01  6.40530569e-01
8.92311415e-01  4.95587335e-01  6.15820087e-01  9.61025564e-01  3.67214962e-01  6.33567949e-01
8.91597683e-01  4.70598207e-01  6.34467519e-01  9.58715956e-01  3.41944947e-01  6.54326679e-01
8.92125684e-01  4.68812821e-01  6.33833725e-01  9.58792556e-01  3.41685457e-01  6.53896621e-01
8.93059333e-01  4.73338942e-01  6.27724855e-01  9.59697430e-01  3.44572103e-01  6.47414960e-01
8.90245633e-01  4.85442706e-01  6.29421038e-01  9.59159846e-01  3.56624236e-01  6.48024354e-01
8.86278964e-01  5.03602540e-01  6.31100586e-01  9.58804676e-01  3.66962710e-01  6.47867579e-01
8.91385297e-01  5.09617149e-01  6.09856247e-01  9.61736764e-01  3.79081175e-01  6.26213966e-01
8.98777716e-01  4.80749921e-01  6.03495686e-01  9.63082395e-01  3.57072318e-01  6.22767641e-01
8.93574147e-01  5.01114275e-01  6.07944019e-01  9.62187276e-01  3.71441892e-01  6.25123907e-01
8.92417528e-01  4.98514630e-01  6.13559259e-01  9.61309018e-01  3.70245092e-01  6.31037035e-01
8.92738205e-01  4.86818986e-01  6.20063550e-01  9.60484886e-01  3.60316744e-01  6.38658875e-01
8.90427335e-01  5.06190807e-01  6.15333661e-01  9.60988272e-01  3.74836688e-01  6.32012591e-01
8.91236709e-01  5.01478285e-01  6.15644821e-01  9.60967261e-01  3.71998920e-01  6.32815442e-01
8.96474880e-01  4.74040509e-01  6.15671284e-01  9.61324030e-01  3.50706418e-01  6.35540988e-01
8.91902287e-01  5.06642436e-01  6.10031992e-01  9.61686048e-01  3.78257757e-01  6.26733021e-01
8.90046603e-01  4.84162402e-01  6.30928154e-01  9.59162679e-01  3.50296308e-01  6.49496049e-01
7.66847771e-01  6.03519260e-01  9.72099506e-01  9.08740300e-01  3.46415455e-01  9.74238936e-01
8.47602228e-01  8.08825895e-01  5.64569636e-01  9.63599645e-01  6.75183318e-01  5.45071166e-01
8.92629925e-01  4.82079605e-01  6.23508225e-01  9.60130171e-01  3.53806994e-01  6.42465962e-01
8.90859618e-01  4.95854650e-01  6.20576347e-01  9.60303022e-01  3.66886689e-01  6.38278141e-01
8.98540831e-01  4.73829126e-01  6.08793267e-01  9.62384624e-01  3.50780481e-01  6.28723072e-01
8.92165803e-01  5.08727163e-01  6.07783722e-01  9.62044017e-01  3.79097173e-01  6.24240107e-01
8.93146259e-01  4.72392201e-01  6.28044319e-01  9.59572300e-01  3.46005630e-01  6.47879778e-01
8.94760220e-01  4.72930660e-01  6.22214286e-01  9.60555024e-01  3.44251404e-01  6.41991600e-01
8.92546998e-01  4.94212445e-01  6.15912746e-01  9.61019217e-01  3.66389344e-01  6.33803029e-01
8.90528169e-01  4.82580210e-01  6.30320100e-01  9.59163891e-01  3.51868296e-01  6.49118164e-01
8.87485517e-01  5.01239077e-01  6.28537953e-01  9.59152748e-01  3.67143859e-01  6.45593106e-01
8.94135835e-01  4.78753096e-01  6.20554355e-01  9.60669141e-01  3.50340830e-01  6.39826185e-01
8.91688328e-01  4.70230113e-01  6.34398699e-01  9.58745520e-01  3.41322295e-01  6.54283715e-01
9.26353501e-01  3.43726134e-01  5.99115959e-01  9.66446691e-01  2.31402010e-01  6.31300104e-01
8.94648612e-01  4.72496880e-01  6.22874873e-01  9.60371775e-01  3.46035380e-01  6.42746565e-01
7.90783027e-01  4.64269238e-01  9.81230702e-01  9.10280493e-01  2.56214789e-01  9.85600798e-01
8.89519711e-01  4.94563550e-01  6.25964483e-01  9.59633184e-01  3.62205536e-01  6.43675255e-01
8.96879231e-01  4.74748883e-01  6.13838340e-01  9.61570720e-01  3.51943891e-01  6.33667872e-01
8.93198285e-01  4.98124232e-01  6.11161543e-01  9.61714642e-01  3.69307943e-01  6.28656834e-01
8.91684957e-01  4.97270371e-01  6.16854636e-01  9.60826521e-01  3.68903082e-01  6.34446748e-01
8.93057142e-01  4.85901447e-01  6.19576278e-01  9.60707857e-01  3.56313488e-01  6.38171730e-01
8.95700695e-01  4.80216399e-01  6.14290571e-01  9.61489759e-01  3.54693302e-01  6.33539665e-01
8.92583563e-01  4.81208904e-01  6.24230956e-01  9.60087527e-01  3.51727155e-01  6.43229072e-01
8.93118102e-01  4.94401835e-01  6.13850522e-01  9.61363567e-01  3.65920084e-01  6.31705550e-01
8.94600036e-01  4.76143968e-01  6.20671994e-01  9.60593608e-01  3.50568111e-01  6.40256989e-01
8.92764405e-01  4.82751508e-01  6.22615336e-01  9.60184603e-01  3.56155464e-01  6.41564018e-01
8.94343727e-01  4.70079259e-01  6.25479780e-01  9.60087544e-01  3.42076394e-01  6.45501153e-01
8.93994439e-01  4.94692825e-01  6.10685878e-01  9.61906532e-01  3.64859316e-01  6.28473837e-01
8.91784806e-01  5.04633316e-01  6.11735323e-01  9.61527825e-01  3.74685247e-01  6.28588653e-01
8.91298694e-01  4.92430000e-01  6.21308822e-01  9.60362805e-01  3.61104869e-01  6.39256094e-01
9.00428073e-01  4.73061785e-01  6.02883016e-01  9.63204046e-01  3.52852090e-01  6.22981234e-01
8.90893755e-01  4.93209520e-01  6.22177740e-01  9.60105451e-01  3.64435477e-01  6.40122077e-01
8.92859346e-01  5.00080125e-01  6.11042616e-01  9.61619211e-01  3.72987822e-01  6.28402340e-01
8.90367745e-01  5.04173981e-01  6.16845420e-01  9.60859188e-01  3.71300328e-01  6.33672874e-01
8.92859802e-01  4.90355445e-01  6.17354654e-01  9.60817186e-01  3.64083265e-01  6.35641390e-01
8.86969507e-01  4.91403596e-01  6.36675731e-01  9.58187416e-01  3.55556474e-01  6.54510941e-01
8.87461828e-01  4.97318414e-01  6.31163812e-01  9.58762826e-01  3.64962671e-01  6.48606815e-01
8.88124303e-01  4.90329801e-01  6.33451556e-01  9.58660689e-01  3.55720550e-01  6.51437698e-01
8.88492314e-01  4.89744166e-01  6.32582090e-01  9.58671673e-01  3.58483799e-01  6.50716683e-01
8.94242247e-01  4.67811170e-01  6.27296885e-01  9.59815852e-01  3.40862761e-01  6.47528977e-01
8.89480245e-01  4.86201984e-01  6.31527121e-01  9.58920921e-01  3.54831339e-01  6.49978453e-01
8.96123211e-01  4.89708049e-01  6.06693558e-01  9.62477155e-01  3.63830328e-01  6.25057297e-01
8.88326063e-01  4.92260507e-01  6.31512951e-01  9.58892631e-01  3.58240264e-01  6.49357244e-01
8.92727569e-01  4.74219588e-01  6.28279657e-01  9.59544199e-01  3.46608022e-01  6.47918130e-01
8.93534926e-01  4.73477197e-01  6.26020152e-01  9.59996683e-01  3.43757915e-01  6.45687854e-01
8.98273676e-01  4.70615971e-01  6.11786505e-01  9.61931696e-01  3.49023565e-01  6.32040878e-01
8.89740277e-01  4.91107879e-01  6.27459055e-01  9.59452884e-01  3.59402916e-01  6.45491187e-01
8.94022620e-01  4.67834797e-01  6.28027334e-01  9.59731775e-01  3.40175189e-01  6.48229956e-01
8.91669067e-01  5.01935248e-01  6.13880016e-01  9.61283931e-01  3.71211423e-01  6.30970375e-01
8.92120514e-01  4.99147294e-01  6.14157059e-01  9.61157457e-01  3.71953465e-01  6.31606617e-01
8.96904219e-01  4.82492759e-01  6.08725949e-01  9.62376925e-01  3.55213604e-01  6.27728696e-01
8.87491940e-01  4.95885216e-01  6.31992038e-01  9.58633788e-01  3.64342501e-01  6.49580215e-01
8.93151246e-01  4.88692479e-01  6.17444679e-01  9.60892645e-01  3.61148330e-01  6.35848550e-01
8.07598032e-01  6.43451493e-01  8.07783091e-01  9.29401554e-01  4.70564591e-01  8.12524820e-01
8.93538483e-01  4.92079200e-01  6.13931006e-01  9.61478068e-01  3.61761312e-01  6.31950522e-01
8.92783394e-01  4.95559345e-01  6.14235583e-01  9.61285765e-01  3.66883300e-01  6.31977637e-01
8.91437031e-01  5.02281988e-01  6.14442821e-01  9.61208918e-01  3.71056212e-01  6.31487900e-01
8.91304380e-01  5.00677181e-01  6.15935112e-01  9.60840212e-01  3.73621537e-01  6.33248041e-01
8.91597741e-01  5.10317956e-01  6.08679875e-01  9.61908839e-01  3.79710923e-01  6.24962361e-01
8.92768261e-01  4.74449928e-01  6.27991954e-01  9.59658008e-01  3.45016274e-01  6.47563154e-01
8.96217558e-01  4.82896693e-01  6.10795321e-01  9.61865771e-01  3.59997943e-01  6.29879759e-01
8.92516287e-01  4.69841672e-01  6.31839398e-01  9.59085266e-01  3.42487249e-01  6.51830998e-01
8.92542597e-01  5.01012306e-01  6.11513019e-01  9.61687898e-01  3.69958695e-01  6.28675098e-01
8.88228943e-01  4.91603461e-01  6.32269307e-01  9.58743273e-01  3.58735322e-01  6.50198369e-01
8.93805310e-01  4.92090187e-01  6.13017782e-01  9.61459629e-01  3.65681171e-01  6.31145857e-01
8.94262162e-01  4.65480394e-01  6.28742473e-01  9.59605786e-01  3.39527961e-01  6.49190176e-01
8.91982420e-01  4.92413814e-01  6.18997633e-01  9.60742309e-01  3.60612263e-01  6.36938712e-01
8.91927120e-01  5.06920542e-01  6.09767131e-01  9.61792620e-01  3.76804466e-01  6.26391853e-01
8.94576234e-01  4.96096736e-01  6.07798828e-01  9.62285803e-01  3.67258578e-01  6.25477084e-01
8.89351778e-01  5.00056083e-01  6.22968748e-01  9.59854316e-01  3.70641460e-01  6.40271202e-01
8.89590475e-01  4.94209920e-01  6.25953760e-01  9.59561503e-01  3.63836612e-01  6.43750851e-01
8.93595328e-01  4.94516044e-01  6.12155858e-01  9.61528366e-01  3.68396542e-01  6.30065809e-01
8.88958046e-01  5.04631528e-01  6.21335217e-01  9.60130959e-01  3.72173961e-01  6.38136560e-01
8.98294913e-01  4.80252180e-01  6.05458262e-01  9.62773924e-01  3.56902285e-01  6.24785572e-01
8.93430512e-01  4.74223481e-01  6.25890192e-01  9.60007923e-01  3.44303796e-01  6.45487260e-01
8.94803053e-01  4.79473710e-01  6.17820832e-01  9.60951785e-01  3.54109046e-01  6.37126689e-01
8.90939603e-01  4.89958184e-01  6.24132930e-01  9.59836724e-01  3.62120959e-01  6.42390080e-01
8.93044414e-01  4.78190879e-01  6.24625452e-01  9.60018640e-01  3.50574426e-01  6.43942177e-01
8.89651934e-01  4.98492596e-01  6.22964601e-01  9.59938452e-01  3.67901487e-01  6.40376828e-01
8.91180505e-01  5.10801458e-01  6.09782766e-01  9.61770008e-01  3.79105870e-01  6.25994991e-01
8.90998479e-01  4.86031213e-01  6.26482566e-01  9.59684658e-01  3.55187674e-01  6.44997504e-01
8.97466417e-01  4.74345030e-01  6.12106670e-01  9.61898906e-01  3.50312915e-01  6.31947555e-01
8.38275382e-01  3.68303789e-01  8.82253476e-01  9.24646034e-01  2.44761775e-01  8.96182585e-01
8.90754908e-01  5.03378080e-01  6.16047426e-01  9.60805096e-01  3.75288004e-01  6.33080846e-01
8.95100927e-01  4.75837418e-01  6.19170176e-01  9.60885695e-01  3.48982246e-01  6.38757519e-01
8.93928347e-01  4.83754927e-01  6.18011547e-01  9.60948773e-01  3.55396095e-01  6.36842976e-01
8.95632014e-01  4.76804347e-01  6.16739022e-01  9.61246676e-01  3.49806921e-01  6.36248756e-01
8.98397132e-01  4.74829080e-01  6.08632023e-01  9.62425438e-01  3.50856889e-01  6.28443384e-01
8.88640665e-01  4.83944218e-01  6.35843909e-01  9.58402853e-01  3.50193154e-01  6.54392312e-01
8.84974750e-01  5.03305139e-01  6.35722365e-01  9.58132319e-01  3.65711827e-01  6.52473221e-01
8.91151800e-01  4.83307913e-01  6.27730014e-01  9.59590867e-01  3.51552777e-01  6.46454693e-01
8.90391947e-01  5.03651659e-01  6.17102326e-01  9.60751419e-01  3.72708291e-01  6.34032392e-01
8.92503399e-01  4.77648265e-01  6.26814857e-01  9.59749608e-01  3.48632450e-01  6.46124419e-01
8.97014603e-01  4.70727227e-01  6.15989666e-01  9.61340643e-01  3.47601755e-01  6.36165432e-01
8.95624241e-01  4.78289842e-01  6.15800971e-01  9.61314731e-01  3.52367798e-01  6.35209455e-01
8.91886794e-01  4.88171481e-01  6.22076589e-01  9.60231654e-01  3.59476501e-01  6.40480418e-01
8.95379830e-01  4.91132918e-01  6.08292730e-01  9.62124821e-01  3.66989657e-01  6.26572607e-01
8.94303621e-01  4.91035411e-01  6.12010489e-01  9.61645604e-01  3.64492112e-01  6.30233351e-01
8.91799994e-01  5.10116239e-01  6.08124048e-01  9.61961045e-01  3.80467478e-01  6.24449496e-01
8.88272439e-01  4.94524373e-01  6.30225228e-01  9.58929218e-01  3.63221781e-01  6.47949792e-01
8.88685637e-01  5.01446359e-01  6.24328168e-01  9.59801442e-01  3.67395272e-01  6.41374508e-01
8.94935609e-01  4.89619176e-01  6.10783928e-01  9.61793310e-01  3.64899256e-01  6.29190405e-01
8.92779002e-01  4.78423008e-01  6.25376001e-01  9.59921132e-01  3.50222249e-01  6.44650307e-01
8.92148570e-01  5.10081141e-01  6.06963202e-01  9.62187811e-01  3.79366890e-01  6.23254606e-01
8.97624308e-01  4.84354749e-01  6.05071908e-01  9.62875219e-01  3.57812463e-01  6.23921782e-01
8.97959050e-01  4.73441222e-01  6.11020634e-01  9.62056775e-01  3.50161605e-01  6.30970930e-01
8.95911889e-01  4.90254456e-01  6.07056360e-01  9.62292276e-01  3.67203257e-01  6.25448604e-01
8.94464387e-01  4.70251806e-01  6.24958010e-01  9.60064467e-01  3.44682057e-01  6.45035641e-01
8.96204173e-01  4.75636616e-01  6.15554302e-01  9.61473219e-01  3.48236727e-01  6.35165862e-01
8.91717500e-01  5.05652275e-01  6.11302314e-01  9.61514462e-01  3.77132103e-01  6.28098246e-01
8.94031835e-01  4.77329928e-01  6.21831475e-01  9.60521658e-01  3.48474124e-01  6.41211340e-01
8.91298539e-01  4.86666069e-01  6.25051505e-01  9.59938921e-01  3.54681195e-01  6.43486425e-01
8.93692061e-01  4.96082566e-01  6.10810359e-01  9.61754985e-01  3.68716639e-01  6.28537373e-01
8.85817797e-01  5.02512684e-01  6.33374132e-01  9.58477891e-01  3.65831352e-01  6.50229284e-01
8.96880542e-01  4.76737054e-01  6.12543143e-01  9.61898274e-01  3.49769632e-01  6.32079518e-01
8.90166300e-01  4.81474223e-01  6.32266926e-01  9.58867712e-01  3.51264472e-01  6.51159421e-01
8.88638272e-01  4.97837688e-01  6.26831843e-01  9.59333398e-01  3.67691696e-01  6.44305800e-01
8.92857396e-01  4.76455788e-01  6.26386978e-01  9.59753993e-01  3.49612939e-01  6.45865459e-01
8.91319400e-01  4.98675632e-01  6.17183628e-01  9.60865300e-01  3.67350657e-01  6.34563605e-01
8.93059959e-01  4.89657013e-01  6.17128462e-01  9.60969963e-01  3.60901561e-01  6.35410896e-01
8.97808376e-01  4.69502553e-01  6.14089376e-01  9.61624996e-01  3.47292541e-01  6.34414976e-01
8.90775798e-01  4.88275866e-01  6.25781420e-01  9.59791191e-01  3.56240025e-01  6.44066652e-01
8.93741491e-01  4.98668917e-01  6.08963381e-01  9.62060604e-01  3.69503923e-01  6.26392401e-01
8.94150037e-01  4.90622679e-01  6.12799978e-01  9.61578523e-01  3.62939358e-01  6.31029052e-01
8.95875284e-01  4.86896284e-01  6.09360907e-01  9.62057422e-01  3.62614032e-01  6.28034971e-01
8.87478918e-01  4.99784545e-01  6.29504699e-01  9.59047128e-01  3.65406472e-01  6.46679394e-01
8.95009624e-01  4.90807294e-01  6.09761227e-01  9.61899083e-01  3.66755350e-01  6.28075192e-01
8.80630730e-01  8.07358727e-01  4.53369838e-01  9.77622090e-01  8.12427194e-01  4.22848589e-01
8.90413354e-01  4.81410501e-01  6.31469398e-01  9.59046935e-01  3.49870700e-01  6.50338398e-01
8.95586683e-01  4.91244207e-01  6.07518098e-01  9.62340848e-01  3.64728566e-01  6.25719802e-01
8.97796633e-01  4.77072823e-01  6.09214410e-01  9.62353117e-01  3.51445387e-01  6.28768545e-01
8.95329997e-01  4.69353370e-01  6.22601997e-01  9.60487120e-01  3.42852977e-01  6.42756251e-01
8.90530151e-01  5.05581619e-01  6.15380039e-01  9.60988035e-01  3.74385613e-01  6.32120314e-01
8.88660382e-01  1.90313059e-01  8.26715133e-01  9.35422430e-01  1.35762628e-01  8.52746487e-01
8.93205364e-01  5.05116522e-01  6.06597855e-01  9.62182055e-01  3.78569351e-01  6.23479289e-01
8.92887446e-01  4.87403626e-01  6.19177254e-01  9.60780555e-01  3.56731384e-01  6.37607200e-01
8.88834767e-01  4.97923890e-01  6.26108647e-01  9.59442901e-01  3.67801851e-01  6.43577739e-01
8.86020287e-01  4.96344215e-01  6.36691345e-01  9.58099165e-01  3.59805568e-01  6.54076384e-01
7.93753795e-01  4.62738125e-01  9.72135277e-01  9.10764726e-01  2.77951222e-01  9.77377889e-01
8.87532210e-01  4.97782749e-01  6.30623348e-01  9.58820262e-01  3.65814249e-01  6.48038040e-01
8.88377746e-01  4.97500094e-01  6.27935689e-01  9.59204985e-01  3.66488500e-01  6.45412464e-01
8.94197981e-01  4.92944240e-01  6.11129941e-01  9.61794692e-01  3.65086186e-01  6.29137536e-01
8.73998050e-01  2.86273379e-01  8.14202992e-01  9.37046951e-01  1.61305373e-01  8.36315882e-01
8.98620907e-01  4.78829600e-01  6.05274902e-01  9.62902970e-01  3.53797899e-01  6.24689037e-01
8.95269112e-01  4.82828618e-01  6.14060146e-01  9.61510465e-01  3.56251968e-01  6.33039926e-01
8.96833165e-01  4.74475559e-01  6.14172258e-01  9.61696471e-01  3.47494991e-01  6.33909015e-01
8.92073211e-01  4.82832092e-01  6.24910116e-01  9.59972468e-01  3.52689530e-01  6.43740241e-01
8.93969587e-01  4.75357477e-01  6.23323426e-01  9.60305875e-01  3.47223308e-01  6.42889427e-01
8.99942957e-01  4.75603318e-01  6.02880249e-01  9.63139738e-01  3.55609913e-01  6.22744272e-01
8.94388439e-01  4.95351851e-01  6.08920118e-01  9.62123348e-01  3.66600449e-01  6.26673688e-01
8.97334713e-01  4.84459217e-01  6.05987410e-01  9.62584402e-01  3.61460413e-01  6.24927605e-01
8.89445630e-01  4.97675546e-01  6.24195623e-01  9.59863390e-01  3.64692882e-01  6.41613560e-01
8.97041879e-01  4.85218426e-01  6.06488888e-01  9.62564930e-01  3.60384669e-01  6.25305737e-01
8.88924926e-01  4.85969954e-01  6.33563458e-01  9.58669817e-01  3.53166836e-01  6.51980421e-01
8.96189242e-01  4.73774159e-01  6.16814165e-01  9.61283289e-01  3.47261927e-01  6.36613198e-01
8.94994820e-01  4.93512232e-01  6.08055362e-01  9.62119071e-01  3.69136173e-01  6.26104098e-01
8.81648570e-01  3.93161023e-01  7.18824686e-01  9.47018224e-01  2.88883652e-01  7.42341653e-01
8.90680096e-01  4.90252248e-01  6.24823256e-01  9.59899589e-01  3.58105300e-01  6.42932443e-01
8.92320275e-01  4.80044007e-01  6.25881274e-01  9.59803369e-01  3.51906362e-01  6.45008893e-01
8.93815648e-01  5.00358880e-01  6.07614374e-01  9.62161979e-01  3.72959319e-01  6.24928847e-01
8.95682441e-01  4.72721397e-01  6.19218577e-01  9.60931133e-01  3.46292554e-01  6.39099437e-01
8.91560510e-01  5.01425538e-01  6.14579551e-01  9.61143514e-01  3.71734287e-01  6.31747616e-01
8.89650215e-01  4.97773716e-01  6.23437151e-01  9.59838406e-01  3.68223729e-01  6.40942450e-01
8.92067731e-01  4.84642633e-01  6.23753227e-01  9.59994572e-01  3.57332033e-01  6.42505475e-01
8.90444333e-01  5.01013821e-01  6.18636990e-01  9.60449451e-01  3.73024501e-01  6.35894150e-01
8.90777018e-01  4.74931456e-01  6.34440962e-01  9.58778709e-01  3.42389457e-01  6.53819655e-01
8.98256529e-01  4.81993250e-01  6.04458229e-01  9.62846620e-01  3.59735171e-01  6.23652470e-01
8.96428179e-01  4.77291228e-01  6.13719429e-01  9.61728495e-01  3.49707727e-01  6.33182713e-01
8.96771798e-01  4.70456989e-01  6.16989600e-01  9.61212951e-01  3.46817791e-01  6.37168765e-01
8.88024470e-01  4.91169916e-01  6.33245119e-01  9.58665431e-01  3.56753849e-01  6.51164011e-01
8.86342686e-01  5.05427988e-01  6.29699064e-01  9.58997962e-01  3.68378222e-01  6.46294970e-01
8.96985925e-01  4.84830822e-01  6.06930519e-01  9.62450959e-01  3.61301648e-01  6.25820616e-01
8.91379846e-01  4.79444007e-01  6.29464211e-01  9.59323470e-01  3.49825200e-01  6.48575978e-01
8.92430902e-01  4.90964968e-01  6.18415344e-01  9.60706997e-01  3.63023518e-01  6.36597426e-01
8.41794374e-01  8.06849768e-01  5.85574181e-01  9.60783003e-01  6.54590671e-01  5.67979536e-01
8.95250094e-01  4.66643893e-01  6.24632394e-01  9.60173713e-01  3.41648154e-01  6.45049470e-01
8.89812794e-01  4.81843962e-01  6.33227301e-01  9.58829632e-01  3.48730887e-01  6.52000095e-01
8.95116947e-01  4.84654459e-01  6.13391453e-01  9.61597226e-01  3.57506082e-01  6.32188349e-01
8.92423520e-01  5.01160726e-01  6.11820957e-01  9.61429283e-01  3.75148864e-01  6.29111347e-01
8.14158651e-01  6.41276763e-01  7.86916291e-01  9.32956963e-01  4.62094865e-01  7.91721420e-01
8.87465725e-01  5.00699864e-01  6.28955218e-01  9.59026867e-01  3.68391959e-01  6.46106396e-01
8.12340913e-01  4.03376440e-01  9.47555871e-01  9.15433413e-01  2.43598153e-01  9.55529659e-01
8.90613534e-01  4.95585581e-01  6.21586660e-01  9.60167743e-01  3.66229441e-01  6.39300293e-01
8.94393168e-01  4.74154921e-01  6.22665808e-01  9.60341296e-01  3.48305663e-01  6.42407478e-01
8.88859059e-01  5.00892410e-01  6.24098910e-01  9.59778071e-01  3.68586342e-01  6.41243938e-01
8.93744685e-01  4.77378084e-01  6.22775257e-01  9.60299492e-01  3.50348907e-01  6.42194458e-01
8.89507531e-01  4.80052376e-01  6.35427009e-01  9.58419582e-01  3.49668135e-01  6.54408658e-01
8.87774579e-01  4.96915459e-01  6.30363437e-01  9.58939597e-01  3.63502848e-01  6.47817069e-01
8.88331797e-01  5.03092021e-01  6.24461257e-01  9.59699076e-01  3.70126164e-01  6.41387916e-01
8.80184113e-01  8.05716040e-01  4.55953033e-01  9.79837313e-01  7.48360341e-01  4.23728609e-01
8.96647058e-01  4.71798396e-01  6.16542281e-01  9.61237215e-01  3.48519505e-01  6.36612534e-01
8.95723053e-01  4.89279557e-01  6.08330520e-01  9.62123784e-01  3.66011826e-01  6.26809476e-01
8.90873905e-01  4.99001815e-01  6.18484577e-01  9.60533112e-01  3.70649179e-01  6.35916970e-01
8.86853749e-01  5.02089140e-01  6.30131339e-01  9.58911175e-01  3.67370339e-01  6.47088743e-01
8.05197137e-01  7.40078688e-01  7.53199876e-01  9.36585482e-01  5.37461410e-01  7.50710483e-01
8.94403084e-01  4.99659056e-01  6.06073974e-01  9.62321490e-01  3.74616925e-01  6.23515802e-01
8.89935787e-01  4.95911003e-01  6.23676813e-01  9.59950787e-01  3.63737226e-01  6.41278176e-01
8.90846783e-01  5.04254765e-01  6.15166310e-01  9.61071211e-01  3.72563689e-01  6.32015945e-01
8.90899063e-01  4.78989848e-01  6.31391655e-01  9.59066797e-01  3.48618977e-01  6.50505753e-01
8.88934819e-01  4.94952146e-01  6.27698287e-01  9.59339409e-01  3.62974679e-01  6.45377839e-01
8.95366263e-01  4.68438539e-01  6.23072773e-01  9.60365516e-01  3.43638500e-01  6.43351024e-01
8.91965253e-01  4.70779635e-01  6.33101575e-01  9.58902461e-01  3.42608792e-01  6.52974520e-01
8.93373259e-01  4.99206639e-01  6.09864623e-01  9.61741782e-01  3.74081223e-01  6.27358985e-01
8.88785541e-01  4.98153320e-01  6.26126866e-01  9.59514352e-01  3.66092686e-01  6.43522003e-01
8.93805235e-01  4.67860530e-01  6.28748795e-01  9.59628045e-01  3.40002622e-01  6.48935697e-01
8.85916254e-01  4.94458642e-01  6.38268752e-01  9.57748254e-01  3.61589702e-01  6.55906358e-01
8.95410015e-01  4.87111257e-01  6.10801247e-01  9.61895735e-01  3.61185155e-01  6.29408113e-01
8.97897362e-01  4.79416949e-01  6.07350469e-01  9.62513319e-01  3.55685402e-01  6.26743065e-01
8.95507005e-01  4.70780913e-01  6.21074109e-01  9.60615681e-01  3.46114278e-01  6.41164078e-01
8.89794475e-01  4.98018057e-01  6.22788694e-01  9.60076329e-01  3.64994132e-01  6.40177278e-01
8.91704125e-01  4.95584865e-01  6.17883842e-01  9.60719041e-01  3.66845272e-01  6.35620396e-01
8.87868292e-01  4.93209208e-01  6.32451446e-01  9.58674482e-01  3.60431568e-01  6.50240087e-01
8.99307924e-01  4.76366630e-01  6.04541053e-01  9.62965084e-01  3.53922906e-01  6.24261336e-01
8.98588925e-01  4.78370328e-01  6.05681676e-01  9.62849063e-01  3.53354787e-01  6.25139012e-01
8.93797638e-01  4.85699378e-01  6.17192972e-01  9.60978224e-01  3.58658572e-01  6.35886018e-01
8.90683303e-01  5.02562429e-01  6.16820161e-01  9.60876767e-01  3.70230140e-01  6.33812126e-01
8.88908793e-01  4.85361960e-01  6.34012987e-01  9.58664682e-01  3.51328462e-01  6.52446173e-01
8.92221247e-01  4.73932212e-01  6.30185529e-01  9.59244525e-01  3.46613414e-01  6.49838360e-01
8.94406581e-01  4.65257041e-01  6.28397077e-01  9.59635788e-01  3.39997219e-01  6.48887326e-01
8.90321998e-01  4.79387160e-01  6.33093213e-01  9.58736080e-01  3.50449924e-01  6.52195219e-01
8.91852306e-01  5.05428655e-01  6.10989736e-01  9.61546097e-01  3.77449108e-01  6.27820771e-01
8.93103477e-01  4.98165538e-01  6.11456673e-01  9.61714594e-01  3.68206069e-01  6.28916566e-01
8.91228815e-01  4.86171930e-01  6.25609075e-01  9.59857294e-01  3.54342680e-01  6.44089512e-01
8.87877205e-01  4.87157880e-01  6.36349918e-01  9.58174236e-01  3.55263989e-01  6.54664312e-01
8.92604148e-01  4.66062615e-01  6.33994567e-01  9.58886307e-01  3.37599810e-01  6.54257419e-01
8.93111635e-01  4.80995465e-01  6.22576354e-01  9.60271291e-01  3.53403586e-01  6.41656085e-01
8.91543220e-01  5.07309735e-01  6.10818044e-01  9.61623222e-01  3.77101357e-01  6.27408121e-01
8.94170695e-01  4.85159044e-01  6.16277001e-01  9.61127851e-01  3.58237058e-01  6.35025855e-01
8.60995354e-01  3.53427119e-01  8.14757483e-01  9.35574589e-01  2.12508565e-01  8.33701177e-01
8.91436190e-01  4.81839771e-01  6.27717503e-01  9.59661221e-01  3.49233884e-01  6.46549551e-01
9.49085968e-01  3.51116624e-01  5.17127174e-01  9.77377929e-01  2.74403771e-01  5.51085382e-01
8.92927930e-01  4.83712076e-01  6.21436465e-01  9.60502113e-01  3.53303069e-01  6.40199730e-01
8.88553870e-01  4.96616398e-01  6.27911370e-01  9.59262949e-01  3.64773162e-01  6.45444663e-01
8.84520775e-01  5.01967846e-01  6.38132149e-01  9.57832562e-01  3.63313121e-01  6.54960008e-01
8.99062940e-01  4.78411822e-01  6.04045149e-01  9.63096072e-01  3.53567244e-01  6.23505178e-01
8.88621921e-01  5.02764788e-01  6.23688548e-01  9.59837731e-01  3.69533576e-01  6.40638381e-01
8.92539851e-01  4.89442598e-01  6.19033795e-01  9.60761836e-01  3.58653395e-01  6.37274707e-01
8.91851095e-01  4.91473636e-01  6.20053919e-01  9.60409411e-01  3.64294005e-01  6.38206410e-01
8.91006904e-01  4.86571265e-01  6.26103313e-01  9.59631838e-01  3.58150717e-01  6.44638558e-01
8.91850252e-01  5.05611154e-01  6.10878241e-01  9.61620573e-01  3.76146699e-01  6.27649876e-01
8.95768591e-01  4.91425062e-01  6.06782993e-01  9.62484800e-01  3.64104089e-01  6.24943817e-01
8.88921577e-01  4.94394410e-01  6.28105332e-01  9.59201670e-01  3.64545065e-01  6.45891284e-01
8.98198705e-01  4.77886521e-01  6.07320825e-01  9.62577644e-01  3.53525341e-01  6.26839179e-01
8.94168396e-01  4.93178875e-01  6.11078041e-01  9.61685565e-01  3.68047216e-01  6.29140105e-01
8.90682326e-01  4.82612145e-01  6.29775893e-01  9.59219880e-01  3.52570940e-01  6.48593729e-01
8.90370325e-01  5.07128970e-01  6.14918172e-01  9.61083172e-01  3.74540517e-01  6.31473827e-01
8.90792742e-01  4.87738998e-01  6.26072402e-01  9.59616364e-01  3.59164619e-01  6.44499066e-01
8.89776672e-01  5.02381405e-01  6.20016303e-01  9.60391956e-01  3.69806014e-01  6.37020572e-01
8.85413224e-01  4.99924284e-01  6.36428399e-01  9.57997299e-01  3.64852992e-01  6.53541175e-01
8.90855557e-01  4.91409698e-01  6.23475969e-01  9.60000945e-01  3.61254947e-01  6.41540998e-01
8.96928139e-01  4.88876137e-01  6.04500402e-01  9.62797746e-01  3.63975745e-01  6.22967440e-01
8.91741497e-01  4.75477050e-01  6.30811676e-01  9.59278163e-01  3.44107880e-01  6.50212578e-01
8.86169219e-01  5.00947989e-01  6.33196681e-01  9.58550063e-01  3.64052611e-01  6.50185307e-01
8.91671087e-01  4.96915485e-01  6.17132154e-01  9.60858958e-01  3.66897230e-01  6.34711025e-01
8.92608239e-01  5.07579939e-01  6.07026170e-01  9.62145461e-01  3.78981816e-01  6.23616812e-01
8.87289239e-01  4.95858643e-01  6.32697637e-01  9.58687734e-01  3.60341339e-01  6.50176354e-01
8.97100887e-01  4.76718836e-01  6.11806744e-01  9.61967784e-01  3.50854288e-01  6.31378454e-01
8.99447794e-01  4.74101273e-01  6.05536842e-01  9.62833915e-01  3.52293076e-01  6.25486108e-01
8.92313212e-01  4.82041321e-01  6.24608543e-01  9.60012370e-01  3.52504067e-01  6.43528057e-01
8.90424171e-01  4.94443269e-01  6.22971321e-01  9.60063062e-01  3.63015426e-01  6.40728214e-01
8.93216482e-01  5.02282454e-01  6.08400085e-01  9.62017385e-01  3.74382309e-01  6.25520947e-01
8.99861914e-01  4.74985464e-01  6.03556585e-01  9.63088588e-01  3.54005014e-01  6.23450099e-01
8.92817905e-01  4.86380007e-01  6.20077960e-01  9.60668162e-01  3.55597319e-01  6.38594863e-01
8.88692457e-01  4.91205523e-01  6.30953692e-01  9.58837468e-01  3.61238425e-01  6.49005055e-01
8.92103511e-01  4.77888225e-01  6.28016958e-01  9.59590079e-01  3.48094695e-01  6.47273924e-01
8.98109249e-01  4.72016439e-01  6.11435628e-01  9.62031684e-01  3.48553263e-01  6.31510487e-01
8.95044615e-01  4.80773381e-01  6.16156784e-01  9.61208301e-01  3.54741075e-01  6.35333115e-01
8.93258310e-01  4.76445032e-01  6.25032615e-01  9.60060991e-01  3.47228969e-01  6.44458281e-01
8.95846039e-01  4.81857026e-01  6.12731865e-01  9.61630229e-01  3.57921231e-01  6.31878991e-01
8.92961937e-01  4.65363793e-01  6.33233322e-01  9.58970086e-01  3.38112790e-01  6.53599456e-01
8.93340546e-01  4.79861156e-01  6.22535488e-01  9.60313828e-01  3.52013719e-01  6.41710570e-01
8.87079536e-01  4.99990638e-01  6.30727059e-01  9.58832371e-01  3.66103110e-01  6.47892386e-01
8.89110628e-01  4.87328972e-01  6.32050541e-01  9.58839200e-01  3.55343082e-01  6.50381964e-01
8.93057935e-01  4.80706416e-01  6.22946392e-01  9.60336519e-01  3.50285190e-01  6.41972043e-01
8.88791430e-01  4.87484014e-01  6.33033796e-01  9.58769113e-01  3.53405814e-01  6.51287471e-01
8.88939630e-01  4.82782954e-01  6.35582659e-01  9.58476669e-01  3.48871446e-01  6.54230190e-01
8.91466550e-01  4.93201731e-01  6.20237793e-01  9.60461486e-01  3.63109089e-01  6.38151480e-01
8.93083303e-01  4.73574093e-01  6.27490769e-01  9.59640753e-01  3.46941490e-01  6.47220520e-01
8.92929786e-01  4.83709663e-01  6.21431737e-01  9.60542320e-01  3.52339648e-01  6.40168751e-01
8.94640820e-01  4.95621120e-01  6.07888261e-01  9.62105182e-01  3.71090030e-01  6.25733136e-01
8.93832562e-01  4.96118436e-01  6.10309963e-01  9.61767712e-01  3.70325299e-01  6.28077022e-01
8.90273805e-01  4.95056289e-01  6.23083895e-01  9.59938696e-01  3.65896240e-01  6.40847377e-01
8.94314836e-01  4.72838306e-01  6.23786610e-01  9.60266051e-01  3.45326979e-01  6.43591249e-01
8.90159525e-01  4.88218269e-01  6.27911449e-01  9.59374558e-01  3.58319577e-01  6.46248476e-01
8.89380620e-01  4.84552042e-01  6.32936601e-01  9.58683117e-01  3.54590023e-01  6.51560060e-01
8.89237278e-01  5.06031684e-01  6.19478012e-01  9.60396372e-01  3.73406870e-01  6.36144466e-01
8.99942752e-01  4.75283362e-01  6.03088684e-01  9.63174040e-01  3.53837543e-01  6.22941613e-01
8.87651603e-01  4.94929760e-01  6.32070209e-01  9.58708266e-01  3.61807260e-01  6.49699566e-01
8.87007847e-01  4.95319513e-01  6.34003166e-01  9.58457531e-01  3.60781678e-01  6.51548734e-01
8.94037083e-01  4.81739166e-01  6.18951035e-01  9.60909886e-01  3.51878185e-01  6.37920578e-01
8.97190395e-01  4.73352586e-01  6.13688272e-01  9.61679039e-01  3.49238133e-01  6.33610380e-01
8.97261853e-01  4.80411757e-01  6.08862595e-01  9.62365676e-01  3.54009437e-01  6.28084335e-01
8.89891780e-01  4.90886606e-01  6.27088267e-01  9.59550550e-01  3.58325572e-01  6.45118606e-01
8.88299835e-01  4.87455636e-01  6.34721490e-01  9.58420641e-01  3.55526154e-01  6.53022646e-01
8.94276793e-01  4.69205231e-01  6.26274515e-01  9.59980146e-01  3.41317023e-01  6.46368577e-01
8.94185843e-01  4.84106934e-01  6.16908619e-01  9.61002027e-01  3.58432985e-01  6.35786507e-01
8.90720853e-01  4.73541965e-01  6.35533753e-01  9.58508488e-01  3.44273713e-01  6.55108667e-01
8.91510912e-01  4.96108536e-01  6.18199971e-01  9.60783086e-01  3.64323465e-01  6.35803482e-01
8.87168326e-01  4.89284425e-01  6.37376444e-01  9.58096701e-01  3.54203317e-01  6.55411188e-01
8.88377912e-01  4.89019940e-01  6.33440748e-01  9.58523971e-01  3.58526540e-01  6.51653681e-01
8.95354692e-01  4.74878191e-01  6.18931217e-01  9.60857482e-01  3.50141255e-01  6.38665540e-01
8.91318401e-01  5.07900821e-01  6.11197697e-01  9.61546075e-01  3.77806252e-01  6.27736826e-01
8.94161965e-01  4.80723744e-01  6.19186230e-01  9.60908256e-01  3.50570575e-01  6.38238900e-01
8.96355554e-01  4.75450432e-01  6.15161111e-01  9.61399811e-01  3.51426529e-01  6.34885540e-01
8.97128341e-01  4.72887961e-01  6.14200644e-01  9.61641101e-01  3.48015483e-01  6.34141499e-01
8.92262181e-01  4.94578519e-01  6.16642241e-01  9.60989825e-01  3.64503511e-01  6.34435492e-01
8.95240871e-01  4.90166115e-01  6.09392274e-01  9.62004095e-01  3.65304244e-01  6.27743512e-01
8.89168315e-01  5.01109290e-01  6.22907964e-01  9.59905099e-01  3.70109371e-01  6.40070854e-01
8.94556395e-01  4.95424346e-01  6.08302711e-01  9.62133029e-01  3.68745625e-01  6.26106546e-01
8.99606274e-01  4.73164724e-01  6.05606726e-01  9.62788771e-01  3.52693285e-01  6.25681346e-01
8.90244146e-01  5.02740086e-01  6.18196034e-01  9.60596617e-01  3.71902875e-01  6.35214605e-01
8.95123024e-01  4.92350396e-01  6.08374371e-01  9.62275690e-01  3.63574741e-01  6.26409251e-01
8.92971455e-01  4.75475995e-01  6.26635818e-01  9.59851836e-01  3.45853439e-01  6.46123233e-01
8.91354620e-01  4.97070106e-01  6.18106391e-01  9.60731635e-01  3.66369769e-01  6.35651598e-01
8.93479522e-01  5.02920675e-01  6.07092555e-01  9.62270725e-01  3.73499654e-01  6.24104358e-01
8.89385785e-01  5.03421890e-01  6.20668116e-01  9.60326042e-01  3.69407221e-01  6.37537099e-01
8.91585069e-01  5.00178779e-01  6.15305591e-01  9.61036048e-01  3.71017460e-01  6.32605454e-01
8.92518907e-01  4.91420884e-01  6.17820534e-01  9.60870959e-01  3.61491073e-01  6.35906904e-01
8.94364691e-01  4.89038737e-01  6.13099438e-01  9.61579194e-01  3.61060013e-01  6.31467223e-01
8.87672460e-01  5.02573943e-01  6.27036496e-01  9.59300003e-01  3.69846248e-01  6.44012657e-01
8.97720110e-01  4.85522092e-01  6.03988680e-01  9.62850431e-01  3.63070133e-01  6.22842848e-01
8.98951272e-01  4.77137194e-01  6.05251857e-01  9.62908338e-01  3.52968987e-01  6.24849780e-01
8.93060119e-01  5.03948830e-01  6.07849170e-01  9.62048669e-01  3.76497885e-01  6.24822258e-01
8.87495860e-01  4.87800016e-01  6.37227978e-01  9.58150218e-01  3.52812609e-01  6.55395472e-01
8.86734268e-01  4.95884497e-01  6.34565349e-01  9.58387187e-01  3.60618667e-01  6.52038160e-01
8.90359485e-01  4.99016723e-01  6.20221727e-01  9.60399486e-01  3.67314433e-01  6.37558911e-01
8.94267845e-01  4.92421986e-01  6.11231780e-01  9.61825973e-01  3.63697201e-01  6.29263983e-01
8.91716729e-01  4.87912235e-01  6.22822394e-01  9.60164425e-01  3.58175610e-01  6.41217771e-01
8.96708397e-01  4.75188917e-01  6.14132793e-01  9.61696666e-01  3.47963554e-01  6.33797448e-01
8.92278689e-01  4.94014094e-01  6.16952634e-01  9.60968762e-01  3.63581102e-01  6.34787718e-01
9.37871929e-01  4.10613091e-01  5.16578677e-01  9.74341830e-01  3.81054321e-01  5.45442838e-01
8.86156272e-01  4.96503797e-01  6.36125975e-01  9.58178658e-01  3.60073821e-01  6.53503524e-01
8.90324093e-01  5.03812558e-01  6.17228282e-01  9.60748884e-01  3.72364623e-01  6.34129562e-01
8.93624259e-01  4.96108949e-01  6.11023466e-01  9.61744207e-01  3.68181214e-01  6.28732541e-01
8.93448077e-01  4.83450136e-01  6.19840280e-01  9.60740295e-01  3.53418386e-01  6.38645364e-01
8.95736280e-01  4.76709585e-01  6.16446479e-01  9.61227314e-01  3.51341491e-01  6.36011606e-01
8.95195182e-01  4.93744632e-01  6.07224117e-01  9.62235942e-01  3.69560472e-01  6.25254827e-01
8.96695339e-01  4.80849347e-01  6.10502167e-01  9.62038050e-01  3.55974371e-01  6.29722430e-01
8.90922545e-01  4.79705400e-01  6.30847369e-01  9.59184369e-01  3.48115553e-01  6.49870411e-01
8.91018738e-01  5.07314188e-01  6.12596105e-01  9.61314784e-01  3.77833312e-01  6.29213483e-01
8.92378219e-01  4.95072794e-01  6.15927281e-01  9.60943427e-01  3.68573003e-01  6.33774865e-01
8.90684951e-01  4.80107296e-01  6.31393220e-01  9.59037578e-01  3.49815803e-01  6.50411318e-01
8.89533483e-01  4.95874558e-01  6.25066562e-01  9.59739441e-01  3.63604278e-01  6.42664616e-01
8.91238978e-01  4.80444093e-01  6.29293296e-01  9.59458457e-01  3.47615351e-01  6.48230737e-01
8.90170553e-01  4.88071348e-01  6.27969390e-01  9.59373892e-01  3.58051520e-01  6.46315855e-01
8.97280929e-01  4.84527155e-01  6.06125926e-01  9.62523776e-01  3.62441085e-01  6.25085446e-01
8.96067474e-01  4.79614449e-01  6.13435940e-01  9.61708659e-01  3.52322141e-01  6.32694355e-01
8.91651624e-01  4.78053942e-01  6.29443825e-01  9.59357733e-01  3.48454612e-01  6.48678981e-01
8.93618192e-01  4.83538008e-01  6.19205558e-01  9.60764941e-01  3.55259067e-01  6.38053960e-01
8.97924737e-01  4.72917375e-01  6.11477250e-01  9.62005721e-01  3.49439436e-01  6.31468315e-01
8.24265604e-01  5.25676422e-01  8.27650575e-01  9.30004117e-01  3.47499721e-01  8.37636351e-01
8.92306140e-01  5.03141177e-01  6.10933771e-01  9.61573638e-01  3.75930069e-01  6.28001823e-01
8.90986165e-01  5.10264648e-01  6.10791189e-01  9.61606474e-01  3.78986839e-01  6.27071592e-01
8.92349297e-01  4.71953384e-01  6.31035490e-01  9.59351327e-01  3.39937475e-01  6.50725343e-01
8.89492976e-01  4.80007580e-01  6.35505547e-01  9.58527313e-01  3.46720289e-01  6.54411935e-01
8.90044281e-01  4.81542904e-01  6.32636702e-01  9.58911901e-01  3.48819546e-01  6.51451716e-01
8.87158477e-01  4.92483867e-01  6.35332679e-01  9.58299377e-01  3.58371837e-01  6.53130196e-01
8.93326114e-01  4.91174387e-01  6.15239572e-01  9.61290154e-01  3.60957535e-01  6.33344663e-01
8.88065152e-01  4.89602589e-01  6.34124521e-01  9.58478170e-01  3.57314931e-01  6.52232619e-01
8.93385686e-01  4.69044107e-01  6.29405021e-01  9.59498873e-01  3.41203891e-01  6.49481120e-01
8.86892532e-01  7.88529659e-01  4.44331343e-01  9.74238137e-01  9.15810366e-01  4.20205798e-01
7.99516351e-01  6.43974082e-01  8.34887633e-01  9.23777666e-01  5.06343367e-01  8.40161757e-01
8.95859545e-01  4.85479017e-01  6.10334506e-01  9.62014891e-01  3.59303235e-01  6.29087176e-01
8.99047370e-01  4.77920750e-01  6.04416799e-01  9.62869928e-01  3.57429820e-01  6.24045797e-01
8.93787309e-01  7.06197471e-01  4.74372028e-01  9.79001282e-01  6.18074543e-01  4.59763255e-01
8.97187511e-01  4.77953552e-01  6.10710983e-01  9.62117999e-01  3.51908626e-01  6.30167044e-01
8.91274719e-01  4.72778184e-01  6.34148918e-01  9.58883236e-01  3.40001901e-01  6.53711557e-01
8.90070070e-01  5.03825750e-01  6.18082290e-01  9.60613121e-01  3.72429165e-01  6.34984874e-01
8.89212496e-01  4.89521675e-01  6.30281040e-01  9.59028744e-01  3.58371701e-01  6.48453547e-01
8.92031053e-01  4.68759331e-01  6.34189804e-01  9.58804760e-01  3.40024396e-01  6.54209447e-01
8.97619690e-01  4.82641031e-01  6.06200177e-01  9.62686485e-01  3.57326057e-01  6.25246451e-01
8.92766786e-01  4.81931001e-01  6.23139963e-01  9.60168504e-01  3.54197856e-01  6.42128145e-01
8.95726754e-01  4.75346782e-01  6.17363612e-01  9.61145428e-01  3.49255526e-01  6.37027780e-01
8.88106566e-01  5.02188897e-01  6.25812402e-01  9.59497854e-01  3.69495813e-01  6.42826551e-01
8.89396277e-01  4.95098447e-01  6.26036365e-01  9.59672971e-01  3.61201564e-01  6.43656516e-01
8.91359414e-01  5.06506858e-01  6.11963440e-01  9.61463505e-01  3.76250297e-01  6.28632598e-01
8.93280243e-01  4.74032512e-01  6.26524447e-01  9.59935946e-01  3.43583428e-01  6.46118380e-01
8.96042224e-01  4.78814001e-01  6.14041340e-01  9.61556928e-01  3.53361799e-01  6.33422472e-01
8.96555086e-01  4.77672669e-01  6.13040823e-01  9.61708721e-01  3.52929752e-01  6.32550904e-01
8.92319124e-01  4.91909735e-01  6.18181541e-01  9.60774490e-01  3.62694348e-01  6.36242161e-01
8.97750036e-01  4.78418680e-01  6.08498859e-01  9.62411460e-01  3.53353990e-01  6.27945091e-01
8.93564641e-01  4.71255275e-01  6.27361800e-01  9.59844940e-01  3.41423012e-01  6.47210560e-01
8.95914130e-01  4.87979638e-01  6.08525660e-01  9.62201991e-01  3.62766420e-01  6.27072121e-01
8.73907159e-01  7.37290261e-01  5.21690272e-01  9.66700385e-01  7.34093412e-01  5.11319853e-01
8.96459269e-01  4.79303921e-01  6.12307139e-01  9.61866581e-01  3.52606942e-01  6.31614717e-01
8.81120539e-01  5.88527368e-01  5.93777937e-01  9.61269298e-01  4.92608096e-01  6.02998661e-01
8.91159599e-01  4.97411267e-01  6.18547126e-01  9.60671187e-01  3.66324154e-01  6.36049929e-01
8.91173830e-01  4.80906178e-01  6.29214497e-01  9.59402461e-01  3.49483204e-01  6.48150012e-01
8.93949146e-01  4.85215813e-01  6.16992468e-01  9.61087039e-01  3.56547538e-01  6.35685327e-01
8.97093019e-01  4.75212654e-01  6.12811323e-01  9.61837523e-01  3.49539482e-01  6.32523239e-01
8.93514448e-01  5.04134063e-01  6.06186161e-01  9.62274717e-01  3.77424609e-01  6.23154660e-01
8.95698280e-01  4.70271437e-01  6.20755386e-01  9.60721109e-01  3.44518045e-01  6.40863891e-01
8.94040477e-01  4.81671974e-01  6.18983092e-01  9.60735481e-01  3.55977057e-01  6.38073817e-01
8.88279124e-01  5.04280632e-01  6.23868443e-01  9.59827318e-01  3.69787433e-01  6.40645381e-01
8.95319556e-01  4.76228794e-01  6.18173663e-01  9.60918400e-01  3.52125512e-01  6.37807759e-01
8.87505937e-01  5.02402405e-01  6.27713329e-01  9.59228993e-01  3.68932342e-01  6.44683146e-01
8.87699134e-01  5.04406073e-01  6.25756458e-01  9.59544003e-01  3.69577905e-01  6.42511316e-01
8.93594054e-01  4.67720227e-01  6.29556969e-01  9.59436977e-01  3.41564115e-01  6.49793178e-01
8.92126879e-01  4.91070303e-01  6.19379320e-01  9.60571648e-01  3.62714987e-01  6.37537915e-01
8.92982526e-01  4.84865331e-01  6.20502306e-01  9.60482862e-01  3.57825232e-01  6.39258458e-01
8.98717770e-01  4.72158300e-01  6.09277180e-01  9.62263714e-01  3.51126501e-01  6.29416872e-01
8.95434349e-01  4.91926143e-01  6.07592606e-01  9.62180667e-01  3.68658616e-01  6.25821583e-01
8.98465428e-01  4.74697114e-01  6.08485785e-01  9.62432474e-01  3.51178126e-01  6.28322636e-01
8.93987147e-01  4.88964970e-01  6.14429335e-01  9.61351276e-01  3.61532183e-01  6.32817456e-01
8.89345791e-01  4.82234599e-01  6.34559454e-01  9.58542061e-01  3.50897295e-01  6.53333930e-01
8.92245416e-01  4.88811833e-01  6.20443079e-01  9.60419270e-01  3.61377445e-01  6.38829868e-01
8.96857000e-01  4.75899143e-01  6.13167058e-01  9.61719146e-01  3.51390049e-01  6.32846565e-01
8.90382203e-01  4.95817529e-01  6.22221578e-01  9.60012466e-01  3.67710696e-01  6.39947171e-01
8.98237653e-01  4.80282834e-01  6.05632794e-01  9.62742237e-01  3.57025766e-01  6.24959673e-01
8.95272735e-01  4.78106764e-01  6.17113433e-01  9.61147275e-01  3.51402430e-01  6.36510464e-01
8.89122580e-01  4.87604343e-01  6.31831188e-01  9.58920865e-01  3.54299223e-01  6.50104097e-01
8.85535577e-01  5.03839256e-01  6.33471207e-01  9.58462819e-01  3.66415979e-01  6.50188279e-01
8.95731357e-01  4.77933029e-01  6.15668877e-01  9.61247927e-01  3.54332841e-01  6.35175150e-01
8.90209806e-01  4.91387508e-01  6.25683113e-01  9.59590897e-01  3.62885045e-01  6.43786412e-01
8.56334686e-01  1.99963677e-01  9.30227529e-01  9.21274645e-01  1.30532210e-01  9.44695924e-01
8.94283270e-01  4.98272781e-01  6.07380861e-01  9.62262582e-01  3.70427693e-01  6.24879835e-01
8.91049860e-01  4.91277762e-01  6.22901831e-01  9.60060085e-01  3.61928907e-01  6.41003114e-01
8.92845300e-01  4.96166018e-01  6.13631488e-01  9.61319419e-01  3.68637111e-01  6.31348926e-01
8.89736927e-01  5.01369020e-01  6.20808523e-01  9.60226319e-01  3.70372112e-01  6.37949348e-01
9.60264253e-01  2.87709594e-01  5.20335417e-01  9.76564795e-01  2.49405942e-01  5.62184616e-01
8.93854953e-01  4.91367295e-01  6.13318549e-01  9.61474863e-01  3.63837016e-01  6.31482369e-01
8.90482587e-01  4.96377953e-01  6.21516905e-01  9.60290138e-01  3.63868599e-01  6.39071335e-01
8.92383558e-01  4.87542012e-01  6.20798441e-01  9.60536084e-01  3.56612064e-01  6.39202833e-01
8.89100245e-01  4.95936430e-01  6.26497538e-01  9.59570510e-01  3.62326754e-01  6.44048581e-01
8.97810081e-01  4.83543478e-01  6.04967790e-01  9.62910318e-01  3.56975986e-01  6.23893665e-01
8.86823399e-01  4.99407810e-01  6.31975214e-01  9.58674761e-01  3.64960038e-01  6.49172107e-01
8.98977961e-01  4.78016251e-01  6.04590484e-01  9.62844067e-01  3.57445212e-01  6.24207991e-01
8.96489556e-01  4.77467829e-01  6.13396342e-01  9.61711996e-01  3.51411939e-01  6.32887262e-01
9.00135837e-01  4.74784455e-01  6.02756934e-01  9.63200022e-01  3.54229543e-01  6.22682726e-01
8.99501924e-01  4.73723106e-01  6.05598545e-01  9.62793868e-01  3.52858663e-01  6.25609729e-01
8.87718984e-01  5.01988330e-01  6.27258741e-01  9.59365518e-01  3.67142712e-01  6.44229105e-01
8.52161613e-01  5.05457044e-01  7.46047133e-01  9.40735945e-01  3.81035910e-01  7.60927110e-01
8.96048647e-01  4.76909796e-01  6.15255805e-01  9.61407846e-01  3.51534798e-01  6.34808532e-01
8.91938863e-01  4.86322740e-01  6.23100062e-01  9.60174428e-01  3.56168514e-01  6.41626188e-01
8.91946973e-01  4.78246888e-01  6.28315665e-01  9.59585289e-01  3.47242351e-01  6.47505313e-01
8.92238712e-01  4.77213764e-01  6.27995737e-01  9.59569216e-01  3.48386633e-01  6.47338962e-01
8.92447028e-01  5.03267116e-01  6.10373639e-01  9.61815364e-01  3.72240194e-01  6.27320636e-01
8.93874193e-01  4.96526164e-01  6.09903924e-01  9.61982370e-01  3.66835067e-01  6.27522394e-01
8.90884067e-01  4.72533797e-01  6.35634099e-01  9.58619385e-01  3.40750168e-01  6.55227193e-01
8.92053639e-01  4.91156811e-01  6.19571846e-01  9.60500227e-01  3.63764785e-01  6.37748699e-01
8.95306473e-01  4.89447782e-01  6.09635885e-01  9.62007199e-01  3.63971892e-01  6.28037298e-01
8.97502352e-01  4.74791523e-01  6.11694748e-01  9.61876166e-01  3.52627587e-01  6.31548395e-01
8.95117316e-01  4.77360317e-01  6.18125823e-01  9.61083876e-01  3.48783551e-01  6.37533566e-01
8.96626308e-01  4.84669823e-01  6.08256204e-01  9.62353840e-01  3.58562224e-01  6.27088309e-01
8.93555333e-01  4.95653788e-01  6.11553022e-01  9.61674474e-01  3.67655515e-01  6.29303436e-01
8.87997121e-01  4.98777347e-01  6.28398930e-01  9.59121005e-01  3.67349541e-01  6.45748219e-01
8.90050936e-01  4.98689599e-01  6.21481840e-01  9.60228468e-01  3.66549406e-01  6.38835587e-01
8.96856705e-01  4.84103073e-01  6.07841808e-01  9.62425917e-01  3.58117769e-01  6.26730803e-01
8.94728393e-01  4.69343305e-01  6.24651369e-01  9.60141702e-01  3.43551271e-01  6.44806651e-01
8.91135520e-01  4.82242468e-01  6.28477015e-01  9.59475416e-01  3.51077051e-01  6.47306970e-01
8.92653858e-01  4.82795153e-01  6.22962408e-01  9.60245706e-01  3.53372712e-01  6.41827405e-01
8.89144326e-01  4.88769580e-01  6.31000806e-01  9.58918398e-01  3.58011581e-01  6.49245872e-01
8.91307231e-01  4.84467381e-01  6.26449438e-01  9.59701718e-01  3.54202246e-01  6.45120129e-01
8.96489056e-01  4.75238790e-01  6.14845202e-01  9.61514807e-01  3.49723198e-01  6.34549229e-01
8.89368817e-01  4.85007809e-01  6.32680774e-01  9.58691226e-01  3.55557659e-01  6.51280243e-01
8.93515249e-01  4.87959734e-01  6.16684375e-01  9.61039004e-01  3.60131190e-01  6.35149582e-01
8.95793666e-01  4.92510980e-01  6.05992816e-01  9.62507653e-01  3.67057120e-01  6.24102023e-01
9.39523038e-01  3.29105661e-01  5.63888859e-01  9.70067981e-01  2.66321896e-01  5.99859024e-01
8.92554768e-01  4.69202432e-01  6.32123773e-01  9.59150713e-01  3.39540109e-01  6.52105234e-01
8.90248899e-01  4.89247197e-01  6.26939935e-01  9.59453369e-01  3.60529124e-01  6.45222923e-01
8.89811590e-01  4.89379295e-01  6.28339147e-01  9.59314944e-01  3.58670634e-01  6.46548065e-01
8.95484299e-01  4.76737072e-01  6.17284297e-01  9.61188283e-01  3.49138511e-01  6.36780545e-01
8.94374693e-01  4.89156929e-01  6.12988715e-01  9.61490325e-01  3.63697664e-01  6.31416038e-01
8.94463250e-01  4.95034139e-01  6.08872356e-01  9.62146465e-01  3.66072094e-01  6.26649856e-01
8.92957682e-01  5.06379190e-01  6.06619131e-01  9.62155545e-01  3.79725160e-01  6.23377141e-01
8.95665993e-01  4.77316042e-01  6.16291428e-01  9.61294943e-01  3.50554345e-01  6.35763298e-01
8.95083556e-01  4.68054416e-01  6.24282136e-01  9.60180913e-01  3.43415369e-01  6.44587225e-01
8.86840105e-01  4.91788876e-01  6.36864979e-01  9.58075847e-01  3.57734307e-01  6.54713559e-01
8.99718491e-01  4.76129487e-01  6.03300871e-01  9.63151219e-01  3.53983003e-01  6.23053694e-01
8.91826851e-01  4.79495979e-01  6.27912611e-01  9.59640780e-01  3.47960461e-01  6.46980437e-01
8.94251739e-01  4.89438209e-01  6.13223634e-01  9.61550377e-01  3.61473726e-01  6.31554595e-01
8.87421511e-01  4.92339257e-01  6.34533362e-01  9.58338584e-01  3.60374710e-01  6.52407239e-01
8.87572154e-01  4.90980396e-01  6.34904090e-01  9.58457842e-01  3.55465655e-01  6.52798354e-01
8.87222835e-01  4.94836699e-01  6.33586570e-01  9.58427990e-01  3.62868414e-01  6.51246849e-01
8.90241929e-01  5.01243881e-01  6.19174930e-01  9.60397651e-01  3.72347207e-01  6.36385753e-01
8.93307017e-01  4.82742037e-01  6.20779001e-01  9.60645911e-01  3.51848961e-01  6.39620057e-01
8.88104920e-01  5.06553204e-01  6.22984554e-01  9.59947697e-01  3.71239649e-01  6.39531601e-01
8.90612608e-01  5.06303343e-01  6.14631490e-01  9.61141012e-01  3.73843621e-01  6.31267038e-01
8.93222167e-01  4.97613731e-01  6.11411873e-01  9.61648614e-01  3.69726824e-01  6.28981581e-01
8.93903460e-01  4.86709509e-01  6.16177833e-01  9.61143742e-01  3.58930623e-01  6.34760670e-01
8.94023392e-01  4.73827346e-01  6.24134119e-01  9.60127579e-01  3.47833161e-01  6.43889069e-01
8.93583920e-01  4.89527307e-01  6.15433467e-01  9.61187150e-01  3.61978490e-01  6.33764742e-01
8.62013140e-01  5.80812816e-01  6.63669343e-01  9.51974507e-01  4.45159898e-01  6.73767740e-01
8.93058802e-01  5.04869354e-01  6.07256011e-01  9.62142382e-01  3.76909875e-01  6.24124376e-01
8.91583492e-01  5.00555578e-01  6.15066304e-01  9.61029729e-01  3.72253909e-01  6.32354863e-01
8.94619470e-01  4.86500508e-01  6.13882176e-01  9.61408715e-01  3.61080854e-01  6.32555423e-01
8.89778112e-01  4.95259090e-01  6.24635460e-01  9.59785611e-01  3.63837153e-01  6.42313749e-01
8.91822803e-01  4.79733476e-01  6.27772125e-01  9.59498600e-01  3.52065607e-01  6.46925565e-01
8.97590376e-01  4.83683552e-01  6.05622887e-01  9.62778783e-01  3.57755014e-01  6.24553648e-01
