8.28496817e-01  6.92787352e-01  7.19248527e-01
2.65565992e-01  8.30637249e-01  9.21913326e-01
7.25241721e-01  6.69291957e-01  2.50779692e-01
8.11609117e-01  3.89172388e-01  3.84375290e-01
6.23885029e-01  5.25929882e-01  7.57993248e-01
4.18600685e-01  7.68014793e-01  2.93444540e-01
3.98550196e-01  8.30408305e-01  4.85518725e-01
8.20404307e-01  5.12179806e-01  2.51841341e-01
3.76836009e-01  3.78433133e-01  7.56380002e-01
3.16257279e-01  3.53341329e-01  4.95675931e-01
2.77963191e-01  8.92456942e-01  8.72360831e-01
7.12093528e-01  3.05678610e-01  9.66992844e-01
3.38273063e-01  8.67206844e-01  9.68769103e-01
6.39072270e-01  9.74361949e-01  9.64041338e-01
7.73005374e-01  2.98072027e-01  9.37611089e-01
9.62938927e-01  9.22966878e-01  7.23695789e-01
9.61280758e-01  6.34666270e-01  2.77671847e-01
9.85550764e-01  3.78832871e-01  9.58135602e-01
8.82516257e-01  4.25996394e-01  9.87300313e-01
3.20632735e-01  3.19082259e-01  3.81292020e-01
7.32744217e-01  5.12179806e-01  5.27172200e-01
7.32998257e-01  5.63294185e-01  6.03099151e-01
7.27502400e-01  3.87859006e-01  5.95465137e-01
4.68166820e-01  5.09879399e-01  6.49230099e-01
4.05986703e-01  4.73387107e-01  5.30832443e-01
7.05837218e-01  4.90764075e-01  6.57320804e-01
7.25302197e-01  4.10426139e-01  4.98217425e-01
8.14291504e-01  5.87240711e-01  6.02975993e-01
5.30886903e-01  4.32251294e-01  7.51149654e-01
5.86786744e-01  6.19247126e-01  8.39104885e-01
7.80740057e-01  6.00042667e-01  4.01118920e-01
8.82258665e-01  5.72970441e-01  5.95166735e-01
9.11882095e-01  5.25929882e-01  6.52128955e-01
3.90345713e-01  4.92967571e-01  6.95539205e-01
6.94340186e-01  8.32990318e-01  5.80983635e-01
3.75486511e-01  7.16626514e-01  5.17043872e-01
7.18672483e-01  4.49945147e-01  3.88919822e-01
8.54536248e-01  7.00813270e-01  5.64727052e-01
7.71265801e-01  6.81751200e-01  8.37757973e-01
7.59153084e-01  3.72134847e-01  5.66917373e-01
3.14891163e-01  9.55117860e-01  7.48923674e-01
2.57057075e-01  4.09231017e-01  3.61163251e-01
8.83171189e-01  8.52276454e-01  9.73467498e-01
2.65229108e-01  6.09590400e-01  2.83142115e-01
3.58549466e-01  9.18125758e-01  8.91418489e-01
9.54346285e-01  2.84911139e-01  9.61303424e-01
3.19344021e-01  3.78035567e-01  9.33782168e-01
2.58278919e-01  7.85924943e-01  3.06146232e-01
2.85525241e-01  9.34751092e-01  9.76897461e-01
9.94150771e-01  4.61096520e-01  2.95622092e-01
8.81243262e-01  9.00527711e-01  7.79252373e-01
6.84910375e-01  8.63546242e-01  9.49277732e-01
8.68196883e-01  6.18580705e-01  2.70995955e-01
7.28512417e-01  9.79745219e-01  8.84768697e-01
7.60133287e-01  9.30360699e-01  8.95146878e-01
8.89548433e-01  2.85556591e-01  4.58687885e-01
9.40186939e-01  7.77344022e-01  9.24533740e-01
2.56639386e-01  3.66992769e-01  7.47893469e-01
3.80471564e-01  2.95021974e-01  7.81361226e-01
9.16806088e-01  3.92709292e-01  9.36877867e-01
5.13995411e-01  8.41511586e-01  3.16464500e-01
9.60224950e-01  7.02584044e-01  8.05087255e-01
8.45984658e-01  4.75707525e-01  9.31421689e-01
4.97614864e-01  6.90246827e-01  9.90236793e-01
9.40995230e-01  3.86129370e-01  7.88900645e-01
8.32864180e-01  8.19829702e-01  8.54783930e-01
2.52546021e-01  6.55872149e-01  6.22414855e-01
3.73584191e-01  6.08333221e-01  9.38026168e-01
9.93406732e-01  6.30110521e-01  7.13810651e-01
4.37944663e-01  3.54477724e-01  8.55946435e-01
