5.27607029e-01  8.23928226e-01  2.90216759e-01
3.61402852e-01  4.56224534e-01  7.79895677e-01
8.36316488e-01  9.08011938e-01  8.96467376e-01
6.29727482e-01  2.92573305e-01  9.88793455e-01
8.40715599e-01  3.07618079e-01  3.99942843e-01
8.83213968e-01  3.12393409e-01  3.58953438e-01
2.99801029e-01  3.59310886e-01  7.48235461e-01
2.63195668e-01  7.02918196e-01  8.65814789e-01
4.23571365e-01  7.59777439e-01  6.39335193e-01
4.77770697e-01  8.73766758e-01  9.26195049e-01
2.86152199e-01  3.12654263e-01  6.87685188e-01
4.24689262e-01  5.14298959e-01  2.53192320e-01
3.52684677e-01  8.67134590e-01  4.75812733e-01
9.02367615e-01  6.99928275e-01  3.53001571e-01
3.24515337e-01  6.77821068e-01  9.86500759e-01
4.48798172e-01  8.34755808e-01  3.18890608e-01
3.47867017e-01  2.69399726e-01  6.94736938e-01
9.77404661e-01  8.64899914e-01  4.08011695e-01
9.69456745e-01  5.99507510e-01  2.85765001e-01
3.36820758e-01  2.53697816e-01  8.94667107e-01
2.87062803e-01  4.30029959e-01  7.62531124e-01
9.03296138e-01  8.54358524e-01  4.55723922e-01
9.06829177e-01  5.23186119e-01  9.28964957e-01
9.81672203e-01  4.75092389e-01  3.22521543e-01
2.66657591e-01  8.70810284e-01  9.91286052e-01
4.37944663e-01  3.73584414e-01  2.97352295e-01
8.89471157e-01  3.90992366e-01  9.72808737e-01
2.60097471e-01  7.86623453e-01  6.55638496e-01
6.30705503e-01  4.49945147e-01  5.27993830e-01
8.71154987e-01  3.21754573e-01  7.05028543e-01
4.53547366e-01  3.30920615e-01  3.48264809e-01
7.26653726e-01  8.56390271e-01  5.47159931e-01
6.13197980e-01  2.56607709e-01  7.17703230e-01
5.50996226e-01  8.84455630e-01  9.17603470e-01
7.65618749e-01  6.94847295e-01  2.74621501e-01
5.58995544e-01  3.83282514e-01  9.83418778e-01
9.83245866e-01  3.80331784e-01  7.42922976e-01
6.30090882e-01  9.74305246e-01  3.79412555e-01
2.97513026e-01  2.73632547e-01  5.35193669e-01
9.71581721e-01  8.52629159e-01  9.60235563e-01
4.11957251e-01  5.18116155e-01  3.36139955e-01
8.46552481e-01  5.99235600e-01  9.99236851e-01
2.63178690e-01  6.29717764e-01  3.62650856e-01
3.53176363e-01  5.85299620e-01  9.79654468e-01
2.54987045e-01  7.16712031e-01  5.52226546e-01
5.59104606e-01  3.59622955e-01  9.90711289e-01
8.24173267e-01  3.95123870e-01  3.50097809e-01
9.94844994e-01  7.63387740e-01  2.98475049e-01
2.67377268e-01  3.30394957e-01  5.33353734e-01
6.46738837e-01  5.33327688e-01  8.11898514e-01
7.54878551e-01  8.77650776e-01  8.62854138e-01
8.05901887e-01  9.75799582e-01  5.49256693e-01
7.99444476e-01  4.22755214e-01  9.44592796e-01
3.62300351e-01  5.48965730e-01  3.28843901e-01
3.33178388e-01  3.92632288e-01  7.31883187e-01
9.90553624e-01  9.30543449e-01  9.17000328e-01
2.91439198e-01  4.78382218e-01  5.16370715e-01
9.63616106e-01  9.82783726e-01  8.91891520e-01
2.76730885e-01  2.91263930e-01  9.29046749e-01
3.98068211e-01  3.82173000e-01  8.81433918e-01
8.67982977e-01  4.08000054e-01  3.88290385e-01
3.42716628e-01  9.71634271e-01  3.12849299e-01
5.69335214e-01  8.62042712e-01  8.96413288e-01
3.28650416e-01  8.07434458e-01  3.72236594e-01
2.53914118e-01  6.21749163e-01  5.67006104e-01
2.78827080e-01  5.20860765e-01  3.00097594e-01
3.04009579e-01  4.89180360e-01  8.34189004e-01
7.76861943e-01  3.23425841e-01  9.41437737e-01
5.74069840e-01  2.50215660e-01  9.59800963e-01
5.07879058e-01  2.97025456e-01  8.40093410e-01
3.45510261e-01  4.11088109e-01  1.00003518e+00
2.54781815e-01  9.21789895e-01  2.54140104e-01
3.14258332e-01  8.98752045e-01  6.82092822e-01
8.54239610e-01  2.56694213e-01  3.56171327e-01
8.93452127e-01  9.37678367e-01  6.33892410e-01
3.44085108e-01  7.05875474e-01  9.94440923e-01
5.18517381e-01  7.38624240e-01  5.68708358e-01
8.17644159e-01  2.68861426e-01  5.05507878e-01
2.59782433e-01  5.85967557e-01  9.22479038e-01
9.07531953e-01  9.07448784e-01  8.01719829e-01
7.29727441e-01  9.63389321e-01  2.55407292e-01
2.51717326e-01  9.43225794e-01  4.14404992e-01
9.47429556e-01  9.27248511e-01  5.40366305e-01
9.63020310e-01  8.56195052e-01  7.21413508e-01
2.61644940e-01  9.80637750e-01  3.83705741e-01
3.06383936e-01  4.33832714e-01  9.18919553e-01
5.58885999e-01  4.24614264e-01  9.64974605e-01
9.33696805e-01  4.21976763e-01  4.66195431e-01
6.44232924e-01  3.33590382e-01  9.79089041e-01
5.91820123e-01  7.83845215e-01  9.76905188e-01
6.39265835e-01  3.75277871e-01  7.22217684e-01
7.15851321e-01  5.41774545e-01  6.34653599e-01
9.34251966e-01  5.51917686e-01  7.75865723e-01
4.56718217e-01  3.95778180e-01  3.11641975e-01
2.87069574e-01  8.15467337e-01  3.27483171e-01
4.57610263e-01  7.81181329e-01  9.70489610e-01
5.85805899e-01  7.31070541e-01  5.63355401e-01
4.40951423e-01  9.82514180e-01  4.65652560e-01
9.39683041e-01  2.87001459e-01  5.54385228e-01
4.42111791e-01  3.92456063e-01  2.98236172e-01
2.91703722e-01  7.56356285e-01  3.23277344e-01
2.89211864e-01  6.71516849e-01  8.84833663e-01
5.56362464e-01  2.62838310e-01  5.71366995e-01
6.02688354e-01  2.86608807e-01  3.52890615e-01
3.18303741e-01  9.63930611e-01  8.67624456e-01
8.64565369e-01  6.31619474e-01  9.05023701e-01
3.46593695e-01  5.27204284e-01  9.61814356e-01
8.30469018e-01  3.58798428e-01  9.84356502e-01
9.92978410e-01  9.52704620e-01  6.40657878e-01
8.40217560e-01  6.53723510e-01  2.61407040e-01
5.53684957e-01  8.28291081e-01  9.94818354e-01
3.56459372e-01  8.43570969e-01  4.06010738e-01
9.93311166e-01  3.08407065e-01  3.37939606e-01
5.55724212e-01  2.60632431e-01  7.95638356e-01
9.68985470e-01  8.00460288e-01  5.45820520e-01
4.81519247e-01  2.53044847e-01  5.55979154e-01
4.47820270e-01  5.81851256e-01  5.87914806e-01
2.73201662e-01  5.37015729e-01  2.82528122e-01
8.13571920e-01  6.88843465e-01  4.67129882e-01
9.17566154e-01  9.56115533e-01  6.75790921e-01
3.50929964e-01  5.77000864e-01  9.08209200e-01
3.03681620e-01  6.85371936e-01  9.86704843e-01
2.98830370e-01  6.92339429e-01  4.44360619e-01
2.84596444e-01  4.17112896e-01  7.58261700e-01
2.50342168e-01  6.47294206e-01  4.25604467e-01
7.52945775e-01  9.68245412e-01  3.06139563e-01
8.36950033e-01  3.39681084e-01  9.34096869e-01
9.73784077e-01  3.81787590e-01  6.77894089e-01
7.25302197e-01  7.13026506e-01  3.04263506e-01
9.05701591e-01  4.58733995e-01  2.61416104e-01
3.00628882e-01  9.04472816e-01  8.20514863e-01
8.30882145e-01  5.43247124e-01  3.01968963e-01
3.28720572e-01  3.97249305e-01  8.63203604e-01
7.18968493e-01  9.83291980e-01  4.26927985e-01
3.71046030e-01  7.91758051e-01  2.68599301e-01
9.94351623e-01  3.59990566e-01  9.44490538e-01
9.50881810e-01  2.76619736e-01  5.05018992e-01
7.68160419e-01  5.64580393e-01  9.59565059e-01
4.96869777e-01  4.24976873e-01  3.23401939e-01
7.21823741e-01  5.74377331e-01  3.41308290e-01
9.27910075e-01  6.56623612e-01  8.73202059e-01
9.75434614e-01  5.96615844e-01  9.84046313e-01
8.50942032e-01  5.89728705e-01  9.45183584e-01
3.46792347e-01  9.77229547e-01  5.07313253e-01
4.84264474e-01  9.73546010e-01  6.88245101e-01
8.86480497e-01  3.93354009e-01  7.96533234e-01
6.73034301e-01  3.44984645e-01  9.08130915e-01
5.56461176e-01  2.65415002e-01  3.92181529e-01
9.94571774e-01  2.82291338e-01  6.52687458e-01
9.53885894e-01  9.73964865e-01  6.07590980e-01
6.82978175e-01  2.77220001e-01  3.04866048e-01
6.60901018e-01  7.26865498e-01  3.37008553e-01
2.85347026e-01  9.16546771e-01  2.71888306e-01
7.42526965e-01  9.54767067e-01  7.18335406e-01
9.68058085e-01  7.93803244e-01  6.64425752e-01
3.67032181e-01  2.87224280e-01  4.18511602e-01
4.51255624e-01  3.51748363e-01  7.18587940e-01
3.11475971e-01  4.60339970e-01  9.02652219e-01
2.76600465e-01  2.90873004e-01  5.07933641e-01
8.55878230e-01  8.68091178e-01  2.85359518e-01
6.14321091e-01  8.68119337e-01  8.60283652e-01
4.61877122e-01  9.94537061e-01  4.99569172e-01
4.42571730e-01  4.02860440e-01  4.54546239e-01
3.08347771e-01  5.33405934e-01  8.86591135e-01
3.02735330e-01  8.98121588e-01  4.26381282e-01
9.63471126e-01  5.73326637e-01  2.74238854e-01
9.71788599e-01  7.18731268e-01  3.05820774e-01
7.01412948e-01  4.31707492e-01  9.38543219e-01
3.90110622e-01  9.69828214e-01  8.96936614e-01
9.78471987e-01  5.21788832e-01  3.00082875e-01
8.79508300e-01  8.77977630e-01  8.38521774e-01
3.47629815e-01  9.03715480e-01  9.10086988e-01
2.60195322e-01  6.39718460e-01  7.67013520e-01
6.91202209e-01  9.69524545e-01  8.62557408e-01
6.32824799e-01  9.70371151e-01  3.36285135e-01
9.83171495e-01  7.53259149e-01  4.25091208e-01
9.67641892e-01  9.27055356e-01  3.73478746e-01
3.46784219e-01  9.31260935e-01  9.57297017e-01
8.49972183e-01  9.22381698e-01  9.39670936e-01
8.75752174e-01  8.44557335e-01  9.94505433e-01
9.00608663e-01  9.39994342e-01  7.77346698e-01
5.84220609e-01  4.64000318e-01  4.95203759e-01
2.81969850e-01  9.63764053e-01  9.01636356e-01
3.63927648e-01  9.82653427e-01  6.48676676e-01
7.80310244e-01  2.92311359e-01  9.07640478e-01
7.56757441e-01  9.91817658e-01  2.51549811e-01
9.13906825e-01  5.97780106e-01  3.37017534e-01
9.65838078e-01  4.15775042e-01  7.60786084e-01
8.93285863e-01  4.37017847e-01  3.26874763e-01
8.02041964e-01  6.59966233e-01  8.80366703e-01
4.97509710e-01  7.78151385e-01  9.81186200e-01
9.96099821e-01  9.24049029e-01  4.10818809e-01
5.77276280e-01  2.70804142e-01  3.62157387e-01
4.26350589e-01  7.53346629e-01  9.18869360e-01
4.14713685e-01  3.30419892e-01  3.62998828e-01
2.86458050e-01  8.96843116e-01  9.81452470e-01
8.67449650e-01  9.89864820e-01  8.02888102e-01
8.95601096e-01  4.10657383e-01  4.36219524e-01
5.15183054e-01  9.30780008e-01  4.10000571e-01
3.31725040e-01  3.12365571e-01  6.45615493e-01
8.29996479e-01  9.48924001e-01  7.95920730e-01
9.49084773e-01  7.53752033e-01  9.95329140e-01
9.21551087e-01  8.89277907e-01  9.21745379e-01
5.62046864e-01  9.19817277e-01  9.08819539e-01
3.89410641e-01  3.32551751e-01  9.84453171e-01
6.87355884e-01  8.47250606e-01  9.54515083e-01
3.09475219e-01  2.61273574e-01  8.80888841e-01
9.13868179e-01  4.28581313e-01  2.96399432e-01
7.86957091e-01  4.08427136e-01  9.66497522e-01
4.19328098e-01  8.29644691e-01  8.89452390e-01
3.72225792e-01  4.33640093e-01  9.59292449e-01
9.91196957e-01  7.42643148e-01  5.20835778e-01
8.87270150e-01  3.96192087e-01  2.86203574e-01
2.51952715e-01  9.82409279e-01  8.98881047e-01
7.81103726e-01  7.25446502e-01  4.05419459e-01
7.86387494e-01  7.98798343e-01  9.70269916e-01
5.42943818e-01  4.54612329e-01  3.05643710e-01
3.61676944e-01  3.05270071e-01  4.08703879e-01
3.91866563e-01  7.88900848e-01  2.53183391e-01
2.61451210e-01  3.07272243e-01  7.12451850e-01
2.54020656e-01  6.85891193e-01  5.16955488e-01
9.17587434e-01  8.85378512e-01  3.53470279e-01
9.22428483e-01  7.95235839e-01  3.44460867e-01
7.89642492e-01  8.86871274e-01  3.62444344e-01
7.40491236e-01  3.37680780e-01  5.05072027e-01
7.91629218e-01  9.31654049e-01  2.54314111e-01
9.13781578e-01  8.30694267e-01  4.41620842e-01
9.65052388e-01  8.28842092e-01  3.89639127e-01
3.08670265e-01  4.94802855e-01  3.03389057e-01
8.61817788e-01  3.61743620e-01  7.98506751e-01
9.22011129e-01  4.86827861e-01  8.41125776e-01
8.35253713e-01  9.27187322e-01  2.93004222e-01
8.72253677e-01  9.24267874e-01  3.55772553e-01
9.58464851e-01  3.29446935e-01  6.90490308e-01
4.99711033e-01  3.41584208e-01  9.46898659e-01
3.09423592e-01  4.12457826e-01  4.16070494e-01
3.27325650e-01  9.34551666e-01  4.79370420e-01
3.51693342e-01  2.78161537e-01  8.45478237e-01
2.88078346e-01  7.69897279e-01  8.97325243e-01
7.32091936e-01  9.96132706e-01  8.88282572e-01
8.61020630e-01  3.24107055e-01  7.24941602e-01
9.69689710e-01  7.34740813e-01  4.07257979e-01
4.84096025e-01  9.53907624e-01  8.82198383e-01
6.33720532e-01  2.73311835e-01  9.47298071e-01
8.21202236e-01  2.55739084e-01  9.53776289e-01
3.49587711e-01  9.22456736e-01  4.73786794e-01
3.17582479e-01  7.15989626e-01  2.57855050e-01
5.55862575e-01  4.39068131e-01  2.55201870e-01
4.48845782e-01  9.89988819e-01  9.06686635e-01
3.07785514e-01  7.06512744e-01  3.14760815e-01
