3.816216216216E-15  1.145405405405E-14  2.681081081081E-15  2.200000000000E-15  7.000000000000E-22  3.000000000000E-44  3.200000000000E-45  5.200000000000E+00  5.300000000000E+01  1.3332E+02  1.444517257222E+22  3.296143669191E+21  7.873384362328E+21
2.464864864865E-15  1.145405405405E-14  2.681081081081E-15  2.200000000000E-15  7.000000000000E-22  3.000000000000E-44  3.200000000000E-45  5.200000000000E+00  5.300000000000E+01  1.3332E+02  1.542400771311E+22  2.264646890766E+21  7.926138203458E+21
2.464864864865E-15  1.145405405405E-14  4.843243243243E-15  2.200000000000E-15  7.000000000000E-22  3.000000000000E-44  3.200000000000E-45  5.200000000000E+00  5.300000000000E+01  1.3332E+02  1.267119684128E+22  1.794794503133E+21  1.114800611416E+22
2.464864864865E-15  8.526126126126E-15  4.843243243243E-15  2.200000000000E-15  7.000000000000E-22  3.000000000000E-44  3.200000000000E-45  5.200000000000E+00  5.300000000000E+01  1.3332E+02  1.242295664449E+22  2.120882592847E+21  1.107015779897E+22
5.627027027027E-15  1.287117117117E-14  5.734054054054E-15  2.200000000000E-15  7.000000000000E-22  3.000000000000E-44  3.200000000000E-45  5.200000000000E+00  5.300000000000E+01  1.3332E+02  1.070733351404E+22  3.204822009985E+21  1.170433338793E+22
5.627027027027E-15  9.943243243243E-15  5.734054054054E-15  2.200000000000E-15  7.000000000000E-22  3.000000000000E-44  3.200000000000E-45  5.200000000000E+00  5.300000000000E+01  1.3332E+02  1.036682210050E+22  3.688684778668E+21  1.156002078429E+22
4.275675675676E-15  9.943243243243E-15  5.734054054054E-15  2.200000000000E-15  7.000000000000E-22  3.000000000000E-44  3.200000000000E-45  5.200000000000E+00  5.300000000000E+01  1.3332E+02  1.090032068138E+22  2.930307859445E+21  1.178587672573E+22
4.275675675676E-15  9.943243243243E-15  3.571891891892E-15  2.200000000000E-15  7.000000000000E-22  3.000000000000E-44  3.200000000000E-45  5.200000000000E+00  5.300000000000E+01  1.3332E+02  1.285663912930E+22  3.559184480426E+21  9.199297308337E+21
5.713513513514E-15  5.598198198198E-15  5.094054054054E-15  2.200000000000E-15  7.000000000000E-22  3.000000000000E-44  3.200000000000E-45  5.200000000000E+00  5.300000000000E+01  1.3332E+02  9.951774955720E+21  5.063468774758E+21  1.059862641460E+22
5.713513513514E-15  5.598198198198E-15  7.256216216216E-15  2.200000000000E-15  7.000000000000E-22  3.000000000000E-44  3.200000000000E-45  5.200000000000E+00  5.300000000000E+01  1.3332E+02  8.758358614321E+21  4.332874607966E+21  1.252060787566E+22
5.713513513514E-15  8.526126126126E-15  7.256216216216E-15  2.200000000000E-15  7.000000000000E-22  3.000000000000E-44  3.200000000000E-45  5.200000000000E+00  5.300000000000E+01  1.3332E+03  1.666460004612E+23  8.482410135455E+21  8.102632996800E+22
4.362162162162E-15  8.526126126126E-15  7.256216216216E-15  2.200000000000E-15  7.000000000000E-22  3.000000000000E-44  3.200000000000E-45  5.200000000000E+00  5.300000000000E+01  1.3332E+03  1.686026677354E+23  6.489928295329E+21  8.106177856707E+22
8.648648648649E-16  9.252252252252E-15  5.414054054054E-15  2.200000000000E-15  7.000000000000E-22  3.000000000000E-44  3.200000000000E-45  5.200000000000E+00  5.300000000000E+01  1.3332E+03  1.857918430221E+23  1.509063327637E+21  6.884616249232E+22
2.216216216216E-15  9.252252252252E-15  5.414054054054E-15  2.200000000000E-15  7.000000000000E-22  3.000000000000E-44  3.200000000000E-45  5.200000000000E+00  5.300000000000E+01  1.3332E+03  1.834375283276E+23  3.855871108085E+21  6.885384451521E+22
2.216216216216E-15  9.252252252252E-15  3.251891891892E-15  2.200000000000E-15  7.000000000000E-22  3.000000000000E-44  3.200000000000E-45  5.200000000000E+00  5.300000000000E+01  1.3332E+03  1.997864386366E+23  5.077638348588E+21  5.127834469370E+22
2.216216216216E-15  6.324324324324E-15  3.251891891892E-15  2.200000000000E-15  7.000000000000E-22  3.000000000000E-44  3.200000000000E-45  5.200000000000E+00  5.300000000000E+01  1.3332E+03  1.996052366394E+23  5.252497160257E+21  5.128468859489E+22
1.783783783784E-15  8.514414414414E-15  2.923243243243E-15  2.200000000000E-15  7.000000000000E-22  3.000000000000E-44  3.200000000000E-45  5.200000000000E+00  5.300000000000E+01  1.3332E+03  2.036636359661E+23  4.373929113017E+21  4.810434681772E+22
1.783783783784E-15  5.586486486486E-15  2.923243243243E-15  2.200000000000E-15  7.000000000000E-22  3.000000000000E-44  3.200000000000E-45  5.200000000000E+00  5.300000000000E+01  1.3332E+03  2.034983420565E+23  4.532432463915E+21  4.811113697143E+22
1.783783783784E-15  5.586486486486E-15  5.085405405405E-15  2.200000000000E-15  7.000000000000E-22  3.000000000000E-44  3.200000000000E-45  5.200000000000E+00  5.300000000000E+01  1.3332E+03  1.863727235213E+23  3.331642853950E+21  6.644191876584E+22
3.135135135135E-15  5.586486486486E-15  5.085405405405E-15  2.200000000000E-15  7.000000000000E-22  3.000000000000E-44  3.200000000000E-45  5.200000000000E+00  5.300000000000E+01  1.3332E+03  1.838470394513E+23  5.838694457482E+21  6.646071263845E+22
